ref_area,sex,classif1,classif2,time,how_temp_sex_eco_edu_nb
mkd,sex_f,eco_aggregate_agr,edu_aggregate_adv,2006,38.92
mkd,sex_f,eco_aggregate_agr,edu_aggregate_adv,2007,37.99
mkd,sex_f,eco_aggregate_agr,edu_aggregate_adv,2008,37.72
mkd,sex_f,eco_aggregate_agr,edu_aggregate_adv,2009,39.66
mkd,sex_f,eco_aggregate_agr,edu_aggregate_adv,2010,36.87
mkd,sex_f,eco_aggregate_agr,edu_aggregate_adv,2011,38.76
mkd,sex_f,eco_aggregate_agr,edu_aggregate_adv,2012,38.18
mkd,sex_f,eco_aggregate_agr,edu_aggregate_adv,2013,42.23
mkd,sex_f,eco_aggregate_agr,edu_aggregate_adv,2014,38.11
mkd,sex_f,eco_aggregate_agr,edu_aggregate_adv,2015,37.71
mkd,sex_f,eco_aggregate_agr,edu_aggregate_adv,2016,35.67
mkd,sex_f,eco_aggregate_agr,edu_aggregate_adv,2017,40.06
mkd,sex_f,eco_aggregate_agr,edu_aggregate_adv,2018,39.88
mkd,sex_f,eco_aggregate_agr,edu_aggregate_adv,2019,36.52
mkd,sex_f,eco_aggregate_agr,edu_aggregate_adv,2020,32.4
mkd,sex_f,eco_aggregate_agr,edu_aggregate_adv,2021,40.88
mkd,sex_f,eco_aggregate_agr,edu_aggregate_adv,2022,39.51
mkd,sex_f,eco_aggregate_agr,edu_aggregate_adv,2024,37.93
mkd,sex_f,eco_aggregate_agr,edu_aggregate_bas,2006,39.87
mkd,sex_f,eco_aggregate_agr,edu_aggregate_bas,2007,39.93
mkd,sex_f,eco_aggregate_agr,edu_aggregate_bas,2008,36.6
mkd,sex_f,eco_aggregate_agr,edu_aggregate_bas,2009,35.18
mkd,sex_f,eco_aggregate_agr,edu_aggregate_bas,2010,34.29
mkd,sex_f,eco_aggregate_agr,edu_aggregate_bas,2011,38
mkd,sex_f,eco_aggregate_agr,edu_aggregate_bas,2012,37.93
mkd,sex_f,eco_aggregate_agr,edu_aggregate_bas,2013,40.16
mkd,sex_f,eco_aggregate_agr,edu_aggregate_bas,2014,41.94
mkd,sex_f,eco_aggregate_agr,edu_aggregate_bas,2015,43.75
mkd,sex_f,eco_aggregate_agr,edu_aggregate_bas,2016,38.18
mkd,sex_f,eco_aggregate_agr,edu_aggregate_bas,2017,42.35
mkd,sex_f,eco_aggregate_agr,edu_aggregate_bas,2018,41.96
mkd,sex_f,eco_aggregate_agr,edu_aggregate_bas,2019,36.43
mkd,sex_f,eco_aggregate_agr,edu_aggregate_bas,2020,35.55
mkd,sex_f,eco_aggregate_agr,edu_aggregate_bas,2021,36.76
mkd,sex_f,eco_aggregate_agr,edu_aggregate_bas,2022,36.51
mkd,sex_f,eco_aggregate_agr,edu_aggregate_bas,2024,35.69
mkd,sex_f,eco_aggregate_agr,edu_aggregate_int,2006,40.07
mkd,sex_f,eco_aggregate_agr,edu_aggregate_int,2007,38
mkd,sex_f,eco_aggregate_agr,edu_aggregate_int,2008,39.03
mkd,sex_f,eco_aggregate_agr,edu_aggregate_int,2009,38.18
mkd,sex_f,eco_aggregate_agr,edu_aggregate_int,2010,37.63
mkd,sex_f,eco_aggregate_agr,edu_aggregate_int,2011,36.04
mkd,sex_f,eco_aggregate_agr,edu_aggregate_int,2012,36.86
mkd,sex_f,eco_aggregate_agr,edu_aggregate_int,2013,41.93
mkd,sex_f,eco_aggregate_agr,edu_aggregate_int,2014,41.62
mkd,sex_f,eco_aggregate_agr,edu_aggregate_int,2015,43.28
mkd,sex_f,eco_aggregate_agr,edu_aggregate_int,2016,39.79
mkd,sex_f,eco_aggregate_agr,edu_aggregate_int,2017,41.05
mkd,sex_f,eco_aggregate_agr,edu_aggregate_int,2018,41.06
mkd,sex_f,eco_aggregate_agr,edu_aggregate_int,2019,38.89
mkd,sex_f,eco_aggregate_agr,edu_aggregate_int,2020,35.51
mkd,sex_f,eco_aggregate_agr,edu_aggregate_int,2021,35.41
mkd,sex_f,eco_aggregate_agr,edu_aggregate_int,2022,36.57
mkd,sex_f,eco_aggregate_agr,edu_aggregate_int,2024,38.15
mkd,sex_f,eco_aggregate_agr,edu_aggregate_ltb,2006,41.52
mkd,sex_f,eco_aggregate_agr,edu_aggregate_ltb,2007,39.55
mkd,sex_f,eco_aggregate_agr,edu_aggregate_ltb,2008,37.37
mkd,sex_f,eco_aggregate_agr,edu_aggregate_ltb,2009,33.62
mkd,sex_f,eco_aggregate_agr,edu_aggregate_ltb,2010,34.13
mkd,sex_f,eco_aggregate_agr,edu_aggregate_ltb,2011,38.82
mkd,sex_f,eco_aggregate_agr,edu_aggregate_ltb,2012,36.55
mkd,sex_f,eco_aggregate_agr,edu_aggregate_ltb,2013,40.89
mkd,sex_f,eco_aggregate_agr,edu_aggregate_ltb,2014,40.78
mkd,sex_f,eco_aggregate_agr,edu_aggregate_ltb,2015,41.99
mkd,sex_f,eco_aggregate_agr,edu_aggregate_ltb,2016,40.83
mkd,sex_f,eco_aggregate_agr,edu_aggregate_ltb,2017,41.47
mkd,sex_f,eco_aggregate_agr,edu_aggregate_ltb,2018,42.06
mkd,sex_f,eco_aggregate_agr,edu_aggregate_ltb,2019,36.56
mkd,sex_f,eco_aggregate_agr,edu_aggregate_ltb,2020,32.86
mkd,sex_f,eco_aggregate_agr,edu_aggregate_ltb,2021,35.4
mkd,sex_f,eco_aggregate_agr,edu_aggregate_ltb,2022,36.27
mkd,sex_f,eco_aggregate_agr,edu_aggregate_ltb,2024,36.05
mkd,sex_f,eco_aggregate_agr,edu_aggregate_total,2006,40.33
mkd,sex_f,eco_aggregate_agr,edu_aggregate_total,2007,39.39
mkd,sex_f,eco_aggregate_agr,edu_aggregate_total,2008,37.32
mkd,sex_f,eco_aggregate_agr,edu_aggregate_total,2009,35.51
mkd,sex_f,eco_aggregate_agr,edu_aggregate_total,2010,35.1
mkd,sex_f,eco_aggregate_agr,edu_aggregate_total,2011,37.76
mkd,sex_f,eco_aggregate_agr,edu_aggregate_total,2012,37.36
mkd,sex_f,eco_aggregate_agr,edu_aggregate_total,2013,40.9
mkd,sex_f,eco_aggregate_agr,edu_aggregate_total,2014,41.61
mkd,sex_f,eco_aggregate_agr,edu_aggregate_total,2015,43.22
mkd,sex_f,eco_aggregate_agr,edu_aggregate_total,2016,39
mkd,sex_f,eco_aggregate_agr,edu_aggregate_total,2017,41.67
mkd,sex_f,eco_aggregate_agr,edu_aggregate_total,2018,41.58
mkd,sex_f,eco_aggregate_agr,edu_aggregate_total,2019,37.43
mkd,sex_f,eco_aggregate_agr,edu_aggregate_total,2020,35.12
mkd,sex_f,eco_aggregate_agr,edu_aggregate_total,2021,36.34
mkd,sex_f,eco_aggregate_agr,edu_aggregate_total,2022,36.69
mkd,sex_f,eco_aggregate_agr,edu_aggregate_total,2024,36.75
mkd,sex_f,eco_aggregate_agr,edu_isced11_0,2006,41.83
mkd,sex_f,eco_aggregate_agr,edu_isced11_0,2007,40.92
mkd,sex_f,eco_aggregate_agr,edu_isced11_0,2008,37.23
mkd,sex_f,eco_aggregate_agr,edu_isced11_0,2009,33.64
mkd,sex_f,eco_aggregate_agr,edu_isced11_0,2010,34.27
mkd,sex_f,eco_aggregate_agr,edu_isced11_0,2011,39.51
mkd,sex_f,eco_aggregate_agr,edu_isced11_0,2012,36.64
mkd,sex_f,eco_aggregate_agr,edu_isced11_0,2013,41.12
mkd,sex_f,eco_aggregate_agr,edu_isced11_0,2014,40.44
mkd,sex_f,eco_aggregate_agr,edu_isced11_0,2015,42.48
mkd,sex_f,eco_aggregate_agr,edu_isced11_0,2016,40.76
mkd,sex_f,eco_aggregate_agr,edu_isced11_0,2017,41.69
mkd,sex_f,eco_aggregate_agr,edu_isced11_0,2018,41.91
mkd,sex_f,eco_aggregate_agr,edu_isced11_0,2019,37.41
mkd,sex_f,eco_aggregate_agr,edu_isced11_0,2020,32.48
mkd,sex_f,eco_aggregate_agr,edu_isced11_0,2021,34.45
mkd,sex_f,eco_aggregate_agr,edu_isced11_0,2022,35.48
mkd,sex_f,eco_aggregate_agr,edu_isced11_0,2024,36.79
mkd,sex_f,eco_aggregate_agr,edu_isced11_1,2006,39.81
mkd,sex_f,eco_aggregate_agr,edu_isced11_1,2007,39.98
mkd,sex_f,eco_aggregate_agr,edu_isced11_1,2008,36.72
mkd,sex_f,eco_aggregate_agr,edu_isced11_1,2009,35.2
mkd,sex_f,eco_aggregate_agr,edu_isced11_1,2010,34.18
mkd,sex_f,eco_aggregate_agr,edu_isced11_1,2011,38.02
mkd,sex_f,eco_aggregate_agr,edu_isced11_1,2012,37.92
mkd,sex_f,eco_aggregate_agr,edu_isced11_1,2013,40.12
mkd,sex_f,eco_aggregate_agr,edu_isced11_1,2014,41.93
mkd,sex_f,eco_aggregate_agr,edu_isced11_1,2015,43.73
mkd,sex_f,eco_aggregate_agr,edu_isced11_1,2016,38.25
mkd,sex_f,eco_aggregate_agr,edu_isced11_1,2017,42.35
mkd,sex_f,eco_aggregate_agr,edu_isced11_1,2018,41.98
mkd,sex_f,eco_aggregate_agr,edu_isced11_1,2019,36.3
mkd,sex_f,eco_aggregate_agr,edu_isced11_1,2020,35.6
mkd,sex_f,eco_aggregate_agr,edu_isced11_1,2021,36.76
mkd,sex_f,eco_aggregate_agr,edu_isced11_1,2022,36.51
mkd,sex_f,eco_aggregate_agr,edu_isced11_1,2024,35.63
mkd,sex_f,eco_aggregate_agr,edu_isced11_2,2006,44.39
mkd,sex_f,eco_aggregate_agr,edu_isced11_2,2007,38.63
mkd,sex_f,eco_aggregate_agr,edu_isced11_2,2008,30.65
mkd,sex_f,eco_aggregate_agr,edu_isced11_2,2009,33.04
mkd,sex_f,eco_aggregate_agr,edu_isced11_2,2010,44.8
mkd,sex_f,eco_aggregate_agr,edu_isced11_2,2016,32.43
mkd,sex_f,eco_aggregate_agr,edu_isced11_3,2006,40.07
mkd,sex_f,eco_aggregate_agr,edu_isced11_3,2007,38
mkd,sex_f,eco_aggregate_agr,edu_isced11_3,2008,39.03
mkd,sex_f,eco_aggregate_agr,edu_isced11_3,2009,38.18
mkd,sex_f,eco_aggregate_agr,edu_isced11_3,2010,37.63
mkd,sex_f,eco_aggregate_agr,edu_isced11_3,2011,36.04
mkd,sex_f,eco_aggregate_agr,edu_isced11_3,2012,36.86
mkd,sex_f,eco_aggregate_agr,edu_isced11_3,2013,41.93
mkd,sex_f,eco_aggregate_agr,edu_isced11_3,2014,41.62
mkd,sex_f,eco_aggregate_agr,edu_isced11_3,2015,43.28
mkd,sex_f,eco_aggregate_agr,edu_isced11_3,2016,39.79
mkd,sex_f,eco_aggregate_agr,edu_isced11_3,2017,41.05
mkd,sex_f,eco_aggregate_agr,edu_isced11_3,2018,41.06
mkd,sex_f,eco_aggregate_agr,edu_isced11_3,2019,38.89
mkd,sex_f,eco_aggregate_agr,edu_isced11_3,2020,35.51
mkd,sex_f,eco_aggregate_agr,edu_isced11_3,2021,35.41
mkd,sex_f,eco_aggregate_agr,edu_isced11_3,2022,36.55
mkd,sex_f,eco_aggregate_agr,edu_isced11_3,2024,38.59
mkd,sex_f,eco_aggregate_agr,edu_isced11_4,2024,36.82
mkd,sex_f,eco_aggregate_agr,edu_isced11_5,2006,39.64
mkd,sex_f,eco_aggregate_agr,edu_isced11_5,2007,33.16
mkd,sex_f,eco_aggregate_agr,edu_isced11_5,2008,32.58
mkd,sex_f,eco_aggregate_agr,edu_isced11_5,2009,39.9
mkd,sex_f,eco_aggregate_agr,edu_isced11_5,2010,33.58
mkd,sex_f,eco_aggregate_agr,edu_isced11_5,2011,38.07
mkd,sex_f,eco_aggregate_agr,edu_isced11_5,2012,36.89
mkd,sex_f,eco_aggregate_agr,edu_isced11_5,2013,40.17
mkd,sex_f,eco_aggregate_agr,edu_isced11_5,2015,31.38
mkd,sex_f,eco_aggregate_agr,edu_isced11_5,2016,32.96
mkd,sex_f,eco_aggregate_agr,edu_isced11_5,2017,42.2
mkd,sex_f,eco_aggregate_agr,edu_isced11_5,2019,35.87
mkd,sex_f,eco_aggregate_agr,edu_isced11_5,2020,17.42
mkd,sex_f,eco_aggregate_agr,edu_isced11_6,2006,38.36
mkd,sex_f,eco_aggregate_agr,edu_isced11_6,2007,43.06
mkd,sex_f,eco_aggregate_agr,edu_isced11_6,2008,40.3
mkd,sex_f,eco_aggregate_agr,edu_isced11_6,2009,39.54
mkd,sex_f,eco_aggregate_agr,edu_isced11_6,2010,39.12
mkd,sex_f,eco_aggregate_agr,edu_isced11_6,2011,39.14
mkd,sex_f,eco_aggregate_agr,edu_isced11_6,2012,39.22
mkd,sex_f,eco_aggregate_agr,edu_isced11_6,2013,43.38
mkd,sex_f,eco_aggregate_agr,edu_isced11_6,2014,38.72
mkd,sex_f,eco_aggregate_agr,edu_isced11_6,2015,39.96
mkd,sex_f,eco_aggregate_agr,edu_isced11_6,2016,36.64
mkd,sex_f,eco_aggregate_agr,edu_isced11_6,2017,39.2
mkd,sex_f,eco_aggregate_agr,edu_isced11_6,2018,39.64
mkd,sex_f,eco_aggregate_agr,edu_isced11_6,2019,36.86
mkd,sex_f,eco_aggregate_agr,edu_isced11_6,2020,35.97
mkd,sex_f,eco_aggregate_agr,edu_isced11_6,2021,40.93
mkd,sex_f,eco_aggregate_agr,edu_isced11_6,2022,39.42
mkd,sex_f,eco_aggregate_agr,edu_isced11_6,2024,37.91
mkd,sex_f,eco_aggregate_agr,edu_isced11_total,2006,40.33
mkd,sex_f,eco_aggregate_agr,edu_isced11_total,2007,39.39
mkd,sex_f,eco_aggregate_agr,edu_isced11_total,2008,37.32
mkd,sex_f,eco_aggregate_agr,edu_isced11_total,2009,35.51
mkd,sex_f,eco_aggregate_agr,edu_isced11_total,2010,35.1
mkd,sex_f,eco_aggregate_agr,edu_isced11_total,2011,37.76
mkd,sex_f,eco_aggregate_agr,edu_isced11_total,2012,37.36
mkd,sex_f,eco_aggregate_agr,edu_isced11_total,2013,40.9
mkd,sex_f,eco_aggregate_agr,edu_isced11_total,2014,41.61
mkd,sex_f,eco_aggregate_agr,edu_isced11_total,2015,43.22
mkd,sex_f,eco_aggregate_agr,edu_isced11_total,2016,39
mkd,sex_f,eco_aggregate_agr,edu_isced11_total,2017,41.67
mkd,sex_f,eco_aggregate_agr,edu_isced11_total,2018,41.58
mkd,sex_f,eco_aggregate_agr,edu_isced11_total,2019,37.43
mkd,sex_f,eco_aggregate_agr,edu_isced11_total,2020,35.12
mkd,sex_f,eco_aggregate_agr,edu_isced11_total,2021,36.34
mkd,sex_f,eco_aggregate_agr,edu_isced11_total,2022,36.69
mkd,sex_f,eco_aggregate_agr,edu_isced11_total,2024,36.75
mkd,sex_f,eco_aggregate_agr,edu_isced11_x,2006,38.34
mkd,sex_f,eco_aggregate_agr,edu_isced11_x,2007,35.06
mkd,sex_f,eco_aggregate_agr,edu_isced11_x,2008,38.22
mkd,sex_f,eco_aggregate_agr,edu_isced11_x,2009,33.42
mkd,sex_f,eco_aggregate_agr,edu_isced11_x,2010,33.16
mkd,sex_f,eco_aggregate_agr,edu_isced11_x,2011,33.29
mkd,sex_f,eco_aggregate_agr,edu_isced11_x,2012,35.86
mkd,sex_f,eco_aggregate_agr,edu_isced11_x,2013,39.2
mkd,sex_f,eco_aggregate_agr,edu_isced11_x,2014,43.22
mkd,sex_f,eco_aggregate_agr,edu_isced11_x,2015,38.7
mkd,sex_f,eco_aggregate_agr,edu_isced11_x,2016,41.34
mkd,sex_f,eco_aggregate_agr,edu_isced11_x,2017,40.13
mkd,sex_f,eco_aggregate_agr,edu_isced11_x,2018,44.54
mkd,sex_f,eco_aggregate_agr,edu_isced11_x,2019,32.64
mkd,sex_f,eco_aggregate_agr,edu_isced11_x,2020,34.27
mkd,sex_f,eco_aggregate_agr,edu_isced11_x,2021,39.65
mkd,sex_f,eco_aggregate_agr,edu_isced11_x,2022,39.22
mkd,sex_f,eco_aggregate_con,edu_aggregate_adv,2006,43.79
mkd,sex_f,eco_aggregate_con,edu_aggregate_adv,2007,40.34
mkd,sex_f,eco_aggregate_con,edu_aggregate_adv,2008,39.74
mkd,sex_f,eco_aggregate_con,edu_aggregate_adv,2009,41.78
mkd,sex_f,eco_aggregate_con,edu_aggregate_adv,2010,40.31
mkd,sex_f,eco_aggregate_con,edu_aggregate_adv,2011,41.13
mkd,sex_f,eco_aggregate_con,edu_aggregate_adv,2012,42.16
mkd,sex_f,eco_aggregate_con,edu_aggregate_adv,2013,39.32
mkd,sex_f,eco_aggregate_con,edu_aggregate_adv,2014,39.32
mkd,sex_f,eco_aggregate_con,edu_aggregate_adv,2015,36.81
mkd,sex_f,eco_aggregate_con,edu_aggregate_adv,2016,40.11
mkd,sex_f,eco_aggregate_con,edu_aggregate_adv,2017,39.11
mkd,sex_f,eco_aggregate_con,edu_aggregate_adv,2018,39.97
mkd,sex_f,eco_aggregate_con,edu_aggregate_adv,2019,39.49
mkd,sex_f,eco_aggregate_con,edu_aggregate_adv,2020,37.27
mkd,sex_f,eco_aggregate_con,edu_aggregate_adv,2021,39.91
mkd,sex_f,eco_aggregate_con,edu_aggregate_adv,2022,39.26
mkd,sex_f,eco_aggregate_con,edu_aggregate_adv,2024,37.7
mkd,sex_f,eco_aggregate_con,edu_aggregate_bas,2006,41.35
mkd,sex_f,eco_aggregate_con,edu_aggregate_bas,2007,40.87
mkd,sex_f,eco_aggregate_con,edu_aggregate_bas,2011,41.54
mkd,sex_f,eco_aggregate_con,edu_aggregate_bas,2018,43.3
mkd,sex_f,eco_aggregate_con,edu_aggregate_bas,2019,42.15
mkd,sex_f,eco_aggregate_con,edu_aggregate_bas,2021,34.99
mkd,sex_f,eco_aggregate_con,edu_aggregate_int,2006,41.74
mkd,sex_f,eco_aggregate_con,edu_aggregate_int,2007,40.84
mkd,sex_f,eco_aggregate_con,edu_aggregate_int,2008,40.07
mkd,sex_f,eco_aggregate_con,edu_aggregate_int,2009,40.13
mkd,sex_f,eco_aggregate_con,edu_aggregate_int,2010,41.41
mkd,sex_f,eco_aggregate_con,edu_aggregate_int,2011,42.59
mkd,sex_f,eco_aggregate_con,edu_aggregate_int,2012,37.55
mkd,sex_f,eco_aggregate_con,edu_aggregate_int,2013,41.71
mkd,sex_f,eco_aggregate_con,edu_aggregate_int,2014,41.36
mkd,sex_f,eco_aggregate_con,edu_aggregate_int,2015,39.04
mkd,sex_f,eco_aggregate_con,edu_aggregate_int,2016,39.28
mkd,sex_f,eco_aggregate_con,edu_aggregate_int,2017,40.12
mkd,sex_f,eco_aggregate_con,edu_aggregate_int,2018,39.3
mkd,sex_f,eco_aggregate_con,edu_aggregate_int,2019,35.55
mkd,sex_f,eco_aggregate_con,edu_aggregate_int,2020,33.17
mkd,sex_f,eco_aggregate_con,edu_aggregate_int,2021,38.96
mkd,sex_f,eco_aggregate_con,edu_aggregate_int,2022,39.68
mkd,sex_f,eco_aggregate_con,edu_aggregate_int,2024,36.97
mkd,sex_f,eco_aggregate_con,edu_aggregate_total,2006,42.37
mkd,sex_f,eco_aggregate_con,edu_aggregate_total,2007,40.71
mkd,sex_f,eco_aggregate_con,edu_aggregate_total,2008,40.3
mkd,sex_f,eco_aggregate_con,edu_aggregate_total,2009,41.09
mkd,sex_f,eco_aggregate_con,edu_aggregate_total,2010,41.48
mkd,sex_f,eco_aggregate_con,edu_aggregate_total,2011,41.91
mkd,sex_f,eco_aggregate_con,edu_aggregate_total,2012,41.08
mkd,sex_f,eco_aggregate_con,edu_aggregate_total,2013,39.97
mkd,sex_f,eco_aggregate_con,edu_aggregate_total,2014,40
mkd,sex_f,eco_aggregate_con,edu_aggregate_total,2015,38.11
mkd,sex_f,eco_aggregate_con,edu_aggregate_total,2016,39.77
mkd,sex_f,eco_aggregate_con,edu_aggregate_total,2017,39.43
mkd,sex_f,eco_aggregate_con,edu_aggregate_total,2018,39.87
mkd,sex_f,eco_aggregate_con,edu_aggregate_total,2019,38.2
mkd,sex_f,eco_aggregate_con,edu_aggregate_total,2020,35.26
mkd,sex_f,eco_aggregate_con,edu_aggregate_total,2021,39.19
mkd,sex_f,eco_aggregate_con,edu_aggregate_total,2022,38.75
mkd,sex_f,eco_aggregate_con,edu_aggregate_total,2024,37.35
mkd,sex_f,eco_aggregate_con,edu_isced11_1,2006,41.35
mkd,sex_f,eco_aggregate_con,edu_isced11_1,2007,40.87
mkd,sex_f,eco_aggregate_con,edu_isced11_1,2011,41.54
mkd,sex_f,eco_aggregate_con,edu_isced11_1,2018,43.3
mkd,sex_f,eco_aggregate_con,edu_isced11_1,2019,42.15
mkd,sex_f,eco_aggregate_con,edu_isced11_1,2021,34.99
mkd,sex_f,eco_aggregate_con,edu_isced11_3,2006,41.74
mkd,sex_f,eco_aggregate_con,edu_isced11_3,2007,40.84
mkd,sex_f,eco_aggregate_con,edu_isced11_3,2008,40.07
mkd,sex_f,eco_aggregate_con,edu_isced11_3,2009,40.13
mkd,sex_f,eco_aggregate_con,edu_isced11_3,2010,41.41
mkd,sex_f,eco_aggregate_con,edu_isced11_3,2011,42.59
mkd,sex_f,eco_aggregate_con,edu_isced11_3,2012,37.55
mkd,sex_f,eco_aggregate_con,edu_isced11_3,2013,41.71
mkd,sex_f,eco_aggregate_con,edu_isced11_3,2014,41.36
mkd,sex_f,eco_aggregate_con,edu_isced11_3,2015,39.04
mkd,sex_f,eco_aggregate_con,edu_isced11_3,2016,39.28
mkd,sex_f,eco_aggregate_con,edu_isced11_3,2017,40.12
mkd,sex_f,eco_aggregate_con,edu_isced11_3,2018,39.3
mkd,sex_f,eco_aggregate_con,edu_isced11_3,2019,35.55
mkd,sex_f,eco_aggregate_con,edu_isced11_3,2020,33.17
mkd,sex_f,eco_aggregate_con,edu_isced11_3,2021,38.92
mkd,sex_f,eco_aggregate_con,edu_isced11_3,2022,39.68
mkd,sex_f,eco_aggregate_con,edu_isced11_3,2024,35.8
mkd,sex_f,eco_aggregate_con,edu_isced11_4,2024,38.53
mkd,sex_f,eco_aggregate_con,edu_isced11_5,2007,40
mkd,sex_f,eco_aggregate_con,edu_isced11_6,2006,44.22
mkd,sex_f,eco_aggregate_con,edu_isced11_6,2007,40.38
mkd,sex_f,eco_aggregate_con,edu_isced11_6,2008,40.38
mkd,sex_f,eco_aggregate_con,edu_isced11_6,2009,41.86
mkd,sex_f,eco_aggregate_con,edu_isced11_6,2010,40.31
mkd,sex_f,eco_aggregate_con,edu_isced11_6,2011,41.03
mkd,sex_f,eco_aggregate_con,edu_isced11_6,2012,42.08
mkd,sex_f,eco_aggregate_con,edu_isced11_6,2013,39.41
mkd,sex_f,eco_aggregate_con,edu_isced11_6,2014,39.14
mkd,sex_f,eco_aggregate_con,edu_isced11_6,2015,36.58
mkd,sex_f,eco_aggregate_con,edu_isced11_6,2016,40.06
mkd,sex_f,eco_aggregate_con,edu_isced11_6,2017,39.72
mkd,sex_f,eco_aggregate_con,edu_isced11_6,2018,39.96
mkd,sex_f,eco_aggregate_con,edu_isced11_6,2019,39.66
mkd,sex_f,eco_aggregate_con,edu_isced11_6,2020,36.86
mkd,sex_f,eco_aggregate_con,edu_isced11_6,2021,39.9
mkd,sex_f,eco_aggregate_con,edu_isced11_6,2022,39.2
mkd,sex_f,eco_aggregate_con,edu_isced11_6,2024,38.01
mkd,sex_f,eco_aggregate_con,edu_isced11_7,2017,38.32
mkd,sex_f,eco_aggregate_con,edu_isced11_7,2018,40
mkd,sex_f,eco_aggregate_con,edu_isced11_7,2019,37.34
mkd,sex_f,eco_aggregate_con,edu_isced11_7,2024,35.73
mkd,sex_f,eco_aggregate_con,edu_isced11_total,2006,42.37
mkd,sex_f,eco_aggregate_con,edu_isced11_total,2007,40.71
mkd,sex_f,eco_aggregate_con,edu_isced11_total,2008,40.3
mkd,sex_f,eco_aggregate_con,edu_isced11_total,2009,41.09
mkd,sex_f,eco_aggregate_con,edu_isced11_total,2010,41.48
mkd,sex_f,eco_aggregate_con,edu_isced11_total,2011,41.91
mkd,sex_f,eco_aggregate_con,edu_isced11_total,2012,41.08
mkd,sex_f,eco_aggregate_con,edu_isced11_total,2013,39.97
mkd,sex_f,eco_aggregate_con,edu_isced11_total,2014,40
mkd,sex_f,eco_aggregate_con,edu_isced11_total,2015,38.11
mkd,sex_f,eco_aggregate_con,edu_isced11_total,2016,39.77
mkd,sex_f,eco_aggregate_con,edu_isced11_total,2017,39.43
mkd,sex_f,eco_aggregate_con,edu_isced11_total,2018,39.87
mkd,sex_f,eco_aggregate_con,edu_isced11_total,2019,38.2
mkd,sex_f,eco_aggregate_con,edu_isced11_total,2020,35.26
mkd,sex_f,eco_aggregate_con,edu_isced11_total,2021,39.19
mkd,sex_f,eco_aggregate_con,edu_isced11_total,2022,38.75
mkd,sex_f,eco_aggregate_con,edu_isced11_total,2024,37.35
mkd,sex_f,eco_aggregate_man,edu_aggregate_adv,2006,43.18
mkd,sex_f,eco_aggregate_man,edu_aggregate_adv,2007,42.99
mkd,sex_f,eco_aggregate_man,edu_aggregate_adv,2008,41.27
mkd,sex_f,eco_aggregate_man,edu_aggregate_adv,2009,40.96
mkd,sex_f,eco_aggregate_man,edu_aggregate_adv,2010,40.65
mkd,sex_f,eco_aggregate_man,edu_aggregate_adv,2011,40.7
mkd,sex_f,eco_aggregate_man,edu_aggregate_adv,2012,41.24
mkd,sex_f,eco_aggregate_man,edu_aggregate_adv,2013,40.97
mkd,sex_f,eco_aggregate_man,edu_aggregate_adv,2014,41.23
mkd,sex_f,eco_aggregate_man,edu_aggregate_adv,2015,40.86
mkd,sex_f,eco_aggregate_man,edu_aggregate_adv,2016,41.6
mkd,sex_f,eco_aggregate_man,edu_aggregate_adv,2017,42.02
mkd,sex_f,eco_aggregate_man,edu_aggregate_adv,2018,40.67
mkd,sex_f,eco_aggregate_man,edu_aggregate_adv,2019,39.78
mkd,sex_f,eco_aggregate_man,edu_aggregate_adv,2020,39.23
mkd,sex_f,eco_aggregate_man,edu_aggregate_adv,2021,40
mkd,sex_f,eco_aggregate_man,edu_aggregate_adv,2022,39.67
mkd,sex_f,eco_aggregate_man,edu_aggregate_adv,2024,37.95
mkd,sex_f,eco_aggregate_man,edu_aggregate_bas,2006,45.47
mkd,sex_f,eco_aggregate_man,edu_aggregate_bas,2007,44.37
mkd,sex_f,eco_aggregate_man,edu_aggregate_bas,2008,44.74
mkd,sex_f,eco_aggregate_man,edu_aggregate_bas,2009,43.82
mkd,sex_f,eco_aggregate_man,edu_aggregate_bas,2010,44.09
mkd,sex_f,eco_aggregate_man,edu_aggregate_bas,2011,43.72
mkd,sex_f,eco_aggregate_man,edu_aggregate_bas,2012,43.56
mkd,sex_f,eco_aggregate_man,edu_aggregate_bas,2013,43.14
mkd,sex_f,eco_aggregate_man,edu_aggregate_bas,2014,43.41
mkd,sex_f,eco_aggregate_man,edu_aggregate_bas,2015,42.17
mkd,sex_f,eco_aggregate_man,edu_aggregate_bas,2016,43.78
mkd,sex_f,eco_aggregate_man,edu_aggregate_bas,2017,44.11
mkd,sex_f,eco_aggregate_man,edu_aggregate_bas,2018,43.01
mkd,sex_f,eco_aggregate_man,edu_aggregate_bas,2019,42.24
mkd,sex_f,eco_aggregate_man,edu_aggregate_bas,2020,40.24
mkd,sex_f,eco_aggregate_man,edu_aggregate_bas,2021,39.53
mkd,sex_f,eco_aggregate_man,edu_aggregate_bas,2022,40.4
mkd,sex_f,eco_aggregate_man,edu_aggregate_bas,2024,39.35
mkd,sex_f,eco_aggregate_man,edu_aggregate_int,2006,44.74
mkd,sex_f,eco_aggregate_man,edu_aggregate_int,2007,44.51
mkd,sex_f,eco_aggregate_man,edu_aggregate_int,2008,44.77
mkd,sex_f,eco_aggregate_man,edu_aggregate_int,2009,43.61
mkd,sex_f,eco_aggregate_man,edu_aggregate_int,2010,43.52
mkd,sex_f,eco_aggregate_man,edu_aggregate_int,2011,43.62
mkd,sex_f,eco_aggregate_man,edu_aggregate_int,2012,43.25
mkd,sex_f,eco_aggregate_man,edu_aggregate_int,2013,42.96
mkd,sex_f,eco_aggregate_man,edu_aggregate_int,2014,42.26
mkd,sex_f,eco_aggregate_man,edu_aggregate_int,2015,42.01
mkd,sex_f,eco_aggregate_man,edu_aggregate_int,2016,42.71
mkd,sex_f,eco_aggregate_man,edu_aggregate_int,2017,42.87
mkd,sex_f,eco_aggregate_man,edu_aggregate_int,2018,42.12
mkd,sex_f,eco_aggregate_man,edu_aggregate_int,2019,41.37
mkd,sex_f,eco_aggregate_man,edu_aggregate_int,2020,40.22
mkd,sex_f,eco_aggregate_man,edu_aggregate_int,2021,40.43
mkd,sex_f,eco_aggregate_man,edu_aggregate_int,2022,40.77
mkd,sex_f,eco_aggregate_man,edu_aggregate_int,2024,38.64
mkd,sex_f,eco_aggregate_man,edu_aggregate_ltb,2006,45.96
mkd,sex_f,eco_aggregate_man,edu_aggregate_ltb,2007,42.28
mkd,sex_f,eco_aggregate_man,edu_aggregate_ltb,2008,43.81
mkd,sex_f,eco_aggregate_man,edu_aggregate_ltb,2009,39.96
mkd,sex_f,eco_aggregate_man,edu_aggregate_ltb,2010,42.56
mkd,sex_f,eco_aggregate_man,edu_aggregate_ltb,2011,44.11
mkd,sex_f,eco_aggregate_man,edu_aggregate_ltb,2012,43.9
mkd,sex_f,eco_aggregate_man,edu_aggregate_ltb,2013,41.59
mkd,sex_f,eco_aggregate_man,edu_aggregate_ltb,2015,44.44
mkd,sex_f,eco_aggregate_man,edu_aggregate_ltb,2016,41.27
mkd,sex_f,eco_aggregate_man,edu_aggregate_ltb,2017,39.03
mkd,sex_f,eco_aggregate_man,edu_aggregate_ltb,2018,42.38
mkd,sex_f,eco_aggregate_man,edu_aggregate_ltb,2019,43.34
mkd,sex_f,eco_aggregate_man,edu_aggregate_ltb,2020,41.87
mkd,sex_f,eco_aggregate_man,edu_aggregate_ltb,2022,41.64
mkd,sex_f,eco_aggregate_man,edu_aggregate_ltb,2024,38.62
mkd,sex_f,eco_aggregate_man,edu_aggregate_total,2006,44.78
mkd,sex_f,eco_aggregate_man,edu_aggregate_total,2007,44.32
mkd,sex_f,eco_aggregate_man,edu_aggregate_total,2008,44.44
mkd,sex_f,eco_aggregate_man,edu_aggregate_total,2009,43.38
mkd,sex_f,eco_aggregate_man,edu_aggregate_total,2010,43.38
mkd,sex_f,eco_aggregate_man,edu_aggregate_total,2011,43.35
mkd,sex_f,eco_aggregate_man,edu_aggregate_total,2012,43.12
mkd,sex_f,eco_aggregate_man,edu_aggregate_total,2013,42.8
mkd,sex_f,eco_aggregate_man,edu_aggregate_total,2014,42.39
mkd,sex_f,eco_aggregate_man,edu_aggregate_total,2015,41.92
mkd,sex_f,eco_aggregate_man,edu_aggregate_total,2016,42.71
mkd,sex_f,eco_aggregate_man,edu_aggregate_total,2017,42.91
mkd,sex_f,eco_aggregate_man,edu_aggregate_total,2018,42.03
mkd,sex_f,eco_aggregate_man,edu_aggregate_total,2019,41.29
mkd,sex_f,eco_aggregate_man,edu_aggregate_total,2020,40.12
mkd,sex_f,eco_aggregate_man,edu_aggregate_total,2021,40.23
mkd,sex_f,eco_aggregate_man,edu_aggregate_total,2022,40.57
mkd,sex_f,eco_aggregate_man,edu_aggregate_total,2024,38.71
mkd,sex_f,eco_aggregate_man,edu_isced11_0,2006,46.3
mkd,sex_f,eco_aggregate_man,edu_isced11_0,2007,42
mkd,sex_f,eco_aggregate_man,edu_isced11_0,2008,42.58
mkd,sex_f,eco_aggregate_man,edu_isced11_0,2009,39.02
mkd,sex_f,eco_aggregate_man,edu_isced11_0,2010,42.56
mkd,sex_f,eco_aggregate_man,edu_isced11_0,2011,44.11
mkd,sex_f,eco_aggregate_man,edu_isced11_0,2012,45.34
mkd,sex_f,eco_aggregate_man,edu_isced11_0,2013,41.59
mkd,sex_f,eco_aggregate_man,edu_isced11_0,2015,44.2
mkd,sex_f,eco_aggregate_man,edu_isced11_0,2016,41.84
mkd,sex_f,eco_aggregate_man,edu_isced11_0,2017,38.97
mkd,sex_f,eco_aggregate_man,edu_isced11_0,2018,42.73
mkd,sex_f,eco_aggregate_man,edu_isced11_0,2019,43.34
mkd,sex_f,eco_aggregate_man,edu_isced11_0,2020,42.28
mkd,sex_f,eco_aggregate_man,edu_isced11_0,2024,40.9
mkd,sex_f,eco_aggregate_man,edu_isced11_1,2006,45.42
mkd,sex_f,eco_aggregate_man,edu_isced11_1,2007,44.26
mkd,sex_f,eco_aggregate_man,edu_isced11_1,2008,44.69
mkd,sex_f,eco_aggregate_man,edu_isced11_1,2009,43.8
mkd,sex_f,eco_aggregate_man,edu_isced11_1,2010,43.93
mkd,sex_f,eco_aggregate_man,edu_isced11_1,2011,43.6
mkd,sex_f,eco_aggregate_man,edu_isced11_1,2012,43.63
mkd,sex_f,eco_aggregate_man,edu_isced11_1,2013,43.21
mkd,sex_f,eco_aggregate_man,edu_isced11_1,2014,43.42
mkd,sex_f,eco_aggregate_man,edu_isced11_1,2015,42.19
mkd,sex_f,eco_aggregate_man,edu_isced11_1,2016,43.83
mkd,sex_f,eco_aggregate_man,edu_isced11_1,2017,44.14
mkd,sex_f,eco_aggregate_man,edu_isced11_1,2018,43.04
mkd,sex_f,eco_aggregate_man,edu_isced11_1,2019,42.29
mkd,sex_f,eco_aggregate_man,edu_isced11_1,2020,40.24
mkd,sex_f,eco_aggregate_man,edu_isced11_1,2021,39.46
mkd,sex_f,eco_aggregate_man,edu_isced11_1,2022,40.23
mkd,sex_f,eco_aggregate_man,edu_isced11_1,2024,39.34
mkd,sex_f,eco_aggregate_man,edu_isced11_2,2006,47.44
mkd,sex_f,eco_aggregate_man,edu_isced11_2,2007,48.04
mkd,sex_f,eco_aggregate_man,edu_isced11_2,2008,46.78
mkd,sex_f,eco_aggregate_man,edu_isced11_2,2011,46.51
mkd,sex_f,eco_aggregate_man,edu_isced11_2,2012,42.01
mkd,sex_f,eco_aggregate_man,edu_isced11_2,2013,40.74
mkd,sex_f,eco_aggregate_man,edu_isced11_2,2016,41.75
mkd,sex_f,eco_aggregate_man,edu_isced11_2,2020,40
mkd,sex_f,eco_aggregate_man,edu_isced11_2,2022,46.15
mkd,sex_f,eco_aggregate_man,edu_isced11_3,2006,44.74
mkd,sex_f,eco_aggregate_man,edu_isced11_3,2007,44.51
mkd,sex_f,eco_aggregate_man,edu_isced11_3,2008,44.77
mkd,sex_f,eco_aggregate_man,edu_isced11_3,2009,43.61
mkd,sex_f,eco_aggregate_man,edu_isced11_3,2010,43.52
mkd,sex_f,eco_aggregate_man,edu_isced11_3,2011,43.62
mkd,sex_f,eco_aggregate_man,edu_isced11_3,2012,43.25
mkd,sex_f,eco_aggregate_man,edu_isced11_3,2013,42.96
mkd,sex_f,eco_aggregate_man,edu_isced11_3,2014,42.26
mkd,sex_f,eco_aggregate_man,edu_isced11_3,2015,42.01
mkd,sex_f,eco_aggregate_man,edu_isced11_3,2016,42.71
mkd,sex_f,eco_aggregate_man,edu_isced11_3,2017,42.87
mkd,sex_f,eco_aggregate_man,edu_isced11_3,2018,42.12
mkd,sex_f,eco_aggregate_man,edu_isced11_3,2019,41.37
mkd,sex_f,eco_aggregate_man,edu_isced11_3,2020,40.22
mkd,sex_f,eco_aggregate_man,edu_isced11_3,2021,40.43
mkd,sex_f,eco_aggregate_man,edu_isced11_3,2022,40.77
mkd,sex_f,eco_aggregate_man,edu_isced11_3,2024,38.65
mkd,sex_f,eco_aggregate_man,edu_isced11_4,2024,38.62
mkd,sex_f,eco_aggregate_man,edu_isced11_5,2006,45.42
mkd,sex_f,eco_aggregate_man,edu_isced11_5,2007,44.81
mkd,sex_f,eco_aggregate_man,edu_isced11_5,2008,41.35
mkd,sex_f,eco_aggregate_man,edu_isced11_5,2009,41.24
mkd,sex_f,eco_aggregate_man,edu_isced11_5,2010,40.72
mkd,sex_f,eco_aggregate_man,edu_isced11_5,2011,41.09
mkd,sex_f,eco_aggregate_man,edu_isced11_5,2012,42.35
mkd,sex_f,eco_aggregate_man,edu_isced11_5,2013,40.84
mkd,sex_f,eco_aggregate_man,edu_isced11_5,2014,42.73
mkd,sex_f,eco_aggregate_man,edu_isced11_5,2015,41.49
mkd,sex_f,eco_aggregate_man,edu_isced11_5,2016,45.99
mkd,sex_f,eco_aggregate_man,edu_isced11_5,2017,41.68
mkd,sex_f,eco_aggregate_man,edu_isced11_5,2018,41.3
mkd,sex_f,eco_aggregate_man,edu_isced11_5,2019,41.45
mkd,sex_f,eco_aggregate_man,edu_isced11_5,2020,35.91
mkd,sex_f,eco_aggregate_man,edu_isced11_5,2021,39.79
mkd,sex_f,eco_aggregate_man,edu_isced11_5,2022,40.48
mkd,sex_f,eco_aggregate_man,edu_isced11_5,2024,37.47
mkd,sex_f,eco_aggregate_man,edu_isced11_6,2006,41.99
mkd,sex_f,eco_aggregate_man,edu_isced11_6,2007,42.28
mkd,sex_f,eco_aggregate_man,edu_isced11_6,2008,40.91
mkd,sex_f,eco_aggregate_man,edu_isced11_6,2009,40.86
mkd,sex_f,eco_aggregate_man,edu_isced11_6,2010,40.84
mkd,sex_f,eco_aggregate_man,edu_isced11_6,2011,40.82
mkd,sex_f,eco_aggregate_man,edu_isced11_6,2012,40.99
mkd,sex_f,eco_aggregate_man,edu_isced11_6,2013,40.93
mkd,sex_f,eco_aggregate_man,edu_isced11_6,2014,41.08
mkd,sex_f,eco_aggregate_man,edu_isced11_6,2015,40.83
mkd,sex_f,eco_aggregate_man,edu_isced11_6,2016,40.73
mkd,sex_f,eco_aggregate_man,edu_isced11_6,2017,42.19
mkd,sex_f,eco_aggregate_man,edu_isced11_6,2018,40.66
mkd,sex_f,eco_aggregate_man,edu_isced11_6,2019,39.56
mkd,sex_f,eco_aggregate_man,edu_isced11_6,2020,39.6
mkd,sex_f,eco_aggregate_man,edu_isced11_6,2021,39.88
mkd,sex_f,eco_aggregate_man,edu_isced11_6,2022,39.29
mkd,sex_f,eco_aggregate_man,edu_isced11_6,2024,38.01
mkd,sex_f,eco_aggregate_man,edu_isced11_7,2010,37.38
mkd,sex_f,eco_aggregate_man,edu_isced11_7,2013,41.68
mkd,sex_f,eco_aggregate_man,edu_isced11_7,2014,39.13
mkd,sex_f,eco_aggregate_man,edu_isced11_7,2015,40.07
mkd,sex_f,eco_aggregate_man,edu_isced11_7,2016,40.27
mkd,sex_f,eco_aggregate_man,edu_isced11_7,2017,41.02
mkd,sex_f,eco_aggregate_man,edu_isced11_7,2018,39.52
mkd,sex_f,eco_aggregate_man,edu_isced11_7,2019,39.68
mkd,sex_f,eco_aggregate_man,edu_isced11_7,2020,40
mkd,sex_f,eco_aggregate_man,edu_isced11_7,2021,41.59
mkd,sex_f,eco_aggregate_man,edu_isced11_7,2022,42.53
mkd,sex_f,eco_aggregate_man,edu_isced11_7,2024,37.58
mkd,sex_f,eco_aggregate_man,edu_isced11_total,2006,44.78
mkd,sex_f,eco_aggregate_man,edu_isced11_total,2007,44.32
mkd,sex_f,eco_aggregate_man,edu_isced11_total,2008,44.44
mkd,sex_f,eco_aggregate_man,edu_isced11_total,2009,43.38
mkd,sex_f,eco_aggregate_man,edu_isced11_total,2010,43.38
mkd,sex_f,eco_aggregate_man,edu_isced11_total,2011,43.35
mkd,sex_f,eco_aggregate_man,edu_isced11_total,2012,43.12
mkd,sex_f,eco_aggregate_man,edu_isced11_total,2013,42.8
mkd,sex_f,eco_aggregate_man,edu_isced11_total,2014,42.39
mkd,sex_f,eco_aggregate_man,edu_isced11_total,2015,41.92
mkd,sex_f,eco_aggregate_man,edu_isced11_total,2016,42.71
mkd,sex_f,eco_aggregate_man,edu_isced11_total,2017,42.91
mkd,sex_f,eco_aggregate_man,edu_isced11_total,2018,42.03
mkd,sex_f,eco_aggregate_man,edu_isced11_total,2019,41.29
mkd,sex_f,eco_aggregate_man,edu_isced11_total,2020,40.12
mkd,sex_f,eco_aggregate_man,edu_isced11_total,2021,40.23
mkd,sex_f,eco_aggregate_man,edu_isced11_total,2022,40.57
mkd,sex_f,eco_aggregate_man,edu_isced11_total,2024,38.71
mkd,sex_f,eco_aggregate_man,edu_isced11_x,2008,46.52
mkd,sex_f,eco_aggregate_man,edu_isced11_x,2022,42.09
mkd,sex_f,eco_aggregate_mel,edu_aggregate_adv,2006,40
mkd,sex_f,eco_aggregate_mel,edu_aggregate_adv,2007,40.36
mkd,sex_f,eco_aggregate_mel,edu_aggregate_adv,2008,40.03
mkd,sex_f,eco_aggregate_mel,edu_aggregate_adv,2009,40.97
mkd,sex_f,eco_aggregate_mel,edu_aggregate_adv,2010,39.13
mkd,sex_f,eco_aggregate_mel,edu_aggregate_adv,2011,38.58
mkd,sex_f,eco_aggregate_mel,edu_aggregate_adv,2012,40.37
mkd,sex_f,eco_aggregate_mel,edu_aggregate_adv,2013,40
mkd,sex_f,eco_aggregate_mel,edu_aggregate_adv,2014,40
mkd,sex_f,eco_aggregate_mel,edu_aggregate_adv,2015,39.79
mkd,sex_f,eco_aggregate_mel,edu_aggregate_adv,2016,39.76
mkd,sex_f,eco_aggregate_mel,edu_aggregate_adv,2017,39.47
mkd,sex_f,eco_aggregate_mel,edu_aggregate_adv,2018,39.51
mkd,sex_f,eco_aggregate_mel,edu_aggregate_adv,2019,39.54
mkd,sex_f,eco_aggregate_mel,edu_aggregate_adv,2020,38.93
mkd,sex_f,eco_aggregate_mel,edu_aggregate_adv,2021,38.45
mkd,sex_f,eco_aggregate_mel,edu_aggregate_adv,2022,38.33
mkd,sex_f,eco_aggregate_mel,edu_aggregate_adv,2024,38.2
mkd,sex_f,eco_aggregate_mel,edu_aggregate_bas,2006,40
mkd,sex_f,eco_aggregate_mel,edu_aggregate_bas,2007,37.67
mkd,sex_f,eco_aggregate_mel,edu_aggregate_bas,2008,40
mkd,sex_f,eco_aggregate_mel,edu_aggregate_bas,2009,39.26
mkd,sex_f,eco_aggregate_mel,edu_aggregate_bas,2010,40
mkd,sex_f,eco_aggregate_mel,edu_aggregate_bas,2011,40.24
mkd,sex_f,eco_aggregate_mel,edu_aggregate_bas,2012,40.24
mkd,sex_f,eco_aggregate_mel,edu_aggregate_bas,2013,40
mkd,sex_f,eco_aggregate_mel,edu_aggregate_bas,2014,40.72
mkd,sex_f,eco_aggregate_mel,edu_aggregate_bas,2015,40
mkd,sex_f,eco_aggregate_mel,edu_aggregate_bas,2016,40
mkd,sex_f,eco_aggregate_mel,edu_aggregate_bas,2017,40
mkd,sex_f,eco_aggregate_mel,edu_aggregate_bas,2019,37.45
mkd,sex_f,eco_aggregate_mel,edu_aggregate_bas,2020,40
mkd,sex_f,eco_aggregate_mel,edu_aggregate_int,2006,39
mkd,sex_f,eco_aggregate_mel,edu_aggregate_int,2007,40.78
mkd,sex_f,eco_aggregate_mel,edu_aggregate_int,2008,40.08
mkd,sex_f,eco_aggregate_mel,edu_aggregate_int,2009,39.29
mkd,sex_f,eco_aggregate_mel,edu_aggregate_int,2010,40.48
mkd,sex_f,eco_aggregate_mel,edu_aggregate_int,2011,39.39
mkd,sex_f,eco_aggregate_mel,edu_aggregate_int,2012,40.13
mkd,sex_f,eco_aggregate_mel,edu_aggregate_int,2013,39.97
mkd,sex_f,eco_aggregate_mel,edu_aggregate_int,2014,39.17
mkd,sex_f,eco_aggregate_mel,edu_aggregate_int,2015,40.5
mkd,sex_f,eco_aggregate_mel,edu_aggregate_int,2016,39.82
mkd,sex_f,eco_aggregate_mel,edu_aggregate_int,2017,39.43
mkd,sex_f,eco_aggregate_mel,edu_aggregate_int,2018,38.99
mkd,sex_f,eco_aggregate_mel,edu_aggregate_int,2019,39.29
mkd,sex_f,eco_aggregate_mel,edu_aggregate_int,2020,37.72
mkd,sex_f,eco_aggregate_mel,edu_aggregate_int,2021,38.67
mkd,sex_f,eco_aggregate_mel,edu_aggregate_int,2022,39.25
mkd,sex_f,eco_aggregate_mel,edu_aggregate_int,2024,37.86
mkd,sex_f,eco_aggregate_mel,edu_aggregate_ltb,2016,34.58
mkd,sex_f,eco_aggregate_mel,edu_aggregate_ltb,2017,34.47
mkd,sex_f,eco_aggregate_mel,edu_aggregate_ltb,2018,21.35
mkd,sex_f,eco_aggregate_mel,edu_aggregate_ltb,2019,22.58
mkd,sex_f,eco_aggregate_mel,edu_aggregate_total,2006,39.29
mkd,sex_f,eco_aggregate_mel,edu_aggregate_total,2007,40.19
mkd,sex_f,eco_aggregate_mel,edu_aggregate_total,2008,40.06
mkd,sex_f,eco_aggregate_mel,edu_aggregate_total,2009,39.7
mkd,sex_f,eco_aggregate_mel,edu_aggregate_total,2010,40.04
mkd,sex_f,eco_aggregate_mel,edu_aggregate_total,2011,39.14
mkd,sex_f,eco_aggregate_mel,edu_aggregate_total,2012,40.31
mkd,sex_f,eco_aggregate_mel,edu_aggregate_total,2013,39.98
mkd,sex_f,eco_aggregate_mel,edu_aggregate_total,2014,39.7
mkd,sex_f,eco_aggregate_mel,edu_aggregate_total,2015,40.22
mkd,sex_f,eco_aggregate_mel,edu_aggregate_total,2016,39.54
mkd,sex_f,eco_aggregate_mel,edu_aggregate_total,2017,39.03
mkd,sex_f,eco_aggregate_mel,edu_aggregate_total,2018,38.54
mkd,sex_f,eco_aggregate_mel,edu_aggregate_total,2019,38.84
mkd,sex_f,eco_aggregate_mel,edu_aggregate_total,2020,38.19
mkd,sex_f,eco_aggregate_mel,edu_aggregate_total,2021,38.05
mkd,sex_f,eco_aggregate_mel,edu_aggregate_total,2022,38.1
mkd,sex_f,eco_aggregate_mel,edu_aggregate_total,2024,38.01
mkd,sex_f,eco_aggregate_mel,edu_isced11_1,2006,40
mkd,sex_f,eco_aggregate_mel,edu_isced11_1,2007,37.67
mkd,sex_f,eco_aggregate_mel,edu_isced11_1,2008,40
mkd,sex_f,eco_aggregate_mel,edu_isced11_1,2009,37.72
mkd,sex_f,eco_aggregate_mel,edu_isced11_1,2010,40
mkd,sex_f,eco_aggregate_mel,edu_isced11_1,2011,40.24
mkd,sex_f,eco_aggregate_mel,edu_isced11_1,2012,40.24
mkd,sex_f,eco_aggregate_mel,edu_isced11_1,2013,40
mkd,sex_f,eco_aggregate_mel,edu_isced11_1,2014,40.72
mkd,sex_f,eco_aggregate_mel,edu_isced11_1,2015,40
mkd,sex_f,eco_aggregate_mel,edu_isced11_1,2016,40
mkd,sex_f,eco_aggregate_mel,edu_isced11_1,2017,40
mkd,sex_f,eco_aggregate_mel,edu_isced11_1,2019,37.45
mkd,sex_f,eco_aggregate_mel,edu_isced11_1,2020,40
mkd,sex_f,eco_aggregate_mel,edu_isced11_3,2006,39
mkd,sex_f,eco_aggregate_mel,edu_isced11_3,2007,40.78
mkd,sex_f,eco_aggregate_mel,edu_isced11_3,2008,40.08
mkd,sex_f,eco_aggregate_mel,edu_isced11_3,2009,39.29
mkd,sex_f,eco_aggregate_mel,edu_isced11_3,2010,40.48
mkd,sex_f,eco_aggregate_mel,edu_isced11_3,2011,39.39
mkd,sex_f,eco_aggregate_mel,edu_isced11_3,2012,40.13
mkd,sex_f,eco_aggregate_mel,edu_isced11_3,2013,39.97
mkd,sex_f,eco_aggregate_mel,edu_isced11_3,2014,39.17
mkd,sex_f,eco_aggregate_mel,edu_isced11_3,2015,40.5
mkd,sex_f,eco_aggregate_mel,edu_isced11_3,2016,39.82
mkd,sex_f,eco_aggregate_mel,edu_isced11_3,2017,39.43
mkd,sex_f,eco_aggregate_mel,edu_isced11_3,2018,38.99
mkd,sex_f,eco_aggregate_mel,edu_isced11_3,2019,39.29
mkd,sex_f,eco_aggregate_mel,edu_isced11_3,2020,37.72
mkd,sex_f,eco_aggregate_mel,edu_isced11_3,2021,38.67
mkd,sex_f,eco_aggregate_mel,edu_isced11_3,2022,39.19
mkd,sex_f,eco_aggregate_mel,edu_isced11_3,2024,36.83
mkd,sex_f,eco_aggregate_mel,edu_isced11_4,2024,40.15
mkd,sex_f,eco_aggregate_mel,edu_isced11_5,2007,41.38
mkd,sex_f,eco_aggregate_mel,edu_isced11_5,2011,37.49
mkd,sex_f,eco_aggregate_mel,edu_isced11_5,2012,42
mkd,sex_f,eco_aggregate_mel,edu_isced11_5,2017,40
mkd,sex_f,eco_aggregate_mel,edu_isced11_5,2022,38.5
mkd,sex_f,eco_aggregate_mel,edu_isced11_6,2006,40
mkd,sex_f,eco_aggregate_mel,edu_isced11_6,2007,40
mkd,sex_f,eco_aggregate_mel,edu_isced11_6,2008,40.53
mkd,sex_f,eco_aggregate_mel,edu_isced11_6,2009,41.02
mkd,sex_f,eco_aggregate_mel,edu_isced11_6,2010,39.07
mkd,sex_f,eco_aggregate_mel,edu_isced11_6,2011,38.67
mkd,sex_f,eco_aggregate_mel,edu_isced11_6,2012,39.67
mkd,sex_f,eco_aggregate_mel,edu_isced11_6,2013,40
mkd,sex_f,eco_aggregate_mel,edu_isced11_6,2014,40
mkd,sex_f,eco_aggregate_mel,edu_isced11_6,2015,39.79
mkd,sex_f,eco_aggregate_mel,edu_isced11_6,2016,39.72
mkd,sex_f,eco_aggregate_mel,edu_isced11_6,2017,39.23
mkd,sex_f,eco_aggregate_mel,edu_isced11_6,2018,39.42
mkd,sex_f,eco_aggregate_mel,edu_isced11_6,2019,40
mkd,sex_f,eco_aggregate_mel,edu_isced11_6,2020,38.71
mkd,sex_f,eco_aggregate_mel,edu_isced11_6,2021,38.66
mkd,sex_f,eco_aggregate_mel,edu_isced11_6,2022,39.19
mkd,sex_f,eco_aggregate_mel,edu_isced11_6,2024,38.12
mkd,sex_f,eco_aggregate_mel,edu_isced11_7,2019,37.24
mkd,sex_f,eco_aggregate_mel,edu_isced11_7,2021,38.69
mkd,sex_f,eco_aggregate_mel,edu_isced11_7,2022,35.19
mkd,sex_f,eco_aggregate_mel,edu_isced11_7,2024,38.69
mkd,sex_f,eco_aggregate_mel,edu_isced11_total,2006,39.29
mkd,sex_f,eco_aggregate_mel,edu_isced11_total,2007,40.19
mkd,sex_f,eco_aggregate_mel,edu_isced11_total,2008,40.06
mkd,sex_f,eco_aggregate_mel,edu_isced11_total,2009,39.7
mkd,sex_f,eco_aggregate_mel,edu_isced11_total,2010,40.04
mkd,sex_f,eco_aggregate_mel,edu_isced11_total,2011,39.14
mkd,sex_f,eco_aggregate_mel,edu_isced11_total,2012,40.31
mkd,sex_f,eco_aggregate_mel,edu_isced11_total,2013,39.98
mkd,sex_f,eco_aggregate_mel,edu_isced11_total,2014,39.7
mkd,sex_f,eco_aggregate_mel,edu_isced11_total,2015,40.22
mkd,sex_f,eco_aggregate_mel,edu_isced11_total,2016,39.54
mkd,sex_f,eco_aggregate_mel,edu_isced11_total,2017,39.03
mkd,sex_f,eco_aggregate_mel,edu_isced11_total,2018,38.54
mkd,sex_f,eco_aggregate_mel,edu_isced11_total,2019,38.84
mkd,sex_f,eco_aggregate_mel,edu_isced11_total,2020,38.19
mkd,sex_f,eco_aggregate_mel,edu_isced11_total,2021,38.05
mkd,sex_f,eco_aggregate_mel,edu_isced11_total,2022,38.1
mkd,sex_f,eco_aggregate_mel,edu_isced11_total,2024,38.01
mkd,sex_f,eco_aggregate_mkt,edu_aggregate_adv,2006,42.17
mkd,sex_f,eco_aggregate_mkt,edu_aggregate_adv,2007,40.98
mkd,sex_f,eco_aggregate_mkt,edu_aggregate_adv,2008,41.58
mkd,sex_f,eco_aggregate_mkt,edu_aggregate_adv,2009,40.9
mkd,sex_f,eco_aggregate_mkt,edu_aggregate_adv,2010,41.1
mkd,sex_f,eco_aggregate_mkt,edu_aggregate_adv,2011,40.59
mkd,sex_f,eco_aggregate_mkt,edu_aggregate_adv,2012,40.3
mkd,sex_f,eco_aggregate_mkt,edu_aggregate_adv,2013,40.55
mkd,sex_f,eco_aggregate_mkt,edu_aggregate_adv,2014,40.71
mkd,sex_f,eco_aggregate_mkt,edu_aggregate_adv,2015,40.1
mkd,sex_f,eco_aggregate_mkt,edu_aggregate_adv,2016,39.62
mkd,sex_f,eco_aggregate_mkt,edu_aggregate_adv,2017,40.41
mkd,sex_f,eco_aggregate_mkt,edu_aggregate_adv,2018,40.13
mkd,sex_f,eco_aggregate_mkt,edu_aggregate_adv,2019,39.42
mkd,sex_f,eco_aggregate_mkt,edu_aggregate_adv,2020,38.45
mkd,sex_f,eco_aggregate_mkt,edu_aggregate_adv,2021,39.31
mkd,sex_f,eco_aggregate_mkt,edu_aggregate_adv,2022,39.28
mkd,sex_f,eco_aggregate_mkt,edu_aggregate_adv,2024,38.62
mkd,sex_f,eco_aggregate_mkt,edu_aggregate_bas,2006,42.12
mkd,sex_f,eco_aggregate_mkt,edu_aggregate_bas,2007,43.87
mkd,sex_f,eco_aggregate_mkt,edu_aggregate_bas,2008,42.76
mkd,sex_f,eco_aggregate_mkt,edu_aggregate_bas,2009,40.41
mkd,sex_f,eco_aggregate_mkt,edu_aggregate_bas,2010,41.62
mkd,sex_f,eco_aggregate_mkt,edu_aggregate_bas,2011,42.02
mkd,sex_f,eco_aggregate_mkt,edu_aggregate_bas,2012,38.29
mkd,sex_f,eco_aggregate_mkt,edu_aggregate_bas,2013,42.15
mkd,sex_f,eco_aggregate_mkt,edu_aggregate_bas,2014,40.94
mkd,sex_f,eco_aggregate_mkt,edu_aggregate_bas,2015,38.47
mkd,sex_f,eco_aggregate_mkt,edu_aggregate_bas,2016,39.84
mkd,sex_f,eco_aggregate_mkt,edu_aggregate_bas,2017,39.9
mkd,sex_f,eco_aggregate_mkt,edu_aggregate_bas,2018,40.32
mkd,sex_f,eco_aggregate_mkt,edu_aggregate_bas,2019,38.5
mkd,sex_f,eco_aggregate_mkt,edu_aggregate_bas,2020,37.09
mkd,sex_f,eco_aggregate_mkt,edu_aggregate_bas,2021,39.09
mkd,sex_f,eco_aggregate_mkt,edu_aggregate_bas,2022,38.84
mkd,sex_f,eco_aggregate_mkt,edu_aggregate_bas,2024,39.22
mkd,sex_f,eco_aggregate_mkt,edu_aggregate_int,2006,44.02
mkd,sex_f,eco_aggregate_mkt,edu_aggregate_int,2007,43.71
mkd,sex_f,eco_aggregate_mkt,edu_aggregate_int,2008,43.7
mkd,sex_f,eco_aggregate_mkt,edu_aggregate_int,2009,42.42
mkd,sex_f,eco_aggregate_mkt,edu_aggregate_int,2010,42.64
mkd,sex_f,eco_aggregate_mkt,edu_aggregate_int,2011,41.78
mkd,sex_f,eco_aggregate_mkt,edu_aggregate_int,2012,41.81
mkd,sex_f,eco_aggregate_mkt,edu_aggregate_int,2013,41.58
mkd,sex_f,eco_aggregate_mkt,edu_aggregate_int,2014,41.37
mkd,sex_f,eco_aggregate_mkt,edu_aggregate_int,2015,40.27
mkd,sex_f,eco_aggregate_mkt,edu_aggregate_int,2016,40.97
mkd,sex_f,eco_aggregate_mkt,edu_aggregate_int,2017,42.09
mkd,sex_f,eco_aggregate_mkt,edu_aggregate_int,2018,42.17
mkd,sex_f,eco_aggregate_mkt,edu_aggregate_int,2019,41.14
mkd,sex_f,eco_aggregate_mkt,edu_aggregate_int,2020,39.66
mkd,sex_f,eco_aggregate_mkt,edu_aggregate_int,2021,39.97
mkd,sex_f,eco_aggregate_mkt,edu_aggregate_int,2022,40.05
mkd,sex_f,eco_aggregate_mkt,edu_aggregate_int,2024,39.08
mkd,sex_f,eco_aggregate_mkt,edu_aggregate_ltb,2006,31.06
mkd,sex_f,eco_aggregate_mkt,edu_aggregate_ltb,2007,44.09
mkd,sex_f,eco_aggregate_mkt,edu_aggregate_ltb,2008,33.67
mkd,sex_f,eco_aggregate_mkt,edu_aggregate_ltb,2009,30.85
mkd,sex_f,eco_aggregate_mkt,edu_aggregate_ltb,2010,27.67
mkd,sex_f,eco_aggregate_mkt,edu_aggregate_ltb,2011,43.63
mkd,sex_f,eco_aggregate_mkt,edu_aggregate_ltb,2013,45.36
mkd,sex_f,eco_aggregate_mkt,edu_aggregate_ltb,2015,27.2
mkd,sex_f,eco_aggregate_mkt,edu_aggregate_ltb,2016,33.2
mkd,sex_f,eco_aggregate_mkt,edu_aggregate_ltb,2017,33.57
mkd,sex_f,eco_aggregate_mkt,edu_aggregate_ltb,2018,31.31
mkd,sex_f,eco_aggregate_mkt,edu_aggregate_ltb,2019,31.81
mkd,sex_f,eco_aggregate_mkt,edu_aggregate_ltb,2020,31.95
mkd,sex_f,eco_aggregate_mkt,edu_aggregate_ltb,2021,30.04
mkd,sex_f,eco_aggregate_mkt,edu_aggregate_ltb,2022,29.15
mkd,sex_f,eco_aggregate_mkt,edu_aggregate_ltb,2024,33.91
mkd,sex_f,eco_aggregate_mkt,edu_aggregate_total,2006,43.39
mkd,sex_f,eco_aggregate_mkt,edu_aggregate_total,2007,43.04
mkd,sex_f,eco_aggregate_mkt,edu_aggregate_total,2008,43.08
mkd,sex_f,eco_aggregate_mkt,edu_aggregate_total,2009,41.86
mkd,sex_f,eco_aggregate_mkt,edu_aggregate_total,2010,42.06
mkd,sex_f,eco_aggregate_mkt,edu_aggregate_total,2011,41.41
mkd,sex_f,eco_aggregate_mkt,edu_aggregate_total,2012,41.08
mkd,sex_f,eco_aggregate_mkt,edu_aggregate_total,2013,41.32
mkd,sex_f,eco_aggregate_mkt,edu_aggregate_total,2014,41.12
mkd,sex_f,eco_aggregate_mkt,edu_aggregate_total,2015,40.09
mkd,sex_f,eco_aggregate_mkt,edu_aggregate_total,2016,40.38
mkd,sex_f,eco_aggregate_mkt,edu_aggregate_total,2017,41.27
mkd,sex_f,eco_aggregate_mkt,edu_aggregate_total,2018,41.17
mkd,sex_f,eco_aggregate_mkt,edu_aggregate_total,2019,40.22
mkd,sex_f,eco_aggregate_mkt,edu_aggregate_total,2020,38.91
mkd,sex_f,eco_aggregate_mkt,edu_aggregate_total,2021,39.53
mkd,sex_f,eco_aggregate_mkt,edu_aggregate_total,2022,39.5
mkd,sex_f,eco_aggregate_mkt,edu_aggregate_total,2024,38.86
mkd,sex_f,eco_aggregate_mkt,edu_isced11_0,2006,31.06
mkd,sex_f,eco_aggregate_mkt,edu_isced11_0,2007,39.79
mkd,sex_f,eco_aggregate_mkt,edu_isced11_0,2008,36.88
mkd,sex_f,eco_aggregate_mkt,edu_isced11_0,2009,32.17
mkd,sex_f,eco_aggregate_mkt,edu_isced11_0,2013,47.71
mkd,sex_f,eco_aggregate_mkt,edu_isced11_0,2017,33.97
mkd,sex_f,eco_aggregate_mkt,edu_isced11_0,2018,28.94
mkd,sex_f,eco_aggregate_mkt,edu_isced11_0,2019,30.17
mkd,sex_f,eco_aggregate_mkt,edu_isced11_0,2020,26.77
mkd,sex_f,eco_aggregate_mkt,edu_isced11_0,2021,25.82
mkd,sex_f,eco_aggregate_mkt,edu_isced11_0,2022,26.99
mkd,sex_f,eco_aggregate_mkt,edu_isced11_1,2006,42.07
mkd,sex_f,eco_aggregate_mkt,edu_isced11_1,2007,43.93
mkd,sex_f,eco_aggregate_mkt,edu_isced11_1,2008,42.72
mkd,sex_f,eco_aggregate_mkt,edu_isced11_1,2009,40.31
mkd,sex_f,eco_aggregate_mkt,edu_isced11_1,2010,41.67
mkd,sex_f,eco_aggregate_mkt,edu_isced11_1,2011,41.96
mkd,sex_f,eco_aggregate_mkt,edu_isced11_1,2012,38.22
mkd,sex_f,eco_aggregate_mkt,edu_isced11_1,2013,42.15
mkd,sex_f,eco_aggregate_mkt,edu_isced11_1,2014,40.94
mkd,sex_f,eco_aggregate_mkt,edu_isced11_1,2015,38.46
mkd,sex_f,eco_aggregate_mkt,edu_isced11_1,2016,39.83
mkd,sex_f,eco_aggregate_mkt,edu_isced11_1,2017,39.9
mkd,sex_f,eco_aggregate_mkt,edu_isced11_1,2018,40.3
mkd,sex_f,eco_aggregate_mkt,edu_isced11_1,2019,38.41
mkd,sex_f,eco_aggregate_mkt,edu_isced11_1,2020,36.9
mkd,sex_f,eco_aggregate_mkt,edu_isced11_1,2021,39.09
mkd,sex_f,eco_aggregate_mkt,edu_isced11_1,2022,38.84
mkd,sex_f,eco_aggregate_mkt,edu_isced11_1,2024,39.22
mkd,sex_f,eco_aggregate_mkt,edu_isced11_2,2012,40
mkd,sex_f,eco_aggregate_mkt,edu_isced11_3,2006,44.02
mkd,sex_f,eco_aggregate_mkt,edu_isced11_3,2007,43.71
mkd,sex_f,eco_aggregate_mkt,edu_isced11_3,2008,43.7
mkd,sex_f,eco_aggregate_mkt,edu_isced11_3,2009,42.42
mkd,sex_f,eco_aggregate_mkt,edu_isced11_3,2010,42.64
mkd,sex_f,eco_aggregate_mkt,edu_isced11_3,2011,41.78
mkd,sex_f,eco_aggregate_mkt,edu_isced11_3,2012,41.81
mkd,sex_f,eco_aggregate_mkt,edu_isced11_3,2013,41.58
mkd,sex_f,eco_aggregate_mkt,edu_isced11_3,2014,41.37
mkd,sex_f,eco_aggregate_mkt,edu_isced11_3,2015,40.27
mkd,sex_f,eco_aggregate_mkt,edu_isced11_3,2016,40.97
mkd,sex_f,eco_aggregate_mkt,edu_isced11_3,2017,42.09
mkd,sex_f,eco_aggregate_mkt,edu_isced11_3,2018,42.17
mkd,sex_f,eco_aggregate_mkt,edu_isced11_3,2019,41.14
mkd,sex_f,eco_aggregate_mkt,edu_isced11_3,2020,39.66
mkd,sex_f,eco_aggregate_mkt,edu_isced11_3,2021,39.97
mkd,sex_f,eco_aggregate_mkt,edu_isced11_3,2022,40.05
mkd,sex_f,eco_aggregate_mkt,edu_isced11_3,2024,38.85
mkd,sex_f,eco_aggregate_mkt,edu_isced11_4,2024,39.85
mkd,sex_f,eco_aggregate_mkt,edu_isced11_5,2006,42.59
mkd,sex_f,eco_aggregate_mkt,edu_isced11_5,2007,41.19
mkd,sex_f,eco_aggregate_mkt,edu_isced11_5,2008,41.35
mkd,sex_f,eco_aggregate_mkt,edu_isced11_5,2009,40.1
mkd,sex_f,eco_aggregate_mkt,edu_isced11_5,2010,41.46
mkd,sex_f,eco_aggregate_mkt,edu_isced11_5,2011,41.84
mkd,sex_f,eco_aggregate_mkt,edu_isced11_5,2012,40.9
mkd,sex_f,eco_aggregate_mkt,edu_isced11_5,2013,40.7
mkd,sex_f,eco_aggregate_mkt,edu_isced11_5,2014,40.71
mkd,sex_f,eco_aggregate_mkt,edu_isced11_5,2015,40.95
mkd,sex_f,eco_aggregate_mkt,edu_isced11_5,2016,40.12
mkd,sex_f,eco_aggregate_mkt,edu_isced11_5,2017,43.36
mkd,sex_f,eco_aggregate_mkt,edu_isced11_5,2018,40.93
mkd,sex_f,eco_aggregate_mkt,edu_isced11_5,2019,40.93
mkd,sex_f,eco_aggregate_mkt,edu_isced11_5,2020,39.46
mkd,sex_f,eco_aggregate_mkt,edu_isced11_5,2021,40.13
mkd,sex_f,eco_aggregate_mkt,edu_isced11_5,2022,39.85
mkd,sex_f,eco_aggregate_mkt,edu_isced11_5,2024,38.92
mkd,sex_f,eco_aggregate_mkt,edu_isced11_6,2006,42.06
mkd,sex_f,eco_aggregate_mkt,edu_isced11_6,2007,40.95
mkd,sex_f,eco_aggregate_mkt,edu_isced11_6,2008,41.69
mkd,sex_f,eco_aggregate_mkt,edu_isced11_6,2009,41.11
mkd,sex_f,eco_aggregate_mkt,edu_isced11_6,2010,41.09
mkd,sex_f,eco_aggregate_mkt,edu_isced11_6,2011,40.29
mkd,sex_f,eco_aggregate_mkt,edu_isced11_6,2012,40.43
mkd,sex_f,eco_aggregate_mkt,edu_isced11_6,2013,40.58
mkd,sex_f,eco_aggregate_mkt,edu_isced11_6,2014,40.95
mkd,sex_f,eco_aggregate_mkt,edu_isced11_6,2015,39.96
mkd,sex_f,eco_aggregate_mkt,edu_isced11_6,2016,39.6
mkd,sex_f,eco_aggregate_mkt,edu_isced11_6,2017,40.41
mkd,sex_f,eco_aggregate_mkt,edu_isced11_6,2018,40.22
mkd,sex_f,eco_aggregate_mkt,edu_isced11_6,2019,39.3
mkd,sex_f,eco_aggregate_mkt,edu_isced11_6,2020,38.48
mkd,sex_f,eco_aggregate_mkt,edu_isced11_6,2021,39.26
mkd,sex_f,eco_aggregate_mkt,edu_isced11_6,2022,39.2
mkd,sex_f,eco_aggregate_mkt,edu_isced11_6,2024,38.75
mkd,sex_f,eco_aggregate_mkt,edu_isced11_7,2006,43.55
mkd,sex_f,eco_aggregate_mkt,edu_isced11_7,2007,40
mkd,sex_f,eco_aggregate_mkt,edu_isced11_7,2008,38.73
mkd,sex_f,eco_aggregate_mkt,edu_isced11_7,2009,39.87
mkd,sex_f,eco_aggregate_mkt,edu_isced11_7,2010,39.67
mkd,sex_f,eco_aggregate_mkt,edu_isced11_7,2011,42.63
mkd,sex_f,eco_aggregate_mkt,edu_isced11_7,2012,36.07
mkd,sex_f,eco_aggregate_mkt,edu_isced11_7,2013,39.5
mkd,sex_f,eco_aggregate_mkt,edu_isced11_7,2014,37.27
mkd,sex_f,eco_aggregate_mkt,edu_isced11_7,2015,40.38
mkd,sex_f,eco_aggregate_mkt,edu_isced11_7,2016,39.38
mkd,sex_f,eco_aggregate_mkt,edu_isced11_7,2017,40.3
mkd,sex_f,eco_aggregate_mkt,edu_isced11_7,2018,38.85
mkd,sex_f,eco_aggregate_mkt,edu_isced11_7,2019,39.7
mkd,sex_f,eco_aggregate_mkt,edu_isced11_7,2020,37.23
mkd,sex_f,eco_aggregate_mkt,edu_isced11_7,2021,39.37
mkd,sex_f,eco_aggregate_mkt,edu_isced11_7,2022,39.65
mkd,sex_f,eco_aggregate_mkt,edu_isced11_7,2024,37.97
mkd,sex_f,eco_aggregate_mkt,edu_isced11_8,2017,31.07
mkd,sex_f,eco_aggregate_mkt,edu_isced11_8,2022,40
mkd,sex_f,eco_aggregate_mkt,edu_isced11_8,2024,36.75
mkd,sex_f,eco_aggregate_mkt,edu_isced11_total,2006,43.39
mkd,sex_f,eco_aggregate_mkt,edu_isced11_total,2007,43.04
mkd,sex_f,eco_aggregate_mkt,edu_isced11_total,2008,43.08
mkd,sex_f,eco_aggregate_mkt,edu_isced11_total,2009,41.86
mkd,sex_f,eco_aggregate_mkt,edu_isced11_total,2010,42.06
mkd,sex_f,eco_aggregate_mkt,edu_isced11_total,2011,41.41
mkd,sex_f,eco_aggregate_mkt,edu_isced11_total,2012,41.08
mkd,sex_f,eco_aggregate_mkt,edu_isced11_total,2013,41.32
mkd,sex_f,eco_aggregate_mkt,edu_isced11_total,2014,41.12
mkd,sex_f,eco_aggregate_mkt,edu_isced11_total,2015,40.09
mkd,sex_f,eco_aggregate_mkt,edu_isced11_total,2016,40.38
mkd,sex_f,eco_aggregate_mkt,edu_isced11_total,2017,41.27
mkd,sex_f,eco_aggregate_mkt,edu_isced11_total,2018,41.17
mkd,sex_f,eco_aggregate_mkt,edu_isced11_total,2019,40.22
mkd,sex_f,eco_aggregate_mkt,edu_isced11_total,2020,38.91
mkd,sex_f,eco_aggregate_mkt,edu_isced11_total,2021,39.53
mkd,sex_f,eco_aggregate_mkt,edu_isced11_total,2022,39.5
mkd,sex_f,eco_aggregate_mkt,edu_isced11_total,2024,38.86
mkd,sex_f,eco_aggregate_mkt,edu_isced11_x,2008,31.64
mkd,sex_f,eco_aggregate_mkt,edu_isced11_x,2010,24.92
mkd,sex_f,eco_aggregate_mkt,edu_isced11_x,2011,37.68
mkd,sex_f,eco_aggregate_mkt,edu_isced11_x,2018,36.97
mkd,sex_f,eco_aggregate_mkt,edu_isced11_x,2019,34.87
mkd,sex_f,eco_aggregate_mkt,edu_isced11_x,2020,36.29
mkd,sex_f,eco_aggregate_mkt,edu_isced11_x,2021,37.67
mkd,sex_f,eco_aggregate_mkt,edu_isced11_x,2022,31.23
mkd,sex_f,eco_aggregate_pub,edu_aggregate_adv,2006,38.55
mkd,sex_f,eco_aggregate_pub,edu_aggregate_adv,2007,38.17
mkd,sex_f,eco_aggregate_pub,edu_aggregate_adv,2008,38.16
mkd,sex_f,eco_aggregate_pub,edu_aggregate_adv,2009,37.91
mkd,sex_f,eco_aggregate_pub,edu_aggregate_adv,2010,37.9
mkd,sex_f,eco_aggregate_pub,edu_aggregate_adv,2011,37.83
mkd,sex_f,eco_aggregate_pub,edu_aggregate_adv,2012,38.53
mkd,sex_f,eco_aggregate_pub,edu_aggregate_adv,2013,39.17
mkd,sex_f,eco_aggregate_pub,edu_aggregate_adv,2014,39.34
mkd,sex_f,eco_aggregate_pub,edu_aggregate_adv,2015,39.01
mkd,sex_f,eco_aggregate_pub,edu_aggregate_adv,2016,39.52
mkd,sex_f,eco_aggregate_pub,edu_aggregate_adv,2017,38.99
mkd,sex_f,eco_aggregate_pub,edu_aggregate_adv,2018,38.78
mkd,sex_f,eco_aggregate_pub,edu_aggregate_adv,2019,38.66
mkd,sex_f,eco_aggregate_pub,edu_aggregate_adv,2020,37.25
mkd,sex_f,eco_aggregate_pub,edu_aggregate_adv,2021,38.75
mkd,sex_f,eco_aggregate_pub,edu_aggregate_adv,2022,38.82
mkd,sex_f,eco_aggregate_pub,edu_aggregate_adv,2024,38.07
mkd,sex_f,eco_aggregate_pub,edu_aggregate_bas,2006,39.42
mkd,sex_f,eco_aggregate_pub,edu_aggregate_bas,2007,39.86
mkd,sex_f,eco_aggregate_pub,edu_aggregate_bas,2008,40.03
mkd,sex_f,eco_aggregate_pub,edu_aggregate_bas,2009,39.31
mkd,sex_f,eco_aggregate_pub,edu_aggregate_bas,2010,38.46
mkd,sex_f,eco_aggregate_pub,edu_aggregate_bas,2011,36.37
mkd,sex_f,eco_aggregate_pub,edu_aggregate_bas,2012,38.53
mkd,sex_f,eco_aggregate_pub,edu_aggregate_bas,2013,39.3
mkd,sex_f,eco_aggregate_pub,edu_aggregate_bas,2014,38.14
mkd,sex_f,eco_aggregate_pub,edu_aggregate_bas,2015,38.8
mkd,sex_f,eco_aggregate_pub,edu_aggregate_bas,2016,38.01
mkd,sex_f,eco_aggregate_pub,edu_aggregate_bas,2017,38.96
mkd,sex_f,eco_aggregate_pub,edu_aggregate_bas,2018,40.25
mkd,sex_f,eco_aggregate_pub,edu_aggregate_bas,2019,39.27
mkd,sex_f,eco_aggregate_pub,edu_aggregate_bas,2020,37.13
mkd,sex_f,eco_aggregate_pub,edu_aggregate_bas,2021,37.86
mkd,sex_f,eco_aggregate_pub,edu_aggregate_bas,2022,38.62
mkd,sex_f,eco_aggregate_pub,edu_aggregate_bas,2024,34.47
mkd,sex_f,eco_aggregate_pub,edu_aggregate_int,2006,40.39
mkd,sex_f,eco_aggregate_pub,edu_aggregate_int,2007,40.34
mkd,sex_f,eco_aggregate_pub,edu_aggregate_int,2008,40.3
mkd,sex_f,eco_aggregate_pub,edu_aggregate_int,2009,39.64
mkd,sex_f,eco_aggregate_pub,edu_aggregate_int,2010,40.12
mkd,sex_f,eco_aggregate_pub,edu_aggregate_int,2011,40.3
mkd,sex_f,eco_aggregate_pub,edu_aggregate_int,2012,40.25
mkd,sex_f,eco_aggregate_pub,edu_aggregate_int,2013,40.29
mkd,sex_f,eco_aggregate_pub,edu_aggregate_int,2014,39.65
mkd,sex_f,eco_aggregate_pub,edu_aggregate_int,2015,39.89
mkd,sex_f,eco_aggregate_pub,edu_aggregate_int,2016,40.05
mkd,sex_f,eco_aggregate_pub,edu_aggregate_int,2017,40.35
mkd,sex_f,eco_aggregate_pub,edu_aggregate_int,2018,40.1
mkd,sex_f,eco_aggregate_pub,edu_aggregate_int,2019,39.81
mkd,sex_f,eco_aggregate_pub,edu_aggregate_int,2020,38.11
mkd,sex_f,eco_aggregate_pub,edu_aggregate_int,2021,39.32
mkd,sex_f,eco_aggregate_pub,edu_aggregate_int,2022,39.44
mkd,sex_f,eco_aggregate_pub,edu_aggregate_int,2024,38.51
mkd,sex_f,eco_aggregate_pub,edu_aggregate_ltb,2006,44.15
mkd,sex_f,eco_aggregate_pub,edu_aggregate_ltb,2008,35.67
mkd,sex_f,eco_aggregate_pub,edu_aggregate_ltb,2009,42.03
mkd,sex_f,eco_aggregate_pub,edu_aggregate_ltb,2014,34.65
mkd,sex_f,eco_aggregate_pub,edu_aggregate_ltb,2015,44.55
mkd,sex_f,eco_aggregate_pub,edu_aggregate_ltb,2018,35.22
mkd,sex_f,eco_aggregate_pub,edu_aggregate_ltb,2019,36.96
mkd,sex_f,eco_aggregate_pub,edu_aggregate_ltb,2020,40
mkd,sex_f,eco_aggregate_pub,edu_aggregate_total,2006,39.4
mkd,sex_f,eco_aggregate_pub,edu_aggregate_total,2007,39.23
mkd,sex_f,eco_aggregate_pub,edu_aggregate_total,2008,39.26
mkd,sex_f,eco_aggregate_pub,edu_aggregate_total,2009,38.77
mkd,sex_f,eco_aggregate_pub,edu_aggregate_total,2010,38.88
mkd,sex_f,eco_aggregate_pub,edu_aggregate_total,2011,38.74
mkd,sex_f,eco_aggregate_pub,edu_aggregate_total,2012,39.17
mkd,sex_f,eco_aggregate_pub,edu_aggregate_total,2013,39.6
mkd,sex_f,eco_aggregate_pub,edu_aggregate_total,2014,39.35
mkd,sex_f,eco_aggregate_pub,edu_aggregate_total,2015,39.32
mkd,sex_f,eco_aggregate_pub,edu_aggregate_total,2016,39.65
mkd,sex_f,eco_aggregate_pub,edu_aggregate_total,2017,39.45
mkd,sex_f,eco_aggregate_pub,edu_aggregate_total,2018,39.33
mkd,sex_f,eco_aggregate_pub,edu_aggregate_total,2019,39.11
mkd,sex_f,eco_aggregate_pub,edu_aggregate_total,2020,37.55
mkd,sex_f,eco_aggregate_pub,edu_aggregate_total,2021,38.93
mkd,sex_f,eco_aggregate_pub,edu_aggregate_total,2022,39.03
mkd,sex_f,eco_aggregate_pub,edu_aggregate_total,2024,38.11
mkd,sex_f,eco_aggregate_pub,edu_isced11_0,2006,44.15
mkd,sex_f,eco_aggregate_pub,edu_isced11_0,2008,35.67
mkd,sex_f,eco_aggregate_pub,edu_isced11_0,2009,42.03
mkd,sex_f,eco_aggregate_pub,edu_isced11_1,2006,39.41
mkd,sex_f,eco_aggregate_pub,edu_isced11_1,2007,39.9
mkd,sex_f,eco_aggregate_pub,edu_isced11_1,2008,40.28
mkd,sex_f,eco_aggregate_pub,edu_isced11_1,2009,39.3
mkd,sex_f,eco_aggregate_pub,edu_isced11_1,2010,38.38
mkd,sex_f,eco_aggregate_pub,edu_isced11_1,2011,36.23
mkd,sex_f,eco_aggregate_pub,edu_isced11_1,2012,38.57
mkd,sex_f,eco_aggregate_pub,edu_isced11_1,2013,39.24
mkd,sex_f,eco_aggregate_pub,edu_isced11_1,2014,37.99
mkd,sex_f,eco_aggregate_pub,edu_isced11_1,2015,38.78
mkd,sex_f,eco_aggregate_pub,edu_isced11_1,2016,37.99
mkd,sex_f,eco_aggregate_pub,edu_isced11_1,2017,38.96
mkd,sex_f,eco_aggregate_pub,edu_isced11_1,2018,40.25
mkd,sex_f,eco_aggregate_pub,edu_isced11_1,2019,39.35
mkd,sex_f,eco_aggregate_pub,edu_isced11_1,2020,37.13
mkd,sex_f,eco_aggregate_pub,edu_isced11_1,2021,37.83
mkd,sex_f,eco_aggregate_pub,edu_isced11_1,2022,38.57
mkd,sex_f,eco_aggregate_pub,edu_isced11_1,2024,34.47
mkd,sex_f,eco_aggregate_pub,edu_isced11_2,2008,35.01
mkd,sex_f,eco_aggregate_pub,edu_isced11_2,2010,40
mkd,sex_f,eco_aggregate_pub,edu_isced11_2,2012,38.03
mkd,sex_f,eco_aggregate_pub,edu_isced11_3,2006,40.39
mkd,sex_f,eco_aggregate_pub,edu_isced11_3,2007,40.34
mkd,sex_f,eco_aggregate_pub,edu_isced11_3,2008,40.3
mkd,sex_f,eco_aggregate_pub,edu_isced11_3,2009,39.64
mkd,sex_f,eco_aggregate_pub,edu_isced11_3,2010,40.12
mkd,sex_f,eco_aggregate_pub,edu_isced11_3,2011,40.3
mkd,sex_f,eco_aggregate_pub,edu_isced11_3,2012,40.25
mkd,sex_f,eco_aggregate_pub,edu_isced11_3,2013,40.29
mkd,sex_f,eco_aggregate_pub,edu_isced11_3,2014,39.65
mkd,sex_f,eco_aggregate_pub,edu_isced11_3,2015,39.89
mkd,sex_f,eco_aggregate_pub,edu_isced11_3,2016,40.05
mkd,sex_f,eco_aggregate_pub,edu_isced11_3,2017,40.35
mkd,sex_f,eco_aggregate_pub,edu_isced11_3,2018,40.1
mkd,sex_f,eco_aggregate_pub,edu_isced11_3,2019,39.81
mkd,sex_f,eco_aggregate_pub,edu_isced11_3,2020,38.18
mkd,sex_f,eco_aggregate_pub,edu_isced11_3,2021,39.35
mkd,sex_f,eco_aggregate_pub,edu_isced11_3,2022,39.49
mkd,sex_f,eco_aggregate_pub,edu_isced11_3,2024,38.35
mkd,sex_f,eco_aggregate_pub,edu_isced11_4,2024,39.33
mkd,sex_f,eco_aggregate_pub,edu_isced11_5,2006,37.51
mkd,sex_f,eco_aggregate_pub,edu_isced11_5,2007,38.59
mkd,sex_f,eco_aggregate_pub,edu_isced11_5,2008,37.37
mkd,sex_f,eco_aggregate_pub,edu_isced11_5,2009,38.18
mkd,sex_f,eco_aggregate_pub,edu_isced11_5,2010,38.08
mkd,sex_f,eco_aggregate_pub,edu_isced11_5,2011,38.54
mkd,sex_f,eco_aggregate_pub,edu_isced11_5,2012,38.79
mkd,sex_f,eco_aggregate_pub,edu_isced11_5,2013,39.63
mkd,sex_f,eco_aggregate_pub,edu_isced11_5,2014,39.55
mkd,sex_f,eco_aggregate_pub,edu_isced11_5,2015,39.55
mkd,sex_f,eco_aggregate_pub,edu_isced11_5,2016,40.54
mkd,sex_f,eco_aggregate_pub,edu_isced11_5,2017,39.55
mkd,sex_f,eco_aggregate_pub,edu_isced11_5,2018,39.32
mkd,sex_f,eco_aggregate_pub,edu_isced11_5,2019,40.02
mkd,sex_f,eco_aggregate_pub,edu_isced11_5,2020,37.97
mkd,sex_f,eco_aggregate_pub,edu_isced11_5,2021,40.3
mkd,sex_f,eco_aggregate_pub,edu_isced11_5,2022,39.4
mkd,sex_f,eco_aggregate_pub,edu_isced11_5,2024,38.21
mkd,sex_f,eco_aggregate_pub,edu_isced11_6,2006,38.88
mkd,sex_f,eco_aggregate_pub,edu_isced11_6,2007,37.97
mkd,sex_f,eco_aggregate_pub,edu_isced11_6,2008,38.33
mkd,sex_f,eco_aggregate_pub,edu_isced11_6,2009,37.92
mkd,sex_f,eco_aggregate_pub,edu_isced11_6,2010,37.77
mkd,sex_f,eco_aggregate_pub,edu_isced11_6,2011,37.68
mkd,sex_f,eco_aggregate_pub,edu_isced11_6,2012,38.63
mkd,sex_f,eco_aggregate_pub,edu_isced11_6,2013,39.16
mkd,sex_f,eco_aggregate_pub,edu_isced11_6,2014,39.27
mkd,sex_f,eco_aggregate_pub,edu_isced11_6,2015,39.13
mkd,sex_f,eco_aggregate_pub,edu_isced11_6,2016,39.43
mkd,sex_f,eco_aggregate_pub,edu_isced11_6,2017,39.03
mkd,sex_f,eco_aggregate_pub,edu_isced11_6,2018,38.7
mkd,sex_f,eco_aggregate_pub,edu_isced11_6,2019,38.53
mkd,sex_f,eco_aggregate_pub,edu_isced11_6,2020,37.02
mkd,sex_f,eco_aggregate_pub,edu_isced11_6,2021,38.59
mkd,sex_f,eco_aggregate_pub,edu_isced11_6,2022,38.65
mkd,sex_f,eco_aggregate_pub,edu_isced11_6,2024,38.23
mkd,sex_f,eco_aggregate_pub,edu_isced11_7,2006,38.62
mkd,sex_f,eco_aggregate_pub,edu_isced11_7,2007,40.08
mkd,sex_f,eco_aggregate_pub,edu_isced11_7,2008,37.25
mkd,sex_f,eco_aggregate_pub,edu_isced11_7,2009,37.61
mkd,sex_f,eco_aggregate_pub,edu_isced11_7,2010,38.92
mkd,sex_f,eco_aggregate_pub,edu_isced11_7,2011,37.64
mkd,sex_f,eco_aggregate_pub,edu_isced11_7,2012,38.14
mkd,sex_f,eco_aggregate_pub,edu_isced11_7,2013,39.66
mkd,sex_f,eco_aggregate_pub,edu_isced11_7,2014,39.56
mkd,sex_f,eco_aggregate_pub,edu_isced11_7,2015,37.49
mkd,sex_f,eco_aggregate_pub,edu_isced11_7,2016,39.3
mkd,sex_f,eco_aggregate_pub,edu_isced11_7,2017,38.13
mkd,sex_f,eco_aggregate_pub,edu_isced11_7,2018,39.27
mkd,sex_f,eco_aggregate_pub,edu_isced11_7,2019,38.26
mkd,sex_f,eco_aggregate_pub,edu_isced11_7,2020,38.35
mkd,sex_f,eco_aggregate_pub,edu_isced11_7,2021,38.85
mkd,sex_f,eco_aggregate_pub,edu_isced11_7,2022,39.67
mkd,sex_f,eco_aggregate_pub,edu_isced11_7,2024,37.26
mkd,sex_f,eco_aggregate_pub,edu_isced11_8,2006,39.08
mkd,sex_f,eco_aggregate_pub,edu_isced11_8,2007,38.89
mkd,sex_f,eco_aggregate_pub,edu_isced11_8,2008,40.82
mkd,sex_f,eco_aggregate_pub,edu_isced11_8,2009,36.45
mkd,sex_f,eco_aggregate_pub,edu_isced11_8,2010,38.93
mkd,sex_f,eco_aggregate_pub,edu_isced11_8,2011,39.73
mkd,sex_f,eco_aggregate_pub,edu_isced11_8,2012,31.43
mkd,sex_f,eco_aggregate_pub,edu_isced11_8,2013,35.26
mkd,sex_f,eco_aggregate_pub,edu_isced11_8,2014,39.89
mkd,sex_f,eco_aggregate_pub,edu_isced11_8,2015,37.88
mkd,sex_f,eco_aggregate_pub,edu_isced11_8,2016,39.77
mkd,sex_f,eco_aggregate_pub,edu_isced11_8,2017,39.31
mkd,sex_f,eco_aggregate_pub,edu_isced11_8,2018,37.05
mkd,sex_f,eco_aggregate_pub,edu_isced11_8,2019,39.77
mkd,sex_f,eco_aggregate_pub,edu_isced11_8,2020,37.61
mkd,sex_f,eco_aggregate_pub,edu_isced11_8,2021,38.24
mkd,sex_f,eco_aggregate_pub,edu_isced11_8,2022,39.53
mkd,sex_f,eco_aggregate_pub,edu_isced11_8,2024,37.11
mkd,sex_f,eco_aggregate_pub,edu_isced11_total,2006,39.4
mkd,sex_f,eco_aggregate_pub,edu_isced11_total,2007,39.23
mkd,sex_f,eco_aggregate_pub,edu_isced11_total,2008,39.26
mkd,sex_f,eco_aggregate_pub,edu_isced11_total,2009,38.77
mkd,sex_f,eco_aggregate_pub,edu_isced11_total,2010,38.88
mkd,sex_f,eco_aggregate_pub,edu_isced11_total,2011,38.74
mkd,sex_f,eco_aggregate_pub,edu_isced11_total,2012,39.17
mkd,sex_f,eco_aggregate_pub,edu_isced11_total,2013,39.6
mkd,sex_f,eco_aggregate_pub,edu_isced11_total,2014,39.35
mkd,sex_f,eco_aggregate_pub,edu_isced11_total,2015,39.32
mkd,sex_f,eco_aggregate_pub,edu_isced11_total,2016,39.65
mkd,sex_f,eco_aggregate_pub,edu_isced11_total,2017,39.45
mkd,sex_f,eco_aggregate_pub,edu_isced11_total,2018,39.33
mkd,sex_f,eco_aggregate_pub,edu_isced11_total,2019,39.11
mkd,sex_f,eco_aggregate_pub,edu_isced11_total,2020,37.55
mkd,sex_f,eco_aggregate_pub,edu_isced11_total,2021,38.93
mkd,sex_f,eco_aggregate_pub,edu_isced11_total,2022,39.03
mkd,sex_f,eco_aggregate_pub,edu_isced11_total,2024,38.11
mkd,sex_f,eco_aggregate_pub,edu_isced11_x,2018,33.48
mkd,sex_f,eco_aggregate_pub,edu_isced11_x,2019,35.89
mkd,sex_f,eco_aggregate_total,edu_aggregate_adv,2006,40.06
mkd,sex_f,eco_aggregate_total,edu_aggregate_adv,2007,39.46
mkd,sex_f,eco_aggregate_total,edu_aggregate_adv,2008,39.45
mkd,sex_f,eco_aggregate_total,edu_aggregate_adv,2009,39.21
mkd,sex_f,eco_aggregate_total,edu_aggregate_adv,2010,39.19
mkd,sex_f,eco_aggregate_total,edu_aggregate_adv,2011,39.08
mkd,sex_f,eco_aggregate_total,edu_aggregate_adv,2012,39.37
mkd,sex_f,eco_aggregate_total,edu_aggregate_adv,2013,39.78
mkd,sex_f,eco_aggregate_total,edu_aggregate_adv,2014,39.89
mkd,sex_f,eco_aggregate_total,edu_aggregate_adv,2015,39.49
mkd,sex_f,eco_aggregate_total,edu_aggregate_adv,2016,39.71
mkd,sex_f,eco_aggregate_total,edu_aggregate_adv,2017,39.79
mkd,sex_f,eco_aggregate_total,edu_aggregate_adv,2018,39.5
mkd,sex_f,eco_aggregate_total,edu_aggregate_adv,2019,39.02
mkd,sex_f,eco_aggregate_total,edu_aggregate_adv,2020,37.82
mkd,sex_f,eco_aggregate_total,edu_aggregate_adv,2021,39.08
mkd,sex_f,eco_aggregate_total,edu_aggregate_adv,2022,39.04
mkd,sex_f,eco_aggregate_total,edu_aggregate_adv,2024,38.24
mkd,sex_f,eco_aggregate_total,edu_aggregate_bas,2006,41.82
mkd,sex_f,eco_aggregate_total,edu_aggregate_bas,2007,41.76
mkd,sex_f,eco_aggregate_total,edu_aggregate_bas,2008,39.98
mkd,sex_f,eco_aggregate_total,edu_aggregate_bas,2009,38.57
mkd,sex_f,eco_aggregate_total,edu_aggregate_bas,2010,38.29
mkd,sex_f,eco_aggregate_total,edu_aggregate_bas,2011,39.92
mkd,sex_f,eco_aggregate_total,edu_aggregate_bas,2012,39.55
mkd,sex_f,eco_aggregate_total,edu_aggregate_bas,2013,41.04
mkd,sex_f,eco_aggregate_total,edu_aggregate_bas,2014,41.9
mkd,sex_f,eco_aggregate_total,edu_aggregate_bas,2015,42.34
mkd,sex_f,eco_aggregate_total,edu_aggregate_bas,2016,39.76
mkd,sex_f,eco_aggregate_total,edu_aggregate_bas,2017,42.03
mkd,sex_f,eco_aggregate_total,edu_aggregate_bas,2018,41.78
mkd,sex_f,eco_aggregate_total,edu_aggregate_bas,2019,38.75
mkd,sex_f,eco_aggregate_total,edu_aggregate_bas,2020,37.36
mkd,sex_f,eco_aggregate_total,edu_aggregate_bas,2021,38.13
mkd,sex_f,eco_aggregate_total,edu_aggregate_bas,2022,38.38
mkd,sex_f,eco_aggregate_total,edu_aggregate_bas,2024,37.77
mkd,sex_f,eco_aggregate_total,edu_aggregate_int,2006,43.05
mkd,sex_f,eco_aggregate_total,edu_aggregate_int,2007,42.74
mkd,sex_f,eco_aggregate_total,edu_aggregate_int,2008,42.82
mkd,sex_f,eco_aggregate_total,edu_aggregate_int,2009,41.78
mkd,sex_f,eco_aggregate_total,edu_aggregate_int,2010,41.82
mkd,sex_f,eco_aggregate_total,edu_aggregate_int,2011,41.49
mkd,sex_f,eco_aggregate_total,edu_aggregate_int,2012,41.46
mkd,sex_f,eco_aggregate_total,edu_aggregate_int,2013,41.81
mkd,sex_f,eco_aggregate_total,edu_aggregate_int,2014,41.32
mkd,sex_f,eco_aggregate_total,edu_aggregate_int,2015,41.03
mkd,sex_f,eco_aggregate_total,edu_aggregate_int,2016,41.16
mkd,sex_f,eco_aggregate_total,edu_aggregate_int,2017,41.81
mkd,sex_f,eco_aggregate_total,edu_aggregate_int,2018,41.53
mkd,sex_f,eco_aggregate_total,edu_aggregate_int,2019,40.64
mkd,sex_f,eco_aggregate_total,edu_aggregate_int,2020,39.07
mkd,sex_f,eco_aggregate_total,edu_aggregate_int,2021,39.63
mkd,sex_f,eco_aggregate_total,edu_aggregate_int,2022,39.92
mkd,sex_f,eco_aggregate_total,edu_aggregate_int,2024,38.72
mkd,sex_f,eco_aggregate_total,edu_aggregate_ltb,2006,41.65
mkd,sex_f,eco_aggregate_total,edu_aggregate_ltb,2007,39.89
mkd,sex_f,eco_aggregate_total,edu_aggregate_ltb,2008,37.53
mkd,sex_f,eco_aggregate_total,edu_aggregate_ltb,2009,33.98
mkd,sex_f,eco_aggregate_total,edu_aggregate_ltb,2010,34.2
mkd,sex_f,eco_aggregate_total,edu_aggregate_ltb,2011,39.04
mkd,sex_f,eco_aggregate_total,edu_aggregate_ltb,2012,37.02
mkd,sex_f,eco_aggregate_total,edu_aggregate_ltb,2013,41.07
mkd,sex_f,eco_aggregate_total,edu_aggregate_ltb,2014,40.32
mkd,sex_f,eco_aggregate_total,edu_aggregate_ltb,2015,41.89
mkd,sex_f,eco_aggregate_total,edu_aggregate_ltb,2016,40.59
mkd,sex_f,eco_aggregate_total,edu_aggregate_ltb,2017,39.84
mkd,sex_f,eco_aggregate_total,edu_aggregate_ltb,2018,39.56
mkd,sex_f,eco_aggregate_total,edu_aggregate_ltb,2019,36.16
mkd,sex_f,eco_aggregate_total,edu_aggregate_ltb,2020,33.75
mkd,sex_f,eco_aggregate_total,edu_aggregate_ltb,2021,33.52
mkd,sex_f,eco_aggregate_total,edu_aggregate_ltb,2022,34.33
mkd,sex_f,eco_aggregate_total,edu_aggregate_ltb,2024,36.34
mkd,sex_f,eco_aggregate_total,edu_aggregate_total,2006,42.04
mkd,sex_f,eco_aggregate_total,edu_aggregate_total,2007,41.61
mkd,sex_f,eco_aggregate_total,edu_aggregate_total,2008,41.22
mkd,sex_f,eco_aggregate_total,edu_aggregate_total,2009,40.19
mkd,sex_f,eco_aggregate_total,edu_aggregate_total,2010,40.14
mkd,sex_f,eco_aggregate_total,edu_aggregate_total,2011,40.41
mkd,sex_f,eco_aggregate_total,edu_aggregate_total,2012,40.35
mkd,sex_f,eco_aggregate_total,edu_aggregate_total,2013,41.08
mkd,sex_f,eco_aggregate_total,edu_aggregate_total,2014,40.97
mkd,sex_f,eco_aggregate_total,edu_aggregate_total,2015,40.8
mkd,sex_f,eco_aggregate_total,edu_aggregate_total,2016,40.45
mkd,sex_f,eco_aggregate_total,edu_aggregate_total,2017,41.11
mkd,sex_f,eco_aggregate_total,edu_aggregate_total,2018,40.84
mkd,sex_f,eco_aggregate_total,edu_aggregate_total,2019,39.77
mkd,sex_f,eco_aggregate_total,edu_aggregate_total,2020,38.32
mkd,sex_f,eco_aggregate_total,edu_aggregate_total,2021,39.17
mkd,sex_f,eco_aggregate_total,edu_aggregate_total,2022,39.33
mkd,sex_f,eco_aggregate_total,edu_aggregate_total,2024,38.36
mkd,sex_f,eco_aggregate_total,edu_isced11_0,2006,41.92
mkd,sex_f,eco_aggregate_total,edu_isced11_0,2007,41
mkd,sex_f,eco_aggregate_total,edu_isced11_0,2008,37.4
mkd,sex_f,eco_aggregate_total,edu_isced11_0,2009,33.98
mkd,sex_f,eco_aggregate_total,edu_isced11_0,2010,34.56
mkd,sex_f,eco_aggregate_total,edu_isced11_0,2011,39.85
mkd,sex_f,eco_aggregate_total,edu_isced11_0,2012,37.07
mkd,sex_f,eco_aggregate_total,edu_isced11_0,2013,41.39
mkd,sex_f,eco_aggregate_total,edu_isced11_0,2014,40.37
mkd,sex_f,eco_aggregate_total,edu_isced11_0,2015,42.65
mkd,sex_f,eco_aggregate_total,edu_isced11_0,2016,40.76
mkd,sex_f,eco_aggregate_total,edu_isced11_0,2017,40.31
mkd,sex_f,eco_aggregate_total,edu_isced11_0,2018,40.17
mkd,sex_f,eco_aggregate_total,edu_isced11_0,2019,37.06
mkd,sex_f,eco_aggregate_total,edu_isced11_0,2020,33.16
mkd,sex_f,eco_aggregate_total,edu_isced11_0,2021,31.89
mkd,sex_f,eco_aggregate_total,edu_isced11_0,2022,33.18
mkd,sex_f,eco_aggregate_total,edu_isced11_0,2024,36.06
mkd,sex_f,eco_aggregate_total,edu_isced11_1,2006,41.76
mkd,sex_f,eco_aggregate_total,edu_isced11_1,2007,41.75
mkd,sex_f,eco_aggregate_total,edu_isced11_1,2008,40.04
mkd,sex_f,eco_aggregate_total,edu_isced11_1,2009,38.54
mkd,sex_f,eco_aggregate_total,edu_isced11_1,2010,38.17
mkd,sex_f,eco_aggregate_total,edu_isced11_1,2011,39.85
mkd,sex_f,eco_aggregate_total,edu_isced11_1,2012,39.53
mkd,sex_f,eco_aggregate_total,edu_isced11_1,2013,41.03
mkd,sex_f,eco_aggregate_total,edu_isced11_1,2014,41.88
mkd,sex_f,eco_aggregate_total,edu_isced11_1,2015,42.34
mkd,sex_f,eco_aggregate_total,edu_isced11_1,2016,39.79
mkd,sex_f,eco_aggregate_total,edu_isced11_1,2017,42.03
mkd,sex_f,eco_aggregate_total,edu_isced11_1,2018,41.8
mkd,sex_f,eco_aggregate_total,edu_isced11_1,2019,38.7
mkd,sex_f,eco_aggregate_total,edu_isced11_1,2020,37.34
mkd,sex_f,eco_aggregate_total,edu_isced11_1,2021,38.1
mkd,sex_f,eco_aggregate_total,edu_isced11_1,2022,38.3
mkd,sex_f,eco_aggregate_total,edu_isced11_1,2024,37.73
mkd,sex_f,eco_aggregate_total,edu_isced11_2,2006,45.02
mkd,sex_f,eco_aggregate_total,edu_isced11_2,2007,41.98
mkd,sex_f,eco_aggregate_total,edu_isced11_2,2008,37.48
mkd,sex_f,eco_aggregate_total,edu_isced11_2,2009,40.81
mkd,sex_f,eco_aggregate_total,edu_isced11_2,2010,45.6
mkd,sex_f,eco_aggregate_total,edu_isced11_2,2011,43.44
mkd,sex_f,eco_aggregate_total,edu_isced11_2,2012,40.31
mkd,sex_f,eco_aggregate_total,edu_isced11_2,2013,41.8
mkd,sex_f,eco_aggregate_total,edu_isced11_2,2015,42.68
mkd,sex_f,eco_aggregate_total,edu_isced11_2,2016,38.17
mkd,sex_f,eco_aggregate_total,edu_isced11_2,2018,40.44
mkd,sex_f,eco_aggregate_total,edu_isced11_2,2019,42.18
mkd,sex_f,eco_aggregate_total,edu_isced11_2,2020,39.9
mkd,sex_f,eco_aggregate_total,edu_isced11_2,2022,44.46
mkd,sex_f,eco_aggregate_total,edu_isced11_3,2006,43.05
mkd,sex_f,eco_aggregate_total,edu_isced11_3,2007,42.74
mkd,sex_f,eco_aggregate_total,edu_isced11_3,2008,42.82
mkd,sex_f,eco_aggregate_total,edu_isced11_3,2009,41.78
mkd,sex_f,eco_aggregate_total,edu_isced11_3,2010,41.82
mkd,sex_f,eco_aggregate_total,edu_isced11_3,2011,41.49
mkd,sex_f,eco_aggregate_total,edu_isced11_3,2012,41.46
mkd,sex_f,eco_aggregate_total,edu_isced11_3,2013,41.81
mkd,sex_f,eco_aggregate_total,edu_isced11_3,2014,41.32
mkd,sex_f,eco_aggregate_total,edu_isced11_3,2015,41.03
mkd,sex_f,eco_aggregate_total,edu_isced11_3,2016,41.16
mkd,sex_f,eco_aggregate_total,edu_isced11_3,2017,41.81
mkd,sex_f,eco_aggregate_total,edu_isced11_3,2018,41.53
mkd,sex_f,eco_aggregate_total,edu_isced11_3,2019,40.64
mkd,sex_f,eco_aggregate_total,edu_isced11_3,2020,39.09
mkd,sex_f,eco_aggregate_total,edu_isced11_3,2021,39.64
mkd,sex_f,eco_aggregate_total,edu_isced11_3,2022,39.93
mkd,sex_f,eco_aggregate_total,edu_isced11_3,2024,38.6
mkd,sex_f,eco_aggregate_total,edu_isced11_4,2024,39.16
mkd,sex_f,eco_aggregate_total,edu_isced11_5,2006,39.8
mkd,sex_f,eco_aggregate_total,edu_isced11_5,2007,39.9
mkd,sex_f,eco_aggregate_total,edu_isced11_5,2008,38.77
mkd,sex_f,eco_aggregate_total,edu_isced11_5,2009,39.2
mkd,sex_f,eco_aggregate_total,edu_isced11_5,2010,39.38
mkd,sex_f,eco_aggregate_total,edu_isced11_5,2011,39.96
mkd,sex_f,eco_aggregate_total,edu_isced11_5,2012,39.78
mkd,sex_f,eco_aggregate_total,edu_isced11_5,2013,39.95
mkd,sex_f,eco_aggregate_total,edu_isced11_5,2014,40.16
mkd,sex_f,eco_aggregate_total,edu_isced11_5,2015,39.96
mkd,sex_f,eco_aggregate_total,edu_isced11_5,2016,41.11
mkd,sex_f,eco_aggregate_total,edu_isced11_5,2017,40.79
mkd,sex_f,eco_aggregate_total,edu_isced11_5,2018,40.16
mkd,sex_f,eco_aggregate_total,edu_isced11_5,2019,40.12
mkd,sex_f,eco_aggregate_total,edu_isced11_5,2020,37.6
mkd,sex_f,eco_aggregate_total,edu_isced11_5,2021,40.09
mkd,sex_f,eco_aggregate_total,edu_isced11_5,2022,39.63
mkd,sex_f,eco_aggregate_total,edu_isced11_5,2024,38.29
mkd,sex_f,eco_aggregate_total,edu_isced11_6,2006,40.17
mkd,sex_f,eco_aggregate_total,edu_isced11_6,2007,39.33
mkd,sex_f,eco_aggregate_total,edu_isced11_6,2008,39.63
mkd,sex_f,eco_aggregate_total,edu_isced11_6,2009,39.31
mkd,sex_f,eco_aggregate_total,edu_isced11_6,2010,39.16
mkd,sex_f,eco_aggregate_total,edu_isced11_6,2011,38.91
mkd,sex_f,eco_aggregate_total,edu_isced11_6,2012,39.47
mkd,sex_f,eco_aggregate_total,edu_isced11_6,2013,39.81
mkd,sex_f,eco_aggregate_total,edu_isced11_6,2014,39.93
mkd,sex_f,eco_aggregate_total,edu_isced11_6,2015,39.52
mkd,sex_f,eco_aggregate_total,edu_isced11_6,2016,39.59
mkd,sex_f,eco_aggregate_total,edu_isced11_6,2017,39.82
mkd,sex_f,eco_aggregate_total,edu_isced11_6,2018,39.49
mkd,sex_f,eco_aggregate_total,edu_isced11_6,2019,38.92
mkd,sex_f,eco_aggregate_total,edu_isced11_6,2020,37.79
mkd,sex_f,eco_aggregate_total,edu_isced11_6,2021,38.98
mkd,sex_f,eco_aggregate_total,edu_isced11_6,2022,38.92
mkd,sex_f,eco_aggregate_total,edu_isced11_6,2024,38.38
mkd,sex_f,eco_aggregate_total,edu_isced11_7,2006,39.42
mkd,sex_f,eco_aggregate_total,edu_isced11_7,2007,40.07
mkd,sex_f,eco_aggregate_total,edu_isced11_7,2008,38.73
mkd,sex_f,eco_aggregate_total,edu_isced11_7,2009,38.1
mkd,sex_f,eco_aggregate_total,edu_isced11_7,2010,38.96
mkd,sex_f,eco_aggregate_total,edu_isced11_7,2011,38.94
mkd,sex_f,eco_aggregate_total,edu_isced11_7,2012,37.86
mkd,sex_f,eco_aggregate_total,edu_isced11_7,2013,39.87
mkd,sex_f,eco_aggregate_total,edu_isced11_7,2014,38.91
mkd,sex_f,eco_aggregate_total,edu_isced11_7,2015,38.91
mkd,sex_f,eco_aggregate_total,edu_isced11_7,2016,39.42
mkd,sex_f,eco_aggregate_total,edu_isced11_7,2017,39.21
mkd,sex_f,eco_aggregate_total,edu_isced11_7,2018,39.18
mkd,sex_f,eco_aggregate_total,edu_isced11_7,2019,38.92
mkd,sex_f,eco_aggregate_total,edu_isced11_7,2020,38.17
mkd,sex_f,eco_aggregate_total,edu_isced11_7,2021,39.25
mkd,sex_f,eco_aggregate_total,edu_isced11_7,2022,39.57
mkd,sex_f,eco_aggregate_total,edu_isced11_7,2024,37.57
mkd,sex_f,eco_aggregate_total,edu_isced11_8,2006,39.08
mkd,sex_f,eco_aggregate_total,edu_isced11_8,2007,39.11
mkd,sex_f,eco_aggregate_total,edu_isced11_8,2008,40.82
mkd,sex_f,eco_aggregate_total,edu_isced11_8,2009,36.64
mkd,sex_f,eco_aggregate_total,edu_isced11_8,2010,39.13
mkd,sex_f,eco_aggregate_total,edu_isced11_8,2011,40.47
mkd,sex_f,eco_aggregate_total,edu_isced11_8,2012,32.07
mkd,sex_f,eco_aggregate_total,edu_isced11_8,2013,35.39
mkd,sex_f,eco_aggregate_total,edu_isced11_8,2014,39.9
mkd,sex_f,eco_aggregate_total,edu_isced11_8,2015,38.19
mkd,sex_f,eco_aggregate_total,edu_isced11_8,2016,39.79
mkd,sex_f,eco_aggregate_total,edu_isced11_8,2017,36.63
mkd,sex_f,eco_aggregate_total,edu_isced11_8,2018,37.82
mkd,sex_f,eco_aggregate_total,edu_isced11_8,2019,39.84
mkd,sex_f,eco_aggregate_total,edu_isced11_8,2020,38.22
mkd,sex_f,eco_aggregate_total,edu_isced11_8,2021,38.49
mkd,sex_f,eco_aggregate_total,edu_isced11_8,2022,39.6
mkd,sex_f,eco_aggregate_total,edu_isced11_8,2024,37.19
mkd,sex_f,eco_aggregate_total,edu_isced11_total,2006,42.04
mkd,sex_f,eco_aggregate_total,edu_isced11_total,2007,41.61
mkd,sex_f,eco_aggregate_total,edu_isced11_total,2008,41.22
mkd,sex_f,eco_aggregate_total,edu_isced11_total,2009,40.19
mkd,sex_f,eco_aggregate_total,edu_isced11_total,2010,40.14
mkd,sex_f,eco_aggregate_total,edu_isced11_total,2011,40.41
mkd,sex_f,eco_aggregate_total,edu_isced11_total,2012,40.35
mkd,sex_f,eco_aggregate_total,edu_isced11_total,2013,41.08
mkd,sex_f,eco_aggregate_total,edu_isced11_total,2014,40.97
mkd,sex_f,eco_aggregate_total,edu_isced11_total,2015,40.8
mkd,sex_f,eco_aggregate_total,edu_isced11_total,2016,40.45
mkd,sex_f,eco_aggregate_total,edu_isced11_total,2017,41.11
mkd,sex_f,eco_aggregate_total,edu_isced11_total,2018,40.84
mkd,sex_f,eco_aggregate_total,edu_isced11_total,2019,39.77
mkd,sex_f,eco_aggregate_total,edu_isced11_total,2020,38.32
mkd,sex_f,eco_aggregate_total,edu_isced11_total,2021,39.17
mkd,sex_f,eco_aggregate_total,edu_isced11_total,2022,39.33
mkd,sex_f,eco_aggregate_total,edu_isced11_total,2024,38.36
mkd,sex_f,eco_aggregate_total,edu_isced11_x,2006,38.74
mkd,sex_f,eco_aggregate_total,edu_isced11_x,2007,36.19
mkd,sex_f,eco_aggregate_total,edu_isced11_x,2008,38.21
mkd,sex_f,eco_aggregate_total,edu_isced11_x,2009,34
mkd,sex_f,eco_aggregate_total,edu_isced11_x,2010,31.88
mkd,sex_f,eco_aggregate_total,edu_isced11_x,2011,33.54
mkd,sex_f,eco_aggregate_total,edu_isced11_x,2012,36.68
mkd,sex_f,eco_aggregate_total,edu_isced11_x,2013,38.67
mkd,sex_f,eco_aggregate_total,edu_isced11_x,2014,40.08
mkd,sex_f,eco_aggregate_total,edu_isced11_x,2015,37.98
mkd,sex_f,eco_aggregate_total,edu_isced11_x,2016,39.73
mkd,sex_f,eco_aggregate_total,edu_isced11_x,2017,37.51
mkd,sex_f,eco_aggregate_total,edu_isced11_x,2018,35.9
mkd,sex_f,eco_aggregate_total,edu_isced11_x,2019,33.33
mkd,sex_f,eco_aggregate_total,edu_isced11_x,2020,35.34
mkd,sex_f,eco_aggregate_total,edu_isced11_x,2021,38.5
mkd,sex_f,eco_aggregate_total,edu_isced11_x,2022,36.22
mkd,sex_f,eco_aggregate_total,edu_isced11_x,2024,37.1
mkd,sex_f,eco_isic3_a,edu_aggregate_adv,2006,38.29
mkd,sex_f,eco_isic3_a,edu_aggregate_adv,2007,37.99
mkd,sex_f,eco_isic3_a,edu_aggregate_adv,2008,37.72
mkd,sex_f,eco_isic3_a,edu_aggregate_adv,2009,39.66
mkd,sex_f,eco_isic3_a,edu_aggregate_adv,2010,36.87
mkd,sex_f,eco_isic3_a,edu_aggregate_bas,2006,39.87
mkd,sex_f,eco_isic3_a,edu_aggregate_bas,2007,39.93
mkd,sex_f,eco_isic3_a,edu_aggregate_bas,2008,36.6
mkd,sex_f,eco_isic3_a,edu_aggregate_bas,2009,35.18
mkd,sex_f,eco_isic3_a,edu_aggregate_bas,2010,34.27
mkd,sex_f,eco_isic3_a,edu_aggregate_int,2006,40.07
mkd,sex_f,eco_isic3_a,edu_aggregate_int,2007,38
mkd,sex_f,eco_isic3_a,edu_aggregate_int,2008,39.01
mkd,sex_f,eco_isic3_a,edu_aggregate_int,2009,38.17
mkd,sex_f,eco_isic3_a,edu_aggregate_int,2010,37.63
mkd,sex_f,eco_isic3_a,edu_aggregate_ltb,2006,41.52
mkd,sex_f,eco_isic3_a,edu_aggregate_ltb,2007,39.55
mkd,sex_f,eco_isic3_a,edu_aggregate_ltb,2008,37.37
mkd,sex_f,eco_isic3_a,edu_aggregate_ltb,2009,33.62
mkd,sex_f,eco_isic3_a,edu_aggregate_ltb,2010,34.13
mkd,sex_f,eco_isic3_a,edu_aggregate_total,2006,40.32
mkd,sex_f,eco_isic3_a,edu_aggregate_total,2007,39.39
mkd,sex_f,eco_isic3_a,edu_aggregate_total,2008,37.31
mkd,sex_f,eco_isic3_a,edu_aggregate_total,2009,35.51
mkd,sex_f,eco_isic3_a,edu_aggregate_total,2010,35.09
mkd,sex_f,eco_isic3_a,edu_isced11_0,2006,41.83
mkd,sex_f,eco_isic3_a,edu_isced11_0,2007,40.92
mkd,sex_f,eco_isic3_a,edu_isced11_0,2008,37.23
mkd,sex_f,eco_isic3_a,edu_isced11_0,2009,33.64
mkd,sex_f,eco_isic3_a,edu_isced11_0,2010,34.27
mkd,sex_f,eco_isic3_a,edu_isced11_1,2006,39.81
mkd,sex_f,eco_isic3_a,edu_isced11_1,2007,39.98
mkd,sex_f,eco_isic3_a,edu_isced11_1,2008,36.72
mkd,sex_f,eco_isic3_a,edu_isced11_1,2009,35.2
mkd,sex_f,eco_isic3_a,edu_isced11_1,2010,34.16
mkd,sex_f,eco_isic3_a,edu_isced11_2,2006,44.39
mkd,sex_f,eco_isic3_a,edu_isced11_2,2007,38.63
mkd,sex_f,eco_isic3_a,edu_isced11_2,2008,30.65
mkd,sex_f,eco_isic3_a,edu_isced11_2,2009,33.04
mkd,sex_f,eco_isic3_a,edu_isced11_2,2010,44.8
mkd,sex_f,eco_isic3_a,edu_isced11_3,2006,40.07
mkd,sex_f,eco_isic3_a,edu_isced11_3,2007,38
mkd,sex_f,eco_isic3_a,edu_isced11_3,2008,39.01
mkd,sex_f,eco_isic3_a,edu_isced11_3,2009,38.17
mkd,sex_f,eco_isic3_a,edu_isced11_3,2010,37.63
mkd,sex_f,eco_isic3_a,edu_isced11_5,2006,39.64
mkd,sex_f,eco_isic3_a,edu_isced11_5,2007,33.16
mkd,sex_f,eco_isic3_a,edu_isced11_5,2008,32.58
mkd,sex_f,eco_isic3_a,edu_isced11_5,2009,39.9
mkd,sex_f,eco_isic3_a,edu_isced11_5,2010,33.58
mkd,sex_f,eco_isic3_a,edu_isced11_6,2006,37.04
mkd,sex_f,eco_isic3_a,edu_isced11_6,2007,43.06
mkd,sex_f,eco_isic3_a,edu_isced11_6,2008,40.3
mkd,sex_f,eco_isic3_a,edu_isced11_6,2009,39.54
mkd,sex_f,eco_isic3_a,edu_isced11_6,2010,39.12
mkd,sex_f,eco_isic3_a,edu_isced11_total,2006,40.32
mkd,sex_f,eco_isic3_a,edu_isced11_total,2007,39.39
mkd,sex_f,eco_isic3_a,edu_isced11_total,2008,37.31
mkd,sex_f,eco_isic3_a,edu_isced11_total,2009,35.51
mkd,sex_f,eco_isic3_a,edu_isced11_total,2010,35.09
mkd,sex_f,eco_isic3_a,edu_isced11_x,2006,38.34
mkd,sex_f,eco_isic3_a,edu_isced11_x,2007,35.06
mkd,sex_f,eco_isic3_a,edu_isced11_x,2008,38.22
mkd,sex_f,eco_isic3_a,edu_isced11_x,2009,33.42
mkd,sex_f,eco_isic3_a,edu_isced11_x,2010,33.16
mkd,sex_f,eco_isic3_b,edu_aggregate_int,2008,40
mkd,sex_f,eco_isic3_b,edu_aggregate_total,2008,40
mkd,sex_f,eco_isic3_b,edu_isced11_3,2008,40
mkd,sex_f,eco_isic3_b,edu_isced11_total,2008,40
mkd,sex_f,eco_isic3_c,edu_aggregate_int,2006,42.27
mkd,sex_f,eco_isic3_c,edu_aggregate_int,2007,42.19
mkd,sex_f,eco_isic3_c,edu_aggregate_int,2008,42.31
mkd,sex_f,eco_isic3_c,edu_aggregate_int,2009,40.33
mkd,sex_f,eco_isic3_c,edu_aggregate_int,2010,43.03
mkd,sex_f,eco_isic3_c,edu_aggregate_total,2006,41.91
mkd,sex_f,eco_isic3_c,edu_aggregate_total,2007,41.93
mkd,sex_f,eco_isic3_c,edu_aggregate_total,2008,42.41
mkd,sex_f,eco_isic3_c,edu_aggregate_total,2009,40.29
mkd,sex_f,eco_isic3_c,edu_aggregate_total,2010,42.44
mkd,sex_f,eco_isic3_c,edu_isced11_3,2006,42.27
mkd,sex_f,eco_isic3_c,edu_isced11_3,2007,42.19
mkd,sex_f,eco_isic3_c,edu_isced11_3,2008,42.31
mkd,sex_f,eco_isic3_c,edu_isced11_3,2009,40.33
mkd,sex_f,eco_isic3_c,edu_isced11_3,2010,43.03
mkd,sex_f,eco_isic3_c,edu_isced11_total,2006,41.91
mkd,sex_f,eco_isic3_c,edu_isced11_total,2007,41.93
mkd,sex_f,eco_isic3_c,edu_isced11_total,2008,42.41
mkd,sex_f,eco_isic3_c,edu_isced11_total,2009,40.29
mkd,sex_f,eco_isic3_c,edu_isced11_total,2010,42.44
mkd,sex_f,eco_isic3_d,edu_aggregate_adv,2006,43.18
mkd,sex_f,eco_isic3_d,edu_aggregate_adv,2007,42.99
mkd,sex_f,eco_isic3_d,edu_aggregate_adv,2008,41.27
mkd,sex_f,eco_isic3_d,edu_aggregate_adv,2009,40.96
mkd,sex_f,eco_isic3_d,edu_aggregate_adv,2010,40.65
mkd,sex_f,eco_isic3_d,edu_aggregate_bas,2006,45.47
mkd,sex_f,eco_isic3_d,edu_aggregate_bas,2007,44.37
mkd,sex_f,eco_isic3_d,edu_aggregate_bas,2008,44.74
mkd,sex_f,eco_isic3_d,edu_aggregate_bas,2009,43.82
mkd,sex_f,eco_isic3_d,edu_aggregate_bas,2010,44.09
mkd,sex_f,eco_isic3_d,edu_aggregate_int,2006,44.74
mkd,sex_f,eco_isic3_d,edu_aggregate_int,2007,44.51
mkd,sex_f,eco_isic3_d,edu_aggregate_int,2008,44.77
mkd,sex_f,eco_isic3_d,edu_aggregate_int,2009,43.61
mkd,sex_f,eco_isic3_d,edu_aggregate_int,2010,43.52
mkd,sex_f,eco_isic3_d,edu_aggregate_ltb,2006,45.96
mkd,sex_f,eco_isic3_d,edu_aggregate_ltb,2007,42.28
mkd,sex_f,eco_isic3_d,edu_aggregate_ltb,2008,43.81
mkd,sex_f,eco_isic3_d,edu_aggregate_ltb,2009,39.96
mkd,sex_f,eco_isic3_d,edu_aggregate_ltb,2010,42.56
mkd,sex_f,eco_isic3_d,edu_aggregate_total,2006,44.78
mkd,sex_f,eco_isic3_d,edu_aggregate_total,2007,44.32
mkd,sex_f,eco_isic3_d,edu_aggregate_total,2008,44.44
mkd,sex_f,eco_isic3_d,edu_aggregate_total,2009,43.38
mkd,sex_f,eco_isic3_d,edu_aggregate_total,2010,43.38
mkd,sex_f,eco_isic3_d,edu_isced11_0,2006,46.3
mkd,sex_f,eco_isic3_d,edu_isced11_0,2007,42
mkd,sex_f,eco_isic3_d,edu_isced11_0,2008,42.58
mkd,sex_f,eco_isic3_d,edu_isced11_0,2009,39.02
mkd,sex_f,eco_isic3_d,edu_isced11_0,2010,42.56
mkd,sex_f,eco_isic3_d,edu_isced11_1,2006,45.42
mkd,sex_f,eco_isic3_d,edu_isced11_1,2007,44.26
mkd,sex_f,eco_isic3_d,edu_isced11_1,2008,44.69
mkd,sex_f,eco_isic3_d,edu_isced11_1,2009,43.8
mkd,sex_f,eco_isic3_d,edu_isced11_1,2010,43.93
mkd,sex_f,eco_isic3_d,edu_isced11_2,2006,47.44
mkd,sex_f,eco_isic3_d,edu_isced11_2,2007,48.04
mkd,sex_f,eco_isic3_d,edu_isced11_2,2008,46.78
mkd,sex_f,eco_isic3_d,edu_isced11_3,2006,44.74
mkd,sex_f,eco_isic3_d,edu_isced11_3,2007,44.51
mkd,sex_f,eco_isic3_d,edu_isced11_3,2008,44.77
mkd,sex_f,eco_isic3_d,edu_isced11_3,2009,43.61
mkd,sex_f,eco_isic3_d,edu_isced11_3,2010,43.52
mkd,sex_f,eco_isic3_d,edu_isced11_5,2006,45.42
mkd,sex_f,eco_isic3_d,edu_isced11_5,2007,44.81
mkd,sex_f,eco_isic3_d,edu_isced11_5,2008,41.35
mkd,sex_f,eco_isic3_d,edu_isced11_5,2009,41.24
mkd,sex_f,eco_isic3_d,edu_isced11_5,2010,40.72
mkd,sex_f,eco_isic3_d,edu_isced11_6,2006,41.99
mkd,sex_f,eco_isic3_d,edu_isced11_6,2007,42.28
mkd,sex_f,eco_isic3_d,edu_isced11_6,2008,40.91
mkd,sex_f,eco_isic3_d,edu_isced11_6,2009,40.86
mkd,sex_f,eco_isic3_d,edu_isced11_6,2010,40.84
mkd,sex_f,eco_isic3_d,edu_isced11_7,2010,37.38
mkd,sex_f,eco_isic3_d,edu_isced11_total,2006,44.78
mkd,sex_f,eco_isic3_d,edu_isced11_total,2007,44.32
mkd,sex_f,eco_isic3_d,edu_isced11_total,2008,44.44
mkd,sex_f,eco_isic3_d,edu_isced11_total,2009,43.38
mkd,sex_f,eco_isic3_d,edu_isced11_total,2010,43.38
mkd,sex_f,eco_isic3_d,edu_isced11_x,2008,46.52
mkd,sex_f,eco_isic3_e,edu_aggregate_adv,2006,40
mkd,sex_f,eco_isic3_e,edu_aggregate_adv,2007,40.36
mkd,sex_f,eco_isic3_e,edu_aggregate_adv,2008,39.38
mkd,sex_f,eco_isic3_e,edu_aggregate_adv,2009,41.02
mkd,sex_f,eco_isic3_e,edu_aggregate_adv,2010,39.1
mkd,sex_f,eco_isic3_e,edu_aggregate_bas,2006,40
mkd,sex_f,eco_isic3_e,edu_aggregate_bas,2007,37.48
mkd,sex_f,eco_isic3_e,edu_aggregate_bas,2008,40
mkd,sex_f,eco_isic3_e,edu_aggregate_bas,2009,39.26
mkd,sex_f,eco_isic3_e,edu_aggregate_bas,2010,40
mkd,sex_f,eco_isic3_e,edu_aggregate_int,2006,38.46
mkd,sex_f,eco_isic3_e,edu_aggregate_int,2007,40.51
mkd,sex_f,eco_isic3_e,edu_aggregate_int,2008,39.75
mkd,sex_f,eco_isic3_e,edu_aggregate_int,2009,39.14
mkd,sex_f,eco_isic3_e,edu_aggregate_int,2010,40.27
mkd,sex_f,eco_isic3_e,edu_aggregate_total,2006,38.94
mkd,sex_f,eco_isic3_e,edu_aggregate_total,2007,40
mkd,sex_f,eco_isic3_e,edu_aggregate_total,2008,39.7
mkd,sex_f,eco_isic3_e,edu_aggregate_total,2009,39.64
mkd,sex_f,eco_isic3_e,edu_aggregate_total,2010,39.89
mkd,sex_f,eco_isic3_e,edu_isced11_1,2006,40
mkd,sex_f,eco_isic3_e,edu_isced11_1,2007,37.48
mkd,sex_f,eco_isic3_e,edu_isced11_1,2008,40
mkd,sex_f,eco_isic3_e,edu_isced11_1,2009,37.72
mkd,sex_f,eco_isic3_e,edu_isced11_1,2010,40
mkd,sex_f,eco_isic3_e,edu_isced11_3,2006,38.46
mkd,sex_f,eco_isic3_e,edu_isced11_3,2007,40.51
mkd,sex_f,eco_isic3_e,edu_isced11_3,2008,39.75
mkd,sex_f,eco_isic3_e,edu_isced11_3,2009,39.14
mkd,sex_f,eco_isic3_e,edu_isced11_3,2010,40.27
mkd,sex_f,eco_isic3_e,edu_isced11_5,2007,41.38
mkd,sex_f,eco_isic3_e,edu_isced11_6,2006,40
mkd,sex_f,eco_isic3_e,edu_isced11_6,2007,40
mkd,sex_f,eco_isic3_e,edu_isced11_6,2008,40
mkd,sex_f,eco_isic3_e,edu_isced11_6,2009,41.08
mkd,sex_f,eco_isic3_e,edu_isced11_6,2010,39.03
mkd,sex_f,eco_isic3_e,edu_isced11_total,2006,38.94
mkd,sex_f,eco_isic3_e,edu_isced11_total,2007,40
mkd,sex_f,eco_isic3_e,edu_isced11_total,2008,39.7
mkd,sex_f,eco_isic3_e,edu_isced11_total,2009,39.64
mkd,sex_f,eco_isic3_e,edu_isced11_total,2010,39.89
mkd,sex_f,eco_isic3_f,edu_aggregate_adv,2006,43.79
mkd,sex_f,eco_isic3_f,edu_aggregate_adv,2007,40.34
mkd,sex_f,eco_isic3_f,edu_aggregate_adv,2008,39.74
mkd,sex_f,eco_isic3_f,edu_aggregate_adv,2009,41.78
mkd,sex_f,eco_isic3_f,edu_aggregate_adv,2010,40.31
mkd,sex_f,eco_isic3_f,edu_aggregate_bas,2006,41.35
mkd,sex_f,eco_isic3_f,edu_aggregate_bas,2007,40.87
mkd,sex_f,eco_isic3_f,edu_aggregate_int,2006,41.74
mkd,sex_f,eco_isic3_f,edu_aggregate_int,2007,40.84
mkd,sex_f,eco_isic3_f,edu_aggregate_int,2008,40.07
mkd,sex_f,eco_isic3_f,edu_aggregate_int,2009,40.13
mkd,sex_f,eco_isic3_f,edu_aggregate_int,2010,41.41
mkd,sex_f,eco_isic3_f,edu_aggregate_total,2006,42.37
mkd,sex_f,eco_isic3_f,edu_aggregate_total,2007,40.71
mkd,sex_f,eco_isic3_f,edu_aggregate_total,2008,40.3
mkd,sex_f,eco_isic3_f,edu_aggregate_total,2009,41.09
mkd,sex_f,eco_isic3_f,edu_aggregate_total,2010,41.48
mkd,sex_f,eco_isic3_f,edu_isced11_1,2006,41.35
mkd,sex_f,eco_isic3_f,edu_isced11_1,2007,40.87
mkd,sex_f,eco_isic3_f,edu_isced11_3,2006,41.74
mkd,sex_f,eco_isic3_f,edu_isced11_3,2007,40.84
mkd,sex_f,eco_isic3_f,edu_isced11_3,2008,40.07
mkd,sex_f,eco_isic3_f,edu_isced11_3,2009,40.13
mkd,sex_f,eco_isic3_f,edu_isced11_3,2010,41.41
mkd,sex_f,eco_isic3_f,edu_isced11_5,2007,40
mkd,sex_f,eco_isic3_f,edu_isced11_6,2006,44.22
mkd,sex_f,eco_isic3_f,edu_isced11_6,2007,40.38
mkd,sex_f,eco_isic3_f,edu_isced11_6,2008,40.38
mkd,sex_f,eco_isic3_f,edu_isced11_6,2009,41.86
mkd,sex_f,eco_isic3_f,edu_isced11_6,2010,40.31
mkd,sex_f,eco_isic3_f,edu_isced11_total,2006,42.37
mkd,sex_f,eco_isic3_f,edu_isced11_total,2007,40.71
mkd,sex_f,eco_isic3_f,edu_isced11_total,2008,40.3
mkd,sex_f,eco_isic3_f,edu_isced11_total,2009,41.09
mkd,sex_f,eco_isic3_f,edu_isced11_total,2010,41.48
mkd,sex_f,eco_isic3_g,edu_aggregate_adv,2006,44.09
mkd,sex_f,eco_isic3_g,edu_aggregate_adv,2007,41.85
mkd,sex_f,eco_isic3_g,edu_aggregate_adv,2008,42.67
mkd,sex_f,eco_isic3_g,edu_aggregate_adv,2009,42.05
mkd,sex_f,eco_isic3_g,edu_aggregate_adv,2010,42.44
mkd,sex_f,eco_isic3_g,edu_aggregate_bas,2006,40.83
mkd,sex_f,eco_isic3_g,edu_aggregate_bas,2007,45.8
mkd,sex_f,eco_isic3_g,edu_aggregate_bas,2008,43.74
mkd,sex_f,eco_isic3_g,edu_aggregate_bas,2009,38.77
mkd,sex_f,eco_isic3_g,edu_aggregate_bas,2010,42.5
mkd,sex_f,eco_isic3_g,edu_aggregate_int,2006,44.87
mkd,sex_f,eco_isic3_g,edu_aggregate_int,2007,44.62
mkd,sex_f,eco_isic3_g,edu_aggregate_int,2008,44.41
mkd,sex_f,eco_isic3_g,edu_aggregate_int,2009,43.37
mkd,sex_f,eco_isic3_g,edu_aggregate_int,2010,43.28
mkd,sex_f,eco_isic3_g,edu_aggregate_ltb,2007,46.82
mkd,sex_f,eco_isic3_g,edu_aggregate_ltb,2008,37.08
mkd,sex_f,eco_isic3_g,edu_aggregate_ltb,2009,33.32
mkd,sex_f,eco_isic3_g,edu_aggregate_ltb,2010,32.74
mkd,sex_f,eco_isic3_g,edu_aggregate_total,2006,44.41
mkd,sex_f,eco_isic3_g,edu_aggregate_total,2007,44.27
mkd,sex_f,eco_isic3_g,edu_aggregate_total,2008,44.05
mkd,sex_f,eco_isic3_g,edu_aggregate_total,2009,42.84
mkd,sex_f,eco_isic3_g,edu_aggregate_total,2010,43.02
mkd,sex_f,eco_isic3_g,edu_isced11_0,2009,35.34
mkd,sex_f,eco_isic3_g,edu_isced11_1,2006,40.62
mkd,sex_f,eco_isic3_g,edu_isced11_1,2007,46.04
mkd,sex_f,eco_isic3_g,edu_isced11_1,2008,43.63
mkd,sex_f,eco_isic3_g,edu_isced11_1,2009,38.54
mkd,sex_f,eco_isic3_g,edu_isced11_1,2010,42.59
mkd,sex_f,eco_isic3_g,edu_isced11_3,2006,44.87
mkd,sex_f,eco_isic3_g,edu_isced11_3,2007,44.62
mkd,sex_f,eco_isic3_g,edu_isced11_3,2008,44.41
mkd,sex_f,eco_isic3_g,edu_isced11_3,2009,43.37
mkd,sex_f,eco_isic3_g,edu_isced11_3,2010,43.28
mkd,sex_f,eco_isic3_g,edu_isced11_5,2006,45.79
mkd,sex_f,eco_isic3_g,edu_isced11_5,2007,43.26
mkd,sex_f,eco_isic3_g,edu_isced11_5,2008,42.43
mkd,sex_f,eco_isic3_g,edu_isced11_5,2009,40.3
mkd,sex_f,eco_isic3_g,edu_isced11_5,2010,41.07
mkd,sex_f,eco_isic3_g,edu_isced11_6,2006,43.61
mkd,sex_f,eco_isic3_g,edu_isced11_6,2007,41.49
mkd,sex_f,eco_isic3_g,edu_isced11_6,2008,42.78
mkd,sex_f,eco_isic3_g,edu_isced11_6,2009,42.55
mkd,sex_f,eco_isic3_g,edu_isced11_6,2010,42.87
mkd,sex_f,eco_isic3_g,edu_isced11_7,2009,40.08
mkd,sex_f,eco_isic3_g,edu_isced11_7,2010,42.62
mkd,sex_f,eco_isic3_g,edu_isced11_total,2006,44.41
mkd,sex_f,eco_isic3_g,edu_isced11_total,2007,44.27
mkd,sex_f,eco_isic3_g,edu_isced11_total,2008,44.05
mkd,sex_f,eco_isic3_g,edu_isced11_total,2009,42.84
mkd,sex_f,eco_isic3_g,edu_isced11_total,2010,43.02
mkd,sex_f,eco_isic3_h,edu_aggregate_adv,2006,43.12
mkd,sex_f,eco_isic3_h,edu_aggregate_adv,2007,47.5
mkd,sex_f,eco_isic3_h,edu_aggregate_adv,2008,42.76
mkd,sex_f,eco_isic3_h,edu_aggregate_adv,2009,43.45
mkd,sex_f,eco_isic3_h,edu_aggregate_adv,2010,45.6
mkd,sex_f,eco_isic3_h,edu_aggregate_bas,2006,46.43
mkd,sex_f,eco_isic3_h,edu_aggregate_bas,2007,40.75
mkd,sex_f,eco_isic3_h,edu_aggregate_bas,2008,43.94
mkd,sex_f,eco_isic3_h,edu_aggregate_bas,2009,44.82
mkd,sex_f,eco_isic3_h,edu_aggregate_bas,2010,38.99
mkd,sex_f,eco_isic3_h,edu_aggregate_int,2006,44.27
mkd,sex_f,eco_isic3_h,edu_aggregate_int,2007,44.42
mkd,sex_f,eco_isic3_h,edu_aggregate_int,2008,44.23
mkd,sex_f,eco_isic3_h,edu_aggregate_int,2009,42.21
mkd,sex_f,eco_isic3_h,edu_aggregate_int,2010,43.93
mkd,sex_f,eco_isic3_h,edu_aggregate_total,2006,44.28
mkd,sex_f,eco_isic3_h,edu_aggregate_total,2007,44.41
mkd,sex_f,eco_isic3_h,edu_aggregate_total,2008,44.02
mkd,sex_f,eco_isic3_h,edu_aggregate_total,2009,42.75
mkd,sex_f,eco_isic3_h,edu_aggregate_total,2010,43.39
mkd,sex_f,eco_isic3_h,edu_isced11_1,2006,46.73
mkd,sex_f,eco_isic3_h,edu_isced11_1,2007,40.75
mkd,sex_f,eco_isic3_h,edu_isced11_1,2008,43.94
mkd,sex_f,eco_isic3_h,edu_isced11_1,2009,44.82
mkd,sex_f,eco_isic3_h,edu_isced11_1,2010,38.99
mkd,sex_f,eco_isic3_h,edu_isced11_3,2006,44.27
mkd,sex_f,eco_isic3_h,edu_isced11_3,2007,44.42
mkd,sex_f,eco_isic3_h,edu_isced11_3,2008,44.23
mkd,sex_f,eco_isic3_h,edu_isced11_3,2009,42.21
mkd,sex_f,eco_isic3_h,edu_isced11_3,2010,43.93
mkd,sex_f,eco_isic3_h,edu_isced11_5,2008,45.53
mkd,sex_f,eco_isic3_h,edu_isced11_5,2009,44.18
mkd,sex_f,eco_isic3_h,edu_isced11_5,2010,47.63
mkd,sex_f,eco_isic3_h,edu_isced11_6,2007,49.79
mkd,sex_f,eco_isic3_h,edu_isced11_6,2008,42.95
mkd,sex_f,eco_isic3_h,edu_isced11_6,2009,43.03
mkd,sex_f,eco_isic3_h,edu_isced11_6,2010,44.87
mkd,sex_f,eco_isic3_h,edu_isced11_total,2006,44.28
mkd,sex_f,eco_isic3_h,edu_isced11_total,2007,44.41
mkd,sex_f,eco_isic3_h,edu_isced11_total,2008,44.02
mkd,sex_f,eco_isic3_h,edu_isced11_total,2009,42.75
mkd,sex_f,eco_isic3_h,edu_isced11_total,2010,43.39
mkd,sex_f,eco_isic3_i,edu_aggregate_adv,2006,41.69
mkd,sex_f,eco_isic3_i,edu_aggregate_adv,2007,41.13
mkd,sex_f,eco_isic3_i,edu_aggregate_adv,2008,40.65
mkd,sex_f,eco_isic3_i,edu_aggregate_adv,2009,39.11
mkd,sex_f,eco_isic3_i,edu_aggregate_adv,2010,40.15
mkd,sex_f,eco_isic3_i,edu_aggregate_bas,2007,42.59
mkd,sex_f,eco_isic3_i,edu_aggregate_bas,2008,46.32
mkd,sex_f,eco_isic3_i,edu_aggregate_bas,2009,40.1
mkd,sex_f,eco_isic3_i,edu_aggregate_bas,2010,44.3
mkd,sex_f,eco_isic3_i,edu_aggregate_int,2006,45
mkd,sex_f,eco_isic3_i,edu_aggregate_int,2007,41.06
mkd,sex_f,eco_isic3_i,edu_aggregate_int,2008,41.75
mkd,sex_f,eco_isic3_i,edu_aggregate_int,2009,41.67
mkd,sex_f,eco_isic3_i,edu_aggregate_int,2010,39.68
mkd,sex_f,eco_isic3_i,edu_aggregate_total,2006,43.85
mkd,sex_f,eco_isic3_i,edu_aggregate_total,2007,41.19
mkd,sex_f,eco_isic3_i,edu_aggregate_total,2008,41.77
mkd,sex_f,eco_isic3_i,edu_aggregate_total,2009,40.49
mkd,sex_f,eco_isic3_i,edu_aggregate_total,2010,40.2
mkd,sex_f,eco_isic3_i,edu_isced11_1,2007,42.59
mkd,sex_f,eco_isic3_i,edu_isced11_1,2008,46.32
mkd,sex_f,eco_isic3_i,edu_isced11_1,2009,40.1
mkd,sex_f,eco_isic3_i,edu_isced11_1,2010,44.3
mkd,sex_f,eco_isic3_i,edu_isced11_3,2006,45
mkd,sex_f,eco_isic3_i,edu_isced11_3,2007,41.06
mkd,sex_f,eco_isic3_i,edu_isced11_3,2008,41.75
mkd,sex_f,eco_isic3_i,edu_isced11_3,2009,41.67
mkd,sex_f,eco_isic3_i,edu_isced11_3,2010,39.68
mkd,sex_f,eco_isic3_i,edu_isced11_5,2006,39.57
mkd,sex_f,eco_isic3_i,edu_isced11_5,2007,39.93
mkd,sex_f,eco_isic3_i,edu_isced11_5,2008,41.34
mkd,sex_f,eco_isic3_i,edu_isced11_5,2009,38.46
mkd,sex_f,eco_isic3_i,edu_isced11_5,2010,41.22
mkd,sex_f,eco_isic3_i,edu_isced11_6,2006,42.32
mkd,sex_f,eco_isic3_i,edu_isced11_6,2007,41.94
mkd,sex_f,eco_isic3_i,edu_isced11_6,2008,40.45
mkd,sex_f,eco_isic3_i,edu_isced11_6,2009,39.25
mkd,sex_f,eco_isic3_i,edu_isced11_6,2010,39.82
mkd,sex_f,eco_isic3_i,edu_isced11_total,2006,43.85
mkd,sex_f,eco_isic3_i,edu_isced11_total,2007,41.19
mkd,sex_f,eco_isic3_i,edu_isced11_total,2008,41.77
mkd,sex_f,eco_isic3_i,edu_isced11_total,2009,40.49
mkd,sex_f,eco_isic3_i,edu_isced11_total,2010,40.2
mkd,sex_f,eco_isic3_j,edu_aggregate_adv,2006,42.3
mkd,sex_f,eco_isic3_j,edu_aggregate_adv,2007,39.45
mkd,sex_f,eco_isic3_j,edu_aggregate_adv,2008,39.76
mkd,sex_f,eco_isic3_j,edu_aggregate_adv,2009,40.04
mkd,sex_f,eco_isic3_j,edu_aggregate_adv,2010,39.39
mkd,sex_f,eco_isic3_j,edu_aggregate_int,2006,39.14
mkd,sex_f,eco_isic3_j,edu_aggregate_int,2007,40.48
mkd,sex_f,eco_isic3_j,edu_aggregate_int,2008,40.34
mkd,sex_f,eco_isic3_j,edu_aggregate_int,2009,38.29
mkd,sex_f,eco_isic3_j,edu_aggregate_int,2010,40.37
mkd,sex_f,eco_isic3_j,edu_aggregate_total,2006,40.75
mkd,sex_f,eco_isic3_j,edu_aggregate_total,2007,39.67
mkd,sex_f,eco_isic3_j,edu_aggregate_total,2008,39.79
mkd,sex_f,eco_isic3_j,edu_aggregate_total,2009,39.26
mkd,sex_f,eco_isic3_j,edu_aggregate_total,2010,39.69
mkd,sex_f,eco_isic3_j,edu_isced11_3,2006,39.14
mkd,sex_f,eco_isic3_j,edu_isced11_3,2007,40.48
mkd,sex_f,eco_isic3_j,edu_isced11_3,2008,40.34
mkd,sex_f,eco_isic3_j,edu_isced11_3,2009,38.29
mkd,sex_f,eco_isic3_j,edu_isced11_3,2010,40.37
mkd,sex_f,eco_isic3_j,edu_isced11_5,2006,40.77
mkd,sex_f,eco_isic3_j,edu_isced11_5,2007,38.84
mkd,sex_f,eco_isic3_j,edu_isced11_5,2008,38.11
mkd,sex_f,eco_isic3_j,edu_isced11_5,2009,40.1
mkd,sex_f,eco_isic3_j,edu_isced11_5,2010,39.5
mkd,sex_f,eco_isic3_j,edu_isced11_6,2006,42.31
mkd,sex_f,eco_isic3_j,edu_isced11_6,2007,39.54
mkd,sex_f,eco_isic3_j,edu_isced11_6,2008,40.31
mkd,sex_f,eco_isic3_j,edu_isced11_6,2009,40.03
mkd,sex_f,eco_isic3_j,edu_isced11_6,2010,39.43
mkd,sex_f,eco_isic3_j,edu_isced11_total,2006,40.75
mkd,sex_f,eco_isic3_j,edu_isced11_total,2007,39.67
mkd,sex_f,eco_isic3_j,edu_isced11_total,2008,39.79
mkd,sex_f,eco_isic3_j,edu_isced11_total,2009,39.26
mkd,sex_f,eco_isic3_j,edu_isced11_total,2010,39.69
mkd,sex_f,eco_isic3_k,edu_aggregate_adv,2006,40.47
mkd,sex_f,eco_isic3_k,edu_aggregate_adv,2007,39.87
mkd,sex_f,eco_isic3_k,edu_aggregate_adv,2008,41.07
mkd,sex_f,eco_isic3_k,edu_aggregate_adv,2009,40.23
mkd,sex_f,eco_isic3_k,edu_aggregate_adv,2010,40.12
mkd,sex_f,eco_isic3_k,edu_aggregate_bas,2006,33.49
mkd,sex_f,eco_isic3_k,edu_aggregate_bas,2007,41.62
mkd,sex_f,eco_isic3_k,edu_aggregate_bas,2008,39.91
mkd,sex_f,eco_isic3_k,edu_aggregate_bas,2009,38.31
mkd,sex_f,eco_isic3_k,edu_aggregate_bas,2010,40.49
mkd,sex_f,eco_isic3_k,edu_aggregate_int,2006,39.9
mkd,sex_f,eco_isic3_k,edu_aggregate_int,2007,39.75
mkd,sex_f,eco_isic3_k,edu_aggregate_int,2008,40.56
mkd,sex_f,eco_isic3_k,edu_aggregate_int,2009,37.21
mkd,sex_f,eco_isic3_k,edu_aggregate_int,2010,38.78
mkd,sex_f,eco_isic3_k,edu_aggregate_total,2006,40.05
mkd,sex_f,eco_isic3_k,edu_aggregate_total,2007,39.84
mkd,sex_f,eco_isic3_k,edu_aggregate_total,2008,40.46
mkd,sex_f,eco_isic3_k,edu_aggregate_total,2009,38.9
mkd,sex_f,eco_isic3_k,edu_aggregate_total,2010,39.46
mkd,sex_f,eco_isic3_k,edu_isced11_1,2006,33.49
mkd,sex_f,eco_isic3_k,edu_isced11_1,2007,41.62
mkd,sex_f,eco_isic3_k,edu_isced11_1,2008,39.91
mkd,sex_f,eco_isic3_k,edu_isced11_1,2009,38.31
mkd,sex_f,eco_isic3_k,edu_isced11_1,2010,40.49
mkd,sex_f,eco_isic3_k,edu_isced11_3,2006,39.9
mkd,sex_f,eco_isic3_k,edu_isced11_3,2007,39.75
mkd,sex_f,eco_isic3_k,edu_isced11_3,2008,40.56
mkd,sex_f,eco_isic3_k,edu_isced11_3,2009,37.21
mkd,sex_f,eco_isic3_k,edu_isced11_3,2010,38.78
mkd,sex_f,eco_isic3_k,edu_isced11_5,2006,40.1
mkd,sex_f,eco_isic3_k,edu_isced11_5,2007,38.05
mkd,sex_f,eco_isic3_k,edu_isced11_5,2008,36.68
mkd,sex_f,eco_isic3_k,edu_isced11_5,2009,38.52
mkd,sex_f,eco_isic3_k,edu_isced11_5,2010,43.29
mkd,sex_f,eco_isic3_k,edu_isced11_6,2006,40.53
mkd,sex_f,eco_isic3_k,edu_isced11_6,2007,39.95
mkd,sex_f,eco_isic3_k,edu_isced11_6,2008,41.27
mkd,sex_f,eco_isic3_k,edu_isced11_6,2009,40.43
mkd,sex_f,eco_isic3_k,edu_isced11_6,2010,39.94
mkd,sex_f,eco_isic3_k,edu_isced11_7,2009,39.42
mkd,sex_f,eco_isic3_k,edu_isced11_total,2006,40.05
mkd,sex_f,eco_isic3_k,edu_isced11_total,2007,39.84
mkd,sex_f,eco_isic3_k,edu_isced11_total,2008,40.46
mkd,sex_f,eco_isic3_k,edu_isced11_total,2009,38.9
mkd,sex_f,eco_isic3_k,edu_isced11_total,2010,39.46
mkd,sex_f,eco_isic3_l,edu_aggregate_adv,2006,39.87
mkd,sex_f,eco_isic3_l,edu_aggregate_adv,2007,39.37
mkd,sex_f,eco_isic3_l,edu_aggregate_adv,2008,39.4
mkd,sex_f,eco_isic3_l,edu_aggregate_adv,2009,38.61
mkd,sex_f,eco_isic3_l,edu_aggregate_adv,2010,39.33
mkd,sex_f,eco_isic3_l,edu_aggregate_bas,2006,40.23
mkd,sex_f,eco_isic3_l,edu_aggregate_bas,2007,39.9
mkd,sex_f,eco_isic3_l,edu_aggregate_bas,2008,39.58
mkd,sex_f,eco_isic3_l,edu_aggregate_bas,2009,38.92
mkd,sex_f,eco_isic3_l,edu_aggregate_bas,2010,40.03
mkd,sex_f,eco_isic3_l,edu_aggregate_int,2006,39.68
mkd,sex_f,eco_isic3_l,edu_aggregate_int,2007,39.63
mkd,sex_f,eco_isic3_l,edu_aggregate_int,2008,39.66
mkd,sex_f,eco_isic3_l,edu_aggregate_int,2009,38.79
mkd,sex_f,eco_isic3_l,edu_aggregate_int,2010,39.4
mkd,sex_f,eco_isic3_l,edu_aggregate_total,2006,39.8
mkd,sex_f,eco_isic3_l,edu_aggregate_total,2007,39.51
mkd,sex_f,eco_isic3_l,edu_aggregate_total,2008,39.51
mkd,sex_f,eco_isic3_l,edu_aggregate_total,2009,38.7
mkd,sex_f,eco_isic3_l,edu_aggregate_total,2010,39.39
mkd,sex_f,eco_isic3_l,edu_isced11_1,2006,40.23
mkd,sex_f,eco_isic3_l,edu_isced11_1,2007,39.9
mkd,sex_f,eco_isic3_l,edu_isced11_1,2008,39.38
mkd,sex_f,eco_isic3_l,edu_isced11_1,2009,38.92
mkd,sex_f,eco_isic3_l,edu_isced11_1,2010,40.03
mkd,sex_f,eco_isic3_l,edu_isced11_3,2006,39.68
mkd,sex_f,eco_isic3_l,edu_isced11_3,2007,39.63
mkd,sex_f,eco_isic3_l,edu_isced11_3,2008,39.66
mkd,sex_f,eco_isic3_l,edu_isced11_3,2009,38.79
mkd,sex_f,eco_isic3_l,edu_isced11_3,2010,39.4
mkd,sex_f,eco_isic3_l,edu_isced11_5,2006,40.3
mkd,sex_f,eco_isic3_l,edu_isced11_5,2007,40.17
mkd,sex_f,eco_isic3_l,edu_isced11_5,2008,39.11
mkd,sex_f,eco_isic3_l,edu_isced11_5,2009,39.29
mkd,sex_f,eco_isic3_l,edu_isced11_5,2010,39.45
mkd,sex_f,eco_isic3_l,edu_isced11_6,2006,39.8
mkd,sex_f,eco_isic3_l,edu_isced11_6,2007,39.25
mkd,sex_f,eco_isic3_l,edu_isced11_6,2008,39.48
mkd,sex_f,eco_isic3_l,edu_isced11_6,2009,38.54
mkd,sex_f,eco_isic3_l,edu_isced11_6,2010,39.31
mkd,sex_f,eco_isic3_l,edu_isced11_7,2009,38.24
mkd,sex_f,eco_isic3_l,edu_isced11_7,2010,39.47
mkd,sex_f,eco_isic3_l,edu_isced11_total,2006,39.8
mkd,sex_f,eco_isic3_l,edu_isced11_total,2007,39.51
mkd,sex_f,eco_isic3_l,edu_isced11_total,2008,39.51
mkd,sex_f,eco_isic3_l,edu_isced11_total,2009,38.7
mkd,sex_f,eco_isic3_l,edu_isced11_total,2010,39.39
mkd,sex_f,eco_isic3_m,edu_aggregate_adv,2006,36.57
mkd,sex_f,eco_isic3_m,edu_aggregate_adv,2007,36.47
mkd,sex_f,eco_isic3_m,edu_aggregate_adv,2008,36.09
mkd,sex_f,eco_isic3_m,edu_aggregate_adv,2009,36.03
mkd,sex_f,eco_isic3_m,edu_aggregate_adv,2010,36.39
mkd,sex_f,eco_isic3_m,edu_aggregate_bas,2006,37.91
mkd,sex_f,eco_isic3_m,edu_aggregate_bas,2007,38.75
mkd,sex_f,eco_isic3_m,edu_aggregate_bas,2008,38.79
mkd,sex_f,eco_isic3_m,edu_aggregate_bas,2009,37.15
mkd,sex_f,eco_isic3_m,edu_aggregate_bas,2010,38.2
mkd,sex_f,eco_isic3_m,edu_aggregate_int,2006,38.84
mkd,sex_f,eco_isic3_m,edu_aggregate_int,2007,38.26
mkd,sex_f,eco_isic3_m,edu_aggregate_int,2008,37.22
mkd,sex_f,eco_isic3_m,edu_aggregate_int,2009,37.31
mkd,sex_f,eco_isic3_m,edu_aggregate_int,2010,38.7
mkd,sex_f,eco_isic3_m,edu_aggregate_total,2006,36.95
mkd,sex_f,eco_isic3_m,edu_aggregate_total,2007,36.91
mkd,sex_f,eco_isic3_m,edu_aggregate_total,2008,36.47
mkd,sex_f,eco_isic3_m,edu_aggregate_total,2009,36.32
mkd,sex_f,eco_isic3_m,edu_aggregate_total,2010,36.83
mkd,sex_f,eco_isic3_m,edu_isced11_1,2006,37.91
mkd,sex_f,eco_isic3_m,edu_isced11_1,2007,38.71
mkd,sex_f,eco_isic3_m,edu_isced11_1,2008,38.78
mkd,sex_f,eco_isic3_m,edu_isced11_1,2009,37.09
mkd,sex_f,eco_isic3_m,edu_isced11_1,2010,38.2
mkd,sex_f,eco_isic3_m,edu_isced11_3,2006,38.84
mkd,sex_f,eco_isic3_m,edu_isced11_3,2007,38.26
mkd,sex_f,eco_isic3_m,edu_isced11_3,2008,37.22
mkd,sex_f,eco_isic3_m,edu_isced11_3,2009,37.31
mkd,sex_f,eco_isic3_m,edu_isced11_3,2010,38.7
mkd,sex_f,eco_isic3_m,edu_isced11_5,2006,36.43
mkd,sex_f,eco_isic3_m,edu_isced11_5,2007,38.21
mkd,sex_f,eco_isic3_m,edu_isced11_5,2008,36.06
mkd,sex_f,eco_isic3_m,edu_isced11_5,2009,37.03
mkd,sex_f,eco_isic3_m,edu_isced11_5,2010,36.69
mkd,sex_f,eco_isic3_m,edu_isced11_6,2006,36.65
mkd,sex_f,eco_isic3_m,edu_isced11_6,2007,35.61
mkd,sex_f,eco_isic3_m,edu_isced11_6,2008,36.11
mkd,sex_f,eco_isic3_m,edu_isced11_6,2009,35.79
mkd,sex_f,eco_isic3_m,edu_isced11_6,2010,36.1
mkd,sex_f,eco_isic3_m,edu_isced11_7,2006,34.95
mkd,sex_f,eco_isic3_m,edu_isced11_7,2007,40
mkd,sex_f,eco_isic3_m,edu_isced11_7,2008,29.91
mkd,sex_f,eco_isic3_m,edu_isced11_7,2009,36.25
mkd,sex_f,eco_isic3_m,edu_isced11_7,2010,37.12
mkd,sex_f,eco_isic3_m,edu_isced11_8,2006,39.17
mkd,sex_f,eco_isic3_m,edu_isced11_8,2007,40
mkd,sex_f,eco_isic3_m,edu_isced11_8,2008,39.09
mkd,sex_f,eco_isic3_m,edu_isced11_8,2009,35.22
mkd,sex_f,eco_isic3_m,edu_isced11_8,2010,39.01
mkd,sex_f,eco_isic3_m,edu_isced11_total,2006,36.95
mkd,sex_f,eco_isic3_m,edu_isced11_total,2007,36.91
mkd,sex_f,eco_isic3_m,edu_isced11_total,2008,36.47
mkd,sex_f,eco_isic3_m,edu_isced11_total,2009,36.32
mkd,sex_f,eco_isic3_m,edu_isced11_total,2010,36.83
mkd,sex_f,eco_isic3_n,edu_aggregate_adv,2006,40.55
mkd,sex_f,eco_isic3_n,edu_aggregate_adv,2007,40.71
mkd,sex_f,eco_isic3_n,edu_aggregate_adv,2008,40.87
mkd,sex_f,eco_isic3_n,edu_aggregate_adv,2009,40.15
mkd,sex_f,eco_isic3_n,edu_aggregate_adv,2010,39.57
mkd,sex_f,eco_isic3_n,edu_aggregate_bas,2006,39.92
mkd,sex_f,eco_isic3_n,edu_aggregate_bas,2007,39.86
mkd,sex_f,eco_isic3_n,edu_aggregate_bas,2008,40.39
mkd,sex_f,eco_isic3_n,edu_aggregate_bas,2009,41.01
mkd,sex_f,eco_isic3_n,edu_aggregate_bas,2010,40.22
mkd,sex_f,eco_isic3_n,edu_aggregate_int,2006,40.96
mkd,sex_f,eco_isic3_n,edu_aggregate_int,2007,40.5
mkd,sex_f,eco_isic3_n,edu_aggregate_int,2008,40.62
mkd,sex_f,eco_isic3_n,edu_aggregate_int,2009,40.09
mkd,sex_f,eco_isic3_n,edu_aggregate_int,2010,40.58
mkd,sex_f,eco_isic3_n,edu_aggregate_total,2006,40.71
mkd,sex_f,eco_isic3_n,edu_aggregate_total,2007,40.52
mkd,sex_f,eco_isic3_n,edu_aggregate_total,2008,40.69
mkd,sex_f,eco_isic3_n,edu_aggregate_total,2009,40.21
mkd,sex_f,eco_isic3_n,edu_aggregate_total,2010,40.21
mkd,sex_f,eco_isic3_n,edu_isced11_1,2006,39.92
mkd,sex_f,eco_isic3_n,edu_isced11_1,2007,39.98
mkd,sex_f,eco_isic3_n,edu_isced11_1,2008,40.49
mkd,sex_f,eco_isic3_n,edu_isced11_1,2009,41.05
mkd,sex_f,eco_isic3_n,edu_isced11_1,2010,40.23
mkd,sex_f,eco_isic3_n,edu_isced11_3,2006,40.96
mkd,sex_f,eco_isic3_n,edu_isced11_3,2007,40.5
mkd,sex_f,eco_isic3_n,edu_isced11_3,2008,40.62
mkd,sex_f,eco_isic3_n,edu_isced11_3,2009,40.09
mkd,sex_f,eco_isic3_n,edu_isced11_3,2010,40.58
mkd,sex_f,eco_isic3_n,edu_isced11_5,2006,38.74
mkd,sex_f,eco_isic3_n,edu_isced11_5,2007,39.22
mkd,sex_f,eco_isic3_n,edu_isced11_5,2008,40.74
mkd,sex_f,eco_isic3_n,edu_isced11_5,2009,39.91
mkd,sex_f,eco_isic3_n,edu_isced11_5,2010,39.49
mkd,sex_f,eco_isic3_n,edu_isced11_6,2006,41.23
mkd,sex_f,eco_isic3_n,edu_isced11_6,2007,41.12
mkd,sex_f,eco_isic3_n,edu_isced11_6,2008,40.88
mkd,sex_f,eco_isic3_n,edu_isced11_6,2009,40.28
mkd,sex_f,eco_isic3_n,edu_isced11_6,2010,39.5
mkd,sex_f,eco_isic3_n,edu_isced11_7,2006,39.88
mkd,sex_f,eco_isic3_n,edu_isced11_7,2007,40.2
mkd,sex_f,eco_isic3_n,edu_isced11_7,2008,39.81
mkd,sex_f,eco_isic3_n,edu_isced11_7,2009,39.09
mkd,sex_f,eco_isic3_n,edu_isced11_7,2010,41.03
mkd,sex_f,eco_isic3_n,edu_isced11_8,2006,38.97
mkd,sex_f,eco_isic3_n,edu_isced11_8,2007,37.71
mkd,sex_f,eco_isic3_n,edu_isced11_8,2008,43.23
mkd,sex_f,eco_isic3_n,edu_isced11_8,2009,41.28
mkd,sex_f,eco_isic3_n,edu_isced11_8,2010,38.39
mkd,sex_f,eco_isic3_n,edu_isced11_total,2006,40.71
mkd,sex_f,eco_isic3_n,edu_isced11_total,2007,40.52
mkd,sex_f,eco_isic3_n,edu_isced11_total,2008,40.69
mkd,sex_f,eco_isic3_n,edu_isced11_total,2009,40.21
mkd,sex_f,eco_isic3_n,edu_isced11_total,2010,40.21
mkd,sex_f,eco_isic3_o,edu_aggregate_adv,2006,41.45
mkd,sex_f,eco_isic3_o,edu_aggregate_adv,2007,39.87
mkd,sex_f,eco_isic3_o,edu_aggregate_adv,2008,39.94
mkd,sex_f,eco_isic3_o,edu_aggregate_adv,2009,42.18
mkd,sex_f,eco_isic3_o,edu_aggregate_adv,2010,39.53
mkd,sex_f,eco_isic3_o,edu_aggregate_bas,2006,42.46
mkd,sex_f,eco_isic3_o,edu_aggregate_bas,2007,44.33
mkd,sex_f,eco_isic3_o,edu_aggregate_bas,2008,42.36
mkd,sex_f,eco_isic3_o,edu_aggregate_bas,2009,39.08
mkd,sex_f,eco_isic3_o,edu_aggregate_bas,2010,39.5
mkd,sex_f,eco_isic3_o,edu_aggregate_int,2006,40.56
mkd,sex_f,eco_isic3_o,edu_aggregate_int,2007,42.69
mkd,sex_f,eco_isic3_o,edu_aggregate_int,2008,42.48
mkd,sex_f,eco_isic3_o,edu_aggregate_int,2009,41.55
mkd,sex_f,eco_isic3_o,edu_aggregate_int,2010,41.13
mkd,sex_f,eco_isic3_o,edu_aggregate_total,2006,41.16
mkd,sex_f,eco_isic3_o,edu_aggregate_total,2007,42.07
mkd,sex_f,eco_isic3_o,edu_aggregate_total,2008,41.69
mkd,sex_f,eco_isic3_o,edu_aggregate_total,2009,41.5
mkd,sex_f,eco_isic3_o,edu_aggregate_total,2010,40.61
mkd,sex_f,eco_isic3_o,edu_isced11_1,2006,42.57
mkd,sex_f,eco_isic3_o,edu_isced11_1,2007,44.33
mkd,sex_f,eco_isic3_o,edu_isced11_1,2008,42.17
mkd,sex_f,eco_isic3_o,edu_isced11_1,2009,39.08
mkd,sex_f,eco_isic3_o,edu_isced11_1,2010,39.44
mkd,sex_f,eco_isic3_o,edu_isced11_3,2006,40.56
mkd,sex_f,eco_isic3_o,edu_isced11_3,2007,42.69
mkd,sex_f,eco_isic3_o,edu_isced11_3,2008,42.48
mkd,sex_f,eco_isic3_o,edu_isced11_3,2009,41.55
mkd,sex_f,eco_isic3_o,edu_isced11_3,2010,41.13
mkd,sex_f,eco_isic3_o,edu_isced11_5,2006,41.34
mkd,sex_f,eco_isic3_o,edu_isced11_5,2007,38.56
mkd,sex_f,eco_isic3_o,edu_isced11_5,2008,33.84
mkd,sex_f,eco_isic3_o,edu_isced11_5,2009,41.19
mkd,sex_f,eco_isic3_o,edu_isced11_5,2010,38.87
mkd,sex_f,eco_isic3_o,edu_isced11_6,2006,41.32
mkd,sex_f,eco_isic3_o,edu_isced11_6,2007,40.01
mkd,sex_f,eco_isic3_o,edu_isced11_6,2008,40.42
mkd,sex_f,eco_isic3_o,edu_isced11_6,2009,42.33
mkd,sex_f,eco_isic3_o,edu_isced11_6,2010,39.58
mkd,sex_f,eco_isic3_o,edu_isced11_total,2006,41.16
mkd,sex_f,eco_isic3_o,edu_isced11_total,2007,42.07
mkd,sex_f,eco_isic3_o,edu_isced11_total,2008,41.69
mkd,sex_f,eco_isic3_o,edu_isced11_total,2009,41.5
mkd,sex_f,eco_isic3_o,edu_isced11_total,2010,40.61
mkd,sex_f,eco_isic3_p,edu_aggregate_bas,2007,27.99
mkd,sex_f,eco_isic3_p,edu_aggregate_bas,2009,32.71
mkd,sex_f,eco_isic3_p,edu_aggregate_bas,2010,28.02
mkd,sex_f,eco_isic3_p,edu_aggregate_int,2006,38.95
mkd,sex_f,eco_isic3_p,edu_aggregate_int,2007,29.7
mkd,sex_f,eco_isic3_p,edu_aggregate_int,2008,31.85
mkd,sex_f,eco_isic3_p,edu_aggregate_int,2009,31.32
mkd,sex_f,eco_isic3_p,edu_aggregate_int,2010,26.05
mkd,sex_f,eco_isic3_p,edu_aggregate_total,2006,35.13
mkd,sex_f,eco_isic3_p,edu_aggregate_total,2007,28.65
mkd,sex_f,eco_isic3_p,edu_aggregate_total,2008,29.55
mkd,sex_f,eco_isic3_p,edu_aggregate_total,2009,30.56
mkd,sex_f,eco_isic3_p,edu_aggregate_total,2010,26.86
mkd,sex_f,eco_isic3_p,edu_isced11_1,2007,27.99
mkd,sex_f,eco_isic3_p,edu_isced11_1,2009,32.71
mkd,sex_f,eco_isic3_p,edu_isced11_1,2010,28.02
mkd,sex_f,eco_isic3_p,edu_isced11_3,2006,38.95
mkd,sex_f,eco_isic3_p,edu_isced11_3,2007,29.7
mkd,sex_f,eco_isic3_p,edu_isced11_3,2008,31.85
mkd,sex_f,eco_isic3_p,edu_isced11_3,2009,31.32
mkd,sex_f,eco_isic3_p,edu_isced11_3,2010,26.05
mkd,sex_f,eco_isic3_p,edu_isced11_total,2006,35.13
mkd,sex_f,eco_isic3_p,edu_isced11_total,2007,28.65
mkd,sex_f,eco_isic3_p,edu_isced11_total,2008,29.55
mkd,sex_f,eco_isic3_p,edu_isced11_total,2009,30.56
mkd,sex_f,eco_isic3_p,edu_isced11_total,2010,26.86
mkd,sex_f,eco_isic3_q,edu_aggregate_adv,2006,41.74
mkd,sex_f,eco_isic3_q,edu_aggregate_adv,2007,34.8
mkd,sex_f,eco_isic3_q,edu_aggregate_adv,2008,41.1
mkd,sex_f,eco_isic3_q,edu_aggregate_adv,2009,33.71
mkd,sex_f,eco_isic3_q,edu_aggregate_adv,2010,34.59
mkd,sex_f,eco_isic3_q,edu_aggregate_int,2006,35.98
mkd,sex_f,eco_isic3_q,edu_aggregate_int,2007,39.6
mkd,sex_f,eco_isic3_q,edu_aggregate_int,2010,37.83
mkd,sex_f,eco_isic3_q,edu_aggregate_total,2006,40.23
mkd,sex_f,eco_isic3_q,edu_aggregate_total,2007,36
mkd,sex_f,eco_isic3_q,edu_aggregate_total,2008,39.93
mkd,sex_f,eco_isic3_q,edu_aggregate_total,2009,34.65
mkd,sex_f,eco_isic3_q,edu_aggregate_total,2010,36.74
mkd,sex_f,eco_isic3_q,edu_isced11_3,2006,35.98
mkd,sex_f,eco_isic3_q,edu_isced11_3,2007,39.6
mkd,sex_f,eco_isic3_q,edu_isced11_3,2010,37.83
mkd,sex_f,eco_isic3_q,edu_isced11_6,2006,41.92
mkd,sex_f,eco_isic3_q,edu_isced11_6,2007,33.25
mkd,sex_f,eco_isic3_q,edu_isced11_6,2009,33.01
mkd,sex_f,eco_isic3_q,edu_isced11_6,2010,34.59
mkd,sex_f,eco_isic3_q,edu_isced11_total,2006,40.23
mkd,sex_f,eco_isic3_q,edu_isced11_total,2007,36
mkd,sex_f,eco_isic3_q,edu_isced11_total,2008,39.93
mkd,sex_f,eco_isic3_q,edu_isced11_total,2009,34.65
mkd,sex_f,eco_isic3_q,edu_isced11_total,2010,36.74
mkd,sex_f,eco_isic3_total,edu_aggregate_adv,2006,40.06
mkd,sex_f,eco_isic3_total,edu_aggregate_adv,2007,39.46
mkd,sex_f,eco_isic3_total,edu_aggregate_adv,2008,39.45
mkd,sex_f,eco_isic3_total,edu_aggregate_adv,2009,39.21
mkd,sex_f,eco_isic3_total,edu_aggregate_adv,2010,39.19
mkd,sex_f,eco_isic3_total,edu_aggregate_bas,2006,41.82
mkd,sex_f,eco_isic3_total,edu_aggregate_bas,2007,41.76
mkd,sex_f,eco_isic3_total,edu_aggregate_bas,2008,39.98
mkd,sex_f,eco_isic3_total,edu_aggregate_bas,2009,38.57
mkd,sex_f,eco_isic3_total,edu_aggregate_bas,2010,38.29
mkd,sex_f,eco_isic3_total,edu_aggregate_int,2006,43.05
mkd,sex_f,eco_isic3_total,edu_aggregate_int,2007,42.74
mkd,sex_f,eco_isic3_total,edu_aggregate_int,2008,42.82
mkd,sex_f,eco_isic3_total,edu_aggregate_int,2009,41.78
mkd,sex_f,eco_isic3_total,edu_aggregate_int,2010,41.82
mkd,sex_f,eco_isic3_total,edu_aggregate_ltb,2006,41.65
mkd,sex_f,eco_isic3_total,edu_aggregate_ltb,2007,39.89
mkd,sex_f,eco_isic3_total,edu_aggregate_ltb,2008,37.53
mkd,sex_f,eco_isic3_total,edu_aggregate_ltb,2009,33.98
mkd,sex_f,eco_isic3_total,edu_aggregate_ltb,2010,34.2
mkd,sex_f,eco_isic3_total,edu_aggregate_total,2006,42.04
mkd,sex_f,eco_isic3_total,edu_aggregate_total,2007,41.61
mkd,sex_f,eco_isic3_total,edu_aggregate_total,2008,41.22
mkd,sex_f,eco_isic3_total,edu_aggregate_total,2009,40.19
mkd,sex_f,eco_isic3_total,edu_aggregate_total,2010,40.14
mkd,sex_f,eco_isic3_total,edu_isced11_0,2006,41.92
mkd,sex_f,eco_isic3_total,edu_isced11_0,2007,41
mkd,sex_f,eco_isic3_total,edu_isced11_0,2008,37.4
mkd,sex_f,eco_isic3_total,edu_isced11_0,2009,33.98
mkd,sex_f,eco_isic3_total,edu_isced11_0,2010,34.56
mkd,sex_f,eco_isic3_total,edu_isced11_1,2006,41.76
mkd,sex_f,eco_isic3_total,edu_isced11_1,2007,41.75
mkd,sex_f,eco_isic3_total,edu_isced11_1,2008,40.04
mkd,sex_f,eco_isic3_total,edu_isced11_1,2009,38.54
mkd,sex_f,eco_isic3_total,edu_isced11_1,2010,38.17
mkd,sex_f,eco_isic3_total,edu_isced11_2,2006,45.02
mkd,sex_f,eco_isic3_total,edu_isced11_2,2007,41.98
mkd,sex_f,eco_isic3_total,edu_isced11_2,2008,37.48
mkd,sex_f,eco_isic3_total,edu_isced11_2,2009,40.81
mkd,sex_f,eco_isic3_total,edu_isced11_2,2010,45.6
mkd,sex_f,eco_isic3_total,edu_isced11_3,2006,43.05
mkd,sex_f,eco_isic3_total,edu_isced11_3,2007,42.74
mkd,sex_f,eco_isic3_total,edu_isced11_3,2008,42.82
mkd,sex_f,eco_isic3_total,edu_isced11_3,2009,41.78
mkd,sex_f,eco_isic3_total,edu_isced11_3,2010,41.82
mkd,sex_f,eco_isic3_total,edu_isced11_5,2006,39.8
mkd,sex_f,eco_isic3_total,edu_isced11_5,2007,39.9
mkd,sex_f,eco_isic3_total,edu_isced11_5,2008,38.77
mkd,sex_f,eco_isic3_total,edu_isced11_5,2009,39.2
mkd,sex_f,eco_isic3_total,edu_isced11_5,2010,39.38
mkd,sex_f,eco_isic3_total,edu_isced11_6,2006,40.17
mkd,sex_f,eco_isic3_total,edu_isced11_6,2007,39.33
mkd,sex_f,eco_isic3_total,edu_isced11_6,2008,39.63
mkd,sex_f,eco_isic3_total,edu_isced11_6,2009,39.31
mkd,sex_f,eco_isic3_total,edu_isced11_6,2010,39.16
mkd,sex_f,eco_isic3_total,edu_isced11_7,2006,39.42
mkd,sex_f,eco_isic3_total,edu_isced11_7,2007,40.07
mkd,sex_f,eco_isic3_total,edu_isced11_7,2008,38.73
mkd,sex_f,eco_isic3_total,edu_isced11_7,2009,38.1
mkd,sex_f,eco_isic3_total,edu_isced11_7,2010,38.96
mkd,sex_f,eco_isic3_total,edu_isced11_8,2006,39.08
mkd,sex_f,eco_isic3_total,edu_isced11_8,2007,39.11
mkd,sex_f,eco_isic3_total,edu_isced11_8,2008,40.82
mkd,sex_f,eco_isic3_total,edu_isced11_8,2009,36.64
mkd,sex_f,eco_isic3_total,edu_isced11_8,2010,39.13
mkd,sex_f,eco_isic3_total,edu_isced11_total,2006,42.04
mkd,sex_f,eco_isic3_total,edu_isced11_total,2007,41.61
mkd,sex_f,eco_isic3_total,edu_isced11_total,2008,41.22
mkd,sex_f,eco_isic3_total,edu_isced11_total,2009,40.19
mkd,sex_f,eco_isic3_total,edu_isced11_total,2010,40.14
mkd,sex_f,eco_isic3_total,edu_isced11_x,2006,38.74
mkd,sex_f,eco_isic3_total,edu_isced11_x,2007,36.19
mkd,sex_f,eco_isic3_total,edu_isced11_x,2008,38.21
mkd,sex_f,eco_isic3_total,edu_isced11_x,2009,34
mkd,sex_f,eco_isic3_total,edu_isced11_x,2010,31.88
mkd,sex_f,eco_isic4_a,edu_aggregate_adv,2011,38.76
mkd,sex_f,eco_isic4_a,edu_aggregate_adv,2012,38.18
mkd,sex_f,eco_isic4_a,edu_aggregate_adv,2013,42.23
mkd,sex_f,eco_isic4_a,edu_aggregate_adv,2014,38.11
mkd,sex_f,eco_isic4_a,edu_aggregate_adv,2015,37.71
mkd,sex_f,eco_isic4_a,edu_aggregate_adv,2016,35.67
mkd,sex_f,eco_isic4_a,edu_aggregate_adv,2017,40.06
mkd,sex_f,eco_isic4_a,edu_aggregate_adv,2018,39.88
mkd,sex_f,eco_isic4_a,edu_aggregate_adv,2019,36.52
mkd,sex_f,eco_isic4_a,edu_aggregate_adv,2020,32.4
mkd,sex_f,eco_isic4_a,edu_aggregate_adv,2021,40.88
mkd,sex_f,eco_isic4_a,edu_aggregate_adv,2022,39.51
mkd,sex_f,eco_isic4_a,edu_aggregate_adv,2024,37.93
mkd,sex_f,eco_isic4_a,edu_aggregate_bas,2011,38
mkd,sex_f,eco_isic4_a,edu_aggregate_bas,2012,37.93
mkd,sex_f,eco_isic4_a,edu_aggregate_bas,2013,40.16
mkd,sex_f,eco_isic4_a,edu_aggregate_bas,2014,41.94
mkd,sex_f,eco_isic4_a,edu_aggregate_bas,2015,43.75
mkd,sex_f,eco_isic4_a,edu_aggregate_bas,2016,38.18
mkd,sex_f,eco_isic4_a,edu_aggregate_bas,2017,42.35
mkd,sex_f,eco_isic4_a,edu_aggregate_bas,2018,41.96
mkd,sex_f,eco_isic4_a,edu_aggregate_bas,2019,36.43
mkd,sex_f,eco_isic4_a,edu_aggregate_bas,2020,35.55
mkd,sex_f,eco_isic4_a,edu_aggregate_bas,2021,36.76
mkd,sex_f,eco_isic4_a,edu_aggregate_bas,2022,36.51
mkd,sex_f,eco_isic4_a,edu_aggregate_bas,2024,35.69
mkd,sex_f,eco_isic4_a,edu_aggregate_int,2011,36.04
mkd,sex_f,eco_isic4_a,edu_aggregate_int,2012,36.86
mkd,sex_f,eco_isic4_a,edu_aggregate_int,2013,41.93
mkd,sex_f,eco_isic4_a,edu_aggregate_int,2014,41.62
mkd,sex_f,eco_isic4_a,edu_aggregate_int,2015,43.28
mkd,sex_f,eco_isic4_a,edu_aggregate_int,2016,39.79
mkd,sex_f,eco_isic4_a,edu_aggregate_int,2017,41.05
mkd,sex_f,eco_isic4_a,edu_aggregate_int,2018,41.06
mkd,sex_f,eco_isic4_a,edu_aggregate_int,2019,38.89
mkd,sex_f,eco_isic4_a,edu_aggregate_int,2020,35.51
mkd,sex_f,eco_isic4_a,edu_aggregate_int,2021,35.41
mkd,sex_f,eco_isic4_a,edu_aggregate_int,2022,36.57
mkd,sex_f,eco_isic4_a,edu_aggregate_int,2024,38.15
mkd,sex_f,eco_isic4_a,edu_aggregate_ltb,2011,38.82
mkd,sex_f,eco_isic4_a,edu_aggregate_ltb,2012,36.55
mkd,sex_f,eco_isic4_a,edu_aggregate_ltb,2013,40.89
mkd,sex_f,eco_isic4_a,edu_aggregate_ltb,2014,40.78
mkd,sex_f,eco_isic4_a,edu_aggregate_ltb,2015,41.99
mkd,sex_f,eco_isic4_a,edu_aggregate_ltb,2016,40.83
mkd,sex_f,eco_isic4_a,edu_aggregate_ltb,2017,41.47
mkd,sex_f,eco_isic4_a,edu_aggregate_ltb,2018,42.06
mkd,sex_f,eco_isic4_a,edu_aggregate_ltb,2019,36.56
mkd,sex_f,eco_isic4_a,edu_aggregate_ltb,2020,32.86
mkd,sex_f,eco_isic4_a,edu_aggregate_ltb,2021,35.4
mkd,sex_f,eco_isic4_a,edu_aggregate_ltb,2022,36.27
mkd,sex_f,eco_isic4_a,edu_aggregate_ltb,2024,36.05
mkd,sex_f,eco_isic4_a,edu_aggregate_total,2011,37.76
mkd,sex_f,eco_isic4_a,edu_aggregate_total,2012,37.36
mkd,sex_f,eco_isic4_a,edu_aggregate_total,2013,40.9
mkd,sex_f,eco_isic4_a,edu_aggregate_total,2014,41.61
mkd,sex_f,eco_isic4_a,edu_aggregate_total,2015,43.22
mkd,sex_f,eco_isic4_a,edu_aggregate_total,2016,39
mkd,sex_f,eco_isic4_a,edu_aggregate_total,2017,41.67
mkd,sex_f,eco_isic4_a,edu_aggregate_total,2018,41.58
mkd,sex_f,eco_isic4_a,edu_aggregate_total,2019,37.43
mkd,sex_f,eco_isic4_a,edu_aggregate_total,2020,35.12
mkd,sex_f,eco_isic4_a,edu_aggregate_total,2021,36.34
mkd,sex_f,eco_isic4_a,edu_aggregate_total,2022,36.69
mkd,sex_f,eco_isic4_a,edu_aggregate_total,2024,36.75
mkd,sex_f,eco_isic4_a,edu_isced11_0,2011,39.51
mkd,sex_f,eco_isic4_a,edu_isced11_0,2012,36.64
mkd,sex_f,eco_isic4_a,edu_isced11_0,2013,41.12
mkd,sex_f,eco_isic4_a,edu_isced11_0,2014,40.44
mkd,sex_f,eco_isic4_a,edu_isced11_0,2015,42.48
mkd,sex_f,eco_isic4_a,edu_isced11_0,2016,40.76
mkd,sex_f,eco_isic4_a,edu_isced11_0,2017,41.69
mkd,sex_f,eco_isic4_a,edu_isced11_0,2018,41.91
mkd,sex_f,eco_isic4_a,edu_isced11_0,2019,37.41
mkd,sex_f,eco_isic4_a,edu_isced11_0,2020,32.48
mkd,sex_f,eco_isic4_a,edu_isced11_0,2021,34.45
mkd,sex_f,eco_isic4_a,edu_isced11_0,2022,35.48
mkd,sex_f,eco_isic4_a,edu_isced11_0,2024,36.79
mkd,sex_f,eco_isic4_a,edu_isced11_1,2011,38.02
mkd,sex_f,eco_isic4_a,edu_isced11_1,2012,37.92
mkd,sex_f,eco_isic4_a,edu_isced11_1,2013,40.12
mkd,sex_f,eco_isic4_a,edu_isced11_1,2014,41.93
mkd,sex_f,eco_isic4_a,edu_isced11_1,2015,43.73
mkd,sex_f,eco_isic4_a,edu_isced11_1,2016,38.25
mkd,sex_f,eco_isic4_a,edu_isced11_1,2017,42.35
mkd,sex_f,eco_isic4_a,edu_isced11_1,2018,41.98
mkd,sex_f,eco_isic4_a,edu_isced11_1,2019,36.3
mkd,sex_f,eco_isic4_a,edu_isced11_1,2020,35.6
mkd,sex_f,eco_isic4_a,edu_isced11_1,2021,36.76
mkd,sex_f,eco_isic4_a,edu_isced11_1,2022,36.51
mkd,sex_f,eco_isic4_a,edu_isced11_1,2024,35.63
mkd,sex_f,eco_isic4_a,edu_isced11_2,2016,32.43
mkd,sex_f,eco_isic4_a,edu_isced11_3,2011,36.04
mkd,sex_f,eco_isic4_a,edu_isced11_3,2012,36.86
mkd,sex_f,eco_isic4_a,edu_isced11_3,2013,41.93
mkd,sex_f,eco_isic4_a,edu_isced11_3,2014,41.62
mkd,sex_f,eco_isic4_a,edu_isced11_3,2015,43.28
mkd,sex_f,eco_isic4_a,edu_isced11_3,2016,39.79
mkd,sex_f,eco_isic4_a,edu_isced11_3,2017,41.05
mkd,sex_f,eco_isic4_a,edu_isced11_3,2018,41.06
mkd,sex_f,eco_isic4_a,edu_isced11_3,2019,38.89
mkd,sex_f,eco_isic4_a,edu_isced11_3,2020,35.51
mkd,sex_f,eco_isic4_a,edu_isced11_3,2021,35.41
mkd,sex_f,eco_isic4_a,edu_isced11_3,2022,36.55
mkd,sex_f,eco_isic4_a,edu_isced11_3,2024,38.59
mkd,sex_f,eco_isic4_a,edu_isced11_4,2024,36.82
mkd,sex_f,eco_isic4_a,edu_isced11_5,2011,38.07
mkd,sex_f,eco_isic4_a,edu_isced11_5,2012,36.89
mkd,sex_f,eco_isic4_a,edu_isced11_5,2013,40.17
mkd,sex_f,eco_isic4_a,edu_isced11_5,2015,31.38
mkd,sex_f,eco_isic4_a,edu_isced11_5,2016,32.96
mkd,sex_f,eco_isic4_a,edu_isced11_5,2017,42.2
mkd,sex_f,eco_isic4_a,edu_isced11_5,2019,35.87
mkd,sex_f,eco_isic4_a,edu_isced11_5,2020,17.42
mkd,sex_f,eco_isic4_a,edu_isced11_6,2011,39.14
mkd,sex_f,eco_isic4_a,edu_isced11_6,2012,39.22
mkd,sex_f,eco_isic4_a,edu_isced11_6,2013,43.38
mkd,sex_f,eco_isic4_a,edu_isced11_6,2014,38.72
mkd,sex_f,eco_isic4_a,edu_isced11_6,2015,39.96
mkd,sex_f,eco_isic4_a,edu_isced11_6,2016,36.64
mkd,sex_f,eco_isic4_a,edu_isced11_6,2017,39.2
mkd,sex_f,eco_isic4_a,edu_isced11_6,2018,39.64
mkd,sex_f,eco_isic4_a,edu_isced11_6,2019,36.86
mkd,sex_f,eco_isic4_a,edu_isced11_6,2020,35.97
mkd,sex_f,eco_isic4_a,edu_isced11_6,2021,40.93
mkd,sex_f,eco_isic4_a,edu_isced11_6,2022,39.42
mkd,sex_f,eco_isic4_a,edu_isced11_6,2024,37.91
mkd,sex_f,eco_isic4_a,edu_isced11_total,2011,37.76
mkd,sex_f,eco_isic4_a,edu_isced11_total,2012,37.36
mkd,sex_f,eco_isic4_a,edu_isced11_total,2013,40.9
mkd,sex_f,eco_isic4_a,edu_isced11_total,2014,41.61
mkd,sex_f,eco_isic4_a,edu_isced11_total,2015,43.22
mkd,sex_f,eco_isic4_a,edu_isced11_total,2016,39
mkd,sex_f,eco_isic4_a,edu_isced11_total,2017,41.67
mkd,sex_f,eco_isic4_a,edu_isced11_total,2018,41.58
mkd,sex_f,eco_isic4_a,edu_isced11_total,2019,37.43
mkd,sex_f,eco_isic4_a,edu_isced11_total,2020,35.12
mkd,sex_f,eco_isic4_a,edu_isced11_total,2021,36.34
mkd,sex_f,eco_isic4_a,edu_isced11_total,2022,36.69
mkd,sex_f,eco_isic4_a,edu_isced11_total,2024,36.75
mkd,sex_f,eco_isic4_a,edu_isced11_x,2011,33.29
mkd,sex_f,eco_isic4_a,edu_isced11_x,2012,35.86
mkd,sex_f,eco_isic4_a,edu_isced11_x,2013,39.2
mkd,sex_f,eco_isic4_a,edu_isced11_x,2014,43.22
mkd,sex_f,eco_isic4_a,edu_isced11_x,2015,38.7
mkd,sex_f,eco_isic4_a,edu_isced11_x,2016,41.34
mkd,sex_f,eco_isic4_a,edu_isced11_x,2017,40.13
mkd,sex_f,eco_isic4_a,edu_isced11_x,2018,44.54
mkd,sex_f,eco_isic4_a,edu_isced11_x,2019,32.64
mkd,sex_f,eco_isic4_a,edu_isced11_x,2020,34.27
mkd,sex_f,eco_isic4_a,edu_isced11_x,2021,39.65
mkd,sex_f,eco_isic4_a,edu_isced11_x,2022,39.22
mkd,sex_f,eco_isic4_b,edu_aggregate_adv,2014,40
mkd,sex_f,eco_isic4_b,edu_aggregate_adv,2015,38.84
mkd,sex_f,eco_isic4_b,edu_aggregate_adv,2018,41.26
mkd,sex_f,eco_isic4_b,edu_aggregate_adv,2019,40
mkd,sex_f,eco_isic4_b,edu_aggregate_adv,2021,38.06
mkd,sex_f,eco_isic4_b,edu_aggregate_adv,2022,38.77
mkd,sex_f,eco_isic4_b,edu_aggregate_adv,2024,38.45
mkd,sex_f,eco_isic4_b,edu_aggregate_int,2011,44.34
mkd,sex_f,eco_isic4_b,edu_aggregate_int,2013,40
mkd,sex_f,eco_isic4_b,edu_aggregate_int,2014,40
mkd,sex_f,eco_isic4_b,edu_aggregate_int,2020,39.16
mkd,sex_f,eco_isic4_b,edu_aggregate_int,2021,38.17
mkd,sex_f,eco_isic4_b,edu_aggregate_int,2024,40.26
mkd,sex_f,eco_isic4_b,edu_aggregate_total,2011,43.98
mkd,sex_f,eco_isic4_b,edu_aggregate_total,2013,40
mkd,sex_f,eco_isic4_b,edu_aggregate_total,2014,40
mkd,sex_f,eco_isic4_b,edu_aggregate_total,2015,39.25
mkd,sex_f,eco_isic4_b,edu_aggregate_total,2016,38.3
mkd,sex_f,eco_isic4_b,edu_aggregate_total,2017,40
mkd,sex_f,eco_isic4_b,edu_aggregate_total,2018,40.9
mkd,sex_f,eco_isic4_b,edu_aggregate_total,2019,40
mkd,sex_f,eco_isic4_b,edu_aggregate_total,2020,39.46
mkd,sex_f,eco_isic4_b,edu_aggregate_total,2021,38.11
mkd,sex_f,eco_isic4_b,edu_aggregate_total,2022,36.17
mkd,sex_f,eco_isic4_b,edu_aggregate_total,2024,39.2
mkd,sex_f,eco_isic4_b,edu_isced11_3,2011,44.34
mkd,sex_f,eco_isic4_b,edu_isced11_3,2013,40
mkd,sex_f,eco_isic4_b,edu_isced11_3,2014,40
mkd,sex_f,eco_isic4_b,edu_isced11_3,2020,39.16
mkd,sex_f,eco_isic4_b,edu_isced11_3,2021,38.17
mkd,sex_f,eco_isic4_b,edu_isced11_6,2014,40
mkd,sex_f,eco_isic4_b,edu_isced11_6,2015,38.76
mkd,sex_f,eco_isic4_b,edu_isced11_6,2018,41.42
mkd,sex_f,eco_isic4_b,edu_isced11_6,2022,40
mkd,sex_f,eco_isic4_b,edu_isced11_6,2024,38.45
mkd,sex_f,eco_isic4_b,edu_isced11_total,2011,43.98
mkd,sex_f,eco_isic4_b,edu_isced11_total,2013,40
mkd,sex_f,eco_isic4_b,edu_isced11_total,2014,40
mkd,sex_f,eco_isic4_b,edu_isced11_total,2015,39.25
mkd,sex_f,eco_isic4_b,edu_isced11_total,2016,38.3
mkd,sex_f,eco_isic4_b,edu_isced11_total,2017,40
mkd,sex_f,eco_isic4_b,edu_isced11_total,2018,40.9
mkd,sex_f,eco_isic4_b,edu_isced11_total,2019,40
mkd,sex_f,eco_isic4_b,edu_isced11_total,2020,39.46
mkd,sex_f,eco_isic4_b,edu_isced11_total,2021,38.11
mkd,sex_f,eco_isic4_b,edu_isced11_total,2022,36.17
mkd,sex_f,eco_isic4_b,edu_isced11_total,2024,39.2
mkd,sex_f,eco_isic4_c,edu_aggregate_adv,2011,40.7
mkd,sex_f,eco_isic4_c,edu_aggregate_adv,2012,41.24
mkd,sex_f,eco_isic4_c,edu_aggregate_adv,2013,40.97
mkd,sex_f,eco_isic4_c,edu_aggregate_adv,2014,41.23
mkd,sex_f,eco_isic4_c,edu_aggregate_adv,2015,40.86
mkd,sex_f,eco_isic4_c,edu_aggregate_adv,2016,41.6
mkd,sex_f,eco_isic4_c,edu_aggregate_adv,2017,42.02
mkd,sex_f,eco_isic4_c,edu_aggregate_adv,2018,40.67
mkd,sex_f,eco_isic4_c,edu_aggregate_adv,2019,39.78
mkd,sex_f,eco_isic4_c,edu_aggregate_adv,2020,39.23
mkd,sex_f,eco_isic4_c,edu_aggregate_adv,2021,40
mkd,sex_f,eco_isic4_c,edu_aggregate_adv,2022,39.67
mkd,sex_f,eco_isic4_c,edu_aggregate_adv,2024,37.95
mkd,sex_f,eco_isic4_c,edu_aggregate_bas,2011,43.72
mkd,sex_f,eco_isic4_c,edu_aggregate_bas,2012,43.56
mkd,sex_f,eco_isic4_c,edu_aggregate_bas,2013,43.14
mkd,sex_f,eco_isic4_c,edu_aggregate_bas,2014,43.41
mkd,sex_f,eco_isic4_c,edu_aggregate_bas,2015,42.17
mkd,sex_f,eco_isic4_c,edu_aggregate_bas,2016,43.78
mkd,sex_f,eco_isic4_c,edu_aggregate_bas,2017,44.11
mkd,sex_f,eco_isic4_c,edu_aggregate_bas,2018,43.01
mkd,sex_f,eco_isic4_c,edu_aggregate_bas,2019,42.24
mkd,sex_f,eco_isic4_c,edu_aggregate_bas,2020,40.24
mkd,sex_f,eco_isic4_c,edu_aggregate_bas,2021,39.53
mkd,sex_f,eco_isic4_c,edu_aggregate_bas,2022,40.4
mkd,sex_f,eco_isic4_c,edu_aggregate_bas,2024,39.35
mkd,sex_f,eco_isic4_c,edu_aggregate_int,2011,43.62
mkd,sex_f,eco_isic4_c,edu_aggregate_int,2012,43.25
mkd,sex_f,eco_isic4_c,edu_aggregate_int,2013,42.96
mkd,sex_f,eco_isic4_c,edu_aggregate_int,2014,42.26
mkd,sex_f,eco_isic4_c,edu_aggregate_int,2015,42.01
mkd,sex_f,eco_isic4_c,edu_aggregate_int,2016,42.71
mkd,sex_f,eco_isic4_c,edu_aggregate_int,2017,42.87
mkd,sex_f,eco_isic4_c,edu_aggregate_int,2018,42.12
mkd,sex_f,eco_isic4_c,edu_aggregate_int,2019,41.37
mkd,sex_f,eco_isic4_c,edu_aggregate_int,2020,40.22
mkd,sex_f,eco_isic4_c,edu_aggregate_int,2021,40.43
mkd,sex_f,eco_isic4_c,edu_aggregate_int,2022,40.77
mkd,sex_f,eco_isic4_c,edu_aggregate_int,2024,38.64
mkd,sex_f,eco_isic4_c,edu_aggregate_ltb,2011,44.11
mkd,sex_f,eco_isic4_c,edu_aggregate_ltb,2012,43.9
mkd,sex_f,eco_isic4_c,edu_aggregate_ltb,2013,41.59
mkd,sex_f,eco_isic4_c,edu_aggregate_ltb,2015,44.44
mkd,sex_f,eco_isic4_c,edu_aggregate_ltb,2016,41.27
mkd,sex_f,eco_isic4_c,edu_aggregate_ltb,2017,39.03
mkd,sex_f,eco_isic4_c,edu_aggregate_ltb,2018,42.38
mkd,sex_f,eco_isic4_c,edu_aggregate_ltb,2019,43.34
mkd,sex_f,eco_isic4_c,edu_aggregate_ltb,2020,41.87
mkd,sex_f,eco_isic4_c,edu_aggregate_ltb,2022,41.64
mkd,sex_f,eco_isic4_c,edu_aggregate_ltb,2024,38.62
mkd,sex_f,eco_isic4_c,edu_aggregate_total,2011,43.35
mkd,sex_f,eco_isic4_c,edu_aggregate_total,2012,43.12
mkd,sex_f,eco_isic4_c,edu_aggregate_total,2013,42.8
mkd,sex_f,eco_isic4_c,edu_aggregate_total,2014,42.39
mkd,sex_f,eco_isic4_c,edu_aggregate_total,2015,41.92
mkd,sex_f,eco_isic4_c,edu_aggregate_total,2016,42.71
mkd,sex_f,eco_isic4_c,edu_aggregate_total,2017,42.91
mkd,sex_f,eco_isic4_c,edu_aggregate_total,2018,42.03
mkd,sex_f,eco_isic4_c,edu_aggregate_total,2019,41.29
mkd,sex_f,eco_isic4_c,edu_aggregate_total,2020,40.12
mkd,sex_f,eco_isic4_c,edu_aggregate_total,2021,40.23
mkd,sex_f,eco_isic4_c,edu_aggregate_total,2022,40.57
mkd,sex_f,eco_isic4_c,edu_aggregate_total,2024,38.71
mkd,sex_f,eco_isic4_c,edu_isced11_0,2011,44.11
mkd,sex_f,eco_isic4_c,edu_isced11_0,2012,45.34
mkd,sex_f,eco_isic4_c,edu_isced11_0,2013,41.59
mkd,sex_f,eco_isic4_c,edu_isced11_0,2015,44.2
mkd,sex_f,eco_isic4_c,edu_isced11_0,2016,41.84
mkd,sex_f,eco_isic4_c,edu_isced11_0,2017,38.97
mkd,sex_f,eco_isic4_c,edu_isced11_0,2018,42.73
mkd,sex_f,eco_isic4_c,edu_isced11_0,2019,43.34
mkd,sex_f,eco_isic4_c,edu_isced11_0,2020,42.28
mkd,sex_f,eco_isic4_c,edu_isced11_0,2024,40.9
mkd,sex_f,eco_isic4_c,edu_isced11_1,2011,43.6
mkd,sex_f,eco_isic4_c,edu_isced11_1,2012,43.63
mkd,sex_f,eco_isic4_c,edu_isced11_1,2013,43.21
mkd,sex_f,eco_isic4_c,edu_isced11_1,2014,43.42
mkd,sex_f,eco_isic4_c,edu_isced11_1,2015,42.19
mkd,sex_f,eco_isic4_c,edu_isced11_1,2016,43.83
mkd,sex_f,eco_isic4_c,edu_isced11_1,2017,44.14
mkd,sex_f,eco_isic4_c,edu_isced11_1,2018,43.04
mkd,sex_f,eco_isic4_c,edu_isced11_1,2019,42.29
mkd,sex_f,eco_isic4_c,edu_isced11_1,2020,40.24
mkd,sex_f,eco_isic4_c,edu_isced11_1,2021,39.46
mkd,sex_f,eco_isic4_c,edu_isced11_1,2022,40.23
mkd,sex_f,eco_isic4_c,edu_isced11_1,2024,39.34
mkd,sex_f,eco_isic4_c,edu_isced11_2,2011,46.51
mkd,sex_f,eco_isic4_c,edu_isced11_2,2012,42.01
mkd,sex_f,eco_isic4_c,edu_isced11_2,2013,40.74
mkd,sex_f,eco_isic4_c,edu_isced11_2,2016,41.75
mkd,sex_f,eco_isic4_c,edu_isced11_2,2020,40
mkd,sex_f,eco_isic4_c,edu_isced11_2,2022,46.15
mkd,sex_f,eco_isic4_c,edu_isced11_3,2011,43.62
mkd,sex_f,eco_isic4_c,edu_isced11_3,2012,43.25
mkd,sex_f,eco_isic4_c,edu_isced11_3,2013,42.96
mkd,sex_f,eco_isic4_c,edu_isced11_3,2014,42.26
mkd,sex_f,eco_isic4_c,edu_isced11_3,2015,42.01
mkd,sex_f,eco_isic4_c,edu_isced11_3,2016,42.71
mkd,sex_f,eco_isic4_c,edu_isced11_3,2017,42.87
mkd,sex_f,eco_isic4_c,edu_isced11_3,2018,42.12
mkd,sex_f,eco_isic4_c,edu_isced11_3,2019,41.37
mkd,sex_f,eco_isic4_c,edu_isced11_3,2020,40.22
mkd,sex_f,eco_isic4_c,edu_isced11_3,2021,40.43
mkd,sex_f,eco_isic4_c,edu_isced11_3,2022,40.77
mkd,sex_f,eco_isic4_c,edu_isced11_3,2024,38.65
mkd,sex_f,eco_isic4_c,edu_isced11_4,2024,38.62
mkd,sex_f,eco_isic4_c,edu_isced11_5,2011,41.09
mkd,sex_f,eco_isic4_c,edu_isced11_5,2012,42.35
mkd,sex_f,eco_isic4_c,edu_isced11_5,2013,40.84
mkd,sex_f,eco_isic4_c,edu_isced11_5,2014,42.73
mkd,sex_f,eco_isic4_c,edu_isced11_5,2015,41.49
mkd,sex_f,eco_isic4_c,edu_isced11_5,2016,45.99
mkd,sex_f,eco_isic4_c,edu_isced11_5,2017,41.68
mkd,sex_f,eco_isic4_c,edu_isced11_5,2018,41.3
mkd,sex_f,eco_isic4_c,edu_isced11_5,2019,41.45
mkd,sex_f,eco_isic4_c,edu_isced11_5,2020,35.91
mkd,sex_f,eco_isic4_c,edu_isced11_5,2021,39.79
mkd,sex_f,eco_isic4_c,edu_isced11_5,2022,40.48
mkd,sex_f,eco_isic4_c,edu_isced11_5,2024,37.47
mkd,sex_f,eco_isic4_c,edu_isced11_6,2011,40.82
mkd,sex_f,eco_isic4_c,edu_isced11_6,2012,40.99
mkd,sex_f,eco_isic4_c,edu_isced11_6,2013,40.93
mkd,sex_f,eco_isic4_c,edu_isced11_6,2014,41.08
mkd,sex_f,eco_isic4_c,edu_isced11_6,2015,40.83
mkd,sex_f,eco_isic4_c,edu_isced11_6,2016,40.73
mkd,sex_f,eco_isic4_c,edu_isced11_6,2017,42.19
mkd,sex_f,eco_isic4_c,edu_isced11_6,2018,40.66
mkd,sex_f,eco_isic4_c,edu_isced11_6,2019,39.56
mkd,sex_f,eco_isic4_c,edu_isced11_6,2020,39.6
mkd,sex_f,eco_isic4_c,edu_isced11_6,2021,39.88
mkd,sex_f,eco_isic4_c,edu_isced11_6,2022,39.29
mkd,sex_f,eco_isic4_c,edu_isced11_6,2024,38.01
mkd,sex_f,eco_isic4_c,edu_isced11_7,2013,41.68
mkd,sex_f,eco_isic4_c,edu_isced11_7,2014,39.13
mkd,sex_f,eco_isic4_c,edu_isced11_7,2015,40.07
mkd,sex_f,eco_isic4_c,edu_isced11_7,2016,40.27
mkd,sex_f,eco_isic4_c,edu_isced11_7,2017,41.02
mkd,sex_f,eco_isic4_c,edu_isced11_7,2018,39.52
mkd,sex_f,eco_isic4_c,edu_isced11_7,2019,39.68
mkd,sex_f,eco_isic4_c,edu_isced11_7,2020,40
mkd,sex_f,eco_isic4_c,edu_isced11_7,2021,41.59
mkd,sex_f,eco_isic4_c,edu_isced11_7,2022,42.53
mkd,sex_f,eco_isic4_c,edu_isced11_7,2024,37.58
mkd,sex_f,eco_isic4_c,edu_isced11_total,2011,43.35
mkd,sex_f,eco_isic4_c,edu_isced11_total,2012,43.12
mkd,sex_f,eco_isic4_c,edu_isced11_total,2013,42.8
mkd,sex_f,eco_isic4_c,edu_isced11_total,2014,42.39
mkd,sex_f,eco_isic4_c,edu_isced11_total,2015,41.92
mkd,sex_f,eco_isic4_c,edu_isced11_total,2016,42.71
mkd,sex_f,eco_isic4_c,edu_isced11_total,2017,42.91
mkd,sex_f,eco_isic4_c,edu_isced11_total,2018,42.03
mkd,sex_f,eco_isic4_c,edu_isced11_total,2019,41.29
mkd,sex_f,eco_isic4_c,edu_isced11_total,2020,40.12
mkd,sex_f,eco_isic4_c,edu_isced11_total,2021,40.23
mkd,sex_f,eco_isic4_c,edu_isced11_total,2022,40.57
mkd,sex_f,eco_isic4_c,edu_isced11_total,2024,38.71
mkd,sex_f,eco_isic4_c,edu_isced11_x,2022,42.09
mkd,sex_f,eco_isic4_d,edu_aggregate_adv,2011,38.19
mkd,sex_f,eco_isic4_d,edu_aggregate_adv,2012,40.56
mkd,sex_f,eco_isic4_d,edu_aggregate_adv,2013,40
mkd,sex_f,eco_isic4_d,edu_aggregate_adv,2014,40
mkd,sex_f,eco_isic4_d,edu_aggregate_adv,2015,40
mkd,sex_f,eco_isic4_d,edu_aggregate_adv,2016,40
mkd,sex_f,eco_isic4_d,edu_aggregate_adv,2017,40
mkd,sex_f,eco_isic4_d,edu_aggregate_adv,2018,37.99
mkd,sex_f,eco_isic4_d,edu_aggregate_adv,2019,39.33
mkd,sex_f,eco_isic4_d,edu_aggregate_adv,2020,40
mkd,sex_f,eco_isic4_d,edu_aggregate_adv,2021,38.53
mkd,sex_f,eco_isic4_d,edu_aggregate_adv,2022,37.29
mkd,sex_f,eco_isic4_d,edu_aggregate_adv,2024,39.25
mkd,sex_f,eco_isic4_d,edu_aggregate_bas,2013,40
mkd,sex_f,eco_isic4_d,edu_aggregate_bas,2014,40
mkd,sex_f,eco_isic4_d,edu_aggregate_bas,2015,40
mkd,sex_f,eco_isic4_d,edu_aggregate_bas,2016,40
mkd,sex_f,eco_isic4_d,edu_aggregate_int,2011,39.28
mkd,sex_f,eco_isic4_d,edu_aggregate_int,2012,40.18
mkd,sex_f,eco_isic4_d,edu_aggregate_int,2013,40.16
mkd,sex_f,eco_isic4_d,edu_aggregate_int,2014,38.52
mkd,sex_f,eco_isic4_d,edu_aggregate_int,2015,42.09
mkd,sex_f,eco_isic4_d,edu_aggregate_int,2016,39.48
mkd,sex_f,eco_isic4_d,edu_aggregate_int,2017,40
mkd,sex_f,eco_isic4_d,edu_aggregate_int,2018,39.59
mkd,sex_f,eco_isic4_d,edu_aggregate_int,2019,38.78
mkd,sex_f,eco_isic4_d,edu_aggregate_int,2020,38.83
mkd,sex_f,eco_isic4_d,edu_aggregate_int,2021,39.32
mkd,sex_f,eco_isic4_d,edu_aggregate_int,2022,40.31
mkd,sex_f,eco_isic4_d,edu_aggregate_int,2024,36.89
mkd,sex_f,eco_isic4_d,edu_aggregate_total,2011,38.91
mkd,sex_f,eco_isic4_d,edu_aggregate_total,2012,40.1
mkd,sex_f,eco_isic4_d,edu_aggregate_total,2013,40.1
mkd,sex_f,eco_isic4_d,edu_aggregate_total,2014,39.29
mkd,sex_f,eco_isic4_d,edu_aggregate_total,2015,40.71
mkd,sex_f,eco_isic4_d,edu_aggregate_total,2016,39.74
mkd,sex_f,eco_isic4_d,edu_aggregate_total,2017,40
mkd,sex_f,eco_isic4_d,edu_aggregate_total,2018,39.19
mkd,sex_f,eco_isic4_d,edu_aggregate_total,2019,38.94
mkd,sex_f,eco_isic4_d,edu_aggregate_total,2020,39.25
mkd,sex_f,eco_isic4_d,edu_aggregate_total,2021,38.78
mkd,sex_f,eco_isic4_d,edu_aggregate_total,2022,39.09
mkd,sex_f,eco_isic4_d,edu_aggregate_total,2024,38.23
mkd,sex_f,eco_isic4_d,edu_isced11_1,2013,40
mkd,sex_f,eco_isic4_d,edu_isced11_1,2014,40
mkd,sex_f,eco_isic4_d,edu_isced11_1,2015,40
mkd,sex_f,eco_isic4_d,edu_isced11_1,2016,40
mkd,sex_f,eco_isic4_d,edu_isced11_3,2011,39.28
mkd,sex_f,eco_isic4_d,edu_isced11_3,2012,40.18
mkd,sex_f,eco_isic4_d,edu_isced11_3,2013,40.16
mkd,sex_f,eco_isic4_d,edu_isced11_3,2014,38.52
mkd,sex_f,eco_isic4_d,edu_isced11_3,2015,42.09
mkd,sex_f,eco_isic4_d,edu_isced11_3,2016,39.48
mkd,sex_f,eco_isic4_d,edu_isced11_3,2017,40
mkd,sex_f,eco_isic4_d,edu_isced11_3,2018,39.59
mkd,sex_f,eco_isic4_d,edu_isced11_3,2019,38.78
mkd,sex_f,eco_isic4_d,edu_isced11_3,2020,38.83
mkd,sex_f,eco_isic4_d,edu_isced11_3,2021,39.32
mkd,sex_f,eco_isic4_d,edu_isced11_3,2022,40.35
mkd,sex_f,eco_isic4_d,edu_isced11_3,2024,36.89
mkd,sex_f,eco_isic4_d,edu_isced11_5,2012,40
mkd,sex_f,eco_isic4_d,edu_isced11_6,2011,37.89
mkd,sex_f,eco_isic4_d,edu_isced11_6,2014,40
mkd,sex_f,eco_isic4_d,edu_isced11_6,2015,40
mkd,sex_f,eco_isic4_d,edu_isced11_6,2016,40
mkd,sex_f,eco_isic4_d,edu_isced11_6,2018,37.99
mkd,sex_f,eco_isic4_d,edu_isced11_6,2019,40
mkd,sex_f,eco_isic4_d,edu_isced11_6,2020,40
mkd,sex_f,eco_isic4_d,edu_isced11_6,2021,38.57
mkd,sex_f,eco_isic4_d,edu_isced11_6,2022,36.57
mkd,sex_f,eco_isic4_d,edu_isced11_6,2024,39.14
mkd,sex_f,eco_isic4_d,edu_isced11_7,2021,38.26
mkd,sex_f,eco_isic4_d,edu_isced11_7,2022,37.48
mkd,sex_f,eco_isic4_d,edu_isced11_total,2011,38.91
mkd,sex_f,eco_isic4_d,edu_isced11_total,2012,40.1
mkd,sex_f,eco_isic4_d,edu_isced11_total,2013,40.1
mkd,sex_f,eco_isic4_d,edu_isced11_total,2014,39.29
mkd,sex_f,eco_isic4_d,edu_isced11_total,2015,40.71
mkd,sex_f,eco_isic4_d,edu_isced11_total,2016,39.74
mkd,sex_f,eco_isic4_d,edu_isced11_total,2017,40
mkd,sex_f,eco_isic4_d,edu_isced11_total,2018,39.19
mkd,sex_f,eco_isic4_d,edu_isced11_total,2019,38.94
mkd,sex_f,eco_isic4_d,edu_isced11_total,2020,39.25
mkd,sex_f,eco_isic4_d,edu_isced11_total,2021,38.78
mkd,sex_f,eco_isic4_d,edu_isced11_total,2022,39.09
mkd,sex_f,eco_isic4_d,edu_isced11_total,2024,38.23
mkd,sex_f,eco_isic4_e,edu_aggregate_adv,2011,38.49
mkd,sex_f,eco_isic4_e,edu_aggregate_adv,2012,41.21
mkd,sex_f,eco_isic4_e,edu_aggregate_adv,2013,40
mkd,sex_f,eco_isic4_e,edu_aggregate_adv,2014,40
mkd,sex_f,eco_isic4_e,edu_aggregate_adv,2015,40
mkd,sex_f,eco_isic4_e,edu_aggregate_adv,2016,40.12
mkd,sex_f,eco_isic4_e,edu_aggregate_adv,2017,38.99
mkd,sex_f,eco_isic4_e,edu_aggregate_adv,2018,40
mkd,sex_f,eco_isic4_e,edu_aggregate_adv,2019,39.33
mkd,sex_f,eco_isic4_e,edu_aggregate_adv,2020,37.95
mkd,sex_f,eco_isic4_e,edu_aggregate_adv,2021,38.51
mkd,sex_f,eco_isic4_e,edu_aggregate_adv,2022,38.7
mkd,sex_f,eco_isic4_e,edu_aggregate_adv,2024,37.32
mkd,sex_f,eco_isic4_e,edu_aggregate_bas,2011,40.41
mkd,sex_f,eco_isic4_e,edu_aggregate_bas,2012,42.34
mkd,sex_f,eco_isic4_e,edu_aggregate_int,2011,38.88
mkd,sex_f,eco_isic4_e,edu_aggregate_int,2012,40
mkd,sex_f,eco_isic4_e,edu_aggregate_int,2013,39.2
mkd,sex_f,eco_isic4_e,edu_aggregate_int,2014,39.5
mkd,sex_f,eco_isic4_e,edu_aggregate_int,2015,39.38
mkd,sex_f,eco_isic4_e,edu_aggregate_int,2016,40.15
mkd,sex_f,eco_isic4_e,edu_aggregate_int,2017,38.29
mkd,sex_f,eco_isic4_e,edu_aggregate_int,2018,37.71
mkd,sex_f,eco_isic4_e,edu_aggregate_int,2019,39.9
mkd,sex_f,eco_isic4_e,edu_aggregate_int,2020,36.24
mkd,sex_f,eco_isic4_e,edu_aggregate_int,2021,38.59
mkd,sex_f,eco_isic4_e,edu_aggregate_int,2022,40.04
mkd,sex_f,eco_isic4_e,edu_aggregate_int,2024,37.71
mkd,sex_f,eco_isic4_e,edu_aggregate_ltb,2016,31.28
mkd,sex_f,eco_isic4_e,edu_aggregate_ltb,2017,26.74
mkd,sex_f,eco_isic4_e,edu_aggregate_ltb,2018,21.35
mkd,sex_f,eco_isic4_e,edu_aggregate_ltb,2019,22.58
mkd,sex_f,eco_isic4_e,edu_aggregate_total,2011,38.86
mkd,sex_f,eco_isic4_e,edu_aggregate_total,2012,41.08
mkd,sex_f,eco_isic4_e,edu_aggregate_total,2013,39.67
mkd,sex_f,eco_isic4_e,edu_aggregate_total,2014,40.16
mkd,sex_f,eco_isic4_e,edu_aggregate_total,2015,39.97
mkd,sex_f,eco_isic4_e,edu_aggregate_total,2016,39.57
mkd,sex_f,eco_isic4_e,edu_aggregate_total,2017,37.74
mkd,sex_f,eco_isic4_e,edu_aggregate_total,2018,36.98
mkd,sex_f,eco_isic4_e,edu_aggregate_total,2019,38.35
mkd,sex_f,eco_isic4_e,edu_aggregate_total,2020,36.99
mkd,sex_f,eco_isic4_e,edu_aggregate_total,2021,37.74
mkd,sex_f,eco_isic4_e,edu_aggregate_total,2022,37.81
mkd,sex_f,eco_isic4_e,edu_aggregate_total,2024,37.45
mkd,sex_f,eco_isic4_e,edu_isced11_1,2011,40.41
mkd,sex_f,eco_isic4_e,edu_isced11_1,2012,42.34
mkd,sex_f,eco_isic4_e,edu_isced11_3,2011,38.88
mkd,sex_f,eco_isic4_e,edu_isced11_3,2012,40
mkd,sex_f,eco_isic4_e,edu_isced11_3,2013,39.2
mkd,sex_f,eco_isic4_e,edu_isced11_3,2014,39.5
mkd,sex_f,eco_isic4_e,edu_isced11_3,2015,39.38
mkd,sex_f,eco_isic4_e,edu_isced11_3,2016,40.15
mkd,sex_f,eco_isic4_e,edu_isced11_3,2017,38.29
mkd,sex_f,eco_isic4_e,edu_isced11_3,2018,37.71
mkd,sex_f,eco_isic4_e,edu_isced11_3,2019,39.9
mkd,sex_f,eco_isic4_e,edu_isced11_3,2020,36.24
mkd,sex_f,eco_isic4_e,edu_isced11_3,2021,38.59
mkd,sex_f,eco_isic4_e,edu_isced11_3,2022,40.04
mkd,sex_f,eco_isic4_e,edu_isced11_3,2024,35.97
mkd,sex_f,eco_isic4_e,edu_isced11_6,2011,38.74
mkd,sex_f,eco_isic4_e,edu_isced11_6,2012,40
mkd,sex_f,eco_isic4_e,edu_isced11_6,2013,40
mkd,sex_f,eco_isic4_e,edu_isced11_6,2014,40
mkd,sex_f,eco_isic4_e,edu_isced11_6,2015,40
mkd,sex_f,eco_isic4_e,edu_isced11_6,2016,40.13
mkd,sex_f,eco_isic4_e,edu_isced11_6,2017,38.84
mkd,sex_f,eco_isic4_e,edu_isced11_6,2018,40
mkd,sex_f,eco_isic4_e,edu_isced11_6,2019,40
mkd,sex_f,eco_isic4_e,edu_isced11_6,2020,37.87
mkd,sex_f,eco_isic4_e,edu_isced11_6,2021,38.39
mkd,sex_f,eco_isic4_e,edu_isced11_6,2022,39.78
mkd,sex_f,eco_isic4_e,edu_isced11_6,2024,36.65
mkd,sex_f,eco_isic4_e,edu_isced11_7,2024,38.39
mkd,sex_f,eco_isic4_e,edu_isced11_total,2011,38.86
mkd,sex_f,eco_isic4_e,edu_isced11_total,2012,41.08
mkd,sex_f,eco_isic4_e,edu_isced11_total,2013,39.67
mkd,sex_f,eco_isic4_e,edu_isced11_total,2014,40.16
mkd,sex_f,eco_isic4_e,edu_isced11_total,2015,39.97
mkd,sex_f,eco_isic4_e,edu_isced11_total,2016,39.57
mkd,sex_f,eco_isic4_e,edu_isced11_total,2017,37.74
mkd,sex_f,eco_isic4_e,edu_isced11_total,2018,36.98
mkd,sex_f,eco_isic4_e,edu_isced11_total,2019,38.35
mkd,sex_f,eco_isic4_e,edu_isced11_total,2020,36.99
mkd,sex_f,eco_isic4_e,edu_isced11_total,2021,37.74
mkd,sex_f,eco_isic4_e,edu_isced11_total,2022,37.81
mkd,sex_f,eco_isic4_e,edu_isced11_total,2024,37.45
mkd,sex_f,eco_isic4_f,edu_aggregate_adv,2011,41.13
mkd,sex_f,eco_isic4_f,edu_aggregate_adv,2012,42.16
mkd,sex_f,eco_isic4_f,edu_aggregate_adv,2013,39.32
mkd,sex_f,eco_isic4_f,edu_aggregate_adv,2014,39.32
mkd,sex_f,eco_isic4_f,edu_aggregate_adv,2015,36.81
mkd,sex_f,eco_isic4_f,edu_aggregate_adv,2016,40.11
mkd,sex_f,eco_isic4_f,edu_aggregate_adv,2017,39.11
mkd,sex_f,eco_isic4_f,edu_aggregate_adv,2018,39.97
mkd,sex_f,eco_isic4_f,edu_aggregate_adv,2019,39.49
mkd,sex_f,eco_isic4_f,edu_aggregate_adv,2020,37.27
mkd,sex_f,eco_isic4_f,edu_aggregate_adv,2021,39.91
mkd,sex_f,eco_isic4_f,edu_aggregate_adv,2022,39.26
mkd,sex_f,eco_isic4_f,edu_aggregate_adv,2024,37.7
mkd,sex_f,eco_isic4_f,edu_aggregate_bas,2011,41.54
mkd,sex_f,eco_isic4_f,edu_aggregate_bas,2018,43.3
mkd,sex_f,eco_isic4_f,edu_aggregate_bas,2019,42.15
mkd,sex_f,eco_isic4_f,edu_aggregate_bas,2021,34.99
mkd,sex_f,eco_isic4_f,edu_aggregate_int,2011,42.59
mkd,sex_f,eco_isic4_f,edu_aggregate_int,2012,37.55
mkd,sex_f,eco_isic4_f,edu_aggregate_int,2013,41.71
mkd,sex_f,eco_isic4_f,edu_aggregate_int,2014,41.36
mkd,sex_f,eco_isic4_f,edu_aggregate_int,2015,39.04
mkd,sex_f,eco_isic4_f,edu_aggregate_int,2016,39.28
mkd,sex_f,eco_isic4_f,edu_aggregate_int,2017,40.12
mkd,sex_f,eco_isic4_f,edu_aggregate_int,2018,39.3
mkd,sex_f,eco_isic4_f,edu_aggregate_int,2019,35.55
mkd,sex_f,eco_isic4_f,edu_aggregate_int,2020,33.17
mkd,sex_f,eco_isic4_f,edu_aggregate_int,2021,38.96
mkd,sex_f,eco_isic4_f,edu_aggregate_int,2022,39.68
mkd,sex_f,eco_isic4_f,edu_aggregate_int,2024,36.97
mkd,sex_f,eco_isic4_f,edu_aggregate_total,2011,41.91
mkd,sex_f,eco_isic4_f,edu_aggregate_total,2012,41.08
mkd,sex_f,eco_isic4_f,edu_aggregate_total,2013,39.97
mkd,sex_f,eco_isic4_f,edu_aggregate_total,2014,40
mkd,sex_f,eco_isic4_f,edu_aggregate_total,2015,38.11
mkd,sex_f,eco_isic4_f,edu_aggregate_total,2016,39.77
mkd,sex_f,eco_isic4_f,edu_aggregate_total,2017,39.43
mkd,sex_f,eco_isic4_f,edu_aggregate_total,2018,39.87
mkd,sex_f,eco_isic4_f,edu_aggregate_total,2019,38.2
mkd,sex_f,eco_isic4_f,edu_aggregate_total,2020,35.26
mkd,sex_f,eco_isic4_f,edu_aggregate_total,2021,39.19
mkd,sex_f,eco_isic4_f,edu_aggregate_total,2022,38.75
mkd,sex_f,eco_isic4_f,edu_aggregate_total,2024,37.35
mkd,sex_f,eco_isic4_f,edu_isced11_1,2011,41.54
mkd,sex_f,eco_isic4_f,edu_isced11_1,2018,43.3
mkd,sex_f,eco_isic4_f,edu_isced11_1,2019,42.15
mkd,sex_f,eco_isic4_f,edu_isced11_1,2021,34.99
mkd,sex_f,eco_isic4_f,edu_isced11_3,2011,42.59
mkd,sex_f,eco_isic4_f,edu_isced11_3,2012,37.55
mkd,sex_f,eco_isic4_f,edu_isced11_3,2013,41.71
mkd,sex_f,eco_isic4_f,edu_isced11_3,2014,41.36
mkd,sex_f,eco_isic4_f,edu_isced11_3,2015,39.04
mkd,sex_f,eco_isic4_f,edu_isced11_3,2016,39.28
mkd,sex_f,eco_isic4_f,edu_isced11_3,2017,40.12
mkd,sex_f,eco_isic4_f,edu_isced11_3,2018,39.3
mkd,sex_f,eco_isic4_f,edu_isced11_3,2019,35.55
mkd,sex_f,eco_isic4_f,edu_isced11_3,2020,33.17
mkd,sex_f,eco_isic4_f,edu_isced11_3,2021,38.92
mkd,sex_f,eco_isic4_f,edu_isced11_3,2022,39.68
mkd,sex_f,eco_isic4_f,edu_isced11_3,2024,35.8
mkd,sex_f,eco_isic4_f,edu_isced11_4,2024,38.53
mkd,sex_f,eco_isic4_f,edu_isced11_6,2011,41.03
mkd,sex_f,eco_isic4_f,edu_isced11_6,2012,42.08
mkd,sex_f,eco_isic4_f,edu_isced11_6,2013,39.41
mkd,sex_f,eco_isic4_f,edu_isced11_6,2014,39.14
mkd,sex_f,eco_isic4_f,edu_isced11_6,2015,36.58
mkd,sex_f,eco_isic4_f,edu_isced11_6,2016,40.06
mkd,sex_f,eco_isic4_f,edu_isced11_6,2017,39.72
mkd,sex_f,eco_isic4_f,edu_isced11_6,2018,39.96
mkd,sex_f,eco_isic4_f,edu_isced11_6,2019,39.66
mkd,sex_f,eco_isic4_f,edu_isced11_6,2020,36.86
mkd,sex_f,eco_isic4_f,edu_isced11_6,2021,39.9
mkd,sex_f,eco_isic4_f,edu_isced11_6,2022,39.2
mkd,sex_f,eco_isic4_f,edu_isced11_6,2024,38.01
mkd,sex_f,eco_isic4_f,edu_isced11_7,2017,38.32
mkd,sex_f,eco_isic4_f,edu_isced11_7,2018,40
mkd,sex_f,eco_isic4_f,edu_isced11_7,2019,37.34
mkd,sex_f,eco_isic4_f,edu_isced11_7,2024,35.73
mkd,sex_f,eco_isic4_f,edu_isced11_total,2011,41.91
mkd,sex_f,eco_isic4_f,edu_isced11_total,2012,41.08
mkd,sex_f,eco_isic4_f,edu_isced11_total,2013,39.97
mkd,sex_f,eco_isic4_f,edu_isced11_total,2014,40
mkd,sex_f,eco_isic4_f,edu_isced11_total,2015,38.11
mkd,sex_f,eco_isic4_f,edu_isced11_total,2016,39.77
mkd,sex_f,eco_isic4_f,edu_isced11_total,2017,39.43
mkd,sex_f,eco_isic4_f,edu_isced11_total,2018,39.87
mkd,sex_f,eco_isic4_f,edu_isced11_total,2019,38.2
mkd,sex_f,eco_isic4_f,edu_isced11_total,2020,35.26
mkd,sex_f,eco_isic4_f,edu_isced11_total,2021,39.19
mkd,sex_f,eco_isic4_f,edu_isced11_total,2022,38.75
mkd,sex_f,eco_isic4_f,edu_isced11_total,2024,37.35
mkd,sex_f,eco_isic4_g,edu_aggregate_adv,2011,41.65
mkd,sex_f,eco_isic4_g,edu_aggregate_adv,2012,41.74
mkd,sex_f,eco_isic4_g,edu_aggregate_adv,2013,41.49
mkd,sex_f,eco_isic4_g,edu_aggregate_adv,2014,41.55
mkd,sex_f,eco_isic4_g,edu_aggregate_adv,2015,40.32
mkd,sex_f,eco_isic4_g,edu_aggregate_adv,2016,40.53
mkd,sex_f,eco_isic4_g,edu_aggregate_adv,2017,40.94
mkd,sex_f,eco_isic4_g,edu_aggregate_adv,2018,40.92
mkd,sex_f,eco_isic4_g,edu_aggregate_adv,2019,40.61
mkd,sex_f,eco_isic4_g,edu_aggregate_adv,2020,39.72
mkd,sex_f,eco_isic4_g,edu_aggregate_adv,2021,40.6
mkd,sex_f,eco_isic4_g,edu_aggregate_adv,2022,40.28
mkd,sex_f,eco_isic4_g,edu_aggregate_adv,2024,39.68
mkd,sex_f,eco_isic4_g,edu_aggregate_bas,2011,40.53
mkd,sex_f,eco_isic4_g,edu_aggregate_bas,2012,37.15
mkd,sex_f,eco_isic4_g,edu_aggregate_bas,2013,42.06
mkd,sex_f,eco_isic4_g,edu_aggregate_bas,2014,41.94
mkd,sex_f,eco_isic4_g,edu_aggregate_bas,2015,40.58
mkd,sex_f,eco_isic4_g,edu_aggregate_bas,2016,40.47
mkd,sex_f,eco_isic4_g,edu_aggregate_bas,2017,42.84
mkd,sex_f,eco_isic4_g,edu_aggregate_bas,2018,43.5
mkd,sex_f,eco_isic4_g,edu_aggregate_bas,2019,41.72
mkd,sex_f,eco_isic4_g,edu_aggregate_bas,2020,41.79
mkd,sex_f,eco_isic4_g,edu_aggregate_bas,2021,42.63
mkd,sex_f,eco_isic4_g,edu_aggregate_bas,2022,41.41
mkd,sex_f,eco_isic4_g,edu_aggregate_bas,2024,41.34
mkd,sex_f,eco_isic4_g,edu_aggregate_int,2011,42.98
mkd,sex_f,eco_isic4_g,edu_aggregate_int,2012,42.9
mkd,sex_f,eco_isic4_g,edu_aggregate_int,2013,42.09
mkd,sex_f,eco_isic4_g,edu_aggregate_int,2014,42.19
mkd,sex_f,eco_isic4_g,edu_aggregate_int,2015,40.43
mkd,sex_f,eco_isic4_g,edu_aggregate_int,2016,41.5
mkd,sex_f,eco_isic4_g,edu_aggregate_int,2017,42.78
mkd,sex_f,eco_isic4_g,edu_aggregate_int,2018,43.04
mkd,sex_f,eco_isic4_g,edu_aggregate_int,2019,41.38
mkd,sex_f,eco_isic4_g,edu_aggregate_int,2020,40.2
mkd,sex_f,eco_isic4_g,edu_aggregate_int,2021,40.56
mkd,sex_f,eco_isic4_g,edu_aggregate_int,2022,40.42
mkd,sex_f,eco_isic4_g,edu_aggregate_int,2024,39.59
mkd,sex_f,eco_isic4_g,edu_aggregate_ltb,2011,45.13
mkd,sex_f,eco_isic4_g,edu_aggregate_ltb,2013,47.71
mkd,sex_f,eco_isic4_g,edu_aggregate_ltb,2016,44.59
mkd,sex_f,eco_isic4_g,edu_aggregate_ltb,2017,41.32
mkd,sex_f,eco_isic4_g,edu_aggregate_ltb,2018,42.28
mkd,sex_f,eco_isic4_g,edu_aggregate_ltb,2019,42.32
mkd,sex_f,eco_isic4_g,edu_aggregate_ltb,2020,39.5
mkd,sex_f,eco_isic4_g,edu_aggregate_total,2011,42.5
mkd,sex_f,eco_isic4_g,edu_aggregate_total,2012,42.29
mkd,sex_f,eco_isic4_g,edu_aggregate_total,2013,42.01
mkd,sex_f,eco_isic4_g,edu_aggregate_total,2014,42.01
mkd,sex_f,eco_isic4_g,edu_aggregate_total,2015,40.36
mkd,sex_f,eco_isic4_g,edu_aggregate_total,2016,41.2
mkd,sex_f,eco_isic4_g,edu_aggregate_total,2017,42.27
mkd,sex_f,eco_isic4_g,edu_aggregate_total,2018,42.47
mkd,sex_f,eco_isic4_g,edu_aggregate_total,2019,41.21
mkd,sex_f,eco_isic4_g,edu_aggregate_total,2020,40.14
mkd,sex_f,eco_isic4_g,edu_aggregate_total,2021,40.7
mkd,sex_f,eco_isic4_g,edu_aggregate_total,2022,40.45
mkd,sex_f,eco_isic4_g,edu_aggregate_total,2024,39.62
mkd,sex_f,eco_isic4_g,edu_isced11_0,2013,47.71
mkd,sex_f,eco_isic4_g,edu_isced11_1,2011,40.45
mkd,sex_f,eco_isic4_g,edu_isced11_1,2012,37.11
mkd,sex_f,eco_isic4_g,edu_isced11_1,2013,42.06
mkd,sex_f,eco_isic4_g,edu_isced11_1,2014,41.94
mkd,sex_f,eco_isic4_g,edu_isced11_1,2015,40.6
mkd,sex_f,eco_isic4_g,edu_isced11_1,2016,40.52
mkd,sex_f,eco_isic4_g,edu_isced11_1,2017,42.84
mkd,sex_f,eco_isic4_g,edu_isced11_1,2018,43.51
mkd,sex_f,eco_isic4_g,edu_isced11_1,2019,41.64
mkd,sex_f,eco_isic4_g,edu_isced11_1,2020,41.51
mkd,sex_f,eco_isic4_g,edu_isced11_1,2021,42.63
mkd,sex_f,eco_isic4_g,edu_isced11_1,2022,41.41
mkd,sex_f,eco_isic4_g,edu_isced11_1,2024,41.34
mkd,sex_f,eco_isic4_g,edu_isced11_3,2011,42.98
mkd,sex_f,eco_isic4_g,edu_isced11_3,2012,42.9
mkd,sex_f,eco_isic4_g,edu_isced11_3,2013,42.09
mkd,sex_f,eco_isic4_g,edu_isced11_3,2014,42.19
mkd,sex_f,eco_isic4_g,edu_isced11_3,2015,40.43
mkd,sex_f,eco_isic4_g,edu_isced11_3,2016,41.5
mkd,sex_f,eco_isic4_g,edu_isced11_3,2017,42.78
mkd,sex_f,eco_isic4_g,edu_isced11_3,2018,43.04
mkd,sex_f,eco_isic4_g,edu_isced11_3,2019,41.38
mkd,sex_f,eco_isic4_g,edu_isced11_3,2020,40.2
mkd,sex_f,eco_isic4_g,edu_isced11_3,2021,40.56
mkd,sex_f,eco_isic4_g,edu_isced11_3,2022,40.42
mkd,sex_f,eco_isic4_g,edu_isced11_3,2024,39.5
mkd,sex_f,eco_isic4_g,edu_isced11_4,2024,39.9
mkd,sex_f,eco_isic4_g,edu_isced11_5,2011,43.33
mkd,sex_f,eco_isic4_g,edu_isced11_5,2012,42.3
mkd,sex_f,eco_isic4_g,edu_isced11_5,2013,40.95
mkd,sex_f,eco_isic4_g,edu_isced11_5,2014,40.75
mkd,sex_f,eco_isic4_g,edu_isced11_5,2015,40.37
mkd,sex_f,eco_isic4_g,edu_isced11_5,2016,41.43
mkd,sex_f,eco_isic4_g,edu_isced11_5,2017,43.07
mkd,sex_f,eco_isic4_g,edu_isced11_5,2018,40.22
mkd,sex_f,eco_isic4_g,edu_isced11_5,2019,42.58
mkd,sex_f,eco_isic4_g,edu_isced11_5,2020,41.14
mkd,sex_f,eco_isic4_g,edu_isced11_5,2021,40.08
mkd,sex_f,eco_isic4_g,edu_isced11_5,2022,41.59
mkd,sex_f,eco_isic4_g,edu_isced11_5,2024,39.66
mkd,sex_f,eco_isic4_g,edu_isced11_6,2011,41.33
mkd,sex_f,eco_isic4_g,edu_isced11_6,2012,41.61
mkd,sex_f,eco_isic4_g,edu_isced11_6,2013,41.53
mkd,sex_f,eco_isic4_g,edu_isced11_6,2014,41.75
mkd,sex_f,eco_isic4_g,edu_isced11_6,2015,40.25
mkd,sex_f,eco_isic4_g,edu_isced11_6,2016,40.54
mkd,sex_f,eco_isic4_g,edu_isced11_6,2017,40.82
mkd,sex_f,eco_isic4_g,edu_isced11_6,2018,41.05
mkd,sex_f,eco_isic4_g,edu_isced11_6,2019,40.45
mkd,sex_f,eco_isic4_g,edu_isced11_6,2020,39.64
mkd,sex_f,eco_isic4_g,edu_isced11_6,2021,40.53
mkd,sex_f,eco_isic4_g,edu_isced11_6,2022,40
mkd,sex_f,eco_isic4_g,edu_isced11_6,2024,39.64
mkd,sex_f,eco_isic4_g,edu_isced11_7,2015,40.95
mkd,sex_f,eco_isic4_g,edu_isced11_7,2016,39.4
mkd,sex_f,eco_isic4_g,edu_isced11_7,2017,40.38
mkd,sex_f,eco_isic4_g,edu_isced11_7,2018,40
mkd,sex_f,eco_isic4_g,edu_isced11_7,2019,41.05
mkd,sex_f,eco_isic4_g,edu_isced11_7,2021,42.41
mkd,sex_f,eco_isic4_g,edu_isced11_7,2022,42.43
mkd,sex_f,eco_isic4_g,edu_isced11_7,2024,40.12
mkd,sex_f,eco_isic4_g,edu_isced11_total,2011,42.5
mkd,sex_f,eco_isic4_g,edu_isced11_total,2012,42.29
mkd,sex_f,eco_isic4_g,edu_isced11_total,2013,42.01
mkd,sex_f,eco_isic4_g,edu_isced11_total,2014,42.01
mkd,sex_f,eco_isic4_g,edu_isced11_total,2015,40.36
mkd,sex_f,eco_isic4_g,edu_isced11_total,2016,41.2
mkd,sex_f,eco_isic4_g,edu_isced11_total,2017,42.27
mkd,sex_f,eco_isic4_g,edu_isced11_total,2018,42.47
mkd,sex_f,eco_isic4_g,edu_isced11_total,2019,41.21
mkd,sex_f,eco_isic4_g,edu_isced11_total,2020,40.14
mkd,sex_f,eco_isic4_g,edu_isced11_total,2021,40.7
mkd,sex_f,eco_isic4_g,edu_isced11_total,2022,40.45
mkd,sex_f,eco_isic4_g,edu_isced11_total,2024,39.62
mkd,sex_f,eco_isic4_h,edu_aggregate_adv,2011,37.76
mkd,sex_f,eco_isic4_h,edu_aggregate_adv,2012,39.06
mkd,sex_f,eco_isic4_h,edu_aggregate_adv,2013,40.61
mkd,sex_f,eco_isic4_h,edu_aggregate_adv,2014,41.94
mkd,sex_f,eco_isic4_h,edu_aggregate_adv,2015,40.23
mkd,sex_f,eco_isic4_h,edu_aggregate_adv,2016,39.17
mkd,sex_f,eco_isic4_h,edu_aggregate_adv,2017,40.51
mkd,sex_f,eco_isic4_h,edu_aggregate_adv,2018,39.59
mkd,sex_f,eco_isic4_h,edu_aggregate_adv,2019,38.82
mkd,sex_f,eco_isic4_h,edu_aggregate_adv,2020,37.39
mkd,sex_f,eco_isic4_h,edu_aggregate_adv,2021,39.13
mkd,sex_f,eco_isic4_h,edu_aggregate_adv,2022,38.4
mkd,sex_f,eco_isic4_h,edu_aggregate_adv,2024,38.5
mkd,sex_f,eco_isic4_h,edu_aggregate_bas,2011,40.14
mkd,sex_f,eco_isic4_h,edu_aggregate_bas,2012,40
mkd,sex_f,eco_isic4_h,edu_aggregate_bas,2013,44.75
mkd,sex_f,eco_isic4_h,edu_aggregate_bas,2015,40
mkd,sex_f,eco_isic4_h,edu_aggregate_bas,2016,40.52
mkd,sex_f,eco_isic4_h,edu_aggregate_bas,2017,42.26
mkd,sex_f,eco_isic4_h,edu_aggregate_bas,2018,35.69
mkd,sex_f,eco_isic4_h,edu_aggregate_bas,2019,39.57
mkd,sex_f,eco_isic4_h,edu_aggregate_bas,2020,37.18
mkd,sex_f,eco_isic4_h,edu_aggregate_bas,2024,38.58
mkd,sex_f,eco_isic4_h,edu_aggregate_int,2011,40
mkd,sex_f,eco_isic4_h,edu_aggregate_int,2012,40.54
mkd,sex_f,eco_isic4_h,edu_aggregate_int,2013,40.37
mkd,sex_f,eco_isic4_h,edu_aggregate_int,2014,39.45
mkd,sex_f,eco_isic4_h,edu_aggregate_int,2015,40.3
mkd,sex_f,eco_isic4_h,edu_aggregate_int,2016,40.72
mkd,sex_f,eco_isic4_h,edu_aggregate_int,2017,39.88
mkd,sex_f,eco_isic4_h,edu_aggregate_int,2018,40.1
mkd,sex_f,eco_isic4_h,edu_aggregate_int,2019,42.3
mkd,sex_f,eco_isic4_h,edu_aggregate_int,2020,38.8
mkd,sex_f,eco_isic4_h,edu_aggregate_int,2021,40.25
mkd,sex_f,eco_isic4_h,edu_aggregate_int,2022,39.35
mkd,sex_f,eco_isic4_h,edu_aggregate_int,2024,37.94
mkd,sex_f,eco_isic4_h,edu_aggregate_total,2011,39.25
mkd,sex_f,eco_isic4_h,edu_aggregate_total,2012,40
mkd,sex_f,eco_isic4_h,edu_aggregate_total,2013,40.89
mkd,sex_f,eco_isic4_h,edu_aggregate_total,2014,40.69
mkd,sex_f,eco_isic4_h,edu_aggregate_total,2015,40.26
mkd,sex_f,eco_isic4_h,edu_aggregate_total,2016,40.05
mkd,sex_f,eco_isic4_h,edu_aggregate_total,2017,40.23
mkd,sex_f,eco_isic4_h,edu_aggregate_total,2018,39.67
mkd,sex_f,eco_isic4_h,edu_aggregate_total,2019,40.53
mkd,sex_f,eco_isic4_h,edu_aggregate_total,2020,37.91
mkd,sex_f,eco_isic4_h,edu_aggregate_total,2021,39.63
mkd,sex_f,eco_isic4_h,edu_aggregate_total,2022,38.79
mkd,sex_f,eco_isic4_h,edu_aggregate_total,2024,38.21
mkd,sex_f,eco_isic4_h,edu_isced11_1,2011,38.94
mkd,sex_f,eco_isic4_h,edu_isced11_1,2012,40
mkd,sex_f,eco_isic4_h,edu_isced11_1,2013,44.75
mkd,sex_f,eco_isic4_h,edu_isced11_1,2015,40
mkd,sex_f,eco_isic4_h,edu_isced11_1,2016,40.52
mkd,sex_f,eco_isic4_h,edu_isced11_1,2017,42.26
mkd,sex_f,eco_isic4_h,edu_isced11_1,2018,35.69
mkd,sex_f,eco_isic4_h,edu_isced11_1,2019,39.57
mkd,sex_f,eco_isic4_h,edu_isced11_1,2020,37.18
mkd,sex_f,eco_isic4_h,edu_isced11_1,2024,38.58
mkd,sex_f,eco_isic4_h,edu_isced11_3,2011,40
mkd,sex_f,eco_isic4_h,edu_isced11_3,2012,40.54
mkd,sex_f,eco_isic4_h,edu_isced11_3,2013,40.37
mkd,sex_f,eco_isic4_h,edu_isced11_3,2014,39.45
mkd,sex_f,eco_isic4_h,edu_isced11_3,2015,40.3
mkd,sex_f,eco_isic4_h,edu_isced11_3,2016,40.72
mkd,sex_f,eco_isic4_h,edu_isced11_3,2017,39.88
mkd,sex_f,eco_isic4_h,edu_isced11_3,2018,40.1
mkd,sex_f,eco_isic4_h,edu_isced11_3,2019,42.3
mkd,sex_f,eco_isic4_h,edu_isced11_3,2020,38.8
mkd,sex_f,eco_isic4_h,edu_isced11_3,2021,40.25
mkd,sex_f,eco_isic4_h,edu_isced11_3,2022,39.35
mkd,sex_f,eco_isic4_h,edu_isced11_3,2024,37.71
mkd,sex_f,eco_isic4_h,edu_isced11_4,2024,40
mkd,sex_f,eco_isic4_h,edu_isced11_5,2011,40.42
mkd,sex_f,eco_isic4_h,edu_isced11_5,2013,41.2
mkd,sex_f,eco_isic4_h,edu_isced11_5,2014,40.75
mkd,sex_f,eco_isic4_h,edu_isced11_5,2015,40
mkd,sex_f,eco_isic4_h,edu_isced11_5,2016,40.29
mkd,sex_f,eco_isic4_h,edu_isced11_5,2018,40.97
mkd,sex_f,eco_isic4_h,edu_isced11_5,2019,39.41
mkd,sex_f,eco_isic4_h,edu_isced11_5,2020,40
mkd,sex_f,eco_isic4_h,edu_isced11_5,2021,40
mkd,sex_f,eco_isic4_h,edu_isced11_5,2022,37.46
mkd,sex_f,eco_isic4_h,edu_isced11_6,2011,36.26
mkd,sex_f,eco_isic4_h,edu_isced11_6,2012,38.66
mkd,sex_f,eco_isic4_h,edu_isced11_6,2013,40.38
mkd,sex_f,eco_isic4_h,edu_isced11_6,2014,42.11
mkd,sex_f,eco_isic4_h,edu_isced11_6,2015,40.16
mkd,sex_f,eco_isic4_h,edu_isced11_6,2016,38.83
mkd,sex_f,eco_isic4_h,edu_isced11_6,2017,40.16
mkd,sex_f,eco_isic4_h,edu_isced11_6,2018,39.4
mkd,sex_f,eco_isic4_h,edu_isced11_6,2019,38.64
mkd,sex_f,eco_isic4_h,edu_isced11_6,2020,37.27
mkd,sex_f,eco_isic4_h,edu_isced11_6,2021,39.01
mkd,sex_f,eco_isic4_h,edu_isced11_6,2022,38.44
mkd,sex_f,eco_isic4_h,edu_isced11_6,2024,38.79
mkd,sex_f,eco_isic4_h,edu_isced11_7,2024,35.1
mkd,sex_f,eco_isic4_h,edu_isced11_total,2011,39.25
mkd,sex_f,eco_isic4_h,edu_isced11_total,2012,40
mkd,sex_f,eco_isic4_h,edu_isced11_total,2013,40.89
mkd,sex_f,eco_isic4_h,edu_isced11_total,2014,40.69
mkd,sex_f,eco_isic4_h,edu_isced11_total,2015,40.26
mkd,sex_f,eco_isic4_h,edu_isced11_total,2016,40.05
mkd,sex_f,eco_isic4_h,edu_isced11_total,2017,40.23
mkd,sex_f,eco_isic4_h,edu_isced11_total,2018,39.67
mkd,sex_f,eco_isic4_h,edu_isced11_total,2019,40.53
mkd,sex_f,eco_isic4_h,edu_isced11_total,2020,37.91
mkd,sex_f,eco_isic4_h,edu_isced11_total,2021,39.63
mkd,sex_f,eco_isic4_h,edu_isced11_total,2022,38.79
mkd,sex_f,eco_isic4_h,edu_isced11_total,2024,38.21
mkd,sex_f,eco_isic4_i,edu_aggregate_adv,2011,42.17
mkd,sex_f,eco_isic4_i,edu_aggregate_adv,2012,42.37
mkd,sex_f,eco_isic4_i,edu_aggregate_adv,2013,41.57
mkd,sex_f,eco_isic4_i,edu_aggregate_adv,2014,43.13
mkd,sex_f,eco_isic4_i,edu_aggregate_adv,2015,44.58
mkd,sex_f,eco_isic4_i,edu_aggregate_adv,2016,40.43
mkd,sex_f,eco_isic4_i,edu_aggregate_adv,2017,44.49
mkd,sex_f,eco_isic4_i,edu_aggregate_adv,2018,42.89
mkd,sex_f,eco_isic4_i,edu_aggregate_adv,2019,38.72
mkd,sex_f,eco_isic4_i,edu_aggregate_adv,2020,40.21
mkd,sex_f,eco_isic4_i,edu_aggregate_adv,2021,39.51
mkd,sex_f,eco_isic4_i,edu_aggregate_adv,2022,41.65
mkd,sex_f,eco_isic4_i,edu_aggregate_adv,2024,36.73
mkd,sex_f,eco_isic4_i,edu_aggregate_bas,2011,44.95
mkd,sex_f,eco_isic4_i,edu_aggregate_bas,2012,39.79
mkd,sex_f,eco_isic4_i,edu_aggregate_bas,2013,41.15
mkd,sex_f,eco_isic4_i,edu_aggregate_bas,2014,43.17
mkd,sex_f,eco_isic4_i,edu_aggregate_bas,2015,37.6
mkd,sex_f,eco_isic4_i,edu_aggregate_bas,2016,38.79
mkd,sex_f,eco_isic4_i,edu_aggregate_bas,2017,36.99
mkd,sex_f,eco_isic4_i,edu_aggregate_bas,2018,41.86
mkd,sex_f,eco_isic4_i,edu_aggregate_bas,2019,42.39
mkd,sex_f,eco_isic4_i,edu_aggregate_bas,2020,38.66
mkd,sex_f,eco_isic4_i,edu_aggregate_bas,2021,41.14
mkd,sex_f,eco_isic4_i,edu_aggregate_bas,2022,42.03
mkd,sex_f,eco_isic4_i,edu_aggregate_bas,2024,38.06
mkd,sex_f,eco_isic4_i,edu_aggregate_int,2011,42.05
mkd,sex_f,eco_isic4_i,edu_aggregate_int,2012,40.69
mkd,sex_f,eco_isic4_i,edu_aggregate_int,2013,41.96
mkd,sex_f,eco_isic4_i,edu_aggregate_int,2014,40.51
mkd,sex_f,eco_isic4_i,edu_aggregate_int,2015,41.14
mkd,sex_f,eco_isic4_i,edu_aggregate_int,2016,41.87
mkd,sex_f,eco_isic4_i,edu_aggregate_int,2017,43.1
mkd,sex_f,eco_isic4_i,edu_aggregate_int,2018,43.09
mkd,sex_f,eco_isic4_i,edu_aggregate_int,2019,42.42
mkd,sex_f,eco_isic4_i,edu_aggregate_int,2020,40.02
mkd,sex_f,eco_isic4_i,edu_aggregate_int,2021,40.39
mkd,sex_f,eco_isic4_i,edu_aggregate_int,2022,40.91
mkd,sex_f,eco_isic4_i,edu_aggregate_int,2024,39.85
mkd,sex_f,eco_isic4_i,edu_aggregate_total,2011,42.51
mkd,sex_f,eco_isic4_i,edu_aggregate_total,2012,40.72
mkd,sex_f,eco_isic4_i,edu_aggregate_total,2013,41.7
mkd,sex_f,eco_isic4_i,edu_aggregate_total,2014,40.91
mkd,sex_f,eco_isic4_i,edu_aggregate_total,2015,41.43
mkd,sex_f,eco_isic4_i,edu_aggregate_total,2016,41.26
mkd,sex_f,eco_isic4_i,edu_aggregate_total,2017,42.42
mkd,sex_f,eco_isic4_i,edu_aggregate_total,2018,42.85
mkd,sex_f,eco_isic4_i,edu_aggregate_total,2019,42.1
mkd,sex_f,eco_isic4_i,edu_aggregate_total,2020,39.87
mkd,sex_f,eco_isic4_i,edu_aggregate_total,2021,40.4
mkd,sex_f,eco_isic4_i,edu_aggregate_total,2022,41.21
mkd,sex_f,eco_isic4_i,edu_aggregate_total,2024,39.12
mkd,sex_f,eco_isic4_i,edu_isced11_1,2011,44.95
mkd,sex_f,eco_isic4_i,edu_isced11_1,2012,39.78
mkd,sex_f,eco_isic4_i,edu_isced11_1,2013,41.15
mkd,sex_f,eco_isic4_i,edu_isced11_1,2014,43.17
mkd,sex_f,eco_isic4_i,edu_isced11_1,2015,37.6
mkd,sex_f,eco_isic4_i,edu_isced11_1,2016,38.79
mkd,sex_f,eco_isic4_i,edu_isced11_1,2017,36.99
mkd,sex_f,eco_isic4_i,edu_isced11_1,2018,41.86
mkd,sex_f,eco_isic4_i,edu_isced11_1,2019,42.43
mkd,sex_f,eco_isic4_i,edu_isced11_1,2020,38.66
mkd,sex_f,eco_isic4_i,edu_isced11_1,2021,41.14
mkd,sex_f,eco_isic4_i,edu_isced11_1,2022,42.03
mkd,sex_f,eco_isic4_i,edu_isced11_1,2024,38.06
mkd,sex_f,eco_isic4_i,edu_isced11_3,2011,42.05
mkd,sex_f,eco_isic4_i,edu_isced11_3,2012,40.69
mkd,sex_f,eco_isic4_i,edu_isced11_3,2013,41.96
mkd,sex_f,eco_isic4_i,edu_isced11_3,2014,40.51
mkd,sex_f,eco_isic4_i,edu_isced11_3,2015,41.14
mkd,sex_f,eco_isic4_i,edu_isced11_3,2016,41.87
mkd,sex_f,eco_isic4_i,edu_isced11_3,2017,43.1
mkd,sex_f,eco_isic4_i,edu_isced11_3,2018,43.09
mkd,sex_f,eco_isic4_i,edu_isced11_3,2019,42.42
mkd,sex_f,eco_isic4_i,edu_isced11_3,2020,40.02
mkd,sex_f,eco_isic4_i,edu_isced11_3,2021,40.39
mkd,sex_f,eco_isic4_i,edu_isced11_3,2022,40.91
mkd,sex_f,eco_isic4_i,edu_isced11_3,2024,39.06
mkd,sex_f,eco_isic4_i,edu_isced11_4,2024,41.61
mkd,sex_f,eco_isic4_i,edu_isced11_5,2011,45.02
mkd,sex_f,eco_isic4_i,edu_isced11_5,2015,46.75
mkd,sex_f,eco_isic4_i,edu_isced11_5,2016,40.82
mkd,sex_f,eco_isic4_i,edu_isced11_5,2017,43.96
mkd,sex_f,eco_isic4_i,edu_isced11_5,2018,41.6
mkd,sex_f,eco_isic4_i,edu_isced11_5,2021,40.91
mkd,sex_f,eco_isic4_i,edu_isced11_5,2022,40.26
mkd,sex_f,eco_isic4_i,edu_isced11_6,2011,41.41
mkd,sex_f,eco_isic4_i,edu_isced11_6,2012,42.13
mkd,sex_f,eco_isic4_i,edu_isced11_6,2013,41.57
mkd,sex_f,eco_isic4_i,edu_isced11_6,2014,42.64
mkd,sex_f,eco_isic4_i,edu_isced11_6,2015,43.91
mkd,sex_f,eco_isic4_i,edu_isced11_6,2016,40.45
mkd,sex_f,eco_isic4_i,edu_isced11_6,2017,44.78
mkd,sex_f,eco_isic4_i,edu_isced11_6,2018,42.83
mkd,sex_f,eco_isic4_i,edu_isced11_6,2019,38.64
mkd,sex_f,eco_isic4_i,edu_isced11_6,2020,41.82
mkd,sex_f,eco_isic4_i,edu_isced11_6,2021,39.37
mkd,sex_f,eco_isic4_i,edu_isced11_6,2022,42.04
mkd,sex_f,eco_isic4_i,edu_isced11_6,2024,37.87
mkd,sex_f,eco_isic4_i,edu_isced11_7,2016,40
mkd,sex_f,eco_isic4_i,edu_isced11_7,2024,33.42
mkd,sex_f,eco_isic4_i,edu_isced11_total,2011,42.51
mkd,sex_f,eco_isic4_i,edu_isced11_total,2012,40.72
mkd,sex_f,eco_isic4_i,edu_isced11_total,2013,41.7
mkd,sex_f,eco_isic4_i,edu_isced11_total,2014,40.91
mkd,sex_f,eco_isic4_i,edu_isced11_total,2015,41.43
mkd,sex_f,eco_isic4_i,edu_isced11_total,2016,41.26
mkd,sex_f,eco_isic4_i,edu_isced11_total,2017,42.42
mkd,sex_f,eco_isic4_i,edu_isced11_total,2018,42.85
mkd,sex_f,eco_isic4_i,edu_isced11_total,2019,42.1
mkd,sex_f,eco_isic4_i,edu_isced11_total,2020,39.87
mkd,sex_f,eco_isic4_i,edu_isced11_total,2021,40.4
mkd,sex_f,eco_isic4_i,edu_isced11_total,2022,41.21
mkd,sex_f,eco_isic4_i,edu_isced11_total,2024,39.12
mkd,sex_f,eco_isic4_j,edu_aggregate_adv,2011,39.52
mkd,sex_f,eco_isic4_j,edu_aggregate_adv,2012,41.36
mkd,sex_f,eco_isic4_j,edu_aggregate_adv,2013,39.93
mkd,sex_f,eco_isic4_j,edu_aggregate_adv,2014,39.94
mkd,sex_f,eco_isic4_j,edu_aggregate_adv,2015,40.33
mkd,sex_f,eco_isic4_j,edu_aggregate_adv,2016,39.07
mkd,sex_f,eco_isic4_j,edu_aggregate_adv,2017,40.73
mkd,sex_f,eco_isic4_j,edu_aggregate_adv,2018,38.71
mkd,sex_f,eco_isic4_j,edu_aggregate_adv,2019,39.4
mkd,sex_f,eco_isic4_j,edu_aggregate_adv,2020,38.2
mkd,sex_f,eco_isic4_j,edu_aggregate_adv,2021,37.27
mkd,sex_f,eco_isic4_j,edu_aggregate_adv,2022,38.12
mkd,sex_f,eco_isic4_j,edu_aggregate_adv,2024,39.02
mkd,sex_f,eco_isic4_j,edu_aggregate_int,2011,37.93
mkd,sex_f,eco_isic4_j,edu_aggregate_int,2012,37.37
mkd,sex_f,eco_isic4_j,edu_aggregate_int,2013,40.04
mkd,sex_f,eco_isic4_j,edu_aggregate_int,2014,40.49
mkd,sex_f,eco_isic4_j,edu_aggregate_int,2015,38.68
mkd,sex_f,eco_isic4_j,edu_aggregate_int,2016,42.2
mkd,sex_f,eco_isic4_j,edu_aggregate_int,2017,38.94
mkd,sex_f,eco_isic4_j,edu_aggregate_int,2018,39.66
mkd,sex_f,eco_isic4_j,edu_aggregate_int,2019,37.69
mkd,sex_f,eco_isic4_j,edu_aggregate_int,2020,39.13
mkd,sex_f,eco_isic4_j,edu_aggregate_int,2021,39.53
mkd,sex_f,eco_isic4_j,edu_aggregate_int,2022,39.95
mkd,sex_f,eco_isic4_j,edu_aggregate_int,2024,37.7
mkd,sex_f,eco_isic4_j,edu_aggregate_total,2011,38.78
mkd,sex_f,eco_isic4_j,edu_aggregate_total,2012,39.48
mkd,sex_f,eco_isic4_j,edu_aggregate_total,2013,39.97
mkd,sex_f,eco_isic4_j,edu_aggregate_total,2014,40.12
mkd,sex_f,eco_isic4_j,edu_aggregate_total,2015,39.87
mkd,sex_f,eco_isic4_j,edu_aggregate_total,2016,39.62
mkd,sex_f,eco_isic4_j,edu_aggregate_total,2017,40.36
mkd,sex_f,eco_isic4_j,edu_aggregate_total,2018,38.97
mkd,sex_f,eco_isic4_j,edu_aggregate_total,2019,38.96
mkd,sex_f,eco_isic4_j,edu_aggregate_total,2020,38.27
mkd,sex_f,eco_isic4_j,edu_aggregate_total,2021,37.76
mkd,sex_f,eco_isic4_j,edu_aggregate_total,2022,38.14
mkd,sex_f,eco_isic4_j,edu_aggregate_total,2024,38.75
mkd,sex_f,eco_isic4_j,edu_isced11_3,2011,37.93
mkd,sex_f,eco_isic4_j,edu_isced11_3,2012,37.37
mkd,sex_f,eco_isic4_j,edu_isced11_3,2013,40.04
mkd,sex_f,eco_isic4_j,edu_isced11_3,2014,40.49
mkd,sex_f,eco_isic4_j,edu_isced11_3,2015,38.68
mkd,sex_f,eco_isic4_j,edu_isced11_3,2016,42.2
mkd,sex_f,eco_isic4_j,edu_isced11_3,2017,38.94
mkd,sex_f,eco_isic4_j,edu_isced11_3,2018,39.66
mkd,sex_f,eco_isic4_j,edu_isced11_3,2019,37.69
mkd,sex_f,eco_isic4_j,edu_isced11_3,2020,39.13
mkd,sex_f,eco_isic4_j,edu_isced11_3,2021,39.53
mkd,sex_f,eco_isic4_j,edu_isced11_3,2022,39.95
mkd,sex_f,eco_isic4_j,edu_isced11_3,2024,37.73
mkd,sex_f,eco_isic4_j,edu_isced11_4,2024,37.6
mkd,sex_f,eco_isic4_j,edu_isced11_6,2011,39.41
mkd,sex_f,eco_isic4_j,edu_isced11_6,2012,41.46
mkd,sex_f,eco_isic4_j,edu_isced11_6,2013,39.87
mkd,sex_f,eco_isic4_j,edu_isced11_6,2014,40.25
mkd,sex_f,eco_isic4_j,edu_isced11_6,2015,40.21
mkd,sex_f,eco_isic4_j,edu_isced11_6,2016,38.62
mkd,sex_f,eco_isic4_j,edu_isced11_6,2017,40.41
mkd,sex_f,eco_isic4_j,edu_isced11_6,2018,38.91
mkd,sex_f,eco_isic4_j,edu_isced11_6,2019,39.32
mkd,sex_f,eco_isic4_j,edu_isced11_6,2020,38.15
mkd,sex_f,eco_isic4_j,edu_isced11_6,2021,37.23
mkd,sex_f,eco_isic4_j,edu_isced11_6,2022,38.27
mkd,sex_f,eco_isic4_j,edu_isced11_6,2024,39.14
mkd,sex_f,eco_isic4_j,edu_isced11_7,2013,40
mkd,sex_f,eco_isic4_j,edu_isced11_7,2014,37.27
mkd,sex_f,eco_isic4_j,edu_isced11_7,2015,41.15
mkd,sex_f,eco_isic4_j,edu_isced11_7,2016,41.05
mkd,sex_f,eco_isic4_j,edu_isced11_7,2017,42.25
mkd,sex_f,eco_isic4_j,edu_isced11_7,2018,35.73
mkd,sex_f,eco_isic4_j,edu_isced11_7,2019,40
mkd,sex_f,eco_isic4_j,edu_isced11_7,2020,38.6
mkd,sex_f,eco_isic4_j,edu_isced11_7,2021,37.66
mkd,sex_f,eco_isic4_j,edu_isced11_7,2022,38.52
mkd,sex_f,eco_isic4_j,edu_isced11_7,2024,38.25
mkd,sex_f,eco_isic4_j,edu_isced11_total,2011,38.78
mkd,sex_f,eco_isic4_j,edu_isced11_total,2012,39.48
mkd,sex_f,eco_isic4_j,edu_isced11_total,2013,39.97
mkd,sex_f,eco_isic4_j,edu_isced11_total,2014,40.12
mkd,sex_f,eco_isic4_j,edu_isced11_total,2015,39.87
mkd,sex_f,eco_isic4_j,edu_isced11_total,2016,39.62
mkd,sex_f,eco_isic4_j,edu_isced11_total,2017,40.36
mkd,sex_f,eco_isic4_j,edu_isced11_total,2018,38.97
mkd,sex_f,eco_isic4_j,edu_isced11_total,2019,38.96
mkd,sex_f,eco_isic4_j,edu_isced11_total,2020,38.27
mkd,sex_f,eco_isic4_j,edu_isced11_total,2021,37.76
mkd,sex_f,eco_isic4_j,edu_isced11_total,2022,38.14
mkd,sex_f,eco_isic4_j,edu_isced11_total,2024,38.75
mkd,sex_f,eco_isic4_k,edu_aggregate_adv,2011,39.6
mkd,sex_f,eco_isic4_k,edu_aggregate_adv,2012,40.08
mkd,sex_f,eco_isic4_k,edu_aggregate_adv,2013,39.58
mkd,sex_f,eco_isic4_k,edu_aggregate_adv,2014,39.88
mkd,sex_f,eco_isic4_k,edu_aggregate_adv,2015,38.73
mkd,sex_f,eco_isic4_k,edu_aggregate_adv,2016,38.18
mkd,sex_f,eco_isic4_k,edu_aggregate_adv,2017,39.51
mkd,sex_f,eco_isic4_k,edu_aggregate_adv,2018,39.83
mkd,sex_f,eco_isic4_k,edu_aggregate_adv,2019,39.08
mkd,sex_f,eco_isic4_k,edu_aggregate_adv,2020,36.86
mkd,sex_f,eco_isic4_k,edu_aggregate_adv,2021,38.89
mkd,sex_f,eco_isic4_k,edu_aggregate_adv,2022,39.05
mkd,sex_f,eco_isic4_k,edu_aggregate_adv,2024,37.51
mkd,sex_f,eco_isic4_k,edu_aggregate_bas,2018,34.4
mkd,sex_f,eco_isic4_k,edu_aggregate_int,2011,39.31
mkd,sex_f,eco_isic4_k,edu_aggregate_int,2012,40.1
mkd,sex_f,eco_isic4_k,edu_aggregate_int,2013,39.42
mkd,sex_f,eco_isic4_k,edu_aggregate_int,2014,39.85
mkd,sex_f,eco_isic4_k,edu_aggregate_int,2015,39.67
mkd,sex_f,eco_isic4_k,edu_aggregate_int,2016,38.36
mkd,sex_f,eco_isic4_k,edu_aggregate_int,2017,40.65
mkd,sex_f,eco_isic4_k,edu_aggregate_int,2018,38.53
mkd,sex_f,eco_isic4_k,edu_aggregate_int,2019,37.41
mkd,sex_f,eco_isic4_k,edu_aggregate_int,2020,38.99
mkd,sex_f,eco_isic4_k,edu_aggregate_int,2021,37.99
mkd,sex_f,eco_isic4_k,edu_aggregate_int,2022,38.28
mkd,sex_f,eco_isic4_k,edu_aggregate_int,2024,36.58
mkd,sex_f,eco_isic4_k,edu_aggregate_total,2011,39.48
mkd,sex_f,eco_isic4_k,edu_aggregate_total,2012,40.09
mkd,sex_f,eco_isic4_k,edu_aggregate_total,2013,39.53
mkd,sex_f,eco_isic4_k,edu_aggregate_total,2014,39.87
mkd,sex_f,eco_isic4_k,edu_aggregate_total,2015,38.77
mkd,sex_f,eco_isic4_k,edu_aggregate_total,2016,38.22
mkd,sex_f,eco_isic4_k,edu_aggregate_total,2017,39.5
mkd,sex_f,eco_isic4_k,edu_aggregate_total,2018,39.46
mkd,sex_f,eco_isic4_k,edu_aggregate_total,2019,38.72
mkd,sex_f,eco_isic4_k,edu_aggregate_total,2020,37.23
mkd,sex_f,eco_isic4_k,edu_aggregate_total,2021,38.68
mkd,sex_f,eco_isic4_k,edu_aggregate_total,2022,38.89
mkd,sex_f,eco_isic4_k,edu_aggregate_total,2024,37.21
mkd,sex_f,eco_isic4_k,edu_isced11_1,2018,34.4
mkd,sex_f,eco_isic4_k,edu_isced11_3,2011,39.31
mkd,sex_f,eco_isic4_k,edu_isced11_3,2012,40.1
mkd,sex_f,eco_isic4_k,edu_isced11_3,2013,39.42
mkd,sex_f,eco_isic4_k,edu_isced11_3,2014,39.85
mkd,sex_f,eco_isic4_k,edu_isced11_3,2015,39.67
mkd,sex_f,eco_isic4_k,edu_isced11_3,2016,38.36
mkd,sex_f,eco_isic4_k,edu_isced11_3,2017,40.65
mkd,sex_f,eco_isic4_k,edu_isced11_3,2018,38.53
mkd,sex_f,eco_isic4_k,edu_isced11_3,2019,37.41
mkd,sex_f,eco_isic4_k,edu_isced11_3,2020,38.99
mkd,sex_f,eco_isic4_k,edu_isced11_3,2021,37.99
mkd,sex_f,eco_isic4_k,edu_isced11_3,2022,38.28
mkd,sex_f,eco_isic4_k,edu_isced11_3,2024,35.88
mkd,sex_f,eco_isic4_k,edu_isced11_4,2024,38.55
mkd,sex_f,eco_isic4_k,edu_isced11_5,2011,39.05
mkd,sex_f,eco_isic4_k,edu_isced11_5,2012,38.08
mkd,sex_f,eco_isic4_k,edu_isced11_5,2015,40
mkd,sex_f,eco_isic4_k,edu_isced11_6,2011,39.45
mkd,sex_f,eco_isic4_k,edu_isced11_6,2012,40.39
mkd,sex_f,eco_isic4_k,edu_isced11_6,2013,39.58
mkd,sex_f,eco_isic4_k,edu_isced11_6,2014,40.13
mkd,sex_f,eco_isic4_k,edu_isced11_6,2015,38.64
mkd,sex_f,eco_isic4_k,edu_isced11_6,2016,38.21
mkd,sex_f,eco_isic4_k,edu_isced11_6,2017,39.38
mkd,sex_f,eco_isic4_k,edu_isced11_6,2018,40.03
mkd,sex_f,eco_isic4_k,edu_isced11_6,2019,39.04
mkd,sex_f,eco_isic4_k,edu_isced11_6,2020,37.08
mkd,sex_f,eco_isic4_k,edu_isced11_6,2021,38.81
mkd,sex_f,eco_isic4_k,edu_isced11_6,2022,38.86
mkd,sex_f,eco_isic4_k,edu_isced11_6,2024,37.59
mkd,sex_f,eco_isic4_k,edu_isced11_7,2015,38.59
mkd,sex_f,eco_isic4_k,edu_isced11_7,2016,37.62
mkd,sex_f,eco_isic4_k,edu_isced11_7,2017,39.82
mkd,sex_f,eco_isic4_k,edu_isced11_7,2018,39.02
mkd,sex_f,eco_isic4_k,edu_isced11_7,2019,39.42
mkd,sex_f,eco_isic4_k,edu_isced11_7,2020,32.77
mkd,sex_f,eco_isic4_k,edu_isced11_7,2021,39.06
mkd,sex_f,eco_isic4_k,edu_isced11_7,2022,40
mkd,sex_f,eco_isic4_k,edu_isced11_7,2024,37.03
mkd,sex_f,eco_isic4_k,edu_isced11_total,2011,39.48
mkd,sex_f,eco_isic4_k,edu_isced11_total,2012,40.09
mkd,sex_f,eco_isic4_k,edu_isced11_total,2013,39.53
mkd,sex_f,eco_isic4_k,edu_isced11_total,2014,39.87
mkd,sex_f,eco_isic4_k,edu_isced11_total,2015,38.77
mkd,sex_f,eco_isic4_k,edu_isced11_total,2016,38.22
mkd,sex_f,eco_isic4_k,edu_isced11_total,2017,39.5
mkd,sex_f,eco_isic4_k,edu_isced11_total,2018,39.46
mkd,sex_f,eco_isic4_k,edu_isced11_total,2019,38.72
mkd,sex_f,eco_isic4_k,edu_isced11_total,2020,37.23
mkd,sex_f,eco_isic4_k,edu_isced11_total,2021,38.68
mkd,sex_f,eco_isic4_k,edu_isced11_total,2022,38.89
mkd,sex_f,eco_isic4_k,edu_isced11_total,2024,37.21
mkd,sex_f,eco_isic4_l,edu_aggregate_adv,2013,32.9
mkd,sex_f,eco_isic4_l,edu_aggregate_adv,2014,38.44
mkd,sex_f,eco_isic4_l,edu_aggregate_adv,2015,38.88
mkd,sex_f,eco_isic4_l,edu_aggregate_adv,2016,37.32
mkd,sex_f,eco_isic4_l,edu_aggregate_adv,2017,40
mkd,sex_f,eco_isic4_l,edu_aggregate_adv,2018,39.18
mkd,sex_f,eco_isic4_l,edu_aggregate_adv,2019,39.05
mkd,sex_f,eco_isic4_l,edu_aggregate_adv,2020,37.69
mkd,sex_f,eco_isic4_l,edu_aggregate_adv,2021,40
mkd,sex_f,eco_isic4_l,edu_aggregate_adv,2022,31.79
mkd,sex_f,eco_isic4_l,edu_aggregate_adv,2024,33.66
mkd,sex_f,eco_isic4_l,edu_aggregate_int,2011,37.52
mkd,sex_f,eco_isic4_l,edu_aggregate_int,2016,37.75
mkd,sex_f,eco_isic4_l,edu_aggregate_int,2017,40.05
mkd,sex_f,eco_isic4_l,edu_aggregate_int,2018,39.77
mkd,sex_f,eco_isic4_l,edu_aggregate_int,2019,38.47
mkd,sex_f,eco_isic4_l,edu_aggregate_int,2020,37.97
mkd,sex_f,eco_isic4_l,edu_aggregate_int,2021,35.57
mkd,sex_f,eco_isic4_l,edu_aggregate_int,2024,37.85
mkd,sex_f,eco_isic4_l,edu_aggregate_total,2011,38.39
mkd,sex_f,eco_isic4_l,edu_aggregate_total,2012,38.72
mkd,sex_f,eco_isic4_l,edu_aggregate_total,2013,34.56
mkd,sex_f,eco_isic4_l,edu_aggregate_total,2014,38.84
mkd,sex_f,eco_isic4_l,edu_aggregate_total,2015,37.16
mkd,sex_f,eco_isic4_l,edu_aggregate_total,2016,37.45
mkd,sex_f,eco_isic4_l,edu_aggregate_total,2017,40.03
mkd,sex_f,eco_isic4_l,edu_aggregate_total,2018,40.01
mkd,sex_f,eco_isic4_l,edu_aggregate_total,2019,38.88
mkd,sex_f,eco_isic4_l,edu_aggregate_total,2020,37.74
mkd,sex_f,eco_isic4_l,edu_aggregate_total,2021,39.17
mkd,sex_f,eco_isic4_l,edu_aggregate_total,2022,36.47
mkd,sex_f,eco_isic4_l,edu_aggregate_total,2024,35.6
mkd,sex_f,eco_isic4_l,edu_isced11_3,2011,37.52
mkd,sex_f,eco_isic4_l,edu_isced11_3,2016,37.75
mkd,sex_f,eco_isic4_l,edu_isced11_3,2017,40.05
mkd,sex_f,eco_isic4_l,edu_isced11_3,2018,39.77
mkd,sex_f,eco_isic4_l,edu_isced11_3,2019,38.47
mkd,sex_f,eco_isic4_l,edu_isced11_3,2020,37.97
mkd,sex_f,eco_isic4_l,edu_isced11_3,2021,35.57
mkd,sex_f,eco_isic4_l,edu_isced11_3,2024,37.85
mkd,sex_f,eco_isic4_l,edu_isced11_6,2013,32.9
mkd,sex_f,eco_isic4_l,edu_isced11_6,2014,38.44
mkd,sex_f,eco_isic4_l,edu_isced11_6,2016,38.88
mkd,sex_f,eco_isic4_l,edu_isced11_6,2017,40
mkd,sex_f,eco_isic4_l,edu_isced11_6,2018,39.15
mkd,sex_f,eco_isic4_l,edu_isced11_6,2019,38.76
mkd,sex_f,eco_isic4_l,edu_isced11_6,2020,36.14
mkd,sex_f,eco_isic4_l,edu_isced11_6,2021,40
mkd,sex_f,eco_isic4_l,edu_isced11_total,2011,38.39
mkd,sex_f,eco_isic4_l,edu_isced11_total,2012,38.72
mkd,sex_f,eco_isic4_l,edu_isced11_total,2013,34.56
mkd,sex_f,eco_isic4_l,edu_isced11_total,2014,38.84
mkd,sex_f,eco_isic4_l,edu_isced11_total,2015,37.16
mkd,sex_f,eco_isic4_l,edu_isced11_total,2016,37.45
mkd,sex_f,eco_isic4_l,edu_isced11_total,2017,40.03
mkd,sex_f,eco_isic4_l,edu_isced11_total,2018,40.01
mkd,sex_f,eco_isic4_l,edu_isced11_total,2019,38.88
mkd,sex_f,eco_isic4_l,edu_isced11_total,2020,37.74
mkd,sex_f,eco_isic4_l,edu_isced11_total,2021,39.17
mkd,sex_f,eco_isic4_l,edu_isced11_total,2022,36.47
mkd,sex_f,eco_isic4_l,edu_isced11_total,2024,35.6
mkd,sex_f,eco_isic4_m,edu_aggregate_adv,2011,39.76
mkd,sex_f,eco_isic4_m,edu_aggregate_adv,2012,37.69
mkd,sex_f,eco_isic4_m,edu_aggregate_adv,2013,39.2
mkd,sex_f,eco_isic4_m,edu_aggregate_adv,2014,39.57
mkd,sex_f,eco_isic4_m,edu_aggregate_adv,2015,39.23
mkd,sex_f,eco_isic4_m,edu_aggregate_adv,2016,39.28
mkd,sex_f,eco_isic4_m,edu_aggregate_adv,2017,38.28
mkd,sex_f,eco_isic4_m,edu_aggregate_adv,2018,39.07
mkd,sex_f,eco_isic4_m,edu_aggregate_adv,2019,38.27
mkd,sex_f,eco_isic4_m,edu_aggregate_adv,2020,37.79
mkd,sex_f,eco_isic4_m,edu_aggregate_adv,2021,38.61
mkd,sex_f,eco_isic4_m,edu_aggregate_adv,2022,38.61
mkd,sex_f,eco_isic4_m,edu_aggregate_adv,2024,38.39
mkd,sex_f,eco_isic4_m,edu_aggregate_bas,2019,43.05
mkd,sex_f,eco_isic4_m,edu_aggregate_int,2011,37.21
mkd,sex_f,eco_isic4_m,edu_aggregate_int,2012,39.72
mkd,sex_f,eco_isic4_m,edu_aggregate_int,2013,39.63
mkd,sex_f,eco_isic4_m,edu_aggregate_int,2014,40.16
mkd,sex_f,eco_isic4_m,edu_aggregate_int,2015,38.64
mkd,sex_f,eco_isic4_m,edu_aggregate_int,2016,38.77
mkd,sex_f,eco_isic4_m,edu_aggregate_int,2017,38.84
mkd,sex_f,eco_isic4_m,edu_aggregate_int,2018,37.55
mkd,sex_f,eco_isic4_m,edu_aggregate_int,2019,38.81
mkd,sex_f,eco_isic4_m,edu_aggregate_int,2020,36.56
mkd,sex_f,eco_isic4_m,edu_aggregate_int,2021,36.87
mkd,sex_f,eco_isic4_m,edu_aggregate_int,2022,38.43
mkd,sex_f,eco_isic4_m,edu_aggregate_int,2024,36.87
mkd,sex_f,eco_isic4_m,edu_aggregate_total,2011,38.87
mkd,sex_f,eco_isic4_m,edu_aggregate_total,2012,38.42
mkd,sex_f,eco_isic4_m,edu_aggregate_total,2013,39.35
mkd,sex_f,eco_isic4_m,edu_aggregate_total,2014,39.75
mkd,sex_f,eco_isic4_m,edu_aggregate_total,2015,39.08
mkd,sex_f,eco_isic4_m,edu_aggregate_total,2016,39.14
mkd,sex_f,eco_isic4_m,edu_aggregate_total,2017,38.44
mkd,sex_f,eco_isic4_m,edu_aggregate_total,2018,38.65
mkd,sex_f,eco_isic4_m,edu_aggregate_total,2019,38.55
mkd,sex_f,eco_isic4_m,edu_aggregate_total,2020,37.44
mkd,sex_f,eco_isic4_m,edu_aggregate_total,2021,38.22
mkd,sex_f,eco_isic4_m,edu_aggregate_total,2022,38.58
mkd,sex_f,eco_isic4_m,edu_aggregate_total,2024,38.06
mkd,sex_f,eco_isic4_m,edu_isced11_1,2019,43.05
mkd,sex_f,eco_isic4_m,edu_isced11_3,2011,37.21
mkd,sex_f,eco_isic4_m,edu_isced11_3,2012,39.72
mkd,sex_f,eco_isic4_m,edu_isced11_3,2013,39.63
mkd,sex_f,eco_isic4_m,edu_isced11_3,2014,40.16
mkd,sex_f,eco_isic4_m,edu_isced11_3,2015,38.64
mkd,sex_f,eco_isic4_m,edu_isced11_3,2016,38.77
mkd,sex_f,eco_isic4_m,edu_isced11_3,2017,38.84
mkd,sex_f,eco_isic4_m,edu_isced11_3,2018,37.55
mkd,sex_f,eco_isic4_m,edu_isced11_3,2019,38.81
mkd,sex_f,eco_isic4_m,edu_isced11_3,2020,36.56
mkd,sex_f,eco_isic4_m,edu_isced11_3,2021,36.87
mkd,sex_f,eco_isic4_m,edu_isced11_3,2022,38.43
mkd,sex_f,eco_isic4_m,edu_isced11_3,2024,37.09
mkd,sex_f,eco_isic4_m,edu_isced11_4,2024,36.44
mkd,sex_f,eco_isic4_m,edu_isced11_5,2011,40
mkd,sex_f,eco_isic4_m,edu_isced11_5,2012,40.46
mkd,sex_f,eco_isic4_m,edu_isced11_5,2013,39.08
mkd,sex_f,eco_isic4_m,edu_isced11_5,2014,41
mkd,sex_f,eco_isic4_m,edu_isced11_5,2015,38.21
mkd,sex_f,eco_isic4_m,edu_isced11_5,2020,40
mkd,sex_f,eco_isic4_m,edu_isced11_5,2021,40
mkd,sex_f,eco_isic4_m,edu_isced11_6,2011,39.48
mkd,sex_f,eco_isic4_m,edu_isced11_6,2012,38.12
mkd,sex_f,eco_isic4_m,edu_isced11_6,2013,39.34
mkd,sex_f,eco_isic4_m,edu_isced11_6,2014,39.82
mkd,sex_f,eco_isic4_m,edu_isced11_6,2015,39.25
mkd,sex_f,eco_isic4_m,edu_isced11_6,2016,39.3
mkd,sex_f,eco_isic4_m,edu_isced11_6,2017,38.75
mkd,sex_f,eco_isic4_m,edu_isced11_6,2018,39.16
mkd,sex_f,eco_isic4_m,edu_isced11_6,2019,38.18
mkd,sex_f,eco_isic4_m,edu_isced11_6,2020,37.82
mkd,sex_f,eco_isic4_m,edu_isced11_6,2021,38.58
mkd,sex_f,eco_isic4_m,edu_isced11_6,2022,38.7
mkd,sex_f,eco_isic4_m,edu_isced11_6,2024,38.54
mkd,sex_f,eco_isic4_m,edu_isced11_7,2011,39.74
mkd,sex_f,eco_isic4_m,edu_isced11_7,2012,29.82
mkd,sex_f,eco_isic4_m,edu_isced11_7,2013,37.79
mkd,sex_f,eco_isic4_m,edu_isced11_7,2014,36.65
mkd,sex_f,eco_isic4_m,edu_isced11_7,2015,40.65
mkd,sex_f,eco_isic4_m,edu_isced11_7,2016,40
mkd,sex_f,eco_isic4_m,edu_isced11_7,2017,39.84
mkd,sex_f,eco_isic4_m,edu_isced11_7,2018,38.28
mkd,sex_f,eco_isic4_m,edu_isced11_7,2019,38.61
mkd,sex_f,eco_isic4_m,edu_isced11_7,2020,37.06
mkd,sex_f,eco_isic4_m,edu_isced11_7,2021,38.29
mkd,sex_f,eco_isic4_m,edu_isced11_7,2022,37.72
mkd,sex_f,eco_isic4_m,edu_isced11_7,2024,38.19
mkd,sex_f,eco_isic4_m,edu_isced11_8,2017,22.91
mkd,sex_f,eco_isic4_m,edu_isced11_8,2024,37.76
mkd,sex_f,eco_isic4_m,edu_isced11_total,2011,38.87
mkd,sex_f,eco_isic4_m,edu_isced11_total,2012,38.42
mkd,sex_f,eco_isic4_m,edu_isced11_total,2013,39.35
mkd,sex_f,eco_isic4_m,edu_isced11_total,2014,39.75
mkd,sex_f,eco_isic4_m,edu_isced11_total,2015,39.08
mkd,sex_f,eco_isic4_m,edu_isced11_total,2016,39.14
mkd,sex_f,eco_isic4_m,edu_isced11_total,2017,38.44
mkd,sex_f,eco_isic4_m,edu_isced11_total,2018,38.65
mkd,sex_f,eco_isic4_m,edu_isced11_total,2019,38.55
mkd,sex_f,eco_isic4_m,edu_isced11_total,2020,37.44
mkd,sex_f,eco_isic4_m,edu_isced11_total,2021,38.22
mkd,sex_f,eco_isic4_m,edu_isced11_total,2022,38.58
mkd,sex_f,eco_isic4_m,edu_isced11_total,2024,38.06
mkd,sex_f,eco_isic4_n,edu_aggregate_adv,2011,38.95
mkd,sex_f,eco_isic4_n,edu_aggregate_adv,2012,38.76
mkd,sex_f,eco_isic4_n,edu_aggregate_adv,2013,43.49
mkd,sex_f,eco_isic4_n,edu_aggregate_adv,2014,40.48
mkd,sex_f,eco_isic4_n,edu_aggregate_adv,2015,39.32
mkd,sex_f,eco_isic4_n,edu_aggregate_adv,2016,39.78
mkd,sex_f,eco_isic4_n,edu_aggregate_adv,2017,41.29
mkd,sex_f,eco_isic4_n,edu_aggregate_adv,2018,40.35
mkd,sex_f,eco_isic4_n,edu_aggregate_adv,2019,38.07
mkd,sex_f,eco_isic4_n,edu_aggregate_adv,2020,38.25
mkd,sex_f,eco_isic4_n,edu_aggregate_adv,2021,38.95
mkd,sex_f,eco_isic4_n,edu_aggregate_adv,2022,40.22
mkd,sex_f,eco_isic4_n,edu_aggregate_adv,2024,36.64
mkd,sex_f,eco_isic4_n,edu_aggregate_bas,2011,42.99
mkd,sex_f,eco_isic4_n,edu_aggregate_bas,2012,36.13
mkd,sex_f,eco_isic4_n,edu_aggregate_bas,2013,42.7
mkd,sex_f,eco_isic4_n,edu_aggregate_bas,2014,35.39
mkd,sex_f,eco_isic4_n,edu_aggregate_bas,2015,35.47
mkd,sex_f,eco_isic4_n,edu_aggregate_bas,2016,38.24
mkd,sex_f,eco_isic4_n,edu_aggregate_bas,2017,36.26
mkd,sex_f,eco_isic4_n,edu_aggregate_bas,2018,34.23
mkd,sex_f,eco_isic4_n,edu_aggregate_bas,2019,31.84
mkd,sex_f,eco_isic4_n,edu_aggregate_bas,2020,29.27
mkd,sex_f,eco_isic4_n,edu_aggregate_bas,2021,31.31
mkd,sex_f,eco_isic4_n,edu_aggregate_bas,2022,32.53
mkd,sex_f,eco_isic4_n,edu_aggregate_bas,2024,35.7
mkd,sex_f,eco_isic4_n,edu_aggregate_int,2011,36.81
mkd,sex_f,eco_isic4_n,edu_aggregate_int,2012,39.33
mkd,sex_f,eco_isic4_n,edu_aggregate_int,2013,40.23
mkd,sex_f,eco_isic4_n,edu_aggregate_int,2014,38.34
mkd,sex_f,eco_isic4_n,edu_aggregate_int,2015,38.48
mkd,sex_f,eco_isic4_n,edu_aggregate_int,2016,36.28
mkd,sex_f,eco_isic4_n,edu_aggregate_int,2017,38.6
mkd,sex_f,eco_isic4_n,edu_aggregate_int,2018,37.92
mkd,sex_f,eco_isic4_n,edu_aggregate_int,2019,39.47
mkd,sex_f,eco_isic4_n,edu_aggregate_int,2020,37.53
mkd,sex_f,eco_isic4_n,edu_aggregate_int,2021,36.86
mkd,sex_f,eco_isic4_n,edu_aggregate_int,2022,36.62
mkd,sex_f,eco_isic4_n,edu_aggregate_int,2024,37.52
mkd,sex_f,eco_isic4_n,edu_aggregate_ltb,2018,21.86
mkd,sex_f,eco_isic4_n,edu_aggregate_ltb,2019,27.42
mkd,sex_f,eco_isic4_n,edu_aggregate_ltb,2020,23.81
mkd,sex_f,eco_isic4_n,edu_aggregate_ltb,2021,23.92
mkd,sex_f,eco_isic4_n,edu_aggregate_ltb,2022,26.36
mkd,sex_f,eco_isic4_n,edu_aggregate_total,2011,38.28
mkd,sex_f,eco_isic4_n,edu_aggregate_total,2012,38.74
mkd,sex_f,eco_isic4_n,edu_aggregate_total,2013,41.44
mkd,sex_f,eco_isic4_n,edu_aggregate_total,2014,38.71
mkd,sex_f,eco_isic4_n,edu_aggregate_total,2015,38.24
mkd,sex_f,eco_isic4_n,edu_aggregate_total,2016,36.95
mkd,sex_f,eco_isic4_n,edu_aggregate_total,2017,38.46
mkd,sex_f,eco_isic4_n,edu_aggregate_total,2018,36.04
mkd,sex_f,eco_isic4_n,edu_aggregate_total,2019,35.69
mkd,sex_f,eco_isic4_n,edu_aggregate_total,2020,35.07
mkd,sex_f,eco_isic4_n,edu_aggregate_total,2021,34.42
mkd,sex_f,eco_isic4_n,edu_aggregate_total,2022,34.75
mkd,sex_f,eco_isic4_n,edu_aggregate_total,2024,36.96
mkd,sex_f,eco_isic4_n,edu_isced11_0,2018,22.18
mkd,sex_f,eco_isic4_n,edu_isced11_0,2019,27.1
mkd,sex_f,eco_isic4_n,edu_isced11_0,2020,23.88
mkd,sex_f,eco_isic4_n,edu_isced11_0,2021,23.03
mkd,sex_f,eco_isic4_n,edu_isced11_0,2022,25.15
mkd,sex_f,eco_isic4_n,edu_isced11_1,2011,42.99
mkd,sex_f,eco_isic4_n,edu_isced11_1,2012,36.13
mkd,sex_f,eco_isic4_n,edu_isced11_1,2013,42.7
mkd,sex_f,eco_isic4_n,edu_isced11_1,2014,35.39
mkd,sex_f,eco_isic4_n,edu_isced11_1,2015,35.47
mkd,sex_f,eco_isic4_n,edu_isced11_1,2016,38.24
mkd,sex_f,eco_isic4_n,edu_isced11_1,2017,36.26
mkd,sex_f,eco_isic4_n,edu_isced11_1,2018,34.23
mkd,sex_f,eco_isic4_n,edu_isced11_1,2019,31.84
mkd,sex_f,eco_isic4_n,edu_isced11_1,2020,29.27
mkd,sex_f,eco_isic4_n,edu_isced11_1,2021,31.31
mkd,sex_f,eco_isic4_n,edu_isced11_1,2022,32.53
mkd,sex_f,eco_isic4_n,edu_isced11_1,2024,35.7
mkd,sex_f,eco_isic4_n,edu_isced11_3,2011,36.81
mkd,sex_f,eco_isic4_n,edu_isced11_3,2012,39.33
mkd,sex_f,eco_isic4_n,edu_isced11_3,2013,40.23
mkd,sex_f,eco_isic4_n,edu_isced11_3,2014,38.34
mkd,sex_f,eco_isic4_n,edu_isced11_3,2015,38.48
mkd,sex_f,eco_isic4_n,edu_isced11_3,2016,36.28
mkd,sex_f,eco_isic4_n,edu_isced11_3,2017,38.6
mkd,sex_f,eco_isic4_n,edu_isced11_3,2018,37.92
mkd,sex_f,eco_isic4_n,edu_isced11_3,2019,39.47
mkd,sex_f,eco_isic4_n,edu_isced11_3,2020,37.53
mkd,sex_f,eco_isic4_n,edu_isced11_3,2021,36.86
mkd,sex_f,eco_isic4_n,edu_isced11_3,2022,36.62
mkd,sex_f,eco_isic4_n,edu_isced11_3,2024,36.67
mkd,sex_f,eco_isic4_n,edu_isced11_4,2024,40.04
mkd,sex_f,eco_isic4_n,edu_isced11_5,2018,44.23
mkd,sex_f,eco_isic4_n,edu_isced11_6,2011,38.8
mkd,sex_f,eco_isic4_n,edu_isced11_6,2012,40.65
mkd,sex_f,eco_isic4_n,edu_isced11_6,2013,43.49
mkd,sex_f,eco_isic4_n,edu_isced11_6,2014,41.23
mkd,sex_f,eco_isic4_n,edu_isced11_6,2015,39.32
mkd,sex_f,eco_isic4_n,edu_isced11_6,2016,39.73
mkd,sex_f,eco_isic4_n,edu_isced11_6,2017,41.2
mkd,sex_f,eco_isic4_n,edu_isced11_6,2018,39.94
mkd,sex_f,eco_isic4_n,edu_isced11_6,2019,37.8
mkd,sex_f,eco_isic4_n,edu_isced11_6,2020,38.06
mkd,sex_f,eco_isic4_n,edu_isced11_6,2021,39.23
mkd,sex_f,eco_isic4_n,edu_isced11_6,2022,40.59
mkd,sex_f,eco_isic4_n,edu_isced11_6,2024,36.23
mkd,sex_f,eco_isic4_n,edu_isced11_7,2019,40
mkd,sex_f,eco_isic4_n,edu_isced11_7,2020,38.35
mkd,sex_f,eco_isic4_n,edu_isced11_7,2022,39.08
mkd,sex_f,eco_isic4_n,edu_isced11_total,2011,38.28
mkd,sex_f,eco_isic4_n,edu_isced11_total,2012,38.74
mkd,sex_f,eco_isic4_n,edu_isced11_total,2013,41.44
mkd,sex_f,eco_isic4_n,edu_isced11_total,2014,38.71
mkd,sex_f,eco_isic4_n,edu_isced11_total,2015,38.24
mkd,sex_f,eco_isic4_n,edu_isced11_total,2016,36.95
mkd,sex_f,eco_isic4_n,edu_isced11_total,2017,38.46
mkd,sex_f,eco_isic4_n,edu_isced11_total,2018,36.04
mkd,sex_f,eco_isic4_n,edu_isced11_total,2019,35.69
mkd,sex_f,eco_isic4_n,edu_isced11_total,2020,35.07
mkd,sex_f,eco_isic4_n,edu_isced11_total,2021,34.42
mkd,sex_f,eco_isic4_n,edu_isced11_total,2022,34.75
mkd,sex_f,eco_isic4_n,edu_isced11_total,2024,36.96
mkd,sex_f,eco_isic4_n,edu_isced11_x,2019,28.21
mkd,sex_f,eco_isic4_n,edu_isced11_x,2020,23.63
mkd,sex_f,eco_isic4_n,edu_isced11_x,2022,27.77
mkd,sex_f,eco_isic4_o,edu_aggregate_adv,2011,38.8
mkd,sex_f,eco_isic4_o,edu_aggregate_adv,2012,39.11
mkd,sex_f,eco_isic4_o,edu_aggregate_adv,2013,39.65
mkd,sex_f,eco_isic4_o,edu_aggregate_adv,2014,39.62
mkd,sex_f,eco_isic4_o,edu_aggregate_adv,2015,38.89
mkd,sex_f,eco_isic4_o,edu_aggregate_adv,2016,39.18
mkd,sex_f,eco_isic4_o,edu_aggregate_adv,2017,38.74
mkd,sex_f,eco_isic4_o,edu_aggregate_adv,2018,39.04
mkd,sex_f,eco_isic4_o,edu_aggregate_adv,2019,38.55
mkd,sex_f,eco_isic4_o,edu_aggregate_adv,2020,37.4
mkd,sex_f,eco_isic4_o,edu_aggregate_adv,2021,39.13
mkd,sex_f,eco_isic4_o,edu_aggregate_adv,2022,38.78
mkd,sex_f,eco_isic4_o,edu_aggregate_adv,2024,38.03
mkd,sex_f,eco_isic4_o,edu_aggregate_bas,2011,35.84
mkd,sex_f,eco_isic4_o,edu_aggregate_bas,2012,40
mkd,sex_f,eco_isic4_o,edu_aggregate_bas,2013,40
mkd,sex_f,eco_isic4_o,edu_aggregate_bas,2014,39.9
mkd,sex_f,eco_isic4_o,edu_aggregate_bas,2015,38.26
mkd,sex_f,eco_isic4_o,edu_aggregate_bas,2016,39.5
mkd,sex_f,eco_isic4_o,edu_aggregate_bas,2017,40
mkd,sex_f,eco_isic4_o,edu_aggregate_bas,2018,39.27
mkd,sex_f,eco_isic4_o,edu_aggregate_bas,2021,38.27
mkd,sex_f,eco_isic4_o,edu_aggregate_bas,2022,39.09
mkd,sex_f,eco_isic4_o,edu_aggregate_bas,2024,36.48
mkd,sex_f,eco_isic4_o,edu_aggregate_int,2011,39.88
mkd,sex_f,eco_isic4_o,edu_aggregate_int,2012,38.4
mkd,sex_f,eco_isic4_o,edu_aggregate_int,2013,39.6
mkd,sex_f,eco_isic4_o,edu_aggregate_int,2014,39.71
mkd,sex_f,eco_isic4_o,edu_aggregate_int,2015,39.35
mkd,sex_f,eco_isic4_o,edu_aggregate_int,2016,39.99
mkd,sex_f,eco_isic4_o,edu_aggregate_int,2017,39.54
mkd,sex_f,eco_isic4_o,edu_aggregate_int,2018,39.84
mkd,sex_f,eco_isic4_o,edu_aggregate_int,2019,38.9
mkd,sex_f,eco_isic4_o,edu_aggregate_int,2020,36.95
mkd,sex_f,eco_isic4_o,edu_aggregate_int,2021,39.68
mkd,sex_f,eco_isic4_o,edu_aggregate_int,2022,39.48
mkd,sex_f,eco_isic4_o,edu_aggregate_int,2024,37.49
mkd,sex_f,eco_isic4_o,edu_aggregate_ltb,2019,37.82
mkd,sex_f,eco_isic4_o,edu_aggregate_total,2011,39.21
mkd,sex_f,eco_isic4_o,edu_aggregate_total,2012,38.82
mkd,sex_f,eco_isic4_o,edu_aggregate_total,2013,39.64
mkd,sex_f,eco_isic4_o,edu_aggregate_total,2014,39.66
mkd,sex_f,eco_isic4_o,edu_aggregate_total,2015,39.02
mkd,sex_f,eco_isic4_o,edu_aggregate_total,2016,39.46
mkd,sex_f,eco_isic4_o,edu_aggregate_total,2017,39.06
mkd,sex_f,eco_isic4_o,edu_aggregate_total,2018,39.33
mkd,sex_f,eco_isic4_o,edu_aggregate_total,2019,38.68
mkd,sex_f,eco_isic4_o,edu_aggregate_total,2020,37.29
mkd,sex_f,eco_isic4_o,edu_aggregate_total,2021,39.26
mkd,sex_f,eco_isic4_o,edu_aggregate_total,2022,38.96
mkd,sex_f,eco_isic4_o,edu_aggregate_total,2024,37.86
mkd,sex_f,eco_isic4_o,edu_isced11_1,2011,35.46
mkd,sex_f,eco_isic4_o,edu_isced11_1,2012,40
mkd,sex_f,eco_isic4_o,edu_isced11_1,2013,40
mkd,sex_f,eco_isic4_o,edu_isced11_1,2014,39.9
mkd,sex_f,eco_isic4_o,edu_isced11_1,2015,37.9
mkd,sex_f,eco_isic4_o,edu_isced11_1,2016,39.5
mkd,sex_f,eco_isic4_o,edu_isced11_1,2017,40
mkd,sex_f,eco_isic4_o,edu_isced11_1,2018,39.27
mkd,sex_f,eco_isic4_o,edu_isced11_1,2021,38.27
mkd,sex_f,eco_isic4_o,edu_isced11_1,2022,39.09
mkd,sex_f,eco_isic4_o,edu_isced11_1,2024,36.48
mkd,sex_f,eco_isic4_o,edu_isced11_3,2011,39.88
mkd,sex_f,eco_isic4_o,edu_isced11_3,2012,38.4
mkd,sex_f,eco_isic4_o,edu_isced11_3,2013,39.6
mkd,sex_f,eco_isic4_o,edu_isced11_3,2014,39.71
mkd,sex_f,eco_isic4_o,edu_isced11_3,2015,39.35
mkd,sex_f,eco_isic4_o,edu_isced11_3,2016,39.99
mkd,sex_f,eco_isic4_o,edu_isced11_3,2017,39.54
mkd,sex_f,eco_isic4_o,edu_isced11_3,2018,39.84
mkd,sex_f,eco_isic4_o,edu_isced11_3,2019,38.9
mkd,sex_f,eco_isic4_o,edu_isced11_3,2020,36.95
mkd,sex_f,eco_isic4_o,edu_isced11_3,2021,39.68
mkd,sex_f,eco_isic4_o,edu_isced11_3,2022,39.48
mkd,sex_f,eco_isic4_o,edu_isced11_3,2024,37.18
mkd,sex_f,eco_isic4_o,edu_isced11_4,2024,38.34
mkd,sex_f,eco_isic4_o,edu_isced11_5,2011,40
mkd,sex_f,eco_isic4_o,edu_isced11_5,2012,40
mkd,sex_f,eco_isic4_o,edu_isced11_5,2013,40
mkd,sex_f,eco_isic4_o,edu_isced11_5,2014,40
mkd,sex_f,eco_isic4_o,edu_isced11_5,2015,37.04
mkd,sex_f,eco_isic4_o,edu_isced11_5,2016,38.66
mkd,sex_f,eco_isic4_o,edu_isced11_5,2017,39.21
mkd,sex_f,eco_isic4_o,edu_isced11_5,2018,38.09
mkd,sex_f,eco_isic4_o,edu_isced11_5,2019,40
mkd,sex_f,eco_isic4_o,edu_isced11_5,2020,40
mkd,sex_f,eco_isic4_o,edu_isced11_5,2021,37.85
mkd,sex_f,eco_isic4_o,edu_isced11_5,2022,37.4
mkd,sex_f,eco_isic4_o,edu_isced11_6,2011,38.64
mkd,sex_f,eco_isic4_o,edu_isced11_6,2012,39.03
mkd,sex_f,eco_isic4_o,edu_isced11_6,2013,39.59
mkd,sex_f,eco_isic4_o,edu_isced11_6,2014,39.55
mkd,sex_f,eco_isic4_o,edu_isced11_6,2015,38.96
mkd,sex_f,eco_isic4_o,edu_isced11_6,2016,39.34
mkd,sex_f,eco_isic4_o,edu_isced11_6,2017,38.82
mkd,sex_f,eco_isic4_o,edu_isced11_6,2018,38.94
mkd,sex_f,eco_isic4_o,edu_isced11_6,2019,38.57
mkd,sex_f,eco_isic4_o,edu_isced11_6,2020,37.27
mkd,sex_f,eco_isic4_o,edu_isced11_6,2021,39.31
mkd,sex_f,eco_isic4_o,edu_isced11_6,2022,38.74
mkd,sex_f,eco_isic4_o,edu_isced11_6,2024,38.02
mkd,sex_f,eco_isic4_o,edu_isced11_7,2011,39.9
mkd,sex_f,eco_isic4_o,edu_isced11_7,2012,39.11
mkd,sex_f,eco_isic4_o,edu_isced11_7,2013,40
mkd,sex_f,eco_isic4_o,edu_isced11_7,2014,40
mkd,sex_f,eco_isic4_o,edu_isced11_7,2015,39.21
mkd,sex_f,eco_isic4_o,edu_isced11_7,2016,38.53
mkd,sex_f,eco_isic4_o,edu_isced11_7,2017,38.36
mkd,sex_f,eco_isic4_o,edu_isced11_7,2018,39.41
mkd,sex_f,eco_isic4_o,edu_isced11_7,2019,38.18
mkd,sex_f,eco_isic4_o,edu_isced11_7,2020,37.46
mkd,sex_f,eco_isic4_o,edu_isced11_7,2021,38.16
mkd,sex_f,eco_isic4_o,edu_isced11_7,2022,39.48
mkd,sex_f,eco_isic4_o,edu_isced11_7,2024,38.01
mkd,sex_f,eco_isic4_o,edu_isced11_total,2011,39.21
mkd,sex_f,eco_isic4_o,edu_isced11_total,2012,38.82
mkd,sex_f,eco_isic4_o,edu_isced11_total,2013,39.64
mkd,sex_f,eco_isic4_o,edu_isced11_total,2014,39.66
mkd,sex_f,eco_isic4_o,edu_isced11_total,2015,39.02
mkd,sex_f,eco_isic4_o,edu_isced11_total,2016,39.46
mkd,sex_f,eco_isic4_o,edu_isced11_total,2017,39.06
mkd,sex_f,eco_isic4_o,edu_isced11_total,2018,39.33
mkd,sex_f,eco_isic4_o,edu_isced11_total,2019,38.68
mkd,sex_f,eco_isic4_o,edu_isced11_total,2020,37.29
mkd,sex_f,eco_isic4_o,edu_isced11_total,2021,39.26
mkd,sex_f,eco_isic4_o,edu_isced11_total,2022,38.96
mkd,sex_f,eco_isic4_o,edu_isced11_total,2024,37.86
mkd,sex_f,eco_isic4_o,edu_isced11_x,2019,37.82
mkd,sex_f,eco_isic4_p,edu_aggregate_adv,2011,36.85
mkd,sex_f,eco_isic4_p,edu_aggregate_adv,2012,37.95
mkd,sex_f,eco_isic4_p,edu_aggregate_adv,2013,38.28
mkd,sex_f,eco_isic4_p,edu_aggregate_adv,2014,38.87
mkd,sex_f,eco_isic4_p,edu_aggregate_adv,2015,38.97
mkd,sex_f,eco_isic4_p,edu_aggregate_adv,2016,39.14
mkd,sex_f,eco_isic4_p,edu_aggregate_adv,2017,38.63
mkd,sex_f,eco_isic4_p,edu_aggregate_adv,2018,38.27
mkd,sex_f,eco_isic4_p,edu_aggregate_adv,2019,37.94
mkd,sex_f,eco_isic4_p,edu_aggregate_adv,2020,35.84
mkd,sex_f,eco_isic4_p,edu_aggregate_adv,2021,37.82
mkd,sex_f,eco_isic4_p,edu_aggregate_adv,2022,38.57
mkd,sex_f,eco_isic4_p,edu_aggregate_adv,2024,38.05
mkd,sex_f,eco_isic4_p,edu_aggregate_bas,2011,38.2
mkd,sex_f,eco_isic4_p,edu_aggregate_bas,2012,39.84
mkd,sex_f,eco_isic4_p,edu_aggregate_bas,2013,40.42
mkd,sex_f,eco_isic4_p,edu_aggregate_bas,2014,39.44
mkd,sex_f,eco_isic4_p,edu_aggregate_bas,2015,39.71
mkd,sex_f,eco_isic4_p,edu_aggregate_bas,2016,35.98
mkd,sex_f,eco_isic4_p,edu_aggregate_bas,2017,35.06
mkd,sex_f,eco_isic4_p,edu_aggregate_bas,2018,39.57
mkd,sex_f,eco_isic4_p,edu_aggregate_bas,2019,36.85
mkd,sex_f,eco_isic4_p,edu_aggregate_bas,2020,33.92
mkd,sex_f,eco_isic4_p,edu_aggregate_bas,2021,39.09
mkd,sex_f,eco_isic4_p,edu_aggregate_bas,2022,39.27
mkd,sex_f,eco_isic4_p,edu_aggregate_bas,2024,37.84
mkd,sex_f,eco_isic4_p,edu_aggregate_int,2011,38.08
mkd,sex_f,eco_isic4_p,edu_aggregate_int,2012,39.24
mkd,sex_f,eco_isic4_p,edu_aggregate_int,2013,39.69
mkd,sex_f,eco_isic4_p,edu_aggregate_int,2014,39.25
mkd,sex_f,eco_isic4_p,edu_aggregate_int,2015,38.43
mkd,sex_f,eco_isic4_p,edu_aggregate_int,2016,38.61
mkd,sex_f,eco_isic4_p,edu_aggregate_int,2017,38.94
mkd,sex_f,eco_isic4_p,edu_aggregate_int,2018,37.5
mkd,sex_f,eco_isic4_p,edu_aggregate_int,2019,37.37
mkd,sex_f,eco_isic4_p,edu_aggregate_int,2020,31.04
mkd,sex_f,eco_isic4_p,edu_aggregate_int,2021,38.56
mkd,sex_f,eco_isic4_p,edu_aggregate_int,2022,37.31
mkd,sex_f,eco_isic4_p,edu_aggregate_int,2024,38.28
mkd,sex_f,eco_isic4_p,edu_aggregate_total,2011,37.08
mkd,sex_f,eco_isic4_p,edu_aggregate_total,2012,38.24
mkd,sex_f,eco_isic4_p,edu_aggregate_total,2013,38.56
mkd,sex_f,eco_isic4_p,edu_aggregate_total,2014,38.93
mkd,sex_f,eco_isic4_p,edu_aggregate_total,2015,38.95
mkd,sex_f,eco_isic4_p,edu_aggregate_total,2016,38.98
mkd,sex_f,eco_isic4_p,edu_aggregate_total,2017,38.46
mkd,sex_f,eco_isic4_p,edu_aggregate_total,2018,38.24
mkd,sex_f,eco_isic4_p,edu_aggregate_total,2019,37.82
mkd,sex_f,eco_isic4_p,edu_aggregate_total,2020,35.39
mkd,sex_f,eco_isic4_p,edu_aggregate_total,2021,37.94
mkd,sex_f,eco_isic4_p,edu_aggregate_total,2022,38.45
mkd,sex_f,eco_isic4_p,edu_aggregate_total,2024,38.07
mkd,sex_f,eco_isic4_p,edu_isced11_1,2011,38.2
mkd,sex_f,eco_isic4_p,edu_isced11_1,2012,39.83
mkd,sex_f,eco_isic4_p,edu_isced11_1,2013,40.44
mkd,sex_f,eco_isic4_p,edu_isced11_1,2014,39.44
mkd,sex_f,eco_isic4_p,edu_isced11_1,2015,39.71
mkd,sex_f,eco_isic4_p,edu_isced11_1,2016,35.98
mkd,sex_f,eco_isic4_p,edu_isced11_1,2017,35.06
mkd,sex_f,eco_isic4_p,edu_isced11_1,2018,39.56
mkd,sex_f,eco_isic4_p,edu_isced11_1,2019,36.8
mkd,sex_f,eco_isic4_p,edu_isced11_1,2020,33.92
mkd,sex_f,eco_isic4_p,edu_isced11_1,2021,39.05
mkd,sex_f,eco_isic4_p,edu_isced11_1,2022,39.2
mkd,sex_f,eco_isic4_p,edu_isced11_1,2024,37.84
mkd,sex_f,eco_isic4_p,edu_isced11_3,2011,38.08
mkd,sex_f,eco_isic4_p,edu_isced11_3,2012,39.24
mkd,sex_f,eco_isic4_p,edu_isced11_3,2013,39.69
mkd,sex_f,eco_isic4_p,edu_isced11_3,2014,39.25
mkd,sex_f,eco_isic4_p,edu_isced11_3,2015,38.43
mkd,sex_f,eco_isic4_p,edu_isced11_3,2016,38.61
mkd,sex_f,eco_isic4_p,edu_isced11_3,2017,38.94
mkd,sex_f,eco_isic4_p,edu_isced11_3,2018,37.5
mkd,sex_f,eco_isic4_p,edu_isced11_3,2019,37.37
mkd,sex_f,eco_isic4_p,edu_isced11_3,2020,31.04
mkd,sex_f,eco_isic4_p,edu_isced11_3,2021,38.56
mkd,sex_f,eco_isic4_p,edu_isced11_3,2022,37.31
mkd,sex_f,eco_isic4_p,edu_isced11_3,2024,37.99
mkd,sex_f,eco_isic4_p,edu_isced11_4,2024,39.51
mkd,sex_f,eco_isic4_p,edu_isced11_5,2011,37.85
mkd,sex_f,eco_isic4_p,edu_isced11_5,2012,38.23
mkd,sex_f,eco_isic4_p,edu_isced11_5,2013,38.56
mkd,sex_f,eco_isic4_p,edu_isced11_5,2014,39.24
mkd,sex_f,eco_isic4_p,edu_isced11_5,2015,40
mkd,sex_f,eco_isic4_p,edu_isced11_5,2016,40.21
mkd,sex_f,eco_isic4_p,edu_isced11_5,2017,39.87
mkd,sex_f,eco_isic4_p,edu_isced11_5,2018,39.64
mkd,sex_f,eco_isic4_p,edu_isced11_5,2019,39.82
mkd,sex_f,eco_isic4_p,edu_isced11_5,2020,36.56
mkd,sex_f,eco_isic4_p,edu_isced11_5,2021,40.93
mkd,sex_f,eco_isic4_p,edu_isced11_5,2022,39.79
mkd,sex_f,eco_isic4_p,edu_isced11_5,2024,38.67
mkd,sex_f,eco_isic4_p,edu_isced11_6,2011,36.69
mkd,sex_f,eco_isic4_p,edu_isced11_6,2012,38.28
mkd,sex_f,eco_isic4_p,edu_isced11_6,2013,38.4
mkd,sex_f,eco_isic4_p,edu_isced11_6,2014,38.89
mkd,sex_f,eco_isic4_p,edu_isced11_6,2015,39.19
mkd,sex_f,eco_isic4_p,edu_isced11_6,2016,38.97
mkd,sex_f,eco_isic4_p,edu_isced11_6,2017,38.51
mkd,sex_f,eco_isic4_p,edu_isced11_6,2018,38.05
mkd,sex_f,eco_isic4_p,edu_isced11_6,2019,37.82
mkd,sex_f,eco_isic4_p,edu_isced11_6,2020,35.71
mkd,sex_f,eco_isic4_p,edu_isced11_6,2021,37.5
mkd,sex_f,eco_isic4_p,edu_isced11_6,2022,38.43
mkd,sex_f,eco_isic4_p,edu_isced11_6,2024,38.12
mkd,sex_f,eco_isic4_p,edu_isced11_7,2011,34.41
mkd,sex_f,eco_isic4_p,edu_isced11_7,2012,36.48
mkd,sex_f,eco_isic4_p,edu_isced11_7,2013,39.06
mkd,sex_f,eco_isic4_p,edu_isced11_7,2014,36.96
mkd,sex_f,eco_isic4_p,edu_isced11_7,2015,36.65
mkd,sex_f,eco_isic4_p,edu_isced11_7,2016,39.5
mkd,sex_f,eco_isic4_p,edu_isced11_7,2017,38.37
mkd,sex_f,eco_isic4_p,edu_isced11_7,2018,39.28
mkd,sex_f,eco_isic4_p,edu_isced11_7,2019,36.58
mkd,sex_f,eco_isic4_p,edu_isced11_7,2020,37
mkd,sex_f,eco_isic4_p,edu_isced11_7,2021,38.65
mkd,sex_f,eco_isic4_p,edu_isced11_7,2022,39
mkd,sex_f,eco_isic4_p,edu_isced11_7,2024,38.26
mkd,sex_f,eco_isic4_p,edu_isced11_8,2011,40.12
mkd,sex_f,eco_isic4_p,edu_isced11_8,2012,25.34
mkd,sex_f,eco_isic4_p,edu_isced11_8,2013,34.82
mkd,sex_f,eco_isic4_p,edu_isced11_8,2014,39.6
mkd,sex_f,eco_isic4_p,edu_isced11_8,2015,37.51
mkd,sex_f,eco_isic4_p,edu_isced11_8,2016,39.93
mkd,sex_f,eco_isic4_p,edu_isced11_8,2017,39.09
mkd,sex_f,eco_isic4_p,edu_isced11_8,2018,40.02
mkd,sex_f,eco_isic4_p,edu_isced11_8,2019,39.7
mkd,sex_f,eco_isic4_p,edu_isced11_8,2020,36.08
mkd,sex_f,eco_isic4_p,edu_isced11_8,2021,37.12
mkd,sex_f,eco_isic4_p,edu_isced11_8,2022,39.49
mkd,sex_f,eco_isic4_p,edu_isced11_8,2024,36.03
mkd,sex_f,eco_isic4_p,edu_isced11_total,2011,37.08
mkd,sex_f,eco_isic4_p,edu_isced11_total,2012,38.24
mkd,sex_f,eco_isic4_p,edu_isced11_total,2013,38.56
mkd,sex_f,eco_isic4_p,edu_isced11_total,2014,38.93
mkd,sex_f,eco_isic4_p,edu_isced11_total,2015,38.95
mkd,sex_f,eco_isic4_p,edu_isced11_total,2016,38.98
mkd,sex_f,eco_isic4_p,edu_isced11_total,2017,38.46
mkd,sex_f,eco_isic4_p,edu_isced11_total,2018,38.24
mkd,sex_f,eco_isic4_p,edu_isced11_total,2019,37.82
mkd,sex_f,eco_isic4_p,edu_isced11_total,2020,35.39
mkd,sex_f,eco_isic4_p,edu_isced11_total,2021,37.94
mkd,sex_f,eco_isic4_p,edu_isced11_total,2022,38.45
mkd,sex_f,eco_isic4_p,edu_isced11_total,2024,38.07
mkd,sex_f,eco_isic4_q,edu_aggregate_adv,2011,39.13
mkd,sex_f,eco_isic4_q,edu_aggregate_adv,2012,39.08
mkd,sex_f,eco_isic4_q,edu_aggregate_adv,2013,39.89
mkd,sex_f,eco_isic4_q,edu_aggregate_adv,2014,39.71
mkd,sex_f,eco_isic4_q,edu_aggregate_adv,2015,39.37
mkd,sex_f,eco_isic4_q,edu_aggregate_adv,2016,40.46
mkd,sex_f,eco_isic4_q,edu_aggregate_adv,2017,39.73
mkd,sex_f,eco_isic4_q,edu_aggregate_adv,2018,39.36
mkd,sex_f,eco_isic4_q,edu_aggregate_adv,2019,39.39
mkd,sex_f,eco_isic4_q,edu_aggregate_adv,2020,38.67
mkd,sex_f,eco_isic4_q,edu_aggregate_adv,2021,39.46
mkd,sex_f,eco_isic4_q,edu_aggregate_adv,2022,39.11
mkd,sex_f,eco_isic4_q,edu_aggregate_adv,2024,38.12
mkd,sex_f,eco_isic4_q,edu_aggregate_bas,2011,38.48
mkd,sex_f,eco_isic4_q,edu_aggregate_bas,2012,39.06
mkd,sex_f,eco_isic4_q,edu_aggregate_bas,2013,41.28
mkd,sex_f,eco_isic4_q,edu_aggregate_bas,2014,39.23
mkd,sex_f,eco_isic4_q,edu_aggregate_bas,2015,40.25
mkd,sex_f,eco_isic4_q,edu_aggregate_bas,2016,40.06
mkd,sex_f,eco_isic4_q,edu_aggregate_bas,2017,40.71
mkd,sex_f,eco_isic4_q,edu_aggregate_bas,2018,40.62
mkd,sex_f,eco_isic4_q,edu_aggregate_bas,2019,39.63
mkd,sex_f,eco_isic4_q,edu_aggregate_bas,2020,40.93
mkd,sex_f,eco_isic4_q,edu_aggregate_bas,2021,38.61
mkd,sex_f,eco_isic4_q,edu_aggregate_bas,2022,39.42
mkd,sex_f,eco_isic4_q,edu_aggregate_bas,2024,35.77
mkd,sex_f,eco_isic4_q,edu_aggregate_int,2011,40.3
mkd,sex_f,eco_isic4_q,edu_aggregate_int,2012,40.61
mkd,sex_f,eco_isic4_q,edu_aggregate_int,2013,40.73
mkd,sex_f,eco_isic4_q,edu_aggregate_int,2014,40.23
mkd,sex_f,eco_isic4_q,edu_aggregate_int,2015,40.28
mkd,sex_f,eco_isic4_q,edu_aggregate_int,2016,40.06
mkd,sex_f,eco_isic4_q,edu_aggregate_int,2017,40.37
mkd,sex_f,eco_isic4_q,edu_aggregate_int,2018,39.91
mkd,sex_f,eco_isic4_q,edu_aggregate_int,2019,39.68
mkd,sex_f,eco_isic4_q,edu_aggregate_int,2020,39.15
mkd,sex_f,eco_isic4_q,edu_aggregate_int,2021,39.34
mkd,sex_f,eco_isic4_q,edu_aggregate_int,2022,39.32
mkd,sex_f,eco_isic4_q,edu_aggregate_int,2024,38.72
mkd,sex_f,eco_isic4_q,edu_aggregate_total,2011,39.78
mkd,sex_f,eco_isic4_q,edu_aggregate_total,2012,39.85
mkd,sex_f,eco_isic4_q,edu_aggregate_total,2013,40.36
mkd,sex_f,eco_isic4_q,edu_aggregate_total,2014,39.91
mkd,sex_f,eco_isic4_q,edu_aggregate_total,2015,39.86
mkd,sex_f,eco_isic4_q,edu_aggregate_total,2016,40.32
mkd,sex_f,eco_isic4_q,edu_aggregate_total,2017,40.09
mkd,sex_f,eco_isic4_q,edu_aggregate_total,2018,39.7
mkd,sex_f,eco_isic4_q,edu_aggregate_total,2019,39.55
mkd,sex_f,eco_isic4_q,edu_aggregate_total,2020,39
mkd,sex_f,eco_isic4_q,edu_aggregate_total,2021,39.38
mkd,sex_f,eco_isic4_q,edu_aggregate_total,2022,39.21
mkd,sex_f,eco_isic4_q,edu_aggregate_total,2024,38.32
mkd,sex_f,eco_isic4_q,edu_isced11_1,2011,38.43
mkd,sex_f,eco_isic4_q,edu_isced11_1,2012,39.53
mkd,sex_f,eco_isic4_q,edu_isced11_1,2013,41.38
mkd,sex_f,eco_isic4_q,edu_isced11_1,2014,39.31
mkd,sex_f,eco_isic4_q,edu_isced11_1,2015,40.25
mkd,sex_f,eco_isic4_q,edu_isced11_1,2016,40.06
mkd,sex_f,eco_isic4_q,edu_isced11_1,2017,40.71
mkd,sex_f,eco_isic4_q,edu_isced11_1,2018,40.64
mkd,sex_f,eco_isic4_q,edu_isced11_1,2019,39.89
mkd,sex_f,eco_isic4_q,edu_isced11_1,2020,40.93
mkd,sex_f,eco_isic4_q,edu_isced11_1,2021,38.61
mkd,sex_f,eco_isic4_q,edu_isced11_1,2022,39.42
mkd,sex_f,eco_isic4_q,edu_isced11_1,2024,35.77
mkd,sex_f,eco_isic4_q,edu_isced11_3,2011,40.3
mkd,sex_f,eco_isic4_q,edu_isced11_3,2012,40.61
mkd,sex_f,eco_isic4_q,edu_isced11_3,2013,40.73
mkd,sex_f,eco_isic4_q,edu_isced11_3,2014,40.23
mkd,sex_f,eco_isic4_q,edu_isced11_3,2015,40.28
mkd,sex_f,eco_isic4_q,edu_isced11_3,2016,40.06
mkd,sex_f,eco_isic4_q,edu_isced11_3,2017,40.37
mkd,sex_f,eco_isic4_q,edu_isced11_3,2018,39.91
mkd,sex_f,eco_isic4_q,edu_isced11_3,2019,39.68
mkd,sex_f,eco_isic4_q,edu_isced11_3,2020,39.15
mkd,sex_f,eco_isic4_q,edu_isced11_3,2021,39.34
mkd,sex_f,eco_isic4_q,edu_isced11_3,2022,39.32
mkd,sex_f,eco_isic4_q,edu_isced11_3,2024,38.69
mkd,sex_f,eco_isic4_q,edu_isced11_4,2024,38.96
mkd,sex_f,eco_isic4_q,edu_isced11_5,2011,40.4
mkd,sex_f,eco_isic4_q,edu_isced11_5,2012,38.99
mkd,sex_f,eco_isic4_q,edu_isced11_5,2013,40.46
mkd,sex_f,eco_isic4_q,edu_isced11_5,2014,39.71
mkd,sex_f,eco_isic4_q,edu_isced11_5,2015,40.07
mkd,sex_f,eco_isic4_q,edu_isced11_5,2016,40.65
mkd,sex_f,eco_isic4_q,edu_isced11_5,2017,39.6
mkd,sex_f,eco_isic4_q,edu_isced11_5,2018,39.35
mkd,sex_f,eco_isic4_q,edu_isced11_5,2019,39.95
mkd,sex_f,eco_isic4_q,edu_isced11_5,2020,38.96
mkd,sex_f,eco_isic4_q,edu_isced11_5,2021,39.81
mkd,sex_f,eco_isic4_q,edu_isced11_5,2022,39.48
mkd,sex_f,eco_isic4_q,edu_isced11_5,2024,38.03
mkd,sex_f,eco_isic4_q,edu_isced11_6,2011,38.83
mkd,sex_f,eco_isic4_q,edu_isced11_6,2012,38.97
mkd,sex_f,eco_isic4_q,edu_isced11_6,2013,39.75
mkd,sex_f,eco_isic4_q,edu_isced11_6,2014,39.43
mkd,sex_f,eco_isic4_q,edu_isced11_6,2015,39.35
mkd,sex_f,eco_isic4_q,edu_isced11_6,2016,40.3
mkd,sex_f,eco_isic4_q,edu_isced11_6,2017,39.84
mkd,sex_f,eco_isic4_q,edu_isced11_6,2018,39.54
mkd,sex_f,eco_isic4_q,edu_isced11_6,2019,39.23
mkd,sex_f,eco_isic4_q,edu_isced11_6,2020,38.57
mkd,sex_f,eco_isic4_q,edu_isced11_6,2021,39.36
mkd,sex_f,eco_isic4_q,edu_isced11_6,2022,38.98
mkd,sex_f,eco_isic4_q,edu_isced11_6,2024,38.47
mkd,sex_f,eco_isic4_q,edu_isced11_7,2011,39.43
mkd,sex_f,eco_isic4_q,edu_isced11_7,2012,40.73
mkd,sex_f,eco_isic4_q,edu_isced11_7,2013,39.32
mkd,sex_f,eco_isic4_q,edu_isced11_7,2014,41.62
mkd,sex_f,eco_isic4_q,edu_isced11_7,2015,38.06
mkd,sex_f,eco_isic4_q,edu_isced11_7,2016,42.02
mkd,sex_f,eco_isic4_q,edu_isced11_7,2017,38.64
mkd,sex_f,eco_isic4_q,edu_isced11_7,2018,38.64
mkd,sex_f,eco_isic4_q,edu_isced11_7,2019,39.82
mkd,sex_f,eco_isic4_q,edu_isced11_7,2020,39.23
mkd,sex_f,eco_isic4_q,edu_isced11_7,2021,39.88
mkd,sex_f,eco_isic4_q,edu_isced11_7,2022,39.68
mkd,sex_f,eco_isic4_q,edu_isced11_7,2024,35.56
mkd,sex_f,eco_isic4_q,edu_isced11_8,2011,38.74
mkd,sex_f,eco_isic4_q,edu_isced11_8,2012,40
mkd,sex_f,eco_isic4_q,edu_isced11_8,2017,39.54
mkd,sex_f,eco_isic4_q,edu_isced11_8,2019,40
mkd,sex_f,eco_isic4_q,edu_isced11_8,2020,37.48
mkd,sex_f,eco_isic4_q,edu_isced11_8,2021,39.45
mkd,sex_f,eco_isic4_q,edu_isced11_8,2022,39.54
mkd,sex_f,eco_isic4_q,edu_isced11_8,2024,39.16
mkd,sex_f,eco_isic4_q,edu_isced11_total,2011,39.78
mkd,sex_f,eco_isic4_q,edu_isced11_total,2012,39.85
mkd,sex_f,eco_isic4_q,edu_isced11_total,2013,40.36
mkd,sex_f,eco_isic4_q,edu_isced11_total,2014,39.91
mkd,sex_f,eco_isic4_q,edu_isced11_total,2015,39.86
mkd,sex_f,eco_isic4_q,edu_isced11_total,2016,40.32
mkd,sex_f,eco_isic4_q,edu_isced11_total,2017,40.09
mkd,sex_f,eco_isic4_q,edu_isced11_total,2018,39.7
mkd,sex_f,eco_isic4_q,edu_isced11_total,2019,39.55
mkd,sex_f,eco_isic4_q,edu_isced11_total,2020,39
mkd,sex_f,eco_isic4_q,edu_isced11_total,2021,39.38
mkd,sex_f,eco_isic4_q,edu_isced11_total,2022,39.21
mkd,sex_f,eco_isic4_q,edu_isced11_total,2024,38.32
mkd,sex_f,eco_isic4_r,edu_aggregate_adv,2011,36.51
mkd,sex_f,eco_isic4_r,edu_aggregate_adv,2012,38.58
mkd,sex_f,eco_isic4_r,edu_aggregate_adv,2013,40.71
mkd,sex_f,eco_isic4_r,edu_aggregate_adv,2014,38.67
mkd,sex_f,eco_isic4_r,edu_aggregate_adv,2015,39.6
mkd,sex_f,eco_isic4_r,edu_aggregate_adv,2016,38.67
mkd,sex_f,eco_isic4_r,edu_aggregate_adv,2017,39.03
mkd,sex_f,eco_isic4_r,edu_aggregate_adv,2018,40.19
mkd,sex_f,eco_isic4_r,edu_aggregate_adv,2019,39.95
mkd,sex_f,eco_isic4_r,edu_aggregate_adv,2020,39.46
mkd,sex_f,eco_isic4_r,edu_aggregate_adv,2021,39.82
mkd,sex_f,eco_isic4_r,edu_aggregate_adv,2022,39.53
mkd,sex_f,eco_isic4_r,edu_aggregate_adv,2024,38.4
mkd,sex_f,eco_isic4_r,edu_aggregate_bas,2011,36.48
mkd,sex_f,eco_isic4_r,edu_aggregate_bas,2018,40.74
mkd,sex_f,eco_isic4_r,edu_aggregate_bas,2019,41.27
mkd,sex_f,eco_isic4_r,edu_aggregate_int,2011,41.94
mkd,sex_f,eco_isic4_r,edu_aggregate_int,2012,41.07
mkd,sex_f,eco_isic4_r,edu_aggregate_int,2013,39.28
mkd,sex_f,eco_isic4_r,edu_aggregate_int,2014,37.94
mkd,sex_f,eco_isic4_r,edu_aggregate_int,2015,40.22
mkd,sex_f,eco_isic4_r,edu_aggregate_int,2016,40.07
mkd,sex_f,eco_isic4_r,edu_aggregate_int,2017,41.65
mkd,sex_f,eco_isic4_r,edu_aggregate_int,2018,42.04
mkd,sex_f,eco_isic4_r,edu_aggregate_int,2019,42.32
mkd,sex_f,eco_isic4_r,edu_aggregate_int,2020,39.54
mkd,sex_f,eco_isic4_r,edu_aggregate_int,2021,40.14
mkd,sex_f,eco_isic4_r,edu_aggregate_int,2022,40.49
mkd,sex_f,eco_isic4_r,edu_aggregate_int,2024,39.02
mkd,sex_f,eco_isic4_r,edu_aggregate_total,2011,39.62
mkd,sex_f,eco_isic4_r,edu_aggregate_total,2012,39.71
mkd,sex_f,eco_isic4_r,edu_aggregate_total,2013,39.6
mkd,sex_f,eco_isic4_r,edu_aggregate_total,2014,37.67
mkd,sex_f,eco_isic4_r,edu_aggregate_total,2015,39.5
mkd,sex_f,eco_isic4_r,edu_aggregate_total,2016,39.55
mkd,sex_f,eco_isic4_r,edu_aggregate_total,2017,40.51
mkd,sex_f,eco_isic4_r,edu_aggregate_total,2018,41.2
mkd,sex_f,eco_isic4_r,edu_aggregate_total,2019,41.42
mkd,sex_f,eco_isic4_r,edu_aggregate_total,2020,39.53
mkd,sex_f,eco_isic4_r,edu_aggregate_total,2021,40.02
mkd,sex_f,eco_isic4_r,edu_aggregate_total,2022,40.04
mkd,sex_f,eco_isic4_r,edu_aggregate_total,2024,38.84
mkd,sex_f,eco_isic4_r,edu_isced11_1,2011,36.48
mkd,sex_f,eco_isic4_r,edu_isced11_1,2018,40.74
mkd,sex_f,eco_isic4_r,edu_isced11_1,2019,41.27
mkd,sex_f,eco_isic4_r,edu_isced11_3,2011,41.94
mkd,sex_f,eco_isic4_r,edu_isced11_3,2012,41.07
mkd,sex_f,eco_isic4_r,edu_isced11_3,2013,39.28
mkd,sex_f,eco_isic4_r,edu_isced11_3,2014,37.94
mkd,sex_f,eco_isic4_r,edu_isced11_3,2015,40.22
mkd,sex_f,eco_isic4_r,edu_isced11_3,2016,40.07
mkd,sex_f,eco_isic4_r,edu_isced11_3,2017,41.65
mkd,sex_f,eco_isic4_r,edu_isced11_3,2018,42.04
mkd,sex_f,eco_isic4_r,edu_isced11_3,2019,42.32
mkd,sex_f,eco_isic4_r,edu_isced11_3,2020,39.54
mkd,sex_f,eco_isic4_r,edu_isced11_3,2021,40.14
mkd,sex_f,eco_isic4_r,edu_isced11_3,2022,40.49
mkd,sex_f,eco_isic4_r,edu_isced11_3,2024,38.58
mkd,sex_f,eco_isic4_r,edu_isced11_4,2024,42.74
mkd,sex_f,eco_isic4_r,edu_isced11_5,2018,43.44
mkd,sex_f,eco_isic4_r,edu_isced11_5,2019,42.32
mkd,sex_f,eco_isic4_r,edu_isced11_6,2011,36.36
mkd,sex_f,eco_isic4_r,edu_isced11_6,2012,38.38
mkd,sex_f,eco_isic4_r,edu_isced11_6,2013,40.64
mkd,sex_f,eco_isic4_r,edu_isced11_6,2014,38.39
mkd,sex_f,eco_isic4_r,edu_isced11_6,2015,39.66
mkd,sex_f,eco_isic4_r,edu_isced11_6,2016,39.14
mkd,sex_f,eco_isic4_r,edu_isced11_6,2017,39.88
mkd,sex_f,eco_isic4_r,edu_isced11_6,2018,39.83
mkd,sex_f,eco_isic4_r,edu_isced11_6,2019,39.7
mkd,sex_f,eco_isic4_r,edu_isced11_6,2020,39.49
mkd,sex_f,eco_isic4_r,edu_isced11_6,2021,39.57
mkd,sex_f,eco_isic4_r,edu_isced11_6,2022,39.57
mkd,sex_f,eco_isic4_r,edu_isced11_6,2024,38.89
mkd,sex_f,eco_isic4_r,edu_isced11_7,2019,40
mkd,sex_f,eco_isic4_r,edu_isced11_7,2020,39.3
mkd,sex_f,eco_isic4_r,edu_isced11_7,2021,40
mkd,sex_f,eco_isic4_r,edu_isced11_7,2024,36.05
mkd,sex_f,eco_isic4_r,edu_isced11_total,2011,39.62
mkd,sex_f,eco_isic4_r,edu_isced11_total,2012,39.71
mkd,sex_f,eco_isic4_r,edu_isced11_total,2013,39.6
mkd,sex_f,eco_isic4_r,edu_isced11_total,2014,37.67
mkd,sex_f,eco_isic4_r,edu_isced11_total,2015,39.5
mkd,sex_f,eco_isic4_r,edu_isced11_total,2016,39.55
mkd,sex_f,eco_isic4_r,edu_isced11_total,2017,40.51
mkd,sex_f,eco_isic4_r,edu_isced11_total,2018,41.2
mkd,sex_f,eco_isic4_r,edu_isced11_total,2019,41.42
mkd,sex_f,eco_isic4_r,edu_isced11_total,2020,39.53
mkd,sex_f,eco_isic4_r,edu_isced11_total,2021,40.02
mkd,sex_f,eco_isic4_r,edu_isced11_total,2022,40.04
mkd,sex_f,eco_isic4_r,edu_isced11_total,2024,38.84
mkd,sex_f,eco_isic4_s,edu_aggregate_adv,2011,38.5
mkd,sex_f,eco_isic4_s,edu_aggregate_adv,2012,40.27
mkd,sex_f,eco_isic4_s,edu_aggregate_adv,2013,39.48
mkd,sex_f,eco_isic4_s,edu_aggregate_adv,2014,43.34
mkd,sex_f,eco_isic4_s,edu_aggregate_adv,2015,36.26
mkd,sex_f,eco_isic4_s,edu_aggregate_adv,2016,39.68
mkd,sex_f,eco_isic4_s,edu_aggregate_adv,2017,39.57
mkd,sex_f,eco_isic4_s,edu_aggregate_adv,2018,39.54
mkd,sex_f,eco_isic4_s,edu_aggregate_adv,2019,40.57
mkd,sex_f,eco_isic4_s,edu_aggregate_adv,2020,39.67
mkd,sex_f,eco_isic4_s,edu_aggregate_adv,2021,38.97
mkd,sex_f,eco_isic4_s,edu_aggregate_adv,2022,39.6
mkd,sex_f,eco_isic4_s,edu_aggregate_adv,2024,36.92
mkd,sex_f,eco_isic4_s,edu_aggregate_bas,2011,31.71
mkd,sex_f,eco_isic4_s,edu_aggregate_bas,2012,36.28
mkd,sex_f,eco_isic4_s,edu_aggregate_bas,2014,32.33
mkd,sex_f,eco_isic4_s,edu_aggregate_bas,2015,38.51
mkd,sex_f,eco_isic4_s,edu_aggregate_bas,2016,40.96
mkd,sex_f,eco_isic4_s,edu_aggregate_bas,2017,43.76
mkd,sex_f,eco_isic4_s,edu_aggregate_bas,2018,42.43
mkd,sex_f,eco_isic4_s,edu_aggregate_bas,2019,42.7
mkd,sex_f,eco_isic4_s,edu_aggregate_bas,2020,34.86
mkd,sex_f,eco_isic4_s,edu_aggregate_bas,2021,30.71
mkd,sex_f,eco_isic4_s,edu_aggregate_bas,2022,36.12
mkd,sex_f,eco_isic4_s,edu_aggregate_bas,2024,30.95
mkd,sex_f,eco_isic4_s,edu_aggregate_int,2011,42.8
mkd,sex_f,eco_isic4_s,edu_aggregate_int,2012,42.84
mkd,sex_f,eco_isic4_s,edu_aggregate_int,2013,43.59
mkd,sex_f,eco_isic4_s,edu_aggregate_int,2014,41.02
mkd,sex_f,eco_isic4_s,edu_aggregate_int,2015,41.44
mkd,sex_f,eco_isic4_s,edu_aggregate_int,2016,41.75
mkd,sex_f,eco_isic4_s,edu_aggregate_int,2017,41.61
mkd,sex_f,eco_isic4_s,edu_aggregate_int,2018,42.31
mkd,sex_f,eco_isic4_s,edu_aggregate_int,2019,40.83
mkd,sex_f,eco_isic4_s,edu_aggregate_int,2020,36.65
mkd,sex_f,eco_isic4_s,edu_aggregate_int,2021,38.17
mkd,sex_f,eco_isic4_s,edu_aggregate_int,2022,40.52
mkd,sex_f,eco_isic4_s,edu_aggregate_int,2024,38.51
mkd,sex_f,eco_isic4_s,edu_aggregate_total,2011,41.19
mkd,sex_f,eco_isic4_s,edu_aggregate_total,2012,41.75
mkd,sex_f,eco_isic4_s,edu_aggregate_total,2013,41.7
mkd,sex_f,eco_isic4_s,edu_aggregate_total,2014,41.04
mkd,sex_f,eco_isic4_s,edu_aggregate_total,2015,39.4
mkd,sex_f,eco_isic4_s,edu_aggregate_total,2016,40.98
mkd,sex_f,eco_isic4_s,edu_aggregate_total,2017,41.52
mkd,sex_f,eco_isic4_s,edu_aggregate_total,2018,41.78
mkd,sex_f,eco_isic4_s,edu_aggregate_total,2019,40.78
mkd,sex_f,eco_isic4_s,edu_aggregate_total,2020,37.84
mkd,sex_f,eco_isic4_s,edu_aggregate_total,2021,38.17
mkd,sex_f,eco_isic4_s,edu_aggregate_total,2022,39.9
mkd,sex_f,eco_isic4_s,edu_aggregate_total,2024,37.49
mkd,sex_f,eco_isic4_s,edu_isced11_1,2011,31.71
mkd,sex_f,eco_isic4_s,edu_isced11_1,2012,36.28
mkd,sex_f,eco_isic4_s,edu_isced11_1,2014,32.33
mkd,sex_f,eco_isic4_s,edu_isced11_1,2015,38.51
mkd,sex_f,eco_isic4_s,edu_isced11_1,2016,41.01
mkd,sex_f,eco_isic4_s,edu_isced11_1,2017,43.76
mkd,sex_f,eco_isic4_s,edu_isced11_1,2018,42.43
mkd,sex_f,eco_isic4_s,edu_isced11_1,2019,42.7
mkd,sex_f,eco_isic4_s,edu_isced11_1,2020,34.86
mkd,sex_f,eco_isic4_s,edu_isced11_1,2021,30.71
mkd,sex_f,eco_isic4_s,edu_isced11_1,2022,36.12
mkd,sex_f,eco_isic4_s,edu_isced11_1,2024,30.95
mkd,sex_f,eco_isic4_s,edu_isced11_3,2011,42.8
mkd,sex_f,eco_isic4_s,edu_isced11_3,2012,42.84
mkd,sex_f,eco_isic4_s,edu_isced11_3,2013,43.59
mkd,sex_f,eco_isic4_s,edu_isced11_3,2014,41.02
mkd,sex_f,eco_isic4_s,edu_isced11_3,2015,41.44
mkd,sex_f,eco_isic4_s,edu_isced11_3,2016,41.75
mkd,sex_f,eco_isic4_s,edu_isced11_3,2017,41.61
mkd,sex_f,eco_isic4_s,edu_isced11_3,2018,42.31
mkd,sex_f,eco_isic4_s,edu_isced11_3,2019,40.83
mkd,sex_f,eco_isic4_s,edu_isced11_3,2020,37.26
mkd,sex_f,eco_isic4_s,edu_isced11_3,2021,38.46
mkd,sex_f,eco_isic4_s,edu_isced11_3,2022,40.95
mkd,sex_f,eco_isic4_s,edu_isced11_3,2024,38.09
mkd,sex_f,eco_isic4_s,edu_isced11_4,2024,39.57
mkd,sex_f,eco_isic4_s,edu_isced11_5,2016,44.11
mkd,sex_f,eco_isic4_s,edu_isced11_6,2011,41.41
mkd,sex_f,eco_isic4_s,edu_isced11_6,2012,41.03
mkd,sex_f,eco_isic4_s,edu_isced11_6,2013,39.4
mkd,sex_f,eco_isic4_s,edu_isced11_6,2014,43.34
mkd,sex_f,eco_isic4_s,edu_isced11_6,2015,36.44
mkd,sex_f,eco_isic4_s,edu_isced11_6,2016,39
mkd,sex_f,eco_isic4_s,edu_isced11_6,2017,39.57
mkd,sex_f,eco_isic4_s,edu_isced11_6,2018,39.46
mkd,sex_f,eco_isic4_s,edu_isced11_6,2019,40.62
mkd,sex_f,eco_isic4_s,edu_isced11_6,2020,39.49
mkd,sex_f,eco_isic4_s,edu_isced11_6,2021,38.62
mkd,sex_f,eco_isic4_s,edu_isced11_6,2022,38.77
mkd,sex_f,eco_isic4_s,edu_isced11_6,2024,37.29
mkd,sex_f,eco_isic4_s,edu_isced11_7,2020,40.45
mkd,sex_f,eco_isic4_s,edu_isced11_7,2022,42.44
mkd,sex_f,eco_isic4_s,edu_isced11_total,2011,41.19
mkd,sex_f,eco_isic4_s,edu_isced11_total,2012,41.75
mkd,sex_f,eco_isic4_s,edu_isced11_total,2013,41.7
mkd,sex_f,eco_isic4_s,edu_isced11_total,2014,41.04
mkd,sex_f,eco_isic4_s,edu_isced11_total,2015,39.4
mkd,sex_f,eco_isic4_s,edu_isced11_total,2016,40.98
mkd,sex_f,eco_isic4_s,edu_isced11_total,2017,41.52
mkd,sex_f,eco_isic4_s,edu_isced11_total,2018,41.78
mkd,sex_f,eco_isic4_s,edu_isced11_total,2019,40.78
mkd,sex_f,eco_isic4_s,edu_isced11_total,2020,37.84
mkd,sex_f,eco_isic4_s,edu_isced11_total,2021,38.17
mkd,sex_f,eco_isic4_s,edu_isced11_total,2022,39.9
mkd,sex_f,eco_isic4_s,edu_isced11_total,2024,37.49
mkd,sex_f,eco_isic4_t,edu_aggregate_bas,2011,29.47
mkd,sex_f,eco_isic4_t,edu_aggregate_bas,2012,30.47
mkd,sex_f,eco_isic4_t,edu_aggregate_bas,2014,37.18
mkd,sex_f,eco_isic4_t,edu_aggregate_bas,2015,37.9
mkd,sex_f,eco_isic4_t,edu_aggregate_bas,2016,23.53
mkd,sex_f,eco_isic4_t,edu_aggregate_bas,2017,33.2
mkd,sex_f,eco_isic4_t,edu_aggregate_bas,2018,38.31
mkd,sex_f,eco_isic4_t,edu_aggregate_bas,2024,26.86
mkd,sex_f,eco_isic4_t,edu_aggregate_int,2011,33.15
mkd,sex_f,eco_isic4_t,edu_aggregate_int,2012,35.08
mkd,sex_f,eco_isic4_t,edu_aggregate_int,2013,34.4
mkd,sex_f,eco_isic4_t,edu_aggregate_int,2014,22.55
mkd,sex_f,eco_isic4_t,edu_aggregate_int,2015,32.2
mkd,sex_f,eco_isic4_t,edu_aggregate_int,2019,37.68
mkd,sex_f,eco_isic4_t,edu_aggregate_int,2022,40
mkd,sex_f,eco_isic4_t,edu_aggregate_total,2011,33.04
mkd,sex_f,eco_isic4_t,edu_aggregate_total,2012,32.19
mkd,sex_f,eco_isic4_t,edu_aggregate_total,2013,33.9
mkd,sex_f,eco_isic4_t,edu_aggregate_total,2014,30.25
mkd,sex_f,eco_isic4_t,edu_aggregate_total,2015,37.36
mkd,sex_f,eco_isic4_t,edu_aggregate_total,2016,28.98
mkd,sex_f,eco_isic4_t,edu_aggregate_total,2017,31.28
mkd,sex_f,eco_isic4_t,edu_aggregate_total,2018,35.78
mkd,sex_f,eco_isic4_t,edu_aggregate_total,2019,37.31
mkd,sex_f,eco_isic4_t,edu_aggregate_total,2020,35.43
mkd,sex_f,eco_isic4_t,edu_aggregate_total,2022,40
mkd,sex_f,eco_isic4_t,edu_aggregate_total,2024,30.16
mkd,sex_f,eco_isic4_t,edu_isced11_1,2011,27.2
mkd,sex_f,eco_isic4_t,edu_isced11_1,2012,30.47
mkd,sex_f,eco_isic4_t,edu_isced11_1,2014,34.67
mkd,sex_f,eco_isic4_t,edu_isced11_1,2015,37.9
mkd,sex_f,eco_isic4_t,edu_isced11_1,2016,23.53
mkd,sex_f,eco_isic4_t,edu_isced11_1,2017,33.2
mkd,sex_f,eco_isic4_t,edu_isced11_1,2018,38.31
mkd,sex_f,eco_isic4_t,edu_isced11_1,2024,26.86
mkd,sex_f,eco_isic4_t,edu_isced11_3,2011,33.15
mkd,sex_f,eco_isic4_t,edu_isced11_3,2012,35.08
mkd,sex_f,eco_isic4_t,edu_isced11_3,2013,34.4
mkd,sex_f,eco_isic4_t,edu_isced11_3,2014,22.55
mkd,sex_f,eco_isic4_t,edu_isced11_3,2015,32.2
mkd,sex_f,eco_isic4_t,edu_isced11_3,2019,37.68
mkd,sex_f,eco_isic4_t,edu_isced11_3,2022,40
mkd,sex_f,eco_isic4_t,edu_isced11_total,2011,33.04
mkd,sex_f,eco_isic4_t,edu_isced11_total,2012,32.19
mkd,sex_f,eco_isic4_t,edu_isced11_total,2013,33.9
mkd,sex_f,eco_isic4_t,edu_isced11_total,2014,30.25
mkd,sex_f,eco_isic4_t,edu_isced11_total,2015,37.36
mkd,sex_f,eco_isic4_t,edu_isced11_total,2016,28.98
mkd,sex_f,eco_isic4_t,edu_isced11_total,2017,31.28
mkd,sex_f,eco_isic4_t,edu_isced11_total,2018,35.78
mkd,sex_f,eco_isic4_t,edu_isced11_total,2019,37.31
mkd,sex_f,eco_isic4_t,edu_isced11_total,2020,35.43
mkd,sex_f,eco_isic4_t,edu_isced11_total,2022,40
mkd,sex_f,eco_isic4_t,edu_isced11_total,2024,30.16
mkd,sex_f,eco_isic4_total,edu_aggregate_adv,2011,39.08
mkd,sex_f,eco_isic4_total,edu_aggregate_adv,2012,39.37
mkd,sex_f,eco_isic4_total,edu_aggregate_adv,2013,39.78
mkd,sex_f,eco_isic4_total,edu_aggregate_adv,2014,39.89
mkd,sex_f,eco_isic4_total,edu_aggregate_adv,2015,39.49
mkd,sex_f,eco_isic4_total,edu_aggregate_adv,2016,39.71
mkd,sex_f,eco_isic4_total,edu_aggregate_adv,2017,39.79
mkd,sex_f,eco_isic4_total,edu_aggregate_adv,2018,39.5
mkd,sex_f,eco_isic4_total,edu_aggregate_adv,2019,39.02
mkd,sex_f,eco_isic4_total,edu_aggregate_adv,2020,37.82
mkd,sex_f,eco_isic4_total,edu_aggregate_adv,2021,39.08
mkd,sex_f,eco_isic4_total,edu_aggregate_adv,2022,39.04
mkd,sex_f,eco_isic4_total,edu_aggregate_adv,2024,38.24
mkd,sex_f,eco_isic4_total,edu_aggregate_bas,2011,39.92
mkd,sex_f,eco_isic4_total,edu_aggregate_bas,2012,39.55
mkd,sex_f,eco_isic4_total,edu_aggregate_bas,2013,41.04
mkd,sex_f,eco_isic4_total,edu_aggregate_bas,2014,41.9
mkd,sex_f,eco_isic4_total,edu_aggregate_bas,2015,42.34
mkd,sex_f,eco_isic4_total,edu_aggregate_bas,2016,39.76
mkd,sex_f,eco_isic4_total,edu_aggregate_bas,2017,42.03
mkd,sex_f,eco_isic4_total,edu_aggregate_bas,2018,41.78
mkd,sex_f,eco_isic4_total,edu_aggregate_bas,2019,38.75
mkd,sex_f,eco_isic4_total,edu_aggregate_bas,2020,37.36
mkd,sex_f,eco_isic4_total,edu_aggregate_bas,2021,38.13
mkd,sex_f,eco_isic4_total,edu_aggregate_bas,2022,38.38
mkd,sex_f,eco_isic4_total,edu_aggregate_bas,2024,37.77
mkd,sex_f,eco_isic4_total,edu_aggregate_int,2011,41.49
mkd,sex_f,eco_isic4_total,edu_aggregate_int,2012,41.46
mkd,sex_f,eco_isic4_total,edu_aggregate_int,2013,41.81
mkd,sex_f,eco_isic4_total,edu_aggregate_int,2014,41.32
mkd,sex_f,eco_isic4_total,edu_aggregate_int,2015,41.03
mkd,sex_f,eco_isic4_total,edu_aggregate_int,2016,41.16
mkd,sex_f,eco_isic4_total,edu_aggregate_int,2017,41.81
mkd,sex_f,eco_isic4_total,edu_aggregate_int,2018,41.53
mkd,sex_f,eco_isic4_total,edu_aggregate_int,2019,40.64
mkd,sex_f,eco_isic4_total,edu_aggregate_int,2020,39.07
mkd,sex_f,eco_isic4_total,edu_aggregate_int,2021,39.63
mkd,sex_f,eco_isic4_total,edu_aggregate_int,2022,39.92
mkd,sex_f,eco_isic4_total,edu_aggregate_int,2024,38.72
mkd,sex_f,eco_isic4_total,edu_aggregate_ltb,2011,39.04
mkd,sex_f,eco_isic4_total,edu_aggregate_ltb,2012,37.02
mkd,sex_f,eco_isic4_total,edu_aggregate_ltb,2013,41.07
mkd,sex_f,eco_isic4_total,edu_aggregate_ltb,2014,40.32
mkd,sex_f,eco_isic4_total,edu_aggregate_ltb,2015,41.89
mkd,sex_f,eco_isic4_total,edu_aggregate_ltb,2016,40.59
mkd,sex_f,eco_isic4_total,edu_aggregate_ltb,2017,39.84
mkd,sex_f,eco_isic4_total,edu_aggregate_ltb,2018,39.56
mkd,sex_f,eco_isic4_total,edu_aggregate_ltb,2019,36.16
mkd,sex_f,eco_isic4_total,edu_aggregate_ltb,2020,33.75
mkd,sex_f,eco_isic4_total,edu_aggregate_ltb,2021,33.52
mkd,sex_f,eco_isic4_total,edu_aggregate_ltb,2022,34.33
mkd,sex_f,eco_isic4_total,edu_aggregate_ltb,2024,36.34
mkd,sex_f,eco_isic4_total,edu_aggregate_total,2011,40.41
mkd,sex_f,eco_isic4_total,edu_aggregate_total,2012,40.35
mkd,sex_f,eco_isic4_total,edu_aggregate_total,2013,41.08
mkd,sex_f,eco_isic4_total,edu_aggregate_total,2014,40.97
mkd,sex_f,eco_isic4_total,edu_aggregate_total,2015,40.8
mkd,sex_f,eco_isic4_total,edu_aggregate_total,2016,40.45
mkd,sex_f,eco_isic4_total,edu_aggregate_total,2017,41.11
mkd,sex_f,eco_isic4_total,edu_aggregate_total,2018,40.84
mkd,sex_f,eco_isic4_total,edu_aggregate_total,2019,39.77
mkd,sex_f,eco_isic4_total,edu_aggregate_total,2020,38.32
mkd,sex_f,eco_isic4_total,edu_aggregate_total,2021,39.17
mkd,sex_f,eco_isic4_total,edu_aggregate_total,2022,39.33
mkd,sex_f,eco_isic4_total,edu_aggregate_total,2024,38.36
mkd,sex_f,eco_isic4_total,edu_isced11_0,2011,39.85
mkd,sex_f,eco_isic4_total,edu_isced11_0,2012,37.07
mkd,sex_f,eco_isic4_total,edu_isced11_0,2013,41.39
mkd,sex_f,eco_isic4_total,edu_isced11_0,2014,40.37
mkd,sex_f,eco_isic4_total,edu_isced11_0,2015,42.65
mkd,sex_f,eco_isic4_total,edu_isced11_0,2016,40.76
mkd,sex_f,eco_isic4_total,edu_isced11_0,2017,40.31
mkd,sex_f,eco_isic4_total,edu_isced11_0,2018,40.17
mkd,sex_f,eco_isic4_total,edu_isced11_0,2019,37.06
mkd,sex_f,eco_isic4_total,edu_isced11_0,2020,33.16
mkd,sex_f,eco_isic4_total,edu_isced11_0,2021,31.89
mkd,sex_f,eco_isic4_total,edu_isced11_0,2022,33.18
mkd,sex_f,eco_isic4_total,edu_isced11_0,2024,36.06
mkd,sex_f,eco_isic4_total,edu_isced11_1,2011,39.85
mkd,sex_f,eco_isic4_total,edu_isced11_1,2012,39.53
mkd,sex_f,eco_isic4_total,edu_isced11_1,2013,41.03
mkd,sex_f,eco_isic4_total,edu_isced11_1,2014,41.88
mkd,sex_f,eco_isic4_total,edu_isced11_1,2015,42.34
mkd,sex_f,eco_isic4_total,edu_isced11_1,2016,39.79
mkd,sex_f,eco_isic4_total,edu_isced11_1,2017,42.03
mkd,sex_f,eco_isic4_total,edu_isced11_1,2018,41.8
mkd,sex_f,eco_isic4_total,edu_isced11_1,2019,38.7
mkd,sex_f,eco_isic4_total,edu_isced11_1,2020,37.34
mkd,sex_f,eco_isic4_total,edu_isced11_1,2021,38.1
mkd,sex_f,eco_isic4_total,edu_isced11_1,2022,38.3
mkd,sex_f,eco_isic4_total,edu_isced11_1,2024,37.73
mkd,sex_f,eco_isic4_total,edu_isced11_2,2011,43.44
mkd,sex_f,eco_isic4_total,edu_isced11_2,2012,40.31
mkd,sex_f,eco_isic4_total,edu_isced11_2,2013,41.8
mkd,sex_f,eco_isic4_total,edu_isced11_2,2015,42.68
mkd,sex_f,eco_isic4_total,edu_isced11_2,2016,38.17
mkd,sex_f,eco_isic4_total,edu_isced11_2,2018,40.44
mkd,sex_f,eco_isic4_total,edu_isced11_2,2019,42.18
mkd,sex_f,eco_isic4_total,edu_isced11_2,2020,39.9
mkd,sex_f,eco_isic4_total,edu_isced11_2,2022,44.46
mkd,sex_f,eco_isic4_total,edu_isced11_3,2011,41.49
mkd,sex_f,eco_isic4_total,edu_isced11_3,2012,41.46
mkd,sex_f,eco_isic4_total,edu_isced11_3,2013,41.81
mkd,sex_f,eco_isic4_total,edu_isced11_3,2014,41.32
mkd,sex_f,eco_isic4_total,edu_isced11_3,2015,41.03
mkd,sex_f,eco_isic4_total,edu_isced11_3,2016,41.16
mkd,sex_f,eco_isic4_total,edu_isced11_3,2017,41.81
mkd,sex_f,eco_isic4_total,edu_isced11_3,2018,41.53
mkd,sex_f,eco_isic4_total,edu_isced11_3,2019,40.64
mkd,sex_f,eco_isic4_total,edu_isced11_3,2020,39.09
mkd,sex_f,eco_isic4_total,edu_isced11_3,2021,39.64
mkd,sex_f,eco_isic4_total,edu_isced11_3,2022,39.93
mkd,sex_f,eco_isic4_total,edu_isced11_3,2024,38.6
mkd,sex_f,eco_isic4_total,edu_isced11_4,2024,39.16
mkd,sex_f,eco_isic4_total,edu_isced11_5,2011,39.96
mkd,sex_f,eco_isic4_total,edu_isced11_5,2012,39.78
mkd,sex_f,eco_isic4_total,edu_isced11_5,2013,39.95
mkd,sex_f,eco_isic4_total,edu_isced11_5,2014,40.16
mkd,sex_f,eco_isic4_total,edu_isced11_5,2015,39.96
mkd,sex_f,eco_isic4_total,edu_isced11_5,2016,41.11
mkd,sex_f,eco_isic4_total,edu_isced11_5,2017,40.79
mkd,sex_f,eco_isic4_total,edu_isced11_5,2018,40.16
mkd,sex_f,eco_isic4_total,edu_isced11_5,2019,40.12
mkd,sex_f,eco_isic4_total,edu_isced11_5,2020,37.6
mkd,sex_f,eco_isic4_total,edu_isced11_5,2021,40.09
mkd,sex_f,eco_isic4_total,edu_isced11_5,2022,39.63
mkd,sex_f,eco_isic4_total,edu_isced11_5,2024,38.29
mkd,sex_f,eco_isic4_total,edu_isced11_6,2011,38.91
mkd,sex_f,eco_isic4_total,edu_isced11_6,2012,39.47
mkd,sex_f,eco_isic4_total,edu_isced11_6,2013,39.81
mkd,sex_f,eco_isic4_total,edu_isced11_6,2014,39.93
mkd,sex_f,eco_isic4_total,edu_isced11_6,2015,39.52
mkd,sex_f,eco_isic4_total,edu_isced11_6,2016,39.59
mkd,sex_f,eco_isic4_total,edu_isced11_6,2017,39.82
mkd,sex_f,eco_isic4_total,edu_isced11_6,2018,39.49
mkd,sex_f,eco_isic4_total,edu_isced11_6,2019,38.92
mkd,sex_f,eco_isic4_total,edu_isced11_6,2020,37.79
mkd,sex_f,eco_isic4_total,edu_isced11_6,2021,38.98
mkd,sex_f,eco_isic4_total,edu_isced11_6,2022,38.92
mkd,sex_f,eco_isic4_total,edu_isced11_6,2024,38.38
mkd,sex_f,eco_isic4_total,edu_isced11_7,2011,38.94
mkd,sex_f,eco_isic4_total,edu_isced11_7,2012,37.86
mkd,sex_f,eco_isic4_total,edu_isced11_7,2013,39.87
mkd,sex_f,eco_isic4_total,edu_isced11_7,2014,38.91
mkd,sex_f,eco_isic4_total,edu_isced11_7,2015,38.91
mkd,sex_f,eco_isic4_total,edu_isced11_7,2016,39.42
mkd,sex_f,eco_isic4_total,edu_isced11_7,2017,39.21
mkd,sex_f,eco_isic4_total,edu_isced11_7,2018,39.18
mkd,sex_f,eco_isic4_total,edu_isced11_7,2019,38.92
mkd,sex_f,eco_isic4_total,edu_isced11_7,2020,38.17
mkd,sex_f,eco_isic4_total,edu_isced11_7,2021,39.25
mkd,sex_f,eco_isic4_total,edu_isced11_7,2022,39.57
mkd,sex_f,eco_isic4_total,edu_isced11_7,2024,37.57
mkd,sex_f,eco_isic4_total,edu_isced11_8,2011,40.47
mkd,sex_f,eco_isic4_total,edu_isced11_8,2012,32.07
mkd,sex_f,eco_isic4_total,edu_isced11_8,2013,35.39
mkd,sex_f,eco_isic4_total,edu_isced11_8,2014,39.9
mkd,sex_f,eco_isic4_total,edu_isced11_8,2015,38.19
mkd,sex_f,eco_isic4_total,edu_isced11_8,2016,39.79
mkd,sex_f,eco_isic4_total,edu_isced11_8,2017,36.63
mkd,sex_f,eco_isic4_total,edu_isced11_8,2018,37.82
mkd,sex_f,eco_isic4_total,edu_isced11_8,2019,39.84
mkd,sex_f,eco_isic4_total,edu_isced11_8,2020,38.22
mkd,sex_f,eco_isic4_total,edu_isced11_8,2021,38.49
mkd,sex_f,eco_isic4_total,edu_isced11_8,2022,39.6
mkd,sex_f,eco_isic4_total,edu_isced11_8,2024,37.19
mkd,sex_f,eco_isic4_total,edu_isced11_total,2011,40.41
mkd,sex_f,eco_isic4_total,edu_isced11_total,2012,40.35
mkd,sex_f,eco_isic4_total,edu_isced11_total,2013,41.08
mkd,sex_f,eco_isic4_total,edu_isced11_total,2014,40.97
mkd,sex_f,eco_isic4_total,edu_isced11_total,2015,40.8
mkd,sex_f,eco_isic4_total,edu_isced11_total,2016,40.45
mkd,sex_f,eco_isic4_total,edu_isced11_total,2017,41.11
mkd,sex_f,eco_isic4_total,edu_isced11_total,2018,40.84
mkd,sex_f,eco_isic4_total,edu_isced11_total,2019,39.77
mkd,sex_f,eco_isic4_total,edu_isced11_total,2020,38.32
mkd,sex_f,eco_isic4_total,edu_isced11_total,2021,39.17
mkd,sex_f,eco_isic4_total,edu_isced11_total,2022,39.33
mkd,sex_f,eco_isic4_total,edu_isced11_total,2024,38.36
mkd,sex_f,eco_isic4_total,edu_isced11_x,2011,33.54
mkd,sex_f,eco_isic4_total,edu_isced11_x,2012,36.68
mkd,sex_f,eco_isic4_total,edu_isced11_x,2013,38.67
mkd,sex_f,eco_isic4_total,edu_isced11_x,2014,40.08
mkd,sex_f,eco_isic4_total,edu_isced11_x,2015,37.98
mkd,sex_f,eco_isic4_total,edu_isced11_x,2016,39.73
mkd,sex_f,eco_isic4_total,edu_isced11_x,2017,37.51
mkd,sex_f,eco_isic4_total,edu_isced11_x,2018,35.9
mkd,sex_f,eco_isic4_total,edu_isced11_x,2019,33.33
mkd,sex_f,eco_isic4_total,edu_isced11_x,2020,35.34
mkd,sex_f,eco_isic4_total,edu_isced11_x,2021,38.5
mkd,sex_f,eco_isic4_total,edu_isced11_x,2022,36.22
mkd,sex_f,eco_isic4_total,edu_isced11_x,2024,37.1
mkd,sex_f,eco_isic4_u,edu_aggregate_adv,2011,41.76
mkd,sex_f,eco_isic4_u,edu_aggregate_adv,2012,36.56
mkd,sex_f,eco_isic4_u,edu_aggregate_adv,2016,40
mkd,sex_f,eco_isic4_u,edu_aggregate_adv,2017,34.89
mkd,sex_f,eco_isic4_u,edu_aggregate_adv,2018,36.11
mkd,sex_f,eco_isic4_u,edu_aggregate_adv,2019,39.49
mkd,sex_f,eco_isic4_u,edu_aggregate_adv,2021,38.13
mkd,sex_f,eco_isic4_u,edu_aggregate_adv,2022,33.34
mkd,sex_f,eco_isic4_u,edu_aggregate_adv,2024,39.42
mkd,sex_f,eco_isic4_u,edu_aggregate_int,2018,39.54
mkd,sex_f,eco_isic4_u,edu_aggregate_total,2011,41.76
mkd,sex_f,eco_isic4_u,edu_aggregate_total,2012,36.2
mkd,sex_f,eco_isic4_u,edu_aggregate_total,2013,40
mkd,sex_f,eco_isic4_u,edu_aggregate_total,2016,39.32
mkd,sex_f,eco_isic4_u,edu_aggregate_total,2017,35.43
mkd,sex_f,eco_isic4_u,edu_aggregate_total,2018,37.04
mkd,sex_f,eco_isic4_u,edu_aggregate_total,2019,39.63
mkd,sex_f,eco_isic4_u,edu_aggregate_total,2020,37.58
mkd,sex_f,eco_isic4_u,edu_aggregate_total,2021,38.25
mkd,sex_f,eco_isic4_u,edu_aggregate_total,2022,33.34
mkd,sex_f,eco_isic4_u,edu_aggregate_total,2024,39.46
mkd,sex_f,eco_isic4_u,edu_isced11_3,2018,39.54
mkd,sex_f,eco_isic4_u,edu_isced11_6,2017,34.78
mkd,sex_f,eco_isic4_u,edu_isced11_6,2018,36.51
mkd,sex_f,eco_isic4_u,edu_isced11_6,2019,39.43
mkd,sex_f,eco_isic4_u,edu_isced11_6,2021,38
mkd,sex_f,eco_isic4_u,edu_isced11_6,2022,32.04
mkd,sex_f,eco_isic4_u,edu_isced11_6,2024,39.1
mkd,sex_f,eco_isic4_u,edu_isced11_total,2011,41.76
mkd,sex_f,eco_isic4_u,edu_isced11_total,2012,36.2
mkd,sex_f,eco_isic4_u,edu_isced11_total,2013,40
mkd,sex_f,eco_isic4_u,edu_isced11_total,2016,39.32
mkd,sex_f,eco_isic4_u,edu_isced11_total,2017,35.43
mkd,sex_f,eco_isic4_u,edu_isced11_total,2018,37.04
mkd,sex_f,eco_isic4_u,edu_isced11_total,2019,39.63
mkd,sex_f,eco_isic4_u,edu_isced11_total,2020,37.58
mkd,sex_f,eco_isic4_u,edu_isced11_total,2021,38.25
mkd,sex_f,eco_isic4_u,edu_isced11_total,2022,33.34
mkd,sex_f,eco_isic4_u,edu_isced11_total,2024,39.46
mkd,sex_f,eco_sector_agr,edu_aggregate_adv,2006,38.92
mkd,sex_f,eco_sector_agr,edu_aggregate_adv,2007,37.99
mkd,sex_f,eco_sector_agr,edu_aggregate_adv,2008,37.72
mkd,sex_f,eco_sector_agr,edu_aggregate_adv,2009,39.66
mkd,sex_f,eco_sector_agr,edu_aggregate_adv,2010,36.87
mkd,sex_f,eco_sector_agr,edu_aggregate_adv,2011,38.76
mkd,sex_f,eco_sector_agr,edu_aggregate_adv,2012,38.18
mkd,sex_f,eco_sector_agr,edu_aggregate_adv,2013,42.23
mkd,sex_f,eco_sector_agr,edu_aggregate_adv,2014,38.11
mkd,sex_f,eco_sector_agr,edu_aggregate_adv,2015,37.71
mkd,sex_f,eco_sector_agr,edu_aggregate_adv,2016,35.67
mkd,sex_f,eco_sector_agr,edu_aggregate_adv,2017,40.06
mkd,sex_f,eco_sector_agr,edu_aggregate_adv,2018,39.88
mkd,sex_f,eco_sector_agr,edu_aggregate_adv,2019,36.52
mkd,sex_f,eco_sector_agr,edu_aggregate_adv,2020,32.4
mkd,sex_f,eco_sector_agr,edu_aggregate_adv,2021,40.88
mkd,sex_f,eco_sector_agr,edu_aggregate_adv,2022,39.51
mkd,sex_f,eco_sector_agr,edu_aggregate_adv,2024,37.93
mkd,sex_f,eco_sector_agr,edu_aggregate_bas,2006,39.87
mkd,sex_f,eco_sector_agr,edu_aggregate_bas,2007,39.93
mkd,sex_f,eco_sector_agr,edu_aggregate_bas,2008,36.6
mkd,sex_f,eco_sector_agr,edu_aggregate_bas,2009,35.18
mkd,sex_f,eco_sector_agr,edu_aggregate_bas,2010,34.29
mkd,sex_f,eco_sector_agr,edu_aggregate_bas,2011,38
mkd,sex_f,eco_sector_agr,edu_aggregate_bas,2012,37.93
mkd,sex_f,eco_sector_agr,edu_aggregate_bas,2013,40.16
mkd,sex_f,eco_sector_agr,edu_aggregate_bas,2014,41.94
mkd,sex_f,eco_sector_agr,edu_aggregate_bas,2015,43.75
mkd,sex_f,eco_sector_agr,edu_aggregate_bas,2016,38.18
mkd,sex_f,eco_sector_agr,edu_aggregate_bas,2017,42.35
mkd,sex_f,eco_sector_agr,edu_aggregate_bas,2018,41.96
mkd,sex_f,eco_sector_agr,edu_aggregate_bas,2019,36.43
mkd,sex_f,eco_sector_agr,edu_aggregate_bas,2020,35.55
mkd,sex_f,eco_sector_agr,edu_aggregate_bas,2021,36.76
mkd,sex_f,eco_sector_agr,edu_aggregate_bas,2022,36.51
mkd,sex_f,eco_sector_agr,edu_aggregate_bas,2024,35.69
mkd,sex_f,eco_sector_agr,edu_aggregate_int,2006,40.07
mkd,sex_f,eco_sector_agr,edu_aggregate_int,2007,38
mkd,sex_f,eco_sector_agr,edu_aggregate_int,2008,39.03
mkd,sex_f,eco_sector_agr,edu_aggregate_int,2009,38.18
mkd,sex_f,eco_sector_agr,edu_aggregate_int,2010,37.63
mkd,sex_f,eco_sector_agr,edu_aggregate_int,2011,36.04
mkd,sex_f,eco_sector_agr,edu_aggregate_int,2012,36.86
mkd,sex_f,eco_sector_agr,edu_aggregate_int,2013,41.93
mkd,sex_f,eco_sector_agr,edu_aggregate_int,2014,41.62
mkd,sex_f,eco_sector_agr,edu_aggregate_int,2015,43.28
mkd,sex_f,eco_sector_agr,edu_aggregate_int,2016,39.79
mkd,sex_f,eco_sector_agr,edu_aggregate_int,2017,41.05
mkd,sex_f,eco_sector_agr,edu_aggregate_int,2018,41.06
mkd,sex_f,eco_sector_agr,edu_aggregate_int,2019,38.89
mkd,sex_f,eco_sector_agr,edu_aggregate_int,2020,35.51
mkd,sex_f,eco_sector_agr,edu_aggregate_int,2021,35.41
mkd,sex_f,eco_sector_agr,edu_aggregate_int,2022,36.57
mkd,sex_f,eco_sector_agr,edu_aggregate_int,2024,38.15
mkd,sex_f,eco_sector_agr,edu_aggregate_ltb,2006,41.52
mkd,sex_f,eco_sector_agr,edu_aggregate_ltb,2007,39.55
mkd,sex_f,eco_sector_agr,edu_aggregate_ltb,2008,37.37
mkd,sex_f,eco_sector_agr,edu_aggregate_ltb,2009,33.62
mkd,sex_f,eco_sector_agr,edu_aggregate_ltb,2010,34.13
mkd,sex_f,eco_sector_agr,edu_aggregate_ltb,2011,38.82
mkd,sex_f,eco_sector_agr,edu_aggregate_ltb,2012,36.55
mkd,sex_f,eco_sector_agr,edu_aggregate_ltb,2013,40.89
mkd,sex_f,eco_sector_agr,edu_aggregate_ltb,2014,40.78
mkd,sex_f,eco_sector_agr,edu_aggregate_ltb,2015,41.99
mkd,sex_f,eco_sector_agr,edu_aggregate_ltb,2016,40.83
mkd,sex_f,eco_sector_agr,edu_aggregate_ltb,2017,41.47
mkd,sex_f,eco_sector_agr,edu_aggregate_ltb,2018,42.06
mkd,sex_f,eco_sector_agr,edu_aggregate_ltb,2019,36.56
mkd,sex_f,eco_sector_agr,edu_aggregate_ltb,2020,32.86
mkd,sex_f,eco_sector_agr,edu_aggregate_ltb,2021,35.4
mkd,sex_f,eco_sector_agr,edu_aggregate_ltb,2022,36.27
mkd,sex_f,eco_sector_agr,edu_aggregate_ltb,2024,36.05
mkd,sex_f,eco_sector_agr,edu_aggregate_total,2006,40.33
mkd,sex_f,eco_sector_agr,edu_aggregate_total,2007,39.39
mkd,sex_f,eco_sector_agr,edu_aggregate_total,2008,37.32
mkd,sex_f,eco_sector_agr,edu_aggregate_total,2009,35.51
mkd,sex_f,eco_sector_agr,edu_aggregate_total,2010,35.1
mkd,sex_f,eco_sector_agr,edu_aggregate_total,2011,37.76
mkd,sex_f,eco_sector_agr,edu_aggregate_total,2012,37.36
mkd,sex_f,eco_sector_agr,edu_aggregate_total,2013,40.9
mkd,sex_f,eco_sector_agr,edu_aggregate_total,2014,41.61
mkd,sex_f,eco_sector_agr,edu_aggregate_total,2015,43.22
mkd,sex_f,eco_sector_agr,edu_aggregate_total,2016,39
mkd,sex_f,eco_sector_agr,edu_aggregate_total,2017,41.67
mkd,sex_f,eco_sector_agr,edu_aggregate_total,2018,41.58
mkd,sex_f,eco_sector_agr,edu_aggregate_total,2019,37.43
mkd,sex_f,eco_sector_agr,edu_aggregate_total,2020,35.12
mkd,sex_f,eco_sector_agr,edu_aggregate_total,2021,36.34
mkd,sex_f,eco_sector_agr,edu_aggregate_total,2022,36.69
mkd,sex_f,eco_sector_agr,edu_aggregate_total,2024,36.75
mkd,sex_f,eco_sector_agr,edu_isced11_0,2006,41.83
mkd,sex_f,eco_sector_agr,edu_isced11_0,2007,40.92
mkd,sex_f,eco_sector_agr,edu_isced11_0,2008,37.23
mkd,sex_f,eco_sector_agr,edu_isced11_0,2009,33.64
mkd,sex_f,eco_sector_agr,edu_isced11_0,2010,34.27
mkd,sex_f,eco_sector_agr,edu_isced11_0,2011,39.51
mkd,sex_f,eco_sector_agr,edu_isced11_0,2012,36.64
mkd,sex_f,eco_sector_agr,edu_isced11_0,2013,41.12
mkd,sex_f,eco_sector_agr,edu_isced11_0,2014,40.44
mkd,sex_f,eco_sector_agr,edu_isced11_0,2015,42.48
mkd,sex_f,eco_sector_agr,edu_isced11_0,2016,40.76
mkd,sex_f,eco_sector_agr,edu_isced11_0,2017,41.69
mkd,sex_f,eco_sector_agr,edu_isced11_0,2018,41.91
mkd,sex_f,eco_sector_agr,edu_isced11_0,2019,37.41
mkd,sex_f,eco_sector_agr,edu_isced11_0,2020,32.48
mkd,sex_f,eco_sector_agr,edu_isced11_0,2021,34.45
mkd,sex_f,eco_sector_agr,edu_isced11_0,2022,35.48
mkd,sex_f,eco_sector_agr,edu_isced11_0,2024,36.79
mkd,sex_f,eco_sector_agr,edu_isced11_1,2006,39.81
mkd,sex_f,eco_sector_agr,edu_isced11_1,2007,39.98
mkd,sex_f,eco_sector_agr,edu_isced11_1,2008,36.72
mkd,sex_f,eco_sector_agr,edu_isced11_1,2009,35.2
mkd,sex_f,eco_sector_agr,edu_isced11_1,2010,34.18
mkd,sex_f,eco_sector_agr,edu_isced11_1,2011,38.02
mkd,sex_f,eco_sector_agr,edu_isced11_1,2012,37.92
mkd,sex_f,eco_sector_agr,edu_isced11_1,2013,40.12
mkd,sex_f,eco_sector_agr,edu_isced11_1,2014,41.93
mkd,sex_f,eco_sector_agr,edu_isced11_1,2015,43.73
mkd,sex_f,eco_sector_agr,edu_isced11_1,2016,38.25
mkd,sex_f,eco_sector_agr,edu_isced11_1,2017,42.35
mkd,sex_f,eco_sector_agr,edu_isced11_1,2018,41.98
mkd,sex_f,eco_sector_agr,edu_isced11_1,2019,36.3
mkd,sex_f,eco_sector_agr,edu_isced11_1,2020,35.6
mkd,sex_f,eco_sector_agr,edu_isced11_1,2021,36.76
mkd,sex_f,eco_sector_agr,edu_isced11_1,2022,36.51
mkd,sex_f,eco_sector_agr,edu_isced11_1,2024,35.63
mkd,sex_f,eco_sector_agr,edu_isced11_2,2006,44.39
mkd,sex_f,eco_sector_agr,edu_isced11_2,2007,38.63
mkd,sex_f,eco_sector_agr,edu_isced11_2,2008,30.65
mkd,sex_f,eco_sector_agr,edu_isced11_2,2009,33.04
mkd,sex_f,eco_sector_agr,edu_isced11_2,2010,44.8
mkd,sex_f,eco_sector_agr,edu_isced11_2,2016,32.43
mkd,sex_f,eco_sector_agr,edu_isced11_3,2006,40.07
mkd,sex_f,eco_sector_agr,edu_isced11_3,2007,38
mkd,sex_f,eco_sector_agr,edu_isced11_3,2008,39.03
mkd,sex_f,eco_sector_agr,edu_isced11_3,2009,38.18
mkd,sex_f,eco_sector_agr,edu_isced11_3,2010,37.63
mkd,sex_f,eco_sector_agr,edu_isced11_3,2011,36.04
mkd,sex_f,eco_sector_agr,edu_isced11_3,2012,36.86
mkd,sex_f,eco_sector_agr,edu_isced11_3,2013,41.93
mkd,sex_f,eco_sector_agr,edu_isced11_3,2014,41.62
mkd,sex_f,eco_sector_agr,edu_isced11_3,2015,43.28
mkd,sex_f,eco_sector_agr,edu_isced11_3,2016,39.79
mkd,sex_f,eco_sector_agr,edu_isced11_3,2017,41.05
mkd,sex_f,eco_sector_agr,edu_isced11_3,2018,41.06
mkd,sex_f,eco_sector_agr,edu_isced11_3,2019,38.89
mkd,sex_f,eco_sector_agr,edu_isced11_3,2020,35.51
mkd,sex_f,eco_sector_agr,edu_isced11_3,2021,35.41
mkd,sex_f,eco_sector_agr,edu_isced11_3,2022,36.55
mkd,sex_f,eco_sector_agr,edu_isced11_3,2024,38.59
mkd,sex_f,eco_sector_agr,edu_isced11_4,2024,36.82
mkd,sex_f,eco_sector_agr,edu_isced11_5,2006,39.64
mkd,sex_f,eco_sector_agr,edu_isced11_5,2007,33.16
mkd,sex_f,eco_sector_agr,edu_isced11_5,2008,32.58
mkd,sex_f,eco_sector_agr,edu_isced11_5,2009,39.9
mkd,sex_f,eco_sector_agr,edu_isced11_5,2010,33.58
mkd,sex_f,eco_sector_agr,edu_isced11_5,2011,38.07
mkd,sex_f,eco_sector_agr,edu_isced11_5,2012,36.89
mkd,sex_f,eco_sector_agr,edu_isced11_5,2013,40.17
mkd,sex_f,eco_sector_agr,edu_isced11_5,2015,31.38
mkd,sex_f,eco_sector_agr,edu_isced11_5,2016,32.96
mkd,sex_f,eco_sector_agr,edu_isced11_5,2017,42.2
mkd,sex_f,eco_sector_agr,edu_isced11_5,2019,35.87
mkd,sex_f,eco_sector_agr,edu_isced11_5,2020,17.42
mkd,sex_f,eco_sector_agr,edu_isced11_6,2006,38.36
mkd,sex_f,eco_sector_agr,edu_isced11_6,2007,43.06
mkd,sex_f,eco_sector_agr,edu_isced11_6,2008,40.3
mkd,sex_f,eco_sector_agr,edu_isced11_6,2009,39.54
mkd,sex_f,eco_sector_agr,edu_isced11_6,2010,39.12
mkd,sex_f,eco_sector_agr,edu_isced11_6,2011,39.14
mkd,sex_f,eco_sector_agr,edu_isced11_6,2012,39.22
mkd,sex_f,eco_sector_agr,edu_isced11_6,2013,43.38
mkd,sex_f,eco_sector_agr,edu_isced11_6,2014,38.72
mkd,sex_f,eco_sector_agr,edu_isced11_6,2015,39.96
mkd,sex_f,eco_sector_agr,edu_isced11_6,2016,36.64
mkd,sex_f,eco_sector_agr,edu_isced11_6,2017,39.2
mkd,sex_f,eco_sector_agr,edu_isced11_6,2018,39.64
mkd,sex_f,eco_sector_agr,edu_isced11_6,2019,36.86
mkd,sex_f,eco_sector_agr,edu_isced11_6,2020,35.97
mkd,sex_f,eco_sector_agr,edu_isced11_6,2021,40.93
mkd,sex_f,eco_sector_agr,edu_isced11_6,2022,39.42
mkd,sex_f,eco_sector_agr,edu_isced11_6,2024,37.91
mkd,sex_f,eco_sector_agr,edu_isced11_total,2006,40.33
mkd,sex_f,eco_sector_agr,edu_isced11_total,2007,39.39
mkd,sex_f,eco_sector_agr,edu_isced11_total,2008,37.32
mkd,sex_f,eco_sector_agr,edu_isced11_total,2009,35.51
mkd,sex_f,eco_sector_agr,edu_isced11_total,2010,35.1
mkd,sex_f,eco_sector_agr,edu_isced11_total,2011,37.76
mkd,sex_f,eco_sector_agr,edu_isced11_total,2012,37.36
mkd,sex_f,eco_sector_agr,edu_isced11_total,2013,40.9
mkd,sex_f,eco_sector_agr,edu_isced11_total,2014,41.61
mkd,sex_f,eco_sector_agr,edu_isced11_total,2015,43.22
mkd,sex_f,eco_sector_agr,edu_isced11_total,2016,39
mkd,sex_f,eco_sector_agr,edu_isced11_total,2017,41.67
mkd,sex_f,eco_sector_agr,edu_isced11_total,2018,41.58
mkd,sex_f,eco_sector_agr,edu_isced11_total,2019,37.43
mkd,sex_f,eco_sector_agr,edu_isced11_total,2020,35.12
mkd,sex_f,eco_sector_agr,edu_isced11_total,2021,36.34
mkd,sex_f,eco_sector_agr,edu_isced11_total,2022,36.69
mkd,sex_f,eco_sector_agr,edu_isced11_total,2024,36.75
mkd,sex_f,eco_sector_agr,edu_isced11_x,2006,38.34
mkd,sex_f,eco_sector_agr,edu_isced11_x,2007,35.06
mkd,sex_f,eco_sector_agr,edu_isced11_x,2008,38.22
mkd,sex_f,eco_sector_agr,edu_isced11_x,2009,33.42
mkd,sex_f,eco_sector_agr,edu_isced11_x,2010,33.16
mkd,sex_f,eco_sector_agr,edu_isced11_x,2011,33.29
mkd,sex_f,eco_sector_agr,edu_isced11_x,2012,35.86
mkd,sex_f,eco_sector_agr,edu_isced11_x,2013,39.2
mkd,sex_f,eco_sector_agr,edu_isced11_x,2014,43.22
mkd,sex_f,eco_sector_agr,edu_isced11_x,2015,38.7
mkd,sex_f,eco_sector_agr,edu_isced11_x,2016,41.34
mkd,sex_f,eco_sector_agr,edu_isced11_x,2017,40.13
mkd,sex_f,eco_sector_agr,edu_isced11_x,2018,44.54
mkd,sex_f,eco_sector_agr,edu_isced11_x,2019,32.64
mkd,sex_f,eco_sector_agr,edu_isced11_x,2020,34.27
mkd,sex_f,eco_sector_agr,edu_isced11_x,2021,39.65
mkd,sex_f,eco_sector_agr,edu_isced11_x,2022,39.22
mkd,sex_f,eco_sector_ind,edu_aggregate_adv,2006,43.01
mkd,sex_f,eco_sector_ind,edu_aggregate_adv,2007,42.27
mkd,sex_f,eco_sector_ind,edu_aggregate_adv,2008,40.96
mkd,sex_f,eco_sector_ind,edu_aggregate_adv,2009,41.11
mkd,sex_f,eco_sector_ind,edu_aggregate_adv,2010,40.39
mkd,sex_f,eco_sector_ind,edu_aggregate_adv,2011,40.37
mkd,sex_f,eco_sector_ind,edu_aggregate_adv,2012,41.28
mkd,sex_f,eco_sector_ind,edu_aggregate_adv,2013,40.57
mkd,sex_f,eco_sector_ind,edu_aggregate_adv,2014,40.64
mkd,sex_f,eco_sector_ind,edu_aggregate_adv,2015,40.14
mkd,sex_f,eco_sector_ind,edu_aggregate_adv,2016,41.09
mkd,sex_f,eco_sector_ind,edu_aggregate_adv,2017,41.24
mkd,sex_f,eco_sector_ind,edu_aggregate_adv,2018,40.44
mkd,sex_f,eco_sector_ind,edu_aggregate_adv,2019,39.72
mkd,sex_f,eco_sector_ind,edu_aggregate_adv,2020,38.94
mkd,sex_f,eco_sector_ind,edu_aggregate_adv,2021,39.71
mkd,sex_f,eco_sector_ind,edu_aggregate_adv,2022,39.32
mkd,sex_f,eco_sector_ind,edu_aggregate_adv,2024,37.95
mkd,sex_f,eco_sector_ind,edu_aggregate_bas,2006,45.3
mkd,sex_f,eco_sector_ind,edu_aggregate_bas,2007,44.16
mkd,sex_f,eco_sector_ind,edu_aggregate_bas,2008,44.66
mkd,sex_f,eco_sector_ind,edu_aggregate_bas,2009,43.71
mkd,sex_f,eco_sector_ind,edu_aggregate_bas,2010,44.13
mkd,sex_f,eco_sector_ind,edu_aggregate_bas,2011,43.62
mkd,sex_f,eco_sector_ind,edu_aggregate_bas,2012,43.59
mkd,sex_f,eco_sector_ind,edu_aggregate_bas,2013,43.02
mkd,sex_f,eco_sector_ind,edu_aggregate_bas,2014,43.28
mkd,sex_f,eco_sector_ind,edu_aggregate_bas,2015,42.08
mkd,sex_f,eco_sector_ind,edu_aggregate_bas,2016,43.61
mkd,sex_f,eco_sector_ind,edu_aggregate_bas,2017,43.88
mkd,sex_f,eco_sector_ind,edu_aggregate_bas,2018,42.96
mkd,sex_f,eco_sector_ind,edu_aggregate_bas,2019,42.18
mkd,sex_f,eco_sector_ind,edu_aggregate_bas,2020,40.17
mkd,sex_f,eco_sector_ind,edu_aggregate_bas,2021,39.41
mkd,sex_f,eco_sector_ind,edu_aggregate_bas,2022,40.03
mkd,sex_f,eco_sector_ind,edu_aggregate_bas,2024,39.23
mkd,sex_f,eco_sector_ind,edu_aggregate_int,2006,44.37
mkd,sex_f,eco_sector_ind,edu_aggregate_int,2007,44.27
mkd,sex_f,eco_sector_ind,edu_aggregate_int,2008,44.45
mkd,sex_f,eco_sector_ind,edu_aggregate_int,2009,43.33
mkd,sex_f,eco_sector_ind,edu_aggregate_int,2010,43.3
mkd,sex_f,eco_sector_ind,edu_aggregate_int,2011,43.36
mkd,sex_f,eco_sector_ind,edu_aggregate_int,2012,43.04
mkd,sex_f,eco_sector_ind,edu_aggregate_int,2013,42.83
mkd,sex_f,eco_sector_ind,edu_aggregate_int,2014,42.11
mkd,sex_f,eco_sector_ind,edu_aggregate_int,2015,41.84
mkd,sex_f,eco_sector_ind,edu_aggregate_int,2016,42.48
mkd,sex_f,eco_sector_ind,edu_aggregate_int,2017,42.73
mkd,sex_f,eco_sector_ind,edu_aggregate_int,2018,41.9
mkd,sex_f,eco_sector_ind,edu_aggregate_int,2019,41.14
mkd,sex_f,eco_sector_ind,edu_aggregate_int,2020,39.93
mkd,sex_f,eco_sector_ind,edu_aggregate_int,2021,40.33
mkd,sex_f,eco_sector_ind,edu_aggregate_int,2022,40.67
mkd,sex_f,eco_sector_ind,edu_aggregate_int,2024,38.57
mkd,sex_f,eco_sector_ind,edu_aggregate_ltb,2006,45.96
mkd,sex_f,eco_sector_ind,edu_aggregate_ltb,2007,42.61
mkd,sex_f,eco_sector_ind,edu_aggregate_ltb,2008,43.81
mkd,sex_f,eco_sector_ind,edu_aggregate_ltb,2009,39.96
mkd,sex_f,eco_sector_ind,edu_aggregate_ltb,2010,42.21
mkd,sex_f,eco_sector_ind,edu_aggregate_ltb,2011,43.18
mkd,sex_f,eco_sector_ind,edu_aggregate_ltb,2012,44.04
mkd,sex_f,eco_sector_ind,edu_aggregate_ltb,2013,41.48
mkd,sex_f,eco_sector_ind,edu_aggregate_ltb,2015,43.94
mkd,sex_f,eco_sector_ind,edu_aggregate_ltb,2016,39
mkd,sex_f,eco_sector_ind,edu_aggregate_ltb,2017,37.22
mkd,sex_f,eco_sector_ind,edu_aggregate_ltb,2018,38.57
mkd,sex_f,eco_sector_ind,edu_aggregate_ltb,2019,39.93
mkd,sex_f,eco_sector_ind,edu_aggregate_ltb,2020,41.36
mkd,sex_f,eco_sector_ind,edu_aggregate_ltb,2021,23.73
mkd,sex_f,eco_sector_ind,edu_aggregate_ltb,2022,37.58
mkd,sex_f,eco_sector_ind,edu_aggregate_ltb,2024,38.62
mkd,sex_f,eco_sector_ind,edu_aggregate_total,2006,44.44
mkd,sex_f,eco_sector_ind,edu_aggregate_total,2007,44.01
mkd,sex_f,eco_sector_ind,edu_aggregate_total,2008,44.13
mkd,sex_f,eco_sector_ind,edu_aggregate_total,2009,43.11
mkd,sex_f,eco_sector_ind,edu_aggregate_total,2010,43.12
mkd,sex_f,eco_sector_ind,edu_aggregate_total,2011,43
mkd,sex_f,eco_sector_ind,edu_aggregate_total,2012,42.91
mkd,sex_f,eco_sector_ind,edu_aggregate_total,2013,42.59
mkd,sex_f,eco_sector_ind,edu_aggregate_total,2014,42.13
mkd,sex_f,eco_sector_ind,edu_aggregate_total,2015,41.64
mkd,sex_f,eco_sector_ind,edu_aggregate_total,2016,42.35
mkd,sex_f,eco_sector_ind,edu_aggregate_total,2017,42.56
mkd,sex_f,eco_sector_ind,edu_aggregate_total,2018,41.74
mkd,sex_f,eco_sector_ind,edu_aggregate_total,2019,41.05
mkd,sex_f,eco_sector_ind,edu_aggregate_total,2020,39.83
mkd,sex_f,eco_sector_ind,edu_aggregate_total,2021,40.06
mkd,sex_f,eco_sector_ind,edu_aggregate_total,2022,40.32
mkd,sex_f,eco_sector_ind,edu_aggregate_total,2024,38.58
mkd,sex_f,eco_sector_ind,edu_isced11_0,2006,46.3
mkd,sex_f,eco_sector_ind,edu_isced11_0,2007,42.39
mkd,sex_f,eco_sector_ind,edu_isced11_0,2008,42.58
mkd,sex_f,eco_sector_ind,edu_isced11_0,2009,39.02
mkd,sex_f,eco_sector_ind,edu_isced11_0,2010,42.21
mkd,sex_f,eco_sector_ind,edu_isced11_0,2011,44.11
mkd,sex_f,eco_sector_ind,edu_isced11_0,2012,45.47
mkd,sex_f,eco_sector_ind,edu_isced11_0,2013,41.59
mkd,sex_f,eco_sector_ind,edu_isced11_0,2015,44.01
mkd,sex_f,eco_sector_ind,edu_isced11_0,2016,41.26
mkd,sex_f,eco_sector_ind,edu_isced11_0,2017,38.86
mkd,sex_f,eco_sector_ind,edu_isced11_0,2018,41.17
mkd,sex_f,eco_sector_ind,edu_isced11_0,2019,42.69
mkd,sex_f,eco_sector_ind,edu_isced11_0,2020,42.28
mkd,sex_f,eco_sector_ind,edu_isced11_0,2024,40.9
mkd,sex_f,eco_sector_ind,edu_isced11_1,2006,45.25
mkd,sex_f,eco_sector_ind,edu_isced11_1,2007,44.05
mkd,sex_f,eco_sector_ind,edu_isced11_1,2008,44.61
mkd,sex_f,eco_sector_ind,edu_isced11_1,2009,43.67
mkd,sex_f,eco_sector_ind,edu_isced11_1,2010,43.97
mkd,sex_f,eco_sector_ind,edu_isced11_1,2011,43.5
mkd,sex_f,eco_sector_ind,edu_isced11_1,2012,43.66
mkd,sex_f,eco_sector_ind,edu_isced11_1,2013,43.08
mkd,sex_f,eco_sector_ind,edu_isced11_1,2014,43.29
mkd,sex_f,eco_sector_ind,edu_isced11_1,2015,42.09
mkd,sex_f,eco_sector_ind,edu_isced11_1,2016,43.65
mkd,sex_f,eco_sector_ind,edu_isced11_1,2017,43.91
mkd,sex_f,eco_sector_ind,edu_isced11_1,2018,43.01
mkd,sex_f,eco_sector_ind,edu_isced11_1,2019,42.23
mkd,sex_f,eco_sector_ind,edu_isced11_1,2020,40.17
mkd,sex_f,eco_sector_ind,edu_isced11_1,2021,39.35
mkd,sex_f,eco_sector_ind,edu_isced11_1,2022,39.86
mkd,sex_f,eco_sector_ind,edu_isced11_1,2024,39.22
mkd,sex_f,eco_sector_ind,edu_isced11_2,2006,47.44
mkd,sex_f,eco_sector_ind,edu_isced11_2,2007,48.04
mkd,sex_f,eco_sector_ind,edu_isced11_2,2008,46.78
mkd,sex_f,eco_sector_ind,edu_isced11_2,2009,45.66
mkd,sex_f,eco_sector_ind,edu_isced11_2,2011,46.51
mkd,sex_f,eco_sector_ind,edu_isced11_2,2012,42.01
mkd,sex_f,eco_sector_ind,edu_isced11_2,2013,40.74
mkd,sex_f,eco_sector_ind,edu_isced11_2,2016,41.75
mkd,sex_f,eco_sector_ind,edu_isced11_2,2020,40
mkd,sex_f,eco_sector_ind,edu_isced11_2,2022,46.15
mkd,sex_f,eco_sector_ind,edu_isced11_3,2006,44.37
mkd,sex_f,eco_sector_ind,edu_isced11_3,2007,44.27
mkd,sex_f,eco_sector_ind,edu_isced11_3,2008,44.45
mkd,sex_f,eco_sector_ind,edu_isced11_3,2009,43.33
mkd,sex_f,eco_sector_ind,edu_isced11_3,2010,43.3
mkd,sex_f,eco_sector_ind,edu_isced11_3,2011,43.36
mkd,sex_f,eco_sector_ind,edu_isced11_3,2012,43.04
mkd,sex_f,eco_sector_ind,edu_isced11_3,2013,42.83
mkd,sex_f,eco_sector_ind,edu_isced11_3,2014,42.11
mkd,sex_f,eco_sector_ind,edu_isced11_3,2015,41.84
mkd,sex_f,eco_sector_ind,edu_isced11_3,2016,42.48
mkd,sex_f,eco_sector_ind,edu_isced11_3,2017,42.73
mkd,sex_f,eco_sector_ind,edu_isced11_3,2018,41.9
mkd,sex_f,eco_sector_ind,edu_isced11_3,2019,41.14
mkd,sex_f,eco_sector_ind,edu_isced11_3,2020,39.93
mkd,sex_f,eco_sector_ind,edu_isced11_3,2021,40.33
mkd,sex_f,eco_sector_ind,edu_isced11_3,2022,40.68
mkd,sex_f,eco_sector_ind,edu_isced11_3,2024,38.53
mkd,sex_f,eco_sector_ind,edu_isced11_4,2024,38.69
mkd,sex_f,eco_sector_ind,edu_isced11_5,2006,44.87
mkd,sex_f,eco_sector_ind,edu_isced11_5,2007,44.05
mkd,sex_f,eco_sector_ind,edu_isced11_5,2008,41.02
mkd,sex_f,eco_sector_ind,edu_isced11_5,2009,41.16
mkd,sex_f,eco_sector_ind,edu_isced11_5,2010,40.69
mkd,sex_f,eco_sector_ind,edu_isced11_5,2011,40.69
mkd,sex_f,eco_sector_ind,edu_isced11_5,2012,42.45
mkd,sex_f,eco_sector_ind,edu_isced11_5,2013,40.5
mkd,sex_f,eco_sector_ind,edu_isced11_5,2014,42.2
mkd,sex_f,eco_sector_ind,edu_isced11_5,2015,41.37
mkd,sex_f,eco_sector_ind,edu_isced11_5,2016,45.41
mkd,sex_f,eco_sector_ind,edu_isced11_5,2017,40.78
mkd,sex_f,eco_sector_ind,edu_isced11_5,2018,41.12
mkd,sex_f,eco_sector_ind,edu_isced11_5,2019,41.34
mkd,sex_f,eco_sector_ind,edu_isced11_5,2020,36.12
mkd,sex_f,eco_sector_ind,edu_isced11_5,2021,39.36
mkd,sex_f,eco_sector_ind,edu_isced11_5,2022,40.01
mkd,sex_f,eco_sector_ind,edu_isced11_5,2024,37.43
mkd,sex_f,eco_sector_ind,edu_isced11_6,2006,42.17
mkd,sex_f,eco_sector_ind,edu_isced11_6,2007,41.69
mkd,sex_f,eco_sector_ind,edu_isced11_6,2008,40.79
mkd,sex_f,eco_sector_ind,edu_isced11_6,2009,41.1
mkd,sex_f,eco_sector_ind,edu_isced11_6,2010,40.45
mkd,sex_f,eco_sector_ind,edu_isced11_6,2011,40.4
mkd,sex_f,eco_sector_ind,edu_isced11_6,2012,41.04
mkd,sex_f,eco_sector_ind,edu_isced11_6,2013,40.54
mkd,sex_f,eco_sector_ind,edu_isced11_6,2014,40.47
mkd,sex_f,eco_sector_ind,edu_isced11_6,2015,40
mkd,sex_f,eco_sector_ind,edu_isced11_6,2016,40.45
mkd,sex_f,eco_sector_ind,edu_isced11_6,2017,41.47
mkd,sex_f,eco_sector_ind,edu_isced11_6,2018,40.42
mkd,sex_f,eco_sector_ind,edu_isced11_6,2019,39.61
mkd,sex_f,eco_sector_ind,edu_isced11_6,2020,39.12
mkd,sex_f,eco_sector_ind,edu_isced11_6,2021,39.67
mkd,sex_f,eco_sector_ind,edu_isced11_6,2022,39.26
mkd,sex_f,eco_sector_ind,edu_isced11_6,2024,38.03
mkd,sex_f,eco_sector_ind,edu_isced11_7,2010,37.38
mkd,sex_f,eco_sector_ind,edu_isced11_7,2011,37.22
mkd,sex_f,eco_sector_ind,edu_isced11_7,2012,40.45
mkd,sex_f,eco_sector_ind,edu_isced11_7,2013,41
mkd,sex_f,eco_sector_ind,edu_isced11_7,2014,39.41
mkd,sex_f,eco_sector_ind,edu_isced11_7,2015,39.87
mkd,sex_f,eco_sector_ind,edu_isced11_7,2016,40.33
mkd,sex_f,eco_sector_ind,edu_isced11_7,2017,40.1
mkd,sex_f,eco_sector_ind,edu_isced11_7,2018,39.72
mkd,sex_f,eco_sector_ind,edu_isced11_7,2019,38.89
mkd,sex_f,eco_sector_ind,edu_isced11_7,2020,40
mkd,sex_f,eco_sector_ind,edu_isced11_7,2021,40.47
mkd,sex_f,eco_sector_ind,edu_isced11_7,2022,38.85
mkd,sex_f,eco_sector_ind,edu_isced11_7,2024,37.57
mkd,sex_f,eco_sector_ind,edu_isced11_total,2006,44.44
mkd,sex_f,eco_sector_ind,edu_isced11_total,2007,44.01
mkd,sex_f,eco_sector_ind,edu_isced11_total,2008,44.13
mkd,sex_f,eco_sector_ind,edu_isced11_total,2009,43.11
mkd,sex_f,eco_sector_ind,edu_isced11_total,2010,43.12
mkd,sex_f,eco_sector_ind,edu_isced11_total,2011,43
mkd,sex_f,eco_sector_ind,edu_isced11_total,2012,42.91
mkd,sex_f,eco_sector_ind,edu_isced11_total,2013,42.59
mkd,sex_f,eco_sector_ind,edu_isced11_total,2014,42.13
mkd,sex_f,eco_sector_ind,edu_isced11_total,2015,41.64
mkd,sex_f,eco_sector_ind,edu_isced11_total,2016,42.35
mkd,sex_f,eco_sector_ind,edu_isced11_total,2017,42.56
mkd,sex_f,eco_sector_ind,edu_isced11_total,2018,41.74
mkd,sex_f,eco_sector_ind,edu_isced11_total,2019,41.05
mkd,sex_f,eco_sector_ind,edu_isced11_total,2020,39.83
mkd,sex_f,eco_sector_ind,edu_isced11_total,2021,40.06
mkd,sex_f,eco_sector_ind,edu_isced11_total,2022,40.32
mkd,sex_f,eco_sector_ind,edu_isced11_total,2024,38.58
mkd,sex_f,eco_sector_ind,edu_isced11_x,2008,46.52
mkd,sex_f,eco_sector_ind,edu_isced11_x,2016,34.52
mkd,sex_f,eco_sector_ind,edu_isced11_x,2017,33.19
mkd,sex_f,eco_sector_ind,edu_isced11_x,2018,22.74
mkd,sex_f,eco_sector_ind,edu_isced11_x,2022,40.21
mkd,sex_f,eco_sector_nag,edu_aggregate_adv,2006,40.08
mkd,sex_f,eco_sector_nag,edu_aggregate_adv,2007,39.48
mkd,sex_f,eco_sector_nag,edu_aggregate_adv,2008,39.48
mkd,sex_f,eco_sector_nag,edu_aggregate_adv,2009,39.21
mkd,sex_f,eco_sector_nag,edu_aggregate_adv,2010,39.22
mkd,sex_f,eco_sector_nag,edu_aggregate_adv,2011,39.08
mkd,sex_f,eco_sector_nag,edu_aggregate_adv,2012,39.39
mkd,sex_f,eco_sector_nag,edu_aggregate_adv,2013,39.73
mkd,sex_f,eco_sector_nag,edu_aggregate_adv,2014,39.91
mkd,sex_f,eco_sector_nag,edu_aggregate_adv,2015,39.51
mkd,sex_f,eco_sector_nag,edu_aggregate_adv,2016,39.77
mkd,sex_f,eco_sector_nag,edu_aggregate_adv,2017,39.78
mkd,sex_f,eco_sector_nag,edu_aggregate_adv,2018,39.5
mkd,sex_f,eco_sector_nag,edu_aggregate_adv,2019,39.06
mkd,sex_f,eco_sector_nag,edu_aggregate_adv,2020,37.87
mkd,sex_f,eco_sector_nag,edu_aggregate_adv,2021,39.05
mkd,sex_f,eco_sector_nag,edu_aggregate_adv,2022,39.04
mkd,sex_f,eco_sector_nag,edu_aggregate_adv,2024,38.24
mkd,sex_f,eco_sector_nag,edu_aggregate_bas,2006,43.39
mkd,sex_f,eco_sector_nag,edu_aggregate_bas,2007,43.16
mkd,sex_f,eco_sector_nag,edu_aggregate_bas,2008,43.34
mkd,sex_f,eco_sector_nag,edu_aggregate_bas,2009,42.13
mkd,sex_f,eco_sector_nag,edu_aggregate_bas,2010,42.53
mkd,sex_f,eco_sector_nag,edu_aggregate_bas,2011,42.05
mkd,sex_f,eco_sector_nag,edu_aggregate_bas,2012,41.13
mkd,sex_f,eco_sector_nag,edu_aggregate_bas,2013,42.21
mkd,sex_f,eco_sector_nag,edu_aggregate_bas,2014,41.85
mkd,sex_f,eco_sector_nag,edu_aggregate_bas,2015,40.72
mkd,sex_f,eco_sector_nag,edu_aggregate_bas,2016,41.58
mkd,sex_f,eco_sector_nag,edu_aggregate_bas,2017,41.71
mkd,sex_f,eco_sector_nag,edu_aggregate_bas,2018,41.63
mkd,sex_f,eco_sector_nag,edu_aggregate_bas,2019,40.47
mkd,sex_f,eco_sector_nag,edu_aggregate_bas,2020,38.76
mkd,sex_f,eco_sector_nag,edu_aggregate_bas,2021,39.12
mkd,sex_f,eco_sector_nag,edu_aggregate_bas,2022,39.41
mkd,sex_f,eco_sector_nag,edu_aggregate_bas,2024,38.53
mkd,sex_f,eco_sector_nag,edu_aggregate_int,2006,43.31
mkd,sex_f,eco_sector_nag,edu_aggregate_int,2007,43.08
mkd,sex_f,eco_sector_nag,edu_aggregate_int,2008,43.15
mkd,sex_f,eco_sector_nag,edu_aggregate_int,2009,42.07
mkd,sex_f,eco_sector_nag,edu_aggregate_int,2010,42.22
mkd,sex_f,eco_sector_nag,edu_aggregate_int,2011,41.99
mkd,sex_f,eco_sector_nag,edu_aggregate_int,2012,41.89
mkd,sex_f,eco_sector_nag,edu_aggregate_int,2013,41.79
mkd,sex_f,eco_sector_nag,edu_aggregate_int,2014,41.29
mkd,sex_f,eco_sector_nag,edu_aggregate_int,2015,40.76
mkd,sex_f,eco_sector_nag,edu_aggregate_int,2016,41.33
mkd,sex_f,eco_sector_nag,edu_aggregate_int,2017,41.9
mkd,sex_f,eco_sector_nag,edu_aggregate_int,2018,41.58
mkd,sex_f,eco_sector_nag,edu_aggregate_int,2019,40.82
mkd,sex_f,eco_sector_nag,edu_aggregate_int,2020,39.41
mkd,sex_f,eco_sector_nag,edu_aggregate_int,2021,39.94
mkd,sex_f,eco_sector_nag,edu_aggregate_int,2022,40.14
mkd,sex_f,eco_sector_nag,edu_aggregate_int,2024,38.76
mkd,sex_f,eco_sector_nag,edu_aggregate_ltb,2006,42.93
mkd,sex_f,eco_sector_nag,edu_aggregate_ltb,2007,43.02
mkd,sex_f,eco_sector_nag,edu_aggregate_ltb,2008,39.12
mkd,sex_f,eco_sector_nag,edu_aggregate_ltb,2009,38.39
mkd,sex_f,eco_sector_nag,edu_aggregate_ltb,2010,35.37
mkd,sex_f,eco_sector_nag,edu_aggregate_ltb,2011,41.63
mkd,sex_f,eco_sector_nag,edu_aggregate_ltb,2012,43.57
mkd,sex_f,eco_sector_nag,edu_aggregate_ltb,2013,43.36
mkd,sex_f,eco_sector_nag,edu_aggregate_ltb,2014,35.58
mkd,sex_f,eco_sector_nag,edu_aggregate_ltb,2015,41.12
mkd,sex_f,eco_sector_nag,edu_aggregate_ltb,2016,39.33
mkd,sex_f,eco_sector_nag,edu_aggregate_ltb,2017,34.61
mkd,sex_f,eco_sector_nag,edu_aggregate_ltb,2018,34.86
mkd,sex_f,eco_sector_nag,edu_aggregate_ltb,2019,35.3
mkd,sex_f,eco_sector_nag,edu_aggregate_ltb,2020,35.74
mkd,sex_f,eco_sector_nag,edu_aggregate_ltb,2021,30.22
mkd,sex_f,eco_sector_nag,edu_aggregate_ltb,2022,32.07
mkd,sex_f,eco_sector_nag,edu_aggregate_ltb,2024,36.93
mkd,sex_f,eco_sector_nag,edu_aggregate_total,2006,42.42
mkd,sex_f,eco_sector_nag,edu_aggregate_total,2007,42.06
mkd,sex_f,eco_sector_nag,edu_aggregate_total,2008,42.17
mkd,sex_f,eco_sector_nag,edu_aggregate_total,2009,41.21
mkd,sex_f,eco_sector_nag,edu_aggregate_total,2010,41.29
mkd,sex_f,eco_sector_nag,edu_aggregate_total,2011,41.01
mkd,sex_f,eco_sector_nag,edu_aggregate_total,2012,40.96
mkd,sex_f,eco_sector_nag,edu_aggregate_total,2013,41.13
mkd,sex_f,eco_sector_nag,edu_aggregate_total,2014,40.84
mkd,sex_f,eco_sector_nag,edu_aggregate_total,2015,40.29
mkd,sex_f,eco_sector_nag,edu_aggregate_total,2016,40.72
mkd,sex_f,eco_sector_nag,edu_aggregate_total,2017,41.01
mkd,sex_f,eco_sector_nag,edu_aggregate_total,2018,40.74
mkd,sex_f,eco_sector_nag,edu_aggregate_total,2019,40.09
mkd,sex_f,eco_sector_nag,edu_aggregate_total,2020,38.72
mkd,sex_f,eco_sector_nag,edu_aggregate_total,2021,39.46
mkd,sex_f,eco_sector_nag,edu_aggregate_total,2022,39.56
mkd,sex_f,eco_sector_nag,edu_aggregate_total,2024,38.5
mkd,sex_f,eco_sector_nag,edu_isced11_0,2006,42.86
mkd,sex_f,eco_sector_nag,edu_isced11_0,2007,41.74
mkd,sex_f,eco_sector_nag,edu_isced11_0,2008,39.68
mkd,sex_f,eco_sector_nag,edu_isced11_0,2009,38.22
mkd,sex_f,eco_sector_nag,edu_isced11_0,2010,40.02
mkd,sex_f,eco_sector_nag,edu_isced11_0,2011,45.22
mkd,sex_f,eco_sector_nag,edu_isced11_0,2012,45.02
mkd,sex_f,eco_sector_nag,edu_isced11_0,2013,44.56
mkd,sex_f,eco_sector_nag,edu_isced11_0,2014,38.99
mkd,sex_f,eco_sector_nag,edu_isced11_0,2015,44.52
mkd,sex_f,eco_sector_nag,edu_isced11_0,2016,40.82
mkd,sex_f,eco_sector_nag,edu_isced11_0,2017,35.17
mkd,sex_f,eco_sector_nag,edu_isced11_0,2018,35.69
mkd,sex_f,eco_sector_nag,edu_isced11_0,2019,36.05
mkd,sex_f,eco_sector_nag,edu_isced11_0,2020,35.14
mkd,sex_f,eco_sector_nag,edu_isced11_0,2021,26.14
mkd,sex_f,eco_sector_nag,edu_isced11_0,2022,28.27
mkd,sex_f,eco_sector_nag,edu_isced11_0,2024,30.85
mkd,sex_f,eco_sector_nag,edu_isced11_1,2006,43.34
mkd,sex_f,eco_sector_nag,edu_isced11_1,2007,43.1
mkd,sex_f,eco_sector_nag,edu_isced11_1,2008,43.37
mkd,sex_f,eco_sector_nag,edu_isced11_1,2009,42.08
mkd,sex_f,eco_sector_nag,edu_isced11_1,2010,42.45
mkd,sex_f,eco_sector_nag,edu_isced11_1,2011,41.94
mkd,sex_f,eco_sector_nag,edu_isced11_1,2012,41.16
mkd,sex_f,eco_sector_nag,edu_isced11_1,2013,42.27
mkd,sex_f,eco_sector_nag,edu_isced11_1,2014,41.83
mkd,sex_f,eco_sector_nag,edu_isced11_1,2015,40.73
mkd,sex_f,eco_sector_nag,edu_isced11_1,2016,41.6
mkd,sex_f,eco_sector_nag,edu_isced11_1,2017,41.72
mkd,sex_f,eco_sector_nag,edu_isced11_1,2018,41.64
mkd,sex_f,eco_sector_nag,edu_isced11_1,2019,40.49
mkd,sex_f,eco_sector_nag,edu_isced11_1,2020,38.7
mkd,sex_f,eco_sector_nag,edu_isced11_1,2021,39.08
mkd,sex_f,eco_sector_nag,edu_isced11_1,2022,39.31
mkd,sex_f,eco_sector_nag,edu_isced11_1,2024,38.51
mkd,sex_f,eco_sector_nag,edu_isced11_2,2006,45.27
mkd,sex_f,eco_sector_nag,edu_isced11_2,2007,45.42
mkd,sex_f,eco_sector_nag,edu_isced11_2,2008,42.29
mkd,sex_f,eco_sector_nag,edu_isced11_2,2009,44.6
mkd,sex_f,eco_sector_nag,edu_isced11_2,2010,45.98
mkd,sex_f,eco_sector_nag,edu_isced11_2,2011,45.15
mkd,sex_f,eco_sector_nag,edu_isced11_2,2012,40.34
mkd,sex_f,eco_sector_nag,edu_isced11_2,2013,40.41
mkd,sex_f,eco_sector_nag,edu_isced11_2,2015,39.7
mkd,sex_f,eco_sector_nag,edu_isced11_2,2016,40.83
mkd,sex_f,eco_sector_nag,edu_isced11_2,2018,40.53
mkd,sex_f,eco_sector_nag,edu_isced11_2,2019,39.66
mkd,sex_f,eco_sector_nag,edu_isced11_2,2020,42.58
mkd,sex_f,eco_sector_nag,edu_isced11_2,2022,44.46
mkd,sex_f,eco_sector_nag,edu_isced11_3,2006,43.31
mkd,sex_f,eco_sector_nag,edu_isced11_3,2007,43.08
mkd,sex_f,eco_sector_nag,edu_isced11_3,2008,43.15
mkd,sex_f,eco_sector_nag,edu_isced11_3,2009,42.07
mkd,sex_f,eco_sector_nag,edu_isced11_3,2010,42.22
mkd,sex_f,eco_sector_nag,edu_isced11_3,2011,41.99
mkd,sex_f,eco_sector_nag,edu_isced11_3,2012,41.89
mkd,sex_f,eco_sector_nag,edu_isced11_3,2013,41.79
mkd,sex_f,eco_sector_nag,edu_isced11_3,2014,41.29
mkd,sex_f,eco_sector_nag,edu_isced11_3,2015,40.76
mkd,sex_f,eco_sector_nag,edu_isced11_3,2016,41.33
mkd,sex_f,eco_sector_nag,edu_isced11_3,2017,41.9
mkd,sex_f,eco_sector_nag,edu_isced11_3,2018,41.58
mkd,sex_f,eco_sector_nag,edu_isced11_3,2019,40.82
mkd,sex_f,eco_sector_nag,edu_isced11_3,2020,39.43
mkd,sex_f,eco_sector_nag,edu_isced11_3,2021,39.94
mkd,sex_f,eco_sector_nag,edu_isced11_3,2022,40.15
mkd,sex_f,eco_sector_nag,edu_isced11_3,2024,38.6
mkd,sex_f,eco_sector_nag,edu_isced11_4,2024,39.35
mkd,sex_f,eco_sector_nag,edu_isced11_5,2006,39.81
mkd,sex_f,eco_sector_nag,edu_isced11_5,2007,40.14
mkd,sex_f,eco_sector_nag,edu_isced11_5,2008,38.93
mkd,sex_f,eco_sector_nag,edu_isced11_5,2009,39.19
mkd,sex_f,eco_sector_nag,edu_isced11_5,2010,39.57
mkd,sex_f,eco_sector_nag,edu_isced11_5,2011,40.05
mkd,sex_f,eco_sector_nag,edu_isced11_5,2012,39.98
mkd,sex_f,eco_sector_nag,edu_isced11_5,2013,39.94
mkd,sex_f,eco_sector_nag,edu_isced11_5,2014,40.23
mkd,sex_f,eco_sector_nag,edu_isced11_5,2015,40.3
mkd,sex_f,eco_sector_nag,edu_isced11_5,2016,41.49
mkd,sex_f,eco_sector_nag,edu_isced11_5,2017,40.68
mkd,sex_f,eco_sector_nag,edu_isced11_5,2018,40.13
mkd,sex_f,eco_sector_nag,edu_isced11_5,2019,40.41
mkd,sex_f,eco_sector_nag,edu_isced11_5,2020,38.12
mkd,sex_f,eco_sector_nag,edu_isced11_5,2021,40.09
mkd,sex_f,eco_sector_nag,edu_isced11_5,2022,39.63
mkd,sex_f,eco_sector_nag,edu_isced11_5,2024,38.3
mkd,sex_f,eco_sector_nag,edu_isced11_6,2006,40.19
mkd,sex_f,eco_sector_nag,edu_isced11_6,2007,39.29
mkd,sex_f,eco_sector_nag,edu_isced11_6,2008,39.62
mkd,sex_f,eco_sector_nag,edu_isced11_6,2009,39.31
mkd,sex_f,eco_sector_nag,edu_isced11_6,2010,39.16
mkd,sex_f,eco_sector_nag,edu_isced11_6,2011,38.9
mkd,sex_f,eco_sector_nag,edu_isced11_6,2012,39.47
mkd,sex_f,eco_sector_nag,edu_isced11_6,2013,39.76
mkd,sex_f,eco_sector_nag,edu_isced11_6,2014,39.95
mkd,sex_f,eco_sector_nag,edu_isced11_6,2015,39.51
mkd,sex_f,eco_sector_nag,edu_isced11_6,2016,39.63
mkd,sex_f,eco_sector_nag,edu_isced11_6,2017,39.83
mkd,sex_f,eco_sector_nag,edu_isced11_6,2018,39.49
mkd,sex_f,eco_sector_nag,edu_isced11_6,2019,38.94
mkd,sex_f,eco_sector_nag,edu_isced11_6,2020,37.81
mkd,sex_f,eco_sector_nag,edu_isced11_6,2021,38.95
mkd,sex_f,eco_sector_nag,edu_isced11_6,2022,38.92
mkd,sex_f,eco_sector_nag,edu_isced11_6,2024,38.39
mkd,sex_f,eco_sector_nag,edu_isced11_7,2006,39.42
mkd,sex_f,eco_sector_nag,edu_isced11_7,2007,40.07
mkd,sex_f,eco_sector_nag,edu_isced11_7,2008,38.73
mkd,sex_f,eco_sector_nag,edu_isced11_7,2009,38.1
mkd,sex_f,eco_sector_nag,edu_isced11_7,2010,38.96
mkd,sex_f,eco_sector_nag,edu_isced11_7,2011,38.94
mkd,sex_f,eco_sector_nag,edu_isced11_7,2012,37.86
mkd,sex_f,eco_sector_nag,edu_isced11_7,2013,39.87
mkd,sex_f,eco_sector_nag,edu_isced11_7,2014,38.91
mkd,sex_f,eco_sector_nag,edu_isced11_7,2015,38.86
mkd,sex_f,eco_sector_nag,edu_isced11_7,2016,39.44
mkd,sex_f,eco_sector_nag,edu_isced11_7,2017,39.21
mkd,sex_f,eco_sector_nag,edu_isced11_7,2018,39.18
mkd,sex_f,eco_sector_nag,edu_isced11_7,2019,38.92
mkd,sex_f,eco_sector_nag,edu_isced11_7,2020,38.17
mkd,sex_f,eco_sector_nag,edu_isced11_7,2021,39.25
mkd,sex_f,eco_sector_nag,edu_isced11_7,2022,39.56
mkd,sex_f,eco_sector_nag,edu_isced11_7,2024,37.56
mkd,sex_f,eco_sector_nag,edu_isced11_8,2006,39.08
mkd,sex_f,eco_sector_nag,edu_isced11_8,2007,39.11
mkd,sex_f,eco_sector_nag,edu_isced11_8,2008,40.82
mkd,sex_f,eco_sector_nag,edu_isced11_8,2009,36.64
mkd,sex_f,eco_sector_nag,edu_isced11_8,2010,39.13
mkd,sex_f,eco_sector_nag,edu_isced11_8,2011,40.47
mkd,sex_f,eco_sector_nag,edu_isced11_8,2012,32.07
mkd,sex_f,eco_sector_nag,edu_isced11_8,2013,35.39
mkd,sex_f,eco_sector_nag,edu_isced11_8,2014,39.9
mkd,sex_f,eco_sector_nag,edu_isced11_8,2015,38.19
mkd,sex_f,eco_sector_nag,edu_isced11_8,2016,39.79
mkd,sex_f,eco_sector_nag,edu_isced11_8,2017,36.63
mkd,sex_f,eco_sector_nag,edu_isced11_8,2018,37.82
mkd,sex_f,eco_sector_nag,edu_isced11_8,2019,39.84
mkd,sex_f,eco_sector_nag,edu_isced11_8,2020,38.22
mkd,sex_f,eco_sector_nag,edu_isced11_8,2021,38.49
mkd,sex_f,eco_sector_nag,edu_isced11_8,2022,39.6
mkd,sex_f,eco_sector_nag,edu_isced11_8,2024,37.19
mkd,sex_f,eco_sector_nag,edu_isced11_total,2006,42.42
mkd,sex_f,eco_sector_nag,edu_isced11_total,2007,42.06
mkd,sex_f,eco_sector_nag,edu_isced11_total,2008,42.17
mkd,sex_f,eco_sector_nag,edu_isced11_total,2009,41.21
mkd,sex_f,eco_sector_nag,edu_isced11_total,2010,41.29
mkd,sex_f,eco_sector_nag,edu_isced11_total,2011,41.01
mkd,sex_f,eco_sector_nag,edu_isced11_total,2012,40.96
mkd,sex_f,eco_sector_nag,edu_isced11_total,2013,41.13
mkd,sex_f,eco_sector_nag,edu_isced11_total,2014,40.84
mkd,sex_f,eco_sector_nag,edu_isced11_total,2015,40.29
mkd,sex_f,eco_sector_nag,edu_isced11_total,2016,40.72
mkd,sex_f,eco_sector_nag,edu_isced11_total,2017,41.01
mkd,sex_f,eco_sector_nag,edu_isced11_total,2018,40.74
mkd,sex_f,eco_sector_nag,edu_isced11_total,2019,40.09
mkd,sex_f,eco_sector_nag,edu_isced11_total,2020,38.72
mkd,sex_f,eco_sector_nag,edu_isced11_total,2021,39.46
mkd,sex_f,eco_sector_nag,edu_isced11_total,2022,39.56
mkd,sex_f,eco_sector_nag,edu_isced11_total,2024,38.5
mkd,sex_f,eco_sector_nag,edu_isced11_x,2007,47.81
mkd,sex_f,eco_sector_nag,edu_isced11_x,2008,38.14
mkd,sex_f,eco_sector_nag,edu_isced11_x,2010,21.37
mkd,sex_f,eco_sector_nag,edu_isced11_x,2011,34.5
mkd,sex_f,eco_sector_nag,edu_isced11_x,2014,32.16
mkd,sex_f,eco_sector_nag,edu_isced11_x,2015,36.19
mkd,sex_f,eco_sector_nag,edu_isced11_x,2016,36.89
mkd,sex_f,eco_sector_nag,edu_isced11_x,2017,33.04
mkd,sex_f,eco_sector_nag,edu_isced11_x,2018,33
mkd,sex_f,eco_sector_nag,edu_isced11_x,2019,34.04
mkd,sex_f,eco_sector_nag,edu_isced11_x,2020,36.66
mkd,sex_f,eco_sector_nag,edu_isced11_x,2021,37.47
mkd,sex_f,eco_sector_nag,edu_isced11_x,2022,34.93
mkd,sex_f,eco_sector_nag,edu_isced11_x,2024,39.25
mkd,sex_f,eco_sector_ser,edu_aggregate_adv,2006,39.61
mkd,sex_f,eco_sector_ser,edu_aggregate_adv,2007,39.04
mkd,sex_f,eco_sector_ser,edu_aggregate_adv,2008,39.24
mkd,sex_f,eco_sector_ser,edu_aggregate_adv,2009,38.92
mkd,sex_f,eco_sector_ser,edu_aggregate_adv,2010,39.06
mkd,sex_f,eco_sector_ser,edu_aggregate_adv,2011,38.89
mkd,sex_f,eco_sector_ser,edu_aggregate_adv,2012,39.14
mkd,sex_f,eco_sector_ser,edu_aggregate_adv,2013,39.63
mkd,sex_f,eco_sector_ser,edu_aggregate_adv,2014,39.81
mkd,sex_f,eco_sector_ser,edu_aggregate_adv,2015,39.42
mkd,sex_f,eco_sector_ser,edu_aggregate_adv,2016,39.56
mkd,sex_f,eco_sector_ser,edu_aggregate_adv,2017,39.55
mkd,sex_f,eco_sector_ser,edu_aggregate_adv,2018,39.33
mkd,sex_f,eco_sector_ser,edu_aggregate_adv,2019,38.96
mkd,sex_f,eco_sector_ser,edu_aggregate_adv,2020,37.74
mkd,sex_f,eco_sector_ser,edu_aggregate_adv,2021,38.97
mkd,sex_f,eco_sector_ser,edu_aggregate_adv,2022,39
mkd,sex_f,eco_sector_ser,edu_aggregate_adv,2024,38.28
mkd,sex_f,eco_sector_ser,edu_aggregate_bas,2006,40.46
mkd,sex_f,eco_sector_ser,edu_aggregate_bas,2007,41.41
mkd,sex_f,eco_sector_ser,edu_aggregate_bas,2008,41.24
mkd,sex_f,eco_sector_ser,edu_aggregate_bas,2009,39.84
mkd,sex_f,eco_sector_ser,edu_aggregate_bas,2010,40.1
mkd,sex_f,eco_sector_ser,edu_aggregate_bas,2011,39.26
mkd,sex_f,eco_sector_ser,edu_aggregate_bas,2012,38.4
mkd,sex_f,eco_sector_ser,edu_aggregate_bas,2013,40.89
mkd,sex_f,eco_sector_ser,edu_aggregate_bas,2014,39.43
mkd,sex_f,eco_sector_ser,edu_aggregate_bas,2015,38.64
mkd,sex_f,eco_sector_ser,edu_aggregate_bas,2016,38.97
mkd,sex_f,eco_sector_ser,edu_aggregate_bas,2017,39.48
mkd,sex_f,eco_sector_ser,edu_aggregate_bas,2018,40.29
mkd,sex_f,eco_sector_ser,edu_aggregate_bas,2019,38.73
mkd,sex_f,eco_sector_ser,edu_aggregate_bas,2020,37.1
mkd,sex_f,eco_sector_ser,edu_aggregate_bas,2021,38.77
mkd,sex_f,eco_sector_ser,edu_aggregate_bas,2022,38.77
mkd,sex_f,eco_sector_ser,edu_aggregate_bas,2024,37.72
mkd,sex_f,eco_sector_ser,edu_aggregate_int,2006,42.52
mkd,sex_f,eco_sector_ser,edu_aggregate_int,2007,42.32
mkd,sex_f,eco_sector_ser,edu_aggregate_int,2008,42.32
mkd,sex_f,eco_sector_ser,edu_aggregate_int,2009,41.31
mkd,sex_f,eco_sector_ser,edu_aggregate_int,2010,41.58
mkd,sex_f,eco_sector_ser,edu_aggregate_int,2011,41.19
mkd,sex_f,eco_sector_ser,edu_aggregate_int,2012,41.22
mkd,sex_f,eco_sector_ser,edu_aggregate_int,2013,41.08
mkd,sex_f,eco_sector_ser,edu_aggregate_int,2014,40.76
mkd,sex_f,eco_sector_ser,edu_aggregate_int,2015,40.14
mkd,sex_f,eco_sector_ser,edu_aggregate_int,2016,40.63
mkd,sex_f,eco_sector_ser,edu_aggregate_int,2017,41.41
mkd,sex_f,eco_sector_ser,edu_aggregate_int,2018,41.35
mkd,sex_f,eco_sector_ser,edu_aggregate_int,2019,40.62
mkd,sex_f,eco_sector_ser,edu_aggregate_int,2020,39.04
mkd,sex_f,eco_sector_ser,edu_aggregate_int,2021,39.71
mkd,sex_f,eco_sector_ser,edu_aggregate_int,2022,39.81
mkd,sex_f,eco_sector_ser,edu_aggregate_int,2024,38.85
mkd,sex_f,eco_sector_ser,edu_aggregate_ltb,2006,38.76
mkd,sex_f,eco_sector_ser,edu_aggregate_ltb,2007,43.54
mkd,sex_f,eco_sector_ser,edu_aggregate_ltb,2008,34.33
mkd,sex_f,eco_sector_ser,edu_aggregate_ltb,2009,36.43
mkd,sex_f,eco_sector_ser,edu_aggregate_ltb,2010,27.11
mkd,sex_f,eco_sector_ser,edu_aggregate_ltb,2011,40.31
mkd,sex_f,eco_sector_ser,edu_aggregate_ltb,2013,45.36
mkd,sex_f,eco_sector_ser,edu_aggregate_ltb,2014,32.89
mkd,sex_f,eco_sector_ser,edu_aggregate_ltb,2015,37.45
mkd,sex_f,eco_sector_ser,edu_aggregate_ltb,2016,39.75
mkd,sex_f,eco_sector_ser,edu_aggregate_ltb,2017,31.24
mkd,sex_f,eco_sector_ser,edu_aggregate_ltb,2018,32.59
mkd,sex_f,eco_sector_ser,edu_aggregate_ltb,2019,33.39
mkd,sex_f,eco_sector_ser,edu_aggregate_ltb,2020,33.29
mkd,sex_f,eco_sector_ser,edu_aggregate_ltb,2021,30.86
mkd,sex_f,eco_sector_ser,edu_aggregate_ltb,2022,29.44
mkd,sex_f,eco_sector_ser,edu_aggregate_ltb,2024,36.19
mkd,sex_f,eco_sector_ser,edu_aggregate_total,2006,41.22
mkd,sex_f,eco_sector_ser,edu_aggregate_total,2007,41.01
mkd,sex_f,eco_sector_ser,edu_aggregate_total,2008,41.11
mkd,sex_f,eco_sector_ser,edu_aggregate_total,2009,40.28
mkd,sex_f,eco_sector_ser,edu_aggregate_total,2010,40.43
mkd,sex_f,eco_sector_ser,edu_aggregate_total,2011,40.08
mkd,sex_f,eco_sector_ser,edu_aggregate_total,2012,40.12
mkd,sex_f,eco_sector_ser,edu_aggregate_total,2013,40.43
mkd,sex_f,eco_sector_ser,edu_aggregate_total,2014,40.23
mkd,sex_f,eco_sector_ser,edu_aggregate_total,2015,39.72
mkd,sex_f,eco_sector_ser,edu_aggregate_total,2016,40.02
mkd,sex_f,eco_sector_ser,edu_aggregate_total,2017,40.37
mkd,sex_f,eco_sector_ser,edu_aggregate_total,2018,40.27
mkd,sex_f,eco_sector_ser,edu_aggregate_total,2019,39.68
mkd,sex_f,eco_sector_ser,edu_aggregate_total,2020,38.24
mkd,sex_f,eco_sector_ser,edu_aggregate_total,2021,39.23
mkd,sex_f,eco_sector_ser,edu_aggregate_total,2022,39.26
mkd,sex_f,eco_sector_ser,edu_aggregate_total,2024,38.48
mkd,sex_f,eco_sector_ser,edu_isced11_0,2006,38.76
mkd,sex_f,eco_sector_ser,edu_isced11_0,2007,40.68
mkd,sex_f,eco_sector_ser,edu_isced11_0,2008,36.2
mkd,sex_f,eco_sector_ser,edu_isced11_0,2009,37.3
mkd,sex_f,eco_sector_ser,edu_isced11_0,2011,46.42
mkd,sex_f,eco_sector_ser,edu_isced11_0,2013,47.71
mkd,sex_f,eco_sector_ser,edu_isced11_0,2015,45.39
mkd,sex_f,eco_sector_ser,edu_isced11_0,2016,40.13
mkd,sex_f,eco_sector_ser,edu_isced11_0,2017,30.77
mkd,sex_f,eco_sector_ser,edu_isced11_0,2018,30.81
mkd,sex_f,eco_sector_ser,edu_isced11_0,2019,31.66
mkd,sex_f,eco_sector_ser,edu_isced11_0,2020,30.39
mkd,sex_f,eco_sector_ser,edu_isced11_0,2021,26.81
mkd,sex_f,eco_sector_ser,edu_isced11_0,2022,26.99
mkd,sex_f,eco_sector_ser,edu_isced11_1,2006,40.41
mkd,sex_f,eco_sector_ser,edu_isced11_1,2007,41.45
mkd,sex_f,eco_sector_ser,edu_isced11_1,2008,41.39
mkd,sex_f,eco_sector_ser,edu_isced11_1,2009,39.78
mkd,sex_f,eco_sector_ser,edu_isced11_1,2010,40.12
mkd,sex_f,eco_sector_ser,edu_isced11_1,2011,39.19
mkd,sex_f,eco_sector_ser,edu_isced11_1,2012,38.38
mkd,sex_f,eco_sector_ser,edu_isced11_1,2013,40.93
mkd,sex_f,eco_sector_ser,edu_isced11_1,2014,39.37
mkd,sex_f,eco_sector_ser,edu_isced11_1,2015,38.63
mkd,sex_f,eco_sector_ser,edu_isced11_1,2016,38.94
mkd,sex_f,eco_sector_ser,edu_isced11_1,2017,39.48
mkd,sex_f,eco_sector_ser,edu_isced11_1,2018,40.28
mkd,sex_f,eco_sector_ser,edu_isced11_1,2019,38.69
mkd,sex_f,eco_sector_ser,edu_isced11_1,2020,36.98
mkd,sex_f,eco_sector_ser,edu_isced11_1,2021,38.76
mkd,sex_f,eco_sector_ser,edu_isced11_1,2022,38.76
mkd,sex_f,eco_sector_ser,edu_isced11_1,2024,37.72
mkd,sex_f,eco_sector_ser,edu_isced11_2,2006,42.05
mkd,sex_f,eco_sector_ser,edu_isced11_2,2007,40.08
mkd,sex_f,eco_sector_ser,edu_isced11_2,2008,36.67
mkd,sex_f,eco_sector_ser,edu_isced11_2,2009,42.99
mkd,sex_f,eco_sector_ser,edu_isced11_2,2010,39.3
mkd,sex_f,eco_sector_ser,edu_isced11_2,2011,41.78
mkd,sex_f,eco_sector_ser,edu_isced11_2,2012,38.83
mkd,sex_f,eco_sector_ser,edu_isced11_2,2018,41.18
mkd,sex_f,eco_sector_ser,edu_isced11_2,2019,40.38
mkd,sex_f,eco_sector_ser,edu_isced11_3,2006,42.52
mkd,sex_f,eco_sector_ser,edu_isced11_3,2007,42.32
mkd,sex_f,eco_sector_ser,edu_isced11_3,2008,42.32
mkd,sex_f,eco_sector_ser,edu_isced11_3,2009,41.31
mkd,sex_f,eco_sector_ser,edu_isced11_3,2010,41.58
mkd,sex_f,eco_sector_ser,edu_isced11_3,2011,41.19
mkd,sex_f,eco_sector_ser,edu_isced11_3,2012,41.22
mkd,sex_f,eco_sector_ser,edu_isced11_3,2013,41.08
mkd,sex_f,eco_sector_ser,edu_isced11_3,2014,40.76
mkd,sex_f,eco_sector_ser,edu_isced11_3,2015,40.14
mkd,sex_f,eco_sector_ser,edu_isced11_3,2016,40.63
mkd,sex_f,eco_sector_ser,edu_isced11_3,2017,41.41
mkd,sex_f,eco_sector_ser,edu_isced11_3,2018,41.35
mkd,sex_f,eco_sector_ser,edu_isced11_3,2019,40.62
mkd,sex_f,eco_sector_ser,edu_isced11_3,2020,39.07
mkd,sex_f,eco_sector_ser,edu_isced11_3,2021,39.72
mkd,sex_f,eco_sector_ser,edu_isced11_3,2022,39.83
mkd,sex_f,eco_sector_ser,edu_isced11_3,2024,38.63
mkd,sex_f,eco_sector_ser,edu_isced11_4,2024,39.69
mkd,sex_f,eco_sector_ser,edu_isced11_5,2006,38.63
mkd,sex_f,eco_sector_ser,edu_isced11_5,2007,39.33
mkd,sex_f,eco_sector_ser,edu_isced11_5,2008,38.45
mkd,sex_f,eco_sector_ser,edu_isced11_5,2009,38.82
mkd,sex_f,eco_sector_ser,edu_isced11_5,2010,39.39
mkd,sex_f,eco_sector_ser,edu_isced11_5,2011,39.87
mkd,sex_f,eco_sector_ser,edu_isced11_5,2012,39.42
mkd,sex_f,eco_sector_ser,edu_isced11_5,2013,39.85
mkd,sex_f,eco_sector_ser,edu_isced11_5,2014,39.85
mkd,sex_f,eco_sector_ser,edu_isced11_5,2015,40.12
mkd,sex_f,eco_sector_ser,edu_isced11_5,2016,40.39
mkd,sex_f,eco_sector_ser,edu_isced11_5,2017,40.65
mkd,sex_f,eco_sector_ser,edu_isced11_5,2018,39.86
mkd,sex_f,eco_sector_ser,edu_isced11_5,2019,40.22
mkd,sex_f,eco_sector_ser,edu_isced11_5,2020,38.4
mkd,sex_f,eco_sector_ser,edu_isced11_5,2021,40.26
mkd,sex_f,eco_sector_ser,edu_isced11_5,2022,39.53
mkd,sex_f,eco_sector_ser,edu_isced11_5,2024,38.43
mkd,sex_f,eco_sector_ser,edu_isced11_6,2006,39.9
mkd,sex_f,eco_sector_ser,edu_isced11_6,2007,38.93
mkd,sex_f,eco_sector_ser,edu_isced11_6,2008,39.45
mkd,sex_f,eco_sector_ser,edu_isced11_6,2009,39.03
mkd,sex_f,eco_sector_ser,edu_isced11_6,2010,38.98
mkd,sex_f,eco_sector_ser,edu_isced11_6,2011,38.71
mkd,sex_f,eco_sector_ser,edu_isced11_6,2012,39.28
mkd,sex_f,eco_sector_ser,edu_isced11_6,2013,39.67
mkd,sex_f,eco_sector_ser,edu_isced11_6,2014,39.88
mkd,sex_f,eco_sector_ser,edu_isced11_6,2015,39.44
mkd,sex_f,eco_sector_ser,edu_isced11_6,2016,39.5
mkd,sex_f,eco_sector_ser,edu_isced11_6,2017,39.59
mkd,sex_f,eco_sector_ser,edu_isced11_6,2018,39.33
mkd,sex_f,eco_sector_ser,edu_isced11_6,2019,38.84
mkd,sex_f,eco_sector_ser,edu_isced11_6,2020,37.65
mkd,sex_f,eco_sector_ser,edu_isced11_6,2021,38.86
mkd,sex_f,eco_sector_ser,edu_isced11_6,2022,38.87
mkd,sex_f,eco_sector_ser,edu_isced11_6,2024,38.44
mkd,sex_f,eco_sector_ser,edu_isced11_7,2006,39.42
mkd,sex_f,eco_sector_ser,edu_isced11_7,2007,40.07
mkd,sex_f,eco_sector_ser,edu_isced11_7,2008,37.67
mkd,sex_f,eco_sector_ser,edu_isced11_7,2009,38.07
mkd,sex_f,eco_sector_ser,edu_isced11_7,2010,39.14
mkd,sex_f,eco_sector_ser,edu_isced11_7,2011,39.11
mkd,sex_f,eco_sector_ser,edu_isced11_7,2012,37.62
mkd,sex_f,eco_sector_ser,edu_isced11_7,2013,39.63
mkd,sex_f,eco_sector_ser,edu_isced11_7,2014,38.82
mkd,sex_f,eco_sector_ser,edu_isced11_7,2015,38.73
mkd,sex_f,eco_sector_ser,edu_isced11_7,2016,39.34
mkd,sex_f,eco_sector_ser,edu_isced11_7,2017,39.07
mkd,sex_f,eco_sector_ser,edu_isced11_7,2018,39.11
mkd,sex_f,eco_sector_ser,edu_isced11_7,2019,38.93
mkd,sex_f,eco_sector_ser,edu_isced11_7,2020,37.95
mkd,sex_f,eco_sector_ser,edu_isced11_7,2021,39.06
mkd,sex_f,eco_sector_ser,edu_isced11_7,2022,39.66
mkd,sex_f,eco_sector_ser,edu_isced11_7,2024,37.56
mkd,sex_f,eco_sector_ser,edu_isced11_8,2006,39.08
mkd,sex_f,eco_sector_ser,edu_isced11_8,2007,39.11
mkd,sex_f,eco_sector_ser,edu_isced11_8,2008,40.82
mkd,sex_f,eco_sector_ser,edu_isced11_8,2009,36.64
mkd,sex_f,eco_sector_ser,edu_isced11_8,2010,39.13
mkd,sex_f,eco_sector_ser,edu_isced11_8,2011,40.47
mkd,sex_f,eco_sector_ser,edu_isced11_8,2012,32.07
mkd,sex_f,eco_sector_ser,edu_isced11_8,2013,35.39
mkd,sex_f,eco_sector_ser,edu_isced11_8,2014,39.9
mkd,sex_f,eco_sector_ser,edu_isced11_8,2015,38.17
mkd,sex_f,eco_sector_ser,edu_isced11_8,2016,39.78
mkd,sex_f,eco_sector_ser,edu_isced11_8,2017,36.63
mkd,sex_f,eco_sector_ser,edu_isced11_8,2018,37.82
mkd,sex_f,eco_sector_ser,edu_isced11_8,2019,39.84
mkd,sex_f,eco_sector_ser,edu_isced11_8,2020,38.22
mkd,sex_f,eco_sector_ser,edu_isced11_8,2021,38.49
mkd,sex_f,eco_sector_ser,edu_isced11_8,2022,39.6
mkd,sex_f,eco_sector_ser,edu_isced11_8,2024,37.04
mkd,sex_f,eco_sector_ser,edu_isced11_total,2006,41.22
mkd,sex_f,eco_sector_ser,edu_isced11_total,2007,41.01
mkd,sex_f,eco_sector_ser,edu_isced11_total,2008,41.11
mkd,sex_f,eco_sector_ser,edu_isced11_total,2009,40.28
mkd,sex_f,eco_sector_ser,edu_isced11_total,2010,40.43
mkd,sex_f,eco_sector_ser,edu_isced11_total,2011,40.08
mkd,sex_f,eco_sector_ser,edu_isced11_total,2012,40.12
mkd,sex_f,eco_sector_ser,edu_isced11_total,2013,40.43
mkd,sex_f,eco_sector_ser,edu_isced11_total,2014,40.23
mkd,sex_f,eco_sector_ser,edu_isced11_total,2015,39.72
mkd,sex_f,eco_sector_ser,edu_isced11_total,2016,40.02
mkd,sex_f,eco_sector_ser,edu_isced11_total,2017,40.37
mkd,sex_f,eco_sector_ser,edu_isced11_total,2018,40.27
mkd,sex_f,eco_sector_ser,edu_isced11_total,2019,39.68
mkd,sex_f,eco_sector_ser,edu_isced11_total,2020,38.24
mkd,sex_f,eco_sector_ser,edu_isced11_total,2021,39.23
mkd,sex_f,eco_sector_ser,edu_isced11_total,2022,39.26
mkd,sex_f,eco_sector_ser,edu_isced11_total,2024,38.48
mkd,sex_f,eco_sector_ser,edu_isced11_x,2007,49.38
mkd,sex_f,eco_sector_ser,edu_isced11_x,2008,31.64
mkd,sex_f,eco_sector_ser,edu_isced11_x,2010,21.37
mkd,sex_f,eco_sector_ser,edu_isced11_x,2011,31.34
mkd,sex_f,eco_sector_ser,edu_isced11_x,2014,29.94
mkd,sex_f,eco_sector_ser,edu_isced11_x,2015,29.56
mkd,sex_f,eco_sector_ser,edu_isced11_x,2016,39.26
mkd,sex_f,eco_sector_ser,edu_isced11_x,2018,35.17
mkd,sex_f,eco_sector_ser,edu_isced11_x,2019,35.36
mkd,sex_f,eco_sector_ser,edu_isced11_x,2020,36.47
mkd,sex_f,eco_sector_ser,edu_isced11_x,2021,37.91
mkd,sex_f,eco_sector_ser,edu_isced11_x,2022,31.68
mkd,sex_f,eco_sector_ser,edu_isced11_x,2024,40
mkd,sex_f,eco_sector_total,edu_aggregate_adv,2006,40.06
mkd,sex_f,eco_sector_total,edu_aggregate_adv,2007,39.46
mkd,sex_f,eco_sector_total,edu_aggregate_adv,2008,39.45
mkd,sex_f,eco_sector_total,edu_aggregate_adv,2009,39.21
mkd,sex_f,eco_sector_total,edu_aggregate_adv,2010,39.19
mkd,sex_f,eco_sector_total,edu_aggregate_adv,2011,39.08
mkd,sex_f,eco_sector_total,edu_aggregate_adv,2012,39.37
mkd,sex_f,eco_sector_total,edu_aggregate_adv,2013,39.78
mkd,sex_f,eco_sector_total,edu_aggregate_adv,2014,39.89
mkd,sex_f,eco_sector_total,edu_aggregate_adv,2015,39.49
mkd,sex_f,eco_sector_total,edu_aggregate_adv,2016,39.71
mkd,sex_f,eco_sector_total,edu_aggregate_adv,2017,39.79
mkd,sex_f,eco_sector_total,edu_aggregate_adv,2018,39.5
mkd,sex_f,eco_sector_total,edu_aggregate_adv,2019,39.02
mkd,sex_f,eco_sector_total,edu_aggregate_adv,2020,37.82
mkd,sex_f,eco_sector_total,edu_aggregate_adv,2021,39.08
mkd,sex_f,eco_sector_total,edu_aggregate_adv,2022,39.04
mkd,sex_f,eco_sector_total,edu_aggregate_adv,2024,38.24
mkd,sex_f,eco_sector_total,edu_aggregate_bas,2006,41.82
mkd,sex_f,eco_sector_total,edu_aggregate_bas,2007,41.76
mkd,sex_f,eco_sector_total,edu_aggregate_bas,2008,39.98
mkd,sex_f,eco_sector_total,edu_aggregate_bas,2009,38.57
mkd,sex_f,eco_sector_total,edu_aggregate_bas,2010,38.29
mkd,sex_f,eco_sector_total,edu_aggregate_bas,2011,39.92
mkd,sex_f,eco_sector_total,edu_aggregate_bas,2012,39.55
mkd,sex_f,eco_sector_total,edu_aggregate_bas,2013,41.04
mkd,sex_f,eco_sector_total,edu_aggregate_bas,2014,41.9
mkd,sex_f,eco_sector_total,edu_aggregate_bas,2015,42.34
mkd,sex_f,eco_sector_total,edu_aggregate_bas,2016,39.76
mkd,sex_f,eco_sector_total,edu_aggregate_bas,2017,42.03
mkd,sex_f,eco_sector_total,edu_aggregate_bas,2018,41.78
mkd,sex_f,eco_sector_total,edu_aggregate_bas,2019,38.75
mkd,sex_f,eco_sector_total,edu_aggregate_bas,2020,37.36
mkd,sex_f,eco_sector_total,edu_aggregate_bas,2021,38.13
mkd,sex_f,eco_sector_total,edu_aggregate_bas,2022,38.38
mkd,sex_f,eco_sector_total,edu_aggregate_bas,2024,37.77
mkd,sex_f,eco_sector_total,edu_aggregate_int,2006,43.05
mkd,sex_f,eco_sector_total,edu_aggregate_int,2007,42.74
mkd,sex_f,eco_sector_total,edu_aggregate_int,2008,42.82
mkd,sex_f,eco_sector_total,edu_aggregate_int,2009,41.78
mkd,sex_f,eco_sector_total,edu_aggregate_int,2010,41.82
mkd,sex_f,eco_sector_total,edu_aggregate_int,2011,41.49
mkd,sex_f,eco_sector_total,edu_aggregate_int,2012,41.46
mkd,sex_f,eco_sector_total,edu_aggregate_int,2013,41.81
mkd,sex_f,eco_sector_total,edu_aggregate_int,2014,41.32
mkd,sex_f,eco_sector_total,edu_aggregate_int,2015,41.03
mkd,sex_f,eco_sector_total,edu_aggregate_int,2016,41.16
mkd,sex_f,eco_sector_total,edu_aggregate_int,2017,41.81
mkd,sex_f,eco_sector_total,edu_aggregate_int,2018,41.53
mkd,sex_f,eco_sector_total,edu_aggregate_int,2019,40.64
mkd,sex_f,eco_sector_total,edu_aggregate_int,2020,39.07
mkd,sex_f,eco_sector_total,edu_aggregate_int,2021,39.63
mkd,sex_f,eco_sector_total,edu_aggregate_int,2022,39.92
mkd,sex_f,eco_sector_total,edu_aggregate_int,2024,38.72
mkd,sex_f,eco_sector_total,edu_aggregate_ltb,2006,41.65
mkd,sex_f,eco_sector_total,edu_aggregate_ltb,2007,39.89
mkd,sex_f,eco_sector_total,edu_aggregate_ltb,2008,37.53
mkd,sex_f,eco_sector_total,edu_aggregate_ltb,2009,33.98
mkd,sex_f,eco_sector_total,edu_aggregate_ltb,2010,34.2
mkd,sex_f,eco_sector_total,edu_aggregate_ltb,2011,39.04
mkd,sex_f,eco_sector_total,edu_aggregate_ltb,2012,37.02
mkd,sex_f,eco_sector_total,edu_aggregate_ltb,2013,41.07
mkd,sex_f,eco_sector_total,edu_aggregate_ltb,2014,40.32
mkd,sex_f,eco_sector_total,edu_aggregate_ltb,2015,41.89
mkd,sex_f,eco_sector_total,edu_aggregate_ltb,2016,40.59
mkd,sex_f,eco_sector_total,edu_aggregate_ltb,2017,39.84
mkd,sex_f,eco_sector_total,edu_aggregate_ltb,2018,39.56
mkd,sex_f,eco_sector_total,edu_aggregate_ltb,2019,36.16
mkd,sex_f,eco_sector_total,edu_aggregate_ltb,2020,33.75
mkd,sex_f,eco_sector_total,edu_aggregate_ltb,2021,33.52
mkd,sex_f,eco_sector_total,edu_aggregate_ltb,2022,34.33
mkd,sex_f,eco_sector_total,edu_aggregate_ltb,2024,36.34
mkd,sex_f,eco_sector_total,edu_aggregate_total,2006,42.04
mkd,sex_f,eco_sector_total,edu_aggregate_total,2007,41.61
mkd,sex_f,eco_sector_total,edu_aggregate_total,2008,41.22
mkd,sex_f,eco_sector_total,edu_aggregate_total,2009,40.19
mkd,sex_f,eco_sector_total,edu_aggregate_total,2010,40.14
mkd,sex_f,eco_sector_total,edu_aggregate_total,2011,40.41
mkd,sex_f,eco_sector_total,edu_aggregate_total,2012,40.35
mkd,sex_f,eco_sector_total,edu_aggregate_total,2013,41.08
mkd,sex_f,eco_sector_total,edu_aggregate_total,2014,40.97
mkd,sex_f,eco_sector_total,edu_aggregate_total,2015,40.8
mkd,sex_f,eco_sector_total,edu_aggregate_total,2016,40.45
mkd,sex_f,eco_sector_total,edu_aggregate_total,2017,41.11
mkd,sex_f,eco_sector_total,edu_aggregate_total,2018,40.84
mkd,sex_f,eco_sector_total,edu_aggregate_total,2019,39.77
mkd,sex_f,eco_sector_total,edu_aggregate_total,2020,38.32
mkd,sex_f,eco_sector_total,edu_aggregate_total,2021,39.17
mkd,sex_f,eco_sector_total,edu_aggregate_total,2022,39.33
mkd,sex_f,eco_sector_total,edu_aggregate_total,2024,38.36
mkd,sex_f,eco_sector_total,edu_isced11_0,2006,41.92
mkd,sex_f,eco_sector_total,edu_isced11_0,2007,41
mkd,sex_f,eco_sector_total,edu_isced11_0,2008,37.4
mkd,sex_f,eco_sector_total,edu_isced11_0,2009,33.98
mkd,sex_f,eco_sector_total,edu_isced11_0,2010,34.56
mkd,sex_f,eco_sector_total,edu_isced11_0,2011,39.85
mkd,sex_f,eco_sector_total,edu_isced11_0,2012,37.07
mkd,sex_f,eco_sector_total,edu_isced11_0,2013,41.39
mkd,sex_f,eco_sector_total,edu_isced11_0,2014,40.37
mkd,sex_f,eco_sector_total,edu_isced11_0,2015,42.65
mkd,sex_f,eco_sector_total,edu_isced11_0,2016,40.76
mkd,sex_f,eco_sector_total,edu_isced11_0,2017,40.31
mkd,sex_f,eco_sector_total,edu_isced11_0,2018,40.17
mkd,sex_f,eco_sector_total,edu_isced11_0,2019,37.06
mkd,sex_f,eco_sector_total,edu_isced11_0,2020,33.16
mkd,sex_f,eco_sector_total,edu_isced11_0,2021,31.89
mkd,sex_f,eco_sector_total,edu_isced11_0,2022,33.18
mkd,sex_f,eco_sector_total,edu_isced11_0,2024,36.06
mkd,sex_f,eco_sector_total,edu_isced11_1,2006,41.76
mkd,sex_f,eco_sector_total,edu_isced11_1,2007,41.75
mkd,sex_f,eco_sector_total,edu_isced11_1,2008,40.04
mkd,sex_f,eco_sector_total,edu_isced11_1,2009,38.54
mkd,sex_f,eco_sector_total,edu_isced11_1,2010,38.17
mkd,sex_f,eco_sector_total,edu_isced11_1,2011,39.85
mkd,sex_f,eco_sector_total,edu_isced11_1,2012,39.53
mkd,sex_f,eco_sector_total,edu_isced11_1,2013,41.03
mkd,sex_f,eco_sector_total,edu_isced11_1,2014,41.88
mkd,sex_f,eco_sector_total,edu_isced11_1,2015,42.34
mkd,sex_f,eco_sector_total,edu_isced11_1,2016,39.79
mkd,sex_f,eco_sector_total,edu_isced11_1,2017,42.03
mkd,sex_f,eco_sector_total,edu_isced11_1,2018,41.8
mkd,sex_f,eco_sector_total,edu_isced11_1,2019,38.7
mkd,sex_f,eco_sector_total,edu_isced11_1,2020,37.34
mkd,sex_f,eco_sector_total,edu_isced11_1,2021,38.1
mkd,sex_f,eco_sector_total,edu_isced11_1,2022,38.3
mkd,sex_f,eco_sector_total,edu_isced11_1,2024,37.73
mkd,sex_f,eco_sector_total,edu_isced11_2,2006,45.02
mkd,sex_f,eco_sector_total,edu_isced11_2,2007,41.98
mkd,sex_f,eco_sector_total,edu_isced11_2,2008,37.48
mkd,sex_f,eco_sector_total,edu_isced11_2,2009,40.81
mkd,sex_f,eco_sector_total,edu_isced11_2,2010,45.6
mkd,sex_f,eco_sector_total,edu_isced11_2,2011,43.44
mkd,sex_f,eco_sector_total,edu_isced11_2,2012,40.31
mkd,sex_f,eco_sector_total,edu_isced11_2,2013,41.8
mkd,sex_f,eco_sector_total,edu_isced11_2,2015,42.68
mkd,sex_f,eco_sector_total,edu_isced11_2,2016,38.17
mkd,sex_f,eco_sector_total,edu_isced11_2,2018,40.44
mkd,sex_f,eco_sector_total,edu_isced11_2,2019,42.18
mkd,sex_f,eco_sector_total,edu_isced11_2,2020,39.9
mkd,sex_f,eco_sector_total,edu_isced11_2,2022,44.46
mkd,sex_f,eco_sector_total,edu_isced11_3,2006,43.05
mkd,sex_f,eco_sector_total,edu_isced11_3,2007,42.74
mkd,sex_f,eco_sector_total,edu_isced11_3,2008,42.82
mkd,sex_f,eco_sector_total,edu_isced11_3,2009,41.78
mkd,sex_f,eco_sector_total,edu_isced11_3,2010,41.82
mkd,sex_f,eco_sector_total,edu_isced11_3,2011,41.49
mkd,sex_f,eco_sector_total,edu_isced11_3,2012,41.46
mkd,sex_f,eco_sector_total,edu_isced11_3,2013,41.81
mkd,sex_f,eco_sector_total,edu_isced11_3,2014,41.32
mkd,sex_f,eco_sector_total,edu_isced11_3,2015,41.03
mkd,sex_f,eco_sector_total,edu_isced11_3,2016,41.16
mkd,sex_f,eco_sector_total,edu_isced11_3,2017,41.81
mkd,sex_f,eco_sector_total,edu_isced11_3,2018,41.53
mkd,sex_f,eco_sector_total,edu_isced11_3,2019,40.64
mkd,sex_f,eco_sector_total,edu_isced11_3,2020,39.09
mkd,sex_f,eco_sector_total,edu_isced11_3,2021,39.64
mkd,sex_f,eco_sector_total,edu_isced11_3,2022,39.93
mkd,sex_f,eco_sector_total,edu_isced11_3,2024,38.6
mkd,sex_f,eco_sector_total,edu_isced11_4,2024,39.16
mkd,sex_f,eco_sector_total,edu_isced11_5,2006,39.8
mkd,sex_f,eco_sector_total,edu_isced11_5,2007,39.9
mkd,sex_f,eco_sector_total,edu_isced11_5,2008,38.77
mkd,sex_f,eco_sector_total,edu_isced11_5,2009,39.2
mkd,sex_f,eco_sector_total,edu_isced11_5,2010,39.38
mkd,sex_f,eco_sector_total,edu_isced11_5,2011,39.96
mkd,sex_f,eco_sector_total,edu_isced11_5,2012,39.78
mkd,sex_f,eco_sector_total,edu_isced11_5,2013,39.95
mkd,sex_f,eco_sector_total,edu_isced11_5,2014,40.16
mkd,sex_f,eco_sector_total,edu_isced11_5,2015,39.96
mkd,sex_f,eco_sector_total,edu_isced11_5,2016,41.11
mkd,sex_f,eco_sector_total,edu_isced11_5,2017,40.79
mkd,sex_f,eco_sector_total,edu_isced11_5,2018,40.16
mkd,sex_f,eco_sector_total,edu_isced11_5,2019,40.12
mkd,sex_f,eco_sector_total,edu_isced11_5,2020,37.6
mkd,sex_f,eco_sector_total,edu_isced11_5,2021,40.09
mkd,sex_f,eco_sector_total,edu_isced11_5,2022,39.63
mkd,sex_f,eco_sector_total,edu_isced11_5,2024,38.29
mkd,sex_f,eco_sector_total,edu_isced11_6,2006,40.17
mkd,sex_f,eco_sector_total,edu_isced11_6,2007,39.33
mkd,sex_f,eco_sector_total,edu_isced11_6,2008,39.63
mkd,sex_f,eco_sector_total,edu_isced11_6,2009,39.31
mkd,sex_f,eco_sector_total,edu_isced11_6,2010,39.16
mkd,sex_f,eco_sector_total,edu_isced11_6,2011,38.91
mkd,sex_f,eco_sector_total,edu_isced11_6,2012,39.47
mkd,sex_f,eco_sector_total,edu_isced11_6,2013,39.81
mkd,sex_f,eco_sector_total,edu_isced11_6,2014,39.93
mkd,sex_f,eco_sector_total,edu_isced11_6,2015,39.52
mkd,sex_f,eco_sector_total,edu_isced11_6,2016,39.59
mkd,sex_f,eco_sector_total,edu_isced11_6,2017,39.82
mkd,sex_f,eco_sector_total,edu_isced11_6,2018,39.49
mkd,sex_f,eco_sector_total,edu_isced11_6,2019,38.92
mkd,sex_f,eco_sector_total,edu_isced11_6,2020,37.79
mkd,sex_f,eco_sector_total,edu_isced11_6,2021,38.98
mkd,sex_f,eco_sector_total,edu_isced11_6,2022,38.92
mkd,sex_f,eco_sector_total,edu_isced11_6,2024,38.38
mkd,sex_f,eco_sector_total,edu_isced11_7,2006,39.42
mkd,sex_f,eco_sector_total,edu_isced11_7,2007,40.07
mkd,sex_f,eco_sector_total,edu_isced11_7,2008,38.73
mkd,sex_f,eco_sector_total,edu_isced11_7,2009,38.1
mkd,sex_f,eco_sector_total,edu_isced11_7,2010,38.96
mkd,sex_f,eco_sector_total,edu_isced11_7,2011,38.94
mkd,sex_f,eco_sector_total,edu_isced11_7,2012,37.86
mkd,sex_f,eco_sector_total,edu_isced11_7,2013,39.87
mkd,sex_f,eco_sector_total,edu_isced11_7,2014,38.91
mkd,sex_f,eco_sector_total,edu_isced11_7,2015,38.91
mkd,sex_f,eco_sector_total,edu_isced11_7,2016,39.42
mkd,sex_f,eco_sector_total,edu_isced11_7,2017,39.21
mkd,sex_f,eco_sector_total,edu_isced11_7,2018,39.18
mkd,sex_f,eco_sector_total,edu_isced11_7,2019,38.92
mkd,sex_f,eco_sector_total,edu_isced11_7,2020,38.17
mkd,sex_f,eco_sector_total,edu_isced11_7,2021,39.25
mkd,sex_f,eco_sector_total,edu_isced11_7,2022,39.57
mkd,sex_f,eco_sector_total,edu_isced11_7,2024,37.57
mkd,sex_f,eco_sector_total,edu_isced11_8,2006,39.08
mkd,sex_f,eco_sector_total,edu_isced11_8,2007,39.11
mkd,sex_f,eco_sector_total,edu_isced11_8,2008,40.82
mkd,sex_f,eco_sector_total,edu_isced11_8,2009,36.64
mkd,sex_f,eco_sector_total,edu_isced11_8,2010,39.13
mkd,sex_f,eco_sector_total,edu_isced11_8,2011,40.47
mkd,sex_f,eco_sector_total,edu_isced11_8,2012,32.07
mkd,sex_f,eco_sector_total,edu_isced11_8,2013,35.39
mkd,sex_f,eco_sector_total,edu_isced11_8,2014,39.9
mkd,sex_f,eco_sector_total,edu_isced11_8,2015,38.19
mkd,sex_f,eco_sector_total,edu_isced11_8,2016,39.79
mkd,sex_f,eco_sector_total,edu_isced11_8,2017,36.63
mkd,sex_f,eco_sector_total,edu_isced11_8,2018,37.82
mkd,sex_f,eco_sector_total,edu_isced11_8,2019,39.84
mkd,sex_f,eco_sector_total,edu_isced11_8,2020,38.22
mkd,sex_f,eco_sector_total,edu_isced11_8,2021,38.49
mkd,sex_f,eco_sector_total,edu_isced11_8,2022,39.6
mkd,sex_f,eco_sector_total,edu_isced11_8,2024,37.19
mkd,sex_f,eco_sector_total,edu_isced11_total,2006,42.04
mkd,sex_f,eco_sector_total,edu_isced11_total,2007,41.61
mkd,sex_f,eco_sector_total,edu_isced11_total,2008,41.22
mkd,sex_f,eco_sector_total,edu_isced11_total,2009,40.19
mkd,sex_f,eco_sector_total,edu_isced11_total,2010,40.14
mkd,sex_f,eco_sector_total,edu_isced11_total,2011,40.41
mkd,sex_f,eco_sector_total,edu_isced11_total,2012,40.35
mkd,sex_f,eco_sector_total,edu_isced11_total,2013,41.08
mkd,sex_f,eco_sector_total,edu_isced11_total,2014,40.97
mkd,sex_f,eco_sector_total,edu_isced11_total,2015,40.8
mkd,sex_f,eco_sector_total,edu_isced11_total,2016,40.45
mkd,sex_f,eco_sector_total,edu_isced11_total,2017,41.11
mkd,sex_f,eco_sector_total,edu_isced11_total,2018,40.84
mkd,sex_f,eco_sector_total,edu_isced11_total,2019,39.77
mkd,sex_f,eco_sector_total,edu_isced11_total,2020,38.32
mkd,sex_f,eco_sector_total,edu_isced11_total,2021,39.17
mkd,sex_f,eco_sector_total,edu_isced11_total,2022,39.33
mkd,sex_f,eco_sector_total,edu_isced11_total,2024,38.36
mkd,sex_f,eco_sector_total,edu_isced11_x,2006,38.74
mkd,sex_f,eco_sector_total,edu_isced11_x,2007,36.19
mkd,sex_f,eco_sector_total,edu_isced11_x,2008,38.21
mkd,sex_f,eco_sector_total,edu_isced11_x,2009,34
mkd,sex_f,eco_sector_total,edu_isced11_x,2010,31.88
mkd,sex_f,eco_sector_total,edu_isced11_x,2011,33.54
mkd,sex_f,eco_sector_total,edu_isced11_x,2012,36.68
mkd,sex_f,eco_sector_total,edu_isced11_x,2013,38.67
mkd,sex_f,eco_sector_total,edu_isced11_x,2014,40.08
mkd,sex_f,eco_sector_total,edu_isced11_x,2015,37.98
mkd,sex_f,eco_sector_total,edu_isced11_x,2016,39.73
mkd,sex_f,eco_sector_total,edu_isced11_x,2017,37.51
mkd,sex_f,eco_sector_total,edu_isced11_x,2018,35.9
mkd,sex_f,eco_sector_total,edu_isced11_x,2019,33.33
mkd,sex_f,eco_sector_total,edu_isced11_x,2020,35.34
mkd,sex_f,eco_sector_total,edu_isced11_x,2021,38.5
mkd,sex_f,eco_sector_total,edu_isced11_x,2022,36.22
mkd,sex_f,eco_sector_total,edu_isced11_x,2024,37.1
mkd,sex_m,eco_aggregate_agr,edu_aggregate_adv,2006,40.84
mkd,sex_m,eco_aggregate_agr,edu_aggregate_adv,2007,39.79
mkd,sex_m,eco_aggregate_agr,edu_aggregate_adv,2008,40.33
mkd,sex_m,eco_aggregate_agr,edu_aggregate_adv,2009,41.3
mkd,sex_m,eco_aggregate_agr,edu_aggregate_adv,2010,40.67
mkd,sex_m,eco_aggregate_agr,edu_aggregate_adv,2011,38.21
mkd,sex_m,eco_aggregate_agr,edu_aggregate_adv,2012,38.12
mkd,sex_m,eco_aggregate_agr,edu_aggregate_adv,2013,43.4
mkd,sex_m,eco_aggregate_agr,edu_aggregate_adv,2014,41.95
mkd,sex_m,eco_aggregate_agr,edu_aggregate_adv,2015,44.14
mkd,sex_m,eco_aggregate_agr,edu_aggregate_adv,2016,41.17
mkd,sex_m,eco_aggregate_agr,edu_aggregate_adv,2017,40.63
mkd,sex_m,eco_aggregate_agr,edu_aggregate_adv,2018,39.48
mkd,sex_m,eco_aggregate_agr,edu_aggregate_adv,2019,36.03
mkd,sex_m,eco_aggregate_agr,edu_aggregate_adv,2020,38.03
mkd,sex_m,eco_aggregate_agr,edu_aggregate_adv,2021,37.68
mkd,sex_m,eco_aggregate_agr,edu_aggregate_adv,2022,39.16
mkd,sex_m,eco_aggregate_agr,edu_aggregate_adv,2024,38.16
mkd,sex_m,eco_aggregate_agr,edu_aggregate_bas,2006,43.09
mkd,sex_m,eco_aggregate_agr,edu_aggregate_bas,2007,41.47
mkd,sex_m,eco_aggregate_agr,edu_aggregate_bas,2008,41.31
mkd,sex_m,eco_aggregate_agr,edu_aggregate_bas,2009,38.38
mkd,sex_m,eco_aggregate_agr,edu_aggregate_bas,2010,37.45
mkd,sex_m,eco_aggregate_agr,edu_aggregate_bas,2011,38.94
mkd,sex_m,eco_aggregate_agr,edu_aggregate_bas,2012,41.9
mkd,sex_m,eco_aggregate_agr,edu_aggregate_bas,2013,42.6
mkd,sex_m,eco_aggregate_agr,edu_aggregate_bas,2014,43.49
mkd,sex_m,eco_aggregate_agr,edu_aggregate_bas,2015,44.25
mkd,sex_m,eco_aggregate_agr,edu_aggregate_bas,2016,41.51
mkd,sex_m,eco_aggregate_agr,edu_aggregate_bas,2017,44.08
mkd,sex_m,eco_aggregate_agr,edu_aggregate_bas,2018,44
mkd,sex_m,eco_aggregate_agr,edu_aggregate_bas,2019,40.75
mkd,sex_m,eco_aggregate_agr,edu_aggregate_bas,2020,37.88
mkd,sex_m,eco_aggregate_agr,edu_aggregate_bas,2021,41.01
mkd,sex_m,eco_aggregate_agr,edu_aggregate_bas,2022,38.54
mkd,sex_m,eco_aggregate_agr,edu_aggregate_bas,2024,42.56
mkd,sex_m,eco_aggregate_agr,edu_aggregate_int,2006,43.89
mkd,sex_m,eco_aggregate_agr,edu_aggregate_int,2007,40.48
mkd,sex_m,eco_aggregate_agr,edu_aggregate_int,2008,42.03
mkd,sex_m,eco_aggregate_agr,edu_aggregate_int,2009,40.85
mkd,sex_m,eco_aggregate_agr,edu_aggregate_int,2010,39.81
mkd,sex_m,eco_aggregate_agr,edu_aggregate_int,2011,39.24
mkd,sex_m,eco_aggregate_agr,edu_aggregate_int,2012,40.01
mkd,sex_m,eco_aggregate_agr,edu_aggregate_int,2013,43.7
mkd,sex_m,eco_aggregate_agr,edu_aggregate_int,2014,45.48
mkd,sex_m,eco_aggregate_agr,edu_aggregate_int,2015,44.16
mkd,sex_m,eco_aggregate_agr,edu_aggregate_int,2016,43.12
mkd,sex_m,eco_aggregate_agr,edu_aggregate_int,2017,44.14
mkd,sex_m,eco_aggregate_agr,edu_aggregate_int,2018,43.79
mkd,sex_m,eco_aggregate_agr,edu_aggregate_int,2019,41.85
mkd,sex_m,eco_aggregate_agr,edu_aggregate_int,2020,37.8
mkd,sex_m,eco_aggregate_agr,edu_aggregate_int,2021,38.62
mkd,sex_m,eco_aggregate_agr,edu_aggregate_int,2022,39.42
mkd,sex_m,eco_aggregate_agr,edu_aggregate_int,2024,38.96
mkd,sex_m,eco_aggregate_agr,edu_aggregate_ltb,2006,44.78
mkd,sex_m,eco_aggregate_agr,edu_aggregate_ltb,2007,43.29
mkd,sex_m,eco_aggregate_agr,edu_aggregate_ltb,2008,42.15
mkd,sex_m,eco_aggregate_agr,edu_aggregate_ltb,2009,37.86
mkd,sex_m,eco_aggregate_agr,edu_aggregate_ltb,2010,37.23
mkd,sex_m,eco_aggregate_agr,edu_aggregate_ltb,2011,39.11
mkd,sex_m,eco_aggregate_agr,edu_aggregate_ltb,2012,39.12
mkd,sex_m,eco_aggregate_agr,edu_aggregate_ltb,2013,44.85
mkd,sex_m,eco_aggregate_agr,edu_aggregate_ltb,2014,44.27
mkd,sex_m,eco_aggregate_agr,edu_aggregate_ltb,2015,44.4
mkd,sex_m,eco_aggregate_agr,edu_aggregate_ltb,2016,41.75
mkd,sex_m,eco_aggregate_agr,edu_aggregate_ltb,2017,43.1
mkd,sex_m,eco_aggregate_agr,edu_aggregate_ltb,2018,44.57
mkd,sex_m,eco_aggregate_agr,edu_aggregate_ltb,2019,39.52
mkd,sex_m,eco_aggregate_agr,edu_aggregate_ltb,2020,35.83
mkd,sex_m,eco_aggregate_agr,edu_aggregate_ltb,2021,35.56
mkd,sex_m,eco_aggregate_agr,edu_aggregate_ltb,2022,39.39
mkd,sex_m,eco_aggregate_agr,edu_aggregate_ltb,2024,36.05
mkd,sex_m,eco_aggregate_agr,edu_aggregate_total,2006,43.53
mkd,sex_m,eco_aggregate_agr,edu_aggregate_total,2007,41.37
mkd,sex_m,eco_aggregate_agr,edu_aggregate_total,2008,41.62
mkd,sex_m,eco_aggregate_agr,edu_aggregate_total,2009,39.19
mkd,sex_m,eco_aggregate_agr,edu_aggregate_total,2010,38.32
mkd,sex_m,eco_aggregate_agr,edu_aggregate_total,2011,39.03
mkd,sex_m,eco_aggregate_agr,edu_aggregate_total,2012,40.77
mkd,sex_m,eco_aggregate_agr,edu_aggregate_total,2013,43.25
mkd,sex_m,eco_aggregate_agr,edu_aggregate_total,2014,44.22
mkd,sex_m,eco_aggregate_agr,edu_aggregate_total,2015,44.22
mkd,sex_m,eco_aggregate_agr,edu_aggregate_total,2016,42.2
mkd,sex_m,eco_aggregate_agr,edu_aggregate_total,2017,43.85
mkd,sex_m,eco_aggregate_agr,edu_aggregate_total,2018,43.67
mkd,sex_m,eco_aggregate_agr,edu_aggregate_total,2019,40.9
mkd,sex_m,eco_aggregate_agr,edu_aggregate_total,2020,37.71
mkd,sex_m,eco_aggregate_agr,edu_aggregate_total,2021,39.33
mkd,sex_m,eco_aggregate_agr,edu_aggregate_total,2022,39.06
mkd,sex_m,eco_aggregate_agr,edu_aggregate_total,2024,39.57
mkd,sex_m,eco_aggregate_agr,edu_isced11_0,2006,45.49
mkd,sex_m,eco_aggregate_agr,edu_isced11_0,2007,44.77
mkd,sex_m,eco_aggregate_agr,edu_isced11_0,2008,42.5
mkd,sex_m,eco_aggregate_agr,edu_isced11_0,2009,37.66
mkd,sex_m,eco_aggregate_agr,edu_isced11_0,2010,36.51
mkd,sex_m,eco_aggregate_agr,edu_isced11_0,2011,39.13
mkd,sex_m,eco_aggregate_agr,edu_isced11_0,2012,38.78
mkd,sex_m,eco_aggregate_agr,edu_isced11_0,2013,44.77
mkd,sex_m,eco_aggregate_agr,edu_isced11_0,2014,43.14
mkd,sex_m,eco_aggregate_agr,edu_isced11_0,2015,44.52
mkd,sex_m,eco_aggregate_agr,edu_isced11_0,2016,41.98
mkd,sex_m,eco_aggregate_agr,edu_isced11_0,2017,43.31
mkd,sex_m,eco_aggregate_agr,edu_isced11_0,2018,44.32
mkd,sex_m,eco_aggregate_agr,edu_isced11_0,2019,38.67
mkd,sex_m,eco_aggregate_agr,edu_isced11_0,2020,35.67
mkd,sex_m,eco_aggregate_agr,edu_isced11_0,2021,36.88
mkd,sex_m,eco_aggregate_agr,edu_isced11_0,2022,39.11
mkd,sex_m,eco_aggregate_agr,edu_isced11_0,2024,36.18
mkd,sex_m,eco_aggregate_agr,edu_isced11_1,2006,43.03
mkd,sex_m,eco_aggregate_agr,edu_isced11_1,2007,41.66
mkd,sex_m,eco_aggregate_agr,edu_isced11_1,2008,41.31
mkd,sex_m,eco_aggregate_agr,edu_isced11_1,2009,38.25
mkd,sex_m,eco_aggregate_agr,edu_isced11_1,2010,37.41
mkd,sex_m,eco_aggregate_agr,edu_isced11_1,2011,39.18
mkd,sex_m,eco_aggregate_agr,edu_isced11_1,2012,41.86
mkd,sex_m,eco_aggregate_agr,edu_isced11_1,2013,42.58
mkd,sex_m,eco_aggregate_agr,edu_isced11_1,2014,43.51
mkd,sex_m,eco_aggregate_agr,edu_isced11_1,2015,44.22
mkd,sex_m,eco_aggregate_agr,edu_isced11_1,2016,41.44
mkd,sex_m,eco_aggregate_agr,edu_isced11_1,2017,44.05
mkd,sex_m,eco_aggregate_agr,edu_isced11_1,2018,43.95
mkd,sex_m,eco_aggregate_agr,edu_isced11_1,2019,40.75
mkd,sex_m,eco_aggregate_agr,edu_isced11_1,2020,37.93
mkd,sex_m,eco_aggregate_agr,edu_isced11_1,2021,41.01
mkd,sex_m,eco_aggregate_agr,edu_isced11_1,2022,38.57
mkd,sex_m,eco_aggregate_agr,edu_isced11_1,2024,42.56
mkd,sex_m,eco_aggregate_agr,edu_isced11_2,2006,46.28
mkd,sex_m,eco_aggregate_agr,edu_isced11_2,2007,33.08
mkd,sex_m,eco_aggregate_agr,edu_isced11_2,2008,41.15
mkd,sex_m,eco_aggregate_agr,edu_isced11_2,2009,44.01
mkd,sex_m,eco_aggregate_agr,edu_isced11_2,2010,40.49
mkd,sex_m,eco_aggregate_agr,edu_isced11_2,2011,27.93
mkd,sex_m,eco_aggregate_agr,edu_isced11_2,2012,44.73
mkd,sex_m,eco_aggregate_agr,edu_isced11_2,2014,39.9
mkd,sex_m,eco_aggregate_agr,edu_isced11_2,2015,48.28
mkd,sex_m,eco_aggregate_agr,edu_isced11_2,2016,47.37
mkd,sex_m,eco_aggregate_agr,edu_isced11_2,2017,46.51
mkd,sex_m,eco_aggregate_agr,edu_isced11_2,2018,48.72
mkd,sex_m,eco_aggregate_agr,edu_isced11_2,2020,30.04
mkd,sex_m,eco_aggregate_agr,edu_isced11_3,2006,43.89
mkd,sex_m,eco_aggregate_agr,edu_isced11_3,2007,40.48
mkd,sex_m,eco_aggregate_agr,edu_isced11_3,2008,42.03
mkd,sex_m,eco_aggregate_agr,edu_isced11_3,2009,40.85
mkd,sex_m,eco_aggregate_agr,edu_isced11_3,2010,39.81
mkd,sex_m,eco_aggregate_agr,edu_isced11_3,2011,39.24
mkd,sex_m,eco_aggregate_agr,edu_isced11_3,2012,40.01
mkd,sex_m,eco_aggregate_agr,edu_isced11_3,2013,43.7
mkd,sex_m,eco_aggregate_agr,edu_isced11_3,2014,45.48
mkd,sex_m,eco_aggregate_agr,edu_isced11_3,2015,44.16
mkd,sex_m,eco_aggregate_agr,edu_isced11_3,2016,43.12
mkd,sex_m,eco_aggregate_agr,edu_isced11_3,2017,44.14
mkd,sex_m,eco_aggregate_agr,edu_isced11_3,2018,43.79
mkd,sex_m,eco_aggregate_agr,edu_isced11_3,2019,41.85
mkd,sex_m,eco_aggregate_agr,edu_isced11_3,2020,37.8
mkd,sex_m,eco_aggregate_agr,edu_isced11_3,2021,38.67
mkd,sex_m,eco_aggregate_agr,edu_isced11_3,2022,39.42
mkd,sex_m,eco_aggregate_agr,edu_isced11_3,2024,39.01
mkd,sex_m,eco_aggregate_agr,edu_isced11_4,2024,38.64
mkd,sex_m,eco_aggregate_agr,edu_isced11_5,2006,38.02
mkd,sex_m,eco_aggregate_agr,edu_isced11_5,2007,40.65
mkd,sex_m,eco_aggregate_agr,edu_isced11_5,2008,41.67
mkd,sex_m,eco_aggregate_agr,edu_isced11_5,2009,44.19
mkd,sex_m,eco_aggregate_agr,edu_isced11_5,2010,36.89
mkd,sex_m,eco_aggregate_agr,edu_isced11_5,2011,38.15
mkd,sex_m,eco_aggregate_agr,edu_isced11_5,2012,40.68
mkd,sex_m,eco_aggregate_agr,edu_isced11_5,2013,43.89
mkd,sex_m,eco_aggregate_agr,edu_isced11_5,2014,37.36
mkd,sex_m,eco_aggregate_agr,edu_isced11_5,2015,43.45
mkd,sex_m,eco_aggregate_agr,edu_isced11_5,2016,45.27
mkd,sex_m,eco_aggregate_agr,edu_isced11_5,2017,43.15
mkd,sex_m,eco_aggregate_agr,edu_isced11_5,2018,40.98
mkd,sex_m,eco_aggregate_agr,edu_isced11_5,2019,39.79
mkd,sex_m,eco_aggregate_agr,edu_isced11_5,2020,42.15
mkd,sex_m,eco_aggregate_agr,edu_isced11_5,2021,38.35
mkd,sex_m,eco_aggregate_agr,edu_isced11_5,2022,39.05
mkd,sex_m,eco_aggregate_agr,edu_isced11_5,2024,36.47
mkd,sex_m,eco_aggregate_agr,edu_isced11_6,2006,41.68
mkd,sex_m,eco_aggregate_agr,edu_isced11_6,2007,39.1
mkd,sex_m,eco_aggregate_agr,edu_isced11_6,2008,39.77
mkd,sex_m,eco_aggregate_agr,edu_isced11_6,2009,39.69
mkd,sex_m,eco_aggregate_agr,edu_isced11_6,2010,42.82
mkd,sex_m,eco_aggregate_agr,edu_isced11_6,2011,38.23
mkd,sex_m,eco_aggregate_agr,edu_isced11_6,2012,38.01
mkd,sex_m,eco_aggregate_agr,edu_isced11_6,2013,42.98
mkd,sex_m,eco_aggregate_agr,edu_isced11_6,2014,44.09
mkd,sex_m,eco_aggregate_agr,edu_isced11_6,2015,44.2
mkd,sex_m,eco_aggregate_agr,edu_isced11_6,2016,39.94
mkd,sex_m,eco_aggregate_agr,edu_isced11_6,2017,39.98
mkd,sex_m,eco_aggregate_agr,edu_isced11_6,2018,39.12
mkd,sex_m,eco_aggregate_agr,edu_isced11_6,2019,35.04
mkd,sex_m,eco_aggregate_agr,edu_isced11_6,2020,37.12
mkd,sex_m,eco_aggregate_agr,edu_isced11_6,2021,37.43
mkd,sex_m,eco_aggregate_agr,edu_isced11_6,2022,39.2
mkd,sex_m,eco_aggregate_agr,edu_isced11_6,2024,38.79
mkd,sex_m,eco_aggregate_agr,edu_isced11_total,2006,43.53
mkd,sex_m,eco_aggregate_agr,edu_isced11_total,2007,41.37
mkd,sex_m,eco_aggregate_agr,edu_isced11_total,2008,41.62
mkd,sex_m,eco_aggregate_agr,edu_isced11_total,2009,39.19
mkd,sex_m,eco_aggregate_agr,edu_isced11_total,2010,38.32
mkd,sex_m,eco_aggregate_agr,edu_isced11_total,2011,39.03
mkd,sex_m,eco_aggregate_agr,edu_isced11_total,2012,40.77
mkd,sex_m,eco_aggregate_agr,edu_isced11_total,2013,43.25
mkd,sex_m,eco_aggregate_agr,edu_isced11_total,2014,44.22
mkd,sex_m,eco_aggregate_agr,edu_isced11_total,2015,44.22
mkd,sex_m,eco_aggregate_agr,edu_isced11_total,2016,42.2
mkd,sex_m,eco_aggregate_agr,edu_isced11_total,2017,43.85
mkd,sex_m,eco_aggregate_agr,edu_isced11_total,2018,43.67
mkd,sex_m,eco_aggregate_agr,edu_isced11_total,2019,40.9
mkd,sex_m,eco_aggregate_agr,edu_isced11_total,2020,37.71
mkd,sex_m,eco_aggregate_agr,edu_isced11_total,2021,39.33
mkd,sex_m,eco_aggregate_agr,edu_isced11_total,2022,39.06
mkd,sex_m,eco_aggregate_agr,edu_isced11_total,2024,39.57
mkd,sex_m,eco_aggregate_agr,edu_isced11_x,2006,39.46
mkd,sex_m,eco_aggregate_agr,edu_isced11_x,2007,38.62
mkd,sex_m,eco_aggregate_agr,edu_isced11_x,2008,38.42
mkd,sex_m,eco_aggregate_agr,edu_isced11_x,2009,40.16
mkd,sex_m,eco_aggregate_agr,edu_isced11_x,2010,42.55
mkd,sex_m,eco_aggregate_agr,edu_isced11_x,2011,38.81
mkd,sex_m,eco_aggregate_agr,edu_isced11_x,2012,41.25
mkd,sex_m,eco_aggregate_agr,edu_isced11_x,2013,45.21
mkd,sex_m,eco_aggregate_agr,edu_isced11_x,2014,58.64
mkd,sex_m,eco_aggregate_agr,edu_isced11_x,2015,42.3
mkd,sex_m,eco_aggregate_agr,edu_isced11_x,2016,40.52
mkd,sex_m,eco_aggregate_agr,edu_isced11_x,2017,41.52
mkd,sex_m,eco_aggregate_agr,edu_isced11_x,2018,46.72
mkd,sex_m,eco_aggregate_agr,edu_isced11_x,2019,44.13
mkd,sex_m,eco_aggregate_agr,edu_isced11_x,2020,36.29
mkd,sex_m,eco_aggregate_agr,edu_isced11_x,2021,29.98
mkd,sex_m,eco_aggregate_agr,edu_isced11_x,2022,40.73
mkd,sex_m,eco_aggregate_agr,edu_isced11_x,2024,35.68
mkd,sex_m,eco_aggregate_con,edu_aggregate_adv,2006,44.55
mkd,sex_m,eco_aggregate_con,edu_aggregate_adv,2007,43.86
mkd,sex_m,eco_aggregate_con,edu_aggregate_adv,2008,42.15
mkd,sex_m,eco_aggregate_con,edu_aggregate_adv,2009,44.71
mkd,sex_m,eco_aggregate_con,edu_aggregate_adv,2010,44.09
mkd,sex_m,eco_aggregate_con,edu_aggregate_adv,2011,39.33
mkd,sex_m,eco_aggregate_con,edu_aggregate_adv,2012,41.45
mkd,sex_m,eco_aggregate_con,edu_aggregate_adv,2013,41.97
mkd,sex_m,eco_aggregate_con,edu_aggregate_adv,2014,41.91
mkd,sex_m,eco_aggregate_con,edu_aggregate_adv,2015,42.38
mkd,sex_m,eco_aggregate_con,edu_aggregate_adv,2016,40.94
mkd,sex_m,eco_aggregate_con,edu_aggregate_adv,2017,40.76
mkd,sex_m,eco_aggregate_con,edu_aggregate_adv,2018,40.85
mkd,sex_m,eco_aggregate_con,edu_aggregate_adv,2019,40.35
mkd,sex_m,eco_aggregate_con,edu_aggregate_adv,2020,38.81
mkd,sex_m,eco_aggregate_con,edu_aggregate_adv,2021,39.47
mkd,sex_m,eco_aggregate_con,edu_aggregate_adv,2022,39.44
mkd,sex_m,eco_aggregate_con,edu_aggregate_adv,2024,37.99
mkd,sex_m,eco_aggregate_con,edu_aggregate_bas,2006,47.89
mkd,sex_m,eco_aggregate_con,edu_aggregate_bas,2007,47.77
mkd,sex_m,eco_aggregate_con,edu_aggregate_bas,2008,48.88
mkd,sex_m,eco_aggregate_con,edu_aggregate_bas,2009,49.36
mkd,sex_m,eco_aggregate_con,edu_aggregate_bas,2010,47.19
mkd,sex_m,eco_aggregate_con,edu_aggregate_bas,2011,46.87
mkd,sex_m,eco_aggregate_con,edu_aggregate_bas,2012,45.55
mkd,sex_m,eco_aggregate_con,edu_aggregate_bas,2013,43.89
mkd,sex_m,eco_aggregate_con,edu_aggregate_bas,2014,44.01
mkd,sex_m,eco_aggregate_con,edu_aggregate_bas,2015,43.79
mkd,sex_m,eco_aggregate_con,edu_aggregate_bas,2016,44.76
mkd,sex_m,eco_aggregate_con,edu_aggregate_bas,2017,44.44
mkd,sex_m,eco_aggregate_con,edu_aggregate_bas,2018,42.64
mkd,sex_m,eco_aggregate_con,edu_aggregate_bas,2019,42.8
mkd,sex_m,eco_aggregate_con,edu_aggregate_bas,2020,40.35
mkd,sex_m,eco_aggregate_con,edu_aggregate_bas,2021,41.92
mkd,sex_m,eco_aggregate_con,edu_aggregate_bas,2022,41.88
mkd,sex_m,eco_aggregate_con,edu_aggregate_bas,2024,41.2
mkd,sex_m,eco_aggregate_con,edu_aggregate_int,2006,45.62
mkd,sex_m,eco_aggregate_con,edu_aggregate_int,2007,46.34
mkd,sex_m,eco_aggregate_con,edu_aggregate_int,2008,46.67
mkd,sex_m,eco_aggregate_con,edu_aggregate_int,2009,44.75
mkd,sex_m,eco_aggregate_con,edu_aggregate_int,2010,45.79
mkd,sex_m,eco_aggregate_con,edu_aggregate_int,2011,44.12
mkd,sex_m,eco_aggregate_con,edu_aggregate_int,2012,42.8
mkd,sex_m,eco_aggregate_con,edu_aggregate_int,2013,43.41
mkd,sex_m,eco_aggregate_con,edu_aggregate_int,2014,42.03
mkd,sex_m,eco_aggregate_con,edu_aggregate_int,2015,42.12
mkd,sex_m,eco_aggregate_con,edu_aggregate_int,2016,43.19
mkd,sex_m,eco_aggregate_con,edu_aggregate_int,2017,43.06
mkd,sex_m,eco_aggregate_con,edu_aggregate_int,2018,42.43
mkd,sex_m,eco_aggregate_con,edu_aggregate_int,2019,41.34
mkd,sex_m,eco_aggregate_con,edu_aggregate_int,2020,39.45
mkd,sex_m,eco_aggregate_con,edu_aggregate_int,2021,41.11
mkd,sex_m,eco_aggregate_con,edu_aggregate_int,2022,39.97
mkd,sex_m,eco_aggregate_con,edu_aggregate_int,2024,40.37
mkd,sex_m,eco_aggregate_con,edu_aggregate_ltb,2006,39.68
mkd,sex_m,eco_aggregate_con,edu_aggregate_ltb,2007,45.35
mkd,sex_m,eco_aggregate_con,edu_aggregate_ltb,2008,48.04
mkd,sex_m,eco_aggregate_con,edu_aggregate_ltb,2009,45.89
mkd,sex_m,eco_aggregate_con,edu_aggregate_ltb,2010,46.59
mkd,sex_m,eco_aggregate_con,edu_aggregate_ltb,2011,39.68
mkd,sex_m,eco_aggregate_con,edu_aggregate_ltb,2012,41.55
mkd,sex_m,eco_aggregate_con,edu_aggregate_ltb,2013,41.25
mkd,sex_m,eco_aggregate_con,edu_aggregate_ltb,2014,43.23
mkd,sex_m,eco_aggregate_con,edu_aggregate_ltb,2015,39.16
mkd,sex_m,eco_aggregate_con,edu_aggregate_ltb,2016,42.82
mkd,sex_m,eco_aggregate_con,edu_aggregate_ltb,2017,39.98
mkd,sex_m,eco_aggregate_con,edu_aggregate_ltb,2018,39.38
mkd,sex_m,eco_aggregate_con,edu_aggregate_ltb,2019,35.66
mkd,sex_m,eco_aggregate_con,edu_aggregate_ltb,2020,40.92
mkd,sex_m,eco_aggregate_con,edu_aggregate_ltb,2021,35.88
mkd,sex_m,eco_aggregate_con,edu_aggregate_ltb,2022,41.33
mkd,sex_m,eco_aggregate_con,edu_aggregate_total,2006,46.43
mkd,sex_m,eco_aggregate_con,edu_aggregate_total,2007,46.76
mkd,sex_m,eco_aggregate_con,edu_aggregate_total,2008,47.45
mkd,sex_m,eco_aggregate_con,edu_aggregate_total,2009,46.98
mkd,sex_m,eco_aggregate_con,edu_aggregate_total,2010,46.22
mkd,sex_m,eco_aggregate_con,edu_aggregate_total,2011,44.63
mkd,sex_m,eco_aggregate_con,edu_aggregate_total,2012,43.64
mkd,sex_m,eco_aggregate_con,edu_aggregate_total,2013,43.49
mkd,sex_m,eco_aggregate_con,edu_aggregate_total,2014,42.76
mkd,sex_m,eco_aggregate_con,edu_aggregate_total,2015,42.75
mkd,sex_m,eco_aggregate_con,edu_aggregate_total,2016,43.45
mkd,sex_m,eco_aggregate_con,edu_aggregate_total,2017,43.21
mkd,sex_m,eco_aggregate_con,edu_aggregate_total,2018,42.33
mkd,sex_m,eco_aggregate_con,edu_aggregate_total,2019,41.66
mkd,sex_m,eco_aggregate_con,edu_aggregate_total,2020,39.71
mkd,sex_m,eco_aggregate_con,edu_aggregate_total,2021,41.12
mkd,sex_m,eco_aggregate_con,edu_aggregate_total,2022,40.48
mkd,sex_m,eco_aggregate_con,edu_aggregate_total,2024,40.39
mkd,sex_m,eco_aggregate_con,edu_isced11_0,2006,42.49
mkd,sex_m,eco_aggregate_con,edu_isced11_0,2007,46.21
mkd,sex_m,eco_aggregate_con,edu_isced11_0,2008,46.42
mkd,sex_m,eco_aggregate_con,edu_isced11_0,2009,46.15
mkd,sex_m,eco_aggregate_con,edu_isced11_0,2010,46.59
mkd,sex_m,eco_aggregate_con,edu_isced11_0,2011,41.07
mkd,sex_m,eco_aggregate_con,edu_isced11_0,2012,43.5
mkd,sex_m,eco_aggregate_con,edu_isced11_0,2013,41.25
mkd,sex_m,eco_aggregate_con,edu_isced11_0,2014,43.23
mkd,sex_m,eco_aggregate_con,edu_isced11_0,2015,38.95
mkd,sex_m,eco_aggregate_con,edu_isced11_0,2016,42.53
mkd,sex_m,eco_aggregate_con,edu_isced11_0,2017,39.42
mkd,sex_m,eco_aggregate_con,edu_isced11_0,2018,41.63
mkd,sex_m,eco_aggregate_con,edu_isced11_0,2019,35.27
mkd,sex_m,eco_aggregate_con,edu_isced11_0,2020,41.02
mkd,sex_m,eco_aggregate_con,edu_isced11_0,2021,34.23
mkd,sex_m,eco_aggregate_con,edu_isced11_0,2022,41.33
mkd,sex_m,eco_aggregate_con,edu_isced11_1,2006,47.99
mkd,sex_m,eco_aggregate_con,edu_isced11_1,2007,47.82
mkd,sex_m,eco_aggregate_con,edu_isced11_1,2008,48.95
mkd,sex_m,eco_aggregate_con,edu_isced11_1,2009,49.4
mkd,sex_m,eco_aggregate_con,edu_isced11_1,2010,47.21
mkd,sex_m,eco_aggregate_con,edu_isced11_1,2011,46.99
mkd,sex_m,eco_aggregate_con,edu_isced11_1,2012,45.63
mkd,sex_m,eco_aggregate_con,edu_isced11_1,2013,44.12
mkd,sex_m,eco_aggregate_con,edu_isced11_1,2014,44.01
mkd,sex_m,eco_aggregate_con,edu_isced11_1,2015,43.81
mkd,sex_m,eco_aggregate_con,edu_isced11_1,2016,44.79
mkd,sex_m,eco_aggregate_con,edu_isced11_1,2017,44.44
mkd,sex_m,eco_aggregate_con,edu_isced11_1,2018,42.65
mkd,sex_m,eco_aggregate_con,edu_isced11_1,2019,42.81
mkd,sex_m,eco_aggregate_con,edu_isced11_1,2020,40.35
mkd,sex_m,eco_aggregate_con,edu_isced11_1,2021,41.92
mkd,sex_m,eco_aggregate_con,edu_isced11_1,2022,41.88
mkd,sex_m,eco_aggregate_con,edu_isced11_1,2024,41.2
mkd,sex_m,eco_aggregate_con,edu_isced11_2,2006,43.02
mkd,sex_m,eco_aggregate_con,edu_isced11_2,2007,44.65
mkd,sex_m,eco_aggregate_con,edu_isced11_2,2008,46.62
mkd,sex_m,eco_aggregate_con,edu_isced11_2,2009,47.59
mkd,sex_m,eco_aggregate_con,edu_isced11_2,2012,35.31
mkd,sex_m,eco_aggregate_con,edu_isced11_2,2017,44.14
mkd,sex_m,eco_aggregate_con,edu_isced11_3,2006,45.62
mkd,sex_m,eco_aggregate_con,edu_isced11_3,2007,46.34
mkd,sex_m,eco_aggregate_con,edu_isced11_3,2008,46.67
mkd,sex_m,eco_aggregate_con,edu_isced11_3,2009,44.75
mkd,sex_m,eco_aggregate_con,edu_isced11_3,2010,45.79
mkd,sex_m,eco_aggregate_con,edu_isced11_3,2011,44.12
mkd,sex_m,eco_aggregate_con,edu_isced11_3,2012,42.8
mkd,sex_m,eco_aggregate_con,edu_isced11_3,2013,43.41
mkd,sex_m,eco_aggregate_con,edu_isced11_3,2014,42.03
mkd,sex_m,eco_aggregate_con,edu_isced11_3,2015,42.12
mkd,sex_m,eco_aggregate_con,edu_isced11_3,2016,43.19
mkd,sex_m,eco_aggregate_con,edu_isced11_3,2017,43.06
mkd,sex_m,eco_aggregate_con,edu_isced11_3,2018,42.43
mkd,sex_m,eco_aggregate_con,edu_isced11_3,2019,41.34
mkd,sex_m,eco_aggregate_con,edu_isced11_3,2020,39.45
mkd,sex_m,eco_aggregate_con,edu_isced11_3,2021,41.14
mkd,sex_m,eco_aggregate_con,edu_isced11_3,2022,39.99
mkd,sex_m,eco_aggregate_con,edu_isced11_3,2024,39.74
mkd,sex_m,eco_aggregate_con,edu_isced11_4,2024,42.71
mkd,sex_m,eco_aggregate_con,edu_isced11_5,2006,44.58
mkd,sex_m,eco_aggregate_con,edu_isced11_5,2007,41.93
mkd,sex_m,eco_aggregate_con,edu_isced11_5,2008,42.42
mkd,sex_m,eco_aggregate_con,edu_isced11_5,2009,37.25
mkd,sex_m,eco_aggregate_con,edu_isced11_5,2010,45.04
mkd,sex_m,eco_aggregate_con,edu_isced11_5,2011,46.64
mkd,sex_m,eco_aggregate_con,edu_isced11_5,2012,43.61
mkd,sex_m,eco_aggregate_con,edu_isced11_5,2013,42.17
mkd,sex_m,eco_aggregate_con,edu_isced11_5,2014,45.05
mkd,sex_m,eco_aggregate_con,edu_isced11_5,2015,41.37
mkd,sex_m,eco_aggregate_con,edu_isced11_5,2016,43.02
mkd,sex_m,eco_aggregate_con,edu_isced11_5,2017,42.29
mkd,sex_m,eco_aggregate_con,edu_isced11_5,2018,38.94
mkd,sex_m,eco_aggregate_con,edu_isced11_5,2019,38.13
mkd,sex_m,eco_aggregate_con,edu_isced11_5,2020,33.23
mkd,sex_m,eco_aggregate_con,edu_isced11_5,2021,39.68
mkd,sex_m,eco_aggregate_con,edu_isced11_5,2022,37.85
mkd,sex_m,eco_aggregate_con,edu_isced11_5,2024,31.02
mkd,sex_m,eco_aggregate_con,edu_isced11_6,2006,44.54
mkd,sex_m,eco_aggregate_con,edu_isced11_6,2007,44.49
mkd,sex_m,eco_aggregate_con,edu_isced11_6,2008,42.06
mkd,sex_m,eco_aggregate_con,edu_isced11_6,2009,46.47
mkd,sex_m,eco_aggregate_con,edu_isced11_6,2010,43.77
mkd,sex_m,eco_aggregate_con,edu_isced11_6,2011,37.18
mkd,sex_m,eco_aggregate_con,edu_isced11_6,2012,41.34
mkd,sex_m,eco_aggregate_con,edu_isced11_6,2013,41.97
mkd,sex_m,eco_aggregate_con,edu_isced11_6,2014,41.47
mkd,sex_m,eco_aggregate_con,edu_isced11_6,2015,42.95
mkd,sex_m,eco_aggregate_con,edu_isced11_6,2016,40.54
mkd,sex_m,eco_aggregate_con,edu_isced11_6,2017,40.57
mkd,sex_m,eco_aggregate_con,edu_isced11_6,2018,41.09
mkd,sex_m,eco_aggregate_con,edu_isced11_6,2019,40.55
mkd,sex_m,eco_aggregate_con,edu_isced11_6,2020,39.14
mkd,sex_m,eco_aggregate_con,edu_isced11_6,2021,39.44
mkd,sex_m,eco_aggregate_con,edu_isced11_6,2022,39.54
mkd,sex_m,eco_aggregate_con,edu_isced11_6,2024,38.3
mkd,sex_m,eco_aggregate_con,edu_isced11_7,2012,36.46
mkd,sex_m,eco_aggregate_con,edu_isced11_7,2015,38.83
mkd,sex_m,eco_aggregate_con,edu_isced11_7,2016,42.91
mkd,sex_m,eco_aggregate_con,edu_isced11_7,2024,38.72
mkd,sex_m,eco_aggregate_con,edu_isced11_total,2006,46.43
mkd,sex_m,eco_aggregate_con,edu_isced11_total,2007,46.76
mkd,sex_m,eco_aggregate_con,edu_isced11_total,2008,47.45
mkd,sex_m,eco_aggregate_con,edu_isced11_total,2009,46.98
mkd,sex_m,eco_aggregate_con,edu_isced11_total,2010,46.22
mkd,sex_m,eco_aggregate_con,edu_isced11_total,2011,44.63
mkd,sex_m,eco_aggregate_con,edu_isced11_total,2012,43.64
mkd,sex_m,eco_aggregate_con,edu_isced11_total,2013,43.49
mkd,sex_m,eco_aggregate_con,edu_isced11_total,2014,42.76
mkd,sex_m,eco_aggregate_con,edu_isced11_total,2015,42.75
mkd,sex_m,eco_aggregate_con,edu_isced11_total,2016,43.45
mkd,sex_m,eco_aggregate_con,edu_isced11_total,2017,43.21
mkd,sex_m,eco_aggregate_con,edu_isced11_total,2018,42.33
mkd,sex_m,eco_aggregate_con,edu_isced11_total,2019,41.66
mkd,sex_m,eco_aggregate_con,edu_isced11_total,2020,39.71
mkd,sex_m,eco_aggregate_con,edu_isced11_total,2021,41.12
mkd,sex_m,eco_aggregate_con,edu_isced11_total,2022,40.48
mkd,sex_m,eco_aggregate_con,edu_isced11_total,2024,40.39
mkd,sex_m,eco_aggregate_con,edu_isced11_x,2006,21.89
mkd,sex_m,eco_aggregate_con,edu_isced11_x,2016,43.45
mkd,sex_m,eco_aggregate_con,edu_isced11_x,2017,41.22
mkd,sex_m,eco_aggregate_con,edu_isced11_x,2019,37.03
mkd,sex_m,eco_aggregate_con,edu_isced11_x,2021,41.64
mkd,sex_m,eco_aggregate_man,edu_aggregate_adv,2006,43.26
mkd,sex_m,eco_aggregate_man,edu_aggregate_adv,2007,42.29
mkd,sex_m,eco_aggregate_man,edu_aggregate_adv,2008,42.73
mkd,sex_m,eco_aggregate_man,edu_aggregate_adv,2009,42.31
mkd,sex_m,eco_aggregate_man,edu_aggregate_adv,2010,42.67
mkd,sex_m,eco_aggregate_man,edu_aggregate_adv,2011,41.31
mkd,sex_m,eco_aggregate_man,edu_aggregate_adv,2012,41.18
mkd,sex_m,eco_aggregate_man,edu_aggregate_adv,2013,40.59
mkd,sex_m,eco_aggregate_man,edu_aggregate_adv,2014,41.15
mkd,sex_m,eco_aggregate_man,edu_aggregate_adv,2015,40.33
mkd,sex_m,eco_aggregate_man,edu_aggregate_adv,2016,41.14
mkd,sex_m,eco_aggregate_man,edu_aggregate_adv,2017,42.59
mkd,sex_m,eco_aggregate_man,edu_aggregate_adv,2018,40.91
mkd,sex_m,eco_aggregate_man,edu_aggregate_adv,2019,40.82
mkd,sex_m,eco_aggregate_man,edu_aggregate_adv,2020,39.27
mkd,sex_m,eco_aggregate_man,edu_aggregate_adv,2021,40.07
mkd,sex_m,eco_aggregate_man,edu_aggregate_adv,2022,39.9
mkd,sex_m,eco_aggregate_man,edu_aggregate_adv,2024,38.71
mkd,sex_m,eco_aggregate_man,edu_aggregate_bas,2006,44.48
mkd,sex_m,eco_aggregate_man,edu_aggregate_bas,2007,43.96
mkd,sex_m,eco_aggregate_man,edu_aggregate_bas,2008,43.99
mkd,sex_m,eco_aggregate_man,edu_aggregate_bas,2009,43.7
mkd,sex_m,eco_aggregate_man,edu_aggregate_bas,2010,44.91
mkd,sex_m,eco_aggregate_man,edu_aggregate_bas,2011,45.18
mkd,sex_m,eco_aggregate_man,edu_aggregate_bas,2012,44.08
mkd,sex_m,eco_aggregate_man,edu_aggregate_bas,2013,43.56
mkd,sex_m,eco_aggregate_man,edu_aggregate_bas,2014,43.32
mkd,sex_m,eco_aggregate_man,edu_aggregate_bas,2015,41.44
mkd,sex_m,eco_aggregate_man,edu_aggregate_bas,2016,43.13
mkd,sex_m,eco_aggregate_man,edu_aggregate_bas,2017,43.94
mkd,sex_m,eco_aggregate_man,edu_aggregate_bas,2018,43.03
mkd,sex_m,eco_aggregate_man,edu_aggregate_bas,2019,43.37
mkd,sex_m,eco_aggregate_man,edu_aggregate_bas,2020,41.82
mkd,sex_m,eco_aggregate_man,edu_aggregate_bas,2021,41.39
mkd,sex_m,eco_aggregate_man,edu_aggregate_bas,2022,41.18
mkd,sex_m,eco_aggregate_man,edu_aggregate_bas,2024,39.16
mkd,sex_m,eco_aggregate_man,edu_aggregate_int,2006,43.78
mkd,sex_m,eco_aggregate_man,edu_aggregate_int,2007,43.92
mkd,sex_m,eco_aggregate_man,edu_aggregate_int,2008,43.22
mkd,sex_m,eco_aggregate_man,edu_aggregate_int,2009,42.83
mkd,sex_m,eco_aggregate_man,edu_aggregate_int,2010,43.16
mkd,sex_m,eco_aggregate_man,edu_aggregate_int,2011,43.09
mkd,sex_m,eco_aggregate_man,edu_aggregate_int,2012,42.48
mkd,sex_m,eco_aggregate_man,edu_aggregate_int,2013,42.4
mkd,sex_m,eco_aggregate_man,edu_aggregate_int,2014,41.59
mkd,sex_m,eco_aggregate_man,edu_aggregate_int,2015,41.68
mkd,sex_m,eco_aggregate_man,edu_aggregate_int,2016,41.97
mkd,sex_m,eco_aggregate_man,edu_aggregate_int,2017,42.39
mkd,sex_m,eco_aggregate_man,edu_aggregate_int,2018,42.06
mkd,sex_m,eco_aggregate_man,edu_aggregate_int,2019,41.04
mkd,sex_m,eco_aggregate_man,edu_aggregate_int,2020,39.64
mkd,sex_m,eco_aggregate_man,edu_aggregate_int,2021,40.29
mkd,sex_m,eco_aggregate_man,edu_aggregate_int,2022,40.33
mkd,sex_m,eco_aggregate_man,edu_aggregate_int,2024,39.11
mkd,sex_m,eco_aggregate_man,edu_aggregate_ltb,2006,45.27
mkd,sex_m,eco_aggregate_man,edu_aggregate_ltb,2007,44.42
mkd,sex_m,eco_aggregate_man,edu_aggregate_ltb,2008,41.28
mkd,sex_m,eco_aggregate_man,edu_aggregate_ltb,2009,38.16
mkd,sex_m,eco_aggregate_man,edu_aggregate_ltb,2010,38.11
mkd,sex_m,eco_aggregate_man,edu_aggregate_ltb,2011,41.2
mkd,sex_m,eco_aggregate_man,edu_aggregate_ltb,2012,37.98
mkd,sex_m,eco_aggregate_man,edu_aggregate_ltb,2013,36.52
mkd,sex_m,eco_aggregate_man,edu_aggregate_ltb,2014,40.08
mkd,sex_m,eco_aggregate_man,edu_aggregate_ltb,2015,41.7
mkd,sex_m,eco_aggregate_man,edu_aggregate_ltb,2016,43.14
mkd,sex_m,eco_aggregate_man,edu_aggregate_ltb,2017,39.14
mkd,sex_m,eco_aggregate_man,edu_aggregate_ltb,2018,39.79
mkd,sex_m,eco_aggregate_man,edu_aggregate_ltb,2019,40.04
mkd,sex_m,eco_aggregate_man,edu_aggregate_ltb,2020,35.67
mkd,sex_m,eco_aggregate_man,edu_aggregate_ltb,2021,39.46
mkd,sex_m,eco_aggregate_man,edu_aggregate_total,2006,43.88
mkd,sex_m,eco_aggregate_man,edu_aggregate_total,2007,43.76
mkd,sex_m,eco_aggregate_man,edu_aggregate_total,2008,43.32
mkd,sex_m,eco_aggregate_man,edu_aggregate_total,2009,42.92
mkd,sex_m,eco_aggregate_man,edu_aggregate_total,2010,43.37
mkd,sex_m,eco_aggregate_man,edu_aggregate_total,2011,43.25
mkd,sex_m,eco_aggregate_man,edu_aggregate_total,2012,42.54
mkd,sex_m,eco_aggregate_man,edu_aggregate_total,2013,42.34
mkd,sex_m,eco_aggregate_man,edu_aggregate_total,2014,41.8
mkd,sex_m,eco_aggregate_man,edu_aggregate_total,2015,41.47
mkd,sex_m,eco_aggregate_man,edu_aggregate_total,2016,42.04
mkd,sex_m,eco_aggregate_man,edu_aggregate_total,2017,42.61
mkd,sex_m,eco_aggregate_man,edu_aggregate_total,2018,42.02
mkd,sex_m,eco_aggregate_man,edu_aggregate_total,2019,41.3
mkd,sex_m,eco_aggregate_man,edu_aggregate_total,2020,39.84
mkd,sex_m,eco_aggregate_man,edu_aggregate_total,2021,40.38
mkd,sex_m,eco_aggregate_man,edu_aggregate_total,2022,40.37
mkd,sex_m,eco_aggregate_man,edu_aggregate_total,2024,39.09
mkd,sex_m,eco_aggregate_man,edu_isced11_0,2006,44.83
mkd,sex_m,eco_aggregate_man,edu_isced11_0,2007,40.03
mkd,sex_m,eco_aggregate_man,edu_isced11_0,2008,39.85
mkd,sex_m,eco_aggregate_man,edu_isced11_0,2009,41.64
mkd,sex_m,eco_aggregate_man,edu_isced11_0,2010,37.95
mkd,sex_m,eco_aggregate_man,edu_isced11_0,2011,42.79
mkd,sex_m,eco_aggregate_man,edu_isced11_0,2012,36.72
mkd,sex_m,eco_aggregate_man,edu_isced11_0,2013,36.98
mkd,sex_m,eco_aggregate_man,edu_isced11_0,2014,40.62
mkd,sex_m,eco_aggregate_man,edu_isced11_0,2015,39.41
mkd,sex_m,eco_aggregate_man,edu_isced11_0,2016,42.48
mkd,sex_m,eco_aggregate_man,edu_isced11_0,2017,38.92
mkd,sex_m,eco_aggregate_man,edu_isced11_0,2018,39.66
mkd,sex_m,eco_aggregate_man,edu_isced11_0,2019,37.94
mkd,sex_m,eco_aggregate_man,edu_isced11_0,2020,35.58
mkd,sex_m,eco_aggregate_man,edu_isced11_1,2006,44.67
mkd,sex_m,eco_aggregate_man,edu_isced11_1,2007,43.98
mkd,sex_m,eco_aggregate_man,edu_isced11_1,2008,44.08
mkd,sex_m,eco_aggregate_man,edu_isced11_1,2009,43.71
mkd,sex_m,eco_aggregate_man,edu_isced11_1,2010,44.95
mkd,sex_m,eco_aggregate_man,edu_isced11_1,2011,45.19
mkd,sex_m,eco_aggregate_man,edu_isced11_1,2012,44.04
mkd,sex_m,eco_aggregate_man,edu_isced11_1,2013,43.63
mkd,sex_m,eco_aggregate_man,edu_isced11_1,2014,43.33
mkd,sex_m,eco_aggregate_man,edu_isced11_1,2015,41.4
mkd,sex_m,eco_aggregate_man,edu_isced11_1,2016,43.12
mkd,sex_m,eco_aggregate_man,edu_isced11_1,2017,43.95
mkd,sex_m,eco_aggregate_man,edu_isced11_1,2018,43
mkd,sex_m,eco_aggregate_man,edu_isced11_1,2019,43.38
mkd,sex_m,eco_aggregate_man,edu_isced11_1,2020,41.84
mkd,sex_m,eco_aggregate_man,edu_isced11_1,2021,41.39
mkd,sex_m,eco_aggregate_man,edu_isced11_1,2022,41.18
mkd,sex_m,eco_aggregate_man,edu_isced11_1,2024,39.15
mkd,sex_m,eco_aggregate_man,edu_isced11_2,2006,40.4
mkd,sex_m,eco_aggregate_man,edu_isced11_2,2007,42.82
mkd,sex_m,eco_aggregate_man,edu_isced11_2,2008,41.26
mkd,sex_m,eco_aggregate_man,edu_isced11_2,2010,43.84
mkd,sex_m,eco_aggregate_man,edu_isced11_2,2011,44.54
mkd,sex_m,eco_aggregate_man,edu_isced11_2,2012,45.01
mkd,sex_m,eco_aggregate_man,edu_isced11_2,2014,43.07
mkd,sex_m,eco_aggregate_man,edu_isced11_2,2016,43.19
mkd,sex_m,eco_aggregate_man,edu_isced11_2,2017,43.77
mkd,sex_m,eco_aggregate_man,edu_isced11_2,2018,43.71
mkd,sex_m,eco_aggregate_man,edu_isced11_2,2019,43.14
mkd,sex_m,eco_aggregate_man,edu_isced11_3,2006,43.78
mkd,sex_m,eco_aggregate_man,edu_isced11_3,2007,43.92
mkd,sex_m,eco_aggregate_man,edu_isced11_3,2008,43.22
mkd,sex_m,eco_aggregate_man,edu_isced11_3,2009,42.83
mkd,sex_m,eco_aggregate_man,edu_isced11_3,2010,43.16
mkd,sex_m,eco_aggregate_man,edu_isced11_3,2011,43.09
mkd,sex_m,eco_aggregate_man,edu_isced11_3,2012,42.48
mkd,sex_m,eco_aggregate_man,edu_isced11_3,2013,42.4
mkd,sex_m,eco_aggregate_man,edu_isced11_3,2014,41.59
mkd,sex_m,eco_aggregate_man,edu_isced11_3,2015,41.68
mkd,sex_m,eco_aggregate_man,edu_isced11_3,2016,41.97
mkd,sex_m,eco_aggregate_man,edu_isced11_3,2017,42.39
mkd,sex_m,eco_aggregate_man,edu_isced11_3,2018,42.06
mkd,sex_m,eco_aggregate_man,edu_isced11_3,2019,41.04
mkd,sex_m,eco_aggregate_man,edu_isced11_3,2020,39.7
mkd,sex_m,eco_aggregate_man,edu_isced11_3,2021,40.26
mkd,sex_m,eco_aggregate_man,edu_isced11_3,2022,40.32
mkd,sex_m,eco_aggregate_man,edu_isced11_3,2024,38.95
mkd,sex_m,eco_aggregate_man,edu_isced11_4,2020,34.33
mkd,sex_m,eco_aggregate_man,edu_isced11_4,2021,44.5
mkd,sex_m,eco_aggregate_man,edu_isced11_4,2024,40.05
mkd,sex_m,eco_aggregate_man,edu_isced11_5,2006,43
mkd,sex_m,eco_aggregate_man,edu_isced11_5,2007,42.01
mkd,sex_m,eco_aggregate_man,edu_isced11_5,2008,42.86
mkd,sex_m,eco_aggregate_man,edu_isced11_5,2009,42.05
mkd,sex_m,eco_aggregate_man,edu_isced11_5,2010,43.34
mkd,sex_m,eco_aggregate_man,edu_isced11_5,2011,40.98
mkd,sex_m,eco_aggregate_man,edu_isced11_5,2012,40.83
mkd,sex_m,eco_aggregate_man,edu_isced11_5,2013,41
mkd,sex_m,eco_aggregate_man,edu_isced11_5,2014,42.37
mkd,sex_m,eco_aggregate_man,edu_isced11_5,2015,42.27
mkd,sex_m,eco_aggregate_man,edu_isced11_5,2016,41.13
mkd,sex_m,eco_aggregate_man,edu_isced11_5,2017,42.39
mkd,sex_m,eco_aggregate_man,edu_isced11_5,2018,40.48
mkd,sex_m,eco_aggregate_man,edu_isced11_5,2019,43.13
mkd,sex_m,eco_aggregate_man,edu_isced11_5,2020,40.89
mkd,sex_m,eco_aggregate_man,edu_isced11_5,2021,41.13
mkd,sex_m,eco_aggregate_man,edu_isced11_5,2022,40
mkd,sex_m,eco_aggregate_man,edu_isced11_5,2024,38.47
mkd,sex_m,eco_aggregate_man,edu_isced11_6,2006,43.34
mkd,sex_m,eco_aggregate_man,edu_isced11_6,2007,42.36
mkd,sex_m,eco_aggregate_man,edu_isced11_6,2008,42.74
mkd,sex_m,eco_aggregate_man,edu_isced11_6,2009,42.42
mkd,sex_m,eco_aggregate_man,edu_isced11_6,2010,42.46
mkd,sex_m,eco_aggregate_man,edu_isced11_6,2011,41.41
mkd,sex_m,eco_aggregate_man,edu_isced11_6,2012,41.21
mkd,sex_m,eco_aggregate_man,edu_isced11_6,2013,40.52
mkd,sex_m,eco_aggregate_man,edu_isced11_6,2014,40.98
mkd,sex_m,eco_aggregate_man,edu_isced11_6,2015,40.06
mkd,sex_m,eco_aggregate_man,edu_isced11_6,2016,41.2
mkd,sex_m,eco_aggregate_man,edu_isced11_6,2017,42.58
mkd,sex_m,eco_aggregate_man,edu_isced11_6,2018,40.96
mkd,sex_m,eco_aggregate_man,edu_isced11_6,2019,40.4
mkd,sex_m,eco_aggregate_man,edu_isced11_6,2020,39.24
mkd,sex_m,eco_aggregate_man,edu_isced11_6,2021,40
mkd,sex_m,eco_aggregate_man,edu_isced11_6,2022,39.85
mkd,sex_m,eco_aggregate_man,edu_isced11_6,2024,38.63
mkd,sex_m,eco_aggregate_man,edu_isced11_7,2008,40.7
mkd,sex_m,eco_aggregate_man,edu_isced11_7,2009,41.93
mkd,sex_m,eco_aggregate_man,edu_isced11_7,2013,41.1
mkd,sex_m,eco_aggregate_man,edu_isced11_7,2014,40.44
mkd,sex_m,eco_aggregate_man,edu_isced11_7,2015,39.51
mkd,sex_m,eco_aggregate_man,edu_isced11_7,2016,41.82
mkd,sex_m,eco_aggregate_man,edu_isced11_7,2017,42.51
mkd,sex_m,eco_aggregate_man,edu_isced11_7,2018,40.92
mkd,sex_m,eco_aggregate_man,edu_isced11_7,2019,40
mkd,sex_m,eco_aggregate_man,edu_isced11_7,2020,34.05
mkd,sex_m,eco_aggregate_man,edu_isced11_7,2021,38.81
mkd,sex_m,eco_aggregate_man,edu_isced11_7,2022,40.63
mkd,sex_m,eco_aggregate_man,edu_isced11_7,2024,39.67
mkd,sex_m,eco_aggregate_man,edu_isced11_total,2006,43.88
mkd,sex_m,eco_aggregate_man,edu_isced11_total,2007,43.76
mkd,sex_m,eco_aggregate_man,edu_isced11_total,2008,43.32
mkd,sex_m,eco_aggregate_man,edu_isced11_total,2009,42.92
mkd,sex_m,eco_aggregate_man,edu_isced11_total,2010,43.37
mkd,sex_m,eco_aggregate_man,edu_isced11_total,2011,43.25
mkd,sex_m,eco_aggregate_man,edu_isced11_total,2012,42.54
mkd,sex_m,eco_aggregate_man,edu_isced11_total,2013,42.34
mkd,sex_m,eco_aggregate_man,edu_isced11_total,2014,41.8
mkd,sex_m,eco_aggregate_man,edu_isced11_total,2015,41.47
mkd,sex_m,eco_aggregate_man,edu_isced11_total,2016,42.04
mkd,sex_m,eco_aggregate_man,edu_isced11_total,2017,42.61
mkd,sex_m,eco_aggregate_man,edu_isced11_total,2018,42.02
mkd,sex_m,eco_aggregate_man,edu_isced11_total,2019,41.3
mkd,sex_m,eco_aggregate_man,edu_isced11_total,2020,39.84
mkd,sex_m,eco_aggregate_man,edu_isced11_total,2021,40.38
mkd,sex_m,eco_aggregate_man,edu_isced11_total,2022,40.37
mkd,sex_m,eco_aggregate_man,edu_isced11_total,2024,39.09
mkd,sex_m,eco_aggregate_man,edu_isced11_x,2007,48.35
mkd,sex_m,eco_aggregate_man,edu_isced11_x,2008,42.04
mkd,sex_m,eco_aggregate_man,edu_isced11_x,2011,38.33
mkd,sex_m,eco_aggregate_man,edu_isced11_x,2019,45.55
mkd,sex_m,eco_aggregate_mel,edu_aggregate_adv,2006,40.64
mkd,sex_m,eco_aggregate_mel,edu_aggregate_adv,2007,40.99
mkd,sex_m,eco_aggregate_mel,edu_aggregate_adv,2008,40.84
mkd,sex_m,eco_aggregate_mel,edu_aggregate_adv,2009,41.54
mkd,sex_m,eco_aggregate_mel,edu_aggregate_adv,2010,40.98
mkd,sex_m,eco_aggregate_mel,edu_aggregate_adv,2011,39.24
mkd,sex_m,eco_aggregate_mel,edu_aggregate_adv,2012,39.28
mkd,sex_m,eco_aggregate_mel,edu_aggregate_adv,2013,39.73
mkd,sex_m,eco_aggregate_mel,edu_aggregate_adv,2014,40.32
mkd,sex_m,eco_aggregate_mel,edu_aggregate_adv,2015,39.59
mkd,sex_m,eco_aggregate_mel,edu_aggregate_adv,2016,39.22
mkd,sex_m,eco_aggregate_mel,edu_aggregate_adv,2017,39.73
mkd,sex_m,eco_aggregate_mel,edu_aggregate_adv,2018,39.59
mkd,sex_m,eco_aggregate_mel,edu_aggregate_adv,2019,39.62
mkd,sex_m,eco_aggregate_mel,edu_aggregate_adv,2020,38.56
mkd,sex_m,eco_aggregate_mel,edu_aggregate_adv,2021,39.49
mkd,sex_m,eco_aggregate_mel,edu_aggregate_adv,2022,39.11
mkd,sex_m,eco_aggregate_mel,edu_aggregate_adv,2024,38.67
mkd,sex_m,eco_aggregate_mel,edu_aggregate_bas,2006,41.18
mkd,sex_m,eco_aggregate_mel,edu_aggregate_bas,2007,41.14
mkd,sex_m,eco_aggregate_mel,edu_aggregate_bas,2008,43.61
mkd,sex_m,eco_aggregate_mel,edu_aggregate_bas,2009,43.72
mkd,sex_m,eco_aggregate_mel,edu_aggregate_bas,2010,43.08
mkd,sex_m,eco_aggregate_mel,edu_aggregate_bas,2011,41.05
mkd,sex_m,eco_aggregate_mel,edu_aggregate_bas,2012,41.86
mkd,sex_m,eco_aggregate_mel,edu_aggregate_bas,2013,40.66
mkd,sex_m,eco_aggregate_mel,edu_aggregate_bas,2014,40.73
mkd,sex_m,eco_aggregate_mel,edu_aggregate_bas,2015,38.81
mkd,sex_m,eco_aggregate_mel,edu_aggregate_bas,2016,40.73
mkd,sex_m,eco_aggregate_mel,edu_aggregate_bas,2017,41.19
mkd,sex_m,eco_aggregate_mel,edu_aggregate_bas,2018,39.72
mkd,sex_m,eco_aggregate_mel,edu_aggregate_bas,2019,39.28
mkd,sex_m,eco_aggregate_mel,edu_aggregate_bas,2020,39.45
mkd,sex_m,eco_aggregate_mel,edu_aggregate_bas,2021,40.22
mkd,sex_m,eco_aggregate_mel,edu_aggregate_bas,2022,40.48
mkd,sex_m,eco_aggregate_mel,edu_aggregate_bas,2024,39.44
mkd,sex_m,eco_aggregate_mel,edu_aggregate_int,2006,41.52
mkd,sex_m,eco_aggregate_mel,edu_aggregate_int,2007,41.77
mkd,sex_m,eco_aggregate_mel,edu_aggregate_int,2008,41.23
mkd,sex_m,eco_aggregate_mel,edu_aggregate_int,2009,41.16
mkd,sex_m,eco_aggregate_mel,edu_aggregate_int,2010,40.97
mkd,sex_m,eco_aggregate_mel,edu_aggregate_int,2011,40.81
mkd,sex_m,eco_aggregate_mel,edu_aggregate_int,2012,41.26
mkd,sex_m,eco_aggregate_mel,edu_aggregate_int,2013,40.39
mkd,sex_m,eco_aggregate_mel,edu_aggregate_int,2014,40.24
mkd,sex_m,eco_aggregate_mel,edu_aggregate_int,2015,40.39
mkd,sex_m,eco_aggregate_mel,edu_aggregate_int,2016,40.84
mkd,sex_m,eco_aggregate_mel,edu_aggregate_int,2017,40.99
mkd,sex_m,eco_aggregate_mel,edu_aggregate_int,2018,40.39
mkd,sex_m,eco_aggregate_mel,edu_aggregate_int,2019,39.64
mkd,sex_m,eco_aggregate_mel,edu_aggregate_int,2020,39.66
mkd,sex_m,eco_aggregate_mel,edu_aggregate_int,2021,39.86
mkd,sex_m,eco_aggregate_mel,edu_aggregate_int,2022,39.55
mkd,sex_m,eco_aggregate_mel,edu_aggregate_int,2024,38.15
mkd,sex_m,eco_aggregate_mel,edu_aggregate_ltb,2006,42.24
mkd,sex_m,eco_aggregate_mel,edu_aggregate_ltb,2007,45.1
mkd,sex_m,eco_aggregate_mel,edu_aggregate_ltb,2009,48.69
mkd,sex_m,eco_aggregate_mel,edu_aggregate_ltb,2010,45.45
mkd,sex_m,eco_aggregate_mel,edu_aggregate_ltb,2011,39.58
mkd,sex_m,eco_aggregate_mel,edu_aggregate_ltb,2012,41.36
mkd,sex_m,eco_aggregate_mel,edu_aggregate_ltb,2013,40.38
mkd,sex_m,eco_aggregate_mel,edu_aggregate_ltb,2014,43.35
mkd,sex_m,eco_aggregate_mel,edu_aggregate_ltb,2015,32.32
mkd,sex_m,eco_aggregate_mel,edu_aggregate_ltb,2016,34.5
mkd,sex_m,eco_aggregate_mel,edu_aggregate_ltb,2017,38.66
mkd,sex_m,eco_aggregate_mel,edu_aggregate_ltb,2018,36.89
mkd,sex_m,eco_aggregate_mel,edu_aggregate_ltb,2019,35.26
mkd,sex_m,eco_aggregate_mel,edu_aggregate_ltb,2020,35.11
mkd,sex_m,eco_aggregate_mel,edu_aggregate_ltb,2021,39.92
mkd,sex_m,eco_aggregate_mel,edu_aggregate_ltb,2022,38.69
mkd,sex_m,eco_aggregate_mel,edu_aggregate_ltb,2024,42.24
mkd,sex_m,eco_aggregate_mel,edu_aggregate_total,2006,41.34
mkd,sex_m,eco_aggregate_mel,edu_aggregate_total,2007,41.6
mkd,sex_m,eco_aggregate_mel,edu_aggregate_total,2008,41.54
mkd,sex_m,eco_aggregate_mel,edu_aggregate_total,2009,41.69
mkd,sex_m,eco_aggregate_mel,edu_aggregate_total,2010,41.35
mkd,sex_m,eco_aggregate_mel,edu_aggregate_total,2011,40.6
mkd,sex_m,eco_aggregate_mel,edu_aggregate_total,2012,41.06
mkd,sex_m,eco_aggregate_mel,edu_aggregate_total,2013,40.34
mkd,sex_m,eco_aggregate_mel,edu_aggregate_total,2014,40.5
mkd,sex_m,eco_aggregate_mel,edu_aggregate_total,2015,39.67
mkd,sex_m,eco_aggregate_mel,edu_aggregate_total,2016,40.33
mkd,sex_m,eco_aggregate_mel,edu_aggregate_total,2017,40.77
mkd,sex_m,eco_aggregate_mel,edu_aggregate_total,2018,40.02
mkd,sex_m,eco_aggregate_mel,edu_aggregate_total,2019,39.44
mkd,sex_m,eco_aggregate_mel,edu_aggregate_total,2020,39.34
mkd,sex_m,eco_aggregate_mel,edu_aggregate_total,2021,39.86
mkd,sex_m,eco_aggregate_mel,edu_aggregate_total,2022,39.58
mkd,sex_m,eco_aggregate_mel,edu_aggregate_total,2024,38.6
mkd,sex_m,eco_aggregate_mel,edu_isced11_0,2006,42.24
mkd,sex_m,eco_aggregate_mel,edu_isced11_0,2007,45.1
mkd,sex_m,eco_aggregate_mel,edu_isced11_0,2011,41.04
mkd,sex_m,eco_aggregate_mel,edu_isced11_0,2012,40
mkd,sex_m,eco_aggregate_mel,edu_isced11_0,2013,40.65
mkd,sex_m,eco_aggregate_mel,edu_isced11_0,2014,43.21
mkd,sex_m,eco_aggregate_mel,edu_isced11_0,2015,34.27
mkd,sex_m,eco_aggregate_mel,edu_isced11_0,2016,38.13
mkd,sex_m,eco_aggregate_mel,edu_isced11_0,2018,41.29
mkd,sex_m,eco_aggregate_mel,edu_isced11_0,2019,38.62
mkd,sex_m,eco_aggregate_mel,edu_isced11_0,2020,37.31
mkd,sex_m,eco_aggregate_mel,edu_isced11_0,2021,39.89
mkd,sex_m,eco_aggregate_mel,edu_isced11_0,2022,36.04
mkd,sex_m,eco_aggregate_mel,edu_isced11_1,2006,41.72
mkd,sex_m,eco_aggregate_mel,edu_isced11_1,2007,41.06
mkd,sex_m,eco_aggregate_mel,edu_isced11_1,2008,43.69
mkd,sex_m,eco_aggregate_mel,edu_isced11_1,2009,43.83
mkd,sex_m,eco_aggregate_mel,edu_isced11_1,2010,43.27
mkd,sex_m,eco_aggregate_mel,edu_isced11_1,2011,41
mkd,sex_m,eco_aggregate_mel,edu_isced11_1,2012,41.82
mkd,sex_m,eco_aggregate_mel,edu_isced11_1,2013,41.2
mkd,sex_m,eco_aggregate_mel,edu_isced11_1,2014,40.73
mkd,sex_m,eco_aggregate_mel,edu_isced11_1,2015,38.81
mkd,sex_m,eco_aggregate_mel,edu_isced11_1,2016,40.74
mkd,sex_m,eco_aggregate_mel,edu_isced11_1,2017,41.19
mkd,sex_m,eco_aggregate_mel,edu_isced11_1,2018,39.71
mkd,sex_m,eco_aggregate_mel,edu_isced11_1,2019,39.29
mkd,sex_m,eco_aggregate_mel,edu_isced11_1,2020,39.44
mkd,sex_m,eco_aggregate_mel,edu_isced11_1,2021,40.22
mkd,sex_m,eco_aggregate_mel,edu_isced11_1,2022,40.48
mkd,sex_m,eco_aggregate_mel,edu_isced11_1,2024,39.44
mkd,sex_m,eco_aggregate_mel,edu_isced11_2,2006,37.57
mkd,sex_m,eco_aggregate_mel,edu_isced11_2,2010,40.4
mkd,sex_m,eco_aggregate_mel,edu_isced11_2,2019,38.83
mkd,sex_m,eco_aggregate_mel,edu_isced11_3,2006,41.52
mkd,sex_m,eco_aggregate_mel,edu_isced11_3,2007,41.77
mkd,sex_m,eco_aggregate_mel,edu_isced11_3,2008,41.23
mkd,sex_m,eco_aggregate_mel,edu_isced11_3,2009,41.16
mkd,sex_m,eco_aggregate_mel,edu_isced11_3,2010,40.97
mkd,sex_m,eco_aggregate_mel,edu_isced11_3,2011,40.81
mkd,sex_m,eco_aggregate_mel,edu_isced11_3,2012,41.26
mkd,sex_m,eco_aggregate_mel,edu_isced11_3,2013,40.39
mkd,sex_m,eco_aggregate_mel,edu_isced11_3,2014,40.24
mkd,sex_m,eco_aggregate_mel,edu_isced11_3,2015,40.39
mkd,sex_m,eco_aggregate_mel,edu_isced11_3,2016,40.84
mkd,sex_m,eco_aggregate_mel,edu_isced11_3,2017,40.99
mkd,sex_m,eco_aggregate_mel,edu_isced11_3,2018,40.39
mkd,sex_m,eco_aggregate_mel,edu_isced11_3,2019,39.64
mkd,sex_m,eco_aggregate_mel,edu_isced11_3,2020,39.66
mkd,sex_m,eco_aggregate_mel,edu_isced11_3,2021,39.94
mkd,sex_m,eco_aggregate_mel,edu_isced11_3,2022,39.55
mkd,sex_m,eco_aggregate_mel,edu_isced11_3,2024,38.16
mkd,sex_m,eco_aggregate_mel,edu_isced11_4,2020,40
mkd,sex_m,eco_aggregate_mel,edu_isced11_4,2021,36.71
mkd,sex_m,eco_aggregate_mel,edu_isced11_4,2024,38.09
mkd,sex_m,eco_aggregate_mel,edu_isced11_5,2006,41.05
mkd,sex_m,eco_aggregate_mel,edu_isced11_5,2007,41.49
mkd,sex_m,eco_aggregate_mel,edu_isced11_5,2008,41.24
mkd,sex_m,eco_aggregate_mel,edu_isced11_5,2009,40.78
mkd,sex_m,eco_aggregate_mel,edu_isced11_5,2010,41.86
mkd,sex_m,eco_aggregate_mel,edu_isced11_5,2011,40.25
mkd,sex_m,eco_aggregate_mel,edu_isced11_5,2012,39.66
mkd,sex_m,eco_aggregate_mel,edu_isced11_5,2013,39.15
mkd,sex_m,eco_aggregate_mel,edu_isced11_5,2014,40.77
mkd,sex_m,eco_aggregate_mel,edu_isced11_5,2015,40.88
mkd,sex_m,eco_aggregate_mel,edu_isced11_5,2016,41.83
mkd,sex_m,eco_aggregate_mel,edu_isced11_5,2017,39.97
mkd,sex_m,eco_aggregate_mel,edu_isced11_5,2018,40
mkd,sex_m,eco_aggregate_mel,edu_isced11_5,2019,40.24
mkd,sex_m,eco_aggregate_mel,edu_isced11_5,2020,40
mkd,sex_m,eco_aggregate_mel,edu_isced11_5,2021,37.07
mkd,sex_m,eco_aggregate_mel,edu_isced11_5,2022,37.6
mkd,sex_m,eco_aggregate_mel,edu_isced11_5,2024,38.54
mkd,sex_m,eco_aggregate_mel,edu_isced11_6,2006,40.59
mkd,sex_m,eco_aggregate_mel,edu_isced11_6,2007,40.7
mkd,sex_m,eco_aggregate_mel,edu_isced11_6,2008,40.68
mkd,sex_m,eco_aggregate_mel,edu_isced11_6,2009,41.91
mkd,sex_m,eco_aggregate_mel,edu_isced11_6,2010,40.51
mkd,sex_m,eco_aggregate_mel,edu_isced11_6,2011,39.01
mkd,sex_m,eco_aggregate_mel,edu_isced11_6,2012,39.07
mkd,sex_m,eco_aggregate_mel,edu_isced11_6,2013,40.05
mkd,sex_m,eco_aggregate_mel,edu_isced11_6,2014,40.27
mkd,sex_m,eco_aggregate_mel,edu_isced11_6,2015,39.3
mkd,sex_m,eco_aggregate_mel,edu_isced11_6,2016,39.17
mkd,sex_m,eco_aggregate_mel,edu_isced11_6,2017,39.57
mkd,sex_m,eco_aggregate_mel,edu_isced11_6,2018,39.61
mkd,sex_m,eco_aggregate_mel,edu_isced11_6,2019,39.67
mkd,sex_m,eco_aggregate_mel,edu_isced11_6,2020,38.65
mkd,sex_m,eco_aggregate_mel,edu_isced11_6,2021,39.58
mkd,sex_m,eco_aggregate_mel,edu_isced11_6,2022,39.24
mkd,sex_m,eco_aggregate_mel,edu_isced11_6,2024,39.08
mkd,sex_m,eco_aggregate_mel,edu_isced11_7,2016,37.27
mkd,sex_m,eco_aggregate_mel,edu_isced11_7,2017,40.86
mkd,sex_m,eco_aggregate_mel,edu_isced11_7,2018,38.9
mkd,sex_m,eco_aggregate_mel,edu_isced11_7,2019,38.27
mkd,sex_m,eco_aggregate_mel,edu_isced11_7,2020,32.73
mkd,sex_m,eco_aggregate_mel,edu_isced11_7,2022,39.06
mkd,sex_m,eco_aggregate_mel,edu_isced11_7,2024,37.96
mkd,sex_m,eco_aggregate_mel,edu_isced11_total,2006,41.34
mkd,sex_m,eco_aggregate_mel,edu_isced11_total,2007,41.6
mkd,sex_m,eco_aggregate_mel,edu_isced11_total,2008,41.54
mkd,sex_m,eco_aggregate_mel,edu_isced11_total,2009,41.69
mkd,sex_m,eco_aggregate_mel,edu_isced11_total,2010,41.35
mkd,sex_m,eco_aggregate_mel,edu_isced11_total,2011,40.6
mkd,sex_m,eco_aggregate_mel,edu_isced11_total,2012,41.06
mkd,sex_m,eco_aggregate_mel,edu_isced11_total,2013,40.34
mkd,sex_m,eco_aggregate_mel,edu_isced11_total,2014,40.5
mkd,sex_m,eco_aggregate_mel,edu_isced11_total,2015,39.67
mkd,sex_m,eco_aggregate_mel,edu_isced11_total,2016,40.33
mkd,sex_m,eco_aggregate_mel,edu_isced11_total,2017,40.77
mkd,sex_m,eco_aggregate_mel,edu_isced11_total,2018,40.02
mkd,sex_m,eco_aggregate_mel,edu_isced11_total,2019,39.44
mkd,sex_m,eco_aggregate_mel,edu_isced11_total,2020,39.34
mkd,sex_m,eco_aggregate_mel,edu_isced11_total,2021,39.86
mkd,sex_m,eco_aggregate_mel,edu_isced11_total,2022,39.58
mkd,sex_m,eco_aggregate_mel,edu_isced11_total,2024,38.6
mkd,sex_m,eco_aggregate_mel,edu_isced11_x,2011,37.21
mkd,sex_m,eco_aggregate_mel,edu_isced11_x,2013,39.68
mkd,sex_m,eco_aggregate_mel,edu_isced11_x,2014,43.4
mkd,sex_m,eco_aggregate_mel,edu_isced11_x,2015,29.6
mkd,sex_m,eco_aggregate_mel,edu_isced11_x,2016,32.83
mkd,sex_m,eco_aggregate_mel,edu_isced11_x,2017,38.34
mkd,sex_m,eco_aggregate_mel,edu_isced11_x,2018,35.1
mkd,sex_m,eco_aggregate_mel,edu_isced11_x,2019,33.81
mkd,sex_m,eco_aggregate_mel,edu_isced11_x,2020,33.49
mkd,sex_m,eco_aggregate_mel,edu_isced11_x,2021,40
mkd,sex_m,eco_aggregate_mel,edu_isced11_x,2022,41.95
mkd,sex_m,eco_aggregate_mkt,edu_aggregate_adv,2006,43.65
mkd,sex_m,eco_aggregate_mkt,edu_aggregate_adv,2007,43
mkd,sex_m,eco_aggregate_mkt,edu_aggregate_adv,2008,43.05
mkd,sex_m,eco_aggregate_mkt,edu_aggregate_adv,2009,41.94
mkd,sex_m,eco_aggregate_mkt,edu_aggregate_adv,2010,41.67
mkd,sex_m,eco_aggregate_mkt,edu_aggregate_adv,2011,41.37
mkd,sex_m,eco_aggregate_mkt,edu_aggregate_adv,2012,41.81
mkd,sex_m,eco_aggregate_mkt,edu_aggregate_adv,2013,41.29
mkd,sex_m,eco_aggregate_mkt,edu_aggregate_adv,2014,41.61
mkd,sex_m,eco_aggregate_mkt,edu_aggregate_adv,2015,39.72
mkd,sex_m,eco_aggregate_mkt,edu_aggregate_adv,2016,40.5
mkd,sex_m,eco_aggregate_mkt,edu_aggregate_adv,2017,41.54
mkd,sex_m,eco_aggregate_mkt,edu_aggregate_adv,2018,40.66
mkd,sex_m,eco_aggregate_mkt,edu_aggregate_adv,2019,40.42
mkd,sex_m,eco_aggregate_mkt,edu_aggregate_adv,2020,39.19
mkd,sex_m,eco_aggregate_mkt,edu_aggregate_adv,2021,40.02
mkd,sex_m,eco_aggregate_mkt,edu_aggregate_adv,2022,39.68
mkd,sex_m,eco_aggregate_mkt,edu_aggregate_adv,2024,39.13
mkd,sex_m,eco_aggregate_mkt,edu_aggregate_bas,2006,48.68
mkd,sex_m,eco_aggregate_mkt,edu_aggregate_bas,2007,46.15
mkd,sex_m,eco_aggregate_mkt,edu_aggregate_bas,2008,48.02
mkd,sex_m,eco_aggregate_mkt,edu_aggregate_bas,2009,46.05
mkd,sex_m,eco_aggregate_mkt,edu_aggregate_bas,2010,46.43
mkd,sex_m,eco_aggregate_mkt,edu_aggregate_bas,2011,45.06
mkd,sex_m,eco_aggregate_mkt,edu_aggregate_bas,2012,45.81
mkd,sex_m,eco_aggregate_mkt,edu_aggregate_bas,2013,44.43
mkd,sex_m,eco_aggregate_mkt,edu_aggregate_bas,2014,42
mkd,sex_m,eco_aggregate_mkt,edu_aggregate_bas,2015,41.41
mkd,sex_m,eco_aggregate_mkt,edu_aggregate_bas,2016,42.88
mkd,sex_m,eco_aggregate_mkt,edu_aggregate_bas,2017,44
mkd,sex_m,eco_aggregate_mkt,edu_aggregate_bas,2018,43.15
mkd,sex_m,eco_aggregate_mkt,edu_aggregate_bas,2019,42.55
mkd,sex_m,eco_aggregate_mkt,edu_aggregate_bas,2020,41.27
mkd,sex_m,eco_aggregate_mkt,edu_aggregate_bas,2021,42.65
mkd,sex_m,eco_aggregate_mkt,edu_aggregate_bas,2022,40.12
mkd,sex_m,eco_aggregate_mkt,edu_aggregate_bas,2024,41.56
mkd,sex_m,eco_aggregate_mkt,edu_aggregate_int,2006,46.29
mkd,sex_m,eco_aggregate_mkt,edu_aggregate_int,2007,45.25
mkd,sex_m,eco_aggregate_mkt,edu_aggregate_int,2008,45.48
mkd,sex_m,eco_aggregate_mkt,edu_aggregate_int,2009,44.78
mkd,sex_m,eco_aggregate_mkt,edu_aggregate_int,2010,44.34
mkd,sex_m,eco_aggregate_mkt,edu_aggregate_int,2011,43.24
mkd,sex_m,eco_aggregate_mkt,edu_aggregate_int,2012,43.29
mkd,sex_m,eco_aggregate_mkt,edu_aggregate_int,2013,42.64
mkd,sex_m,eco_aggregate_mkt,edu_aggregate_int,2014,41.69
mkd,sex_m,eco_aggregate_mkt,edu_aggregate_int,2015,41.86
mkd,sex_m,eco_aggregate_mkt,edu_aggregate_int,2016,42.61
mkd,sex_m,eco_aggregate_mkt,edu_aggregate_int,2017,43.3
mkd,sex_m,eco_aggregate_mkt,edu_aggregate_int,2018,42.84
mkd,sex_m,eco_aggregate_mkt,edu_aggregate_int,2019,42.07
mkd,sex_m,eco_aggregate_mkt,edu_aggregate_int,2020,39.94
mkd,sex_m,eco_aggregate_mkt,edu_aggregate_int,2021,41.16
mkd,sex_m,eco_aggregate_mkt,edu_aggregate_int,2022,40.72
mkd,sex_m,eco_aggregate_mkt,edu_aggregate_int,2024,40.03
mkd,sex_m,eco_aggregate_mkt,edu_aggregate_ltb,2006,36.89
mkd,sex_m,eco_aggregate_mkt,edu_aggregate_ltb,2007,40.06
mkd,sex_m,eco_aggregate_mkt,edu_aggregate_ltb,2008,42.95
mkd,sex_m,eco_aggregate_mkt,edu_aggregate_ltb,2009,43.47
mkd,sex_m,eco_aggregate_mkt,edu_aggregate_ltb,2010,46.39
mkd,sex_m,eco_aggregate_mkt,edu_aggregate_ltb,2011,38.77
mkd,sex_m,eco_aggregate_mkt,edu_aggregate_ltb,2012,45.74
mkd,sex_m,eco_aggregate_mkt,edu_aggregate_ltb,2013,31.63
mkd,sex_m,eco_aggregate_mkt,edu_aggregate_ltb,2015,32.95
mkd,sex_m,eco_aggregate_mkt,edu_aggregate_ltb,2016,46.76
mkd,sex_m,eco_aggregate_mkt,edu_aggregate_ltb,2017,45.29
mkd,sex_m,eco_aggregate_mkt,edu_aggregate_ltb,2018,39.17
mkd,sex_m,eco_aggregate_mkt,edu_aggregate_ltb,2019,40.4
mkd,sex_m,eco_aggregate_mkt,edu_aggregate_ltb,2020,41.62
mkd,sex_m,eco_aggregate_mkt,edu_aggregate_ltb,2021,40.67
mkd,sex_m,eco_aggregate_mkt,edu_aggregate_ltb,2022,39.49
mkd,sex_m,eco_aggregate_mkt,edu_aggregate_ltb,2024,39.3
mkd,sex_m,eco_aggregate_mkt,edu_aggregate_total,2006,46.3
mkd,sex_m,eco_aggregate_mkt,edu_aggregate_total,2007,44.96
mkd,sex_m,eco_aggregate_mkt,edu_aggregate_total,2008,45.53
mkd,sex_m,eco_aggregate_mkt,edu_aggregate_total,2009,44.58
mkd,sex_m,eco_aggregate_mkt,edu_aggregate_total,2010,44.22
mkd,sex_m,eco_aggregate_mkt,edu_aggregate_total,2011,43.06
mkd,sex_m,eco_aggregate_mkt,edu_aggregate_total,2012,43.3
mkd,sex_m,eco_aggregate_mkt,edu_aggregate_total,2013,42.56
mkd,sex_m,eco_aggregate_mkt,edu_aggregate_total,2014,41.71
mkd,sex_m,eco_aggregate_mkt,edu_aggregate_total,2015,41.33
mkd,sex_m,eco_aggregate_mkt,edu_aggregate_total,2016,42.2
mkd,sex_m,eco_aggregate_mkt,edu_aggregate_total,2017,43.03
mkd,sex_m,eco_aggregate_mkt,edu_aggregate_total,2018,42.4
mkd,sex_m,eco_aggregate_mkt,edu_aggregate_total,2019,41.77
mkd,sex_m,eco_aggregate_mkt,edu_aggregate_total,2020,39.93
mkd,sex_m,eco_aggregate_mkt,edu_aggregate_total,2021,41.03
mkd,sex_m,eco_aggregate_mkt,edu_aggregate_total,2022,40.39
mkd,sex_m,eco_aggregate_mkt,edu_aggregate_total,2024,39.95
mkd,sex_m,eco_aggregate_mkt,edu_isced11_0,2006,38.52
mkd,sex_m,eco_aggregate_mkt,edu_isced11_0,2007,44.43
mkd,sex_m,eco_aggregate_mkt,edu_isced11_0,2008,46.31
mkd,sex_m,eco_aggregate_mkt,edu_isced11_0,2009,45.31
mkd,sex_m,eco_aggregate_mkt,edu_isced11_0,2010,47.62
mkd,sex_m,eco_aggregate_mkt,edu_isced11_0,2011,37.47
mkd,sex_m,eco_aggregate_mkt,edu_isced11_0,2012,43.56
mkd,sex_m,eco_aggregate_mkt,edu_isced11_0,2013,41.83
mkd,sex_m,eco_aggregate_mkt,edu_isced11_0,2016,41.65
mkd,sex_m,eco_aggregate_mkt,edu_isced11_0,2017,46.18
mkd,sex_m,eco_aggregate_mkt,edu_isced11_0,2018,39.93
mkd,sex_m,eco_aggregate_mkt,edu_isced11_0,2019,37.7
mkd,sex_m,eco_aggregate_mkt,edu_isced11_0,2020,42.29
mkd,sex_m,eco_aggregate_mkt,edu_isced11_0,2021,39.77
mkd,sex_m,eco_aggregate_mkt,edu_isced11_0,2022,39.33
mkd,sex_m,eco_aggregate_mkt,edu_isced11_1,2006,48.66
mkd,sex_m,eco_aggregate_mkt,edu_isced11_1,2007,46.35
mkd,sex_m,eco_aggregate_mkt,edu_isced11_1,2008,48.06
mkd,sex_m,eco_aggregate_mkt,edu_isced11_1,2009,46.1
mkd,sex_m,eco_aggregate_mkt,edu_isced11_1,2010,46.49
mkd,sex_m,eco_aggregate_mkt,edu_isced11_1,2011,45.24
mkd,sex_m,eco_aggregate_mkt,edu_isced11_1,2012,45.82
mkd,sex_m,eco_aggregate_mkt,edu_isced11_1,2013,44.52
mkd,sex_m,eco_aggregate_mkt,edu_isced11_1,2014,41.94
mkd,sex_m,eco_aggregate_mkt,edu_isced11_1,2015,41.4
mkd,sex_m,eco_aggregate_mkt,edu_isced11_1,2016,43.12
mkd,sex_m,eco_aggregate_mkt,edu_isced11_1,2017,44
mkd,sex_m,eco_aggregate_mkt,edu_isced11_1,2018,43.11
mkd,sex_m,eco_aggregate_mkt,edu_isced11_1,2019,42.53
mkd,sex_m,eco_aggregate_mkt,edu_isced11_1,2020,41.29
mkd,sex_m,eco_aggregate_mkt,edu_isced11_1,2021,42.65
mkd,sex_m,eco_aggregate_mkt,edu_isced11_1,2022,40.12
mkd,sex_m,eco_aggregate_mkt,edu_isced11_1,2024,41.62
mkd,sex_m,eco_aggregate_mkt,edu_isced11_2,2006,49.41
mkd,sex_m,eco_aggregate_mkt,edu_isced11_2,2007,41.46
mkd,sex_m,eco_aggregate_mkt,edu_isced11_2,2008,45.14
mkd,sex_m,eco_aggregate_mkt,edu_isced11_2,2009,41.69
mkd,sex_m,eco_aggregate_mkt,edu_isced11_2,2010,43.67
mkd,sex_m,eco_aggregate_mkt,edu_isced11_2,2011,38.14
mkd,sex_m,eco_aggregate_mkt,edu_isced11_2,2013,37.53
mkd,sex_m,eco_aggregate_mkt,edu_isced11_2,2016,35.84
mkd,sex_m,eco_aggregate_mkt,edu_isced11_2,2017,43.92
mkd,sex_m,eco_aggregate_mkt,edu_isced11_2,2018,45.71
mkd,sex_m,eco_aggregate_mkt,edu_isced11_2,2019,44.22
mkd,sex_m,eco_aggregate_mkt,edu_isced11_3,2006,46.29
mkd,sex_m,eco_aggregate_mkt,edu_isced11_3,2007,45.25
mkd,sex_m,eco_aggregate_mkt,edu_isced11_3,2008,45.48
mkd,sex_m,eco_aggregate_mkt,edu_isced11_3,2009,44.78
mkd,sex_m,eco_aggregate_mkt,edu_isced11_3,2010,44.34
mkd,sex_m,eco_aggregate_mkt,edu_isced11_3,2011,43.24
mkd,sex_m,eco_aggregate_mkt,edu_isced11_3,2012,43.29
mkd,sex_m,eco_aggregate_mkt,edu_isced11_3,2013,42.64
mkd,sex_m,eco_aggregate_mkt,edu_isced11_3,2014,41.69
mkd,sex_m,eco_aggregate_mkt,edu_isced11_3,2015,41.86
mkd,sex_m,eco_aggregate_mkt,edu_isced11_3,2016,42.61
mkd,sex_m,eco_aggregate_mkt,edu_isced11_3,2017,43.3
mkd,sex_m,eco_aggregate_mkt,edu_isced11_3,2018,42.84
mkd,sex_m,eco_aggregate_mkt,edu_isced11_3,2019,42.07
mkd,sex_m,eco_aggregate_mkt,edu_isced11_3,2020,39.95
mkd,sex_m,eco_aggregate_mkt,edu_isced11_3,2021,41.16
mkd,sex_m,eco_aggregate_mkt,edu_isced11_3,2022,40.72
mkd,sex_m,eco_aggregate_mkt,edu_isced11_3,2024,39.96
mkd,sex_m,eco_aggregate_mkt,edu_isced11_4,2020,39.36
mkd,sex_m,eco_aggregate_mkt,edu_isced11_4,2021,39.69
mkd,sex_m,eco_aggregate_mkt,edu_isced11_4,2022,40
mkd,sex_m,eco_aggregate_mkt,edu_isced11_4,2024,40.29
mkd,sex_m,eco_aggregate_mkt,edu_isced11_5,2006,43.77
mkd,sex_m,eco_aggregate_mkt,edu_isced11_5,2007,43.95
mkd,sex_m,eco_aggregate_mkt,edu_isced11_5,2008,44.02
mkd,sex_m,eco_aggregate_mkt,edu_isced11_5,2009,43.13
mkd,sex_m,eco_aggregate_mkt,edu_isced11_5,2010,41.87
mkd,sex_m,eco_aggregate_mkt,edu_isced11_5,2011,42.78
mkd,sex_m,eco_aggregate_mkt,edu_isced11_5,2012,42.88
mkd,sex_m,eco_aggregate_mkt,edu_isced11_5,2013,40.97
mkd,sex_m,eco_aggregate_mkt,edu_isced11_5,2014,42.16
mkd,sex_m,eco_aggregate_mkt,edu_isced11_5,2015,41.55
mkd,sex_m,eco_aggregate_mkt,edu_isced11_5,2016,40.97
mkd,sex_m,eco_aggregate_mkt,edu_isced11_5,2017,42.62
mkd,sex_m,eco_aggregate_mkt,edu_isced11_5,2018,41.76
mkd,sex_m,eco_aggregate_mkt,edu_isced11_5,2019,39.98
mkd,sex_m,eco_aggregate_mkt,edu_isced11_5,2020,38.6
mkd,sex_m,eco_aggregate_mkt,edu_isced11_5,2021,40.97
mkd,sex_m,eco_aggregate_mkt,edu_isced11_5,2022,42.11
mkd,sex_m,eco_aggregate_mkt,edu_isced11_5,2024,37.51
mkd,sex_m,eco_aggregate_mkt,edu_isced11_6,2006,43.7
mkd,sex_m,eco_aggregate_mkt,edu_isced11_6,2007,43.02
mkd,sex_m,eco_aggregate_mkt,edu_isced11_6,2008,42.85
mkd,sex_m,eco_aggregate_mkt,edu_isced11_6,2009,41.66
mkd,sex_m,eco_aggregate_mkt,edu_isced11_6,2010,41.62
mkd,sex_m,eco_aggregate_mkt,edu_isced11_6,2011,41.17
mkd,sex_m,eco_aggregate_mkt,edu_isced11_6,2012,41.63
mkd,sex_m,eco_aggregate_mkt,edu_isced11_6,2013,41.31
mkd,sex_m,eco_aggregate_mkt,edu_isced11_6,2014,41.56
mkd,sex_m,eco_aggregate_mkt,edu_isced11_6,2015,39.65
mkd,sex_m,eco_aggregate_mkt,edu_isced11_6,2016,40.56
mkd,sex_m,eco_aggregate_mkt,edu_isced11_6,2017,41.54
mkd,sex_m,eco_aggregate_mkt,edu_isced11_6,2018,40.61
mkd,sex_m,eco_aggregate_mkt,edu_isced11_6,2019,40.38
mkd,sex_m,eco_aggregate_mkt,edu_isced11_6,2020,39.4
mkd,sex_m,eco_aggregate_mkt,edu_isced11_6,2021,40.05
mkd,sex_m,eco_aggregate_mkt,edu_isced11_6,2022,39.6
mkd,sex_m,eco_aggregate_mkt,edu_isced11_6,2024,39.18
mkd,sex_m,eco_aggregate_mkt,edu_isced11_7,2007,36.98
mkd,sex_m,eco_aggregate_mkt,edu_isced11_7,2008,39.31
mkd,sex_m,eco_aggregate_mkt,edu_isced11_7,2009,41.76
mkd,sex_m,eco_aggregate_mkt,edu_isced11_7,2010,42.29
mkd,sex_m,eco_aggregate_mkt,edu_isced11_7,2011,40.26
mkd,sex_m,eco_aggregate_mkt,edu_isced11_7,2012,42.85
mkd,sex_m,eco_aggregate_mkt,edu_isced11_7,2013,42.4
mkd,sex_m,eco_aggregate_mkt,edu_isced11_7,2014,40.96
mkd,sex_m,eco_aggregate_mkt,edu_isced11_7,2015,37.81
mkd,sex_m,eco_aggregate_mkt,edu_isced11_7,2016,39.61
mkd,sex_m,eco_aggregate_mkt,edu_isced11_7,2017,40.92
mkd,sex_m,eco_aggregate_mkt,edu_isced11_7,2018,40.28
mkd,sex_m,eco_aggregate_mkt,edu_isced11_7,2019,41.05
mkd,sex_m,eco_aggregate_mkt,edu_isced11_7,2020,37.16
mkd,sex_m,eco_aggregate_mkt,edu_isced11_7,2021,39.14
mkd,sex_m,eco_aggregate_mkt,edu_isced11_7,2022,38.39
mkd,sex_m,eco_aggregate_mkt,edu_isced11_7,2024,39.27
mkd,sex_m,eco_aggregate_mkt,edu_isced11_8,2016,38.84
mkd,sex_m,eco_aggregate_mkt,edu_isced11_8,2019,40
mkd,sex_m,eco_aggregate_mkt,edu_isced11_8,2020,40
mkd,sex_m,eco_aggregate_mkt,edu_isced11_8,2021,38.62
mkd,sex_m,eco_aggregate_mkt,edu_isced11_8,2022,37.73
mkd,sex_m,eco_aggregate_mkt,edu_isced11_8,2024,38.58
mkd,sex_m,eco_aggregate_mkt,edu_isced11_total,2006,46.3
mkd,sex_m,eco_aggregate_mkt,edu_isced11_total,2007,44.96
mkd,sex_m,eco_aggregate_mkt,edu_isced11_total,2008,45.53
mkd,sex_m,eco_aggregate_mkt,edu_isced11_total,2009,44.58
mkd,sex_m,eco_aggregate_mkt,edu_isced11_total,2010,44.22
mkd,sex_m,eco_aggregate_mkt,edu_isced11_total,2011,43.06
mkd,sex_m,eco_aggregate_mkt,edu_isced11_total,2012,43.3
mkd,sex_m,eco_aggregate_mkt,edu_isced11_total,2013,42.56
mkd,sex_m,eco_aggregate_mkt,edu_isced11_total,2014,41.71
mkd,sex_m,eco_aggregate_mkt,edu_isced11_total,2015,41.33
mkd,sex_m,eco_aggregate_mkt,edu_isced11_total,2016,42.2
mkd,sex_m,eco_aggregate_mkt,edu_isced11_total,2017,43.03
mkd,sex_m,eco_aggregate_mkt,edu_isced11_total,2018,42.4
mkd,sex_m,eco_aggregate_mkt,edu_isced11_total,2019,41.77
mkd,sex_m,eco_aggregate_mkt,edu_isced11_total,2020,39.93
mkd,sex_m,eco_aggregate_mkt,edu_isced11_total,2021,41.03
mkd,sex_m,eco_aggregate_mkt,edu_isced11_total,2022,40.39
mkd,sex_m,eco_aggregate_mkt,edu_isced11_total,2024,39.95
mkd,sex_m,eco_aggregate_mkt,edu_isced11_x,2006,31.67
mkd,sex_m,eco_aggregate_mkt,edu_isced11_x,2007,19.33
mkd,sex_m,eco_aggregate_mkt,edu_isced11_x,2008,37.17
mkd,sex_m,eco_aggregate_mkt,edu_isced11_x,2009,41.12
mkd,sex_m,eco_aggregate_mkt,edu_isced11_x,2010,44.54
mkd,sex_m,eco_aggregate_mkt,edu_isced11_x,2012,48.59
mkd,sex_m,eco_aggregate_mkt,edu_isced11_x,2013,26.98
mkd,sex_m,eco_aggregate_mkt,edu_isced11_x,2018,37.62
mkd,sex_m,eco_aggregate_mkt,edu_isced11_x,2019,43.22
mkd,sex_m,eco_aggregate_mkt,edu_isced11_x,2024,40.77
mkd,sex_m,eco_aggregate_pub,edu_aggregate_adv,2006,40
mkd,sex_m,eco_aggregate_pub,edu_aggregate_adv,2007,39.86
mkd,sex_m,eco_aggregate_pub,edu_aggregate_adv,2008,38.92
mkd,sex_m,eco_aggregate_pub,edu_aggregate_adv,2009,38.44
mkd,sex_m,eco_aggregate_pub,edu_aggregate_adv,2010,39.49
mkd,sex_m,eco_aggregate_pub,edu_aggregate_adv,2011,38.73
mkd,sex_m,eco_aggregate_pub,edu_aggregate_adv,2012,39.04
mkd,sex_m,eco_aggregate_pub,edu_aggregate_adv,2013,39.85
mkd,sex_m,eco_aggregate_pub,edu_aggregate_adv,2014,39.48
mkd,sex_m,eco_aggregate_pub,edu_aggregate_adv,2015,39.49
mkd,sex_m,eco_aggregate_pub,edu_aggregate_adv,2016,39.26
mkd,sex_m,eco_aggregate_pub,edu_aggregate_adv,2017,39.68
mkd,sex_m,eco_aggregate_pub,edu_aggregate_adv,2018,39.82
mkd,sex_m,eco_aggregate_pub,edu_aggregate_adv,2019,39.19
mkd,sex_m,eco_aggregate_pub,edu_aggregate_adv,2020,38.12
mkd,sex_m,eco_aggregate_pub,edu_aggregate_adv,2021,39.28
mkd,sex_m,eco_aggregate_pub,edu_aggregate_adv,2022,39.15
mkd,sex_m,eco_aggregate_pub,edu_aggregate_adv,2024,38.31
mkd,sex_m,eco_aggregate_pub,edu_aggregate_bas,2006,41.5
mkd,sex_m,eco_aggregate_pub,edu_aggregate_bas,2007,40.48
mkd,sex_m,eco_aggregate_pub,edu_aggregate_bas,2008,42.17
mkd,sex_m,eco_aggregate_pub,edu_aggregate_bas,2009,40.61
mkd,sex_m,eco_aggregate_pub,edu_aggregate_bas,2010,39.89
mkd,sex_m,eco_aggregate_pub,edu_aggregate_bas,2011,39.54
mkd,sex_m,eco_aggregate_pub,edu_aggregate_bas,2012,39.29
mkd,sex_m,eco_aggregate_pub,edu_aggregate_bas,2013,40.49
mkd,sex_m,eco_aggregate_pub,edu_aggregate_bas,2014,39.03
mkd,sex_m,eco_aggregate_pub,edu_aggregate_bas,2015,40.88
mkd,sex_m,eco_aggregate_pub,edu_aggregate_bas,2016,39.25
mkd,sex_m,eco_aggregate_pub,edu_aggregate_bas,2017,39.38
mkd,sex_m,eco_aggregate_pub,edu_aggregate_bas,2018,40.95
mkd,sex_m,eco_aggregate_pub,edu_aggregate_bas,2019,39.18
mkd,sex_m,eco_aggregate_pub,edu_aggregate_bas,2020,38.24
mkd,sex_m,eco_aggregate_pub,edu_aggregate_bas,2021,38.94
mkd,sex_m,eco_aggregate_pub,edu_aggregate_bas,2022,37.55
mkd,sex_m,eco_aggregate_pub,edu_aggregate_bas,2024,38.93
mkd,sex_m,eco_aggregate_pub,edu_aggregate_int,2006,42.04
mkd,sex_m,eco_aggregate_pub,edu_aggregate_int,2007,41.56
mkd,sex_m,eco_aggregate_pub,edu_aggregate_int,2008,41.24
mkd,sex_m,eco_aggregate_pub,edu_aggregate_int,2009,40.43
mkd,sex_m,eco_aggregate_pub,edu_aggregate_int,2010,40.9
mkd,sex_m,eco_aggregate_pub,edu_aggregate_int,2011,40.27
mkd,sex_m,eco_aggregate_pub,edu_aggregate_int,2012,40.88
mkd,sex_m,eco_aggregate_pub,edu_aggregate_int,2013,40.68
mkd,sex_m,eco_aggregate_pub,edu_aggregate_int,2014,39.74
mkd,sex_m,eco_aggregate_pub,edu_aggregate_int,2015,40.05
mkd,sex_m,eco_aggregate_pub,edu_aggregate_int,2016,40.6
mkd,sex_m,eco_aggregate_pub,edu_aggregate_int,2017,40.36
mkd,sex_m,eco_aggregate_pub,edu_aggregate_int,2018,39.99
mkd,sex_m,eco_aggregate_pub,edu_aggregate_int,2019,40.11
mkd,sex_m,eco_aggregate_pub,edu_aggregate_int,2020,38.92
mkd,sex_m,eco_aggregate_pub,edu_aggregate_int,2021,39.83
mkd,sex_m,eco_aggregate_pub,edu_aggregate_int,2022,39.69
mkd,sex_m,eco_aggregate_pub,edu_aggregate_int,2024,39.22
mkd,sex_m,eco_aggregate_pub,edu_aggregate_ltb,2006,44.87
mkd,sex_m,eco_aggregate_pub,edu_aggregate_ltb,2007,38.17
mkd,sex_m,eco_aggregate_pub,edu_aggregate_ltb,2008,38.58
mkd,sex_m,eco_aggregate_pub,edu_aggregate_ltb,2009,38.84
mkd,sex_m,eco_aggregate_pub,edu_aggregate_ltb,2010,37.25
mkd,sex_m,eco_aggregate_pub,edu_aggregate_ltb,2011,29.97
mkd,sex_m,eco_aggregate_pub,edu_aggregate_ltb,2012,39.47
mkd,sex_m,eco_aggregate_pub,edu_aggregate_ltb,2016,33.71
mkd,sex_m,eco_aggregate_pub,edu_aggregate_ltb,2017,28.73
mkd,sex_m,eco_aggregate_pub,edu_aggregate_ltb,2018,27.98
mkd,sex_m,eco_aggregate_pub,edu_aggregate_ltb,2019,35.78
mkd,sex_m,eco_aggregate_pub,edu_aggregate_ltb,2022,29.93
mkd,sex_m,eco_aggregate_pub,edu_aggregate_total,2006,41.19
mkd,sex_m,eco_aggregate_pub,edu_aggregate_total,2007,40.73
mkd,sex_m,eco_aggregate_pub,edu_aggregate_total,2008,40.36
mkd,sex_m,eco_aggregate_pub,edu_aggregate_total,2009,39.51
mkd,sex_m,eco_aggregate_pub,edu_aggregate_total,2010,40.13
mkd,sex_m,eco_aggregate_pub,edu_aggregate_total,2011,39.49
mkd,sex_m,eco_aggregate_pub,edu_aggregate_total,2012,39.86
mkd,sex_m,eco_aggregate_pub,edu_aggregate_total,2013,40.26
mkd,sex_m,eco_aggregate_pub,edu_aggregate_total,2014,39.57
mkd,sex_m,eco_aggregate_pub,edu_aggregate_total,2015,39.83
mkd,sex_m,eco_aggregate_pub,edu_aggregate_total,2016,39.82
mkd,sex_m,eco_aggregate_pub,edu_aggregate_total,2017,39.96
mkd,sex_m,eco_aggregate_pub,edu_aggregate_total,2018,39.89
mkd,sex_m,eco_aggregate_pub,edu_aggregate_total,2019,39.6
mkd,sex_m,eco_aggregate_pub,edu_aggregate_total,2020,38.5
mkd,sex_m,eco_aggregate_pub,edu_aggregate_total,2021,39.52
mkd,sex_m,eco_aggregate_pub,edu_aggregate_total,2022,39.28
mkd,sex_m,eco_aggregate_pub,edu_aggregate_total,2024,38.78
mkd,sex_m,eco_aggregate_pub,edu_isced11_0,2006,45.29
mkd,sex_m,eco_aggregate_pub,edu_isced11_0,2007,38.68
mkd,sex_m,eco_aggregate_pub,edu_isced11_0,2008,38.6
mkd,sex_m,eco_aggregate_pub,edu_isced11_0,2009,39.06
mkd,sex_m,eco_aggregate_pub,edu_isced11_0,2010,38.64
mkd,sex_m,eco_aggregate_pub,edu_isced11_0,2011,29.96
mkd,sex_m,eco_aggregate_pub,edu_isced11_0,2022,28.11
mkd,sex_m,eco_aggregate_pub,edu_isced11_1,2006,41.8
mkd,sex_m,eco_aggregate_pub,edu_isced11_1,2007,40.57
mkd,sex_m,eco_aggregate_pub,edu_isced11_1,2008,42.02
mkd,sex_m,eco_aggregate_pub,edu_isced11_1,2009,40.61
mkd,sex_m,eco_aggregate_pub,edu_isced11_1,2010,39.89
mkd,sex_m,eco_aggregate_pub,edu_isced11_1,2011,39.52
mkd,sex_m,eco_aggregate_pub,edu_isced11_1,2012,39.55
mkd,sex_m,eco_aggregate_pub,edu_isced11_1,2013,40.5
mkd,sex_m,eco_aggregate_pub,edu_isced11_1,2014,39.02
mkd,sex_m,eco_aggregate_pub,edu_isced11_1,2015,40.88
mkd,sex_m,eco_aggregate_pub,edu_isced11_1,2016,39.25
mkd,sex_m,eco_aggregate_pub,edu_isced11_1,2017,39.38
mkd,sex_m,eco_aggregate_pub,edu_isced11_1,2018,40.91
mkd,sex_m,eco_aggregate_pub,edu_isced11_1,2019,39.18
mkd,sex_m,eco_aggregate_pub,edu_isced11_1,2020,38.24
mkd,sex_m,eco_aggregate_pub,edu_isced11_1,2021,38.94
mkd,sex_m,eco_aggregate_pub,edu_isced11_1,2022,37.55
mkd,sex_m,eco_aggregate_pub,edu_isced11_1,2024,38.93
mkd,sex_m,eco_aggregate_pub,edu_isced11_2,2006,32.98
mkd,sex_m,eco_aggregate_pub,edu_isced11_3,2006,42.04
mkd,sex_m,eco_aggregate_pub,edu_isced11_3,2007,41.56
mkd,sex_m,eco_aggregate_pub,edu_isced11_3,2008,41.24
mkd,sex_m,eco_aggregate_pub,edu_isced11_3,2009,40.43
mkd,sex_m,eco_aggregate_pub,edu_isced11_3,2010,40.9
mkd,sex_m,eco_aggregate_pub,edu_isced11_3,2011,40.27
mkd,sex_m,eco_aggregate_pub,edu_isced11_3,2012,40.88
mkd,sex_m,eco_aggregate_pub,edu_isced11_3,2013,40.68
mkd,sex_m,eco_aggregate_pub,edu_isced11_3,2014,39.74
mkd,sex_m,eco_aggregate_pub,edu_isced11_3,2015,40.05
mkd,sex_m,eco_aggregate_pub,edu_isced11_3,2016,40.6
mkd,sex_m,eco_aggregate_pub,edu_isced11_3,2017,40.36
mkd,sex_m,eco_aggregate_pub,edu_isced11_3,2018,39.99
mkd,sex_m,eco_aggregate_pub,edu_isced11_3,2019,40.11
mkd,sex_m,eco_aggregate_pub,edu_isced11_3,2020,38.92
mkd,sex_m,eco_aggregate_pub,edu_isced11_3,2021,39.83
mkd,sex_m,eco_aggregate_pub,edu_isced11_3,2022,39.69
mkd,sex_m,eco_aggregate_pub,edu_isced11_3,2024,39.03
mkd,sex_m,eco_aggregate_pub,edu_isced11_4,2020,40
mkd,sex_m,eco_aggregate_pub,edu_isced11_4,2021,40
mkd,sex_m,eco_aggregate_pub,edu_isced11_4,2022,40
mkd,sex_m,eco_aggregate_pub,edu_isced11_4,2024,39.86
mkd,sex_m,eco_aggregate_pub,edu_isced11_5,2006,39.79
mkd,sex_m,eco_aggregate_pub,edu_isced11_5,2007,39.15
mkd,sex_m,eco_aggregate_pub,edu_isced11_5,2008,36.82
mkd,sex_m,eco_aggregate_pub,edu_isced11_5,2009,36.97
mkd,sex_m,eco_aggregate_pub,edu_isced11_5,2010,39.81
mkd,sex_m,eco_aggregate_pub,edu_isced11_5,2011,39.63
mkd,sex_m,eco_aggregate_pub,edu_isced11_5,2012,39.98
mkd,sex_m,eco_aggregate_pub,edu_isced11_5,2013,39.62
mkd,sex_m,eco_aggregate_pub,edu_isced11_5,2014,39.62
mkd,sex_m,eco_aggregate_pub,edu_isced11_5,2015,39.31
mkd,sex_m,eco_aggregate_pub,edu_isced11_5,2016,39.6
mkd,sex_m,eco_aggregate_pub,edu_isced11_5,2017,41.25
mkd,sex_m,eco_aggregate_pub,edu_isced11_5,2018,40.75
mkd,sex_m,eco_aggregate_pub,edu_isced11_5,2019,39.45
mkd,sex_m,eco_aggregate_pub,edu_isced11_5,2020,37.26
mkd,sex_m,eco_aggregate_pub,edu_isced11_5,2021,39.33
mkd,sex_m,eco_aggregate_pub,edu_isced11_5,2022,38.41
mkd,sex_m,eco_aggregate_pub,edu_isced11_5,2024,35.74
mkd,sex_m,eco_aggregate_pub,edu_isced11_6,2006,39.91
mkd,sex_m,eco_aggregate_pub,edu_isced11_6,2007,39.87
mkd,sex_m,eco_aggregate_pub,edu_isced11_6,2008,39.63
mkd,sex_m,eco_aggregate_pub,edu_isced11_6,2009,38.87
mkd,sex_m,eco_aggregate_pub,edu_isced11_6,2010,39.42
mkd,sex_m,eco_aggregate_pub,edu_isced11_6,2011,38.67
mkd,sex_m,eco_aggregate_pub,edu_isced11_6,2012,38.91
mkd,sex_m,eco_aggregate_pub,edu_isced11_6,2013,40.02
mkd,sex_m,eco_aggregate_pub,edu_isced11_6,2014,39.37
mkd,sex_m,eco_aggregate_pub,edu_isced11_6,2015,39.48
mkd,sex_m,eco_aggregate_pub,edu_isced11_6,2016,39.17
mkd,sex_m,eco_aggregate_pub,edu_isced11_6,2017,39.46
mkd,sex_m,eco_aggregate_pub,edu_isced11_6,2018,39.71
mkd,sex_m,eco_aggregate_pub,edu_isced11_6,2019,39.06
mkd,sex_m,eco_aggregate_pub,edu_isced11_6,2020,38.05
mkd,sex_m,eco_aggregate_pub,edu_isced11_6,2021,39.21
mkd,sex_m,eco_aggregate_pub,edu_isced11_6,2022,39.2
mkd,sex_m,eco_aggregate_pub,edu_isced11_6,2024,38.16
mkd,sex_m,eco_aggregate_pub,edu_isced11_7,2006,41.21
mkd,sex_m,eco_aggregate_pub,edu_isced11_7,2007,42.04
mkd,sex_m,eco_aggregate_pub,edu_isced11_7,2008,37.41
mkd,sex_m,eco_aggregate_pub,edu_isced11_7,2009,34.57
mkd,sex_m,eco_aggregate_pub,edu_isced11_7,2010,38.82
mkd,sex_m,eco_aggregate_pub,edu_isced11_7,2011,38.42
mkd,sex_m,eco_aggregate_pub,edu_isced11_7,2012,38.79
mkd,sex_m,eco_aggregate_pub,edu_isced11_7,2013,38.92
mkd,sex_m,eco_aggregate_pub,edu_isced11_7,2014,40.01
mkd,sex_m,eco_aggregate_pub,edu_isced11_7,2015,40.59
mkd,sex_m,eco_aggregate_pub,edu_isced11_7,2016,39.15
mkd,sex_m,eco_aggregate_pub,edu_isced11_7,2017,40.75
mkd,sex_m,eco_aggregate_pub,edu_isced11_7,2018,40.41
mkd,sex_m,eco_aggregate_pub,edu_isced11_7,2019,40.01
mkd,sex_m,eco_aggregate_pub,edu_isced11_7,2020,38.79
mkd,sex_m,eco_aggregate_pub,edu_isced11_7,2021,39.93
mkd,sex_m,eco_aggregate_pub,edu_isced11_7,2022,39.3
mkd,sex_m,eco_aggregate_pub,edu_isced11_7,2024,39.51
mkd,sex_m,eco_aggregate_pub,edu_isced11_8,2006,41.38
mkd,sex_m,eco_aggregate_pub,edu_isced11_8,2007,40.87
mkd,sex_m,eco_aggregate_pub,edu_isced11_8,2008,37.26
mkd,sex_m,eco_aggregate_pub,edu_isced11_8,2009,40.12
mkd,sex_m,eco_aggregate_pub,edu_isced11_8,2010,41.64
mkd,sex_m,eco_aggregate_pub,edu_isced11_8,2011,37
mkd,sex_m,eco_aggregate_pub,edu_isced11_8,2012,41.03
mkd,sex_m,eco_aggregate_pub,edu_isced11_8,2013,38.63
mkd,sex_m,eco_aggregate_pub,edu_isced11_8,2014,39.86
mkd,sex_m,eco_aggregate_pub,edu_isced11_8,2015,37.33
mkd,sex_m,eco_aggregate_pub,edu_isced11_8,2016,41.1
mkd,sex_m,eco_aggregate_pub,edu_isced11_8,2017,39.6
mkd,sex_m,eco_aggregate_pub,edu_isced11_8,2018,39.47
mkd,sex_m,eco_aggregate_pub,edu_isced11_8,2019,39.02
mkd,sex_m,eco_aggregate_pub,edu_isced11_8,2020,38.58
mkd,sex_m,eco_aggregate_pub,edu_isced11_8,2021,39.17
mkd,sex_m,eco_aggregate_pub,edu_isced11_8,2022,38.77
mkd,sex_m,eco_aggregate_pub,edu_isced11_8,2024,38.55
mkd,sex_m,eco_aggregate_pub,edu_isced11_total,2006,41.19
mkd,sex_m,eco_aggregate_pub,edu_isced11_total,2007,40.73
mkd,sex_m,eco_aggregate_pub,edu_isced11_total,2008,40.36
mkd,sex_m,eco_aggregate_pub,edu_isced11_total,2009,39.51
mkd,sex_m,eco_aggregate_pub,edu_isced11_total,2010,40.13
mkd,sex_m,eco_aggregate_pub,edu_isced11_total,2011,39.49
mkd,sex_m,eco_aggregate_pub,edu_isced11_total,2012,39.86
mkd,sex_m,eco_aggregate_pub,edu_isced11_total,2013,40.26
mkd,sex_m,eco_aggregate_pub,edu_isced11_total,2014,39.57
mkd,sex_m,eco_aggregate_pub,edu_isced11_total,2015,39.83
mkd,sex_m,eco_aggregate_pub,edu_isced11_total,2016,39.82
mkd,sex_m,eco_aggregate_pub,edu_isced11_total,2017,39.96
mkd,sex_m,eco_aggregate_pub,edu_isced11_total,2018,39.89
mkd,sex_m,eco_aggregate_pub,edu_isced11_total,2019,39.6
mkd,sex_m,eco_aggregate_pub,edu_isced11_total,2020,38.5
mkd,sex_m,eco_aggregate_pub,edu_isced11_total,2021,39.52
mkd,sex_m,eco_aggregate_pub,edu_isced11_total,2022,39.28
mkd,sex_m,eco_aggregate_pub,edu_isced11_total,2024,38.78
mkd,sex_m,eco_aggregate_pub,edu_isced11_x,2007,37.08
mkd,sex_m,eco_aggregate_pub,edu_isced11_x,2010,33.68
mkd,sex_m,eco_aggregate_pub,edu_isced11_x,2012,40.38
mkd,sex_m,eco_aggregate_pub,edu_isced11_x,2018,21.05
mkd,sex_m,eco_aggregate_pub,edu_isced11_x,2019,35.61
mkd,sex_m,eco_aggregate_total,edu_aggregate_adv,2006,41.7
mkd,sex_m,eco_aggregate_total,edu_aggregate_adv,2007,41.25
mkd,sex_m,eco_aggregate_total,edu_aggregate_adv,2008,40.82
mkd,sex_m,eco_aggregate_total,edu_aggregate_adv,2009,40.25
mkd,sex_m,eco_aggregate_total,edu_aggregate_adv,2010,40.73
mkd,sex_m,eco_aggregate_total,edu_aggregate_adv,2011,39.94
mkd,sex_m,eco_aggregate_total,edu_aggregate_adv,2012,40.26
mkd,sex_m,eco_aggregate_total,edu_aggregate_adv,2013,40.56
mkd,sex_m,eco_aggregate_total,edu_aggregate_adv,2014,40.62
mkd,sex_m,eco_aggregate_total,edu_aggregate_adv,2015,40.03
mkd,sex_m,eco_aggregate_total,edu_aggregate_adv,2016,40.03
mkd,sex_m,eco_aggregate_total,edu_aggregate_adv,2017,40.75
mkd,sex_m,eco_aggregate_total,edu_aggregate_adv,2018,40.26
mkd,sex_m,eco_aggregate_total,edu_aggregate_adv,2019,39.73
mkd,sex_m,eco_aggregate_total,edu_aggregate_adv,2020,38.69
mkd,sex_m,eco_aggregate_total,edu_aggregate_adv,2021,39.59
mkd,sex_m,eco_aggregate_total,edu_aggregate_adv,2022,39.45
mkd,sex_m,eco_aggregate_total,edu_aggregate_adv,2024,38.67
mkd,sex_m,eco_aggregate_total,edu_aggregate_bas,2006,45.4
mkd,sex_m,eco_aggregate_total,edu_aggregate_bas,2007,43.79
mkd,sex_m,eco_aggregate_total,edu_aggregate_bas,2008,44.59
mkd,sex_m,eco_aggregate_total,edu_aggregate_bas,2009,43.21
mkd,sex_m,eco_aggregate_total,edu_aggregate_bas,2010,42.31
mkd,sex_m,eco_aggregate_total,edu_aggregate_bas,2011,42.33
mkd,sex_m,eco_aggregate_total,edu_aggregate_bas,2012,43.43
mkd,sex_m,eco_aggregate_total,edu_aggregate_bas,2013,43.17
mkd,sex_m,eco_aggregate_total,edu_aggregate_bas,2014,42.85
mkd,sex_m,eco_aggregate_total,edu_aggregate_bas,2015,42.8
mkd,sex_m,eco_aggregate_total,edu_aggregate_bas,2016,42.41
mkd,sex_m,eco_aggregate_total,edu_aggregate_bas,2017,43.72
mkd,sex_m,eco_aggregate_total,edu_aggregate_bas,2018,42.98
mkd,sex_m,eco_aggregate_total,edu_aggregate_bas,2019,41.76
mkd,sex_m,eco_aggregate_total,edu_aggregate_bas,2020,39.94
mkd,sex_m,eco_aggregate_total,edu_aggregate_bas,2021,41.46
mkd,sex_m,eco_aggregate_total,edu_aggregate_bas,2022,40
mkd,sex_m,eco_aggregate_total,edu_aggregate_bas,2024,40.9
mkd,sex_m,eco_aggregate_total,edu_aggregate_int,2006,44.33
mkd,sex_m,eco_aggregate_total,edu_aggregate_int,2007,43.66
mkd,sex_m,eco_aggregate_total,edu_aggregate_int,2008,43.71
mkd,sex_m,eco_aggregate_total,edu_aggregate_int,2009,43.05
mkd,sex_m,eco_aggregate_total,edu_aggregate_int,2010,42.99
mkd,sex_m,eco_aggregate_total,edu_aggregate_int,2011,42.22
mkd,sex_m,eco_aggregate_total,edu_aggregate_int,2012,42.24
mkd,sex_m,eco_aggregate_total,edu_aggregate_int,2013,42.36
mkd,sex_m,eco_aggregate_total,edu_aggregate_int,2014,41.77
mkd,sex_m,eco_aggregate_total,edu_aggregate_int,2015,41.78
mkd,sex_m,eco_aggregate_total,edu_aggregate_int,2016,42.21
mkd,sex_m,eco_aggregate_total,edu_aggregate_int,2017,42.65
mkd,sex_m,eco_aggregate_total,edu_aggregate_int,2018,42.16
mkd,sex_m,eco_aggregate_total,edu_aggregate_int,2019,41.32
mkd,sex_m,eco_aggregate_total,edu_aggregate_int,2020,39.45
mkd,sex_m,eco_aggregate_total,edu_aggregate_int,2021,40.45
mkd,sex_m,eco_aggregate_total,edu_aggregate_int,2022,40.23
mkd,sex_m,eco_aggregate_total,edu_aggregate_int,2024,39.54
mkd,sex_m,eco_aggregate_total,edu_aggregate_ltb,2006,43.73
mkd,sex_m,eco_aggregate_total,edu_aggregate_ltb,2007,43.06
mkd,sex_m,eco_aggregate_total,edu_aggregate_ltb,2008,42.56
mkd,sex_m,eco_aggregate_total,edu_aggregate_ltb,2009,38.74
mkd,sex_m,eco_aggregate_total,edu_aggregate_ltb,2010,38.48
mkd,sex_m,eco_aggregate_total,edu_aggregate_ltb,2011,39.13
mkd,sex_m,eco_aggregate_total,edu_aggregate_ltb,2012,39.6
mkd,sex_m,eco_aggregate_total,edu_aggregate_ltb,2013,42.41
mkd,sex_m,eco_aggregate_total,edu_aggregate_ltb,2014,43.54
mkd,sex_m,eco_aggregate_total,edu_aggregate_ltb,2015,42.34
mkd,sex_m,eco_aggregate_total,edu_aggregate_ltb,2016,40.9
mkd,sex_m,eco_aggregate_total,edu_aggregate_ltb,2017,42.23
mkd,sex_m,eco_aggregate_total,edu_aggregate_ltb,2018,41.51
mkd,sex_m,eco_aggregate_total,edu_aggregate_ltb,2019,38.79
mkd,sex_m,eco_aggregate_total,edu_aggregate_ltb,2020,37.04
mkd,sex_m,eco_aggregate_total,edu_aggregate_ltb,2021,36.98
mkd,sex_m,eco_aggregate_total,edu_aggregate_ltb,2022,38.99
mkd,sex_m,eco_aggregate_total,edu_aggregate_ltb,2024,37.4
mkd,sex_m,eco_aggregate_total,edu_aggregate_total,2006,44.15
mkd,sex_m,eco_aggregate_total,edu_aggregate_total,2007,43.25
mkd,sex_m,eco_aggregate_total,edu_aggregate_total,2008,43.43
mkd,sex_m,eco_aggregate_total,edu_aggregate_total,2009,42.47
mkd,sex_m,eco_aggregate_total,edu_aggregate_total,2010,42.26
mkd,sex_m,eco_aggregate_total,edu_aggregate_total,2011,41.69
mkd,sex_m,eco_aggregate_total,edu_aggregate_total,2012,42
mkd,sex_m,eco_aggregate_total,edu_aggregate_total,2013,42.21
mkd,sex_m,eco_aggregate_total,edu_aggregate_total,2014,41.84
mkd,sex_m,eco_aggregate_total,edu_aggregate_total,2015,41.67
mkd,sex_m,eco_aggregate_total,edu_aggregate_total,2016,41.77
mkd,sex_m,eco_aggregate_total,edu_aggregate_total,2017,42.43
mkd,sex_m,eco_aggregate_total,edu_aggregate_total,2018,41.91
mkd,sex_m,eco_aggregate_total,edu_aggregate_total,2019,41.02
mkd,sex_m,eco_aggregate_total,edu_aggregate_total,2020,39.32
mkd,sex_m,eco_aggregate_total,edu_aggregate_total,2021,40.37
mkd,sex_m,eco_aggregate_total,edu_aggregate_total,2022,39.99
mkd,sex_m,eco_aggregate_total,edu_aggregate_total,2024,39.49
mkd,sex_m,eco_aggregate_total,edu_isced11_0,2006,44.8
mkd,sex_m,eco_aggregate_total,edu_isced11_0,2007,44.39
mkd,sex_m,eco_aggregate_total,edu_isced11_0,2008,42.98
mkd,sex_m,eco_aggregate_total,edu_isced11_0,2009,38.65
mkd,sex_m,eco_aggregate_total,edu_isced11_0,2010,37.95
mkd,sex_m,eco_aggregate_total,edu_isced11_0,2011,39.27
mkd,sex_m,eco_aggregate_total,edu_isced11_0,2012,39.05
mkd,sex_m,eco_aggregate_total,edu_isced11_0,2013,43.75
mkd,sex_m,eco_aggregate_total,edu_isced11_0,2014,42.63
mkd,sex_m,eco_aggregate_total,edu_isced11_0,2015,42.73
mkd,sex_m,eco_aggregate_total,edu_isced11_0,2016,41.77
mkd,sex_m,eco_aggregate_total,edu_isced11_0,2017,42.8
mkd,sex_m,eco_aggregate_total,edu_isced11_0,2018,43.24
mkd,sex_m,eco_aggregate_total,edu_isced11_0,2019,38.19
mkd,sex_m,eco_aggregate_total,edu_isced11_0,2020,37.38
mkd,sex_m,eco_aggregate_total,edu_isced11_0,2021,37.4
mkd,sex_m,eco_aggregate_total,edu_isced11_0,2022,38.51
mkd,sex_m,eco_aggregate_total,edu_isced11_0,2024,36.7
mkd,sex_m,eco_aggregate_total,edu_isced11_1,2006,45.47
mkd,sex_m,eco_aggregate_total,edu_isced11_1,2007,43.91
mkd,sex_m,eco_aggregate_total,edu_isced11_1,2008,44.61
mkd,sex_m,eco_aggregate_total,edu_isced11_1,2009,43.19
mkd,sex_m,eco_aggregate_total,edu_isced11_1,2010,42.31
mkd,sex_m,eco_aggregate_total,edu_isced11_1,2011,42.48
mkd,sex_m,eco_aggregate_total,edu_isced11_1,2012,43.45
mkd,sex_m,eco_aggregate_total,edu_isced11_1,2013,43.26
mkd,sex_m,eco_aggregate_total,edu_isced11_1,2014,42.85
mkd,sex_m,eco_aggregate_total,edu_isced11_1,2015,42.78
mkd,sex_m,eco_aggregate_total,edu_isced11_1,2016,42.44
mkd,sex_m,eco_aggregate_total,edu_isced11_1,2017,43.71
mkd,sex_m,eco_aggregate_total,edu_isced11_1,2018,42.95
mkd,sex_m,eco_aggregate_total,edu_isced11_1,2019,41.76
mkd,sex_m,eco_aggregate_total,edu_isced11_1,2020,39.96
mkd,sex_m,eco_aggregate_total,edu_isced11_1,2021,41.46
mkd,sex_m,eco_aggregate_total,edu_isced11_1,2022,40.01
mkd,sex_m,eco_aggregate_total,edu_isced11_1,2024,40.92
mkd,sex_m,eco_aggregate_total,edu_isced11_2,2006,42.95
mkd,sex_m,eco_aggregate_total,edu_isced11_2,2007,39.01
mkd,sex_m,eco_aggregate_total,edu_isced11_2,2008,43.55
mkd,sex_m,eco_aggregate_total,edu_isced11_2,2009,44.31
mkd,sex_m,eco_aggregate_total,edu_isced11_2,2010,42.72
mkd,sex_m,eco_aggregate_total,edu_isced11_2,2011,34.58
mkd,sex_m,eco_aggregate_total,edu_isced11_2,2012,42.16
mkd,sex_m,eco_aggregate_total,edu_isced11_2,2013,36.3
mkd,sex_m,eco_aggregate_total,edu_isced11_2,2014,43.14
mkd,sex_m,eco_aggregate_total,edu_isced11_2,2015,45.13
mkd,sex_m,eco_aggregate_total,edu_isced11_2,2016,40.97
mkd,sex_m,eco_aggregate_total,edu_isced11_2,2017,44.76
mkd,sex_m,eco_aggregate_total,edu_isced11_2,2018,44.65
mkd,sex_m,eco_aggregate_total,edu_isced11_2,2019,41.92
mkd,sex_m,eco_aggregate_total,edu_isced11_2,2020,36.1
mkd,sex_m,eco_aggregate_total,edu_isced11_2,2021,40.25
mkd,sex_m,eco_aggregate_total,edu_isced11_2,2024,37.24
mkd,sex_m,eco_aggregate_total,edu_isced11_3,2006,44.33
mkd,sex_m,eco_aggregate_total,edu_isced11_3,2007,43.66
mkd,sex_m,eco_aggregate_total,edu_isced11_3,2008,43.71
mkd,sex_m,eco_aggregate_total,edu_isced11_3,2009,43.05
mkd,sex_m,eco_aggregate_total,edu_isced11_3,2010,42.99
mkd,sex_m,eco_aggregate_total,edu_isced11_3,2011,42.22
mkd,sex_m,eco_aggregate_total,edu_isced11_3,2012,42.24
mkd,sex_m,eco_aggregate_total,edu_isced11_3,2013,42.36
mkd,sex_m,eco_aggregate_total,edu_isced11_3,2014,41.77
mkd,sex_m,eco_aggregate_total,edu_isced11_3,2015,41.78
mkd,sex_m,eco_aggregate_total,edu_isced11_3,2016,42.21
mkd,sex_m,eco_aggregate_total,edu_isced11_3,2017,42.65
mkd,sex_m,eco_aggregate_total,edu_isced11_3,2018,42.16
mkd,sex_m,eco_aggregate_total,edu_isced11_3,2019,41.32
mkd,sex_m,eco_aggregate_total,edu_isced11_3,2020,39.46
mkd,sex_m,eco_aggregate_total,edu_isced11_3,2021,40.46
mkd,sex_m,eco_aggregate_total,edu_isced11_3,2022,40.23
mkd,sex_m,eco_aggregate_total,edu_isced11_3,2024,39.37
mkd,sex_m,eco_aggregate_total,edu_isced11_4,2020,37.87
mkd,sex_m,eco_aggregate_total,edu_isced11_4,2021,39.03
mkd,sex_m,eco_aggregate_total,edu_isced11_4,2022,40.21
mkd,sex_m,eco_aggregate_total,edu_isced11_4,2024,40.24
mkd,sex_m,eco_aggregate_total,edu_isced11_5,2006,41.65
mkd,sex_m,eco_aggregate_total,edu_isced11_5,2007,41.29
mkd,sex_m,eco_aggregate_total,edu_isced11_5,2008,40.66
mkd,sex_m,eco_aggregate_total,edu_isced11_5,2009,40.14
mkd,sex_m,eco_aggregate_total,edu_isced11_5,2010,41.09
mkd,sex_m,eco_aggregate_total,edu_isced11_5,2011,41.1
mkd,sex_m,eco_aggregate_total,edu_isced11_5,2012,41.15
mkd,sex_m,eco_aggregate_total,edu_isced11_5,2013,40.47
mkd,sex_m,eco_aggregate_total,edu_isced11_5,2014,40.7
mkd,sex_m,eco_aggregate_total,edu_isced11_5,2015,40.92
mkd,sex_m,eco_aggregate_total,edu_isced11_5,2016,41.12
mkd,sex_m,eco_aggregate_total,edu_isced11_5,2017,42.01
mkd,sex_m,eco_aggregate_total,edu_isced11_5,2018,40.84
mkd,sex_m,eco_aggregate_total,edu_isced11_5,2019,40.43
mkd,sex_m,eco_aggregate_total,edu_isced11_5,2020,39.08
mkd,sex_m,eco_aggregate_total,edu_isced11_5,2021,40.18
mkd,sex_m,eco_aggregate_total,edu_isced11_5,2022,40.13
mkd,sex_m,eco_aggregate_total,edu_isced11_5,2024,36.95
mkd,sex_m,eco_aggregate_total,edu_isced11_6,2006,41.73
mkd,sex_m,eco_aggregate_total,edu_isced11_6,2007,41.27
mkd,sex_m,eco_aggregate_total,edu_isced11_6,2008,41.03
mkd,sex_m,eco_aggregate_total,edu_isced11_6,2009,40.38
mkd,sex_m,eco_aggregate_total,edu_isced11_6,2010,40.67
mkd,sex_m,eco_aggregate_total,edu_isced11_6,2011,39.79
mkd,sex_m,eco_aggregate_total,edu_isced11_6,2012,40.17
mkd,sex_m,eco_aggregate_total,edu_isced11_6,2013,40.65
mkd,sex_m,eco_aggregate_total,edu_isced11_6,2014,40.65
mkd,sex_m,eco_aggregate_total,edu_isced11_6,2015,39.98
mkd,sex_m,eco_aggregate_total,edu_isced11_6,2016,39.94
mkd,sex_m,eco_aggregate_total,edu_isced11_6,2017,40.63
mkd,sex_m,eco_aggregate_total,edu_isced11_6,2018,40.21
mkd,sex_m,eco_aggregate_total,edu_isced11_6,2019,39.6
mkd,sex_m,eco_aggregate_total,edu_isced11_6,2020,38.73
mkd,sex_m,eco_aggregate_total,edu_isced11_6,2021,39.56
mkd,sex_m,eco_aggregate_total,edu_isced11_6,2022,39.45
mkd,sex_m,eco_aggregate_total,edu_isced11_6,2024,38.69
mkd,sex_m,eco_aggregate_total,edu_isced11_7,2006,41.57
mkd,sex_m,eco_aggregate_total,edu_isced11_7,2007,40.77
mkd,sex_m,eco_aggregate_total,edu_isced11_7,2008,38.2
mkd,sex_m,eco_aggregate_total,edu_isced11_7,2009,37.52
mkd,sex_m,eco_aggregate_total,edu_isced11_7,2010,39.93
mkd,sex_m,eco_aggregate_total,edu_isced11_7,2011,39.26
mkd,sex_m,eco_aggregate_total,edu_isced11_7,2012,39.19
mkd,sex_m,eco_aggregate_total,edu_isced11_7,2013,40.05
mkd,sex_m,eco_aggregate_total,edu_isced11_7,2014,40.32
mkd,sex_m,eco_aggregate_total,edu_isced11_7,2015,39.48
mkd,sex_m,eco_aggregate_total,edu_isced11_7,2016,39.63
mkd,sex_m,eco_aggregate_total,edu_isced11_7,2017,40.89
mkd,sex_m,eco_aggregate_total,edu_isced11_7,2018,40.2
mkd,sex_m,eco_aggregate_total,edu_isced11_7,2019,40.3
mkd,sex_m,eco_aggregate_total,edu_isced11_7,2020,37.89
mkd,sex_m,eco_aggregate_total,edu_isced11_7,2021,39.52
mkd,sex_m,eco_aggregate_total,edu_isced11_7,2022,39.06
mkd,sex_m,eco_aggregate_total,edu_isced11_7,2024,39.25
mkd,sex_m,eco_aggregate_total,edu_isced11_8,2006,41.5
mkd,sex_m,eco_aggregate_total,edu_isced11_8,2007,40.81
mkd,sex_m,eco_aggregate_total,edu_isced11_8,2008,37.35
mkd,sex_m,eco_aggregate_total,edu_isced11_8,2009,40.15
mkd,sex_m,eco_aggregate_total,edu_isced11_8,2010,41.4
mkd,sex_m,eco_aggregate_total,edu_isced11_8,2011,38.65
mkd,sex_m,eco_aggregate_total,edu_isced11_8,2012,41.41
mkd,sex_m,eco_aggregate_total,edu_isced11_8,2013,38.84
mkd,sex_m,eco_aggregate_total,edu_isced11_8,2014,39.87
mkd,sex_m,eco_aggregate_total,edu_isced11_8,2015,37.27
mkd,sex_m,eco_aggregate_total,edu_isced11_8,2016,40.34
mkd,sex_m,eco_aggregate_total,edu_isced11_8,2017,39.92
mkd,sex_m,eco_aggregate_total,edu_isced11_8,2018,39.52
mkd,sex_m,eco_aggregate_total,edu_isced11_8,2019,39.37
mkd,sex_m,eco_aggregate_total,edu_isced11_8,2020,38.84
mkd,sex_m,eco_aggregate_total,edu_isced11_8,2021,39.09
mkd,sex_m,eco_aggregate_total,edu_isced11_8,2022,38.65
mkd,sex_m,eco_aggregate_total,edu_isced11_8,2024,38.31
mkd,sex_m,eco_aggregate_total,edu_isced11_total,2006,44.15
mkd,sex_m,eco_aggregate_total,edu_isced11_total,2007,43.25
mkd,sex_m,eco_aggregate_total,edu_isced11_total,2008,43.43
mkd,sex_m,eco_aggregate_total,edu_isced11_total,2009,42.47
mkd,sex_m,eco_aggregate_total,edu_isced11_total,2010,42.26
mkd,sex_m,eco_aggregate_total,edu_isced11_total,2011,41.69
mkd,sex_m,eco_aggregate_total,edu_isced11_total,2012,42
mkd,sex_m,eco_aggregate_total,edu_isced11_total,2013,42.21
mkd,sex_m,eco_aggregate_total,edu_isced11_total,2014,41.84
mkd,sex_m,eco_aggregate_total,edu_isced11_total,2015,41.67
mkd,sex_m,eco_aggregate_total,edu_isced11_total,2016,41.77
mkd,sex_m,eco_aggregate_total,edu_isced11_total,2017,42.43
mkd,sex_m,eco_aggregate_total,edu_isced11_total,2018,41.91
mkd,sex_m,eco_aggregate_total,edu_isced11_total,2019,41.02
mkd,sex_m,eco_aggregate_total,edu_isced11_total,2020,39.32
mkd,sex_m,eco_aggregate_total,edu_isced11_total,2021,40.37
mkd,sex_m,eco_aggregate_total,edu_isced11_total,2022,39.99
mkd,sex_m,eco_aggregate_total,edu_isced11_total,2024,39.49
mkd,sex_m,eco_aggregate_total,edu_isced11_x,2006,36.19
mkd,sex_m,eco_aggregate_total,edu_isced11_x,2007,38.88
mkd,sex_m,eco_aggregate_total,edu_isced11_x,2008,39.91
mkd,sex_m,eco_aggregate_total,edu_isced11_x,2009,39.42
mkd,sex_m,eco_aggregate_total,edu_isced11_x,2010,41.74
mkd,sex_m,eco_aggregate_total,edu_isced11_x,2011,38.11
mkd,sex_m,eco_aggregate_total,edu_isced11_x,2012,42.32
mkd,sex_m,eco_aggregate_total,edu_isced11_x,2013,38.45
mkd,sex_m,eco_aggregate_total,edu_isced11_x,2014,47.6
mkd,sex_m,eco_aggregate_total,edu_isced11_x,2015,38.48
mkd,sex_m,eco_aggregate_total,edu_isced11_x,2016,38.36
mkd,sex_m,eco_aggregate_total,edu_isced11_x,2017,39.8
mkd,sex_m,eco_aggregate_total,edu_isced11_x,2018,36.24
mkd,sex_m,eco_aggregate_total,edu_isced11_x,2019,40.09
mkd,sex_m,eco_aggregate_total,edu_isced11_x,2020,35.95
mkd,sex_m,eco_aggregate_total,edu_isced11_x,2021,35.4
mkd,sex_m,eco_aggregate_total,edu_isced11_x,2022,40.96
mkd,sex_m,eco_aggregate_total,edu_isced11_x,2024,38.46
mkd,sex_m,eco_isic3_a,edu_aggregate_adv,2006,40.53
mkd,sex_m,eco_isic3_a,edu_aggregate_adv,2007,39.79
mkd,sex_m,eco_isic3_a,edu_aggregate_adv,2008,40.34
mkd,sex_m,eco_isic3_a,edu_aggregate_adv,2009,41.3
mkd,sex_m,eco_isic3_a,edu_aggregate_adv,2010,40.61
mkd,sex_m,eco_isic3_a,edu_aggregate_bas,2006,43.04
mkd,sex_m,eco_isic3_a,edu_aggregate_bas,2007,41.51
mkd,sex_m,eco_isic3_a,edu_aggregate_bas,2008,41.31
mkd,sex_m,eco_isic3_a,edu_aggregate_bas,2009,38.38
mkd,sex_m,eco_isic3_a,edu_aggregate_bas,2010,37.45
mkd,sex_m,eco_isic3_a,edu_aggregate_int,2006,43.8
mkd,sex_m,eco_isic3_a,edu_aggregate_int,2007,40.45
mkd,sex_m,eco_isic3_a,edu_aggregate_int,2008,42.03
mkd,sex_m,eco_isic3_a,edu_aggregate_int,2009,40.85
mkd,sex_m,eco_isic3_a,edu_aggregate_int,2010,39.8
mkd,sex_m,eco_isic3_a,edu_aggregate_ltb,2006,44.78
mkd,sex_m,eco_isic3_a,edu_aggregate_ltb,2007,43.3
mkd,sex_m,eco_isic3_a,edu_aggregate_ltb,2008,42.16
mkd,sex_m,eco_isic3_a,edu_aggregate_ltb,2009,37.86
mkd,sex_m,eco_isic3_a,edu_aggregate_ltb,2010,37.23
mkd,sex_m,eco_isic3_a,edu_aggregate_total,2006,43.47
mkd,sex_m,eco_isic3_a,edu_aggregate_total,2007,41.38
mkd,sex_m,eco_isic3_a,edu_aggregate_total,2008,41.62
mkd,sex_m,eco_isic3_a,edu_aggregate_total,2009,39.19
mkd,sex_m,eco_isic3_a,edu_aggregate_total,2010,38.31
mkd,sex_m,eco_isic3_a,edu_isced11_0,2006,45.49
mkd,sex_m,eco_isic3_a,edu_isced11_0,2007,44.78
mkd,sex_m,eco_isic3_a,edu_isced11_0,2008,42.5
mkd,sex_m,eco_isic3_a,edu_isced11_0,2009,37.66
mkd,sex_m,eco_isic3_a,edu_isced11_0,2010,36.51
mkd,sex_m,eco_isic3_a,edu_isced11_1,2006,42.98
mkd,sex_m,eco_isic3_a,edu_isced11_1,2007,41.7
mkd,sex_m,eco_isic3_a,edu_isced11_1,2008,41.31
mkd,sex_m,eco_isic3_a,edu_isced11_1,2009,38.25
mkd,sex_m,eco_isic3_a,edu_isced11_1,2010,37.42
mkd,sex_m,eco_isic3_a,edu_isced11_2,2006,46.28
mkd,sex_m,eco_isic3_a,edu_isced11_2,2007,33.08
mkd,sex_m,eco_isic3_a,edu_isced11_2,2008,41.15
mkd,sex_m,eco_isic3_a,edu_isced11_2,2009,44.01
mkd,sex_m,eco_isic3_a,edu_isced11_2,2010,40.49
mkd,sex_m,eco_isic3_a,edu_isced11_3,2006,43.8
mkd,sex_m,eco_isic3_a,edu_isced11_3,2007,40.45
mkd,sex_m,eco_isic3_a,edu_isced11_3,2008,42.03
mkd,sex_m,eco_isic3_a,edu_isced11_3,2009,40.85
mkd,sex_m,eco_isic3_a,edu_isced11_3,2010,39.8
mkd,sex_m,eco_isic3_a,edu_isced11_5,2006,38.02
mkd,sex_m,eco_isic3_a,edu_isced11_5,2007,40.65
mkd,sex_m,eco_isic3_a,edu_isced11_5,2008,41.67
mkd,sex_m,eco_isic3_a,edu_isced11_5,2009,44.19
mkd,sex_m,eco_isic3_a,edu_isced11_5,2010,36.89
mkd,sex_m,eco_isic3_a,edu_isced11_6,2006,41.68
mkd,sex_m,eco_isic3_a,edu_isced11_6,2007,39.1
mkd,sex_m,eco_isic3_a,edu_isced11_6,2008,39.76
mkd,sex_m,eco_isic3_a,edu_isced11_6,2009,39.68
mkd,sex_m,eco_isic3_a,edu_isced11_6,2010,42.82
mkd,sex_m,eco_isic3_a,edu_isced11_total,2006,43.47
mkd,sex_m,eco_isic3_a,edu_isced11_total,2007,41.38
mkd,sex_m,eco_isic3_a,edu_isced11_total,2008,41.62
mkd,sex_m,eco_isic3_a,edu_isced11_total,2009,39.19
mkd,sex_m,eco_isic3_a,edu_isced11_total,2010,38.31
mkd,sex_m,eco_isic3_a,edu_isced11_x,2006,39.46
mkd,sex_m,eco_isic3_a,edu_isced11_x,2007,38.62
mkd,sex_m,eco_isic3_a,edu_isced11_x,2008,38.42
mkd,sex_m,eco_isic3_a,edu_isced11_x,2009,40.16
mkd,sex_m,eco_isic3_a,edu_isced11_x,2010,42.55
mkd,sex_m,eco_isic3_b,edu_aggregate_bas,2010,36.6
mkd,sex_m,eco_isic3_b,edu_aggregate_int,2006,54.92
mkd,sex_m,eco_isic3_b,edu_aggregate_total,2006,55.52
mkd,sex_m,eco_isic3_b,edu_aggregate_total,2007,38.74
mkd,sex_m,eco_isic3_b,edu_aggregate_total,2008,40
mkd,sex_m,eco_isic3_b,edu_aggregate_total,2010,40.32
mkd,sex_m,eco_isic3_b,edu_isced11_1,2010,36.6
mkd,sex_m,eco_isic3_b,edu_isced11_3,2006,54.92
mkd,sex_m,eco_isic3_b,edu_isced11_total,2006,55.52
mkd,sex_m,eco_isic3_b,edu_isced11_total,2007,38.74
mkd,sex_m,eco_isic3_b,edu_isced11_total,2008,40
mkd,sex_m,eco_isic3_b,edu_isced11_total,2010,40.32
mkd,sex_m,eco_isic3_c,edu_aggregate_adv,2007,43.14
mkd,sex_m,eco_isic3_c,edu_aggregate_adv,2008,42.96
mkd,sex_m,eco_isic3_c,edu_aggregate_adv,2009,44.93
mkd,sex_m,eco_isic3_c,edu_aggregate_adv,2010,42.07
mkd,sex_m,eco_isic3_c,edu_aggregate_bas,2006,46
mkd,sex_m,eco_isic3_c,edu_aggregate_bas,2007,40.21
mkd,sex_m,eco_isic3_c,edu_aggregate_bas,2008,43.33
mkd,sex_m,eco_isic3_c,edu_aggregate_bas,2009,43.01
mkd,sex_m,eco_isic3_c,edu_aggregate_bas,2010,44.63
mkd,sex_m,eco_isic3_c,edu_aggregate_int,2006,42.2
mkd,sex_m,eco_isic3_c,edu_aggregate_int,2007,42.58
mkd,sex_m,eco_isic3_c,edu_aggregate_int,2008,41.94
mkd,sex_m,eco_isic3_c,edu_aggregate_int,2009,43.74
mkd,sex_m,eco_isic3_c,edu_aggregate_int,2010,43.06
mkd,sex_m,eco_isic3_c,edu_aggregate_total,2006,43.11
mkd,sex_m,eco_isic3_c,edu_aggregate_total,2007,42.18
mkd,sex_m,eco_isic3_c,edu_aggregate_total,2008,42.47
mkd,sex_m,eco_isic3_c,edu_aggregate_total,2009,43.72
mkd,sex_m,eco_isic3_c,edu_aggregate_total,2010,43.48
mkd,sex_m,eco_isic3_c,edu_isced11_1,2006,46
mkd,sex_m,eco_isic3_c,edu_isced11_1,2007,40.21
mkd,sex_m,eco_isic3_c,edu_isced11_1,2008,43.44
mkd,sex_m,eco_isic3_c,edu_isced11_1,2009,43.01
mkd,sex_m,eco_isic3_c,edu_isced11_1,2010,44.94
mkd,sex_m,eco_isic3_c,edu_isced11_3,2006,42.2
mkd,sex_m,eco_isic3_c,edu_isced11_3,2007,42.58
mkd,sex_m,eco_isic3_c,edu_isced11_3,2008,41.94
mkd,sex_m,eco_isic3_c,edu_isced11_3,2009,43.74
mkd,sex_m,eco_isic3_c,edu_isced11_3,2010,43.06
mkd,sex_m,eco_isic3_c,edu_isced11_5,2007,44.35
mkd,sex_m,eco_isic3_c,edu_isced11_5,2008,43.52
mkd,sex_m,eco_isic3_c,edu_isced11_5,2010,44.29
mkd,sex_m,eco_isic3_c,edu_isced11_6,2007,42.57
mkd,sex_m,eco_isic3_c,edu_isced11_6,2008,42.46
mkd,sex_m,eco_isic3_c,edu_isced11_6,2009,45.19
mkd,sex_m,eco_isic3_c,edu_isced11_6,2010,40.79
mkd,sex_m,eco_isic3_c,edu_isced11_total,2006,43.11
mkd,sex_m,eco_isic3_c,edu_isced11_total,2007,42.18
mkd,sex_m,eco_isic3_c,edu_isced11_total,2008,42.47
mkd,sex_m,eco_isic3_c,edu_isced11_total,2009,43.72
mkd,sex_m,eco_isic3_c,edu_isced11_total,2010,43.48
mkd,sex_m,eco_isic3_d,edu_aggregate_adv,2006,43.26
mkd,sex_m,eco_isic3_d,edu_aggregate_adv,2007,42.29
mkd,sex_m,eco_isic3_d,edu_aggregate_adv,2008,42.73
mkd,sex_m,eco_isic3_d,edu_aggregate_adv,2009,42.31
mkd,sex_m,eco_isic3_d,edu_aggregate_adv,2010,42.67
mkd,sex_m,eco_isic3_d,edu_aggregate_bas,2006,44.48
mkd,sex_m,eco_isic3_d,edu_aggregate_bas,2007,43.96
mkd,sex_m,eco_isic3_d,edu_aggregate_bas,2008,43.99
mkd,sex_m,eco_isic3_d,edu_aggregate_bas,2009,43.7
mkd,sex_m,eco_isic3_d,edu_aggregate_bas,2010,44.91
mkd,sex_m,eco_isic3_d,edu_aggregate_int,2006,43.78
mkd,sex_m,eco_isic3_d,edu_aggregate_int,2007,43.92
mkd,sex_m,eco_isic3_d,edu_aggregate_int,2008,43.22
mkd,sex_m,eco_isic3_d,edu_aggregate_int,2009,42.83
mkd,sex_m,eco_isic3_d,edu_aggregate_int,2010,43.16
mkd,sex_m,eco_isic3_d,edu_aggregate_ltb,2006,45.27
mkd,sex_m,eco_isic3_d,edu_aggregate_ltb,2007,44.42
mkd,sex_m,eco_isic3_d,edu_aggregate_ltb,2008,41.28
mkd,sex_m,eco_isic3_d,edu_aggregate_ltb,2009,38.16
mkd,sex_m,eco_isic3_d,edu_aggregate_ltb,2010,38.11
mkd,sex_m,eco_isic3_d,edu_aggregate_total,2006,43.88
mkd,sex_m,eco_isic3_d,edu_aggregate_total,2007,43.76
mkd,sex_m,eco_isic3_d,edu_aggregate_total,2008,43.32
mkd,sex_m,eco_isic3_d,edu_aggregate_total,2009,42.92
mkd,sex_m,eco_isic3_d,edu_aggregate_total,2010,43.37
mkd,sex_m,eco_isic3_d,edu_isced11_0,2006,44.83
mkd,sex_m,eco_isic3_d,edu_isced11_0,2007,40.03
mkd,sex_m,eco_isic3_d,edu_isced11_0,2008,39.85
mkd,sex_m,eco_isic3_d,edu_isced11_0,2009,41.64
mkd,sex_m,eco_isic3_d,edu_isced11_0,2010,37.95
mkd,sex_m,eco_isic3_d,edu_isced11_1,2006,44.67
mkd,sex_m,eco_isic3_d,edu_isced11_1,2007,43.98
mkd,sex_m,eco_isic3_d,edu_isced11_1,2008,44.08
mkd,sex_m,eco_isic3_d,edu_isced11_1,2009,43.71
mkd,sex_m,eco_isic3_d,edu_isced11_1,2010,44.95
mkd,sex_m,eco_isic3_d,edu_isced11_2,2006,40.4
mkd,sex_m,eco_isic3_d,edu_isced11_2,2007,42.82
mkd,sex_m,eco_isic3_d,edu_isced11_2,2008,41.26
mkd,sex_m,eco_isic3_d,edu_isced11_2,2010,43.84
mkd,sex_m,eco_isic3_d,edu_isced11_3,2006,43.78
mkd,sex_m,eco_isic3_d,edu_isced11_3,2007,43.92
mkd,sex_m,eco_isic3_d,edu_isced11_3,2008,43.22
mkd,sex_m,eco_isic3_d,edu_isced11_3,2009,42.83
mkd,sex_m,eco_isic3_d,edu_isced11_3,2010,43.16
mkd,sex_m,eco_isic3_d,edu_isced11_5,2006,43
mkd,sex_m,eco_isic3_d,edu_isced11_5,2007,42.01
mkd,sex_m,eco_isic3_d,edu_isced11_5,2008,42.86
mkd,sex_m,eco_isic3_d,edu_isced11_5,2009,42.05
mkd,sex_m,eco_isic3_d,edu_isced11_5,2010,43.34
mkd,sex_m,eco_isic3_d,edu_isced11_6,2006,43.34
mkd,sex_m,eco_isic3_d,edu_isced11_6,2007,42.36
mkd,sex_m,eco_isic3_d,edu_isced11_6,2008,42.74
mkd,sex_m,eco_isic3_d,edu_isced11_6,2009,42.42
mkd,sex_m,eco_isic3_d,edu_isced11_6,2010,42.46
mkd,sex_m,eco_isic3_d,edu_isced11_7,2008,40.7
mkd,sex_m,eco_isic3_d,edu_isced11_7,2009,41.93
mkd,sex_m,eco_isic3_d,edu_isced11_total,2006,43.88
mkd,sex_m,eco_isic3_d,edu_isced11_total,2007,43.76
mkd,sex_m,eco_isic3_d,edu_isced11_total,2008,43.32
mkd,sex_m,eco_isic3_d,edu_isced11_total,2009,42.92
mkd,sex_m,eco_isic3_d,edu_isced11_total,2010,43.37
mkd,sex_m,eco_isic3_d,edu_isced11_x,2007,48.35
mkd,sex_m,eco_isic3_d,edu_isced11_x,2008,42.04
mkd,sex_m,eco_isic3_e,edu_aggregate_adv,2006,40.51
mkd,sex_m,eco_isic3_e,edu_aggregate_adv,2007,40.45
mkd,sex_m,eco_isic3_e,edu_aggregate_adv,2008,40.27
mkd,sex_m,eco_isic3_e,edu_aggregate_adv,2009,40.77
mkd,sex_m,eco_isic3_e,edu_aggregate_adv,2010,40.73
mkd,sex_m,eco_isic3_e,edu_aggregate_bas,2006,39.24
mkd,sex_m,eco_isic3_e,edu_aggregate_bas,2007,41.84
mkd,sex_m,eco_isic3_e,edu_aggregate_bas,2008,44.12
mkd,sex_m,eco_isic3_e,edu_aggregate_bas,2009,44.21
mkd,sex_m,eco_isic3_e,edu_aggregate_bas,2010,41.44
mkd,sex_m,eco_isic3_e,edu_aggregate_int,2006,41.32
mkd,sex_m,eco_isic3_e,edu_aggregate_int,2007,41.48
mkd,sex_m,eco_isic3_e,edu_aggregate_int,2008,40.97
mkd,sex_m,eco_isic3_e,edu_aggregate_int,2009,40.48
mkd,sex_m,eco_isic3_e,edu_aggregate_int,2010,40.33
mkd,sex_m,eco_isic3_e,edu_aggregate_ltb,2006,42.55
mkd,sex_m,eco_isic3_e,edu_aggregate_total,2006,40.86
mkd,sex_m,eco_isic3_e,edu_aggregate_total,2007,41.38
mkd,sex_m,eco_isic3_e,edu_aggregate_total,2008,41.1
mkd,sex_m,eco_isic3_e,edu_aggregate_total,2009,41.06
mkd,sex_m,eco_isic3_e,edu_aggregate_total,2010,40.53
mkd,sex_m,eco_isic3_e,edu_isced11_0,2006,42.55
mkd,sex_m,eco_isic3_e,edu_isced11_1,2006,39.62
mkd,sex_m,eco_isic3_e,edu_isced11_1,2007,41.77
mkd,sex_m,eco_isic3_e,edu_isced11_1,2008,44.12
mkd,sex_m,eco_isic3_e,edu_isced11_1,2009,44.41
mkd,sex_m,eco_isic3_e,edu_isced11_1,2010,41.39
mkd,sex_m,eco_isic3_e,edu_isced11_2,2006,37.57
mkd,sex_m,eco_isic3_e,edu_isced11_2,2010,41.9
mkd,sex_m,eco_isic3_e,edu_isced11_3,2006,41.32
mkd,sex_m,eco_isic3_e,edu_isced11_3,2007,41.48
mkd,sex_m,eco_isic3_e,edu_isced11_3,2008,40.97
mkd,sex_m,eco_isic3_e,edu_isced11_3,2009,40.48
mkd,sex_m,eco_isic3_e,edu_isced11_3,2010,40.33
mkd,sex_m,eco_isic3_e,edu_isced11_5,2006,40.66
mkd,sex_m,eco_isic3_e,edu_isced11_5,2007,40.91
mkd,sex_m,eco_isic3_e,edu_isced11_5,2008,40
mkd,sex_m,eco_isic3_e,edu_isced11_5,2009,40.43
mkd,sex_m,eco_isic3_e,edu_isced11_5,2010,41.24
mkd,sex_m,eco_isic3_e,edu_isced11_6,2006,40.5
mkd,sex_m,eco_isic3_e,edu_isced11_6,2007,40.16
mkd,sex_m,eco_isic3_e,edu_isced11_6,2008,40.35
mkd,sex_m,eco_isic3_e,edu_isced11_6,2009,40.96
mkd,sex_m,eco_isic3_e,edu_isced11_6,2010,40.45
mkd,sex_m,eco_isic3_e,edu_isced11_total,2006,40.86
mkd,sex_m,eco_isic3_e,edu_isced11_total,2007,41.38
mkd,sex_m,eco_isic3_e,edu_isced11_total,2008,41.1
mkd,sex_m,eco_isic3_e,edu_isced11_total,2009,41.06
mkd,sex_m,eco_isic3_e,edu_isced11_total,2010,40.53
mkd,sex_m,eco_isic3_f,edu_aggregate_adv,2006,44.55
mkd,sex_m,eco_isic3_f,edu_aggregate_adv,2007,43.86
mkd,sex_m,eco_isic3_f,edu_aggregate_adv,2008,42.15
mkd,sex_m,eco_isic3_f,edu_aggregate_adv,2009,44.71
mkd,sex_m,eco_isic3_f,edu_aggregate_adv,2010,44.09
mkd,sex_m,eco_isic3_f,edu_aggregate_bas,2006,47.89
mkd,sex_m,eco_isic3_f,edu_aggregate_bas,2007,47.77
mkd,sex_m,eco_isic3_f,edu_aggregate_bas,2008,48.88
mkd,sex_m,eco_isic3_f,edu_aggregate_bas,2009,49.36
mkd,sex_m,eco_isic3_f,edu_aggregate_bas,2010,47.19
mkd,sex_m,eco_isic3_f,edu_aggregate_int,2006,45.62
mkd,sex_m,eco_isic3_f,edu_aggregate_int,2007,46.34
mkd,sex_m,eco_isic3_f,edu_aggregate_int,2008,46.67
mkd,sex_m,eco_isic3_f,edu_aggregate_int,2009,44.75
mkd,sex_m,eco_isic3_f,edu_aggregate_int,2010,45.79
mkd,sex_m,eco_isic3_f,edu_aggregate_ltb,2006,39.68
mkd,sex_m,eco_isic3_f,edu_aggregate_ltb,2007,45.35
mkd,sex_m,eco_isic3_f,edu_aggregate_ltb,2008,48.04
mkd,sex_m,eco_isic3_f,edu_aggregate_ltb,2009,45.89
mkd,sex_m,eco_isic3_f,edu_aggregate_ltb,2010,46.59
mkd,sex_m,eco_isic3_f,edu_aggregate_total,2006,46.43
mkd,sex_m,eco_isic3_f,edu_aggregate_total,2007,46.76
mkd,sex_m,eco_isic3_f,edu_aggregate_total,2008,47.45
mkd,sex_m,eco_isic3_f,edu_aggregate_total,2009,46.98
mkd,sex_m,eco_isic3_f,edu_aggregate_total,2010,46.22
mkd,sex_m,eco_isic3_f,edu_isced11_0,2006,42.49
mkd,sex_m,eco_isic3_f,edu_isced11_0,2007,46.21
mkd,sex_m,eco_isic3_f,edu_isced11_0,2008,46.42
mkd,sex_m,eco_isic3_f,edu_isced11_0,2009,46.15
mkd,sex_m,eco_isic3_f,edu_isced11_0,2010,46.59
mkd,sex_m,eco_isic3_f,edu_isced11_1,2006,47.99
mkd,sex_m,eco_isic3_f,edu_isced11_1,2007,47.82
mkd,sex_m,eco_isic3_f,edu_isced11_1,2008,48.95
mkd,sex_m,eco_isic3_f,edu_isced11_1,2009,49.4
mkd,sex_m,eco_isic3_f,edu_isced11_1,2010,47.21
mkd,sex_m,eco_isic3_f,edu_isced11_2,2006,43.02
mkd,sex_m,eco_isic3_f,edu_isced11_2,2007,44.65
mkd,sex_m,eco_isic3_f,edu_isced11_2,2008,46.62
mkd,sex_m,eco_isic3_f,edu_isced11_2,2009,47.59
mkd,sex_m,eco_isic3_f,edu_isced11_3,2006,45.62
mkd,sex_m,eco_isic3_f,edu_isced11_3,2007,46.34
mkd,sex_m,eco_isic3_f,edu_isced11_3,2008,46.67
mkd,sex_m,eco_isic3_f,edu_isced11_3,2009,44.75
mkd,sex_m,eco_isic3_f,edu_isced11_3,2010,45.79
mkd,sex_m,eco_isic3_f,edu_isced11_5,2006,44.58
mkd,sex_m,eco_isic3_f,edu_isced11_5,2007,41.93
mkd,sex_m,eco_isic3_f,edu_isced11_5,2008,42.42
mkd,sex_m,eco_isic3_f,edu_isced11_5,2009,37.25
mkd,sex_m,eco_isic3_f,edu_isced11_5,2010,45.04
mkd,sex_m,eco_isic3_f,edu_isced11_6,2006,44.54
mkd,sex_m,eco_isic3_f,edu_isced11_6,2007,44.49
mkd,sex_m,eco_isic3_f,edu_isced11_6,2008,42.06
mkd,sex_m,eco_isic3_f,edu_isced11_6,2009,46.47
mkd,sex_m,eco_isic3_f,edu_isced11_6,2010,43.77
mkd,sex_m,eco_isic3_f,edu_isced11_total,2006,46.43
mkd,sex_m,eco_isic3_f,edu_isced11_total,2007,46.76
mkd,sex_m,eco_isic3_f,edu_isced11_total,2008,47.45
mkd,sex_m,eco_isic3_f,edu_isced11_total,2009,46.98
mkd,sex_m,eco_isic3_f,edu_isced11_total,2010,46.22
mkd,sex_m,eco_isic3_f,edu_isced11_x,2006,21.89
mkd,sex_m,eco_isic3_g,edu_aggregate_adv,2006,45.13
mkd,sex_m,eco_isic3_g,edu_aggregate_adv,2007,43.73
mkd,sex_m,eco_isic3_g,edu_aggregate_adv,2008,44.25
mkd,sex_m,eco_isic3_g,edu_aggregate_adv,2009,43.91
mkd,sex_m,eco_isic3_g,edu_aggregate_adv,2010,42.37
mkd,sex_m,eco_isic3_g,edu_aggregate_bas,2006,47.23
mkd,sex_m,eco_isic3_g,edu_aggregate_bas,2007,45.94
mkd,sex_m,eco_isic3_g,edu_aggregate_bas,2008,46.97
mkd,sex_m,eco_isic3_g,edu_aggregate_bas,2009,45.19
mkd,sex_m,eco_isic3_g,edu_aggregate_bas,2010,46.8
mkd,sex_m,eco_isic3_g,edu_aggregate_int,2006,45.26
mkd,sex_m,eco_isic3_g,edu_aggregate_int,2007,44.68
mkd,sex_m,eco_isic3_g,edu_aggregate_int,2008,44.95
mkd,sex_m,eco_isic3_g,edu_aggregate_int,2009,44.68
mkd,sex_m,eco_isic3_g,edu_aggregate_int,2010,44.56
mkd,sex_m,eco_isic3_g,edu_aggregate_ltb,2006,34.37
mkd,sex_m,eco_isic3_g,edu_aggregate_ltb,2007,46.67
mkd,sex_m,eco_isic3_g,edu_aggregate_ltb,2008,43.08
mkd,sex_m,eco_isic3_g,edu_aggregate_ltb,2009,47.62
mkd,sex_m,eco_isic3_g,edu_aggregate_ltb,2010,44.79
mkd,sex_m,eco_isic3_g,edu_aggregate_total,2006,45.6
mkd,sex_m,eco_isic3_g,edu_aggregate_total,2007,44.79
mkd,sex_m,eco_isic3_g,edu_aggregate_total,2008,45.2
mkd,sex_m,eco_isic3_g,edu_aggregate_total,2009,44.7
mkd,sex_m,eco_isic3_g,edu_aggregate_total,2010,44.63
mkd,sex_m,eco_isic3_g,edu_isced11_0,2006,29.43
mkd,sex_m,eco_isic3_g,edu_isced11_0,2007,45.43
mkd,sex_m,eco_isic3_g,edu_isced11_0,2008,44.46
mkd,sex_m,eco_isic3_g,edu_isced11_0,2009,47.62
mkd,sex_m,eco_isic3_g,edu_isced11_0,2010,45.25
mkd,sex_m,eco_isic3_g,edu_isced11_1,2006,47.1
mkd,sex_m,eco_isic3_g,edu_isced11_1,2007,46.28
mkd,sex_m,eco_isic3_g,edu_isced11_1,2008,47.02
mkd,sex_m,eco_isic3_g,edu_isced11_1,2009,45.27
mkd,sex_m,eco_isic3_g,edu_isced11_1,2010,46.85
mkd,sex_m,eco_isic3_g,edu_isced11_2,2006,50.17
mkd,sex_m,eco_isic3_g,edu_isced11_2,2007,37.52
mkd,sex_m,eco_isic3_g,edu_isced11_2,2008,43.98
mkd,sex_m,eco_isic3_g,edu_isced11_2,2009,41.01
mkd,sex_m,eco_isic3_g,edu_isced11_3,2006,45.26
mkd,sex_m,eco_isic3_g,edu_isced11_3,2007,44.68
mkd,sex_m,eco_isic3_g,edu_isced11_3,2008,44.95
mkd,sex_m,eco_isic3_g,edu_isced11_3,2009,44.68
mkd,sex_m,eco_isic3_g,edu_isced11_3,2010,44.56
mkd,sex_m,eco_isic3_g,edu_isced11_5,2006,46.32
mkd,sex_m,eco_isic3_g,edu_isced11_5,2007,43.73
mkd,sex_m,eco_isic3_g,edu_isced11_5,2008,46.12
mkd,sex_m,eco_isic3_g,edu_isced11_5,2009,45.06
mkd,sex_m,eco_isic3_g,edu_isced11_5,2010,41.2
mkd,sex_m,eco_isic3_g,edu_isced11_6,2006,44.54
mkd,sex_m,eco_isic3_g,edu_isced11_6,2007,43.76
mkd,sex_m,eco_isic3_g,edu_isced11_6,2008,43.63
mkd,sex_m,eco_isic3_g,edu_isced11_6,2009,43.73
mkd,sex_m,eco_isic3_g,edu_isced11_6,2010,42.52
mkd,sex_m,eco_isic3_g,edu_isced11_7,2009,40.16
mkd,sex_m,eco_isic3_g,edu_isced11_total,2006,45.6
mkd,sex_m,eco_isic3_g,edu_isced11_total,2007,44.79
mkd,sex_m,eco_isic3_g,edu_isced11_total,2008,45.2
mkd,sex_m,eco_isic3_g,edu_isced11_total,2009,44.7
mkd,sex_m,eco_isic3_g,edu_isced11_total,2010,44.63
mkd,sex_m,eco_isic3_g,edu_isced11_x,2008,40.1
mkd,sex_m,eco_isic3_g,edu_isced11_x,2010,44.31
mkd,sex_m,eco_isic3_h,edu_aggregate_adv,2006,43.38
mkd,sex_m,eco_isic3_h,edu_aggregate_adv,2007,46.26
mkd,sex_m,eco_isic3_h,edu_aggregate_adv,2008,46.87
mkd,sex_m,eco_isic3_h,edu_aggregate_adv,2009,40.39
mkd,sex_m,eco_isic3_h,edu_aggregate_adv,2010,44.57
mkd,sex_m,eco_isic3_h,edu_aggregate_bas,2006,54.38
mkd,sex_m,eco_isic3_h,edu_aggregate_bas,2007,46.12
mkd,sex_m,eco_isic3_h,edu_aggregate_bas,2008,48.43
mkd,sex_m,eco_isic3_h,edu_aggregate_bas,2009,52.41
mkd,sex_m,eco_isic3_h,edu_aggregate_bas,2010,49.64
mkd,sex_m,eco_isic3_h,edu_aggregate_int,2006,48.81
mkd,sex_m,eco_isic3_h,edu_aggregate_int,2007,47.47
mkd,sex_m,eco_isic3_h,edu_aggregate_int,2008,47.61
mkd,sex_m,eco_isic3_h,edu_aggregate_int,2009,46.37
mkd,sex_m,eco_isic3_h,edu_aggregate_int,2010,45.06
mkd,sex_m,eco_isic3_h,edu_aggregate_ltb,2006,37.63
mkd,sex_m,eco_isic3_h,edu_aggregate_total,2006,50.01
mkd,sex_m,eco_isic3_h,edu_aggregate_total,2007,46.93
mkd,sex_m,eco_isic3_h,edu_aggregate_total,2008,47.49
mkd,sex_m,eco_isic3_h,edu_aggregate_total,2009,46.97
mkd,sex_m,eco_isic3_h,edu_aggregate_total,2010,45.88
mkd,sex_m,eco_isic3_h,edu_isced11_0,2006,37.63
mkd,sex_m,eco_isic3_h,edu_isced11_1,2006,54.62
mkd,sex_m,eco_isic3_h,edu_isced11_1,2007,46.28
mkd,sex_m,eco_isic3_h,edu_isced11_1,2008,48.49
mkd,sex_m,eco_isic3_h,edu_isced11_1,2009,52.41
mkd,sex_m,eco_isic3_h,edu_isced11_1,2010,49.64
mkd,sex_m,eco_isic3_h,edu_isced11_3,2006,48.81
mkd,sex_m,eco_isic3_h,edu_isced11_3,2007,47.47
mkd,sex_m,eco_isic3_h,edu_isced11_3,2008,47.61
mkd,sex_m,eco_isic3_h,edu_isced11_3,2009,46.37
mkd,sex_m,eco_isic3_h,edu_isced11_3,2010,45.06
mkd,sex_m,eco_isic3_h,edu_isced11_5,2006,38.7
mkd,sex_m,eco_isic3_h,edu_isced11_5,2007,49.45
mkd,sex_m,eco_isic3_h,edu_isced11_5,2008,45.7
mkd,sex_m,eco_isic3_h,edu_isced11_5,2009,42.2
mkd,sex_m,eco_isic3_h,edu_isced11_5,2010,47.13
mkd,sex_m,eco_isic3_h,edu_isced11_6,2006,46.4
mkd,sex_m,eco_isic3_h,edu_isced11_6,2007,42.9
mkd,sex_m,eco_isic3_h,edu_isced11_6,2008,48.62
mkd,sex_m,eco_isic3_h,edu_isced11_6,2009,39.22
mkd,sex_m,eco_isic3_h,edu_isced11_6,2010,43.7
mkd,sex_m,eco_isic3_h,edu_isced11_total,2006,50.01
mkd,sex_m,eco_isic3_h,edu_isced11_total,2007,46.93
mkd,sex_m,eco_isic3_h,edu_isced11_total,2008,47.49
mkd,sex_m,eco_isic3_h,edu_isced11_total,2009,46.97
mkd,sex_m,eco_isic3_h,edu_isced11_total,2010,45.88
mkd,sex_m,eco_isic3_i,edu_aggregate_adv,2006,42.7
mkd,sex_m,eco_isic3_i,edu_aggregate_adv,2007,43.8
mkd,sex_m,eco_isic3_i,edu_aggregate_adv,2008,43.34
mkd,sex_m,eco_isic3_i,edu_aggregate_adv,2009,41.28
mkd,sex_m,eco_isic3_i,edu_aggregate_adv,2010,42.37
mkd,sex_m,eco_isic3_i,edu_aggregate_bas,2006,47.83
mkd,sex_m,eco_isic3_i,edu_aggregate_bas,2007,46.37
mkd,sex_m,eco_isic3_i,edu_aggregate_bas,2008,49.89
mkd,sex_m,eco_isic3_i,edu_aggregate_bas,2009,45.31
mkd,sex_m,eco_isic3_i,edu_aggregate_bas,2010,44.55
mkd,sex_m,eco_isic3_i,edu_aggregate_int,2006,47.51
mkd,sex_m,eco_isic3_i,edu_aggregate_int,2007,46.04
mkd,sex_m,eco_isic3_i,edu_aggregate_int,2008,46.34
mkd,sex_m,eco_isic3_i,edu_aggregate_int,2009,45.23
mkd,sex_m,eco_isic3_i,edu_aggregate_int,2010,44.85
mkd,sex_m,eco_isic3_i,edu_aggregate_ltb,2007,32.76
mkd,sex_m,eco_isic3_i,edu_aggregate_ltb,2008,52.94
mkd,sex_m,eco_isic3_i,edu_aggregate_ltb,2009,47.76
mkd,sex_m,eco_isic3_i,edu_aggregate_ltb,2010,52.75
mkd,sex_m,eco_isic3_i,edu_aggregate_total,2006,47.12
mkd,sex_m,eco_isic3_i,edu_aggregate_total,2007,45.66
mkd,sex_m,eco_isic3_i,edu_aggregate_total,2008,46.7
mkd,sex_m,eco_isic3_i,edu_aggregate_total,2009,44.87
mkd,sex_m,eco_isic3_i,edu_aggregate_total,2010,44.55
mkd,sex_m,eco_isic3_i,edu_isced11_0,2007,46.81
mkd,sex_m,eco_isic3_i,edu_isced11_0,2008,52.94
mkd,sex_m,eco_isic3_i,edu_isced11_0,2009,46.11
mkd,sex_m,eco_isic3_i,edu_isced11_0,2010,53.06
mkd,sex_m,eco_isic3_i,edu_isced11_1,2006,47.83
mkd,sex_m,eco_isic3_i,edu_isced11_1,2007,46.38
mkd,sex_m,eco_isic3_i,edu_isced11_1,2008,49.9
mkd,sex_m,eco_isic3_i,edu_isced11_1,2009,45.29
mkd,sex_m,eco_isic3_i,edu_isced11_1,2010,44.63
mkd,sex_m,eco_isic3_i,edu_isced11_2,2007,46.18
mkd,sex_m,eco_isic3_i,edu_isced11_2,2010,41.7
mkd,sex_m,eco_isic3_i,edu_isced11_3,2006,47.51
mkd,sex_m,eco_isic3_i,edu_isced11_3,2007,46.04
mkd,sex_m,eco_isic3_i,edu_isced11_3,2008,46.34
mkd,sex_m,eco_isic3_i,edu_isced11_3,2009,45.23
mkd,sex_m,eco_isic3_i,edu_isced11_3,2010,44.85
mkd,sex_m,eco_isic3_i,edu_isced11_5,2006,40.72
mkd,sex_m,eco_isic3_i,edu_isced11_5,2007,45.17
mkd,sex_m,eco_isic3_i,edu_isced11_5,2008,41.54
mkd,sex_m,eco_isic3_i,edu_isced11_5,2009,41.79
mkd,sex_m,eco_isic3_i,edu_isced11_5,2010,44.43
mkd,sex_m,eco_isic3_i,edu_isced11_6,2006,44.72
mkd,sex_m,eco_isic3_i,edu_isced11_6,2007,43.41
mkd,sex_m,eco_isic3_i,edu_isced11_6,2008,44.1
mkd,sex_m,eco_isic3_i,edu_isced11_6,2009,40.72
mkd,sex_m,eco_isic3_i,edu_isced11_6,2010,41.35
mkd,sex_m,eco_isic3_i,edu_isced11_7,2007,41.59
mkd,sex_m,eco_isic3_i,edu_isced11_total,2006,47.12
mkd,sex_m,eco_isic3_i,edu_isced11_total,2007,45.66
mkd,sex_m,eco_isic3_i,edu_isced11_total,2008,46.7
mkd,sex_m,eco_isic3_i,edu_isced11_total,2009,44.87
mkd,sex_m,eco_isic3_i,edu_isced11_total,2010,44.55
mkd,sex_m,eco_isic3_j,edu_aggregate_adv,2006,40.52
mkd,sex_m,eco_isic3_j,edu_aggregate_adv,2007,42.5
mkd,sex_m,eco_isic3_j,edu_aggregate_adv,2008,38.76
mkd,sex_m,eco_isic3_j,edu_aggregate_adv,2009,40.57
mkd,sex_m,eco_isic3_j,edu_aggregate_adv,2010,41.3
mkd,sex_m,eco_isic3_j,edu_aggregate_int,2006,43.09
mkd,sex_m,eco_isic3_j,edu_aggregate_int,2007,42.47
mkd,sex_m,eco_isic3_j,edu_aggregate_int,2008,41.26
mkd,sex_m,eco_isic3_j,edu_aggregate_int,2009,42.44
mkd,sex_m,eco_isic3_j,edu_aggregate_int,2010,43.38
mkd,sex_m,eco_isic3_j,edu_aggregate_total,2006,41.71
mkd,sex_m,eco_isic3_j,edu_aggregate_total,2007,42.74
mkd,sex_m,eco_isic3_j,edu_aggregate_total,2008,40.2
mkd,sex_m,eco_isic3_j,edu_aggregate_total,2009,41.69
mkd,sex_m,eco_isic3_j,edu_aggregate_total,2010,42.45
mkd,sex_m,eco_isic3_j,edu_isced11_3,2006,43.09
mkd,sex_m,eco_isic3_j,edu_isced11_3,2007,42.47
mkd,sex_m,eco_isic3_j,edu_isced11_3,2008,41.26
mkd,sex_m,eco_isic3_j,edu_isced11_3,2009,42.44
mkd,sex_m,eco_isic3_j,edu_isced11_3,2010,43.38
mkd,sex_m,eco_isic3_j,edu_isced11_5,2006,40.27
mkd,sex_m,eco_isic3_j,edu_isced11_5,2007,40.69
mkd,sex_m,eco_isic3_j,edu_isced11_5,2008,40
mkd,sex_m,eco_isic3_j,edu_isced11_5,2009,41.15
mkd,sex_m,eco_isic3_j,edu_isced11_6,2006,40.57
mkd,sex_m,eco_isic3_j,edu_isced11_6,2007,43.36
mkd,sex_m,eco_isic3_j,edu_isced11_6,2008,38.59
mkd,sex_m,eco_isic3_j,edu_isced11_6,2009,40.49
mkd,sex_m,eco_isic3_j,edu_isced11_6,2010,42.39
mkd,sex_m,eco_isic3_j,edu_isced11_total,2006,41.71
mkd,sex_m,eco_isic3_j,edu_isced11_total,2007,42.74
mkd,sex_m,eco_isic3_j,edu_isced11_total,2008,40.2
mkd,sex_m,eco_isic3_j,edu_isced11_total,2009,41.69
mkd,sex_m,eco_isic3_j,edu_isced11_total,2010,42.45
mkd,sex_m,eco_isic3_k,edu_aggregate_adv,2006,43.39
mkd,sex_m,eco_isic3_k,edu_aggregate_adv,2007,40.93
mkd,sex_m,eco_isic3_k,edu_aggregate_adv,2008,41.74
mkd,sex_m,eco_isic3_k,edu_aggregate_adv,2009,40.21
mkd,sex_m,eco_isic3_k,edu_aggregate_adv,2010,39.81
mkd,sex_m,eco_isic3_k,edu_aggregate_bas,2006,42.24
mkd,sex_m,eco_isic3_k,edu_aggregate_bas,2007,45.71
mkd,sex_m,eco_isic3_k,edu_aggregate_bas,2008,39.34
mkd,sex_m,eco_isic3_k,edu_aggregate_bas,2009,40.37
mkd,sex_m,eco_isic3_k,edu_aggregate_bas,2010,41.52
mkd,sex_m,eco_isic3_k,edu_aggregate_int,2006,44.54
mkd,sex_m,eco_isic3_k,edu_aggregate_int,2007,42.71
mkd,sex_m,eco_isic3_k,edu_aggregate_int,2008,43.06
mkd,sex_m,eco_isic3_k,edu_aggregate_int,2009,41.43
mkd,sex_m,eco_isic3_k,edu_aggregate_int,2010,39.83
mkd,sex_m,eco_isic3_k,edu_aggregate_total,2006,43.59
mkd,sex_m,eco_isic3_k,edu_aggregate_total,2007,41.83
mkd,sex_m,eco_isic3_k,edu_aggregate_total,2008,42.41
mkd,sex_m,eco_isic3_k,edu_aggregate_total,2009,40.79
mkd,sex_m,eco_isic3_k,edu_aggregate_total,2010,39.9
mkd,sex_m,eco_isic3_k,edu_isced11_1,2006,42.24
mkd,sex_m,eco_isic3_k,edu_isced11_1,2007,45.71
mkd,sex_m,eco_isic3_k,edu_isced11_1,2008,39.34
mkd,sex_m,eco_isic3_k,edu_isced11_1,2009,40.37
mkd,sex_m,eco_isic3_k,edu_isced11_1,2010,41.52
mkd,sex_m,eco_isic3_k,edu_isced11_3,2006,44.54
mkd,sex_m,eco_isic3_k,edu_isced11_3,2007,42.71
mkd,sex_m,eco_isic3_k,edu_isced11_3,2008,43.06
mkd,sex_m,eco_isic3_k,edu_isced11_3,2009,41.43
mkd,sex_m,eco_isic3_k,edu_isced11_3,2010,39.83
mkd,sex_m,eco_isic3_k,edu_isced11_5,2006,45.32
mkd,sex_m,eco_isic3_k,edu_isced11_5,2007,36.21
mkd,sex_m,eco_isic3_k,edu_isced11_5,2008,41.13
mkd,sex_m,eco_isic3_k,edu_isced11_5,2009,40.22
mkd,sex_m,eco_isic3_k,edu_isced11_5,2010,38.02
mkd,sex_m,eco_isic3_k,edu_isced11_6,2006,43.26
mkd,sex_m,eco_isic3_k,edu_isced11_6,2007,41.8
mkd,sex_m,eco_isic3_k,edu_isced11_6,2008,42.02
mkd,sex_m,eco_isic3_k,edu_isced11_6,2009,40.17
mkd,sex_m,eco_isic3_k,edu_isced11_6,2010,39.98
mkd,sex_m,eco_isic3_k,edu_isced11_7,2007,30.11
mkd,sex_m,eco_isic3_k,edu_isced11_7,2008,39.09
mkd,sex_m,eco_isic3_k,edu_isced11_7,2009,40.76
mkd,sex_m,eco_isic3_k,edu_isced11_total,2006,43.59
mkd,sex_m,eco_isic3_k,edu_isced11_total,2007,41.83
mkd,sex_m,eco_isic3_k,edu_isced11_total,2008,42.41
mkd,sex_m,eco_isic3_k,edu_isced11_total,2009,40.79
mkd,sex_m,eco_isic3_k,edu_isced11_total,2010,39.9
mkd,sex_m,eco_isic3_l,edu_aggregate_adv,2006,40.76
mkd,sex_m,eco_isic3_l,edu_aggregate_adv,2007,40.48
mkd,sex_m,eco_isic3_l,edu_aggregate_adv,2008,40.05
mkd,sex_m,eco_isic3_l,edu_aggregate_adv,2009,39.11
mkd,sex_m,eco_isic3_l,edu_aggregate_adv,2010,40.28
mkd,sex_m,eco_isic3_l,edu_aggregate_bas,2006,40.27
mkd,sex_m,eco_isic3_l,edu_aggregate_bas,2007,40
mkd,sex_m,eco_isic3_l,edu_aggregate_bas,2008,41.23
mkd,sex_m,eco_isic3_l,edu_aggregate_bas,2009,39.5
mkd,sex_m,eco_isic3_l,edu_aggregate_bas,2010,37.3
mkd,sex_m,eco_isic3_l,edu_aggregate_int,2006,42.49
mkd,sex_m,eco_isic3_l,edu_aggregate_int,2007,41.81
mkd,sex_m,eco_isic3_l,edu_aggregate_int,2008,41.16
mkd,sex_m,eco_isic3_l,edu_aggregate_int,2009,40.8
mkd,sex_m,eco_isic3_l,edu_aggregate_int,2010,41.4
mkd,sex_m,eco_isic3_l,edu_aggregate_total,2006,41.88
mkd,sex_m,eco_isic3_l,edu_aggregate_total,2007,41.35
mkd,sex_m,eco_isic3_l,edu_aggregate_total,2008,40.8
mkd,sex_m,eco_isic3_l,edu_aggregate_total,2009,40.14
mkd,sex_m,eco_isic3_l,edu_aggregate_total,2010,40.89
mkd,sex_m,eco_isic3_l,edu_isced11_1,2006,40.18
mkd,sex_m,eco_isic3_l,edu_isced11_1,2007,40
mkd,sex_m,eco_isic3_l,edu_isced11_1,2008,40.31
mkd,sex_m,eco_isic3_l,edu_isced11_1,2009,39.5
mkd,sex_m,eco_isic3_l,edu_isced11_1,2010,37.3
mkd,sex_m,eco_isic3_l,edu_isced11_3,2006,42.49
mkd,sex_m,eco_isic3_l,edu_isced11_3,2007,41.81
mkd,sex_m,eco_isic3_l,edu_isced11_3,2008,41.16
mkd,sex_m,eco_isic3_l,edu_isced11_3,2009,40.8
mkd,sex_m,eco_isic3_l,edu_isced11_3,2010,41.4
mkd,sex_m,eco_isic3_l,edu_isced11_5,2006,42.41
mkd,sex_m,eco_isic3_l,edu_isced11_5,2007,39.5
mkd,sex_m,eco_isic3_l,edu_isced11_5,2008,39.47
mkd,sex_m,eco_isic3_l,edu_isced11_5,2009,39.34
mkd,sex_m,eco_isic3_l,edu_isced11_5,2010,40.9
mkd,sex_m,eco_isic3_l,edu_isced11_6,2006,40.19
mkd,sex_m,eco_isic3_l,edu_isced11_6,2007,40.56
mkd,sex_m,eco_isic3_l,edu_isced11_6,2008,40.24
mkd,sex_m,eco_isic3_l,edu_isced11_6,2009,39.16
mkd,sex_m,eco_isic3_l,edu_isced11_6,2010,40.2
mkd,sex_m,eco_isic3_l,edu_isced11_7,2006,43.68
mkd,sex_m,eco_isic3_l,edu_isced11_7,2007,40
mkd,sex_m,eco_isic3_l,edu_isced11_7,2008,37.51
mkd,sex_m,eco_isic3_l,edu_isced11_7,2009,36.65
mkd,sex_m,eco_isic3_l,edu_isced11_7,2010,39.58
mkd,sex_m,eco_isic3_l,edu_isced11_total,2006,41.88
mkd,sex_m,eco_isic3_l,edu_isced11_total,2007,41.35
mkd,sex_m,eco_isic3_l,edu_isced11_total,2008,40.8
mkd,sex_m,eco_isic3_l,edu_isced11_total,2009,40.14
mkd,sex_m,eco_isic3_l,edu_isced11_total,2010,40.89
mkd,sex_m,eco_isic3_m,edu_aggregate_adv,2006,37.79
mkd,sex_m,eco_isic3_m,edu_aggregate_adv,2007,37.66
mkd,sex_m,eco_isic3_m,edu_aggregate_adv,2008,36.66
mkd,sex_m,eco_isic3_m,edu_aggregate_adv,2009,36.68
mkd,sex_m,eco_isic3_m,edu_aggregate_adv,2010,36.89
mkd,sex_m,eco_isic3_m,edu_aggregate_bas,2006,40.53
mkd,sex_m,eco_isic3_m,edu_aggregate_bas,2007,40.6
mkd,sex_m,eco_isic3_m,edu_aggregate_bas,2008,38.77
mkd,sex_m,eco_isic3_m,edu_aggregate_bas,2009,39.87
mkd,sex_m,eco_isic3_m,edu_aggregate_bas,2010,38.55
mkd,sex_m,eco_isic3_m,edu_aggregate_int,2006,40.98
mkd,sex_m,eco_isic3_m,edu_aggregate_int,2007,40.45
mkd,sex_m,eco_isic3_m,edu_aggregate_int,2008,38.99
mkd,sex_m,eco_isic3_m,edu_aggregate_int,2009,40.5
mkd,sex_m,eco_isic3_m,edu_aggregate_int,2010,40.24
mkd,sex_m,eco_isic3_m,edu_aggregate_ltb,2008,38.54
mkd,sex_m,eco_isic3_m,edu_aggregate_ltb,2010,35.27
mkd,sex_m,eco_isic3_m,edu_aggregate_total,2006,38.78
mkd,sex_m,eco_isic3_m,edu_aggregate_total,2007,38.39
mkd,sex_m,eco_isic3_m,edu_aggregate_total,2008,37.29
mkd,sex_m,eco_isic3_m,edu_aggregate_total,2009,37.45
mkd,sex_m,eco_isic3_m,edu_aggregate_total,2010,37.5
mkd,sex_m,eco_isic3_m,edu_isced11_0,2008,38.54
mkd,sex_m,eco_isic3_m,edu_isced11_0,2010,35.27
mkd,sex_m,eco_isic3_m,edu_isced11_1,2006,40.53
mkd,sex_m,eco_isic3_m,edu_isced11_1,2007,40.6
mkd,sex_m,eco_isic3_m,edu_isced11_1,2008,38.16
mkd,sex_m,eco_isic3_m,edu_isced11_1,2009,39.87
mkd,sex_m,eco_isic3_m,edu_isced11_1,2010,38.55
mkd,sex_m,eco_isic3_m,edu_isced11_3,2006,40.98
mkd,sex_m,eco_isic3_m,edu_isced11_3,2007,40.45
mkd,sex_m,eco_isic3_m,edu_isced11_3,2008,38.99
mkd,sex_m,eco_isic3_m,edu_isced11_3,2009,40.5
mkd,sex_m,eco_isic3_m,edu_isced11_3,2010,40.24
mkd,sex_m,eco_isic3_m,edu_isced11_5,2006,37.77
mkd,sex_m,eco_isic3_m,edu_isced11_5,2007,37.36
mkd,sex_m,eco_isic3_m,edu_isced11_5,2008,34.55
mkd,sex_m,eco_isic3_m,edu_isced11_5,2009,35.3
mkd,sex_m,eco_isic3_m,edu_isced11_5,2010,37.59
mkd,sex_m,eco_isic3_m,edu_isced11_6,2006,37.53
mkd,sex_m,eco_isic3_m,edu_isced11_6,2007,37.62
mkd,sex_m,eco_isic3_m,edu_isced11_6,2008,37.68
mkd,sex_m,eco_isic3_m,edu_isced11_6,2009,37.44
mkd,sex_m,eco_isic3_m,edu_isced11_6,2010,36.62
mkd,sex_m,eco_isic3_m,edu_isced11_7,2006,37.68
mkd,sex_m,eco_isic3_m,edu_isced11_7,2007,39.72
mkd,sex_m,eco_isic3_m,edu_isced11_7,2008,36.55
mkd,sex_m,eco_isic3_m,edu_isced11_7,2009,23.86
mkd,sex_m,eco_isic3_m,edu_isced11_7,2010,33.88
mkd,sex_m,eco_isic3_m,edu_isced11_8,2006,41.33
mkd,sex_m,eco_isic3_m,edu_isced11_8,2007,37.91
mkd,sex_m,eco_isic3_m,edu_isced11_8,2008,37.09
mkd,sex_m,eco_isic3_m,edu_isced11_8,2009,39.56
mkd,sex_m,eco_isic3_m,edu_isced11_8,2010,42.83
mkd,sex_m,eco_isic3_m,edu_isced11_total,2006,38.78
mkd,sex_m,eco_isic3_m,edu_isced11_total,2007,38.39
mkd,sex_m,eco_isic3_m,edu_isced11_total,2008,37.29
mkd,sex_m,eco_isic3_m,edu_isced11_total,2009,37.45
mkd,sex_m,eco_isic3_m,edu_isced11_total,2010,37.5
mkd,sex_m,eco_isic3_n,edu_aggregate_adv,2006,40.97
mkd,sex_m,eco_isic3_n,edu_aggregate_adv,2007,41.17
mkd,sex_m,eco_isic3_n,edu_aggregate_adv,2008,40.45
mkd,sex_m,eco_isic3_n,edu_aggregate_adv,2009,40.57
mkd,sex_m,eco_isic3_n,edu_aggregate_adv,2010,41.99
mkd,sex_m,eco_isic3_n,edu_aggregate_bas,2006,42.44
mkd,sex_m,eco_isic3_n,edu_aggregate_bas,2007,38.45
mkd,sex_m,eco_isic3_n,edu_aggregate_bas,2008,40.93
mkd,sex_m,eco_isic3_n,edu_aggregate_bas,2009,41.25
mkd,sex_m,eco_isic3_n,edu_aggregate_bas,2010,40.53
mkd,sex_m,eco_isic3_n,edu_aggregate_int,2006,41.92
mkd,sex_m,eco_isic3_n,edu_aggregate_int,2007,40.95
mkd,sex_m,eco_isic3_n,edu_aggregate_int,2008,40.71
mkd,sex_m,eco_isic3_n,edu_aggregate_int,2009,39.47
mkd,sex_m,eco_isic3_n,edu_aggregate_int,2010,40.65
mkd,sex_m,eco_isic3_n,edu_aggregate_total,2006,41.48
mkd,sex_m,eco_isic3_n,edu_aggregate_total,2007,40.9
mkd,sex_m,eco_isic3_n,edu_aggregate_total,2008,40.6
mkd,sex_m,eco_isic3_n,edu_aggregate_total,2009,40.22
mkd,sex_m,eco_isic3_n,edu_aggregate_total,2010,41.45
mkd,sex_m,eco_isic3_n,edu_isced11_1,2006,42.54
mkd,sex_m,eco_isic3_n,edu_isced11_1,2007,38.45
mkd,sex_m,eco_isic3_n,edu_isced11_1,2008,40.93
mkd,sex_m,eco_isic3_n,edu_isced11_1,2009,41.34
mkd,sex_m,eco_isic3_n,edu_isced11_1,2010,40.57
mkd,sex_m,eco_isic3_n,edu_isced11_3,2006,41.92
mkd,sex_m,eco_isic3_n,edu_isced11_3,2007,40.95
mkd,sex_m,eco_isic3_n,edu_isced11_3,2008,40.71
mkd,sex_m,eco_isic3_n,edu_isced11_3,2009,39.47
mkd,sex_m,eco_isic3_n,edu_isced11_3,2010,40.65
mkd,sex_m,eco_isic3_n,edu_isced11_5,2006,36.64
mkd,sex_m,eco_isic3_n,edu_isced11_5,2007,41.24
mkd,sex_m,eco_isic3_n,edu_isced11_5,2008,39.1
mkd,sex_m,eco_isic3_n,edu_isced11_5,2009,37.8
mkd,sex_m,eco_isic3_n,edu_isced11_5,2010,39.79
mkd,sex_m,eco_isic3_n,edu_isced11_6,2006,41
mkd,sex_m,eco_isic3_n,edu_isced11_6,2007,41.21
mkd,sex_m,eco_isic3_n,edu_isced11_6,2008,41.2
mkd,sex_m,eco_isic3_n,edu_isced11_6,2009,40.57
mkd,sex_m,eco_isic3_n,edu_isced11_6,2010,42.17
mkd,sex_m,eco_isic3_n,edu_isced11_7,2006,43.58
mkd,sex_m,eco_isic3_n,edu_isced11_7,2007,42.91
mkd,sex_m,eco_isic3_n,edu_isced11_7,2008,35.92
mkd,sex_m,eco_isic3_n,edu_isced11_7,2009,42.66
mkd,sex_m,eco_isic3_n,edu_isced11_7,2010,43.02
mkd,sex_m,eco_isic3_n,edu_isced11_8,2006,41.96
mkd,sex_m,eco_isic3_n,edu_isced11_8,2007,39.79
mkd,sex_m,eco_isic3_n,edu_isced11_8,2008,37.39
mkd,sex_m,eco_isic3_n,edu_isced11_8,2009,41.68
mkd,sex_m,eco_isic3_n,edu_isced11_8,2010,39.92
mkd,sex_m,eco_isic3_n,edu_isced11_total,2006,41.48
mkd,sex_m,eco_isic3_n,edu_isced11_total,2007,40.9
mkd,sex_m,eco_isic3_n,edu_isced11_total,2008,40.6
mkd,sex_m,eco_isic3_n,edu_isced11_total,2009,40.22
mkd,sex_m,eco_isic3_n,edu_isced11_total,2010,41.45
mkd,sex_m,eco_isic3_o,edu_aggregate_adv,2006,43.15
mkd,sex_m,eco_isic3_o,edu_aggregate_adv,2007,41.75
mkd,sex_m,eco_isic3_o,edu_aggregate_adv,2008,40.86
mkd,sex_m,eco_isic3_o,edu_aggregate_adv,2009,39.14
mkd,sex_m,eco_isic3_o,edu_aggregate_adv,2010,40.58
mkd,sex_m,eco_isic3_o,edu_aggregate_bas,2006,43.09
mkd,sex_m,eco_isic3_o,edu_aggregate_bas,2007,42.38
mkd,sex_m,eco_isic3_o,edu_aggregate_bas,2008,44.85
mkd,sex_m,eco_isic3_o,edu_aggregate_bas,2009,41.54
mkd,sex_m,eco_isic3_o,edu_aggregate_bas,2010,41.51
mkd,sex_m,eco_isic3_o,edu_aggregate_int,2006,41.45
mkd,sex_m,eco_isic3_o,edu_aggregate_int,2007,41.55
mkd,sex_m,eco_isic3_o,edu_aggregate_int,2008,42.62
mkd,sex_m,eco_isic3_o,edu_aggregate_int,2009,40.21
mkd,sex_m,eco_isic3_o,edu_aggregate_int,2010,40.13
mkd,sex_m,eco_isic3_o,edu_aggregate_ltb,2006,44.95
mkd,sex_m,eco_isic3_o,edu_aggregate_ltb,2007,43.71
mkd,sex_m,eco_isic3_o,edu_aggregate_ltb,2008,39.27
mkd,sex_m,eco_isic3_o,edu_aggregate_ltb,2009,42.14
mkd,sex_m,eco_isic3_o,edu_aggregate_ltb,2010,38.9
mkd,sex_m,eco_isic3_o,edu_aggregate_total,2006,42.26
mkd,sex_m,eco_isic3_o,edu_aggregate_total,2007,41.83
mkd,sex_m,eco_isic3_o,edu_aggregate_total,2008,42.69
mkd,sex_m,eco_isic3_o,edu_aggregate_total,2009,40.29
mkd,sex_m,eco_isic3_o,edu_aggregate_total,2010,40.44
mkd,sex_m,eco_isic3_o,edu_isced11_0,2006,45.45
mkd,sex_m,eco_isic3_o,edu_isced11_0,2007,42.66
mkd,sex_m,eco_isic3_o,edu_isced11_0,2008,39.16
mkd,sex_m,eco_isic3_o,edu_isced11_0,2009,42.14
mkd,sex_m,eco_isic3_o,edu_isced11_0,2010,40.49
mkd,sex_m,eco_isic3_o,edu_isced11_1,2006,43.04
mkd,sex_m,eco_isic3_o,edu_isced11_1,2007,42.4
mkd,sex_m,eco_isic3_o,edu_isced11_1,2008,44.85
mkd,sex_m,eco_isic3_o,edu_isced11_1,2009,41.54
mkd,sex_m,eco_isic3_o,edu_isced11_1,2010,41.56
mkd,sex_m,eco_isic3_o,edu_isced11_3,2006,41.45
mkd,sex_m,eco_isic3_o,edu_isced11_3,2007,41.55
mkd,sex_m,eco_isic3_o,edu_isced11_3,2008,42.62
mkd,sex_m,eco_isic3_o,edu_isced11_3,2009,40.21
mkd,sex_m,eco_isic3_o,edu_isced11_3,2010,40.13
mkd,sex_m,eco_isic3_o,edu_isced11_5,2006,44.37
mkd,sex_m,eco_isic3_o,edu_isced11_5,2007,44.33
mkd,sex_m,eco_isic3_o,edu_isced11_5,2008,40.5
mkd,sex_m,eco_isic3_o,edu_isced11_5,2009,43.5
mkd,sex_m,eco_isic3_o,edu_isced11_5,2010,44.84
mkd,sex_m,eco_isic3_o,edu_isced11_6,2006,43.03
mkd,sex_m,eco_isic3_o,edu_isced11_6,2007,40.61
mkd,sex_m,eco_isic3_o,edu_isced11_6,2008,40.76
mkd,sex_m,eco_isic3_o,edu_isced11_6,2009,38.54
mkd,sex_m,eco_isic3_o,edu_isced11_6,2010,39.87
mkd,sex_m,eco_isic3_o,edu_isced11_total,2006,42.26
mkd,sex_m,eco_isic3_o,edu_isced11_total,2007,41.83
mkd,sex_m,eco_isic3_o,edu_isced11_total,2008,42.69
mkd,sex_m,eco_isic3_o,edu_isced11_total,2009,40.29
mkd,sex_m,eco_isic3_o,edu_isced11_total,2010,40.44
mkd,sex_m,eco_isic3_o,edu_isced11_x,2010,36.52
mkd,sex_m,eco_isic3_p,edu_aggregate_bas,2007,30.31
mkd,sex_m,eco_isic3_p,edu_aggregate_bas,2008,24.06
mkd,sex_m,eco_isic3_p,edu_aggregate_bas,2010,30.98
mkd,sex_m,eco_isic3_p,edu_aggregate_int,2010,38.37
mkd,sex_m,eco_isic3_p,edu_aggregate_ltb,2007,25.92
mkd,sex_m,eco_isic3_p,edu_aggregate_ltb,2010,33.96
mkd,sex_m,eco_isic3_p,edu_aggregate_total,2007,28.81
mkd,sex_m,eco_isic3_p,edu_aggregate_total,2008,26.45
mkd,sex_m,eco_isic3_p,edu_aggregate_total,2009,29.15
mkd,sex_m,eco_isic3_p,edu_aggregate_total,2010,34.13
mkd,sex_m,eco_isic3_p,edu_isced11_0,2010,37.51
mkd,sex_m,eco_isic3_p,edu_isced11_1,2007,30.34
mkd,sex_m,eco_isic3_p,edu_isced11_1,2008,24.06
mkd,sex_m,eco_isic3_p,edu_isced11_1,2010,30.98
mkd,sex_m,eco_isic3_p,edu_isced11_3,2010,38.37
mkd,sex_m,eco_isic3_p,edu_isced11_total,2007,28.81
mkd,sex_m,eco_isic3_p,edu_isced11_total,2008,26.45
mkd,sex_m,eco_isic3_p,edu_isced11_total,2009,29.15
mkd,sex_m,eco_isic3_p,edu_isced11_total,2010,34.13
mkd,sex_m,eco_isic3_q,edu_aggregate_adv,2006,41.68
mkd,sex_m,eco_isic3_q,edu_aggregate_adv,2007,43.63
mkd,sex_m,eco_isic3_q,edu_aggregate_adv,2008,38.7
mkd,sex_m,eco_isic3_q,edu_aggregate_adv,2009,28.33
mkd,sex_m,eco_isic3_q,edu_aggregate_int,2007,45.8
mkd,sex_m,eco_isic3_q,edu_aggregate_int,2008,35.67
mkd,sex_m,eco_isic3_q,edu_aggregate_total,2006,43.23
mkd,sex_m,eco_isic3_q,edu_aggregate_total,2007,44.61
mkd,sex_m,eco_isic3_q,edu_aggregate_total,2008,37.22
mkd,sex_m,eco_isic3_q,edu_aggregate_total,2009,28.33
mkd,sex_m,eco_isic3_q,edu_aggregate_total,2010,37.83
mkd,sex_m,eco_isic3_q,edu_isced11_3,2007,45.8
mkd,sex_m,eco_isic3_q,edu_isced11_3,2008,35.67
mkd,sex_m,eco_isic3_q,edu_isced11_6,2006,41.68
mkd,sex_m,eco_isic3_q,edu_isced11_6,2007,40.72
mkd,sex_m,eco_isic3_q,edu_isced11_6,2008,38.41
mkd,sex_m,eco_isic3_q,edu_isced11_total,2006,43.23
mkd,sex_m,eco_isic3_q,edu_isced11_total,2007,44.61
mkd,sex_m,eco_isic3_q,edu_isced11_total,2008,37.22
mkd,sex_m,eco_isic3_q,edu_isced11_total,2009,28.33
mkd,sex_m,eco_isic3_q,edu_isced11_total,2010,37.83
mkd,sex_m,eco_isic3_total,edu_aggregate_adv,2006,41.7
mkd,sex_m,eco_isic3_total,edu_aggregate_adv,2007,41.25
mkd,sex_m,eco_isic3_total,edu_aggregate_adv,2008,40.82
mkd,sex_m,eco_isic3_total,edu_aggregate_adv,2009,40.25
mkd,sex_m,eco_isic3_total,edu_aggregate_adv,2010,40.73
mkd,sex_m,eco_isic3_total,edu_aggregate_bas,2006,45.4
mkd,sex_m,eco_isic3_total,edu_aggregate_bas,2007,43.79
mkd,sex_m,eco_isic3_total,edu_aggregate_bas,2008,44.59
mkd,sex_m,eco_isic3_total,edu_aggregate_bas,2009,43.21
mkd,sex_m,eco_isic3_total,edu_aggregate_bas,2010,42.31
mkd,sex_m,eco_isic3_total,edu_aggregate_int,2006,44.33
mkd,sex_m,eco_isic3_total,edu_aggregate_int,2007,43.66
mkd,sex_m,eco_isic3_total,edu_aggregate_int,2008,43.71
mkd,sex_m,eco_isic3_total,edu_aggregate_int,2009,43.05
mkd,sex_m,eco_isic3_total,edu_aggregate_int,2010,42.99
mkd,sex_m,eco_isic3_total,edu_aggregate_ltb,2006,43.73
mkd,sex_m,eco_isic3_total,edu_aggregate_ltb,2007,43.06
mkd,sex_m,eco_isic3_total,edu_aggregate_ltb,2008,42.56
mkd,sex_m,eco_isic3_total,edu_aggregate_ltb,2009,38.74
mkd,sex_m,eco_isic3_total,edu_aggregate_ltb,2010,38.48
mkd,sex_m,eco_isic3_total,edu_aggregate_total,2006,44.15
mkd,sex_m,eco_isic3_total,edu_aggregate_total,2007,43.25
mkd,sex_m,eco_isic3_total,edu_aggregate_total,2008,43.43
mkd,sex_m,eco_isic3_total,edu_aggregate_total,2009,42.47
mkd,sex_m,eco_isic3_total,edu_aggregate_total,2010,42.26
mkd,sex_m,eco_isic3_total,edu_isced11_0,2006,44.8
mkd,sex_m,eco_isic3_total,edu_isced11_0,2007,44.39
mkd,sex_m,eco_isic3_total,edu_isced11_0,2008,42.98
mkd,sex_m,eco_isic3_total,edu_isced11_0,2009,38.65
mkd,sex_m,eco_isic3_total,edu_isced11_0,2010,37.95
mkd,sex_m,eco_isic3_total,edu_isced11_1,2006,45.47
mkd,sex_m,eco_isic3_total,edu_isced11_1,2007,43.91
mkd,sex_m,eco_isic3_total,edu_isced11_1,2008,44.61
mkd,sex_m,eco_isic3_total,edu_isced11_1,2009,43.19
mkd,sex_m,eco_isic3_total,edu_isced11_1,2010,42.31
mkd,sex_m,eco_isic3_total,edu_isced11_2,2006,42.95
mkd,sex_m,eco_isic3_total,edu_isced11_2,2007,39.01
mkd,sex_m,eco_isic3_total,edu_isced11_2,2008,43.55
mkd,sex_m,eco_isic3_total,edu_isced11_2,2009,44.31
mkd,sex_m,eco_isic3_total,edu_isced11_2,2010,42.72
mkd,sex_m,eco_isic3_total,edu_isced11_3,2006,44.33
mkd,sex_m,eco_isic3_total,edu_isced11_3,2007,43.66
mkd,sex_m,eco_isic3_total,edu_isced11_3,2008,43.71
mkd,sex_m,eco_isic3_total,edu_isced11_3,2009,43.05
mkd,sex_m,eco_isic3_total,edu_isced11_3,2010,42.99
mkd,sex_m,eco_isic3_total,edu_isced11_5,2006,41.65
mkd,sex_m,eco_isic3_total,edu_isced11_5,2007,41.29
mkd,sex_m,eco_isic3_total,edu_isced11_5,2008,40.66
mkd,sex_m,eco_isic3_total,edu_isced11_5,2009,40.14
mkd,sex_m,eco_isic3_total,edu_isced11_5,2010,41.09
mkd,sex_m,eco_isic3_total,edu_isced11_6,2006,41.73
mkd,sex_m,eco_isic3_total,edu_isced11_6,2007,41.27
mkd,sex_m,eco_isic3_total,edu_isced11_6,2008,41.03
mkd,sex_m,eco_isic3_total,edu_isced11_6,2009,40.38
mkd,sex_m,eco_isic3_total,edu_isced11_6,2010,40.67
mkd,sex_m,eco_isic3_total,edu_isced11_7,2006,41.57
mkd,sex_m,eco_isic3_total,edu_isced11_7,2007,40.77
mkd,sex_m,eco_isic3_total,edu_isced11_7,2008,38.2
mkd,sex_m,eco_isic3_total,edu_isced11_7,2009,37.52
mkd,sex_m,eco_isic3_total,edu_isced11_7,2010,39.93
mkd,sex_m,eco_isic3_total,edu_isced11_8,2006,41.5
mkd,sex_m,eco_isic3_total,edu_isced11_8,2007,40.81
mkd,sex_m,eco_isic3_total,edu_isced11_8,2008,37.35
mkd,sex_m,eco_isic3_total,edu_isced11_8,2009,40.15
mkd,sex_m,eco_isic3_total,edu_isced11_8,2010,41.4
mkd,sex_m,eco_isic3_total,edu_isced11_total,2006,44.15
mkd,sex_m,eco_isic3_total,edu_isced11_total,2007,43.25
mkd,sex_m,eco_isic3_total,edu_isced11_total,2008,43.43
mkd,sex_m,eco_isic3_total,edu_isced11_total,2009,42.47
mkd,sex_m,eco_isic3_total,edu_isced11_total,2010,42.26
mkd,sex_m,eco_isic3_total,edu_isced11_x,2006,36.19
mkd,sex_m,eco_isic3_total,edu_isced11_x,2007,38.88
mkd,sex_m,eco_isic3_total,edu_isced11_x,2008,39.91
mkd,sex_m,eco_isic3_total,edu_isced11_x,2009,39.42
mkd,sex_m,eco_isic3_total,edu_isced11_x,2010,41.74
mkd,sex_m,eco_isic4_a,edu_aggregate_adv,2011,38.21
mkd,sex_m,eco_isic4_a,edu_aggregate_adv,2012,38.12
mkd,sex_m,eco_isic4_a,edu_aggregate_adv,2013,43.4
mkd,sex_m,eco_isic4_a,edu_aggregate_adv,2014,41.95
mkd,sex_m,eco_isic4_a,edu_aggregate_adv,2015,44.14
mkd,sex_m,eco_isic4_a,edu_aggregate_adv,2016,41.17
mkd,sex_m,eco_isic4_a,edu_aggregate_adv,2017,40.63
mkd,sex_m,eco_isic4_a,edu_aggregate_adv,2018,39.48
mkd,sex_m,eco_isic4_a,edu_aggregate_adv,2019,36.03
mkd,sex_m,eco_isic4_a,edu_aggregate_adv,2020,38.03
mkd,sex_m,eco_isic4_a,edu_aggregate_adv,2021,37.68
mkd,sex_m,eco_isic4_a,edu_aggregate_adv,2022,39.16
mkd,sex_m,eco_isic4_a,edu_aggregate_adv,2024,38.16
mkd,sex_m,eco_isic4_a,edu_aggregate_bas,2011,38.94
mkd,sex_m,eco_isic4_a,edu_aggregate_bas,2012,41.9
mkd,sex_m,eco_isic4_a,edu_aggregate_bas,2013,42.6
mkd,sex_m,eco_isic4_a,edu_aggregate_bas,2014,43.49
mkd,sex_m,eco_isic4_a,edu_aggregate_bas,2015,44.25
mkd,sex_m,eco_isic4_a,edu_aggregate_bas,2016,41.51
mkd,sex_m,eco_isic4_a,edu_aggregate_bas,2017,44.08
mkd,sex_m,eco_isic4_a,edu_aggregate_bas,2018,44
mkd,sex_m,eco_isic4_a,edu_aggregate_bas,2019,40.75
mkd,sex_m,eco_isic4_a,edu_aggregate_bas,2020,37.88
mkd,sex_m,eco_isic4_a,edu_aggregate_bas,2021,41.01
mkd,sex_m,eco_isic4_a,edu_aggregate_bas,2022,38.54
mkd,sex_m,eco_isic4_a,edu_aggregate_bas,2024,42.56
mkd,sex_m,eco_isic4_a,edu_aggregate_int,2011,39.24
mkd,sex_m,eco_isic4_a,edu_aggregate_int,2012,40.01
mkd,sex_m,eco_isic4_a,edu_aggregate_int,2013,43.7
mkd,sex_m,eco_isic4_a,edu_aggregate_int,2014,45.48
mkd,sex_m,eco_isic4_a,edu_aggregate_int,2015,44.16
mkd,sex_m,eco_isic4_a,edu_aggregate_int,2016,43.12
mkd,sex_m,eco_isic4_a,edu_aggregate_int,2017,44.14
mkd,sex_m,eco_isic4_a,edu_aggregate_int,2018,43.79
mkd,sex_m,eco_isic4_a,edu_aggregate_int,2019,41.85
mkd,sex_m,eco_isic4_a,edu_aggregate_int,2020,37.8
mkd,sex_m,eco_isic4_a,edu_aggregate_int,2021,38.62
mkd,sex_m,eco_isic4_a,edu_aggregate_int,2022,39.42
mkd,sex_m,eco_isic4_a,edu_aggregate_int,2024,38.96
mkd,sex_m,eco_isic4_a,edu_aggregate_ltb,2011,39.11
mkd,sex_m,eco_isic4_a,edu_aggregate_ltb,2012,39.12
mkd,sex_m,eco_isic4_a,edu_aggregate_ltb,2013,44.85
mkd,sex_m,eco_isic4_a,edu_aggregate_ltb,2014,44.27
mkd,sex_m,eco_isic4_a,edu_aggregate_ltb,2015,44.4
mkd,sex_m,eco_isic4_a,edu_aggregate_ltb,2016,41.75
mkd,sex_m,eco_isic4_a,edu_aggregate_ltb,2017,43.1
mkd,sex_m,eco_isic4_a,edu_aggregate_ltb,2018,44.57
mkd,sex_m,eco_isic4_a,edu_aggregate_ltb,2019,39.52
mkd,sex_m,eco_isic4_a,edu_aggregate_ltb,2020,35.83
mkd,sex_m,eco_isic4_a,edu_aggregate_ltb,2021,35.56
mkd,sex_m,eco_isic4_a,edu_aggregate_ltb,2022,39.39
mkd,sex_m,eco_isic4_a,edu_aggregate_ltb,2024,36.05
mkd,sex_m,eco_isic4_a,edu_aggregate_total,2011,39.03
mkd,sex_m,eco_isic4_a,edu_aggregate_total,2012,40.77
mkd,sex_m,eco_isic4_a,edu_aggregate_total,2013,43.25
mkd,sex_m,eco_isic4_a,edu_aggregate_total,2014,44.22
mkd,sex_m,eco_isic4_a,edu_aggregate_total,2015,44.22
mkd,sex_m,eco_isic4_a,edu_aggregate_total,2016,42.2
mkd,sex_m,eco_isic4_a,edu_aggregate_total,2017,43.85
mkd,sex_m,eco_isic4_a,edu_aggregate_total,2018,43.67
mkd,sex_m,eco_isic4_a,edu_aggregate_total,2019,40.9
mkd,sex_m,eco_isic4_a,edu_aggregate_total,2020,37.71
mkd,sex_m,eco_isic4_a,edu_aggregate_total,2021,39.33
mkd,sex_m,eco_isic4_a,edu_aggregate_total,2022,39.06
mkd,sex_m,eco_isic4_a,edu_aggregate_total,2024,39.57
mkd,sex_m,eco_isic4_a,edu_isced11_0,2011,39.13
mkd,sex_m,eco_isic4_a,edu_isced11_0,2012,38.78
mkd,sex_m,eco_isic4_a,edu_isced11_0,2013,44.77
mkd,sex_m,eco_isic4_a,edu_isced11_0,2014,43.14
mkd,sex_m,eco_isic4_a,edu_isced11_0,2015,44.52
mkd,sex_m,eco_isic4_a,edu_isced11_0,2016,41.98
mkd,sex_m,eco_isic4_a,edu_isced11_0,2017,43.31
mkd,sex_m,eco_isic4_a,edu_isced11_0,2018,44.32
mkd,sex_m,eco_isic4_a,edu_isced11_0,2019,38.67
mkd,sex_m,eco_isic4_a,edu_isced11_0,2020,35.67
mkd,sex_m,eco_isic4_a,edu_isced11_0,2021,36.88
mkd,sex_m,eco_isic4_a,edu_isced11_0,2022,39.11
mkd,sex_m,eco_isic4_a,edu_isced11_0,2024,36.18
mkd,sex_m,eco_isic4_a,edu_isced11_1,2011,39.18
mkd,sex_m,eco_isic4_a,edu_isced11_1,2012,41.86
mkd,sex_m,eco_isic4_a,edu_isced11_1,2013,42.58
mkd,sex_m,eco_isic4_a,edu_isced11_1,2014,43.51
mkd,sex_m,eco_isic4_a,edu_isced11_1,2015,44.22
mkd,sex_m,eco_isic4_a,edu_isced11_1,2016,41.44
mkd,sex_m,eco_isic4_a,edu_isced11_1,2017,44.05
mkd,sex_m,eco_isic4_a,edu_isced11_1,2018,43.95
mkd,sex_m,eco_isic4_a,edu_isced11_1,2019,40.75
mkd,sex_m,eco_isic4_a,edu_isced11_1,2020,37.93
mkd,sex_m,eco_isic4_a,edu_isced11_1,2021,41.01
mkd,sex_m,eco_isic4_a,edu_isced11_1,2022,38.57
mkd,sex_m,eco_isic4_a,edu_isced11_1,2024,42.56
mkd,sex_m,eco_isic4_a,edu_isced11_2,2011,27.93
mkd,sex_m,eco_isic4_a,edu_isced11_2,2012,44.73
mkd,sex_m,eco_isic4_a,edu_isced11_2,2014,39.9
mkd,sex_m,eco_isic4_a,edu_isced11_2,2015,48.28
mkd,sex_m,eco_isic4_a,edu_isced11_2,2016,47.37
mkd,sex_m,eco_isic4_a,edu_isced11_2,2017,46.51
mkd,sex_m,eco_isic4_a,edu_isced11_2,2018,48.72
mkd,sex_m,eco_isic4_a,edu_isced11_2,2020,30.04
mkd,sex_m,eco_isic4_a,edu_isced11_3,2011,39.24
mkd,sex_m,eco_isic4_a,edu_isced11_3,2012,40.01
mkd,sex_m,eco_isic4_a,edu_isced11_3,2013,43.7
mkd,sex_m,eco_isic4_a,edu_isced11_3,2014,45.48
mkd,sex_m,eco_isic4_a,edu_isced11_3,2015,44.16
mkd,sex_m,eco_isic4_a,edu_isced11_3,2016,43.12
mkd,sex_m,eco_isic4_a,edu_isced11_3,2017,44.14
mkd,sex_m,eco_isic4_a,edu_isced11_3,2018,43.79
mkd,sex_m,eco_isic4_a,edu_isced11_3,2019,41.85
mkd,sex_m,eco_isic4_a,edu_isced11_3,2020,37.8
mkd,sex_m,eco_isic4_a,edu_isced11_3,2021,38.67
mkd,sex_m,eco_isic4_a,edu_isced11_3,2022,39.42
mkd,sex_m,eco_isic4_a,edu_isced11_3,2024,39.01
mkd,sex_m,eco_isic4_a,edu_isced11_4,2024,38.64
mkd,sex_m,eco_isic4_a,edu_isced11_5,2011,38.15
mkd,sex_m,eco_isic4_a,edu_isced11_5,2012,40.68
mkd,sex_m,eco_isic4_a,edu_isced11_5,2013,43.89
mkd,sex_m,eco_isic4_a,edu_isced11_5,2014,37.36
mkd,sex_m,eco_isic4_a,edu_isced11_5,2015,43.45
mkd,sex_m,eco_isic4_a,edu_isced11_5,2016,45.27
mkd,sex_m,eco_isic4_a,edu_isced11_5,2017,43.15
mkd,sex_m,eco_isic4_a,edu_isced11_5,2018,40.98
mkd,sex_m,eco_isic4_a,edu_isced11_5,2019,39.79
mkd,sex_m,eco_isic4_a,edu_isced11_5,2020,42.15
mkd,sex_m,eco_isic4_a,edu_isced11_5,2021,38.35
mkd,sex_m,eco_isic4_a,edu_isced11_5,2022,39.05
mkd,sex_m,eco_isic4_a,edu_isced11_5,2024,36.47
mkd,sex_m,eco_isic4_a,edu_isced11_6,2011,38.23
mkd,sex_m,eco_isic4_a,edu_isced11_6,2012,38.01
mkd,sex_m,eco_isic4_a,edu_isced11_6,2013,42.98
mkd,sex_m,eco_isic4_a,edu_isced11_6,2014,44.09
mkd,sex_m,eco_isic4_a,edu_isced11_6,2015,44.2
mkd,sex_m,eco_isic4_a,edu_isced11_6,2016,39.94
mkd,sex_m,eco_isic4_a,edu_isced11_6,2017,39.98
mkd,sex_m,eco_isic4_a,edu_isced11_6,2018,39.12
mkd,sex_m,eco_isic4_a,edu_isced11_6,2019,35.04
mkd,sex_m,eco_isic4_a,edu_isced11_6,2020,37.12
mkd,sex_m,eco_isic4_a,edu_isced11_6,2021,37.43
mkd,sex_m,eco_isic4_a,edu_isced11_6,2022,39.2
mkd,sex_m,eco_isic4_a,edu_isced11_6,2024,38.79
mkd,sex_m,eco_isic4_a,edu_isced11_total,2011,39.03
mkd,sex_m,eco_isic4_a,edu_isced11_total,2012,40.77
mkd,sex_m,eco_isic4_a,edu_isced11_total,2013,43.25
mkd,sex_m,eco_isic4_a,edu_isced11_total,2014,44.22
mkd,sex_m,eco_isic4_a,edu_isced11_total,2015,44.22
mkd,sex_m,eco_isic4_a,edu_isced11_total,2016,42.2
mkd,sex_m,eco_isic4_a,edu_isced11_total,2017,43.85
mkd,sex_m,eco_isic4_a,edu_isced11_total,2018,43.67
mkd,sex_m,eco_isic4_a,edu_isced11_total,2019,40.9
mkd,sex_m,eco_isic4_a,edu_isced11_total,2020,37.71
mkd,sex_m,eco_isic4_a,edu_isced11_total,2021,39.33
mkd,sex_m,eco_isic4_a,edu_isced11_total,2022,39.06
mkd,sex_m,eco_isic4_a,edu_isced11_total,2024,39.57
mkd,sex_m,eco_isic4_a,edu_isced11_x,2011,38.81
mkd,sex_m,eco_isic4_a,edu_isced11_x,2012,41.25
mkd,sex_m,eco_isic4_a,edu_isced11_x,2013,45.21
mkd,sex_m,eco_isic4_a,edu_isced11_x,2014,58.64
mkd,sex_m,eco_isic4_a,edu_isced11_x,2015,42.3
mkd,sex_m,eco_isic4_a,edu_isced11_x,2016,40.52
mkd,sex_m,eco_isic4_a,edu_isced11_x,2017,41.52
mkd,sex_m,eco_isic4_a,edu_isced11_x,2018,46.72
mkd,sex_m,eco_isic4_a,edu_isced11_x,2019,44.13
mkd,sex_m,eco_isic4_a,edu_isced11_x,2020,36.29
mkd,sex_m,eco_isic4_a,edu_isced11_x,2021,29.98
mkd,sex_m,eco_isic4_a,edu_isced11_x,2022,40.73
mkd,sex_m,eco_isic4_a,edu_isced11_x,2024,35.68
mkd,sex_m,eco_isic4_b,edu_aggregate_adv,2011,34.96
mkd,sex_m,eco_isic4_b,edu_aggregate_adv,2012,37.87
mkd,sex_m,eco_isic4_b,edu_aggregate_adv,2013,40.81
mkd,sex_m,eco_isic4_b,edu_aggregate_adv,2014,41.42
mkd,sex_m,eco_isic4_b,edu_aggregate_adv,2015,40.87
mkd,sex_m,eco_isic4_b,edu_aggregate_adv,2016,40
mkd,sex_m,eco_isic4_b,edu_aggregate_adv,2017,40.53
mkd,sex_m,eco_isic4_b,edu_aggregate_adv,2018,41.48
mkd,sex_m,eco_isic4_b,edu_aggregate_adv,2019,40.22
mkd,sex_m,eco_isic4_b,edu_aggregate_adv,2020,38.79
mkd,sex_m,eco_isic4_b,edu_aggregate_adv,2021,39.55
mkd,sex_m,eco_isic4_b,edu_aggregate_adv,2022,39.4
mkd,sex_m,eco_isic4_b,edu_aggregate_adv,2024,37.74
mkd,sex_m,eco_isic4_b,edu_aggregate_bas,2011,43.01
mkd,sex_m,eco_isic4_b,edu_aggregate_bas,2012,42.12
mkd,sex_m,eco_isic4_b,edu_aggregate_bas,2013,40.63
mkd,sex_m,eco_isic4_b,edu_aggregate_bas,2014,41.05
mkd,sex_m,eco_isic4_b,edu_aggregate_bas,2015,41.97
mkd,sex_m,eco_isic4_b,edu_aggregate_bas,2016,43.8
mkd,sex_m,eco_isic4_b,edu_aggregate_bas,2017,42.81
mkd,sex_m,eco_isic4_b,edu_aggregate_bas,2018,42.13
mkd,sex_m,eco_isic4_b,edu_aggregate_bas,2019,40.4
mkd,sex_m,eco_isic4_b,edu_aggregate_bas,2020,40.75
mkd,sex_m,eco_isic4_b,edu_aggregate_bas,2021,41.83
mkd,sex_m,eco_isic4_b,edu_aggregate_bas,2022,41.08
mkd,sex_m,eco_isic4_b,edu_aggregate_bas,2024,38.95
mkd,sex_m,eco_isic4_b,edu_aggregate_int,2011,43.06
mkd,sex_m,eco_isic4_b,edu_aggregate_int,2012,42.09
mkd,sex_m,eco_isic4_b,edu_aggregate_int,2013,41
mkd,sex_m,eco_isic4_b,edu_aggregate_int,2014,40.87
mkd,sex_m,eco_isic4_b,edu_aggregate_int,2015,40.77
mkd,sex_m,eco_isic4_b,edu_aggregate_int,2016,41.08
mkd,sex_m,eco_isic4_b,edu_aggregate_int,2017,41.79
mkd,sex_m,eco_isic4_b,edu_aggregate_int,2018,41.06
mkd,sex_m,eco_isic4_b,edu_aggregate_int,2019,40.4
mkd,sex_m,eco_isic4_b,edu_aggregate_int,2020,39.99
mkd,sex_m,eco_isic4_b,edu_aggregate_int,2021,39.94
mkd,sex_m,eco_isic4_b,edu_aggregate_int,2022,39.44
mkd,sex_m,eco_isic4_b,edu_aggregate_int,2024,38.25
mkd,sex_m,eco_isic4_b,edu_aggregate_total,2011,42.55
mkd,sex_m,eco_isic4_b,edu_aggregate_total,2012,41.57
mkd,sex_m,eco_isic4_b,edu_aggregate_total,2013,40.93
mkd,sex_m,eco_isic4_b,edu_aggregate_total,2014,40.97
mkd,sex_m,eco_isic4_b,edu_aggregate_total,2015,40.89
mkd,sex_m,eco_isic4_b,edu_aggregate_total,2016,41.45
mkd,sex_m,eco_isic4_b,edu_aggregate_total,2017,41.85
mkd,sex_m,eco_isic4_b,edu_aggregate_total,2018,41.23
mkd,sex_m,eco_isic4_b,edu_aggregate_total,2019,40.37
mkd,sex_m,eco_isic4_b,edu_aggregate_total,2020,39.94
mkd,sex_m,eco_isic4_b,edu_aggregate_total,2021,40.01
mkd,sex_m,eco_isic4_b,edu_aggregate_total,2022,39.56
mkd,sex_m,eco_isic4_b,edu_aggregate_total,2024,38.36
mkd,sex_m,eco_isic4_b,edu_isced11_1,2011,42.93
mkd,sex_m,eco_isic4_b,edu_isced11_1,2012,42.12
mkd,sex_m,eco_isic4_b,edu_isced11_1,2013,40.59
mkd,sex_m,eco_isic4_b,edu_isced11_1,2014,41.05
mkd,sex_m,eco_isic4_b,edu_isced11_1,2015,41.97
mkd,sex_m,eco_isic4_b,edu_isced11_1,2016,44.07
mkd,sex_m,eco_isic4_b,edu_isced11_1,2017,42.81
mkd,sex_m,eco_isic4_b,edu_isced11_1,2018,42.2
mkd,sex_m,eco_isic4_b,edu_isced11_1,2019,40.4
mkd,sex_m,eco_isic4_b,edu_isced11_1,2020,40.75
mkd,sex_m,eco_isic4_b,edu_isced11_1,2021,41.83
mkd,sex_m,eco_isic4_b,edu_isced11_1,2022,41.08
mkd,sex_m,eco_isic4_b,edu_isced11_1,2024,38.95
mkd,sex_m,eco_isic4_b,edu_isced11_3,2011,43.06
mkd,sex_m,eco_isic4_b,edu_isced11_3,2012,42.09
mkd,sex_m,eco_isic4_b,edu_isced11_3,2013,41
mkd,sex_m,eco_isic4_b,edu_isced11_3,2014,40.87
mkd,sex_m,eco_isic4_b,edu_isced11_3,2015,40.77
mkd,sex_m,eco_isic4_b,edu_isced11_3,2016,41.08
mkd,sex_m,eco_isic4_b,edu_isced11_3,2017,41.79
mkd,sex_m,eco_isic4_b,edu_isced11_3,2018,41.06
mkd,sex_m,eco_isic4_b,edu_isced11_3,2019,40.4
mkd,sex_m,eco_isic4_b,edu_isced11_3,2020,39.99
mkd,sex_m,eco_isic4_b,edu_isced11_3,2021,39.94
mkd,sex_m,eco_isic4_b,edu_isced11_3,2022,39.44
mkd,sex_m,eco_isic4_b,edu_isced11_3,2024,38.45
mkd,sex_m,eco_isic4_b,edu_isced11_5,2012,40
mkd,sex_m,eco_isic4_b,edu_isced11_5,2014,43.12
mkd,sex_m,eco_isic4_b,edu_isced11_5,2017,40
mkd,sex_m,eco_isic4_b,edu_isced11_6,2011,33.76
mkd,sex_m,eco_isic4_b,edu_isced11_6,2012,36.78
mkd,sex_m,eco_isic4_b,edu_isced11_6,2013,41.22
mkd,sex_m,eco_isic4_b,edu_isced11_6,2014,40.88
mkd,sex_m,eco_isic4_b,edu_isced11_6,2015,40
mkd,sex_m,eco_isic4_b,edu_isced11_6,2016,40
mkd,sex_m,eco_isic4_b,edu_isced11_6,2017,40.9
mkd,sex_m,eco_isic4_b,edu_isced11_6,2018,42.14
mkd,sex_m,eco_isic4_b,edu_isced11_6,2019,40
mkd,sex_m,eco_isic4_b,edu_isced11_6,2020,38.79
mkd,sex_m,eco_isic4_b,edu_isced11_6,2021,39.54
mkd,sex_m,eco_isic4_b,edu_isced11_6,2022,40
mkd,sex_m,eco_isic4_b,edu_isced11_6,2024,39.37
mkd,sex_m,eco_isic4_b,edu_isced11_7,2018,40.5
mkd,sex_m,eco_isic4_b,edu_isced11_total,2011,42.55
mkd,sex_m,eco_isic4_b,edu_isced11_total,2012,41.57
mkd,sex_m,eco_isic4_b,edu_isced11_total,2013,40.93
mkd,sex_m,eco_isic4_b,edu_isced11_total,2014,40.97
mkd,sex_m,eco_isic4_b,edu_isced11_total,2015,40.89
mkd,sex_m,eco_isic4_b,edu_isced11_total,2016,41.45
mkd,sex_m,eco_isic4_b,edu_isced11_total,2017,41.85
mkd,sex_m,eco_isic4_b,edu_isced11_total,2018,41.23
mkd,sex_m,eco_isic4_b,edu_isced11_total,2019,40.37
mkd,sex_m,eco_isic4_b,edu_isced11_total,2020,39.94
mkd,sex_m,eco_isic4_b,edu_isced11_total,2021,40.01
mkd,sex_m,eco_isic4_b,edu_isced11_total,2022,39.56
mkd,sex_m,eco_isic4_b,edu_isced11_total,2024,38.36
mkd,sex_m,eco_isic4_c,edu_aggregate_adv,2011,41.31
mkd,sex_m,eco_isic4_c,edu_aggregate_adv,2012,41.18
mkd,sex_m,eco_isic4_c,edu_aggregate_adv,2013,40.59
mkd,sex_m,eco_isic4_c,edu_aggregate_adv,2014,41.15
mkd,sex_m,eco_isic4_c,edu_aggregate_adv,2015,40.33
mkd,sex_m,eco_isic4_c,edu_aggregate_adv,2016,41.14
mkd,sex_m,eco_isic4_c,edu_aggregate_adv,2017,42.59
mkd,sex_m,eco_isic4_c,edu_aggregate_adv,2018,40.91
mkd,sex_m,eco_isic4_c,edu_aggregate_adv,2019,40.82
mkd,sex_m,eco_isic4_c,edu_aggregate_adv,2020,39.27
mkd,sex_m,eco_isic4_c,edu_aggregate_adv,2021,40.07
mkd,sex_m,eco_isic4_c,edu_aggregate_adv,2022,39.9
mkd,sex_m,eco_isic4_c,edu_aggregate_adv,2024,38.71
mkd,sex_m,eco_isic4_c,edu_aggregate_bas,2011,45.18
mkd,sex_m,eco_isic4_c,edu_aggregate_bas,2012,44.08
mkd,sex_m,eco_isic4_c,edu_aggregate_bas,2013,43.56
mkd,sex_m,eco_isic4_c,edu_aggregate_bas,2014,43.32
mkd,sex_m,eco_isic4_c,edu_aggregate_bas,2015,41.44
mkd,sex_m,eco_isic4_c,edu_aggregate_bas,2016,43.13
mkd,sex_m,eco_isic4_c,edu_aggregate_bas,2017,43.94
mkd,sex_m,eco_isic4_c,edu_aggregate_bas,2018,43.03
mkd,sex_m,eco_isic4_c,edu_aggregate_bas,2019,43.37
mkd,sex_m,eco_isic4_c,edu_aggregate_bas,2020,41.82
mkd,sex_m,eco_isic4_c,edu_aggregate_bas,2021,41.39
mkd,sex_m,eco_isic4_c,edu_aggregate_bas,2022,41.18
mkd,sex_m,eco_isic4_c,edu_aggregate_bas,2024,39.16
mkd,sex_m,eco_isic4_c,edu_aggregate_int,2011,43.09
mkd,sex_m,eco_isic4_c,edu_aggregate_int,2012,42.48
mkd,sex_m,eco_isic4_c,edu_aggregate_int,2013,42.4
mkd,sex_m,eco_isic4_c,edu_aggregate_int,2014,41.59
mkd,sex_m,eco_isic4_c,edu_aggregate_int,2015,41.68
mkd,sex_m,eco_isic4_c,edu_aggregate_int,2016,41.97
mkd,sex_m,eco_isic4_c,edu_aggregate_int,2017,42.39
mkd,sex_m,eco_isic4_c,edu_aggregate_int,2018,42.06
mkd,sex_m,eco_isic4_c,edu_aggregate_int,2019,41.04
mkd,sex_m,eco_isic4_c,edu_aggregate_int,2020,39.64
mkd,sex_m,eco_isic4_c,edu_aggregate_int,2021,40.29
mkd,sex_m,eco_isic4_c,edu_aggregate_int,2022,40.33
mkd,sex_m,eco_isic4_c,edu_aggregate_int,2024,39.11
mkd,sex_m,eco_isic4_c,edu_aggregate_ltb,2011,41.2
mkd,sex_m,eco_isic4_c,edu_aggregate_ltb,2012,37.98
mkd,sex_m,eco_isic4_c,edu_aggregate_ltb,2013,36.52
mkd,sex_m,eco_isic4_c,edu_aggregate_ltb,2014,40.08
mkd,sex_m,eco_isic4_c,edu_aggregate_ltb,2015,41.7
mkd,sex_m,eco_isic4_c,edu_aggregate_ltb,2016,43.14
mkd,sex_m,eco_isic4_c,edu_aggregate_ltb,2017,39.14
mkd,sex_m,eco_isic4_c,edu_aggregate_ltb,2018,39.79
mkd,sex_m,eco_isic4_c,edu_aggregate_ltb,2019,40.04
mkd,sex_m,eco_isic4_c,edu_aggregate_ltb,2020,35.67
mkd,sex_m,eco_isic4_c,edu_aggregate_ltb,2021,39.46
mkd,sex_m,eco_isic4_c,edu_aggregate_total,2011,43.25
mkd,sex_m,eco_isic4_c,edu_aggregate_total,2012,42.54
mkd,sex_m,eco_isic4_c,edu_aggregate_total,2013,42.34
mkd,sex_m,eco_isic4_c,edu_aggregate_total,2014,41.8
mkd,sex_m,eco_isic4_c,edu_aggregate_total,2015,41.47
mkd,sex_m,eco_isic4_c,edu_aggregate_total,2016,42.04
mkd,sex_m,eco_isic4_c,edu_aggregate_total,2017,42.61
mkd,sex_m,eco_isic4_c,edu_aggregate_total,2018,42.02
mkd,sex_m,eco_isic4_c,edu_aggregate_total,2019,41.3
mkd,sex_m,eco_isic4_c,edu_aggregate_total,2020,39.84
mkd,sex_m,eco_isic4_c,edu_aggregate_total,2021,40.38
mkd,sex_m,eco_isic4_c,edu_aggregate_total,2022,40.37
mkd,sex_m,eco_isic4_c,edu_aggregate_total,2024,39.09
mkd,sex_m,eco_isic4_c,edu_isced11_0,2011,42.79
mkd,sex_m,eco_isic4_c,edu_isced11_0,2012,36.72
mkd,sex_m,eco_isic4_c,edu_isced11_0,2013,36.98
mkd,sex_m,eco_isic4_c,edu_isced11_0,2014,40.62
mkd,sex_m,eco_isic4_c,edu_isced11_0,2015,39.41
mkd,sex_m,eco_isic4_c,edu_isced11_0,2016,42.48
mkd,sex_m,eco_isic4_c,edu_isced11_0,2017,38.92
mkd,sex_m,eco_isic4_c,edu_isced11_0,2018,39.66
mkd,sex_m,eco_isic4_c,edu_isced11_0,2019,37.94
mkd,sex_m,eco_isic4_c,edu_isced11_0,2020,35.58
mkd,sex_m,eco_isic4_c,edu_isced11_1,2011,45.19
mkd,sex_m,eco_isic4_c,edu_isced11_1,2012,44.04
mkd,sex_m,eco_isic4_c,edu_isced11_1,2013,43.63
mkd,sex_m,eco_isic4_c,edu_isced11_1,2014,43.33
mkd,sex_m,eco_isic4_c,edu_isced11_1,2015,41.4
mkd,sex_m,eco_isic4_c,edu_isced11_1,2016,43.12
mkd,sex_m,eco_isic4_c,edu_isced11_1,2017,43.95
mkd,sex_m,eco_isic4_c,edu_isced11_1,2018,43
mkd,sex_m,eco_isic4_c,edu_isced11_1,2019,43.38
mkd,sex_m,eco_isic4_c,edu_isced11_1,2020,41.84
mkd,sex_m,eco_isic4_c,edu_isced11_1,2021,41.39
mkd,sex_m,eco_isic4_c,edu_isced11_1,2022,41.18
mkd,sex_m,eco_isic4_c,edu_isced11_1,2024,39.15
mkd,sex_m,eco_isic4_c,edu_isced11_2,2011,44.54
mkd,sex_m,eco_isic4_c,edu_isced11_2,2012,45.01
mkd,sex_m,eco_isic4_c,edu_isced11_2,2014,43.07
mkd,sex_m,eco_isic4_c,edu_isced11_2,2016,43.19
mkd,sex_m,eco_isic4_c,edu_isced11_2,2017,43.77
mkd,sex_m,eco_isic4_c,edu_isced11_2,2018,43.71
mkd,sex_m,eco_isic4_c,edu_isced11_2,2019,43.14
mkd,sex_m,eco_isic4_c,edu_isced11_3,2011,43.09
mkd,sex_m,eco_isic4_c,edu_isced11_3,2012,42.48
mkd,sex_m,eco_isic4_c,edu_isced11_3,2013,42.4
mkd,sex_m,eco_isic4_c,edu_isced11_3,2014,41.59
mkd,sex_m,eco_isic4_c,edu_isced11_3,2015,41.68
mkd,sex_m,eco_isic4_c,edu_isced11_3,2016,41.97
mkd,sex_m,eco_isic4_c,edu_isced11_3,2017,42.39
mkd,sex_m,eco_isic4_c,edu_isced11_3,2018,42.06
mkd,sex_m,eco_isic4_c,edu_isced11_3,2019,41.04
mkd,sex_m,eco_isic4_c,edu_isced11_3,2020,39.7
mkd,sex_m,eco_isic4_c,edu_isced11_3,2021,40.26
mkd,sex_m,eco_isic4_c,edu_isced11_3,2022,40.32
mkd,sex_m,eco_isic4_c,edu_isced11_3,2024,38.95
mkd,sex_m,eco_isic4_c,edu_isced11_4,2020,34.33
mkd,sex_m,eco_isic4_c,edu_isced11_4,2021,44.5
mkd,sex_m,eco_isic4_c,edu_isced11_4,2024,40.05
mkd,sex_m,eco_isic4_c,edu_isced11_5,2011,40.98
mkd,sex_m,eco_isic4_c,edu_isced11_5,2012,40.83
mkd,sex_m,eco_isic4_c,edu_isced11_5,2013,41
mkd,sex_m,eco_isic4_c,edu_isced11_5,2014,42.37
mkd,sex_m,eco_isic4_c,edu_isced11_5,2015,42.27
mkd,sex_m,eco_isic4_c,edu_isced11_5,2016,41.13
mkd,sex_m,eco_isic4_c,edu_isced11_5,2017,42.39
mkd,sex_m,eco_isic4_c,edu_isced11_5,2018,40.48
mkd,sex_m,eco_isic4_c,edu_isced11_5,2019,43.13
mkd,sex_m,eco_isic4_c,edu_isced11_5,2020,40.89
mkd,sex_m,eco_isic4_c,edu_isced11_5,2021,41.13
mkd,sex_m,eco_isic4_c,edu_isced11_5,2022,40
mkd,sex_m,eco_isic4_c,edu_isced11_5,2024,38.47
mkd,sex_m,eco_isic4_c,edu_isced11_6,2011,41.41
mkd,sex_m,eco_isic4_c,edu_isced11_6,2012,41.21
mkd,sex_m,eco_isic4_c,edu_isced11_6,2013,40.52
mkd,sex_m,eco_isic4_c,edu_isced11_6,2014,40.98
mkd,sex_m,eco_isic4_c,edu_isced11_6,2015,40.06
mkd,sex_m,eco_isic4_c,edu_isced11_6,2016,41.2
mkd,sex_m,eco_isic4_c,edu_isced11_6,2017,42.58
mkd,sex_m,eco_isic4_c,edu_isced11_6,2018,40.96
mkd,sex_m,eco_isic4_c,edu_isced11_6,2019,40.4
mkd,sex_m,eco_isic4_c,edu_isced11_6,2020,39.24
mkd,sex_m,eco_isic4_c,edu_isced11_6,2021,40
mkd,sex_m,eco_isic4_c,edu_isced11_6,2022,39.85
mkd,sex_m,eco_isic4_c,edu_isced11_6,2024,38.63
mkd,sex_m,eco_isic4_c,edu_isced11_7,2013,41.1
mkd,sex_m,eco_isic4_c,edu_isced11_7,2014,40.44
mkd,sex_m,eco_isic4_c,edu_isced11_7,2015,39.51
mkd,sex_m,eco_isic4_c,edu_isced11_7,2016,41.82
mkd,sex_m,eco_isic4_c,edu_isced11_7,2017,42.51
mkd,sex_m,eco_isic4_c,edu_isced11_7,2018,40.92
mkd,sex_m,eco_isic4_c,edu_isced11_7,2019,40
mkd,sex_m,eco_isic4_c,edu_isced11_7,2020,34.05
mkd,sex_m,eco_isic4_c,edu_isced11_7,2021,38.81
mkd,sex_m,eco_isic4_c,edu_isced11_7,2022,40.63
mkd,sex_m,eco_isic4_c,edu_isced11_7,2024,39.67
mkd,sex_m,eco_isic4_c,edu_isced11_total,2011,43.25
mkd,sex_m,eco_isic4_c,edu_isced11_total,2012,42.54
mkd,sex_m,eco_isic4_c,edu_isced11_total,2013,42.34
mkd,sex_m,eco_isic4_c,edu_isced11_total,2014,41.8
mkd,sex_m,eco_isic4_c,edu_isced11_total,2015,41.47
mkd,sex_m,eco_isic4_c,edu_isced11_total,2016,42.04
mkd,sex_m,eco_isic4_c,edu_isced11_total,2017,42.61
mkd,sex_m,eco_isic4_c,edu_isced11_total,2018,42.02
mkd,sex_m,eco_isic4_c,edu_isced11_total,2019,41.3
mkd,sex_m,eco_isic4_c,edu_isced11_total,2020,39.84
mkd,sex_m,eco_isic4_c,edu_isced11_total,2021,40.38
mkd,sex_m,eco_isic4_c,edu_isced11_total,2022,40.37
mkd,sex_m,eco_isic4_c,edu_isced11_total,2024,39.09
mkd,sex_m,eco_isic4_c,edu_isced11_x,2011,38.33
mkd,sex_m,eco_isic4_c,edu_isced11_x,2019,45.55
mkd,sex_m,eco_isic4_d,edu_aggregate_adv,2011,41.12
mkd,sex_m,eco_isic4_d,edu_aggregate_adv,2012,39.37
mkd,sex_m,eco_isic4_d,edu_aggregate_adv,2013,39.46
mkd,sex_m,eco_isic4_d,edu_aggregate_adv,2014,39.65
mkd,sex_m,eco_isic4_d,edu_aggregate_adv,2015,39.09
mkd,sex_m,eco_isic4_d,edu_aggregate_adv,2016,38.62
mkd,sex_m,eco_isic4_d,edu_aggregate_adv,2017,39.5
mkd,sex_m,eco_isic4_d,edu_aggregate_adv,2018,38.55
mkd,sex_m,eco_isic4_d,edu_aggregate_adv,2019,39.33
mkd,sex_m,eco_isic4_d,edu_aggregate_adv,2020,38.99
mkd,sex_m,eco_isic4_d,edu_aggregate_adv,2021,39.97
mkd,sex_m,eco_isic4_d,edu_aggregate_adv,2022,38.12
mkd,sex_m,eco_isic4_d,edu_aggregate_adv,2024,38.29
mkd,sex_m,eco_isic4_d,edu_aggregate_bas,2011,41.67
mkd,sex_m,eco_isic4_d,edu_aggregate_bas,2012,43.54
mkd,sex_m,eco_isic4_d,edu_aggregate_bas,2013,40
mkd,sex_m,eco_isic4_d,edu_aggregate_bas,2014,40.76
mkd,sex_m,eco_isic4_d,edu_aggregate_bas,2015,40.94
mkd,sex_m,eco_isic4_d,edu_aggregate_bas,2016,40
mkd,sex_m,eco_isic4_d,edu_aggregate_bas,2017,40.42
mkd,sex_m,eco_isic4_d,edu_aggregate_bas,2018,40
mkd,sex_m,eco_isic4_d,edu_aggregate_bas,2019,41.03
mkd,sex_m,eco_isic4_d,edu_aggregate_bas,2020,39.17
mkd,sex_m,eco_isic4_d,edu_aggregate_bas,2021,40
mkd,sex_m,eco_isic4_d,edu_aggregate_bas,2024,40
mkd,sex_m,eco_isic4_d,edu_aggregate_int,2011,40.34
mkd,sex_m,eco_isic4_d,edu_aggregate_int,2012,40.5
mkd,sex_m,eco_isic4_d,edu_aggregate_int,2013,40.31
mkd,sex_m,eco_isic4_d,edu_aggregate_int,2014,39.94
mkd,sex_m,eco_isic4_d,edu_aggregate_int,2015,40.93
mkd,sex_m,eco_isic4_d,edu_aggregate_int,2016,40.73
mkd,sex_m,eco_isic4_d,edu_aggregate_int,2017,41.03
mkd,sex_m,eco_isic4_d,edu_aggregate_int,2018,40.1
mkd,sex_m,eco_isic4_d,edu_aggregate_int,2019,39.93
mkd,sex_m,eco_isic4_d,edu_aggregate_int,2020,39.73
mkd,sex_m,eco_isic4_d,edu_aggregate_int,2021,39.6
mkd,sex_m,eco_isic4_d,edu_aggregate_int,2022,39.68
mkd,sex_m,eco_isic4_d,edu_aggregate_int,2024,38.53
mkd,sex_m,eco_isic4_d,edu_aggregate_total,2011,40.6
mkd,sex_m,eco_isic4_d,edu_aggregate_total,2012,40.45
mkd,sex_m,eco_isic4_d,edu_aggregate_total,2013,40.11
mkd,sex_m,eco_isic4_d,edu_aggregate_total,2014,39.97
mkd,sex_m,eco_isic4_d,edu_aggregate_total,2015,40.55
mkd,sex_m,eco_isic4_d,edu_aggregate_total,2016,40.27
mkd,sex_m,eco_isic4_d,edu_aggregate_total,2017,40.71
mkd,sex_m,eco_isic4_d,edu_aggregate_total,2018,39.81
mkd,sex_m,eco_isic4_d,edu_aggregate_total,2019,39.82
mkd,sex_m,eco_isic4_d,edu_aggregate_total,2020,39.32
mkd,sex_m,eco_isic4_d,edu_aggregate_total,2021,39.7
mkd,sex_m,eco_isic4_d,edu_aggregate_total,2022,39.3
mkd,sex_m,eco_isic4_d,edu_aggregate_total,2024,38.53
mkd,sex_m,eco_isic4_d,edu_isced11_1,2011,41.76
mkd,sex_m,eco_isic4_d,edu_isced11_1,2012,43.72
mkd,sex_m,eco_isic4_d,edu_isced11_1,2013,40
mkd,sex_m,eco_isic4_d,edu_isced11_1,2014,40.76
mkd,sex_m,eco_isic4_d,edu_isced11_1,2015,40.94
mkd,sex_m,eco_isic4_d,edu_isced11_1,2016,40
mkd,sex_m,eco_isic4_d,edu_isced11_1,2017,40.42
mkd,sex_m,eco_isic4_d,edu_isced11_1,2018,40
mkd,sex_m,eco_isic4_d,edu_isced11_1,2019,41.16
mkd,sex_m,eco_isic4_d,edu_isced11_1,2020,39.17
mkd,sex_m,eco_isic4_d,edu_isced11_1,2021,40
mkd,sex_m,eco_isic4_d,edu_isced11_1,2024,40
mkd,sex_m,eco_isic4_d,edu_isced11_3,2011,40.34
mkd,sex_m,eco_isic4_d,edu_isced11_3,2012,40.5
mkd,sex_m,eco_isic4_d,edu_isced11_3,2013,40.31
mkd,sex_m,eco_isic4_d,edu_isced11_3,2014,39.94
mkd,sex_m,eco_isic4_d,edu_isced11_3,2015,40.93
mkd,sex_m,eco_isic4_d,edu_isced11_3,2016,40.73
mkd,sex_m,eco_isic4_d,edu_isced11_3,2017,41.03
mkd,sex_m,eco_isic4_d,edu_isced11_3,2018,40.1
mkd,sex_m,eco_isic4_d,edu_isced11_3,2019,39.93
mkd,sex_m,eco_isic4_d,edu_isced11_3,2020,39.72
mkd,sex_m,eco_isic4_d,edu_isced11_3,2021,39.7
mkd,sex_m,eco_isic4_d,edu_isced11_3,2022,39.68
mkd,sex_m,eco_isic4_d,edu_isced11_3,2024,38.51
mkd,sex_m,eco_isic4_d,edu_isced11_4,2024,38.6
mkd,sex_m,eco_isic4_d,edu_isced11_5,2011,41.35
mkd,sex_m,eco_isic4_d,edu_isced11_5,2012,39.43
mkd,sex_m,eco_isic4_d,edu_isced11_5,2013,38.88
mkd,sex_m,eco_isic4_d,edu_isced11_5,2014,37.35
mkd,sex_m,eco_isic4_d,edu_isced11_5,2015,40
mkd,sex_m,eco_isic4_d,edu_isced11_5,2018,40
mkd,sex_m,eco_isic4_d,edu_isced11_5,2019,40
mkd,sex_m,eco_isic4_d,edu_isced11_5,2020,40
mkd,sex_m,eco_isic4_d,edu_isced11_5,2024,38.54
mkd,sex_m,eco_isic4_d,edu_isced11_6,2011,41.09
mkd,sex_m,eco_isic4_d,edu_isced11_6,2012,39.27
mkd,sex_m,eco_isic4_d,edu_isced11_6,2013,40
mkd,sex_m,eco_isic4_d,edu_isced11_6,2014,40
mkd,sex_m,eco_isic4_d,edu_isced11_6,2015,38.86
mkd,sex_m,eco_isic4_d,edu_isced11_6,2016,38.59
mkd,sex_m,eco_isic4_d,edu_isced11_6,2017,39.4
mkd,sex_m,eco_isic4_d,edu_isced11_6,2018,38.54
mkd,sex_m,eco_isic4_d,edu_isced11_6,2019,39.59
mkd,sex_m,eco_isic4_d,edu_isced11_6,2020,39.17
mkd,sex_m,eco_isic4_d,edu_isced11_6,2021,39.97
mkd,sex_m,eco_isic4_d,edu_isced11_6,2022,37.96
mkd,sex_m,eco_isic4_d,edu_isced11_6,2024,38.68
mkd,sex_m,eco_isic4_d,edu_isced11_7,2018,37.01
mkd,sex_m,eco_isic4_d,edu_isced11_7,2019,37.15
mkd,sex_m,eco_isic4_d,edu_isced11_7,2024,36.76
mkd,sex_m,eco_isic4_d,edu_isced11_total,2011,40.6
mkd,sex_m,eco_isic4_d,edu_isced11_total,2012,40.45
mkd,sex_m,eco_isic4_d,edu_isced11_total,2013,40.11
mkd,sex_m,eco_isic4_d,edu_isced11_total,2014,39.97
mkd,sex_m,eco_isic4_d,edu_isced11_total,2015,40.55
mkd,sex_m,eco_isic4_d,edu_isced11_total,2016,40.27
mkd,sex_m,eco_isic4_d,edu_isced11_total,2017,40.71
mkd,sex_m,eco_isic4_d,edu_isced11_total,2018,39.81
mkd,sex_m,eco_isic4_d,edu_isced11_total,2019,39.82
mkd,sex_m,eco_isic4_d,edu_isced11_total,2020,39.32
mkd,sex_m,eco_isic4_d,edu_isced11_total,2021,39.7
mkd,sex_m,eco_isic4_d,edu_isced11_total,2022,39.3
mkd,sex_m,eco_isic4_d,edu_isced11_total,2024,38.53
mkd,sex_m,eco_isic4_e,edu_aggregate_adv,2011,38.5
mkd,sex_m,eco_isic4_e,edu_aggregate_adv,2012,40.24
mkd,sex_m,eco_isic4_e,edu_aggregate_adv,2013,39.72
mkd,sex_m,eco_isic4_e,edu_aggregate_adv,2014,40.12
mkd,sex_m,eco_isic4_e,edu_aggregate_adv,2015,39.66
mkd,sex_m,eco_isic4_e,edu_aggregate_adv,2016,39.8
mkd,sex_m,eco_isic4_e,edu_aggregate_adv,2017,39.67
mkd,sex_m,eco_isic4_e,edu_aggregate_adv,2018,39.92
mkd,sex_m,eco_isic4_e,edu_aggregate_adv,2019,39.73
mkd,sex_m,eco_isic4_e,edu_aggregate_adv,2020,37.94
mkd,sex_m,eco_isic4_e,edu_aggregate_adv,2021,39.02
mkd,sex_m,eco_isic4_e,edu_aggregate_adv,2022,39.82
mkd,sex_m,eco_isic4_e,edu_aggregate_adv,2024,39.39
mkd,sex_m,eco_isic4_e,edu_aggregate_bas,2011,39.61
mkd,sex_m,eco_isic4_e,edu_aggregate_bas,2012,41.16
mkd,sex_m,eco_isic4_e,edu_aggregate_bas,2013,40.78
mkd,sex_m,eco_isic4_e,edu_aggregate_bas,2014,40.67
mkd,sex_m,eco_isic4_e,edu_aggregate_bas,2015,38.15
mkd,sex_m,eco_isic4_e,edu_aggregate_bas,2016,39.82
mkd,sex_m,eco_isic4_e,edu_aggregate_bas,2017,40.7
mkd,sex_m,eco_isic4_e,edu_aggregate_bas,2018,38.92
mkd,sex_m,eco_isic4_e,edu_aggregate_bas,2019,38.86
mkd,sex_m,eco_isic4_e,edu_aggregate_bas,2020,39.28
mkd,sex_m,eco_isic4_e,edu_aggregate_bas,2021,40.02
mkd,sex_m,eco_isic4_e,edu_aggregate_bas,2022,40.41
mkd,sex_m,eco_isic4_e,edu_aggregate_bas,2024,39.55
mkd,sex_m,eco_isic4_e,edu_aggregate_int,2011,40.04
mkd,sex_m,eco_isic4_e,edu_aggregate_int,2012,41.58
mkd,sex_m,eco_isic4_e,edu_aggregate_int,2013,39.91
mkd,sex_m,eco_isic4_e,edu_aggregate_int,2014,39.91
mkd,sex_m,eco_isic4_e,edu_aggregate_int,2015,39.19
mkd,sex_m,eco_isic4_e,edu_aggregate_int,2016,40.75
mkd,sex_m,eco_isic4_e,edu_aggregate_int,2017,40.31
mkd,sex_m,eco_isic4_e,edu_aggregate_int,2018,40.23
mkd,sex_m,eco_isic4_e,edu_aggregate_int,2019,39.04
mkd,sex_m,eco_isic4_e,edu_aggregate_int,2020,39.42
mkd,sex_m,eco_isic4_e,edu_aggregate_int,2021,39.98
mkd,sex_m,eco_isic4_e,edu_aggregate_int,2022,39.54
mkd,sex_m,eco_isic4_e,edu_aggregate_int,2024,37.87
mkd,sex_m,eco_isic4_e,edu_aggregate_ltb,2011,39.19
mkd,sex_m,eco_isic4_e,edu_aggregate_ltb,2012,41.51
mkd,sex_m,eco_isic4_e,edu_aggregate_ltb,2013,40.38
mkd,sex_m,eco_isic4_e,edu_aggregate_ltb,2014,43.35
mkd,sex_m,eco_isic4_e,edu_aggregate_ltb,2015,32.32
mkd,sex_m,eco_isic4_e,edu_aggregate_ltb,2016,34.42
mkd,sex_m,eco_isic4_e,edu_aggregate_ltb,2017,38.66
mkd,sex_m,eco_isic4_e,edu_aggregate_ltb,2018,37.26
mkd,sex_m,eco_isic4_e,edu_aggregate_ltb,2019,34.8
mkd,sex_m,eco_isic4_e,edu_aggregate_ltb,2020,36.6
mkd,sex_m,eco_isic4_e,edu_aggregate_ltb,2021,39.91
mkd,sex_m,eco_isic4_e,edu_aggregate_ltb,2022,38.69
mkd,sex_m,eco_isic4_e,edu_aggregate_total,2011,39.65
mkd,sex_m,eco_isic4_e,edu_aggregate_total,2012,41.38
mkd,sex_m,eco_isic4_e,edu_aggregate_total,2013,40.12
mkd,sex_m,eco_isic4_e,edu_aggregate_total,2014,40.6
mkd,sex_m,eco_isic4_e,edu_aggregate_total,2015,38.31
mkd,sex_m,eco_isic4_e,edu_aggregate_total,2016,39.75
mkd,sex_m,eco_isic4_e,edu_aggregate_total,2017,40.23
mkd,sex_m,eco_isic4_e,edu_aggregate_total,2018,39.6
mkd,sex_m,eco_isic4_e,edu_aggregate_total,2019,38.86
mkd,sex_m,eco_isic4_e,edu_aggregate_total,2020,39.09
mkd,sex_m,eco_isic4_e,edu_aggregate_total,2021,39.87
mkd,sex_m,eco_isic4_e,edu_aggregate_total,2022,39.72
mkd,sex_m,eco_isic4_e,edu_aggregate_total,2024,38.75
mkd,sex_m,eco_isic4_e,edu_isced11_0,2011,40.64
mkd,sex_m,eco_isic4_e,edu_isced11_0,2013,40.65
mkd,sex_m,eco_isic4_e,edu_isced11_0,2014,43.21
mkd,sex_m,eco_isic4_e,edu_isced11_0,2015,34.27
mkd,sex_m,eco_isic4_e,edu_isced11_0,2016,38.03
mkd,sex_m,eco_isic4_e,edu_isced11_0,2018,42.98
mkd,sex_m,eco_isic4_e,edu_isced11_0,2019,38.62
mkd,sex_m,eco_isic4_e,edu_isced11_0,2020,37.31
mkd,sex_m,eco_isic4_e,edu_isced11_0,2021,39.89
mkd,sex_m,eco_isic4_e,edu_isced11_0,2022,36.04
mkd,sex_m,eco_isic4_e,edu_isced11_1,2011,39.61
mkd,sex_m,eco_isic4_e,edu_isced11_1,2012,41.17
mkd,sex_m,eco_isic4_e,edu_isced11_1,2013,41.71
mkd,sex_m,eco_isic4_e,edu_isced11_1,2014,40.67
mkd,sex_m,eco_isic4_e,edu_isced11_1,2015,38.15
mkd,sex_m,eco_isic4_e,edu_isced11_1,2016,39.82
mkd,sex_m,eco_isic4_e,edu_isced11_1,2017,40.7
mkd,sex_m,eco_isic4_e,edu_isced11_1,2018,38.89
mkd,sex_m,eco_isic4_e,edu_isced11_1,2019,38.88
mkd,sex_m,eco_isic4_e,edu_isced11_1,2020,39.26
mkd,sex_m,eco_isic4_e,edu_isced11_1,2021,40.02
mkd,sex_m,eco_isic4_e,edu_isced11_1,2022,40.41
mkd,sex_m,eco_isic4_e,edu_isced11_1,2024,39.55
mkd,sex_m,eco_isic4_e,edu_isced11_3,2011,40.04
mkd,sex_m,eco_isic4_e,edu_isced11_3,2012,41.58
mkd,sex_m,eco_isic4_e,edu_isced11_3,2013,39.91
mkd,sex_m,eco_isic4_e,edu_isced11_3,2014,39.91
mkd,sex_m,eco_isic4_e,edu_isced11_3,2015,39.19
mkd,sex_m,eco_isic4_e,edu_isced11_3,2016,40.75
mkd,sex_m,eco_isic4_e,edu_isced11_3,2017,40.31
mkd,sex_m,eco_isic4_e,edu_isced11_3,2018,40.23
mkd,sex_m,eco_isic4_e,edu_isced11_3,2019,39.04
mkd,sex_m,eco_isic4_e,edu_isced11_3,2020,39.41
mkd,sex_m,eco_isic4_e,edu_isced11_3,2021,40.09
mkd,sex_m,eco_isic4_e,edu_isced11_3,2022,39.54
mkd,sex_m,eco_isic4_e,edu_isced11_3,2024,37.74
mkd,sex_m,eco_isic4_e,edu_isced11_4,2024,38.47
mkd,sex_m,eco_isic4_e,edu_isced11_5,2011,39.74
mkd,sex_m,eco_isic4_e,edu_isced11_5,2012,40
mkd,sex_m,eco_isic4_e,edu_isced11_5,2013,40
mkd,sex_m,eco_isic4_e,edu_isced11_5,2015,40
mkd,sex_m,eco_isic4_e,edu_isced11_5,2016,42.52
mkd,sex_m,eco_isic4_e,edu_isced11_5,2017,39.91
mkd,sex_m,eco_isic4_e,edu_isced11_5,2018,40
mkd,sex_m,eco_isic4_e,edu_isced11_5,2019,40
mkd,sex_m,eco_isic4_e,edu_isced11_5,2020,40
mkd,sex_m,eco_isic4_e,edu_isced11_5,2021,36.69
mkd,sex_m,eco_isic4_e,edu_isced11_6,2011,38.12
mkd,sex_m,eco_isic4_e,edu_isced11_6,2012,40.31
mkd,sex_m,eco_isic4_e,edu_isced11_6,2013,39.68
mkd,sex_m,eco_isic4_e,edu_isced11_6,2014,40.12
mkd,sex_m,eco_isic4_e,edu_isced11_6,2015,39.61
mkd,sex_m,eco_isic4_e,edu_isced11_6,2016,40
mkd,sex_m,eco_isic4_e,edu_isced11_6,2017,39.37
mkd,sex_m,eco_isic4_e,edu_isced11_6,2018,39.89
mkd,sex_m,eco_isic4_e,edu_isced11_6,2019,39.64
mkd,sex_m,eco_isic4_e,edu_isced11_6,2020,37.83
mkd,sex_m,eco_isic4_e,edu_isced11_6,2021,39.18
mkd,sex_m,eco_isic4_e,edu_isced11_6,2022,40
mkd,sex_m,eco_isic4_e,edu_isced11_6,2024,39.29
mkd,sex_m,eco_isic4_e,edu_isced11_7,2016,37.27
mkd,sex_m,eco_isic4_e,edu_isced11_7,2017,41.43
mkd,sex_m,eco_isic4_e,edu_isced11_7,2022,40
mkd,sex_m,eco_isic4_e,edu_isced11_7,2024,40
mkd,sex_m,eco_isic4_e,edu_isced11_total,2011,39.65
mkd,sex_m,eco_isic4_e,edu_isced11_total,2012,41.38
mkd,sex_m,eco_isic4_e,edu_isced11_total,2013,40.12
mkd,sex_m,eco_isic4_e,edu_isced11_total,2014,40.6
mkd,sex_m,eco_isic4_e,edu_isced11_total,2015,38.31
mkd,sex_m,eco_isic4_e,edu_isced11_total,2016,39.75
mkd,sex_m,eco_isic4_e,edu_isced11_total,2017,40.23
mkd,sex_m,eco_isic4_e,edu_isced11_total,2018,39.6
mkd,sex_m,eco_isic4_e,edu_isced11_total,2019,38.86
mkd,sex_m,eco_isic4_e,edu_isced11_total,2020,39.09
mkd,sex_m,eco_isic4_e,edu_isced11_total,2021,39.87
mkd,sex_m,eco_isic4_e,edu_isced11_total,2022,39.72
mkd,sex_m,eco_isic4_e,edu_isced11_total,2024,38.75
mkd,sex_m,eco_isic4_e,edu_isced11_x,2011,37.21
mkd,sex_m,eco_isic4_e,edu_isced11_x,2013,39.68
mkd,sex_m,eco_isic4_e,edu_isced11_x,2014,43.4
mkd,sex_m,eco_isic4_e,edu_isced11_x,2015,29.6
mkd,sex_m,eco_isic4_e,edu_isced11_x,2016,32.83
mkd,sex_m,eco_isic4_e,edu_isced11_x,2017,38.34
mkd,sex_m,eco_isic4_e,edu_isced11_x,2018,35.1
mkd,sex_m,eco_isic4_e,edu_isced11_x,2019,32.92
mkd,sex_m,eco_isic4_e,edu_isced11_x,2020,35.85
mkd,sex_m,eco_isic4_e,edu_isced11_x,2022,41.95
mkd,sex_m,eco_isic4_f,edu_aggregate_adv,2011,39.33
mkd,sex_m,eco_isic4_f,edu_aggregate_adv,2012,41.45
mkd,sex_m,eco_isic4_f,edu_aggregate_adv,2013,41.97
mkd,sex_m,eco_isic4_f,edu_aggregate_adv,2014,41.91
mkd,sex_m,eco_isic4_f,edu_aggregate_adv,2015,42.38
mkd,sex_m,eco_isic4_f,edu_aggregate_adv,2016,40.94
mkd,sex_m,eco_isic4_f,edu_aggregate_adv,2017,40.76
mkd,sex_m,eco_isic4_f,edu_aggregate_adv,2018,40.85
mkd,sex_m,eco_isic4_f,edu_aggregate_adv,2019,40.35
mkd,sex_m,eco_isic4_f,edu_aggregate_adv,2020,38.81
mkd,sex_m,eco_isic4_f,edu_aggregate_adv,2021,39.47
mkd,sex_m,eco_isic4_f,edu_aggregate_adv,2022,39.44
mkd,sex_m,eco_isic4_f,edu_aggregate_adv,2024,37.99
mkd,sex_m,eco_isic4_f,edu_aggregate_bas,2011,46.87
mkd,sex_m,eco_isic4_f,edu_aggregate_bas,2012,45.55
mkd,sex_m,eco_isic4_f,edu_aggregate_bas,2013,43.89
mkd,sex_m,eco_isic4_f,edu_aggregate_bas,2014,44.01
mkd,sex_m,eco_isic4_f,edu_aggregate_bas,2015,43.79
mkd,sex_m,eco_isic4_f,edu_aggregate_bas,2016,44.76
mkd,sex_m,eco_isic4_f,edu_aggregate_bas,2017,44.44
mkd,sex_m,eco_isic4_f,edu_aggregate_bas,2018,42.64
mkd,sex_m,eco_isic4_f,edu_aggregate_bas,2019,42.8
mkd,sex_m,eco_isic4_f,edu_aggregate_bas,2020,40.35
mkd,sex_m,eco_isic4_f,edu_aggregate_bas,2021,41.92
mkd,sex_m,eco_isic4_f,edu_aggregate_bas,2022,41.88
mkd,sex_m,eco_isic4_f,edu_aggregate_bas,2024,41.2
mkd,sex_m,eco_isic4_f,edu_aggregate_int,2011,44.12
mkd,sex_m,eco_isic4_f,edu_aggregate_int,2012,42.8
mkd,sex_m,eco_isic4_f,edu_aggregate_int,2013,43.41
mkd,sex_m,eco_isic4_f,edu_aggregate_int,2014,42.03
mkd,sex_m,eco_isic4_f,edu_aggregate_int,2015,42.12
mkd,sex_m,eco_isic4_f,edu_aggregate_int,2016,43.19
mkd,sex_m,eco_isic4_f,edu_aggregate_int,2017,43.06
mkd,sex_m,eco_isic4_f,edu_aggregate_int,2018,42.43
mkd,sex_m,eco_isic4_f,edu_aggregate_int,2019,41.34
mkd,sex_m,eco_isic4_f,edu_aggregate_int,2020,39.45
mkd,sex_m,eco_isic4_f,edu_aggregate_int,2021,41.11
mkd,sex_m,eco_isic4_f,edu_aggregate_int,2022,39.97
mkd,sex_m,eco_isic4_f,edu_aggregate_int,2024,40.37
mkd,sex_m,eco_isic4_f,edu_aggregate_ltb,2011,39.68
mkd,sex_m,eco_isic4_f,edu_aggregate_ltb,2012,41.55
mkd,sex_m,eco_isic4_f,edu_aggregate_ltb,2013,41.25
mkd,sex_m,eco_isic4_f,edu_aggregate_ltb,2014,43.23
mkd,sex_m,eco_isic4_f,edu_aggregate_ltb,2015,39.16
mkd,sex_m,eco_isic4_f,edu_aggregate_ltb,2016,42.82
mkd,sex_m,eco_isic4_f,edu_aggregate_ltb,2017,39.98
mkd,sex_m,eco_isic4_f,edu_aggregate_ltb,2018,39.38
mkd,sex_m,eco_isic4_f,edu_aggregate_ltb,2019,35.66
mkd,sex_m,eco_isic4_f,edu_aggregate_ltb,2020,40.92
mkd,sex_m,eco_isic4_f,edu_aggregate_ltb,2021,35.88
mkd,sex_m,eco_isic4_f,edu_aggregate_ltb,2022,41.33
mkd,sex_m,eco_isic4_f,edu_aggregate_total,2011,44.63
mkd,sex_m,eco_isic4_f,edu_aggregate_total,2012,43.64
mkd,sex_m,eco_isic4_f,edu_aggregate_total,2013,43.49
mkd,sex_m,eco_isic4_f,edu_aggregate_total,2014,42.76
mkd,sex_m,eco_isic4_f,edu_aggregate_total,2015,42.75
mkd,sex_m,eco_isic4_f,edu_aggregate_total,2016,43.45
mkd,sex_m,eco_isic4_f,edu_aggregate_total,2017,43.21
mkd,sex_m,eco_isic4_f,edu_aggregate_total,2018,42.33
mkd,sex_m,eco_isic4_f,edu_aggregate_total,2019,41.66
mkd,sex_m,eco_isic4_f,edu_aggregate_total,2020,39.71
mkd,sex_m,eco_isic4_f,edu_aggregate_total,2021,41.12
mkd,sex_m,eco_isic4_f,edu_aggregate_total,2022,40.48
mkd,sex_m,eco_isic4_f,edu_aggregate_total,2024,40.39
mkd,sex_m,eco_isic4_f,edu_isced11_0,2011,41.07
mkd,sex_m,eco_isic4_f,edu_isced11_0,2012,43.5
mkd,sex_m,eco_isic4_f,edu_isced11_0,2013,41.25
mkd,sex_m,eco_isic4_f,edu_isced11_0,2014,43.23
mkd,sex_m,eco_isic4_f,edu_isced11_0,2015,38.95
mkd,sex_m,eco_isic4_f,edu_isced11_0,2016,42.53
mkd,sex_m,eco_isic4_f,edu_isced11_0,2017,39.42
mkd,sex_m,eco_isic4_f,edu_isced11_0,2018,41.63
mkd,sex_m,eco_isic4_f,edu_isced11_0,2019,35.27
mkd,sex_m,eco_isic4_f,edu_isced11_0,2020,41.02
mkd,sex_m,eco_isic4_f,edu_isced11_0,2021,34.23
mkd,sex_m,eco_isic4_f,edu_isced11_0,2022,41.33
mkd,sex_m,eco_isic4_f,edu_isced11_1,2011,46.99
mkd,sex_m,eco_isic4_f,edu_isced11_1,2012,45.63
mkd,sex_m,eco_isic4_f,edu_isced11_1,2013,44.12
mkd,sex_m,eco_isic4_f,edu_isced11_1,2014,44.01
mkd,sex_m,eco_isic4_f,edu_isced11_1,2015,43.81
mkd,sex_m,eco_isic4_f,edu_isced11_1,2016,44.79
mkd,sex_m,eco_isic4_f,edu_isced11_1,2017,44.44
mkd,sex_m,eco_isic4_f,edu_isced11_1,2018,42.65
mkd,sex_m,eco_isic4_f,edu_isced11_1,2019,42.81
mkd,sex_m,eco_isic4_f,edu_isced11_1,2020,40.35
mkd,sex_m,eco_isic4_f,edu_isced11_1,2021,41.92
mkd,sex_m,eco_isic4_f,edu_isced11_1,2022,41.88
mkd,sex_m,eco_isic4_f,edu_isced11_1,2024,41.2
mkd,sex_m,eco_isic4_f,edu_isced11_2,2012,35.31
mkd,sex_m,eco_isic4_f,edu_isced11_2,2017,44.14
mkd,sex_m,eco_isic4_f,edu_isced11_3,2011,44.12
mkd,sex_m,eco_isic4_f,edu_isced11_3,2012,42.8
mkd,sex_m,eco_isic4_f,edu_isced11_3,2013,43.41
mkd,sex_m,eco_isic4_f,edu_isced11_3,2014,42.03
mkd,sex_m,eco_isic4_f,edu_isced11_3,2015,42.12
mkd,sex_m,eco_isic4_f,edu_isced11_3,2016,43.19
mkd,sex_m,eco_isic4_f,edu_isced11_3,2017,43.06
mkd,sex_m,eco_isic4_f,edu_isced11_3,2018,42.43
mkd,sex_m,eco_isic4_f,edu_isced11_3,2019,41.34
mkd,sex_m,eco_isic4_f,edu_isced11_3,2020,39.45
mkd,sex_m,eco_isic4_f,edu_isced11_3,2021,41.14
mkd,sex_m,eco_isic4_f,edu_isced11_3,2022,39.99
mkd,sex_m,eco_isic4_f,edu_isced11_3,2024,39.74
mkd,sex_m,eco_isic4_f,edu_isced11_4,2024,42.71
mkd,sex_m,eco_isic4_f,edu_isced11_5,2011,46.64
mkd,sex_m,eco_isic4_f,edu_isced11_5,2012,43.61
mkd,sex_m,eco_isic4_f,edu_isced11_5,2013,42.17
mkd,sex_m,eco_isic4_f,edu_isced11_5,2014,45.05
mkd,sex_m,eco_isic4_f,edu_isced11_5,2015,41.37
mkd,sex_m,eco_isic4_f,edu_isced11_5,2016,43.02
mkd,sex_m,eco_isic4_f,edu_isced11_5,2017,42.29
mkd,sex_m,eco_isic4_f,edu_isced11_5,2018,38.94
mkd,sex_m,eco_isic4_f,edu_isced11_5,2019,38.13
mkd,sex_m,eco_isic4_f,edu_isced11_5,2020,33.23
mkd,sex_m,eco_isic4_f,edu_isced11_5,2021,39.68
mkd,sex_m,eco_isic4_f,edu_isced11_5,2022,37.85
mkd,sex_m,eco_isic4_f,edu_isced11_5,2024,31.02
mkd,sex_m,eco_isic4_f,edu_isced11_6,2011,37.18
mkd,sex_m,eco_isic4_f,edu_isced11_6,2012,41.34
mkd,sex_m,eco_isic4_f,edu_isced11_6,2013,41.97
mkd,sex_m,eco_isic4_f,edu_isced11_6,2014,41.47
mkd,sex_m,eco_isic4_f,edu_isced11_6,2015,42.95
mkd,sex_m,eco_isic4_f,edu_isced11_6,2016,40.54
mkd,sex_m,eco_isic4_f,edu_isced11_6,2017,40.57
mkd,sex_m,eco_isic4_f,edu_isced11_6,2018,41.09
mkd,sex_m,eco_isic4_f,edu_isced11_6,2019,40.55
mkd,sex_m,eco_isic4_f,edu_isced11_6,2020,39.14
mkd,sex_m,eco_isic4_f,edu_isced11_6,2021,39.44
mkd,sex_m,eco_isic4_f,edu_isced11_6,2022,39.54
mkd,sex_m,eco_isic4_f,edu_isced11_6,2024,38.3
mkd,sex_m,eco_isic4_f,edu_isced11_7,2012,36.46
mkd,sex_m,eco_isic4_f,edu_isced11_7,2015,38.83
mkd,sex_m,eco_isic4_f,edu_isced11_7,2016,42.91
mkd,sex_m,eco_isic4_f,edu_isced11_7,2024,38.72
mkd,sex_m,eco_isic4_f,edu_isced11_total,2011,44.63
mkd,sex_m,eco_isic4_f,edu_isced11_total,2012,43.64
mkd,sex_m,eco_isic4_f,edu_isced11_total,2013,43.49
mkd,sex_m,eco_isic4_f,edu_isced11_total,2014,42.76
mkd,sex_m,eco_isic4_f,edu_isced11_total,2015,42.75
mkd,sex_m,eco_isic4_f,edu_isced11_total,2016,43.45
mkd,sex_m,eco_isic4_f,edu_isced11_total,2017,43.21
mkd,sex_m,eco_isic4_f,edu_isced11_total,2018,42.33
mkd,sex_m,eco_isic4_f,edu_isced11_total,2019,41.66
mkd,sex_m,eco_isic4_f,edu_isced11_total,2020,39.71
mkd,sex_m,eco_isic4_f,edu_isced11_total,2021,41.12
mkd,sex_m,eco_isic4_f,edu_isced11_total,2022,40.48
mkd,sex_m,eco_isic4_f,edu_isced11_total,2024,40.39
mkd,sex_m,eco_isic4_f,edu_isced11_x,2016,43.45
mkd,sex_m,eco_isic4_f,edu_isced11_x,2017,41.22
mkd,sex_m,eco_isic4_f,edu_isced11_x,2019,37.03
mkd,sex_m,eco_isic4_f,edu_isced11_x,2021,41.64
mkd,sex_m,eco_isic4_g,edu_aggregate_adv,2011,41.64
mkd,sex_m,eco_isic4_g,edu_aggregate_adv,2012,41.83
mkd,sex_m,eco_isic4_g,edu_aggregate_adv,2013,41.4
mkd,sex_m,eco_isic4_g,edu_aggregate_adv,2014,42.13
mkd,sex_m,eco_isic4_g,edu_aggregate_adv,2015,40.02
mkd,sex_m,eco_isic4_g,edu_aggregate_adv,2016,41.74
mkd,sex_m,eco_isic4_g,edu_aggregate_adv,2017,42.77
mkd,sex_m,eco_isic4_g,edu_aggregate_adv,2018,41.22
mkd,sex_m,eco_isic4_g,edu_aggregate_adv,2019,40.97
mkd,sex_m,eco_isic4_g,edu_aggregate_adv,2020,39.45
mkd,sex_m,eco_isic4_g,edu_aggregate_adv,2021,40.64
mkd,sex_m,eco_isic4_g,edu_aggregate_adv,2022,40.71
mkd,sex_m,eco_isic4_g,edu_aggregate_adv,2024,39.58
mkd,sex_m,eco_isic4_g,edu_aggregate_bas,2011,43.84
mkd,sex_m,eco_isic4_g,edu_aggregate_bas,2012,47.23
mkd,sex_m,eco_isic4_g,edu_aggregate_bas,2013,43.33
mkd,sex_m,eco_isic4_g,edu_aggregate_bas,2014,42.24
mkd,sex_m,eco_isic4_g,edu_aggregate_bas,2015,41.52
mkd,sex_m,eco_isic4_g,edu_aggregate_bas,2016,43.63
mkd,sex_m,eco_isic4_g,edu_aggregate_bas,2017,42.48
mkd,sex_m,eco_isic4_g,edu_aggregate_bas,2018,42.28
mkd,sex_m,eco_isic4_g,edu_aggregate_bas,2019,41.8
mkd,sex_m,eco_isic4_g,edu_aggregate_bas,2020,40.56
mkd,sex_m,eco_isic4_g,edu_aggregate_bas,2021,42.57
mkd,sex_m,eco_isic4_g,edu_aggregate_bas,2022,39.88
mkd,sex_m,eco_isic4_g,edu_aggregate_bas,2024,41.48
mkd,sex_m,eco_isic4_g,edu_aggregate_int,2011,43.21
mkd,sex_m,eco_isic4_g,edu_aggregate_int,2012,43.94
mkd,sex_m,eco_isic4_g,edu_aggregate_int,2013,42.95
mkd,sex_m,eco_isic4_g,edu_aggregate_int,2014,42.42
mkd,sex_m,eco_isic4_g,edu_aggregate_int,2015,42.15
mkd,sex_m,eco_isic4_g,edu_aggregate_int,2016,42.56
mkd,sex_m,eco_isic4_g,edu_aggregate_int,2017,43.24
mkd,sex_m,eco_isic4_g,edu_aggregate_int,2018,43.21
mkd,sex_m,eco_isic4_g,edu_aggregate_int,2019,42.11
mkd,sex_m,eco_isic4_g,edu_aggregate_int,2020,40.09
mkd,sex_m,eco_isic4_g,edu_aggregate_int,2021,41.37
mkd,sex_m,eco_isic4_g,edu_aggregate_int,2022,40.65
mkd,sex_m,eco_isic4_g,edu_aggregate_int,2024,40.05
mkd,sex_m,eco_isic4_g,edu_aggregate_ltb,2011,37.63
mkd,sex_m,eco_isic4_g,edu_aggregate_ltb,2012,47.85
mkd,sex_m,eco_isic4_g,edu_aggregate_ltb,2013,31.01
mkd,sex_m,eco_isic4_g,edu_aggregate_ltb,2016,50.3
mkd,sex_m,eco_isic4_g,edu_aggregate_ltb,2017,44.79
mkd,sex_m,eco_isic4_g,edu_aggregate_ltb,2018,41
mkd,sex_m,eco_isic4_g,edu_aggregate_ltb,2019,41.83
mkd,sex_m,eco_isic4_g,edu_aggregate_ltb,2020,45.84
mkd,sex_m,eco_isic4_g,edu_aggregate_ltb,2021,41
mkd,sex_m,eco_isic4_g,edu_aggregate_ltb,2022,39.33
mkd,sex_m,eco_isic4_g,edu_aggregate_total,2011,42.99
mkd,sex_m,eco_isic4_g,edu_aggregate_total,2012,44.03
mkd,sex_m,eco_isic4_g,edu_aggregate_total,2013,42.63
mkd,sex_m,eco_isic4_g,edu_aggregate_total,2014,42.35
mkd,sex_m,eco_isic4_g,edu_aggregate_total,2015,41.59
mkd,sex_m,eco_isic4_g,edu_aggregate_total,2016,42.61
mkd,sex_m,eco_isic4_g,edu_aggregate_total,2017,43.05
mkd,sex_m,eco_isic4_g,edu_aggregate_total,2018,42.72
mkd,sex_m,eco_isic4_g,edu_aggregate_total,2019,41.87
mkd,sex_m,eco_isic4_g,edu_aggregate_total,2020,40.11
mkd,sex_m,eco_isic4_g,edu_aggregate_total,2021,41.36
mkd,sex_m,eco_isic4_g,edu_aggregate_total,2022,40.55
mkd,sex_m,eco_isic4_g,edu_aggregate_total,2024,40.14
mkd,sex_m,eco_isic4_g,edu_isced11_0,2011,38.64
mkd,sex_m,eco_isic4_g,edu_isced11_0,2012,47.17
mkd,sex_m,eco_isic4_g,edu_isced11_0,2017,44.79
mkd,sex_m,eco_isic4_g,edu_isced11_0,2018,41.58
mkd,sex_m,eco_isic4_g,edu_isced11_0,2019,39.05
mkd,sex_m,eco_isic4_g,edu_isced11_0,2020,45.68
mkd,sex_m,eco_isic4_g,edu_isced11_0,2021,39.67
mkd,sex_m,eco_isic4_g,edu_isced11_0,2022,39.33
mkd,sex_m,eco_isic4_g,edu_isced11_1,2011,43.96
mkd,sex_m,eco_isic4_g,edu_isced11_1,2012,47.27
mkd,sex_m,eco_isic4_g,edu_isced11_1,2013,43.3
mkd,sex_m,eco_isic4_g,edu_isced11_1,2014,42.24
mkd,sex_m,eco_isic4_g,edu_isced11_1,2015,41.52
mkd,sex_m,eco_isic4_g,edu_isced11_1,2016,43.59
mkd,sex_m,eco_isic4_g,edu_isced11_1,2017,42.44
mkd,sex_m,eco_isic4_g,edu_isced11_1,2018,42.2
mkd,sex_m,eco_isic4_g,edu_isced11_1,2019,41.74
mkd,sex_m,eco_isic4_g,edu_isced11_1,2020,40.57
mkd,sex_m,eco_isic4_g,edu_isced11_1,2021,42.57
mkd,sex_m,eco_isic4_g,edu_isced11_1,2022,39.88
mkd,sex_m,eco_isic4_g,edu_isced11_1,2024,41.57
mkd,sex_m,eco_isic4_g,edu_isced11_2,2017,44.7
mkd,sex_m,eco_isic4_g,edu_isced11_2,2018,44.88
mkd,sex_m,eco_isic4_g,edu_isced11_2,2019,44.57
mkd,sex_m,eco_isic4_g,edu_isced11_3,2011,43.21
mkd,sex_m,eco_isic4_g,edu_isced11_3,2012,43.94
mkd,sex_m,eco_isic4_g,edu_isced11_3,2013,42.95
mkd,sex_m,eco_isic4_g,edu_isced11_3,2014,42.42
mkd,sex_m,eco_isic4_g,edu_isced11_3,2015,42.15
mkd,sex_m,eco_isic4_g,edu_isced11_3,2016,42.56
mkd,sex_m,eco_isic4_g,edu_isced11_3,2017,43.24
mkd,sex_m,eco_isic4_g,edu_isced11_3,2018,43.21
mkd,sex_m,eco_isic4_g,edu_isced11_3,2019,42.11
mkd,sex_m,eco_isic4_g,edu_isced11_3,2020,40.1
mkd,sex_m,eco_isic4_g,edu_isced11_3,2021,41.36
mkd,sex_m,eco_isic4_g,edu_isced11_3,2022,40.65
mkd,sex_m,eco_isic4_g,edu_isced11_3,2024,40.13
mkd,sex_m,eco_isic4_g,edu_isced11_4,2020,39.07
mkd,sex_m,eco_isic4_g,edu_isced11_4,2024,39.74
mkd,sex_m,eco_isic4_g,edu_isced11_5,2011,41.45
mkd,sex_m,eco_isic4_g,edu_isced11_5,2012,42.75
mkd,sex_m,eco_isic4_g,edu_isced11_5,2013,39.95
mkd,sex_m,eco_isic4_g,edu_isced11_5,2014,38.94
mkd,sex_m,eco_isic4_g,edu_isced11_5,2015,40.84
mkd,sex_m,eco_isic4_g,edu_isced11_5,2016,42.26
mkd,sex_m,eco_isic4_g,edu_isced11_5,2017,44.1
mkd,sex_m,eco_isic4_g,edu_isced11_5,2018,41.54
mkd,sex_m,eco_isic4_g,edu_isced11_5,2019,39.37
mkd,sex_m,eco_isic4_g,edu_isced11_5,2020,38.01
mkd,sex_m,eco_isic4_g,edu_isced11_5,2021,40.29
mkd,sex_m,eco_isic4_g,edu_isced11_5,2022,44.39
mkd,sex_m,eco_isic4_g,edu_isced11_5,2024,35.69
mkd,sex_m,eco_isic4_g,edu_isced11_6,2011,41.61
mkd,sex_m,eco_isic4_g,edu_isced11_6,2012,41.51
mkd,sex_m,eco_isic4_g,edu_isced11_6,2013,41.76
mkd,sex_m,eco_isic4_g,edu_isced11_6,2014,42.74
mkd,sex_m,eco_isic4_g,edu_isced11_6,2015,40.29
mkd,sex_m,eco_isic4_g,edu_isced11_6,2016,41.76
mkd,sex_m,eco_isic4_g,edu_isced11_6,2017,42.76
mkd,sex_m,eco_isic4_g,edu_isced11_6,2018,41.15
mkd,sex_m,eco_isic4_g,edu_isced11_6,2019,41.19
mkd,sex_m,eco_isic4_g,edu_isced11_6,2020,39.64
mkd,sex_m,eco_isic4_g,edu_isced11_6,2021,40.85
mkd,sex_m,eco_isic4_g,edu_isced11_6,2022,40.39
mkd,sex_m,eco_isic4_g,edu_isced11_6,2024,39.73
mkd,sex_m,eco_isic4_g,edu_isced11_7,2012,44.55
mkd,sex_m,eco_isic4_g,edu_isced11_7,2013,42.06
mkd,sex_m,eco_isic4_g,edu_isced11_7,2014,43.74
mkd,sex_m,eco_isic4_g,edu_isced11_7,2015,33.09
mkd,sex_m,eco_isic4_g,edu_isced11_7,2016,40
mkd,sex_m,eco_isic4_g,edu_isced11_7,2017,40.83
mkd,sex_m,eco_isic4_g,edu_isced11_7,2018,41.87
mkd,sex_m,eco_isic4_g,edu_isced11_7,2019,40.42
mkd,sex_m,eco_isic4_g,edu_isced11_7,2020,38.92
mkd,sex_m,eco_isic4_g,edu_isced11_7,2021,38.91
mkd,sex_m,eco_isic4_g,edu_isced11_7,2022,40.47
mkd,sex_m,eco_isic4_g,edu_isced11_7,2024,39.81
mkd,sex_m,eco_isic4_g,edu_isced11_total,2011,42.99
mkd,sex_m,eco_isic4_g,edu_isced11_total,2012,44.03
mkd,sex_m,eco_isic4_g,edu_isced11_total,2013,42.63
mkd,sex_m,eco_isic4_g,edu_isced11_total,2014,42.35
mkd,sex_m,eco_isic4_g,edu_isced11_total,2015,41.59
mkd,sex_m,eco_isic4_g,edu_isced11_total,2016,42.61
mkd,sex_m,eco_isic4_g,edu_isced11_total,2017,43.05
mkd,sex_m,eco_isic4_g,edu_isced11_total,2018,42.72
mkd,sex_m,eco_isic4_g,edu_isced11_total,2019,41.87
mkd,sex_m,eco_isic4_g,edu_isced11_total,2020,40.11
mkd,sex_m,eco_isic4_g,edu_isced11_total,2021,41.36
mkd,sex_m,eco_isic4_g,edu_isced11_total,2022,40.55
mkd,sex_m,eco_isic4_g,edu_isced11_total,2024,40.14
mkd,sex_m,eco_isic4_g,edu_isced11_x,2013,27.68
mkd,sex_m,eco_isic4_g,edu_isced11_x,2019,45.05
mkd,sex_m,eco_isic4_h,edu_aggregate_adv,2011,42.79
mkd,sex_m,eco_isic4_h,edu_aggregate_adv,2012,42.41
mkd,sex_m,eco_isic4_h,edu_aggregate_adv,2013,41.46
mkd,sex_m,eco_isic4_h,edu_aggregate_adv,2014,43.01
mkd,sex_m,eco_isic4_h,edu_aggregate_adv,2015,40.43
mkd,sex_m,eco_isic4_h,edu_aggregate_adv,2016,41.98
mkd,sex_m,eco_isic4_h,edu_aggregate_adv,2017,41.45
mkd,sex_m,eco_isic4_h,edu_aggregate_adv,2018,41.35
mkd,sex_m,eco_isic4_h,edu_aggregate_adv,2019,40.61
mkd,sex_m,eco_isic4_h,edu_aggregate_adv,2020,40.34
mkd,sex_m,eco_isic4_h,edu_aggregate_adv,2021,40.73
mkd,sex_m,eco_isic4_h,edu_aggregate_adv,2022,39.94
mkd,sex_m,eco_isic4_h,edu_aggregate_adv,2024,39.11
mkd,sex_m,eco_isic4_h,edu_aggregate_bas,2011,44.13
mkd,sex_m,eco_isic4_h,edu_aggregate_bas,2012,43.99
mkd,sex_m,eco_isic4_h,edu_aggregate_bas,2013,44.4
mkd,sex_m,eco_isic4_h,edu_aggregate_bas,2014,39.83
mkd,sex_m,eco_isic4_h,edu_aggregate_bas,2015,39.9
mkd,sex_m,eco_isic4_h,edu_aggregate_bas,2016,42.66
mkd,sex_m,eco_isic4_h,edu_aggregate_bas,2017,44.66
mkd,sex_m,eco_isic4_h,edu_aggregate_bas,2018,43.13
mkd,sex_m,eco_isic4_h,edu_aggregate_bas,2019,42.63
mkd,sex_m,eco_isic4_h,edu_aggregate_bas,2020,40.67
mkd,sex_m,eco_isic4_h,edu_aggregate_bas,2021,39.9
mkd,sex_m,eco_isic4_h,edu_aggregate_bas,2022,39.55
mkd,sex_m,eco_isic4_h,edu_aggregate_bas,2024,40.77
mkd,sex_m,eco_isic4_h,edu_aggregate_int,2011,43.22
mkd,sex_m,eco_isic4_h,edu_aggregate_int,2012,42.89
mkd,sex_m,eco_isic4_h,edu_aggregate_int,2013,42.93
mkd,sex_m,eco_isic4_h,edu_aggregate_int,2014,41.12
mkd,sex_m,eco_isic4_h,edu_aggregate_int,2015,41.76
mkd,sex_m,eco_isic4_h,edu_aggregate_int,2016,43.44
mkd,sex_m,eco_isic4_h,edu_aggregate_int,2017,43.65
mkd,sex_m,eco_isic4_h,edu_aggregate_int,2018,42.8
mkd,sex_m,eco_isic4_h,edu_aggregate_int,2019,42.25
mkd,sex_m,eco_isic4_h,edu_aggregate_int,2020,40.05
mkd,sex_m,eco_isic4_h,edu_aggregate_int,2021,40.78
mkd,sex_m,eco_isic4_h,edu_aggregate_int,2022,40.75
mkd,sex_m,eco_isic4_h,edu_aggregate_int,2024,39.78
mkd,sex_m,eco_isic4_h,edu_aggregate_ltb,2011,39.56
mkd,sex_m,eco_isic4_h,edu_aggregate_ltb,2019,36.08
mkd,sex_m,eco_isic4_h,edu_aggregate_ltb,2020,34.33
mkd,sex_m,eco_isic4_h,edu_aggregate_total,2011,43.31
mkd,sex_m,eco_isic4_h,edu_aggregate_total,2012,42.99
mkd,sex_m,eco_isic4_h,edu_aggregate_total,2013,43.06
mkd,sex_m,eco_isic4_h,edu_aggregate_total,2014,40.97
mkd,sex_m,eco_isic4_h,edu_aggregate_total,2015,41.38
mkd,sex_m,eco_isic4_h,edu_aggregate_total,2016,43.13
mkd,sex_m,eco_isic4_h,edu_aggregate_total,2017,43.53
mkd,sex_m,eco_isic4_h,edu_aggregate_total,2018,42.71
mkd,sex_m,eco_isic4_h,edu_aggregate_total,2019,42.09
mkd,sex_m,eco_isic4_h,edu_aggregate_total,2020,40.13
mkd,sex_m,eco_isic4_h,edu_aggregate_total,2021,40.64
mkd,sex_m,eco_isic4_h,edu_aggregate_total,2022,40.54
mkd,sex_m,eco_isic4_h,edu_aggregate_total,2024,39.79
mkd,sex_m,eco_isic4_h,edu_isced11_0,2011,39.56
mkd,sex_m,eco_isic4_h,edu_isced11_1,2011,44.12
mkd,sex_m,eco_isic4_h,edu_isced11_1,2012,43.99
mkd,sex_m,eco_isic4_h,edu_isced11_1,2013,44.67
mkd,sex_m,eco_isic4_h,edu_isced11_1,2014,39.74
mkd,sex_m,eco_isic4_h,edu_isced11_1,2015,39.9
mkd,sex_m,eco_isic4_h,edu_isced11_1,2016,42.82
mkd,sex_m,eco_isic4_h,edu_isced11_1,2017,44.68
mkd,sex_m,eco_isic4_h,edu_isced11_1,2018,43.12
mkd,sex_m,eco_isic4_h,edu_isced11_1,2019,42.63
mkd,sex_m,eco_isic4_h,edu_isced11_1,2020,40.67
mkd,sex_m,eco_isic4_h,edu_isced11_1,2021,39.9
mkd,sex_m,eco_isic4_h,edu_isced11_1,2022,39.55
mkd,sex_m,eco_isic4_h,edu_isced11_1,2024,40.77
mkd,sex_m,eco_isic4_h,edu_isced11_2,2016,37.63
mkd,sex_m,eco_isic4_h,edu_isced11_3,2011,43.22
mkd,sex_m,eco_isic4_h,edu_isced11_3,2012,42.89
mkd,sex_m,eco_isic4_h,edu_isced11_3,2013,42.93
mkd,sex_m,eco_isic4_h,edu_isced11_3,2014,41.12
mkd,sex_m,eco_isic4_h,edu_isced11_3,2015,41.76
mkd,sex_m,eco_isic4_h,edu_isced11_3,2016,43.44
mkd,sex_m,eco_isic4_h,edu_isced11_3,2017,43.65
mkd,sex_m,eco_isic4_h,edu_isced11_3,2018,42.8
mkd,sex_m,eco_isic4_h,edu_isced11_3,2019,42.25
mkd,sex_m,eco_isic4_h,edu_isced11_3,2020,40.05
mkd,sex_m,eco_isic4_h,edu_isced11_3,2021,40.78
mkd,sex_m,eco_isic4_h,edu_isced11_3,2022,40.75
mkd,sex_m,eco_isic4_h,edu_isced11_3,2024,39.71
mkd,sex_m,eco_isic4_h,edu_isced11_4,2024,40.06
mkd,sex_m,eco_isic4_h,edu_isced11_5,2011,45.05
mkd,sex_m,eco_isic4_h,edu_isced11_5,2012,43.44
mkd,sex_m,eco_isic4_h,edu_isced11_5,2013,41.28
mkd,sex_m,eco_isic4_h,edu_isced11_5,2014,46.01
mkd,sex_m,eco_isic4_h,edu_isced11_5,2015,41.78
mkd,sex_m,eco_isic4_h,edu_isced11_5,2016,39.74
mkd,sex_m,eco_isic4_h,edu_isced11_5,2017,40.86
mkd,sex_m,eco_isic4_h,edu_isced11_5,2018,43.53
mkd,sex_m,eco_isic4_h,edu_isced11_5,2019,41.1
mkd,sex_m,eco_isic4_h,edu_isced11_5,2020,41.56
mkd,sex_m,eco_isic4_h,edu_isced11_5,2021,43.49
mkd,sex_m,eco_isic4_h,edu_isced11_5,2022,40
mkd,sex_m,eco_isic4_h,edu_isced11_6,2011,42.35
mkd,sex_m,eco_isic4_h,edu_isced11_6,2012,41.92
mkd,sex_m,eco_isic4_h,edu_isced11_6,2013,41.5
mkd,sex_m,eco_isic4_h,edu_isced11_6,2014,41.52
mkd,sex_m,eco_isic4_h,edu_isced11_6,2015,39.69
mkd,sex_m,eco_isic4_h,edu_isced11_6,2016,42.92
mkd,sex_m,eco_isic4_h,edu_isced11_6,2017,41.69
mkd,sex_m,eco_isic4_h,edu_isced11_6,2018,41.13
mkd,sex_m,eco_isic4_h,edu_isced11_6,2019,40.54
mkd,sex_m,eco_isic4_h,edu_isced11_6,2020,40.07
mkd,sex_m,eco_isic4_h,edu_isced11_6,2021,40.12
mkd,sex_m,eco_isic4_h,edu_isced11_6,2022,40.08
mkd,sex_m,eco_isic4_h,edu_isced11_6,2024,39.28
mkd,sex_m,eco_isic4_h,edu_isced11_7,2017,40.38
mkd,sex_m,eco_isic4_h,edu_isced11_7,2019,40
mkd,sex_m,eco_isic4_h,edu_isced11_7,2024,40
mkd,sex_m,eco_isic4_h,edu_isced11_total,2011,43.31
mkd,sex_m,eco_isic4_h,edu_isced11_total,2012,42.99
mkd,sex_m,eco_isic4_h,edu_isced11_total,2013,43.06
mkd,sex_m,eco_isic4_h,edu_isced11_total,2014,40.97
mkd,sex_m,eco_isic4_h,edu_isced11_total,2015,41.38
mkd,sex_m,eco_isic4_h,edu_isced11_total,2016,43.13
mkd,sex_m,eco_isic4_h,edu_isced11_total,2017,43.53
mkd,sex_m,eco_isic4_h,edu_isced11_total,2018,42.71
mkd,sex_m,eco_isic4_h,edu_isced11_total,2019,42.09
mkd,sex_m,eco_isic4_h,edu_isced11_total,2020,40.13
mkd,sex_m,eco_isic4_h,edu_isced11_total,2021,40.64
mkd,sex_m,eco_isic4_h,edu_isced11_total,2022,40.54
mkd,sex_m,eco_isic4_h,edu_isced11_total,2024,39.79
mkd,sex_m,eco_isic4_h,edu_isced11_x,2019,40
mkd,sex_m,eco_isic4_i,edu_aggregate_adv,2011,45.66
mkd,sex_m,eco_isic4_i,edu_aggregate_adv,2012,45.74
mkd,sex_m,eco_isic4_i,edu_aggregate_adv,2013,41.94
mkd,sex_m,eco_isic4_i,edu_aggregate_adv,2014,41.88
mkd,sex_m,eco_isic4_i,edu_aggregate_adv,2015,42.92
mkd,sex_m,eco_isic4_i,edu_aggregate_adv,2016,41.38
mkd,sex_m,eco_isic4_i,edu_aggregate_adv,2017,43.1
mkd,sex_m,eco_isic4_i,edu_aggregate_adv,2018,43.16
mkd,sex_m,eco_isic4_i,edu_aggregate_adv,2019,42.26
mkd,sex_m,eco_isic4_i,edu_aggregate_adv,2020,41.4
mkd,sex_m,eco_isic4_i,edu_aggregate_adv,2021,41.06
mkd,sex_m,eco_isic4_i,edu_aggregate_adv,2022,40.64
mkd,sex_m,eco_isic4_i,edu_aggregate_adv,2024,42.76
mkd,sex_m,eco_isic4_i,edu_aggregate_bas,2011,49.04
mkd,sex_m,eco_isic4_i,edu_aggregate_bas,2012,46.52
mkd,sex_m,eco_isic4_i,edu_aggregate_bas,2013,49.13
mkd,sex_m,eco_isic4_i,edu_aggregate_bas,2014,46.17
mkd,sex_m,eco_isic4_i,edu_aggregate_bas,2015,44.42
mkd,sex_m,eco_isic4_i,edu_aggregate_bas,2016,45.13
mkd,sex_m,eco_isic4_i,edu_aggregate_bas,2017,48.79
mkd,sex_m,eco_isic4_i,edu_aggregate_bas,2018,46.72
mkd,sex_m,eco_isic4_i,edu_aggregate_bas,2019,44.14
mkd,sex_m,eco_isic4_i,edu_aggregate_bas,2020,44.8
mkd,sex_m,eco_isic4_i,edu_aggregate_bas,2021,49.6
mkd,sex_m,eco_isic4_i,edu_aggregate_bas,2022,41.86
mkd,sex_m,eco_isic4_i,edu_aggregate_bas,2024,43.97
mkd,sex_m,eco_isic4_i,edu_aggregate_int,2011,45.68
mkd,sex_m,eco_isic4_i,edu_aggregate_int,2012,44.3
mkd,sex_m,eco_isic4_i,edu_aggregate_int,2013,43.7
mkd,sex_m,eco_isic4_i,edu_aggregate_int,2014,42.21
mkd,sex_m,eco_isic4_i,edu_aggregate_int,2015,42.89
mkd,sex_m,eco_isic4_i,edu_aggregate_int,2016,43.76
mkd,sex_m,eco_isic4_i,edu_aggregate_int,2017,45.01
mkd,sex_m,eco_isic4_i,edu_aggregate_int,2018,44.06
mkd,sex_m,eco_isic4_i,edu_aggregate_int,2019,43.53
mkd,sex_m,eco_isic4_i,edu_aggregate_int,2020,40.62
mkd,sex_m,eco_isic4_i,edu_aggregate_int,2021,42.44
mkd,sex_m,eco_isic4_i,edu_aggregate_int,2022,42.32
mkd,sex_m,eco_isic4_i,edu_aggregate_int,2024,40.61
mkd,sex_m,eco_isic4_i,edu_aggregate_total,2011,46.48
mkd,sex_m,eco_isic4_i,edu_aggregate_total,2012,44.82
mkd,sex_m,eco_isic4_i,edu_aggregate_total,2013,44.18
mkd,sex_m,eco_isic4_i,edu_aggregate_total,2014,42.95
mkd,sex_m,eco_isic4_i,edu_aggregate_total,2015,43.14
mkd,sex_m,eco_isic4_i,edu_aggregate_total,2016,43.73
mkd,sex_m,eco_isic4_i,edu_aggregate_total,2017,45.35
mkd,sex_m,eco_isic4_i,edu_aggregate_total,2018,44.23
mkd,sex_m,eco_isic4_i,edu_aggregate_total,2019,43.38
mkd,sex_m,eco_isic4_i,edu_aggregate_total,2020,41.33
mkd,sex_m,eco_isic4_i,edu_aggregate_total,2021,43.06
mkd,sex_m,eco_isic4_i,edu_aggregate_total,2022,42.05
mkd,sex_m,eco_isic4_i,edu_aggregate_total,2024,41.01
mkd,sex_m,eco_isic4_i,edu_isced11_1,2011,49.68
mkd,sex_m,eco_isic4_i,edu_isced11_1,2012,46.52
mkd,sex_m,eco_isic4_i,edu_isced11_1,2013,49.13
mkd,sex_m,eco_isic4_i,edu_isced11_1,2014,46.1
mkd,sex_m,eco_isic4_i,edu_isced11_1,2015,44.5
mkd,sex_m,eco_isic4_i,edu_isced11_1,2016,45.13
mkd,sex_m,eco_isic4_i,edu_isced11_1,2017,48.86
mkd,sex_m,eco_isic4_i,edu_isced11_1,2018,46.66
mkd,sex_m,eco_isic4_i,edu_isced11_1,2019,44.14
mkd,sex_m,eco_isic4_i,edu_isced11_1,2020,44.8
mkd,sex_m,eco_isic4_i,edu_isced11_1,2021,49.6
mkd,sex_m,eco_isic4_i,edu_isced11_1,2022,41.86
mkd,sex_m,eco_isic4_i,edu_isced11_1,2024,43.97
mkd,sex_m,eco_isic4_i,edu_isced11_3,2011,45.68
mkd,sex_m,eco_isic4_i,edu_isced11_3,2012,44.3
mkd,sex_m,eco_isic4_i,edu_isced11_3,2013,43.7
mkd,sex_m,eco_isic4_i,edu_isced11_3,2014,42.21
mkd,sex_m,eco_isic4_i,edu_isced11_3,2015,42.89
mkd,sex_m,eco_isic4_i,edu_isced11_3,2016,43.76
mkd,sex_m,eco_isic4_i,edu_isced11_3,2017,45.01
mkd,sex_m,eco_isic4_i,edu_isced11_3,2018,44.06
mkd,sex_m,eco_isic4_i,edu_isced11_3,2019,43.53
mkd,sex_m,eco_isic4_i,edu_isced11_3,2020,40.62
mkd,sex_m,eco_isic4_i,edu_isced11_3,2021,42.49
mkd,sex_m,eco_isic4_i,edu_isced11_3,2022,42.34
mkd,sex_m,eco_isic4_i,edu_isced11_3,2024,40.54
mkd,sex_m,eco_isic4_i,edu_isced11_4,2024,40.91
mkd,sex_m,eco_isic4_i,edu_isced11_5,2011,55.07
mkd,sex_m,eco_isic4_i,edu_isced11_5,2012,43.53
mkd,sex_m,eco_isic4_i,edu_isced11_5,2013,41.91
mkd,sex_m,eco_isic4_i,edu_isced11_5,2014,47.94
mkd,sex_m,eco_isic4_i,edu_isced11_5,2015,47.88
mkd,sex_m,eco_isic4_i,edu_isced11_5,2016,42.06
mkd,sex_m,eco_isic4_i,edu_isced11_5,2017,43.18
mkd,sex_m,eco_isic4_i,edu_isced11_5,2018,42.7
mkd,sex_m,eco_isic4_i,edu_isced11_5,2019,46.64
mkd,sex_m,eco_isic4_i,edu_isced11_5,2020,40.37
mkd,sex_m,eco_isic4_i,edu_isced11_5,2021,42.75
mkd,sex_m,eco_isic4_i,edu_isced11_5,2022,42.16
mkd,sex_m,eco_isic4_i,edu_isced11_6,2011,43.34
mkd,sex_m,eco_isic4_i,edu_isced11_6,2012,45.99
mkd,sex_m,eco_isic4_i,edu_isced11_6,2013,42.06
mkd,sex_m,eco_isic4_i,edu_isced11_6,2014,40.09
mkd,sex_m,eco_isic4_i,edu_isced11_6,2015,41.49
mkd,sex_m,eco_isic4_i,edu_isced11_6,2016,41.22
mkd,sex_m,eco_isic4_i,edu_isced11_6,2017,43.19
mkd,sex_m,eco_isic4_i,edu_isced11_6,2018,43.2
mkd,sex_m,eco_isic4_i,edu_isced11_6,2019,42.11
mkd,sex_m,eco_isic4_i,edu_isced11_6,2020,41.64
mkd,sex_m,eco_isic4_i,edu_isced11_6,2021,40.93
mkd,sex_m,eco_isic4_i,edu_isced11_6,2022,40.28
mkd,sex_m,eco_isic4_i,edu_isced11_6,2024,42.87
mkd,sex_m,eco_isic4_i,edu_isced11_total,2011,46.48
mkd,sex_m,eco_isic4_i,edu_isced11_total,2012,44.82
mkd,sex_m,eco_isic4_i,edu_isced11_total,2013,44.18
mkd,sex_m,eco_isic4_i,edu_isced11_total,2014,42.95
mkd,sex_m,eco_isic4_i,edu_isced11_total,2015,43.14
mkd,sex_m,eco_isic4_i,edu_isced11_total,2016,43.73
mkd,sex_m,eco_isic4_i,edu_isced11_total,2017,45.35
mkd,sex_m,eco_isic4_i,edu_isced11_total,2018,44.23
mkd,sex_m,eco_isic4_i,edu_isced11_total,2019,43.38
mkd,sex_m,eco_isic4_i,edu_isced11_total,2020,41.33
mkd,sex_m,eco_isic4_i,edu_isced11_total,2021,43.06
mkd,sex_m,eco_isic4_i,edu_isced11_total,2022,42.05
mkd,sex_m,eco_isic4_i,edu_isced11_total,2024,41.01
mkd,sex_m,eco_isic4_j,edu_aggregate_adv,2011,40.29
mkd,sex_m,eco_isic4_j,edu_aggregate_adv,2012,39.42
mkd,sex_m,eco_isic4_j,edu_aggregate_adv,2013,40.68
mkd,sex_m,eco_isic4_j,edu_aggregate_adv,2014,39.83
mkd,sex_m,eco_isic4_j,edu_aggregate_adv,2015,38.92
mkd,sex_m,eco_isic4_j,edu_aggregate_adv,2016,40.71
mkd,sex_m,eco_isic4_j,edu_aggregate_adv,2017,39.77
mkd,sex_m,eco_isic4_j,edu_aggregate_adv,2018,39.19
mkd,sex_m,eco_isic4_j,edu_aggregate_adv,2019,40.11
mkd,sex_m,eco_isic4_j,edu_aggregate_adv,2020,38.68
mkd,sex_m,eco_isic4_j,edu_aggregate_adv,2021,39.26
mkd,sex_m,eco_isic4_j,edu_aggregate_adv,2022,38.29
mkd,sex_m,eco_isic4_j,edu_aggregate_adv,2024,38.94
mkd,sex_m,eco_isic4_j,edu_aggregate_bas,2016,44.73
mkd,sex_m,eco_isic4_j,edu_aggregate_bas,2017,39.39
mkd,sex_m,eco_isic4_j,edu_aggregate_bas,2019,40
mkd,sex_m,eco_isic4_j,edu_aggregate_bas,2020,38.87
mkd,sex_m,eco_isic4_j,edu_aggregate_int,2011,41.05
mkd,sex_m,eco_isic4_j,edu_aggregate_int,2012,41.25
mkd,sex_m,eco_isic4_j,edu_aggregate_int,2013,41.29
mkd,sex_m,eco_isic4_j,edu_aggregate_int,2014,40.26
mkd,sex_m,eco_isic4_j,edu_aggregate_int,2015,40.02
mkd,sex_m,eco_isic4_j,edu_aggregate_int,2016,40.25
mkd,sex_m,eco_isic4_j,edu_aggregate_int,2017,41.45
mkd,sex_m,eco_isic4_j,edu_aggregate_int,2018,39.83
mkd,sex_m,eco_isic4_j,edu_aggregate_int,2019,39.39
mkd,sex_m,eco_isic4_j,edu_aggregate_int,2020,37.89
mkd,sex_m,eco_isic4_j,edu_aggregate_int,2021,39.63
mkd,sex_m,eco_isic4_j,edu_aggregate_int,2022,37.94
mkd,sex_m,eco_isic4_j,edu_aggregate_int,2024,39.68
mkd,sex_m,eco_isic4_j,edu_aggregate_total,2011,40.72
mkd,sex_m,eco_isic4_j,edu_aggregate_total,2012,40.36
mkd,sex_m,eco_isic4_j,edu_aggregate_total,2013,41.32
mkd,sex_m,eco_isic4_j,edu_aggregate_total,2014,40.08
mkd,sex_m,eco_isic4_j,edu_aggregate_total,2015,39.42
mkd,sex_m,eco_isic4_j,edu_aggregate_total,2016,40.67
mkd,sex_m,eco_isic4_j,edu_aggregate_total,2017,40.62
mkd,sex_m,eco_isic4_j,edu_aggregate_total,2018,39.58
mkd,sex_m,eco_isic4_j,edu_aggregate_total,2019,39.75
mkd,sex_m,eco_isic4_j,edu_aggregate_total,2020,38.4
mkd,sex_m,eco_isic4_j,edu_aggregate_total,2021,39.42
mkd,sex_m,eco_isic4_j,edu_aggregate_total,2022,38.15
mkd,sex_m,eco_isic4_j,edu_aggregate_total,2024,39.24
mkd,sex_m,eco_isic4_j,edu_isced11_1,2016,44.73
mkd,sex_m,eco_isic4_j,edu_isced11_1,2017,39.39
mkd,sex_m,eco_isic4_j,edu_isced11_1,2019,40
mkd,sex_m,eco_isic4_j,edu_isced11_1,2020,38.87
mkd,sex_m,eco_isic4_j,edu_isced11_3,2011,41.05
mkd,sex_m,eco_isic4_j,edu_isced11_3,2012,41.25
mkd,sex_m,eco_isic4_j,edu_isced11_3,2013,41.29
mkd,sex_m,eco_isic4_j,edu_isced11_3,2014,40.26
mkd,sex_m,eco_isic4_j,edu_isced11_3,2015,40.02
mkd,sex_m,eco_isic4_j,edu_isced11_3,2016,40.25
mkd,sex_m,eco_isic4_j,edu_isced11_3,2017,41.45
mkd,sex_m,eco_isic4_j,edu_isced11_3,2018,39.83
mkd,sex_m,eco_isic4_j,edu_isced11_3,2019,39.39
mkd,sex_m,eco_isic4_j,edu_isced11_3,2020,37.89
mkd,sex_m,eco_isic4_j,edu_isced11_3,2021,39.63
mkd,sex_m,eco_isic4_j,edu_isced11_3,2022,37.94
mkd,sex_m,eco_isic4_j,edu_isced11_3,2024,39.13
mkd,sex_m,eco_isic4_j,edu_isced11_4,2024,40.37
mkd,sex_m,eco_isic4_j,edu_isced11_5,2014,38.77
mkd,sex_m,eco_isic4_j,edu_isced11_5,2015,40.86
mkd,sex_m,eco_isic4_j,edu_isced11_5,2016,41.82
mkd,sex_m,eco_isic4_j,edu_isced11_5,2019,43.15
mkd,sex_m,eco_isic4_j,edu_isced11_5,2022,40.9
mkd,sex_m,eco_isic4_j,edu_isced11_6,2011,39.96
mkd,sex_m,eco_isic4_j,edu_isced11_6,2012,39.36
mkd,sex_m,eco_isic4_j,edu_isced11_6,2013,40.61
mkd,sex_m,eco_isic4_j,edu_isced11_6,2014,39.83
mkd,sex_m,eco_isic4_j,edu_isced11_6,2015,38.89
mkd,sex_m,eco_isic4_j,edu_isced11_6,2016,40.41
mkd,sex_m,eco_isic4_j,edu_isced11_6,2017,39.6
mkd,sex_m,eco_isic4_j,edu_isced11_6,2018,39.01
mkd,sex_m,eco_isic4_j,edu_isced11_6,2019,39.67
mkd,sex_m,eco_isic4_j,edu_isced11_6,2020,38.68
mkd,sex_m,eco_isic4_j,edu_isced11_6,2021,39.4
mkd,sex_m,eco_isic4_j,edu_isced11_6,2022,38.25
mkd,sex_m,eco_isic4_j,edu_isced11_6,2024,38.8
mkd,sex_m,eco_isic4_j,edu_isced11_7,2016,42.79
mkd,sex_m,eco_isic4_j,edu_isced11_7,2017,38.43
mkd,sex_m,eco_isic4_j,edu_isced11_7,2018,40.49
mkd,sex_m,eco_isic4_j,edu_isced11_7,2019,42.46
mkd,sex_m,eco_isic4_j,edu_isced11_7,2020,38.53
mkd,sex_m,eco_isic4_j,edu_isced11_7,2021,37.39
mkd,sex_m,eco_isic4_j,edu_isced11_7,2022,37.13
mkd,sex_m,eco_isic4_j,edu_isced11_7,2024,39.88
mkd,sex_m,eco_isic4_j,edu_isced11_total,2011,40.72
mkd,sex_m,eco_isic4_j,edu_isced11_total,2012,40.36
mkd,sex_m,eco_isic4_j,edu_isced11_total,2013,41.32
mkd,sex_m,eco_isic4_j,edu_isced11_total,2014,40.08
mkd,sex_m,eco_isic4_j,edu_isced11_total,2015,39.42
mkd,sex_m,eco_isic4_j,edu_isced11_total,2016,40.67
mkd,sex_m,eco_isic4_j,edu_isced11_total,2017,40.62
mkd,sex_m,eco_isic4_j,edu_isced11_total,2018,39.58
mkd,sex_m,eco_isic4_j,edu_isced11_total,2019,39.75
mkd,sex_m,eco_isic4_j,edu_isced11_total,2020,38.4
mkd,sex_m,eco_isic4_j,edu_isced11_total,2021,39.42
mkd,sex_m,eco_isic4_j,edu_isced11_total,2022,38.15
mkd,sex_m,eco_isic4_j,edu_isced11_total,2024,39.24
mkd,sex_m,eco_isic4_k,edu_aggregate_adv,2011,39.68
mkd,sex_m,eco_isic4_k,edu_aggregate_adv,2012,39.41
mkd,sex_m,eco_isic4_k,edu_aggregate_adv,2013,40.13
mkd,sex_m,eco_isic4_k,edu_aggregate_adv,2014,41.41
mkd,sex_m,eco_isic4_k,edu_aggregate_adv,2015,39.09
mkd,sex_m,eco_isic4_k,edu_aggregate_adv,2016,39.11
mkd,sex_m,eco_isic4_k,edu_aggregate_adv,2017,40.29
mkd,sex_m,eco_isic4_k,edu_aggregate_adv,2018,39.72
mkd,sex_m,eco_isic4_k,edu_aggregate_adv,2019,39.87
mkd,sex_m,eco_isic4_k,edu_aggregate_adv,2020,38.32
mkd,sex_m,eco_isic4_k,edu_aggregate_adv,2021,39.82
mkd,sex_m,eco_isic4_k,edu_aggregate_adv,2022,39.74
mkd,sex_m,eco_isic4_k,edu_aggregate_adv,2024,37.99
mkd,sex_m,eco_isic4_k,edu_aggregate_bas,2019,57.95
mkd,sex_m,eco_isic4_k,edu_aggregate_int,2011,42.13
mkd,sex_m,eco_isic4_k,edu_aggregate_int,2012,41.76
mkd,sex_m,eco_isic4_k,edu_aggregate_int,2013,38.62
mkd,sex_m,eco_isic4_k,edu_aggregate_int,2014,39.99
mkd,sex_m,eco_isic4_k,edu_aggregate_int,2015,39.18
mkd,sex_m,eco_isic4_k,edu_aggregate_int,2016,40.78
mkd,sex_m,eco_isic4_k,edu_aggregate_int,2017,41.38
mkd,sex_m,eco_isic4_k,edu_aggregate_int,2018,38.2
mkd,sex_m,eco_isic4_k,edu_aggregate_int,2019,42.05
mkd,sex_m,eco_isic4_k,edu_aggregate_int,2020,35.02
mkd,sex_m,eco_isic4_k,edu_aggregate_int,2021,37.75
mkd,sex_m,eco_isic4_k,edu_aggregate_int,2022,39.5
mkd,sex_m,eco_isic4_k,edu_aggregate_int,2024,40.33
mkd,sex_m,eco_isic4_k,edu_aggregate_total,2011,40.89
mkd,sex_m,eco_isic4_k,edu_aggregate_total,2012,40.51
mkd,sex_m,eco_isic4_k,edu_aggregate_total,2013,39.46
mkd,sex_m,eco_isic4_k,edu_aggregate_total,2014,40.82
mkd,sex_m,eco_isic4_k,edu_aggregate_total,2015,39.11
mkd,sex_m,eco_isic4_k,edu_aggregate_total,2016,39.54
mkd,sex_m,eco_isic4_k,edu_aggregate_total,2017,40.32
mkd,sex_m,eco_isic4_k,edu_aggregate_total,2018,39.4
mkd,sex_m,eco_isic4_k,edu_aggregate_total,2019,41.59
mkd,sex_m,eco_isic4_k,edu_aggregate_total,2020,37.26
mkd,sex_m,eco_isic4_k,edu_aggregate_total,2021,39.18
mkd,sex_m,eco_isic4_k,edu_aggregate_total,2022,39.66
mkd,sex_m,eco_isic4_k,edu_aggregate_total,2024,39.5
mkd,sex_m,eco_isic4_k,edu_isced11_3,2011,42.13
mkd,sex_m,eco_isic4_k,edu_isced11_3,2012,41.76
mkd,sex_m,eco_isic4_k,edu_isced11_3,2013,38.62
mkd,sex_m,eco_isic4_k,edu_isced11_3,2014,39.99
mkd,sex_m,eco_isic4_k,edu_isced11_3,2015,39.18
mkd,sex_m,eco_isic4_k,edu_isced11_3,2016,40.78
mkd,sex_m,eco_isic4_k,edu_isced11_3,2017,41.38
mkd,sex_m,eco_isic4_k,edu_isced11_3,2018,38.2
mkd,sex_m,eco_isic4_k,edu_isced11_3,2019,42.05
mkd,sex_m,eco_isic4_k,edu_isced11_3,2020,35.02
mkd,sex_m,eco_isic4_k,edu_isced11_3,2021,37.75
mkd,sex_m,eco_isic4_k,edu_isced11_3,2022,39.5
mkd,sex_m,eco_isic4_k,edu_isced11_3,2024,39.37
mkd,sex_m,eco_isic4_k,edu_isced11_4,2024,43.64
mkd,sex_m,eco_isic4_k,edu_isced11_5,2011,38.68
mkd,sex_m,eco_isic4_k,edu_isced11_5,2013,41.38
mkd,sex_m,eco_isic4_k,edu_isced11_5,2016,40
mkd,sex_m,eco_isic4_k,edu_isced11_6,2011,39.93
mkd,sex_m,eco_isic4_k,edu_isced11_6,2012,39.21
mkd,sex_m,eco_isic4_k,edu_isced11_6,2013,40.06
mkd,sex_m,eco_isic4_k,edu_isced11_6,2014,41.51
mkd,sex_m,eco_isic4_k,edu_isced11_6,2015,38.97
mkd,sex_m,eco_isic4_k,edu_isced11_6,2016,38.58
mkd,sex_m,eco_isic4_k,edu_isced11_6,2017,39.62
mkd,sex_m,eco_isic4_k,edu_isced11_6,2018,39.79
mkd,sex_m,eco_isic4_k,edu_isced11_6,2019,39.78
mkd,sex_m,eco_isic4_k,edu_isced11_6,2020,38.89
mkd,sex_m,eco_isic4_k,edu_isced11_6,2021,40
mkd,sex_m,eco_isic4_k,edu_isced11_6,2022,39.88
mkd,sex_m,eco_isic4_k,edu_isced11_6,2024,37.79
mkd,sex_m,eco_isic4_k,edu_isced11_7,2011,39.89
mkd,sex_m,eco_isic4_k,edu_isced11_7,2015,40
mkd,sex_m,eco_isic4_k,edu_isced11_7,2016,40.57
mkd,sex_m,eco_isic4_k,edu_isced11_7,2017,44.42
mkd,sex_m,eco_isic4_k,edu_isced11_7,2018,38.37
mkd,sex_m,eco_isic4_k,edu_isced11_7,2020,34.62
mkd,sex_m,eco_isic4_k,edu_isced11_7,2021,39.54
mkd,sex_m,eco_isic4_k,edu_isced11_7,2022,38.63
mkd,sex_m,eco_isic4_k,edu_isced11_7,2024,38.49
mkd,sex_m,eco_isic4_k,edu_isced11_total,2011,40.89
mkd,sex_m,eco_isic4_k,edu_isced11_total,2012,40.51
mkd,sex_m,eco_isic4_k,edu_isced11_total,2013,39.46
mkd,sex_m,eco_isic4_k,edu_isced11_total,2014,40.82
mkd,sex_m,eco_isic4_k,edu_isced11_total,2015,39.11
mkd,sex_m,eco_isic4_k,edu_isced11_total,2016,39.54
mkd,sex_m,eco_isic4_k,edu_isced11_total,2017,40.32
mkd,sex_m,eco_isic4_k,edu_isced11_total,2018,39.4
mkd,sex_m,eco_isic4_k,edu_isced11_total,2019,41.59
mkd,sex_m,eco_isic4_k,edu_isced11_total,2020,37.26
mkd,sex_m,eco_isic4_k,edu_isced11_total,2021,39.18
mkd,sex_m,eco_isic4_k,edu_isced11_total,2022,39.66
mkd,sex_m,eco_isic4_k,edu_isced11_total,2024,39.5
mkd,sex_m,eco_isic4_l,edu_aggregate_adv,2016,38.88
mkd,sex_m,eco_isic4_l,edu_aggregate_adv,2017,40
mkd,sex_m,eco_isic4_l,edu_aggregate_adv,2019,37.57
mkd,sex_m,eco_isic4_l,edu_aggregate_adv,2020,35.17
mkd,sex_m,eco_isic4_l,edu_aggregate_adv,2021,38.04
mkd,sex_m,eco_isic4_l,edu_aggregate_adv,2022,40.98
mkd,sex_m,eco_isic4_l,edu_aggregate_adv,2024,38.61
mkd,sex_m,eco_isic4_l,edu_aggregate_int,2011,37.64
mkd,sex_m,eco_isic4_l,edu_aggregate_int,2012,40.88
mkd,sex_m,eco_isic4_l,edu_aggregate_int,2013,36.15
mkd,sex_m,eco_isic4_l,edu_aggregate_int,2015,40.27
mkd,sex_m,eco_isic4_l,edu_aggregate_int,2016,36.8
mkd,sex_m,eco_isic4_l,edu_aggregate_int,2017,35.96
mkd,sex_m,eco_isic4_l,edu_aggregate_int,2018,41.09
mkd,sex_m,eco_isic4_l,edu_aggregate_int,2020,37.41
mkd,sex_m,eco_isic4_l,edu_aggregate_int,2021,39.53
mkd,sex_m,eco_isic4_l,edu_aggregate_int,2022,38.36
mkd,sex_m,eco_isic4_l,edu_aggregate_int,2024,41.14
mkd,sex_m,eco_isic4_l,edu_aggregate_total,2011,37.99
mkd,sex_m,eco_isic4_l,edu_aggregate_total,2012,38.96
mkd,sex_m,eco_isic4_l,edu_aggregate_total,2013,36.72
mkd,sex_m,eco_isic4_l,edu_aggregate_total,2015,36.61
mkd,sex_m,eco_isic4_l,edu_aggregate_total,2016,37.54
mkd,sex_m,eco_isic4_l,edu_aggregate_total,2017,37.42
mkd,sex_m,eco_isic4_l,edu_aggregate_total,2018,38.82
mkd,sex_m,eco_isic4_l,edu_aggregate_total,2019,38.44
mkd,sex_m,eco_isic4_l,edu_aggregate_total,2020,36.08
mkd,sex_m,eco_isic4_l,edu_aggregate_total,2021,39.12
mkd,sex_m,eco_isic4_l,edu_aggregate_total,2022,39.46
mkd,sex_m,eco_isic4_l,edu_aggregate_total,2024,39.92
mkd,sex_m,eco_isic4_l,edu_isced11_3,2011,37.64
mkd,sex_m,eco_isic4_l,edu_isced11_3,2012,40.88
mkd,sex_m,eco_isic4_l,edu_isced11_3,2013,36.15
mkd,sex_m,eco_isic4_l,edu_isced11_3,2015,40.27
mkd,sex_m,eco_isic4_l,edu_isced11_3,2016,36.8
mkd,sex_m,eco_isic4_l,edu_isced11_3,2017,35.96
mkd,sex_m,eco_isic4_l,edu_isced11_3,2018,41.09
mkd,sex_m,eco_isic4_l,edu_isced11_3,2020,37.41
mkd,sex_m,eco_isic4_l,edu_isced11_3,2021,39.53
mkd,sex_m,eco_isic4_l,edu_isced11_3,2022,38.36
mkd,sex_m,eco_isic4_l,edu_isced11_3,2024,41.14
mkd,sex_m,eco_isic4_l,edu_isced11_6,2016,40
mkd,sex_m,eco_isic4_l,edu_isced11_6,2017,40
mkd,sex_m,eco_isic4_l,edu_isced11_6,2020,35.17
mkd,sex_m,eco_isic4_l,edu_isced11_6,2021,38.04
mkd,sex_m,eco_isic4_l,edu_isced11_6,2022,40
mkd,sex_m,eco_isic4_l,edu_isced11_6,2024,38.29
mkd,sex_m,eco_isic4_l,edu_isced11_total,2011,37.99
mkd,sex_m,eco_isic4_l,edu_isced11_total,2012,38.96
mkd,sex_m,eco_isic4_l,edu_isced11_total,2013,36.72
mkd,sex_m,eco_isic4_l,edu_isced11_total,2015,36.61
mkd,sex_m,eco_isic4_l,edu_isced11_total,2016,37.54
mkd,sex_m,eco_isic4_l,edu_isced11_total,2017,37.42
mkd,sex_m,eco_isic4_l,edu_isced11_total,2018,38.82
mkd,sex_m,eco_isic4_l,edu_isced11_total,2019,38.44
mkd,sex_m,eco_isic4_l,edu_isced11_total,2020,36.08
mkd,sex_m,eco_isic4_l,edu_isced11_total,2021,39.12
mkd,sex_m,eco_isic4_l,edu_isced11_total,2022,39.46
mkd,sex_m,eco_isic4_l,edu_isced11_total,2024,39.92
mkd,sex_m,eco_isic4_m,edu_aggregate_adv,2011,40.18
mkd,sex_m,eco_isic4_m,edu_aggregate_adv,2012,42.57
mkd,sex_m,eco_isic4_m,edu_aggregate_adv,2013,41.45
mkd,sex_m,eco_isic4_m,edu_aggregate_adv,2014,41.66
mkd,sex_m,eco_isic4_m,edu_aggregate_adv,2015,39.07
mkd,sex_m,eco_isic4_m,edu_aggregate_adv,2016,38.65
mkd,sex_m,eco_isic4_m,edu_aggregate_adv,2017,40.16
mkd,sex_m,eco_isic4_m,edu_aggregate_adv,2018,39.46
mkd,sex_m,eco_isic4_m,edu_aggregate_adv,2019,38.82
mkd,sex_m,eco_isic4_m,edu_aggregate_adv,2020,37.82
mkd,sex_m,eco_isic4_m,edu_aggregate_adv,2021,38.95
mkd,sex_m,eco_isic4_m,edu_aggregate_adv,2022,38.79
mkd,sex_m,eco_isic4_m,edu_aggregate_adv,2024,38.32
mkd,sex_m,eco_isic4_m,edu_aggregate_int,2011,40.25
mkd,sex_m,eco_isic4_m,edu_aggregate_int,2012,39.99
mkd,sex_m,eco_isic4_m,edu_aggregate_int,2013,38.78
mkd,sex_m,eco_isic4_m,edu_aggregate_int,2014,40.37
mkd,sex_m,eco_isic4_m,edu_aggregate_int,2015,39.9
mkd,sex_m,eco_isic4_m,edu_aggregate_int,2016,39.11
mkd,sex_m,eco_isic4_m,edu_aggregate_int,2017,37.44
mkd,sex_m,eco_isic4_m,edu_aggregate_int,2018,39.86
mkd,sex_m,eco_isic4_m,edu_aggregate_int,2019,39.98
mkd,sex_m,eco_isic4_m,edu_aggregate_int,2020,38.45
mkd,sex_m,eco_isic4_m,edu_aggregate_int,2021,39.8
mkd,sex_m,eco_isic4_m,edu_aggregate_int,2022,39.72
mkd,sex_m,eco_isic4_m,edu_aggregate_int,2024,39.71
mkd,sex_m,eco_isic4_m,edu_aggregate_total,2011,40.22
mkd,sex_m,eco_isic4_m,edu_aggregate_total,2012,41.76
mkd,sex_m,eco_isic4_m,edu_aggregate_total,2013,40.54
mkd,sex_m,eco_isic4_m,edu_aggregate_total,2014,41.25
mkd,sex_m,eco_isic4_m,edu_aggregate_total,2015,39.34
mkd,sex_m,eco_isic4_m,edu_aggregate_total,2016,38.8
mkd,sex_m,eco_isic4_m,edu_aggregate_total,2017,39.5
mkd,sex_m,eco_isic4_m,edu_aggregate_total,2018,39.56
mkd,sex_m,eco_isic4_m,edu_aggregate_total,2019,39.26
mkd,sex_m,eco_isic4_m,edu_aggregate_total,2020,37.95
mkd,sex_m,eco_isic4_m,edu_aggregate_total,2021,39.16
mkd,sex_m,eco_isic4_m,edu_aggregate_total,2022,38.97
mkd,sex_m,eco_isic4_m,edu_aggregate_total,2024,38.75
mkd,sex_m,eco_isic4_m,edu_isced11_3,2011,40.25
mkd,sex_m,eco_isic4_m,edu_isced11_3,2012,39.99
mkd,sex_m,eco_isic4_m,edu_isced11_3,2013,38.78
mkd,sex_m,eco_isic4_m,edu_isced11_3,2014,40.37
mkd,sex_m,eco_isic4_m,edu_isced11_3,2015,39.9
mkd,sex_m,eco_isic4_m,edu_isced11_3,2016,39.11
mkd,sex_m,eco_isic4_m,edu_isced11_3,2017,37.44
mkd,sex_m,eco_isic4_m,edu_isced11_3,2018,39.86
mkd,sex_m,eco_isic4_m,edu_isced11_3,2019,39.98
mkd,sex_m,eco_isic4_m,edu_isced11_3,2020,38.45
mkd,sex_m,eco_isic4_m,edu_isced11_3,2021,39.8
mkd,sex_m,eco_isic4_m,edu_isced11_3,2022,39.72
mkd,sex_m,eco_isic4_m,edu_isced11_3,2024,38.54
mkd,sex_m,eco_isic4_m,edu_isced11_4,2024,44.09
mkd,sex_m,eco_isic4_m,edu_isced11_5,2011,38.92
mkd,sex_m,eco_isic4_m,edu_isced11_5,2013,40
mkd,sex_m,eco_isic4_m,edu_isced11_5,2016,37.73
mkd,sex_m,eco_isic4_m,edu_isced11_5,2020,32.64
mkd,sex_m,eco_isic4_m,edu_isced11_5,2021,39.12
mkd,sex_m,eco_isic4_m,edu_isced11_6,2011,40.13
mkd,sex_m,eco_isic4_m,edu_isced11_6,2012,42.59
mkd,sex_m,eco_isic4_m,edu_isced11_6,2013,41.37
mkd,sex_m,eco_isic4_m,edu_isced11_6,2014,41.89
mkd,sex_m,eco_isic4_m,edu_isced11_6,2015,39.07
mkd,sex_m,eco_isic4_m,edu_isced11_6,2016,39
mkd,sex_m,eco_isic4_m,edu_isced11_6,2017,40.39
mkd,sex_m,eco_isic4_m,edu_isced11_6,2018,39.46
mkd,sex_m,eco_isic4_m,edu_isced11_6,2019,38.62
mkd,sex_m,eco_isic4_m,edu_isced11_6,2020,38.37
mkd,sex_m,eco_isic4_m,edu_isced11_6,2021,38.9
mkd,sex_m,eco_isic4_m,edu_isced11_6,2022,38.88
mkd,sex_m,eco_isic4_m,edu_isced11_6,2024,38.17
mkd,sex_m,eco_isic4_m,edu_isced11_7,2014,39.36
mkd,sex_m,eco_isic4_m,edu_isced11_7,2015,39
mkd,sex_m,eco_isic4_m,edu_isced11_7,2016,37.07
mkd,sex_m,eco_isic4_m,edu_isced11_7,2017,38.67
mkd,sex_m,eco_isic4_m,edu_isced11_7,2018,39.38
mkd,sex_m,eco_isic4_m,edu_isced11_7,2019,40.09
mkd,sex_m,eco_isic4_m,edu_isced11_7,2020,36.84
mkd,sex_m,eco_isic4_m,edu_isced11_7,2021,38.96
mkd,sex_m,eco_isic4_m,edu_isced11_7,2022,36.81
mkd,sex_m,eco_isic4_m,edu_isced11_7,2024,38.96
mkd,sex_m,eco_isic4_m,edu_isced11_total,2011,40.22
mkd,sex_m,eco_isic4_m,edu_isced11_total,2012,41.76
mkd,sex_m,eco_isic4_m,edu_isced11_total,2013,40.54
mkd,sex_m,eco_isic4_m,edu_isced11_total,2014,41.25
mkd,sex_m,eco_isic4_m,edu_isced11_total,2015,39.34
mkd,sex_m,eco_isic4_m,edu_isced11_total,2016,38.8
mkd,sex_m,eco_isic4_m,edu_isced11_total,2017,39.5
mkd,sex_m,eco_isic4_m,edu_isced11_total,2018,39.56
mkd,sex_m,eco_isic4_m,edu_isced11_total,2019,39.26
mkd,sex_m,eco_isic4_m,edu_isced11_total,2020,37.95
mkd,sex_m,eco_isic4_m,edu_isced11_total,2021,39.16
mkd,sex_m,eco_isic4_m,edu_isced11_total,2022,38.97
mkd,sex_m,eco_isic4_m,edu_isced11_total,2024,38.75
mkd,sex_m,eco_isic4_n,edu_aggregate_adv,2011,41.48
mkd,sex_m,eco_isic4_n,edu_aggregate_adv,2012,44.19
mkd,sex_m,eco_isic4_n,edu_aggregate_adv,2013,43
mkd,sex_m,eco_isic4_n,edu_aggregate_adv,2014,40.28
mkd,sex_m,eco_isic4_n,edu_aggregate_adv,2015,40.4
mkd,sex_m,eco_isic4_n,edu_aggregate_adv,2016,36.35
mkd,sex_m,eco_isic4_n,edu_aggregate_adv,2017,42.55
mkd,sex_m,eco_isic4_n,edu_aggregate_adv,2018,40.26
mkd,sex_m,eco_isic4_n,edu_aggregate_adv,2019,39.97
mkd,sex_m,eco_isic4_n,edu_aggregate_adv,2020,39.41
mkd,sex_m,eco_isic4_n,edu_aggregate_adv,2021,40.42
mkd,sex_m,eco_isic4_n,edu_aggregate_adv,2022,41.1
mkd,sex_m,eco_isic4_n,edu_aggregate_adv,2024,39.71
mkd,sex_m,eco_isic4_n,edu_aggregate_bas,2011,42.92
mkd,sex_m,eco_isic4_n,edu_aggregate_bas,2012,41.58
mkd,sex_m,eco_isic4_n,edu_aggregate_bas,2013,37.91
mkd,sex_m,eco_isic4_n,edu_aggregate_bas,2014,40.52
mkd,sex_m,eco_isic4_n,edu_aggregate_bas,2015,41.91
mkd,sex_m,eco_isic4_n,edu_aggregate_bas,2016,33.12
mkd,sex_m,eco_isic4_n,edu_aggregate_bas,2017,42.01
mkd,sex_m,eco_isic4_n,edu_aggregate_bas,2018,42.41
mkd,sex_m,eco_isic4_n,edu_aggregate_bas,2019,41.74
mkd,sex_m,eco_isic4_n,edu_aggregate_bas,2020,42.06
mkd,sex_m,eco_isic4_n,edu_aggregate_bas,2021,42.16
mkd,sex_m,eco_isic4_n,edu_aggregate_bas,2022,39.42
mkd,sex_m,eco_isic4_n,edu_aggregate_bas,2024,40.81
mkd,sex_m,eco_isic4_n,edu_aggregate_int,2011,41.44
mkd,sex_m,eco_isic4_n,edu_aggregate_int,2012,42.48
mkd,sex_m,eco_isic4_n,edu_aggregate_int,2013,41.97
mkd,sex_m,eco_isic4_n,edu_aggregate_int,2014,41.04
mkd,sex_m,eco_isic4_n,edu_aggregate_int,2015,40.92
mkd,sex_m,eco_isic4_n,edu_aggregate_int,2016,41.12
mkd,sex_m,eco_isic4_n,edu_aggregate_int,2017,42.51
mkd,sex_m,eco_isic4_n,edu_aggregate_int,2018,41.38
mkd,sex_m,eco_isic4_n,edu_aggregate_int,2019,40.71
mkd,sex_m,eco_isic4_n,edu_aggregate_int,2020,39.84
mkd,sex_m,eco_isic4_n,edu_aggregate_int,2021,40.92
mkd,sex_m,eco_isic4_n,edu_aggregate_int,2022,41.3
mkd,sex_m,eco_isic4_n,edu_aggregate_int,2024,39.99
mkd,sex_m,eco_isic4_n,edu_aggregate_total,2011,41.65
mkd,sex_m,eco_isic4_n,edu_aggregate_total,2012,42.67
mkd,sex_m,eco_isic4_n,edu_aggregate_total,2013,41.83
mkd,sex_m,eco_isic4_n,edu_aggregate_total,2014,40.85
mkd,sex_m,eco_isic4_n,edu_aggregate_total,2015,40.9
mkd,sex_m,eco_isic4_n,edu_aggregate_total,2016,39.66
mkd,sex_m,eco_isic4_n,edu_aggregate_total,2017,42.6
mkd,sex_m,eco_isic4_n,edu_aggregate_total,2018,41.27
mkd,sex_m,eco_isic4_n,edu_aggregate_total,2019,40.66
mkd,sex_m,eco_isic4_n,edu_aggregate_total,2020,40.02
mkd,sex_m,eco_isic4_n,edu_aggregate_total,2021,41
mkd,sex_m,eco_isic4_n,edu_aggregate_total,2022,41.04
mkd,sex_m,eco_isic4_n,edu_aggregate_total,2024,40.06
mkd,sex_m,eco_isic4_n,edu_isced11_1,2011,42.74
mkd,sex_m,eco_isic4_n,edu_isced11_1,2012,41.58
mkd,sex_m,eco_isic4_n,edu_isced11_1,2013,37.91
mkd,sex_m,eco_isic4_n,edu_isced11_1,2014,40.52
mkd,sex_m,eco_isic4_n,edu_isced11_1,2015,41.91
mkd,sex_m,eco_isic4_n,edu_isced11_1,2016,36.59
mkd,sex_m,eco_isic4_n,edu_isced11_1,2017,42.01
mkd,sex_m,eco_isic4_n,edu_isced11_1,2018,42.41
mkd,sex_m,eco_isic4_n,edu_isced11_1,2019,41.74
mkd,sex_m,eco_isic4_n,edu_isced11_1,2020,42.06
mkd,sex_m,eco_isic4_n,edu_isced11_1,2021,42.16
mkd,sex_m,eco_isic4_n,edu_isced11_1,2022,39.42
mkd,sex_m,eco_isic4_n,edu_isced11_1,2024,40.81
mkd,sex_m,eco_isic4_n,edu_isced11_3,2011,41.44
mkd,sex_m,eco_isic4_n,edu_isced11_3,2012,42.48
mkd,sex_m,eco_isic4_n,edu_isced11_3,2013,41.97
mkd,sex_m,eco_isic4_n,edu_isced11_3,2014,41.04
mkd,sex_m,eco_isic4_n,edu_isced11_3,2015,40.92
mkd,sex_m,eco_isic4_n,edu_isced11_3,2016,41.12
mkd,sex_m,eco_isic4_n,edu_isced11_3,2017,42.51
mkd,sex_m,eco_isic4_n,edu_isced11_3,2018,41.38
mkd,sex_m,eco_isic4_n,edu_isced11_3,2019,40.71
mkd,sex_m,eco_isic4_n,edu_isced11_3,2020,39.84
mkd,sex_m,eco_isic4_n,edu_isced11_3,2021,40.93
mkd,sex_m,eco_isic4_n,edu_isced11_3,2022,41.33
mkd,sex_m,eco_isic4_n,edu_isced11_3,2024,39.95
mkd,sex_m,eco_isic4_n,edu_isced11_4,2024,40.16
mkd,sex_m,eco_isic4_n,edu_isced11_5,2015,40.44
mkd,sex_m,eco_isic4_n,edu_isced11_5,2018,40
mkd,sex_m,eco_isic4_n,edu_isced11_5,2019,35.56
mkd,sex_m,eco_isic4_n,edu_isced11_5,2021,40
mkd,sex_m,eco_isic4_n,edu_isced11_5,2024,40
mkd,sex_m,eco_isic4_n,edu_isced11_6,2011,42.72
mkd,sex_m,eco_isic4_n,edu_isced11_6,2012,44.31
mkd,sex_m,eco_isic4_n,edu_isced11_6,2013,42.22
mkd,sex_m,eco_isic4_n,edu_isced11_6,2014,40
mkd,sex_m,eco_isic4_n,edu_isced11_6,2015,40.12
mkd,sex_m,eco_isic4_n,edu_isced11_6,2016,35.78
mkd,sex_m,eco_isic4_n,edu_isced11_6,2017,41.57
mkd,sex_m,eco_isic4_n,edu_isced11_6,2018,40.32
mkd,sex_m,eco_isic4_n,edu_isced11_6,2019,39.76
mkd,sex_m,eco_isic4_n,edu_isced11_6,2020,40.17
mkd,sex_m,eco_isic4_n,edu_isced11_6,2021,40.59
mkd,sex_m,eco_isic4_n,edu_isced11_6,2022,41.25
mkd,sex_m,eco_isic4_n,edu_isced11_6,2024,39.82
mkd,sex_m,eco_isic4_n,edu_isced11_7,2016,37.3
mkd,sex_m,eco_isic4_n,edu_isced11_7,2019,43.03
mkd,sex_m,eco_isic4_n,edu_isced11_total,2011,41.65
mkd,sex_m,eco_isic4_n,edu_isced11_total,2012,42.67
mkd,sex_m,eco_isic4_n,edu_isced11_total,2013,41.83
mkd,sex_m,eco_isic4_n,edu_isced11_total,2014,40.85
mkd,sex_m,eco_isic4_n,edu_isced11_total,2015,40.9
mkd,sex_m,eco_isic4_n,edu_isced11_total,2016,39.66
mkd,sex_m,eco_isic4_n,edu_isced11_total,2017,42.6
mkd,sex_m,eco_isic4_n,edu_isced11_total,2018,41.27
mkd,sex_m,eco_isic4_n,edu_isced11_total,2019,40.66
mkd,sex_m,eco_isic4_n,edu_isced11_total,2020,40.02
mkd,sex_m,eco_isic4_n,edu_isced11_total,2021,41
mkd,sex_m,eco_isic4_n,edu_isced11_total,2022,41.04
mkd,sex_m,eco_isic4_n,edu_isced11_total,2024,40.06
mkd,sex_m,eco_isic4_o,edu_aggregate_adv,2011,40.01
mkd,sex_m,eco_isic4_o,edu_aggregate_adv,2012,40.01
mkd,sex_m,eco_isic4_o,edu_aggregate_adv,2013,39.76
mkd,sex_m,eco_isic4_o,edu_aggregate_adv,2014,39.71
mkd,sex_m,eco_isic4_o,edu_aggregate_adv,2015,39.89
mkd,sex_m,eco_isic4_o,edu_aggregate_adv,2016,39.63
mkd,sex_m,eco_isic4_o,edu_aggregate_adv,2017,39.7
mkd,sex_m,eco_isic4_o,edu_aggregate_adv,2018,39.78
mkd,sex_m,eco_isic4_o,edu_aggregate_adv,2019,38.85
mkd,sex_m,eco_isic4_o,edu_aggregate_adv,2020,38.31
mkd,sex_m,eco_isic4_o,edu_aggregate_adv,2021,39.63
mkd,sex_m,eco_isic4_o,edu_aggregate_adv,2022,39.25
mkd,sex_m,eco_isic4_o,edu_aggregate_adv,2024,38.88
mkd,sex_m,eco_isic4_o,edu_aggregate_bas,2011,40.28
mkd,sex_m,eco_isic4_o,edu_aggregate_bas,2012,41.73
mkd,sex_m,eco_isic4_o,edu_aggregate_bas,2013,40
mkd,sex_m,eco_isic4_o,edu_aggregate_bas,2014,40
mkd,sex_m,eco_isic4_o,edu_aggregate_bas,2015,40
mkd,sex_m,eco_isic4_o,edu_aggregate_bas,2016,37.9
mkd,sex_m,eco_isic4_o,edu_aggregate_bas,2017,40.21
mkd,sex_m,eco_isic4_o,edu_aggregate_bas,2018,39.51
mkd,sex_m,eco_isic4_o,edu_aggregate_bas,2019,38.56
mkd,sex_m,eco_isic4_o,edu_aggregate_bas,2020,39.24
mkd,sex_m,eco_isic4_o,edu_aggregate_bas,2021,39.77
mkd,sex_m,eco_isic4_o,edu_aggregate_bas,2022,38.17
mkd,sex_m,eco_isic4_o,edu_aggregate_bas,2024,39.03
mkd,sex_m,eco_isic4_o,edu_aggregate_int,2011,40.43
mkd,sex_m,eco_isic4_o,edu_aggregate_int,2012,40.88
mkd,sex_m,eco_isic4_o,edu_aggregate_int,2013,40.32
mkd,sex_m,eco_isic4_o,edu_aggregate_int,2014,40.02
mkd,sex_m,eco_isic4_o,edu_aggregate_int,2015,40.12
mkd,sex_m,eco_isic4_o,edu_aggregate_int,2016,40.76
mkd,sex_m,eco_isic4_o,edu_aggregate_int,2017,40.21
mkd,sex_m,eco_isic4_o,edu_aggregate_int,2018,40.24
mkd,sex_m,eco_isic4_o,edu_aggregate_int,2019,39.97
mkd,sex_m,eco_isic4_o,edu_aggregate_int,2020,39.18
mkd,sex_m,eco_isic4_o,edu_aggregate_int,2021,39.72
mkd,sex_m,eco_isic4_o,edu_aggregate_int,2022,39.4
mkd,sex_m,eco_isic4_o,edu_aggregate_int,2024,39.13
mkd,sex_m,eco_isic4_o,edu_aggregate_ltb,2019,34.58
mkd,sex_m,eco_isic4_o,edu_aggregate_total,2011,40.25
mkd,sex_m,eco_isic4_o,edu_aggregate_total,2012,40.49
mkd,sex_m,eco_isic4_o,edu_aggregate_total,2013,40.08
mkd,sex_m,eco_isic4_o,edu_aggregate_total,2014,39.9
mkd,sex_m,eco_isic4_o,edu_aggregate_total,2015,40.02
mkd,sex_m,eco_isic4_o,edu_aggregate_total,2016,40.17
mkd,sex_m,eco_isic4_o,edu_aggregate_total,2017,39.99
mkd,sex_m,eco_isic4_o,edu_aggregate_total,2018,40.03
mkd,sex_m,eco_isic4_o,edu_aggregate_total,2019,39.41
mkd,sex_m,eco_isic4_o,edu_aggregate_total,2020,38.79
mkd,sex_m,eco_isic4_o,edu_aggregate_total,2021,39.68
mkd,sex_m,eco_isic4_o,edu_aggregate_total,2022,39.3
mkd,sex_m,eco_isic4_o,edu_aggregate_total,2024,39.03
mkd,sex_m,eco_isic4_o,edu_isced11_1,2011,40.28
mkd,sex_m,eco_isic4_o,edu_isced11_1,2012,41.73
mkd,sex_m,eco_isic4_o,edu_isced11_1,2013,40
mkd,sex_m,eco_isic4_o,edu_isced11_1,2014,40
mkd,sex_m,eco_isic4_o,edu_isced11_1,2015,40
mkd,sex_m,eco_isic4_o,edu_isced11_1,2016,37.9
mkd,sex_m,eco_isic4_o,edu_isced11_1,2017,40.21
mkd,sex_m,eco_isic4_o,edu_isced11_1,2018,39.5
mkd,sex_m,eco_isic4_o,edu_isced11_1,2019,38.56
mkd,sex_m,eco_isic4_o,edu_isced11_1,2020,39.24
mkd,sex_m,eco_isic4_o,edu_isced11_1,2021,39.77
mkd,sex_m,eco_isic4_o,edu_isced11_1,2022,38.17
mkd,sex_m,eco_isic4_o,edu_isced11_1,2024,39.03
mkd,sex_m,eco_isic4_o,edu_isced11_3,2011,40.43
mkd,sex_m,eco_isic4_o,edu_isced11_3,2012,40.88
mkd,sex_m,eco_isic4_o,edu_isced11_3,2013,40.32
mkd,sex_m,eco_isic4_o,edu_isced11_3,2014,40.02
mkd,sex_m,eco_isic4_o,edu_isced11_3,2015,40.12
mkd,sex_m,eco_isic4_o,edu_isced11_3,2016,40.76
mkd,sex_m,eco_isic4_o,edu_isced11_3,2017,40.21
mkd,sex_m,eco_isic4_o,edu_isced11_3,2018,40.24
mkd,sex_m,eco_isic4_o,edu_isced11_3,2019,39.97
mkd,sex_m,eco_isic4_o,edu_isced11_3,2020,39.17
mkd,sex_m,eco_isic4_o,edu_isced11_3,2021,39.72
mkd,sex_m,eco_isic4_o,edu_isced11_3,2022,39.4
mkd,sex_m,eco_isic4_o,edu_isced11_3,2024,38.98
mkd,sex_m,eco_isic4_o,edu_isced11_4,2020,40
mkd,sex_m,eco_isic4_o,edu_isced11_4,2024,39.61
mkd,sex_m,eco_isic4_o,edu_isced11_5,2011,39.83
mkd,sex_m,eco_isic4_o,edu_isced11_5,2012,39.92
mkd,sex_m,eco_isic4_o,edu_isced11_5,2013,40.22
mkd,sex_m,eco_isic4_o,edu_isced11_5,2014,38.98
mkd,sex_m,eco_isic4_o,edu_isced11_5,2015,40
mkd,sex_m,eco_isic4_o,edu_isced11_5,2016,40
mkd,sex_m,eco_isic4_o,edu_isced11_5,2017,40.55
mkd,sex_m,eco_isic4_o,edu_isced11_5,2018,47.56
mkd,sex_m,eco_isic4_o,edu_isced11_5,2019,39.64
mkd,sex_m,eco_isic4_o,edu_isced11_5,2020,36.15
mkd,sex_m,eco_isic4_o,edu_isced11_5,2022,36.61
mkd,sex_m,eco_isic4_o,edu_isced11_5,2024,36.82
mkd,sex_m,eco_isic4_o,edu_isced11_6,2011,39.96
mkd,sex_m,eco_isic4_o,edu_isced11_6,2012,40.05
mkd,sex_m,eco_isic4_o,edu_isced11_6,2013,39.76
mkd,sex_m,eco_isic4_o,edu_isced11_6,2014,39.8
mkd,sex_m,eco_isic4_o,edu_isced11_6,2015,39.75
mkd,sex_m,eco_isic4_o,edu_isced11_6,2016,39.61
mkd,sex_m,eco_isic4_o,edu_isced11_6,2017,39.59
mkd,sex_m,eco_isic4_o,edu_isced11_6,2018,39.45
mkd,sex_m,eco_isic4_o,edu_isced11_6,2019,38.78
mkd,sex_m,eco_isic4_o,edu_isced11_6,2020,38.33
mkd,sex_m,eco_isic4_o,edu_isced11_6,2021,39.62
mkd,sex_m,eco_isic4_o,edu_isced11_6,2022,39.24
mkd,sex_m,eco_isic4_o,edu_isced11_6,2024,38.73
mkd,sex_m,eco_isic4_o,edu_isced11_7,2011,40.53
mkd,sex_m,eco_isic4_o,edu_isced11_7,2012,39.81
mkd,sex_m,eco_isic4_o,edu_isced11_7,2013,38.75
mkd,sex_m,eco_isic4_o,edu_isced11_7,2014,40
mkd,sex_m,eco_isic4_o,edu_isced11_7,2015,42.11
mkd,sex_m,eco_isic4_o,edu_isced11_7,2016,39.61
mkd,sex_m,eco_isic4_o,edu_isced11_7,2017,40.11
mkd,sex_m,eco_isic4_o,edu_isced11_7,2018,40.12
mkd,sex_m,eco_isic4_o,edu_isced11_7,2019,39.3
mkd,sex_m,eco_isic4_o,edu_isced11_7,2020,38.8
mkd,sex_m,eco_isic4_o,edu_isced11_7,2021,39.63
mkd,sex_m,eco_isic4_o,edu_isced11_7,2022,39.54
mkd,sex_m,eco_isic4_o,edu_isced11_7,2024,40.1
mkd,sex_m,eco_isic4_o,edu_isced11_total,2011,40.25
mkd,sex_m,eco_isic4_o,edu_isced11_total,2012,40.49
mkd,sex_m,eco_isic4_o,edu_isced11_total,2013,40.08
mkd,sex_m,eco_isic4_o,edu_isced11_total,2014,39.9
mkd,sex_m,eco_isic4_o,edu_isced11_total,2015,40.02
mkd,sex_m,eco_isic4_o,edu_isced11_total,2016,40.17
mkd,sex_m,eco_isic4_o,edu_isced11_total,2017,39.99
mkd,sex_m,eco_isic4_o,edu_isced11_total,2018,40.03
mkd,sex_m,eco_isic4_o,edu_isced11_total,2019,39.41
mkd,sex_m,eco_isic4_o,edu_isced11_total,2020,38.79
mkd,sex_m,eco_isic4_o,edu_isced11_total,2021,39.68
mkd,sex_m,eco_isic4_o,edu_isced11_total,2022,39.3
mkd,sex_m,eco_isic4_o,edu_isced11_total,2024,39.03
mkd,sex_m,eco_isic4_o,edu_isced11_x,2019,34.29
mkd,sex_m,eco_isic4_p,edu_aggregate_adv,2011,36.95
mkd,sex_m,eco_isic4_p,edu_aggregate_adv,2012,38.1
mkd,sex_m,eco_isic4_p,edu_aggregate_adv,2013,38.77
mkd,sex_m,eco_isic4_p,edu_aggregate_adv,2014,38.75
mkd,sex_m,eco_isic4_p,edu_aggregate_adv,2015,38.86
mkd,sex_m,eco_isic4_p,edu_aggregate_adv,2016,38.72
mkd,sex_m,eco_isic4_p,edu_aggregate_adv,2017,39.19
mkd,sex_m,eco_isic4_p,edu_aggregate_adv,2018,39.31
mkd,sex_m,eco_isic4_p,edu_aggregate_adv,2019,38.53
mkd,sex_m,eco_isic4_p,edu_aggregate_adv,2020,36.51
mkd,sex_m,eco_isic4_p,edu_aggregate_adv,2021,38.71
mkd,sex_m,eco_isic4_p,edu_aggregate_adv,2022,38.78
mkd,sex_m,eco_isic4_p,edu_aggregate_adv,2024,37.65
mkd,sex_m,eco_isic4_p,edu_aggregate_bas,2011,38.6
mkd,sex_m,eco_isic4_p,edu_aggregate_bas,2012,39.19
mkd,sex_m,eco_isic4_p,edu_aggregate_bas,2013,40.02
mkd,sex_m,eco_isic4_p,edu_aggregate_bas,2014,40.09
mkd,sex_m,eco_isic4_p,edu_aggregate_bas,2015,40.3
mkd,sex_m,eco_isic4_p,edu_aggregate_bas,2016,39.35
mkd,sex_m,eco_isic4_p,edu_aggregate_bas,2017,39.95
mkd,sex_m,eco_isic4_p,edu_aggregate_bas,2018,40
mkd,sex_m,eco_isic4_p,edu_aggregate_bas,2019,37.01
mkd,sex_m,eco_isic4_p,edu_aggregate_bas,2020,34.56
mkd,sex_m,eco_isic4_p,edu_aggregate_bas,2021,37.31
mkd,sex_m,eco_isic4_p,edu_aggregate_bas,2022,39.37
mkd,sex_m,eco_isic4_p,edu_aggregate_bas,2024,38.39
mkd,sex_m,eco_isic4_p,edu_aggregate_int,2011,38.79
mkd,sex_m,eco_isic4_p,edu_aggregate_int,2012,38.92
mkd,sex_m,eco_isic4_p,edu_aggregate_int,2013,40.51
mkd,sex_m,eco_isic4_p,edu_aggregate_int,2014,41.07
mkd,sex_m,eco_isic4_p,edu_aggregate_int,2015,38.38
mkd,sex_m,eco_isic4_p,edu_aggregate_int,2016,39.42
mkd,sex_m,eco_isic4_p,edu_aggregate_int,2017,38.85
mkd,sex_m,eco_isic4_p,edu_aggregate_int,2018,39.5
mkd,sex_m,eco_isic4_p,edu_aggregate_int,2019,39.12
mkd,sex_m,eco_isic4_p,edu_aggregate_int,2020,37.03
mkd,sex_m,eco_isic4_p,edu_aggregate_int,2021,39.29
mkd,sex_m,eco_isic4_p,edu_aggregate_int,2022,38.98
mkd,sex_m,eco_isic4_p,edu_aggregate_int,2024,38.17
mkd,sex_m,eco_isic4_p,edu_aggregate_total,2011,37.46
mkd,sex_m,eco_isic4_p,edu_aggregate_total,2012,38.34
mkd,sex_m,eco_isic4_p,edu_aggregate_total,2013,39.22
mkd,sex_m,eco_isic4_p,edu_aggregate_total,2014,39.3
mkd,sex_m,eco_isic4_p,edu_aggregate_total,2015,38.89
mkd,sex_m,eco_isic4_p,edu_aggregate_total,2016,38.9
mkd,sex_m,eco_isic4_p,edu_aggregate_total,2017,39.2
mkd,sex_m,eco_isic4_p,edu_aggregate_total,2018,39.39
mkd,sex_m,eco_isic4_p,edu_aggregate_total,2019,38.51
mkd,sex_m,eco_isic4_p,edu_aggregate_total,2020,36.52
mkd,sex_m,eco_isic4_p,edu_aggregate_total,2021,38.71
mkd,sex_m,eco_isic4_p,edu_aggregate_total,2022,38.86
mkd,sex_m,eco_isic4_p,edu_aggregate_total,2024,37.78
mkd,sex_m,eco_isic4_p,edu_isced11_1,2011,38.6
mkd,sex_m,eco_isic4_p,edu_isced11_1,2012,39.19
mkd,sex_m,eco_isic4_p,edu_isced11_1,2013,40.02
mkd,sex_m,eco_isic4_p,edu_isced11_1,2014,40.09
mkd,sex_m,eco_isic4_p,edu_isced11_1,2015,40.3
mkd,sex_m,eco_isic4_p,edu_isced11_1,2016,39.35
mkd,sex_m,eco_isic4_p,edu_isced11_1,2017,39.95
mkd,sex_m,eco_isic4_p,edu_isced11_1,2018,40
mkd,sex_m,eco_isic4_p,edu_isced11_1,2019,37.01
mkd,sex_m,eco_isic4_p,edu_isced11_1,2020,34.56
mkd,sex_m,eco_isic4_p,edu_isced11_1,2021,37.31
mkd,sex_m,eco_isic4_p,edu_isced11_1,2022,39.37
mkd,sex_m,eco_isic4_p,edu_isced11_1,2024,38.39
mkd,sex_m,eco_isic4_p,edu_isced11_3,2011,38.79
mkd,sex_m,eco_isic4_p,edu_isced11_3,2012,38.92
mkd,sex_m,eco_isic4_p,edu_isced11_3,2013,40.51
mkd,sex_m,eco_isic4_p,edu_isced11_3,2014,41.07
mkd,sex_m,eco_isic4_p,edu_isced11_3,2015,38.38
mkd,sex_m,eco_isic4_p,edu_isced11_3,2016,39.42
mkd,sex_m,eco_isic4_p,edu_isced11_3,2017,38.85
mkd,sex_m,eco_isic4_p,edu_isced11_3,2018,39.5
mkd,sex_m,eco_isic4_p,edu_isced11_3,2019,39.12
mkd,sex_m,eco_isic4_p,edu_isced11_3,2020,37.03
mkd,sex_m,eco_isic4_p,edu_isced11_3,2021,39.26
mkd,sex_m,eco_isic4_p,edu_isced11_3,2022,38.95
mkd,sex_m,eco_isic4_p,edu_isced11_3,2024,37.85
mkd,sex_m,eco_isic4_p,edu_isced11_4,2024,39.02
mkd,sex_m,eco_isic4_p,edu_isced11_5,2011,38.29
mkd,sex_m,eco_isic4_p,edu_isced11_5,2012,40
mkd,sex_m,eco_isic4_p,edu_isced11_5,2013,38.96
mkd,sex_m,eco_isic4_p,edu_isced11_5,2014,38.88
mkd,sex_m,eco_isic4_p,edu_isced11_5,2015,38.43
mkd,sex_m,eco_isic4_p,edu_isced11_5,2016,38.69
mkd,sex_m,eco_isic4_p,edu_isced11_5,2017,40.2
mkd,sex_m,eco_isic4_p,edu_isced11_5,2018,38.34
mkd,sex_m,eco_isic4_p,edu_isced11_5,2019,39.69
mkd,sex_m,eco_isic4_p,edu_isced11_5,2020,38.03
mkd,sex_m,eco_isic4_p,edu_isced11_5,2021,39.66
mkd,sex_m,eco_isic4_p,edu_isced11_5,2022,37.81
mkd,sex_m,eco_isic4_p,edu_isced11_5,2024,39.27
mkd,sex_m,eco_isic4_p,edu_isced11_6,2011,36.88
mkd,sex_m,eco_isic4_p,edu_isced11_6,2012,37.94
mkd,sex_m,eco_isic4_p,edu_isced11_6,2013,39
mkd,sex_m,eco_isic4_p,edu_isced11_6,2014,38.49
mkd,sex_m,eco_isic4_p,edu_isced11_6,2015,38.85
mkd,sex_m,eco_isic4_p,edu_isced11_6,2016,38.36
mkd,sex_m,eco_isic4_p,edu_isced11_6,2017,39.02
mkd,sex_m,eco_isic4_p,edu_isced11_6,2018,39.35
mkd,sex_m,eco_isic4_p,edu_isced11_6,2019,38.17
mkd,sex_m,eco_isic4_p,edu_isced11_6,2020,36.33
mkd,sex_m,eco_isic4_p,edu_isced11_6,2021,38.47
mkd,sex_m,eco_isic4_p,edu_isced11_6,2022,38.74
mkd,sex_m,eco_isic4_p,edu_isced11_6,2024,37.37
mkd,sex_m,eco_isic4_p,edu_isced11_7,2011,36.16
mkd,sex_m,eco_isic4_p,edu_isced11_7,2012,35.29
mkd,sex_m,eco_isic4_p,edu_isced11_7,2013,36.52
mkd,sex_m,eco_isic4_p,edu_isced11_7,2014,40
mkd,sex_m,eco_isic4_p,edu_isced11_7,2015,41.08
mkd,sex_m,eco_isic4_p,edu_isced11_7,2016,39.61
mkd,sex_m,eco_isic4_p,edu_isced11_7,2017,39.48
mkd,sex_m,eco_isic4_p,edu_isced11_7,2018,40.53
mkd,sex_m,eco_isic4_p,edu_isced11_7,2019,39.67
mkd,sex_m,eco_isic4_p,edu_isced11_7,2020,35.26
mkd,sex_m,eco_isic4_p,edu_isced11_7,2021,40.58
mkd,sex_m,eco_isic4_p,edu_isced11_7,2022,39.49
mkd,sex_m,eco_isic4_p,edu_isced11_7,2024,38.03
mkd,sex_m,eco_isic4_p,edu_isced11_8,2011,35.18
mkd,sex_m,eco_isic4_p,edu_isced11_8,2012,39.35
mkd,sex_m,eco_isic4_p,edu_isced11_8,2013,37.26
mkd,sex_m,eco_isic4_p,edu_isced11_8,2014,39.59
mkd,sex_m,eco_isic4_p,edu_isced11_8,2015,37.57
mkd,sex_m,eco_isic4_p,edu_isced11_8,2016,41.01
mkd,sex_m,eco_isic4_p,edu_isced11_8,2017,39.45
mkd,sex_m,eco_isic4_p,edu_isced11_8,2018,39.81
mkd,sex_m,eco_isic4_p,edu_isced11_8,2019,38.92
mkd,sex_m,eco_isic4_p,edu_isced11_8,2020,38.27
mkd,sex_m,eco_isic4_p,edu_isced11_8,2021,38.88
mkd,sex_m,eco_isic4_p,edu_isced11_8,2022,39.38
mkd,sex_m,eco_isic4_p,edu_isced11_8,2024,38.73
mkd,sex_m,eco_isic4_p,edu_isced11_total,2011,37.46
mkd,sex_m,eco_isic4_p,edu_isced11_total,2012,38.34
mkd,sex_m,eco_isic4_p,edu_isced11_total,2013,39.22
mkd,sex_m,eco_isic4_p,edu_isced11_total,2014,39.3
mkd,sex_m,eco_isic4_p,edu_isced11_total,2015,38.89
mkd,sex_m,eco_isic4_p,edu_isced11_total,2016,38.9
mkd,sex_m,eco_isic4_p,edu_isced11_total,2017,39.2
mkd,sex_m,eco_isic4_p,edu_isced11_total,2018,39.39
mkd,sex_m,eco_isic4_p,edu_isced11_total,2019,38.51
mkd,sex_m,eco_isic4_p,edu_isced11_total,2020,36.52
mkd,sex_m,eco_isic4_p,edu_isced11_total,2021,38.71
mkd,sex_m,eco_isic4_p,edu_isced11_total,2022,38.86
mkd,sex_m,eco_isic4_p,edu_isced11_total,2024,37.78
mkd,sex_m,eco_isic4_q,edu_aggregate_adv,2011,39.86
mkd,sex_m,eco_isic4_q,edu_aggregate_adv,2012,40.88
mkd,sex_m,eco_isic4_q,edu_aggregate_adv,2013,40.24
mkd,sex_m,eco_isic4_q,edu_aggregate_adv,2014,40.41
mkd,sex_m,eco_isic4_q,edu_aggregate_adv,2015,39.67
mkd,sex_m,eco_isic4_q,edu_aggregate_adv,2016,39.6
mkd,sex_m,eco_isic4_q,edu_aggregate_adv,2017,39.22
mkd,sex_m,eco_isic4_q,edu_aggregate_adv,2018,40.92
mkd,sex_m,eco_isic4_q,edu_aggregate_adv,2019,39.91
mkd,sex_m,eco_isic4_q,edu_aggregate_adv,2020,39.44
mkd,sex_m,eco_isic4_q,edu_aggregate_adv,2021,39.18
mkd,sex_m,eco_isic4_q,edu_aggregate_adv,2022,39.48
mkd,sex_m,eco_isic4_q,edu_aggregate_adv,2024,38.53
mkd,sex_m,eco_isic4_q,edu_aggregate_bas,2011,39.65
mkd,sex_m,eco_isic4_q,edu_aggregate_bas,2012,40
mkd,sex_m,eco_isic4_q,edu_aggregate_bas,2013,42.07
mkd,sex_m,eco_isic4_q,edu_aggregate_bas,2014,41.03
mkd,sex_m,eco_isic4_q,edu_aggregate_bas,2015,40.66
mkd,sex_m,eco_isic4_q,edu_aggregate_bas,2016,40
mkd,sex_m,eco_isic4_q,edu_aggregate_bas,2017,40
mkd,sex_m,eco_isic4_q,edu_aggregate_bas,2018,40.36
mkd,sex_m,eco_isic4_q,edu_aggregate_bas,2020,40
mkd,sex_m,eco_isic4_q,edu_aggregate_bas,2021,39.85
mkd,sex_m,eco_isic4_q,edu_aggregate_bas,2022,39.42
mkd,sex_m,eco_isic4_q,edu_aggregate_int,2011,40.72
mkd,sex_m,eco_isic4_q,edu_aggregate_int,2012,41.53
mkd,sex_m,eco_isic4_q,edu_aggregate_int,2013,40.58
mkd,sex_m,eco_isic4_q,edu_aggregate_int,2014,40.76
mkd,sex_m,eco_isic4_q,edu_aggregate_int,2015,40.03
mkd,sex_m,eco_isic4_q,edu_aggregate_int,2016,40.24
mkd,sex_m,eco_isic4_q,edu_aggregate_int,2017,40.7
mkd,sex_m,eco_isic4_q,edu_aggregate_int,2018,39.83
mkd,sex_m,eco_isic4_q,edu_aggregate_int,2019,39.05
mkd,sex_m,eco_isic4_q,edu_aggregate_int,2020,37.64
mkd,sex_m,eco_isic4_q,edu_aggregate_int,2021,40.14
mkd,sex_m,eco_isic4_q,edu_aggregate_int,2022,39.63
mkd,sex_m,eco_isic4_q,edu_aggregate_int,2024,39.69
mkd,sex_m,eco_isic4_q,edu_aggregate_total,2011,40.26
mkd,sex_m,eco_isic4_q,edu_aggregate_total,2012,41.14
mkd,sex_m,eco_isic4_q,edu_aggregate_total,2013,40.5
mkd,sex_m,eco_isic4_q,edu_aggregate_total,2014,40.64
mkd,sex_m,eco_isic4_q,edu_aggregate_total,2015,39.92
mkd,sex_m,eco_isic4_q,edu_aggregate_total,2016,39.9
mkd,sex_m,eco_isic4_q,edu_aggregate_total,2017,39.9
mkd,sex_m,eco_isic4_q,edu_aggregate_total,2018,40.41
mkd,sex_m,eco_isic4_q,edu_aggregate_total,2019,39.52
mkd,sex_m,eco_isic4_q,edu_aggregate_total,2020,38.74
mkd,sex_m,eco_isic4_q,edu_aggregate_total,2021,39.6
mkd,sex_m,eco_isic4_q,edu_aggregate_total,2022,39.54
mkd,sex_m,eco_isic4_q,edu_aggregate_total,2024,39.06
mkd,sex_m,eco_isic4_q,edu_isced11_1,2011,39.65
mkd,sex_m,eco_isic4_q,edu_isced11_1,2012,40
mkd,sex_m,eco_isic4_q,edu_isced11_1,2013,42.07
mkd,sex_m,eco_isic4_q,edu_isced11_1,2014,41.03
mkd,sex_m,eco_isic4_q,edu_isced11_1,2015,40.66
mkd,sex_m,eco_isic4_q,edu_isced11_1,2016,40
mkd,sex_m,eco_isic4_q,edu_isced11_1,2017,40
mkd,sex_m,eco_isic4_q,edu_isced11_1,2018,39.85
mkd,sex_m,eco_isic4_q,edu_isced11_1,2020,40
mkd,sex_m,eco_isic4_q,edu_isced11_1,2021,39.85
mkd,sex_m,eco_isic4_q,edu_isced11_1,2022,39.42
mkd,sex_m,eco_isic4_q,edu_isced11_3,2011,40.72
mkd,sex_m,eco_isic4_q,edu_isced11_3,2012,41.53
mkd,sex_m,eco_isic4_q,edu_isced11_3,2013,40.58
mkd,sex_m,eco_isic4_q,edu_isced11_3,2014,40.76
mkd,sex_m,eco_isic4_q,edu_isced11_3,2015,40.03
mkd,sex_m,eco_isic4_q,edu_isced11_3,2016,40.24
mkd,sex_m,eco_isic4_q,edu_isced11_3,2017,40.7
mkd,sex_m,eco_isic4_q,edu_isced11_3,2018,39.83
mkd,sex_m,eco_isic4_q,edu_isced11_3,2019,39.05
mkd,sex_m,eco_isic4_q,edu_isced11_3,2020,37.64
mkd,sex_m,eco_isic4_q,edu_isced11_3,2021,40.14
mkd,sex_m,eco_isic4_q,edu_isced11_3,2022,39.63
mkd,sex_m,eco_isic4_q,edu_isced11_3,2024,39.86
mkd,sex_m,eco_isic4_q,edu_isced11_4,2024,39.07
mkd,sex_m,eco_isic4_q,edu_isced11_5,2011,40.99
mkd,sex_m,eco_isic4_q,edu_isced11_5,2012,42.02
mkd,sex_m,eco_isic4_q,edu_isced11_5,2013,39.92
mkd,sex_m,eco_isic4_q,edu_isced11_5,2014,41.48
mkd,sex_m,eco_isic4_q,edu_isced11_5,2015,40.6
mkd,sex_m,eco_isic4_q,edu_isced11_5,2016,40.68
mkd,sex_m,eco_isic4_q,edu_isced11_5,2017,42.36
mkd,sex_m,eco_isic4_q,edu_isced11_5,2019,38.81
mkd,sex_m,eco_isic4_q,edu_isced11_5,2020,37.19
mkd,sex_m,eco_isic4_q,edu_isced11_5,2021,38.32
mkd,sex_m,eco_isic4_q,edu_isced11_5,2022,40
mkd,sex_m,eco_isic4_q,edu_isced11_5,2024,33.86
mkd,sex_m,eco_isic4_q,edu_isced11_6,2011,39.91
mkd,sex_m,eco_isic4_q,edu_isced11_6,2012,40.6
mkd,sex_m,eco_isic4_q,edu_isced11_6,2013,40.18
mkd,sex_m,eco_isic4_q,edu_isced11_6,2014,40.22
mkd,sex_m,eco_isic4_q,edu_isced11_6,2015,40.05
mkd,sex_m,eco_isic4_q,edu_isced11_6,2016,39.95
mkd,sex_m,eco_isic4_q,edu_isced11_6,2017,38.76
mkd,sex_m,eco_isic4_q,edu_isced11_6,2018,40.93
mkd,sex_m,eco_isic4_q,edu_isced11_6,2019,39.17
mkd,sex_m,eco_isic4_q,edu_isced11_6,2020,39.42
mkd,sex_m,eco_isic4_q,edu_isced11_6,2021,39.13
mkd,sex_m,eco_isic4_q,edu_isced11_6,2022,39.61
mkd,sex_m,eco_isic4_q,edu_isced11_6,2024,38.36
mkd,sex_m,eco_isic4_q,edu_isced11_7,2011,38.5
mkd,sex_m,eco_isic4_q,edu_isced11_7,2012,40.32
mkd,sex_m,eco_isic4_q,edu_isced11_7,2013,41.44
mkd,sex_m,eco_isic4_q,edu_isced11_7,2014,40.79
mkd,sex_m,eco_isic4_q,edu_isced11_7,2015,38.68
mkd,sex_m,eco_isic4_q,edu_isced11_7,2016,36.33
mkd,sex_m,eco_isic4_q,edu_isced11_7,2017,40.2
mkd,sex_m,eco_isic4_q,edu_isced11_7,2018,41.69
mkd,sex_m,eco_isic4_q,edu_isced11_7,2019,42
mkd,sex_m,eco_isic4_q,edu_isced11_7,2020,40.16
mkd,sex_m,eco_isic4_q,edu_isced11_7,2021,40.16
mkd,sex_m,eco_isic4_q,edu_isced11_7,2022,40.71
mkd,sex_m,eco_isic4_q,edu_isced11_7,2024,39.89
mkd,sex_m,eco_isic4_q,edu_isced11_8,2014,40.74
mkd,sex_m,eco_isic4_q,edu_isced11_8,2017,41.37
mkd,sex_m,eco_isic4_q,edu_isced11_8,2018,38.74
mkd,sex_m,eco_isic4_q,edu_isced11_8,2019,39.34
mkd,sex_m,eco_isic4_q,edu_isced11_8,2020,39.22
mkd,sex_m,eco_isic4_q,edu_isced11_8,2021,40.02
mkd,sex_m,eco_isic4_q,edu_isced11_8,2022,37.12
mkd,sex_m,eco_isic4_q,edu_isced11_total,2011,40.26
mkd,sex_m,eco_isic4_q,edu_isced11_total,2012,41.14
mkd,sex_m,eco_isic4_q,edu_isced11_total,2013,40.5
mkd,sex_m,eco_isic4_q,edu_isced11_total,2014,40.64
mkd,sex_m,eco_isic4_q,edu_isced11_total,2015,39.92
mkd,sex_m,eco_isic4_q,edu_isced11_total,2016,39.9
mkd,sex_m,eco_isic4_q,edu_isced11_total,2017,39.9
mkd,sex_m,eco_isic4_q,edu_isced11_total,2018,40.41
mkd,sex_m,eco_isic4_q,edu_isced11_total,2019,39.52
mkd,sex_m,eco_isic4_q,edu_isced11_total,2020,38.74
mkd,sex_m,eco_isic4_q,edu_isced11_total,2021,39.6
mkd,sex_m,eco_isic4_q,edu_isced11_total,2022,39.54
mkd,sex_m,eco_isic4_q,edu_isced11_total,2024,39.06
mkd,sex_m,eco_isic4_r,edu_aggregate_adv,2011,36.38
mkd,sex_m,eco_isic4_r,edu_aggregate_adv,2012,38.67
mkd,sex_m,eco_isic4_r,edu_aggregate_adv,2013,40.08
mkd,sex_m,eco_isic4_r,edu_aggregate_adv,2014,39.1
mkd,sex_m,eco_isic4_r,edu_aggregate_adv,2015,38.59
mkd,sex_m,eco_isic4_r,edu_aggregate_adv,2016,37.92
mkd,sex_m,eco_isic4_r,edu_aggregate_adv,2017,38.16
mkd,sex_m,eco_isic4_r,edu_aggregate_adv,2018,39.19
mkd,sex_m,eco_isic4_r,edu_aggregate_adv,2019,40.42
mkd,sex_m,eco_isic4_r,edu_aggregate_adv,2020,38.07
mkd,sex_m,eco_isic4_r,edu_aggregate_adv,2021,38.94
mkd,sex_m,eco_isic4_r,edu_aggregate_adv,2022,39.96
mkd,sex_m,eco_isic4_r,edu_aggregate_adv,2024,36.53
mkd,sex_m,eco_isic4_r,edu_aggregate_bas,2011,35.38
mkd,sex_m,eco_isic4_r,edu_aggregate_bas,2012,34.8
mkd,sex_m,eco_isic4_r,edu_aggregate_bas,2013,45.89
mkd,sex_m,eco_isic4_r,edu_aggregate_bas,2014,47.86
mkd,sex_m,eco_isic4_r,edu_aggregate_bas,2015,38.97
mkd,sex_m,eco_isic4_r,edu_aggregate_bas,2016,46.05
mkd,sex_m,eco_isic4_r,edu_aggregate_bas,2017,44.24
mkd,sex_m,eco_isic4_r,edu_aggregate_bas,2018,37.79
mkd,sex_m,eco_isic4_r,edu_aggregate_bas,2019,41.04
mkd,sex_m,eco_isic4_r,edu_aggregate_bas,2020,40.84
mkd,sex_m,eco_isic4_r,edu_aggregate_bas,2022,33.01
mkd,sex_m,eco_isic4_r,edu_aggregate_bas,2024,31.86
mkd,sex_m,eco_isic4_r,edu_aggregate_int,2011,39.68
mkd,sex_m,eco_isic4_r,edu_aggregate_int,2012,40.19
mkd,sex_m,eco_isic4_r,edu_aggregate_int,2013,38.06
mkd,sex_m,eco_isic4_r,edu_aggregate_int,2014,34.41
mkd,sex_m,eco_isic4_r,edu_aggregate_int,2015,40.29
mkd,sex_m,eco_isic4_r,edu_aggregate_int,2016,39.28
mkd,sex_m,eco_isic4_r,edu_aggregate_int,2017,40.86
mkd,sex_m,eco_isic4_r,edu_aggregate_int,2018,39.56
mkd,sex_m,eco_isic4_r,edu_aggregate_int,2019,41.28
mkd,sex_m,eco_isic4_r,edu_aggregate_int,2020,39.63
mkd,sex_m,eco_isic4_r,edu_aggregate_int,2021,40.36
mkd,sex_m,eco_isic4_r,edu_aggregate_int,2022,40.32
mkd,sex_m,eco_isic4_r,edu_aggregate_int,2024,39.1
mkd,sex_m,eco_isic4_r,edu_aggregate_total,2011,38.51
mkd,sex_m,eco_isic4_r,edu_aggregate_total,2012,39.1
mkd,sex_m,eco_isic4_r,edu_aggregate_total,2013,39.19
mkd,sex_m,eco_isic4_r,edu_aggregate_total,2014,37.38
mkd,sex_m,eco_isic4_r,edu_aggregate_total,2015,39.67
mkd,sex_m,eco_isic4_r,edu_aggregate_total,2016,39.14
mkd,sex_m,eco_isic4_r,edu_aggregate_total,2017,40.24
mkd,sex_m,eco_isic4_r,edu_aggregate_total,2018,39.36
mkd,sex_m,eco_isic4_r,edu_aggregate_total,2019,41.09
mkd,sex_m,eco_isic4_r,edu_aggregate_total,2020,39.31
mkd,sex_m,eco_isic4_r,edu_aggregate_total,2021,39.98
mkd,sex_m,eco_isic4_r,edu_aggregate_total,2022,39.7
mkd,sex_m,eco_isic4_r,edu_aggregate_total,2024,37.81
mkd,sex_m,eco_isic4_r,edu_isced11_1,2011,35.38
mkd,sex_m,eco_isic4_r,edu_isced11_1,2012,34.8
mkd,sex_m,eco_isic4_r,edu_isced11_1,2014,47.86
mkd,sex_m,eco_isic4_r,edu_isced11_1,2015,38.97
mkd,sex_m,eco_isic4_r,edu_isced11_1,2016,46.05
mkd,sex_m,eco_isic4_r,edu_isced11_1,2017,44.24
mkd,sex_m,eco_isic4_r,edu_isced11_1,2018,37.79
mkd,sex_m,eco_isic4_r,edu_isced11_1,2019,41.04
mkd,sex_m,eco_isic4_r,edu_isced11_1,2020,40.84
mkd,sex_m,eco_isic4_r,edu_isced11_1,2022,33.01
mkd,sex_m,eco_isic4_r,edu_isced11_1,2024,31.86
mkd,sex_m,eco_isic4_r,edu_isced11_3,2011,39.68
mkd,sex_m,eco_isic4_r,edu_isced11_3,2012,40.19
mkd,sex_m,eco_isic4_r,edu_isced11_3,2013,38.06
mkd,sex_m,eco_isic4_r,edu_isced11_3,2014,34.41
mkd,sex_m,eco_isic4_r,edu_isced11_3,2015,40.29
mkd,sex_m,eco_isic4_r,edu_isced11_3,2016,39.28
mkd,sex_m,eco_isic4_r,edu_isced11_3,2017,40.86
mkd,sex_m,eco_isic4_r,edu_isced11_3,2018,39.56
mkd,sex_m,eco_isic4_r,edu_isced11_3,2019,41.28
mkd,sex_m,eco_isic4_r,edu_isced11_3,2020,39.63
mkd,sex_m,eco_isic4_r,edu_isced11_3,2021,40.36
mkd,sex_m,eco_isic4_r,edu_isced11_3,2022,40.32
mkd,sex_m,eco_isic4_r,edu_isced11_3,2024,39.26
mkd,sex_m,eco_isic4_r,edu_isced11_4,2024,38.61
mkd,sex_m,eco_isic4_r,edu_isced11_5,2011,42.53
mkd,sex_m,eco_isic4_r,edu_isced11_5,2012,37.48
mkd,sex_m,eco_isic4_r,edu_isced11_5,2019,38.08
mkd,sex_m,eco_isic4_r,edu_isced11_5,2020,36.15
mkd,sex_m,eco_isic4_r,edu_isced11_6,2011,35.61
mkd,sex_m,eco_isic4_r,edu_isced11_6,2012,38.82
mkd,sex_m,eco_isic4_r,edu_isced11_6,2013,39.25
mkd,sex_m,eco_isic4_r,edu_isced11_6,2014,39.05
mkd,sex_m,eco_isic4_r,edu_isced11_6,2015,38.51
mkd,sex_m,eco_isic4_r,edu_isced11_6,2016,37.66
mkd,sex_m,eco_isic4_r,edu_isced11_6,2017,38.01
mkd,sex_m,eco_isic4_r,edu_isced11_6,2018,39.44
mkd,sex_m,eco_isic4_r,edu_isced11_6,2019,39.91
mkd,sex_m,eco_isic4_r,edu_isced11_6,2020,37.56
mkd,sex_m,eco_isic4_r,edu_isced11_6,2021,38.94
mkd,sex_m,eco_isic4_r,edu_isced11_6,2022,39.58
mkd,sex_m,eco_isic4_r,edu_isced11_6,2024,36.3
mkd,sex_m,eco_isic4_r,edu_isced11_7,2024,38.25
mkd,sex_m,eco_isic4_r,edu_isced11_total,2011,38.51
mkd,sex_m,eco_isic4_r,edu_isced11_total,2012,39.1
mkd,sex_m,eco_isic4_r,edu_isced11_total,2013,39.19
mkd,sex_m,eco_isic4_r,edu_isced11_total,2014,37.38
mkd,sex_m,eco_isic4_r,edu_isced11_total,2015,39.67
mkd,sex_m,eco_isic4_r,edu_isced11_total,2016,39.14
mkd,sex_m,eco_isic4_r,edu_isced11_total,2017,40.24
mkd,sex_m,eco_isic4_r,edu_isced11_total,2018,39.36
mkd,sex_m,eco_isic4_r,edu_isced11_total,2019,41.09
mkd,sex_m,eco_isic4_r,edu_isced11_total,2020,39.31
mkd,sex_m,eco_isic4_r,edu_isced11_total,2021,39.98
mkd,sex_m,eco_isic4_r,edu_isced11_total,2022,39.7
mkd,sex_m,eco_isic4_r,edu_isced11_total,2024,37.81
mkd,sex_m,eco_isic4_s,edu_aggregate_adv,2011,39.94
mkd,sex_m,eco_isic4_s,edu_aggregate_adv,2012,35.28
mkd,sex_m,eco_isic4_s,edu_aggregate_adv,2013,46.87
mkd,sex_m,eco_isic4_s,edu_aggregate_adv,2014,41.07
mkd,sex_m,eco_isic4_s,edu_aggregate_adv,2015,40.62
mkd,sex_m,eco_isic4_s,edu_aggregate_adv,2016,39.71
mkd,sex_m,eco_isic4_s,edu_aggregate_adv,2017,43.56
mkd,sex_m,eco_isic4_s,edu_aggregate_adv,2018,41.47
mkd,sex_m,eco_isic4_s,edu_aggregate_adv,2019,41.08
mkd,sex_m,eco_isic4_s,edu_aggregate_adv,2020,40.55
mkd,sex_m,eco_isic4_s,edu_aggregate_adv,2021,40.63
mkd,sex_m,eco_isic4_s,edu_aggregate_adv,2022,39.2
mkd,sex_m,eco_isic4_s,edu_aggregate_adv,2024,39.38
mkd,sex_m,eco_isic4_s,edu_aggregate_bas,2011,41.94
mkd,sex_m,eco_isic4_s,edu_aggregate_bas,2012,40.24
mkd,sex_m,eco_isic4_s,edu_aggregate_bas,2013,38.75
mkd,sex_m,eco_isic4_s,edu_aggregate_bas,2014,34.4
mkd,sex_m,eco_isic4_s,edu_aggregate_bas,2015,41.9
mkd,sex_m,eco_isic4_s,edu_aggregate_bas,2016,41.22
mkd,sex_m,eco_isic4_s,edu_aggregate_bas,2017,39.62
mkd,sex_m,eco_isic4_s,edu_aggregate_bas,2018,43.66
mkd,sex_m,eco_isic4_s,edu_aggregate_bas,2019,41.48
mkd,sex_m,eco_isic4_s,edu_aggregate_bas,2020,40.39
mkd,sex_m,eco_isic4_s,edu_aggregate_bas,2021,40.41
mkd,sex_m,eco_isic4_s,edu_aggregate_bas,2022,39.21
mkd,sex_m,eco_isic4_s,edu_aggregate_bas,2024,43.51
mkd,sex_m,eco_isic4_s,edu_aggregate_int,2011,41.25
mkd,sex_m,eco_isic4_s,edu_aggregate_int,2012,42.9
mkd,sex_m,eco_isic4_s,edu_aggregate_int,2013,44.7
mkd,sex_m,eco_isic4_s,edu_aggregate_int,2014,39.35
mkd,sex_m,eco_isic4_s,edu_aggregate_int,2015,40.39
mkd,sex_m,eco_isic4_s,edu_aggregate_int,2016,42.49
mkd,sex_m,eco_isic4_s,edu_aggregate_int,2017,41.23
mkd,sex_m,eco_isic4_s,edu_aggregate_int,2018,39.93
mkd,sex_m,eco_isic4_s,edu_aggregate_int,2019,40.5
mkd,sex_m,eco_isic4_s,edu_aggregate_int,2020,39.42
mkd,sex_m,eco_isic4_s,edu_aggregate_int,2021,39.83
mkd,sex_m,eco_isic4_s,edu_aggregate_int,2022,41.09
mkd,sex_m,eco_isic4_s,edu_aggregate_int,2024,39.82
mkd,sex_m,eco_isic4_s,edu_aggregate_ltb,2011,25.85
mkd,sex_m,eco_isic4_s,edu_aggregate_ltb,2012,39.67
mkd,sex_m,eco_isic4_s,edu_aggregate_ltb,2018,24.67
mkd,sex_m,eco_isic4_s,edu_aggregate_total,2011,40.75
mkd,sex_m,eco_isic4_s,edu_aggregate_total,2012,40.34
mkd,sex_m,eco_isic4_s,edu_aggregate_total,2013,44.74
mkd,sex_m,eco_isic4_s,edu_aggregate_total,2014,38.69
mkd,sex_m,eco_isic4_s,edu_aggregate_total,2015,40.69
mkd,sex_m,eco_isic4_s,edu_aggregate_total,2016,41.31
mkd,sex_m,eco_isic4_s,edu_aggregate_total,2017,41.88
mkd,sex_m,eco_isic4_s,edu_aggregate_total,2018,40.32
mkd,sex_m,eco_isic4_s,edu_aggregate_total,2019,40.89
mkd,sex_m,eco_isic4_s,edu_aggregate_total,2020,39.95
mkd,sex_m,eco_isic4_s,edu_aggregate_total,2021,40.1
mkd,sex_m,eco_isic4_s,edu_aggregate_total,2022,39.99
mkd,sex_m,eco_isic4_s,edu_aggregate_total,2024,40.2
mkd,sex_m,eco_isic4_s,edu_isced11_1,2011,41.87
mkd,sex_m,eco_isic4_s,edu_isced11_1,2012,41.16
mkd,sex_m,eco_isic4_s,edu_isced11_1,2013,38.75
mkd,sex_m,eco_isic4_s,edu_isced11_1,2014,34.4
mkd,sex_m,eco_isic4_s,edu_isced11_1,2015,41.9
mkd,sex_m,eco_isic4_s,edu_isced11_1,2016,41.22
mkd,sex_m,eco_isic4_s,edu_isced11_1,2017,39.62
mkd,sex_m,eco_isic4_s,edu_isced11_1,2018,43.66
mkd,sex_m,eco_isic4_s,edu_isced11_1,2019,41.48
mkd,sex_m,eco_isic4_s,edu_isced11_1,2020,40.39
mkd,sex_m,eco_isic4_s,edu_isced11_1,2021,40.41
mkd,sex_m,eco_isic4_s,edu_isced11_1,2022,39.21
mkd,sex_m,eco_isic4_s,edu_isced11_1,2024,43.51
mkd,sex_m,eco_isic4_s,edu_isced11_3,2011,41.25
mkd,sex_m,eco_isic4_s,edu_isced11_3,2012,42.9
mkd,sex_m,eco_isic4_s,edu_isced11_3,2013,44.7
mkd,sex_m,eco_isic4_s,edu_isced11_3,2014,39.35
mkd,sex_m,eco_isic4_s,edu_isced11_3,2015,40.39
mkd,sex_m,eco_isic4_s,edu_isced11_3,2016,42.49
mkd,sex_m,eco_isic4_s,edu_isced11_3,2017,41.23
mkd,sex_m,eco_isic4_s,edu_isced11_3,2018,39.93
mkd,sex_m,eco_isic4_s,edu_isced11_3,2019,40.5
mkd,sex_m,eco_isic4_s,edu_isced11_3,2020,39.42
mkd,sex_m,eco_isic4_s,edu_isced11_3,2021,39.82
mkd,sex_m,eco_isic4_s,edu_isced11_3,2022,41.17
mkd,sex_m,eco_isic4_s,edu_isced11_3,2024,38.77
mkd,sex_m,eco_isic4_s,edu_isced11_4,2024,43.31
mkd,sex_m,eco_isic4_s,edu_isced11_5,2022,36.26
mkd,sex_m,eco_isic4_s,edu_isced11_6,2011,39.61
mkd,sex_m,eco_isic4_s,edu_isced11_6,2012,34.75
mkd,sex_m,eco_isic4_s,edu_isced11_6,2013,49.59
mkd,sex_m,eco_isic4_s,edu_isced11_6,2014,39.72
mkd,sex_m,eco_isic4_s,edu_isced11_6,2015,40.9
mkd,sex_m,eco_isic4_s,edu_isced11_6,2016,39.45
mkd,sex_m,eco_isic4_s,edu_isced11_6,2017,42.66
mkd,sex_m,eco_isic4_s,edu_isced11_6,2018,41.67
mkd,sex_m,eco_isic4_s,edu_isced11_6,2019,42.11
mkd,sex_m,eco_isic4_s,edu_isced11_6,2020,40.85
mkd,sex_m,eco_isic4_s,edu_isced11_6,2021,40.88
mkd,sex_m,eco_isic4_s,edu_isced11_6,2022,39.92
mkd,sex_m,eco_isic4_s,edu_isced11_6,2024,41.15
mkd,sex_m,eco_isic4_s,edu_isced11_7,2015,40
mkd,sex_m,eco_isic4_s,edu_isced11_7,2016,41.97
mkd,sex_m,eco_isic4_s,edu_isced11_7,2017,47.87
mkd,sex_m,eco_isic4_s,edu_isced11_7,2020,40
mkd,sex_m,eco_isic4_s,edu_isced11_7,2021,40
mkd,sex_m,eco_isic4_s,edu_isced11_7,2024,39.09
mkd,sex_m,eco_isic4_s,edu_isced11_total,2011,40.75
mkd,sex_m,eco_isic4_s,edu_isced11_total,2012,40.34
mkd,sex_m,eco_isic4_s,edu_isced11_total,2013,44.74
mkd,sex_m,eco_isic4_s,edu_isced11_total,2014,38.69
mkd,sex_m,eco_isic4_s,edu_isced11_total,2015,40.69
mkd,sex_m,eco_isic4_s,edu_isced11_total,2016,41.31
mkd,sex_m,eco_isic4_s,edu_isced11_total,2017,41.88
mkd,sex_m,eco_isic4_s,edu_isced11_total,2018,40.32
mkd,sex_m,eco_isic4_s,edu_isced11_total,2019,40.89
mkd,sex_m,eco_isic4_s,edu_isced11_total,2020,39.95
mkd,sex_m,eco_isic4_s,edu_isced11_total,2021,40.1
mkd,sex_m,eco_isic4_s,edu_isced11_total,2022,39.99
mkd,sex_m,eco_isic4_s,edu_isced11_total,2024,40.2
mkd,sex_m,eco_isic4_s,edu_isced11_x,2012,40.94
mkd,sex_m,eco_isic4_t,edu_aggregate_bas,2016,19.2
mkd,sex_m,eco_isic4_t,edu_aggregate_bas,2019,26.09
mkd,sex_m,eco_isic4_t,edu_aggregate_bas,2022,23.39
mkd,sex_m,eco_isic4_t,edu_aggregate_total,2012,20.11
mkd,sex_m,eco_isic4_t,edu_aggregate_total,2016,23.68
mkd,sex_m,eco_isic4_t,edu_aggregate_total,2017,26.46
mkd,sex_m,eco_isic4_t,edu_aggregate_total,2019,28.94
mkd,sex_m,eco_isic4_t,edu_aggregate_total,2022,24
mkd,sex_m,eco_isic4_t,edu_isced11_1,2016,19.2
mkd,sex_m,eco_isic4_t,edu_isced11_1,2019,26.09
mkd,sex_m,eco_isic4_t,edu_isced11_1,2022,23.39
mkd,sex_m,eco_isic4_t,edu_isced11_total,2012,20.11
mkd,sex_m,eco_isic4_t,edu_isced11_total,2016,23.68
mkd,sex_m,eco_isic4_t,edu_isced11_total,2017,26.46
mkd,sex_m,eco_isic4_t,edu_isced11_total,2019,28.94
mkd,sex_m,eco_isic4_t,edu_isced11_total,2022,24
mkd,sex_m,eco_isic4_total,edu_aggregate_adv,2011,39.94
mkd,sex_m,eco_isic4_total,edu_aggregate_adv,2012,40.26
mkd,sex_m,eco_isic4_total,edu_aggregate_adv,2013,40.56
mkd,sex_m,eco_isic4_total,edu_aggregate_adv,2014,40.62
mkd,sex_m,eco_isic4_total,edu_aggregate_adv,2015,40.03
mkd,sex_m,eco_isic4_total,edu_aggregate_adv,2016,40.03
mkd,sex_m,eco_isic4_total,edu_aggregate_adv,2017,40.75
mkd,sex_m,eco_isic4_total,edu_aggregate_adv,2018,40.26
mkd,sex_m,eco_isic4_total,edu_aggregate_adv,2019,39.73
mkd,sex_m,eco_isic4_total,edu_aggregate_adv,2020,38.69
mkd,sex_m,eco_isic4_total,edu_aggregate_adv,2021,39.59
mkd,sex_m,eco_isic4_total,edu_aggregate_adv,2022,39.45
mkd,sex_m,eco_isic4_total,edu_aggregate_adv,2024,38.67
mkd,sex_m,eco_isic4_total,edu_aggregate_bas,2011,42.33
mkd,sex_m,eco_isic4_total,edu_aggregate_bas,2012,43.43
mkd,sex_m,eco_isic4_total,edu_aggregate_bas,2013,43.17
mkd,sex_m,eco_isic4_total,edu_aggregate_bas,2014,42.85
mkd,sex_m,eco_isic4_total,edu_aggregate_bas,2015,42.8
mkd,sex_m,eco_isic4_total,edu_aggregate_bas,2016,42.41
mkd,sex_m,eco_isic4_total,edu_aggregate_bas,2017,43.72
mkd,sex_m,eco_isic4_total,edu_aggregate_bas,2018,42.98
mkd,sex_m,eco_isic4_total,edu_aggregate_bas,2019,41.76
mkd,sex_m,eco_isic4_total,edu_aggregate_bas,2020,39.94
mkd,sex_m,eco_isic4_total,edu_aggregate_bas,2021,41.46
mkd,sex_m,eco_isic4_total,edu_aggregate_bas,2022,40
mkd,sex_m,eco_isic4_total,edu_aggregate_bas,2024,40.9
mkd,sex_m,eco_isic4_total,edu_aggregate_int,2011,42.22
mkd,sex_m,eco_isic4_total,edu_aggregate_int,2012,42.24
mkd,sex_m,eco_isic4_total,edu_aggregate_int,2013,42.36
mkd,sex_m,eco_isic4_total,edu_aggregate_int,2014,41.77
mkd,sex_m,eco_isic4_total,edu_aggregate_int,2015,41.78
mkd,sex_m,eco_isic4_total,edu_aggregate_int,2016,42.21
mkd,sex_m,eco_isic4_total,edu_aggregate_int,2017,42.65
mkd,sex_m,eco_isic4_total,edu_aggregate_int,2018,42.16
mkd,sex_m,eco_isic4_total,edu_aggregate_int,2019,41.32
mkd,sex_m,eco_isic4_total,edu_aggregate_int,2020,39.45
mkd,sex_m,eco_isic4_total,edu_aggregate_int,2021,40.45
mkd,sex_m,eco_isic4_total,edu_aggregate_int,2022,40.23
mkd,sex_m,eco_isic4_total,edu_aggregate_int,2024,39.54
mkd,sex_m,eco_isic4_total,edu_aggregate_ltb,2011,39.13
mkd,sex_m,eco_isic4_total,edu_aggregate_ltb,2012,39.6
mkd,sex_m,eco_isic4_total,edu_aggregate_ltb,2013,42.41
mkd,sex_m,eco_isic4_total,edu_aggregate_ltb,2014,43.54
mkd,sex_m,eco_isic4_total,edu_aggregate_ltb,2015,42.34
mkd,sex_m,eco_isic4_total,edu_aggregate_ltb,2016,40.9
mkd,sex_m,eco_isic4_total,edu_aggregate_ltb,2017,42.23
mkd,sex_m,eco_isic4_total,edu_aggregate_ltb,2018,41.51
mkd,sex_m,eco_isic4_total,edu_aggregate_ltb,2019,38.79
mkd,sex_m,eco_isic4_total,edu_aggregate_ltb,2020,37.04
mkd,sex_m,eco_isic4_total,edu_aggregate_ltb,2021,36.98
mkd,sex_m,eco_isic4_total,edu_aggregate_ltb,2022,38.99
mkd,sex_m,eco_isic4_total,edu_aggregate_ltb,2024,37.4
mkd,sex_m,eco_isic4_total,edu_aggregate_total,2011,41.69
mkd,sex_m,eco_isic4_total,edu_aggregate_total,2012,42
mkd,sex_m,eco_isic4_total,edu_aggregate_total,2013,42.21
mkd,sex_m,eco_isic4_total,edu_aggregate_total,2014,41.84
mkd,sex_m,eco_isic4_total,edu_aggregate_total,2015,41.67
mkd,sex_m,eco_isic4_total,edu_aggregate_total,2016,41.77
mkd,sex_m,eco_isic4_total,edu_aggregate_total,2017,42.43
mkd,sex_m,eco_isic4_total,edu_aggregate_total,2018,41.91
mkd,sex_m,eco_isic4_total,edu_aggregate_total,2019,41.02
mkd,sex_m,eco_isic4_total,edu_aggregate_total,2020,39.32
mkd,sex_m,eco_isic4_total,edu_aggregate_total,2021,40.37
mkd,sex_m,eco_isic4_total,edu_aggregate_total,2022,39.99
mkd,sex_m,eco_isic4_total,edu_aggregate_total,2024,39.49
mkd,sex_m,eco_isic4_total,edu_isced11_0,2011,39.27
mkd,sex_m,eco_isic4_total,edu_isced11_0,2012,39.05
mkd,sex_m,eco_isic4_total,edu_isced11_0,2013,43.75
mkd,sex_m,eco_isic4_total,edu_isced11_0,2014,42.63
mkd,sex_m,eco_isic4_total,edu_isced11_0,2015,42.73
mkd,sex_m,eco_isic4_total,edu_isced11_0,2016,41.77
mkd,sex_m,eco_isic4_total,edu_isced11_0,2017,42.8
mkd,sex_m,eco_isic4_total,edu_isced11_0,2018,43.24
mkd,sex_m,eco_isic4_total,edu_isced11_0,2019,38.19
mkd,sex_m,eco_isic4_total,edu_isced11_0,2020,37.38
mkd,sex_m,eco_isic4_total,edu_isced11_0,2021,37.4
mkd,sex_m,eco_isic4_total,edu_isced11_0,2022,38.51
mkd,sex_m,eco_isic4_total,edu_isced11_0,2024,36.7
mkd,sex_m,eco_isic4_total,edu_isced11_1,2011,42.48
mkd,sex_m,eco_isic4_total,edu_isced11_1,2012,43.45
mkd,sex_m,eco_isic4_total,edu_isced11_1,2013,43.26
mkd,sex_m,eco_isic4_total,edu_isced11_1,2014,42.85
mkd,sex_m,eco_isic4_total,edu_isced11_1,2015,42.78
mkd,sex_m,eco_isic4_total,edu_isced11_1,2016,42.44
mkd,sex_m,eco_isic4_total,edu_isced11_1,2017,43.71
mkd,sex_m,eco_isic4_total,edu_isced11_1,2018,42.95
mkd,sex_m,eco_isic4_total,edu_isced11_1,2019,41.76
mkd,sex_m,eco_isic4_total,edu_isced11_1,2020,39.96
mkd,sex_m,eco_isic4_total,edu_isced11_1,2021,41.46
mkd,sex_m,eco_isic4_total,edu_isced11_1,2022,40.01
mkd,sex_m,eco_isic4_total,edu_isced11_1,2024,40.92
mkd,sex_m,eco_isic4_total,edu_isced11_2,2011,34.58
mkd,sex_m,eco_isic4_total,edu_isced11_2,2012,42.16
mkd,sex_m,eco_isic4_total,edu_isced11_2,2013,36.3
mkd,sex_m,eco_isic4_total,edu_isced11_2,2014,43.14
mkd,sex_m,eco_isic4_total,edu_isced11_2,2015,45.13
mkd,sex_m,eco_isic4_total,edu_isced11_2,2016,40.97
mkd,sex_m,eco_isic4_total,edu_isced11_2,2017,44.76
mkd,sex_m,eco_isic4_total,edu_isced11_2,2018,44.65
mkd,sex_m,eco_isic4_total,edu_isced11_2,2019,41.92
mkd,sex_m,eco_isic4_total,edu_isced11_2,2020,36.1
mkd,sex_m,eco_isic4_total,edu_isced11_2,2021,40.25
mkd,sex_m,eco_isic4_total,edu_isced11_2,2024,37.24
mkd,sex_m,eco_isic4_total,edu_isced11_3,2011,42.22
mkd,sex_m,eco_isic4_total,edu_isced11_3,2012,42.24
mkd,sex_m,eco_isic4_total,edu_isced11_3,2013,42.36
mkd,sex_m,eco_isic4_total,edu_isced11_3,2014,41.77
mkd,sex_m,eco_isic4_total,edu_isced11_3,2015,41.78
mkd,sex_m,eco_isic4_total,edu_isced11_3,2016,42.21
mkd,sex_m,eco_isic4_total,edu_isced11_3,2017,42.65
mkd,sex_m,eco_isic4_total,edu_isced11_3,2018,42.16
mkd,sex_m,eco_isic4_total,edu_isced11_3,2019,41.32
mkd,sex_m,eco_isic4_total,edu_isced11_3,2020,39.46
mkd,sex_m,eco_isic4_total,edu_isced11_3,2021,40.46
mkd,sex_m,eco_isic4_total,edu_isced11_3,2022,40.23
mkd,sex_m,eco_isic4_total,edu_isced11_3,2024,39.37
mkd,sex_m,eco_isic4_total,edu_isced11_4,2020,37.87
mkd,sex_m,eco_isic4_total,edu_isced11_4,2021,39.03
mkd,sex_m,eco_isic4_total,edu_isced11_4,2022,40.21
mkd,sex_m,eco_isic4_total,edu_isced11_4,2024,40.24
mkd,sex_m,eco_isic4_total,edu_isced11_5,2011,41.1
mkd,sex_m,eco_isic4_total,edu_isced11_5,2012,41.15
mkd,sex_m,eco_isic4_total,edu_isced11_5,2013,40.47
mkd,sex_m,eco_isic4_total,edu_isced11_5,2014,40.7
mkd,sex_m,eco_isic4_total,edu_isced11_5,2015,40.92
mkd,sex_m,eco_isic4_total,edu_isced11_5,2016,41.12
mkd,sex_m,eco_isic4_total,edu_isced11_5,2017,42.01
mkd,sex_m,eco_isic4_total,edu_isced11_5,2018,40.84
mkd,sex_m,eco_isic4_total,edu_isced11_5,2019,40.43
mkd,sex_m,eco_isic4_total,edu_isced11_5,2020,39.08
mkd,sex_m,eco_isic4_total,edu_isced11_5,2021,40.18
mkd,sex_m,eco_isic4_total,edu_isced11_5,2022,40.13
mkd,sex_m,eco_isic4_total,edu_isced11_5,2024,36.95
mkd,sex_m,eco_isic4_total,edu_isced11_6,2011,39.79
mkd,sex_m,eco_isic4_total,edu_isced11_6,2012,40.17
mkd,sex_m,eco_isic4_total,edu_isced11_6,2013,40.65
mkd,sex_m,eco_isic4_total,edu_isced11_6,2014,40.65
mkd,sex_m,eco_isic4_total,edu_isced11_6,2015,39.98
mkd,sex_m,eco_isic4_total,edu_isced11_6,2016,39.94
mkd,sex_m,eco_isic4_total,edu_isced11_6,2017,40.63
mkd,sex_m,eco_isic4_total,edu_isced11_6,2018,40.21
mkd,sex_m,eco_isic4_total,edu_isced11_6,2019,39.6
mkd,sex_m,eco_isic4_total,edu_isced11_6,2020,38.73
mkd,sex_m,eco_isic4_total,edu_isced11_6,2021,39.56
mkd,sex_m,eco_isic4_total,edu_isced11_6,2022,39.45
mkd,sex_m,eco_isic4_total,edu_isced11_6,2024,38.69
mkd,sex_m,eco_isic4_total,edu_isced11_7,2011,39.26
mkd,sex_m,eco_isic4_total,edu_isced11_7,2012,39.19
mkd,sex_m,eco_isic4_total,edu_isced11_7,2013,40.05
mkd,sex_m,eco_isic4_total,edu_isced11_7,2014,40.32
mkd,sex_m,eco_isic4_total,edu_isced11_7,2015,39.48
mkd,sex_m,eco_isic4_total,edu_isced11_7,2016,39.63
mkd,sex_m,eco_isic4_total,edu_isced11_7,2017,40.89
mkd,sex_m,eco_isic4_total,edu_isced11_7,2018,40.2
mkd,sex_m,eco_isic4_total,edu_isced11_7,2019,40.3
mkd,sex_m,eco_isic4_total,edu_isced11_7,2020,37.89
mkd,sex_m,eco_isic4_total,edu_isced11_7,2021,39.52
mkd,sex_m,eco_isic4_total,edu_isced11_7,2022,39.06
mkd,sex_m,eco_isic4_total,edu_isced11_7,2024,39.25
mkd,sex_m,eco_isic4_total,edu_isced11_8,2011,38.65
mkd,sex_m,eco_isic4_total,edu_isced11_8,2012,41.41
mkd,sex_m,eco_isic4_total,edu_isced11_8,2013,38.84
mkd,sex_m,eco_isic4_total,edu_isced11_8,2014,39.87
mkd,sex_m,eco_isic4_total,edu_isced11_8,2015,37.27
mkd,sex_m,eco_isic4_total,edu_isced11_8,2016,40.34
mkd,sex_m,eco_isic4_total,edu_isced11_8,2017,39.92
mkd,sex_m,eco_isic4_total,edu_isced11_8,2018,39.52
mkd,sex_m,eco_isic4_total,edu_isced11_8,2019,39.37
mkd,sex_m,eco_isic4_total,edu_isced11_8,2020,38.84
mkd,sex_m,eco_isic4_total,edu_isced11_8,2021,39.09
mkd,sex_m,eco_isic4_total,edu_isced11_8,2022,38.65
mkd,sex_m,eco_isic4_total,edu_isced11_8,2024,38.31
mkd,sex_m,eco_isic4_total,edu_isced11_total,2011,41.69
mkd,sex_m,eco_isic4_total,edu_isced11_total,2012,42
mkd,sex_m,eco_isic4_total,edu_isced11_total,2013,42.21
mkd,sex_m,eco_isic4_total,edu_isced11_total,2014,41.84
mkd,sex_m,eco_isic4_total,edu_isced11_total,2015,41.67
mkd,sex_m,eco_isic4_total,edu_isced11_total,2016,41.77
mkd,sex_m,eco_isic4_total,edu_isced11_total,2017,42.43
mkd,sex_m,eco_isic4_total,edu_isced11_total,2018,41.91
mkd,sex_m,eco_isic4_total,edu_isced11_total,2019,41.02
mkd,sex_m,eco_isic4_total,edu_isced11_total,2020,39.32
mkd,sex_m,eco_isic4_total,edu_isced11_total,2021,40.37
mkd,sex_m,eco_isic4_total,edu_isced11_total,2022,39.99
mkd,sex_m,eco_isic4_total,edu_isced11_total,2024,39.49
mkd,sex_m,eco_isic4_total,edu_isced11_x,2011,38.11
mkd,sex_m,eco_isic4_total,edu_isced11_x,2012,42.32
mkd,sex_m,eco_isic4_total,edu_isced11_x,2013,38.45
mkd,sex_m,eco_isic4_total,edu_isced11_x,2014,47.6
mkd,sex_m,eco_isic4_total,edu_isced11_x,2015,38.48
mkd,sex_m,eco_isic4_total,edu_isced11_x,2016,38.36
mkd,sex_m,eco_isic4_total,edu_isced11_x,2017,39.8
mkd,sex_m,eco_isic4_total,edu_isced11_x,2018,36.24
mkd,sex_m,eco_isic4_total,edu_isced11_x,2019,40.09
mkd,sex_m,eco_isic4_total,edu_isced11_x,2020,35.95
mkd,sex_m,eco_isic4_total,edu_isced11_x,2021,35.4
mkd,sex_m,eco_isic4_total,edu_isced11_x,2022,40.96
mkd,sex_m,eco_isic4_total,edu_isced11_x,2024,38.46
mkd,sex_m,eco_isic4_u,edu_aggregate_adv,2011,38.61
mkd,sex_m,eco_isic4_u,edu_aggregate_adv,2015,40
mkd,sex_m,eco_isic4_u,edu_aggregate_adv,2016,40
mkd,sex_m,eco_isic4_u,edu_aggregate_adv,2018,40.21
mkd,sex_m,eco_isic4_u,edu_aggregate_adv,2019,40
mkd,sex_m,eco_isic4_u,edu_aggregate_adv,2020,37.91
mkd,sex_m,eco_isic4_u,edu_aggregate_adv,2021,39.61
mkd,sex_m,eco_isic4_u,edu_aggregate_adv,2022,37.83
mkd,sex_m,eco_isic4_u,edu_aggregate_int,2011,39.66
mkd,sex_m,eco_isic4_u,edu_aggregate_int,2018,38.57
mkd,sex_m,eco_isic4_u,edu_aggregate_total,2011,39.13
mkd,sex_m,eco_isic4_u,edu_aggregate_total,2012,39.56
mkd,sex_m,eco_isic4_u,edu_aggregate_total,2015,40
mkd,sex_m,eco_isic4_u,edu_aggregate_total,2016,40
mkd,sex_m,eco_isic4_u,edu_aggregate_total,2017,40
mkd,sex_m,eco_isic4_u,edu_aggregate_total,2018,39.58
mkd,sex_m,eco_isic4_u,edu_aggregate_total,2019,40
mkd,sex_m,eco_isic4_u,edu_aggregate_total,2020,38.34
mkd,sex_m,eco_isic4_u,edu_aggregate_total,2021,39.39
mkd,sex_m,eco_isic4_u,edu_aggregate_total,2022,38.28
mkd,sex_m,eco_isic4_u,edu_isced11_3,2011,39.66
mkd,sex_m,eco_isic4_u,edu_isced11_3,2018,38.57
mkd,sex_m,eco_isic4_u,edu_isced11_6,2016,40
mkd,sex_m,eco_isic4_u,edu_isced11_6,2018,40.66
mkd,sex_m,eco_isic4_u,edu_isced11_6,2019,40
mkd,sex_m,eco_isic4_u,edu_isced11_6,2020,37.19
mkd,sex_m,eco_isic4_u,edu_isced11_6,2021,39.55
mkd,sex_m,eco_isic4_u,edu_isced11_6,2022,37.26
mkd,sex_m,eco_isic4_u,edu_isced11_total,2011,39.13
mkd,sex_m,eco_isic4_u,edu_isced11_total,2012,39.56
mkd,sex_m,eco_isic4_u,edu_isced11_total,2015,40
mkd,sex_m,eco_isic4_u,edu_isced11_total,2016,40
mkd,sex_m,eco_isic4_u,edu_isced11_total,2017,40
mkd,sex_m,eco_isic4_u,edu_isced11_total,2018,39.58
mkd,sex_m,eco_isic4_u,edu_isced11_total,2019,40
mkd,sex_m,eco_isic4_u,edu_isced11_total,2020,38.34
mkd,sex_m,eco_isic4_u,edu_isced11_total,2021,39.39
mkd,sex_m,eco_isic4_u,edu_isced11_total,2022,38.28
mkd,sex_m,eco_sector_agr,edu_aggregate_adv,2006,40.84
mkd,sex_m,eco_sector_agr,edu_aggregate_adv,2007,39.79
mkd,sex_m,eco_sector_agr,edu_aggregate_adv,2008,40.33
mkd,sex_m,eco_sector_agr,edu_aggregate_adv,2009,41.3
mkd,sex_m,eco_sector_agr,edu_aggregate_adv,2010,40.67
mkd,sex_m,eco_sector_agr,edu_aggregate_adv,2011,38.21
mkd,sex_m,eco_sector_agr,edu_aggregate_adv,2012,38.12
mkd,sex_m,eco_sector_agr,edu_aggregate_adv,2013,43.4
mkd,sex_m,eco_sector_agr,edu_aggregate_adv,2014,41.95
mkd,sex_m,eco_sector_agr,edu_aggregate_adv,2015,44.14
mkd,sex_m,eco_sector_agr,edu_aggregate_adv,2016,41.17
mkd,sex_m,eco_sector_agr,edu_aggregate_adv,2017,40.63
mkd,sex_m,eco_sector_agr,edu_aggregate_adv,2018,39.48
mkd,sex_m,eco_sector_agr,edu_aggregate_adv,2019,36.03
mkd,sex_m,eco_sector_agr,edu_aggregate_adv,2020,38.03
mkd,sex_m,eco_sector_agr,edu_aggregate_adv,2021,37.68
mkd,sex_m,eco_sector_agr,edu_aggregate_adv,2022,39.16
mkd,sex_m,eco_sector_agr,edu_aggregate_adv,2024,38.16
mkd,sex_m,eco_sector_agr,edu_aggregate_bas,2006,43.09
mkd,sex_m,eco_sector_agr,edu_aggregate_bas,2007,41.47
mkd,sex_m,eco_sector_agr,edu_aggregate_bas,2008,41.31
mkd,sex_m,eco_sector_agr,edu_aggregate_bas,2009,38.38
mkd,sex_m,eco_sector_agr,edu_aggregate_bas,2010,37.45
mkd,sex_m,eco_sector_agr,edu_aggregate_bas,2011,38.94
mkd,sex_m,eco_sector_agr,edu_aggregate_bas,2012,41.9
mkd,sex_m,eco_sector_agr,edu_aggregate_bas,2013,42.6
mkd,sex_m,eco_sector_agr,edu_aggregate_bas,2014,43.49
mkd,sex_m,eco_sector_agr,edu_aggregate_bas,2015,44.25
mkd,sex_m,eco_sector_agr,edu_aggregate_bas,2016,41.51
mkd,sex_m,eco_sector_agr,edu_aggregate_bas,2017,44.08
mkd,sex_m,eco_sector_agr,edu_aggregate_bas,2018,44
mkd,sex_m,eco_sector_agr,edu_aggregate_bas,2019,40.75
mkd,sex_m,eco_sector_agr,edu_aggregate_bas,2020,37.88
mkd,sex_m,eco_sector_agr,edu_aggregate_bas,2021,41.01
mkd,sex_m,eco_sector_agr,edu_aggregate_bas,2022,38.54
mkd,sex_m,eco_sector_agr,edu_aggregate_bas,2024,42.56
mkd,sex_m,eco_sector_agr,edu_aggregate_int,2006,43.89
mkd,sex_m,eco_sector_agr,edu_aggregate_int,2007,40.48
mkd,sex_m,eco_sector_agr,edu_aggregate_int,2008,42.03
mkd,sex_m,eco_sector_agr,edu_aggregate_int,2009,40.85
mkd,sex_m,eco_sector_agr,edu_aggregate_int,2010,39.81
mkd,sex_m,eco_sector_agr,edu_aggregate_int,2011,39.24
mkd,sex_m,eco_sector_agr,edu_aggregate_int,2012,40.01
mkd,sex_m,eco_sector_agr,edu_aggregate_int,2013,43.7
mkd,sex_m,eco_sector_agr,edu_aggregate_int,2014,45.48
mkd,sex_m,eco_sector_agr,edu_aggregate_int,2015,44.16
mkd,sex_m,eco_sector_agr,edu_aggregate_int,2016,43.12
mkd,sex_m,eco_sector_agr,edu_aggregate_int,2017,44.14
mkd,sex_m,eco_sector_agr,edu_aggregate_int,2018,43.79
mkd,sex_m,eco_sector_agr,edu_aggregate_int,2019,41.85
mkd,sex_m,eco_sector_agr,edu_aggregate_int,2020,37.8
mkd,sex_m,eco_sector_agr,edu_aggregate_int,2021,38.62
mkd,sex_m,eco_sector_agr,edu_aggregate_int,2022,39.42
mkd,sex_m,eco_sector_agr,edu_aggregate_int,2024,38.96
mkd,sex_m,eco_sector_agr,edu_aggregate_ltb,2006,44.78
mkd,sex_m,eco_sector_agr,edu_aggregate_ltb,2007,43.29
mkd,sex_m,eco_sector_agr,edu_aggregate_ltb,2008,42.15
mkd,sex_m,eco_sector_agr,edu_aggregate_ltb,2009,37.86
mkd,sex_m,eco_sector_agr,edu_aggregate_ltb,2010,37.23
mkd,sex_m,eco_sector_agr,edu_aggregate_ltb,2011,39.11
mkd,sex_m,eco_sector_agr,edu_aggregate_ltb,2012,39.12
mkd,sex_m,eco_sector_agr,edu_aggregate_ltb,2013,44.85
mkd,sex_m,eco_sector_agr,edu_aggregate_ltb,2014,44.27
mkd,sex_m,eco_sector_agr,edu_aggregate_ltb,2015,44.4
mkd,sex_m,eco_sector_agr,edu_aggregate_ltb,2016,41.75
mkd,sex_m,eco_sector_agr,edu_aggregate_ltb,2017,43.1
mkd,sex_m,eco_sector_agr,edu_aggregate_ltb,2018,44.57
mkd,sex_m,eco_sector_agr,edu_aggregate_ltb,2019,39.52
mkd,sex_m,eco_sector_agr,edu_aggregate_ltb,2020,35.83
mkd,sex_m,eco_sector_agr,edu_aggregate_ltb,2021,35.56
mkd,sex_m,eco_sector_agr,edu_aggregate_ltb,2022,39.39
mkd,sex_m,eco_sector_agr,edu_aggregate_ltb,2024,36.05
mkd,sex_m,eco_sector_agr,edu_aggregate_total,2006,43.53
mkd,sex_m,eco_sector_agr,edu_aggregate_total,2007,41.37
mkd,sex_m,eco_sector_agr,edu_aggregate_total,2008,41.62
mkd,sex_m,eco_sector_agr,edu_aggregate_total,2009,39.19
mkd,sex_m,eco_sector_agr,edu_aggregate_total,2010,38.32
mkd,sex_m,eco_sector_agr,edu_aggregate_total,2011,39.03
mkd,sex_m,eco_sector_agr,edu_aggregate_total,2012,40.77
mkd,sex_m,eco_sector_agr,edu_aggregate_total,2013,43.25
mkd,sex_m,eco_sector_agr,edu_aggregate_total,2014,44.22
mkd,sex_m,eco_sector_agr,edu_aggregate_total,2015,44.22
mkd,sex_m,eco_sector_agr,edu_aggregate_total,2016,42.2
mkd,sex_m,eco_sector_agr,edu_aggregate_total,2017,43.85
mkd,sex_m,eco_sector_agr,edu_aggregate_total,2018,43.67
mkd,sex_m,eco_sector_agr,edu_aggregate_total,2019,40.9
mkd,sex_m,eco_sector_agr,edu_aggregate_total,2020,37.71
mkd,sex_m,eco_sector_agr,edu_aggregate_total,2021,39.33
mkd,sex_m,eco_sector_agr,edu_aggregate_total,2022,39.06
mkd,sex_m,eco_sector_agr,edu_aggregate_total,2024,39.57
mkd,sex_m,eco_sector_agr,edu_isced11_0,2006,45.49
mkd,sex_m,eco_sector_agr,edu_isced11_0,2007,44.77
mkd,sex_m,eco_sector_agr,edu_isced11_0,2008,42.5
mkd,sex_m,eco_sector_agr,edu_isced11_0,2009,37.66
mkd,sex_m,eco_sector_agr,edu_isced11_0,2010,36.51
mkd,sex_m,eco_sector_agr,edu_isced11_0,2011,39.13
mkd,sex_m,eco_sector_agr,edu_isced11_0,2012,38.78
mkd,sex_m,eco_sector_agr,edu_isced11_0,2013,44.77
mkd,sex_m,eco_sector_agr,edu_isced11_0,2014,43.14
mkd,sex_m,eco_sector_agr,edu_isced11_0,2015,44.52
mkd,sex_m,eco_sector_agr,edu_isced11_0,2016,41.98
mkd,sex_m,eco_sector_agr,edu_isced11_0,2017,43.31
mkd,sex_m,eco_sector_agr,edu_isced11_0,2018,44.32
mkd,sex_m,eco_sector_agr,edu_isced11_0,2019,38.67
mkd,sex_m,eco_sector_agr,edu_isced11_0,2020,35.67
mkd,sex_m,eco_sector_agr,edu_isced11_0,2021,36.88
mkd,sex_m,eco_sector_agr,edu_isced11_0,2022,39.11
mkd,sex_m,eco_sector_agr,edu_isced11_0,2024,36.18
mkd,sex_m,eco_sector_agr,edu_isced11_1,2006,43.03
mkd,sex_m,eco_sector_agr,edu_isced11_1,2007,41.66
mkd,sex_m,eco_sector_agr,edu_isced11_1,2008,41.31
mkd,sex_m,eco_sector_agr,edu_isced11_1,2009,38.25
mkd,sex_m,eco_sector_agr,edu_isced11_1,2010,37.41
mkd,sex_m,eco_sector_agr,edu_isced11_1,2011,39.18
mkd,sex_m,eco_sector_agr,edu_isced11_1,2012,41.86
mkd,sex_m,eco_sector_agr,edu_isced11_1,2013,42.58
mkd,sex_m,eco_sector_agr,edu_isced11_1,2014,43.51
mkd,sex_m,eco_sector_agr,edu_isced11_1,2015,44.22
mkd,sex_m,eco_sector_agr,edu_isced11_1,2016,41.44
mkd,sex_m,eco_sector_agr,edu_isced11_1,2017,44.05
mkd,sex_m,eco_sector_agr,edu_isced11_1,2018,43.95
mkd,sex_m,eco_sector_agr,edu_isced11_1,2019,40.75
mkd,sex_m,eco_sector_agr,edu_isced11_1,2020,37.93
mkd,sex_m,eco_sector_agr,edu_isced11_1,2021,41.01
mkd,sex_m,eco_sector_agr,edu_isced11_1,2022,38.57
mkd,sex_m,eco_sector_agr,edu_isced11_1,2024,42.56
mkd,sex_m,eco_sector_agr,edu_isced11_2,2006,46.28
mkd,sex_m,eco_sector_agr,edu_isced11_2,2007,33.08
mkd,sex_m,eco_sector_agr,edu_isced11_2,2008,41.15
mkd,sex_m,eco_sector_agr,edu_isced11_2,2009,44.01
mkd,sex_m,eco_sector_agr,edu_isced11_2,2010,40.49
mkd,sex_m,eco_sector_agr,edu_isced11_2,2011,27.93
mkd,sex_m,eco_sector_agr,edu_isced11_2,2012,44.73
mkd,sex_m,eco_sector_agr,edu_isced11_2,2014,39.9
mkd,sex_m,eco_sector_agr,edu_isced11_2,2015,48.28
mkd,sex_m,eco_sector_agr,edu_isced11_2,2016,47.37
mkd,sex_m,eco_sector_agr,edu_isced11_2,2017,46.51
mkd,sex_m,eco_sector_agr,edu_isced11_2,2018,48.72
mkd,sex_m,eco_sector_agr,edu_isced11_2,2020,30.04
mkd,sex_m,eco_sector_agr,edu_isced11_3,2006,43.89
mkd,sex_m,eco_sector_agr,edu_isced11_3,2007,40.48
mkd,sex_m,eco_sector_agr,edu_isced11_3,2008,42.03
mkd,sex_m,eco_sector_agr,edu_isced11_3,2009,40.85
mkd,sex_m,eco_sector_agr,edu_isced11_3,2010,39.81
mkd,sex_m,eco_sector_agr,edu_isced11_3,2011,39.24
mkd,sex_m,eco_sector_agr,edu_isced11_3,2012,40.01
mkd,sex_m,eco_sector_agr,edu_isced11_3,2013,43.7
mkd,sex_m,eco_sector_agr,edu_isced11_3,2014,45.48
mkd,sex_m,eco_sector_agr,edu_isced11_3,2015,44.16
mkd,sex_m,eco_sector_agr,edu_isced11_3,2016,43.12
mkd,sex_m,eco_sector_agr,edu_isced11_3,2017,44.14
mkd,sex_m,eco_sector_agr,edu_isced11_3,2018,43.79
mkd,sex_m,eco_sector_agr,edu_isced11_3,2019,41.85
mkd,sex_m,eco_sector_agr,edu_isced11_3,2020,37.8
mkd,sex_m,eco_sector_agr,edu_isced11_3,2021,38.67
mkd,sex_m,eco_sector_agr,edu_isced11_3,2022,39.42
mkd,sex_m,eco_sector_agr,edu_isced11_3,2024,39.01
mkd,sex_m,eco_sector_agr,edu_isced11_4,2024,38.64
mkd,sex_m,eco_sector_agr,edu_isced11_5,2006,38.02
mkd,sex_m,eco_sector_agr,edu_isced11_5,2007,40.65
mkd,sex_m,eco_sector_agr,edu_isced11_5,2008,41.67
mkd,sex_m,eco_sector_agr,edu_isced11_5,2009,44.19
mkd,sex_m,eco_sector_agr,edu_isced11_5,2010,36.89
mkd,sex_m,eco_sector_agr,edu_isced11_5,2011,38.15
mkd,sex_m,eco_sector_agr,edu_isced11_5,2012,40.68
mkd,sex_m,eco_sector_agr,edu_isced11_5,2013,43.89
mkd,sex_m,eco_sector_agr,edu_isced11_5,2014,37.36
mkd,sex_m,eco_sector_agr,edu_isced11_5,2015,43.45
mkd,sex_m,eco_sector_agr,edu_isced11_5,2016,45.27
mkd,sex_m,eco_sector_agr,edu_isced11_5,2017,43.15
mkd,sex_m,eco_sector_agr,edu_isced11_5,2018,40.98
mkd,sex_m,eco_sector_agr,edu_isced11_5,2019,39.79
mkd,sex_m,eco_sector_agr,edu_isced11_5,2020,42.15
mkd,sex_m,eco_sector_agr,edu_isced11_5,2021,38.35
mkd,sex_m,eco_sector_agr,edu_isced11_5,2022,39.05
mkd,sex_m,eco_sector_agr,edu_isced11_5,2024,36.47
mkd,sex_m,eco_sector_agr,edu_isced11_6,2006,41.68
mkd,sex_m,eco_sector_agr,edu_isced11_6,2007,39.1
mkd,sex_m,eco_sector_agr,edu_isced11_6,2008,39.77
mkd,sex_m,eco_sector_agr,edu_isced11_6,2009,39.69
mkd,sex_m,eco_sector_agr,edu_isced11_6,2010,42.82
mkd,sex_m,eco_sector_agr,edu_isced11_6,2011,38.23
mkd,sex_m,eco_sector_agr,edu_isced11_6,2012,38.01
mkd,sex_m,eco_sector_agr,edu_isced11_6,2013,42.98
mkd,sex_m,eco_sector_agr,edu_isced11_6,2014,44.09
mkd,sex_m,eco_sector_agr,edu_isced11_6,2015,44.2
mkd,sex_m,eco_sector_agr,edu_isced11_6,2016,39.94
mkd,sex_m,eco_sector_agr,edu_isced11_6,2017,39.98
mkd,sex_m,eco_sector_agr,edu_isced11_6,2018,39.12
mkd,sex_m,eco_sector_agr,edu_isced11_6,2019,35.04
mkd,sex_m,eco_sector_agr,edu_isced11_6,2020,37.12
mkd,sex_m,eco_sector_agr,edu_isced11_6,2021,37.43
mkd,sex_m,eco_sector_agr,edu_isced11_6,2022,39.2
mkd,sex_m,eco_sector_agr,edu_isced11_6,2024,38.79
mkd,sex_m,eco_sector_agr,edu_isced11_total,2006,43.53
mkd,sex_m,eco_sector_agr,edu_isced11_total,2007,41.37
mkd,sex_m,eco_sector_agr,edu_isced11_total,2008,41.62
mkd,sex_m,eco_sector_agr,edu_isced11_total,2009,39.19
mkd,sex_m,eco_sector_agr,edu_isced11_total,2010,38.32
mkd,sex_m,eco_sector_agr,edu_isced11_total,2011,39.03
mkd,sex_m,eco_sector_agr,edu_isced11_total,2012,40.77
mkd,sex_m,eco_sector_agr,edu_isced11_total,2013,43.25
mkd,sex_m,eco_sector_agr,edu_isced11_total,2014,44.22
mkd,sex_m,eco_sector_agr,edu_isced11_total,2015,44.22
mkd,sex_m,eco_sector_agr,edu_isced11_total,2016,42.2
mkd,sex_m,eco_sector_agr,edu_isced11_total,2017,43.85
mkd,sex_m,eco_sector_agr,edu_isced11_total,2018,43.67
mkd,sex_m,eco_sector_agr,edu_isced11_total,2019,40.9
mkd,sex_m,eco_sector_agr,edu_isced11_total,2020,37.71
mkd,sex_m,eco_sector_agr,edu_isced11_total,2021,39.33
mkd,sex_m,eco_sector_agr,edu_isced11_total,2022,39.06
mkd,sex_m,eco_sector_agr,edu_isced11_total,2024,39.57
mkd,sex_m,eco_sector_agr,edu_isced11_x,2006,39.46
mkd,sex_m,eco_sector_agr,edu_isced11_x,2007,38.62
mkd,sex_m,eco_sector_agr,edu_isced11_x,2008,38.42
mkd,sex_m,eco_sector_agr,edu_isced11_x,2009,40.16
mkd,sex_m,eco_sector_agr,edu_isced11_x,2010,42.55
mkd,sex_m,eco_sector_agr,edu_isced11_x,2011,38.81
mkd,sex_m,eco_sector_agr,edu_isced11_x,2012,41.25
mkd,sex_m,eco_sector_agr,edu_isced11_x,2013,45.21
mkd,sex_m,eco_sector_agr,edu_isced11_x,2014,58.64
mkd,sex_m,eco_sector_agr,edu_isced11_x,2015,42.3
mkd,sex_m,eco_sector_agr,edu_isced11_x,2016,40.52
mkd,sex_m,eco_sector_agr,edu_isced11_x,2017,41.52
mkd,sex_m,eco_sector_agr,edu_isced11_x,2018,46.72
mkd,sex_m,eco_sector_agr,edu_isced11_x,2019,44.13
mkd,sex_m,eco_sector_agr,edu_isced11_x,2020,36.29
mkd,sex_m,eco_sector_agr,edu_isced11_x,2021,29.98
mkd,sex_m,eco_sector_agr,edu_isced11_x,2022,40.73
mkd,sex_m,eco_sector_agr,edu_isced11_x,2024,35.68
mkd,sex_m,eco_sector_ind,edu_aggregate_adv,2006,42.99
mkd,sex_m,eco_sector_ind,edu_aggregate_adv,2007,42.3
mkd,sex_m,eco_sector_ind,edu_aggregate_adv,2008,42.15
mkd,sex_m,eco_sector_ind,edu_aggregate_adv,2009,42.53
mkd,sex_m,eco_sector_ind,edu_aggregate_adv,2010,42.67
mkd,sex_m,eco_sector_ind,edu_aggregate_adv,2011,40.44
mkd,sex_m,eco_sector_ind,edu_aggregate_adv,2012,40.8
mkd,sex_m,eco_sector_ind,edu_aggregate_adv,2013,40.65
mkd,sex_m,eco_sector_ind,edu_aggregate_adv,2014,41.1
mkd,sex_m,eco_sector_ind,edu_aggregate_adv,2015,40.61
mkd,sex_m,eco_sector_ind,edu_aggregate_adv,2016,40.72
mkd,sex_m,eco_sector_ind,edu_aggregate_adv,2017,41.6
mkd,sex_m,eco_sector_ind,edu_aggregate_adv,2018,40.62
mkd,sex_m,eco_sector_ind,edu_aggregate_adv,2019,40.39
mkd,sex_m,eco_sector_ind,edu_aggregate_adv,2020,39.01
mkd,sex_m,eco_sector_ind,edu_aggregate_adv,2021,39.84
mkd,sex_m,eco_sector_ind,edu_aggregate_adv,2022,39.63
mkd,sex_m,eco_sector_ind,edu_aggregate_adv,2024,38.55
mkd,sex_m,eco_sector_ind,edu_aggregate_bas,2006,46.03
mkd,sex_m,eco_sector_ind,edu_aggregate_bas,2007,45.66
mkd,sex_m,eco_sector_ind,edu_aggregate_bas,2008,46.32
mkd,sex_m,eco_sector_ind,edu_aggregate_bas,2009,46.7
mkd,sex_m,eco_sector_ind,edu_aggregate_bas,2010,45.86
mkd,sex_m,eco_sector_ind,edu_aggregate_bas,2011,45.26
mkd,sex_m,eco_sector_ind,edu_aggregate_bas,2012,44.51
mkd,sex_m,eco_sector_ind,edu_aggregate_bas,2013,43.41
mkd,sex_m,eco_sector_ind,edu_aggregate_bas,2014,43.24
mkd,sex_m,eco_sector_ind,edu_aggregate_bas,2015,42.2
mkd,sex_m,eco_sector_ind,edu_aggregate_bas,2016,43.6
mkd,sex_m,eco_sector_ind,edu_aggregate_bas,2017,43.76
mkd,sex_m,eco_sector_ind,edu_aggregate_bas,2018,42.3
mkd,sex_m,eco_sector_ind,edu_aggregate_bas,2019,42.34
mkd,sex_m,eco_sector_ind,edu_aggregate_bas,2020,40.7
mkd,sex_m,eco_sector_ind,edu_aggregate_bas,2021,41.48
mkd,sex_m,eco_sector_ind,edu_aggregate_bas,2022,41.42
mkd,sex_m,eco_sector_ind,edu_aggregate_bas,2024,40.13
mkd,sex_m,eco_sector_ind,edu_aggregate_int,2006,43.84
mkd,sex_m,eco_sector_ind,edu_aggregate_int,2007,44.05
mkd,sex_m,eco_sector_ind,edu_aggregate_int,2008,43.64
mkd,sex_m,eco_sector_ind,edu_aggregate_int,2009,43.01
mkd,sex_m,eco_sector_ind,edu_aggregate_int,2010,43.44
mkd,sex_m,eco_sector_ind,edu_aggregate_int,2011,42.89
mkd,sex_m,eco_sector_ind,edu_aggregate_int,2012,42.32
mkd,sex_m,eco_sector_ind,edu_aggregate_int,2013,42.29
mkd,sex_m,eco_sector_ind,edu_aggregate_int,2014,41.49
mkd,sex_m,eco_sector_ind,edu_aggregate_int,2015,41.6
mkd,sex_m,eco_sector_ind,edu_aggregate_int,2016,42.11
mkd,sex_m,eco_sector_ind,edu_aggregate_int,2017,42.34
mkd,sex_m,eco_sector_ind,edu_aggregate_int,2018,41.88
mkd,sex_m,eco_sector_ind,edu_aggregate_int,2019,40.89
mkd,sex_m,eco_sector_ind,edu_aggregate_int,2020,39.6
mkd,sex_m,eco_sector_ind,edu_aggregate_int,2021,40.44
mkd,sex_m,eco_sector_ind,edu_aggregate_int,2022,40.11
mkd,sex_m,eco_sector_ind,edu_aggregate_int,2024,39.29
mkd,sex_m,eco_sector_ind,edu_aggregate_ltb,2006,41.85
mkd,sex_m,eco_sector_ind,edu_aggregate_ltb,2007,44.97
mkd,sex_m,eco_sector_ind,edu_aggregate_ltb,2008,46.09
mkd,sex_m,eco_sector_ind,edu_aggregate_ltb,2009,43.27
mkd,sex_m,eco_sector_ind,edu_aggregate_ltb,2010,44.11
mkd,sex_m,eco_sector_ind,edu_aggregate_ltb,2011,39.96
mkd,sex_m,eco_sector_ind,edu_aggregate_ltb,2012,39.69
mkd,sex_m,eco_sector_ind,edu_aggregate_ltb,2013,39.09
mkd,sex_m,eco_sector_ind,edu_aggregate_ltb,2014,42.67
mkd,sex_m,eco_sector_ind,edu_aggregate_ltb,2015,36.99
mkd,sex_m,eco_sector_ind,edu_aggregate_ltb,2016,38.32
mkd,sex_m,eco_sector_ind,edu_aggregate_ltb,2017,39.29
mkd,sex_m,eco_sector_ind,edu_aggregate_ltb,2018,38.24
mkd,sex_m,eco_sector_ind,edu_aggregate_ltb,2019,36.63
mkd,sex_m,eco_sector_ind,edu_aggregate_ltb,2020,36.94
mkd,sex_m,eco_sector_ind,edu_aggregate_ltb,2021,38.13
mkd,sex_m,eco_sector_ind,edu_aggregate_ltb,2022,39.85
mkd,sex_m,eco_sector_ind,edu_aggregate_ltb,2024,41.68
mkd,sex_m,eco_sector_ind,edu_aggregate_total,2006,44.34
mkd,sex_m,eco_sector_ind,edu_aggregate_total,2007,44.3
mkd,sex_m,eco_sector_ind,edu_aggregate_total,2008,44.26
mkd,sex_m,eco_sector_ind,edu_aggregate_total,2009,43.98
mkd,sex_m,eco_sector_ind,edu_aggregate_total,2010,43.92
mkd,sex_m,eco_sector_ind,edu_aggregate_total,2011,43.12
mkd,sex_m,eco_sector_ind,edu_aggregate_total,2012,42.59
mkd,sex_m,eco_sector_ind,edu_aggregate_total,2013,42.35
mkd,sex_m,eco_sector_ind,edu_aggregate_total,2014,41.87
mkd,sex_m,eco_sector_ind,edu_aggregate_total,2015,41.57
mkd,sex_m,eco_sector_ind,edu_aggregate_total,2016,42.19
mkd,sex_m,eco_sector_ind,edu_aggregate_total,2017,42.48
mkd,sex_m,eco_sector_ind,edu_aggregate_total,2018,41.76
mkd,sex_m,eco_sector_ind,edu_aggregate_total,2019,41.06
mkd,sex_m,eco_sector_ind,edu_aggregate_total,2020,39.71
mkd,sex_m,eco_sector_ind,edu_aggregate_total,2021,40.52
mkd,sex_m,eco_sector_ind,edu_aggregate_total,2022,40.26
mkd,sex_m,eco_sector_ind,edu_aggregate_total,2024,39.39
mkd,sex_m,eco_sector_ind,edu_isced11_0,2006,43.19
mkd,sex_m,eco_sector_ind,edu_isced11_0,2007,44.58
mkd,sex_m,eco_sector_ind,edu_isced11_0,2008,45.23
mkd,sex_m,eco_sector_ind,edu_isced11_0,2009,45.53
mkd,sex_m,eco_sector_ind,edu_isced11_0,2010,44.11
mkd,sex_m,eco_sector_ind,edu_isced11_0,2011,41.44
mkd,sex_m,eco_sector_ind,edu_isced11_0,2012,39.33
mkd,sex_m,eco_sector_ind,edu_isced11_0,2013,39.76
mkd,sex_m,eco_sector_ind,edu_isced11_0,2014,42.57
mkd,sex_m,eco_sector_ind,edu_isced11_0,2015,37.59
mkd,sex_m,eco_sector_ind,edu_isced11_0,2016,40.92
mkd,sex_m,eco_sector_ind,edu_isced11_0,2017,39.3
mkd,sex_m,eco_sector_ind,edu_isced11_0,2018,40.78
mkd,sex_m,eco_sector_ind,edu_isced11_0,2019,36.84
mkd,sex_m,eco_sector_ind,edu_isced11_0,2020,37.82
mkd,sex_m,eco_sector_ind,edu_isced11_0,2021,37.55
mkd,sex_m,eco_sector_ind,edu_isced11_0,2022,39.19
mkd,sex_m,eco_sector_ind,edu_isced11_0,2024,42.33
mkd,sex_m,eco_sector_ind,edu_isced11_1,2006,46.26
mkd,sex_m,eco_sector_ind,edu_isced11_1,2007,45.7
mkd,sex_m,eco_sector_ind,edu_isced11_1,2008,46.4
mkd,sex_m,eco_sector_ind,edu_isced11_1,2009,46.71
mkd,sex_m,eco_sector_ind,edu_isced11_1,2010,45.92
mkd,sex_m,eco_sector_ind,edu_isced11_1,2011,45.32
mkd,sex_m,eco_sector_ind,edu_isced11_1,2012,44.55
mkd,sex_m,eco_sector_ind,edu_isced11_1,2013,43.63
mkd,sex_m,eco_sector_ind,edu_isced11_1,2014,43.24
mkd,sex_m,eco_sector_ind,edu_isced11_1,2015,42.2
mkd,sex_m,eco_sector_ind,edu_isced11_1,2016,43.62
mkd,sex_m,eco_sector_ind,edu_isced11_1,2017,43.76
mkd,sex_m,eco_sector_ind,edu_isced11_1,2018,42.3
mkd,sex_m,eco_sector_ind,edu_isced11_1,2019,42.37
mkd,sex_m,eco_sector_ind,edu_isced11_1,2020,40.71
mkd,sex_m,eco_sector_ind,edu_isced11_1,2021,41.48
mkd,sex_m,eco_sector_ind,edu_isced11_1,2022,41.43
mkd,sex_m,eco_sector_ind,edu_isced11_1,2024,40.13
mkd,sex_m,eco_sector_ind,edu_isced11_2,2006,40.33
mkd,sex_m,eco_sector_ind,edu_isced11_2,2007,43.47
mkd,sex_m,eco_sector_ind,edu_isced11_2,2008,43.89
mkd,sex_m,eco_sector_ind,edu_isced11_2,2009,46.04
mkd,sex_m,eco_sector_ind,edu_isced11_2,2010,43.67
mkd,sex_m,eco_sector_ind,edu_isced11_2,2011,41.62
mkd,sex_m,eco_sector_ind,edu_isced11_2,2012,42.87
mkd,sex_m,eco_sector_ind,edu_isced11_2,2013,34.32
mkd,sex_m,eco_sector_ind,edu_isced11_2,2014,43.07
mkd,sex_m,eco_sector_ind,edu_isced11_2,2015,42.2
mkd,sex_m,eco_sector_ind,edu_isced11_2,2016,42.1
mkd,sex_m,eco_sector_ind,edu_isced11_2,2017,43.86
mkd,sex_m,eco_sector_ind,edu_isced11_2,2018,42.67
mkd,sex_m,eco_sector_ind,edu_isced11_2,2019,41.2
mkd,sex_m,eco_sector_ind,edu_isced11_2,2020,40
mkd,sex_m,eco_sector_ind,edu_isced11_3,2006,43.84
mkd,sex_m,eco_sector_ind,edu_isced11_3,2007,44.05
mkd,sex_m,eco_sector_ind,edu_isced11_3,2008,43.64
mkd,sex_m,eco_sector_ind,edu_isced11_3,2009,43.01
mkd,sex_m,eco_sector_ind,edu_isced11_3,2010,43.44
mkd,sex_m,eco_sector_ind,edu_isced11_3,2011,42.89
mkd,sex_m,eco_sector_ind,edu_isced11_3,2012,42.32
mkd,sex_m,eco_sector_ind,edu_isced11_3,2013,42.29
mkd,sex_m,eco_sector_ind,edu_isced11_3,2014,41.49
mkd,sex_m,eco_sector_ind,edu_isced11_3,2015,41.6
mkd,sex_m,eco_sector_ind,edu_isced11_3,2016,42.11
mkd,sex_m,eco_sector_ind,edu_isced11_3,2017,42.34
mkd,sex_m,eco_sector_ind,edu_isced11_3,2018,41.88
mkd,sex_m,eco_sector_ind,edu_isced11_3,2019,40.89
mkd,sex_m,eco_sector_ind,edu_isced11_3,2020,39.63
mkd,sex_m,eco_sector_ind,edu_isced11_3,2021,40.45
mkd,sex_m,eco_sector_ind,edu_isced11_3,2022,40.11
mkd,sex_m,eco_sector_ind,edu_isced11_3,2024,39.02
mkd,sex_m,eco_sector_ind,edu_isced11_4,2020,36.76
mkd,sex_m,eco_sector_ind,edu_isced11_4,2021,39.73
mkd,sex_m,eco_sector_ind,edu_isced11_4,2022,40.84
mkd,sex_m,eco_sector_ind,edu_isced11_4,2024,40.68
mkd,sex_m,eco_sector_ind,edu_isced11_5,2006,43.1
mkd,sex_m,eco_sector_ind,edu_isced11_5,2007,41.85
mkd,sex_m,eco_sector_ind,edu_isced11_5,2008,42.42
mkd,sex_m,eco_sector_ind,edu_isced11_5,2009,41.09
mkd,sex_m,eco_sector_ind,edu_isced11_5,2010,43.29
mkd,sex_m,eco_sector_ind,edu_isced11_5,2011,42.09
mkd,sex_m,eco_sector_ind,edu_isced11_5,2012,40.86
mkd,sex_m,eco_sector_ind,edu_isced11_5,2013,40.42
mkd,sex_m,eco_sector_ind,edu_isced11_5,2014,42.52
mkd,sex_m,eco_sector_ind,edu_isced11_5,2015,41.74
mkd,sex_m,eco_sector_ind,edu_isced11_5,2016,41.58
mkd,sex_m,eco_sector_ind,edu_isced11_5,2017,41.91
mkd,sex_m,eco_sector_ind,edu_isced11_5,2018,40
mkd,sex_m,eco_sector_ind,edu_isced11_5,2019,41.8
mkd,sex_m,eco_sector_ind,edu_isced11_5,2020,40.23
mkd,sex_m,eco_sector_ind,edu_isced11_5,2021,40.52
mkd,sex_m,eco_sector_ind,edu_isced11_5,2022,39.23
mkd,sex_m,eco_sector_ind,edu_isced11_5,2024,37.4
mkd,sex_m,eco_sector_ind,edu_isced11_6,2006,42.94
mkd,sex_m,eco_sector_ind,edu_isced11_6,2007,42.45
mkd,sex_m,eco_sector_ind,edu_isced11_6,2008,42.06
mkd,sex_m,eco_sector_ind,edu_isced11_6,2009,43.05
mkd,sex_m,eco_sector_ind,edu_isced11_6,2010,42.46
mkd,sex_m,eco_sector_ind,edu_isced11_6,2011,39.95
mkd,sex_m,eco_sector_ind,edu_isced11_6,2012,40.81
mkd,sex_m,eco_sector_ind,edu_isced11_6,2013,40.71
mkd,sex_m,eco_sector_ind,edu_isced11_6,2014,40.9
mkd,sex_m,eco_sector_ind,edu_isced11_6,2015,40.48
mkd,sex_m,eco_sector_ind,edu_isced11_6,2016,40.63
mkd,sex_m,eco_sector_ind,edu_isced11_6,2017,41.51
mkd,sex_m,eco_sector_ind,edu_isced11_6,2018,40.75
mkd,sex_m,eco_sector_ind,edu_isced11_6,2019,40.24
mkd,sex_m,eco_sector_ind,edu_isced11_6,2020,39.08
mkd,sex_m,eco_sector_ind,edu_isced11_6,2021,39.8
mkd,sex_m,eco_sector_ind,edu_isced11_6,2022,39.65
mkd,sex_m,eco_sector_ind,edu_isced11_6,2024,38.66
mkd,sex_m,eco_sector_ind,edu_isced11_7,2008,40.7
mkd,sex_m,eco_sector_ind,edu_isced11_7,2009,41.93
mkd,sex_m,eco_sector_ind,edu_isced11_7,2010,41
mkd,sex_m,eco_sector_ind,edu_isced11_7,2011,43.54
mkd,sex_m,eco_sector_ind,edu_isced11_7,2012,40.02
mkd,sex_m,eco_sector_ind,edu_isced11_7,2013,40.67
mkd,sex_m,eco_sector_ind,edu_isced11_7,2014,40.34
mkd,sex_m,eco_sector_ind,edu_isced11_7,2015,39.24
mkd,sex_m,eco_sector_ind,edu_isced11_7,2016,41.14
mkd,sex_m,eco_sector_ind,edu_isced11_7,2017,41.36
mkd,sex_m,eco_sector_ind,edu_isced11_7,2018,40.01
mkd,sex_m,eco_sector_ind,edu_isced11_7,2019,39.27
mkd,sex_m,eco_sector_ind,edu_isced11_7,2020,34.53
mkd,sex_m,eco_sector_ind,edu_isced11_7,2021,39.22
mkd,sex_m,eco_sector_ind,edu_isced11_7,2022,39.94
mkd,sex_m,eco_sector_ind,edu_isced11_7,2024,38.78
mkd,sex_m,eco_sector_ind,edu_isced11_8,2024,36.69
mkd,sex_m,eco_sector_ind,edu_isced11_total,2006,44.34
mkd,sex_m,eco_sector_ind,edu_isced11_total,2007,44.3
mkd,sex_m,eco_sector_ind,edu_isced11_total,2008,44.26
mkd,sex_m,eco_sector_ind,edu_isced11_total,2009,43.98
mkd,sex_m,eco_sector_ind,edu_isced11_total,2010,43.92
mkd,sex_m,eco_sector_ind,edu_isced11_total,2011,43.12
mkd,sex_m,eco_sector_ind,edu_isced11_total,2012,42.59
mkd,sex_m,eco_sector_ind,edu_isced11_total,2013,42.35
mkd,sex_m,eco_sector_ind,edu_isced11_total,2014,41.87
mkd,sex_m,eco_sector_ind,edu_isced11_total,2015,41.57
mkd,sex_m,eco_sector_ind,edu_isced11_total,2016,42.19
mkd,sex_m,eco_sector_ind,edu_isced11_total,2017,42.48
mkd,sex_m,eco_sector_ind,edu_isced11_total,2018,41.76
mkd,sex_m,eco_sector_ind,edu_isced11_total,2019,41.06
mkd,sex_m,eco_sector_ind,edu_isced11_total,2020,39.71
mkd,sex_m,eco_sector_ind,edu_isced11_total,2021,40.52
mkd,sex_m,eco_sector_ind,edu_isced11_total,2022,40.26
mkd,sex_m,eco_sector_ind,edu_isced11_total,2024,39.39
mkd,sex_m,eco_sector_ind,edu_isced11_x,2006,30.64
mkd,sex_m,eco_sector_ind,edu_isced11_x,2007,46.16
mkd,sex_m,eco_sector_ind,edu_isced11_x,2008,49.45
mkd,sex_m,eco_sector_ind,edu_isced11_x,2009,34.74
mkd,sex_m,eco_sector_ind,edu_isced11_x,2011,37.19
mkd,sex_m,eco_sector_ind,edu_isced11_x,2012,41.79
mkd,sex_m,eco_sector_ind,edu_isced11_x,2013,37.57
mkd,sex_m,eco_sector_ind,edu_isced11_x,2014,42.72
mkd,sex_m,eco_sector_ind,edu_isced11_x,2015,35.13
mkd,sex_m,eco_sector_ind,edu_isced11_x,2016,35.95
mkd,sex_m,eco_sector_ind,edu_isced11_x,2017,39.28
mkd,sex_m,eco_sector_ind,edu_isced11_x,2018,35.23
mkd,sex_m,eco_sector_ind,edu_isced11_x,2019,36.35
mkd,sex_m,eco_sector_ind,edu_isced11_x,2020,34.5
mkd,sex_m,eco_sector_ind,edu_isced11_x,2021,40.06
mkd,sex_m,eco_sector_ind,edu_isced11_x,2022,41.95
mkd,sex_m,eco_sector_ind,edu_isced11_x,2024,40.95
mkd,sex_m,eco_sector_nag,edu_aggregate_adv,2006,41.74
mkd,sex_m,eco_sector_nag,edu_aggregate_adv,2007,41.32
mkd,sex_m,eco_sector_nag,edu_aggregate_adv,2008,40.84
mkd,sex_m,eco_sector_nag,edu_aggregate_adv,2009,40.2
mkd,sex_m,eco_sector_nag,edu_aggregate_adv,2010,40.73
mkd,sex_m,eco_sector_nag,edu_aggregate_adv,2011,40.01
mkd,sex_m,eco_sector_nag,edu_aggregate_adv,2012,40.34
mkd,sex_m,eco_sector_nag,edu_aggregate_adv,2013,40.48
mkd,sex_m,eco_sector_nag,edu_aggregate_adv,2014,40.56
mkd,sex_m,eco_sector_nag,edu_aggregate_adv,2015,39.81
mkd,sex_m,eco_sector_nag,edu_aggregate_adv,2016,39.98
mkd,sex_m,eco_sector_nag,edu_aggregate_adv,2017,40.76
mkd,sex_m,eco_sector_nag,edu_aggregate_adv,2018,40.29
mkd,sex_m,eco_sector_nag,edu_aggregate_adv,2019,39.89
mkd,sex_m,eco_sector_nag,edu_aggregate_adv,2020,38.72
mkd,sex_m,eco_sector_nag,edu_aggregate_adv,2021,39.67
mkd,sex_m,eco_sector_nag,edu_aggregate_adv,2022,39.46
mkd,sex_m,eco_sector_nag,edu_aggregate_adv,2024,38.68
mkd,sex_m,eco_sector_nag,edu_aggregate_bas,2006,46.53
mkd,sex_m,eco_sector_nag,edu_aggregate_bas,2007,45.19
mkd,sex_m,eco_sector_nag,edu_aggregate_bas,2008,46.53
mkd,sex_m,eco_sector_nag,edu_aggregate_bas,2009,46.04
mkd,sex_m,eco_sector_nag,edu_aggregate_bas,2010,45.48
mkd,sex_m,eco_sector_nag,edu_aggregate_bas,2011,44.7
mkd,sex_m,eco_sector_nag,edu_aggregate_bas,2012,44.41
mkd,sex_m,eco_sector_nag,edu_aggregate_bas,2013,43.53
mkd,sex_m,eco_sector_nag,edu_aggregate_bas,2014,42.45
mkd,sex_m,eco_sector_nag,edu_aggregate_bas,2015,41.85
mkd,sex_m,eco_sector_nag,edu_aggregate_bas,2016,42.97
mkd,sex_m,eco_sector_nag,edu_aggregate_bas,2017,43.54
mkd,sex_m,eco_sector_nag,edu_aggregate_bas,2018,42.47
mkd,sex_m,eco_sector_nag,edu_aggregate_bas,2019,42.19
mkd,sex_m,eco_sector_nag,edu_aggregate_bas,2020,40.77
mkd,sex_m,eco_sector_nag,edu_aggregate_bas,2021,41.67
mkd,sex_m,eco_sector_nag,edu_aggregate_bas,2022,40.59
mkd,sex_m,eco_sector_nag,edu_aggregate_bas,2024,40.49
mkd,sex_m,eco_sector_nag,edu_aggregate_int,2006,44.38
mkd,sex_m,eco_sector_nag,edu_aggregate_int,2007,44.03
mkd,sex_m,eco_sector_nag,edu_aggregate_int,2008,43.92
mkd,sex_m,eco_sector_nag,edu_aggregate_int,2009,43.29
mkd,sex_m,eco_sector_nag,edu_aggregate_int,2010,43.35
mkd,sex_m,eco_sector_nag,edu_aggregate_int,2011,42.56
mkd,sex_m,eco_sector_nag,edu_aggregate_int,2012,42.48
mkd,sex_m,eco_sector_nag,edu_aggregate_int,2013,42.19
mkd,sex_m,eco_sector_nag,edu_aggregate_int,2014,41.29
mkd,sex_m,eco_sector_nag,edu_aggregate_int,2015,41.45
mkd,sex_m,eco_sector_nag,edu_aggregate_int,2016,42.08
mkd,sex_m,eco_sector_nag,edu_aggregate_int,2017,42.42
mkd,sex_m,eco_sector_nag,edu_aggregate_int,2018,41.95
mkd,sex_m,eco_sector_nag,edu_aggregate_int,2019,41.25
mkd,sex_m,eco_sector_nag,edu_aggregate_int,2020,39.63
mkd,sex_m,eco_sector_nag,edu_aggregate_int,2021,40.64
mkd,sex_m,eco_sector_nag,edu_aggregate_int,2022,40.3
mkd,sex_m,eco_sector_nag,edu_aggregate_int,2024,39.59
mkd,sex_m,eco_sector_nag,edu_aggregate_ltb,2006,41.08
mkd,sex_m,eco_sector_nag,edu_aggregate_ltb,2007,42.53
mkd,sex_m,eco_sector_nag,edu_aggregate_ltb,2008,43.61
mkd,sex_m,eco_sector_nag,edu_aggregate_ltb,2009,42.26
mkd,sex_m,eco_sector_nag,edu_aggregate_ltb,2010,42.69
mkd,sex_m,eco_sector_nag,edu_aggregate_ltb,2011,39.18
mkd,sex_m,eco_sector_nag,edu_aggregate_ltb,2012,41.2
mkd,sex_m,eco_sector_nag,edu_aggregate_ltb,2013,36.49
mkd,sex_m,eco_sector_nag,edu_aggregate_ltb,2014,41.19
mkd,sex_m,eco_sector_nag,edu_aggregate_ltb,2015,36.01
mkd,sex_m,eco_sector_nag,edu_aggregate_ltb,2016,39.09
mkd,sex_m,eco_sector_nag,edu_aggregate_ltb,2017,39.99
mkd,sex_m,eco_sector_nag,edu_aggregate_ltb,2018,36.9
mkd,sex_m,eco_sector_nag,edu_aggregate_ltb,2019,37.89
mkd,sex_m,eco_sector_nag,edu_aggregate_ltb,2020,38.82
mkd,sex_m,eco_sector_nag,edu_aggregate_ltb,2021,38.75
mkd,sex_m,eco_sector_nag,edu_aggregate_ltb,2022,38.45
mkd,sex_m,eco_sector_nag,edu_aggregate_ltb,2024,40.47
mkd,sex_m,eco_sector_nag,edu_aggregate_total,2006,44.28
mkd,sex_m,eco_sector_nag,edu_aggregate_total,2007,43.67
mkd,sex_m,eco_sector_nag,edu_aggregate_total,2008,43.85
mkd,sex_m,eco_sector_nag,edu_aggregate_total,2009,43.19
mkd,sex_m,eco_sector_nag,edu_aggregate_total,2010,43.12
mkd,sex_m,eco_sector_nag,edu_aggregate_total,2011,42.28
mkd,sex_m,eco_sector_nag,edu_aggregate_total,2012,42.24
mkd,sex_m,eco_sector_nag,edu_aggregate_total,2013,41.99
mkd,sex_m,eco_sector_nag,edu_aggregate_total,2014,41.33
mkd,sex_m,eco_sector_nag,edu_aggregate_total,2015,41.11
mkd,sex_m,eco_sector_nag,edu_aggregate_total,2016,41.68
mkd,sex_m,eco_sector_nag,edu_aggregate_total,2017,42.17
mkd,sex_m,eco_sector_nag,edu_aggregate_total,2018,41.61
mkd,sex_m,eco_sector_nag,edu_aggregate_total,2019,41.03
mkd,sex_m,eco_sector_nag,edu_aggregate_total,2020,39.55
mkd,sex_m,eco_sector_nag,edu_aggregate_total,2021,40.51
mkd,sex_m,eco_sector_nag,edu_aggregate_total,2022,40.1
mkd,sex_m,eco_sector_nag,edu_aggregate_total,2024,39.49
mkd,sex_m,eco_sector_nag,edu_isced11_0,2006,43
mkd,sex_m,eco_sector_nag,edu_isced11_0,2007,43.51
mkd,sex_m,eco_sector_nag,edu_isced11_0,2008,44.52
mkd,sex_m,eco_sector_nag,edu_isced11_0,2009,43.47
mkd,sex_m,eco_sector_nag,edu_isced11_0,2010,43.35
mkd,sex_m,eco_sector_nag,edu_isced11_0,2011,39.94
mkd,sex_m,eco_sector_nag,edu_isced11_0,2012,40.08
mkd,sex_m,eco_sector_nag,edu_isced11_0,2013,40.16
mkd,sex_m,eco_sector_nag,edu_isced11_0,2014,39.32
mkd,sex_m,eco_sector_nag,edu_isced11_0,2015,36.19
mkd,sex_m,eco_sector_nag,edu_isced11_0,2016,41.07
mkd,sex_m,eco_sector_nag,edu_isced11_0,2017,40.92
mkd,sex_m,eco_sector_nag,edu_isced11_0,2018,40.55
mkd,sex_m,eco_sector_nag,edu_isced11_0,2019,37.19
mkd,sex_m,eco_sector_nag,edu_isced11_0,2020,39.8
mkd,sex_m,eco_sector_nag,edu_isced11_0,2021,38.09
mkd,sex_m,eco_sector_nag,edu_isced11_0,2022,37.65
mkd,sex_m,eco_sector_nag,edu_isced11_0,2024,40.08
mkd,sex_m,eco_sector_nag,edu_isced11_1,2006,46.68
mkd,sex_m,eco_sector_nag,edu_isced11_1,2007,45.28
mkd,sex_m,eco_sector_nag,edu_isced11_1,2008,46.58
mkd,sex_m,eco_sector_nag,edu_isced11_1,2009,46.06
mkd,sex_m,eco_sector_nag,edu_isced11_1,2010,45.53
mkd,sex_m,eco_sector_nag,edu_isced11_1,2011,44.78
mkd,sex_m,eco_sector_nag,edu_isced11_1,2012,44.49
mkd,sex_m,eco_sector_nag,edu_isced11_1,2013,43.69
mkd,sex_m,eco_sector_nag,edu_isced11_1,2014,42.43
mkd,sex_m,eco_sector_nag,edu_isced11_1,2015,41.85
mkd,sex_m,eco_sector_nag,edu_isced11_1,2016,43.06
mkd,sex_m,eco_sector_nag,edu_isced11_1,2017,43.54
mkd,sex_m,eco_sector_nag,edu_isced11_1,2018,42.45
mkd,sex_m,eco_sector_nag,edu_isced11_1,2019,42.19
mkd,sex_m,eco_sector_nag,edu_isced11_1,2020,40.78
mkd,sex_m,eco_sector_nag,edu_isced11_1,2021,41.67
mkd,sex_m,eco_sector_nag,edu_isced11_1,2022,40.59
mkd,sex_m,eco_sector_nag,edu_isced11_1,2024,40.51
mkd,sex_m,eco_sector_nag,edu_isced11_2,2006,42.13
mkd,sex_m,eco_sector_nag,edu_isced11_2,2007,41.9
mkd,sex_m,eco_sector_nag,edu_isced11_2,2008,44.55
mkd,sex_m,eco_sector_nag,edu_isced11_2,2009,44.58
mkd,sex_m,eco_sector_nag,edu_isced11_2,2010,43.34
mkd,sex_m,eco_sector_nag,edu_isced11_2,2011,40.06
mkd,sex_m,eco_sector_nag,edu_isced11_2,2012,41.05
mkd,sex_m,eco_sector_nag,edu_isced11_2,2013,35.46
mkd,sex_m,eco_sector_nag,edu_isced11_2,2014,44.56
mkd,sex_m,eco_sector_nag,edu_isced11_2,2015,42.57
mkd,sex_m,eco_sector_nag,edu_isced11_2,2016,38.62
mkd,sex_m,eco_sector_nag,edu_isced11_2,2017,43.88
mkd,sex_m,eco_sector_nag,edu_isced11_2,2018,43.64
mkd,sex_m,eco_sector_nag,edu_isced11_2,2019,41.92
mkd,sex_m,eco_sector_nag,edu_isced11_2,2020,38.79
mkd,sex_m,eco_sector_nag,edu_isced11_2,2024,37.24
mkd,sex_m,eco_sector_nag,edu_isced11_3,2006,44.38
mkd,sex_m,eco_sector_nag,edu_isced11_3,2007,44.03
mkd,sex_m,eco_sector_nag,edu_isced11_3,2008,43.92
mkd,sex_m,eco_sector_nag,edu_isced11_3,2009,43.29
mkd,sex_m,eco_sector_nag,edu_isced11_3,2010,43.35
mkd,sex_m,eco_sector_nag,edu_isced11_3,2011,42.56
mkd,sex_m,eco_sector_nag,edu_isced11_3,2012,42.48
mkd,sex_m,eco_sector_nag,edu_isced11_3,2013,42.19
mkd,sex_m,eco_sector_nag,edu_isced11_3,2014,41.29
mkd,sex_m,eco_sector_nag,edu_isced11_3,2015,41.45
mkd,sex_m,eco_sector_nag,edu_isced11_3,2016,42.08
mkd,sex_m,eco_sector_nag,edu_isced11_3,2017,42.42
mkd,sex_m,eco_sector_nag,edu_isced11_3,2018,41.95
mkd,sex_m,eco_sector_nag,edu_isced11_3,2019,41.25
mkd,sex_m,eco_sector_nag,edu_isced11_3,2020,39.65
mkd,sex_m,eco_sector_nag,edu_isced11_3,2021,40.65
mkd,sex_m,eco_sector_nag,edu_isced11_3,2022,40.3
mkd,sex_m,eco_sector_nag,edu_isced11_3,2024,39.4
mkd,sex_m,eco_sector_nag,edu_isced11_4,2020,37.83
mkd,sex_m,eco_sector_nag,edu_isced11_4,2021,39.79
mkd,sex_m,eco_sector_nag,edu_isced11_4,2022,40.21
mkd,sex_m,eco_sector_nag,edu_isced11_4,2024,40.34
mkd,sex_m,eco_sector_nag,edu_isced11_5,2006,41.83
mkd,sex_m,eco_sector_nag,edu_isced11_5,2007,41.34
mkd,sex_m,eco_sector_nag,edu_isced11_5,2008,40.59
mkd,sex_m,eco_sector_nag,edu_isced11_5,2009,39.79
mkd,sex_m,eco_sector_nag,edu_isced11_5,2010,41.5
mkd,sex_m,eco_sector_nag,edu_isced11_5,2011,41.32
mkd,sex_m,eco_sector_nag,edu_isced11_5,2012,41.17
mkd,sex_m,eco_sector_nag,edu_isced11_5,2013,40.2
mkd,sex_m,eco_sector_nag,edu_isced11_5,2014,41.07
mkd,sex_m,eco_sector_nag,edu_isced11_5,2015,40.71
mkd,sex_m,eco_sector_nag,edu_isced11_5,2016,40.61
mkd,sex_m,eco_sector_nag,edu_isced11_5,2017,41.89
mkd,sex_m,eco_sector_nag,edu_isced11_5,2018,40.82
mkd,sex_m,eco_sector_nag,edu_isced11_5,2019,40.48
mkd,sex_m,eco_sector_nag,edu_isced11_5,2020,38.79
mkd,sex_m,eco_sector_nag,edu_isced11_5,2021,40.34
mkd,sex_m,eco_sector_nag,edu_isced11_5,2022,40.24
mkd,sex_m,eco_sector_nag,edu_isced11_5,2024,36.99
mkd,sex_m,eco_sector_nag,edu_isced11_6,2006,41.74
mkd,sex_m,eco_sector_nag,edu_isced11_6,2007,41.36
mkd,sex_m,eco_sector_nag,edu_isced11_6,2008,41.09
mkd,sex_m,eco_sector_nag,edu_isced11_6,2009,40.41
mkd,sex_m,eco_sector_nag,edu_isced11_6,2010,40.59
mkd,sex_m,eco_sector_nag,edu_isced11_6,2011,39.84
mkd,sex_m,eco_sector_nag,edu_isced11_6,2012,40.24
mkd,sex_m,eco_sector_nag,edu_isced11_6,2013,40.59
mkd,sex_m,eco_sector_nag,edu_isced11_6,2014,40.51
mkd,sex_m,eco_sector_nag,edu_isced11_6,2015,39.76
mkd,sex_m,eco_sector_nag,edu_isced11_6,2016,39.94
mkd,sex_m,eco_sector_nag,edu_isced11_6,2017,40.66
mkd,sex_m,eco_sector_nag,edu_isced11_6,2018,40.26
mkd,sex_m,eco_sector_nag,edu_isced11_6,2019,39.79
mkd,sex_m,eco_sector_nag,edu_isced11_6,2020,38.81
mkd,sex_m,eco_sector_nag,edu_isced11_6,2021,39.65
mkd,sex_m,eco_sector_nag,edu_isced11_6,2022,39.45
mkd,sex_m,eco_sector_nag,edu_isced11_6,2024,38.69
mkd,sex_m,eco_sector_nag,edu_isced11_7,2006,41.6
mkd,sex_m,eco_sector_nag,edu_isced11_7,2007,40.65
mkd,sex_m,eco_sector_nag,edu_isced11_7,2008,38.2
mkd,sex_m,eco_sector_nag,edu_isced11_7,2009,37.52
mkd,sex_m,eco_sector_nag,edu_isced11_7,2010,39.84
mkd,sex_m,eco_sector_nag,edu_isced11_7,2011,39.26
mkd,sex_m,eco_sector_nag,edu_isced11_7,2012,39.54
mkd,sex_m,eco_sector_nag,edu_isced11_7,2013,39.96
mkd,sex_m,eco_sector_nag,edu_isced11_7,2014,40.31
mkd,sex_m,eco_sector_nag,edu_isced11_7,2015,39.37
mkd,sex_m,eco_sector_nag,edu_isced11_7,2016,39.62
mkd,sex_m,eco_sector_nag,edu_isced11_7,2017,40.9
mkd,sex_m,eco_sector_nag,edu_isced11_7,2018,40.27
mkd,sex_m,eco_sector_nag,edu_isced11_7,2019,40.28
mkd,sex_m,eco_sector_nag,edu_isced11_7,2020,37.82
mkd,sex_m,eco_sector_nag,edu_isced11_7,2021,39.51
mkd,sex_m,eco_sector_nag,edu_isced11_7,2022,39.06
mkd,sex_m,eco_sector_nag,edu_isced11_7,2024,39.29
mkd,sex_m,eco_sector_nag,edu_isced11_8,2006,40.87
mkd,sex_m,eco_sector_nag,edu_isced11_8,2007,40.81
mkd,sex_m,eco_sector_nag,edu_isced11_8,2008,37.35
mkd,sex_m,eco_sector_nag,edu_isced11_8,2009,40.15
mkd,sex_m,eco_sector_nag,edu_isced11_8,2010,41.4
mkd,sex_m,eco_sector_nag,edu_isced11_8,2011,38.65
mkd,sex_m,eco_sector_nag,edu_isced11_8,2012,41.41
mkd,sex_m,eco_sector_nag,edu_isced11_8,2013,38.84
mkd,sex_m,eco_sector_nag,edu_isced11_8,2014,39.87
mkd,sex_m,eco_sector_nag,edu_isced11_8,2015,37.27
mkd,sex_m,eco_sector_nag,edu_isced11_8,2016,40.34
mkd,sex_m,eco_sector_nag,edu_isced11_8,2017,39.92
mkd,sex_m,eco_sector_nag,edu_isced11_8,2018,39.52
mkd,sex_m,eco_sector_nag,edu_isced11_8,2019,39.37
mkd,sex_m,eco_sector_nag,edu_isced11_8,2020,38.84
mkd,sex_m,eco_sector_nag,edu_isced11_8,2021,39.09
mkd,sex_m,eco_sector_nag,edu_isced11_8,2022,38.65
mkd,sex_m,eco_sector_nag,edu_isced11_8,2024,38.31
mkd,sex_m,eco_sector_nag,edu_isced11_total,2006,44.28
mkd,sex_m,eco_sector_nag,edu_isced11_total,2007,43.67
mkd,sex_m,eco_sector_nag,edu_isced11_total,2008,43.85
mkd,sex_m,eco_sector_nag,edu_isced11_total,2009,43.19
mkd,sex_m,eco_sector_nag,edu_isced11_total,2010,43.12
mkd,sex_m,eco_sector_nag,edu_isced11_total,2011,42.28
mkd,sex_m,eco_sector_nag,edu_isced11_total,2012,42.24
mkd,sex_m,eco_sector_nag,edu_isced11_total,2013,41.99
mkd,sex_m,eco_sector_nag,edu_isced11_total,2014,41.33
mkd,sex_m,eco_sector_nag,edu_isced11_total,2015,41.11
mkd,sex_m,eco_sector_nag,edu_isced11_total,2016,41.68
mkd,sex_m,eco_sector_nag,edu_isced11_total,2017,42.17
mkd,sex_m,eco_sector_nag,edu_isced11_total,2018,41.61
mkd,sex_m,eco_sector_nag,edu_isced11_total,2019,41.03
mkd,sex_m,eco_sector_nag,edu_isced11_total,2020,39.55
mkd,sex_m,eco_sector_nag,edu_isced11_total,2021,40.51
mkd,sex_m,eco_sector_nag,edu_isced11_total,2022,40.1
mkd,sex_m,eco_sector_nag,edu_isced11_total,2024,39.49
mkd,sex_m,eco_sector_nag,edu_isced11_x,2006,29.27
mkd,sex_m,eco_sector_nag,edu_isced11_x,2007,39.47
mkd,sex_m,eco_sector_nag,edu_isced11_x,2008,41.11
mkd,sex_m,eco_sector_nag,edu_isced11_x,2009,38.48
mkd,sex_m,eco_sector_nag,edu_isced11_x,2010,40.17
mkd,sex_m,eco_sector_nag,edu_isced11_x,2011,37.63
mkd,sex_m,eco_sector_nag,edu_isced11_x,2012,44.06
mkd,sex_m,eco_sector_nag,edu_isced11_x,2013,31.7
mkd,sex_m,eco_sector_nag,edu_isced11_x,2014,42.78
mkd,sex_m,eco_sector_nag,edu_isced11_x,2015,35.28
mkd,sex_m,eco_sector_nag,edu_isced11_x,2016,36.78
mkd,sex_m,eco_sector_nag,edu_isced11_x,2017,38.48
mkd,sex_m,eco_sector_nag,edu_isced11_x,2018,32.63
mkd,sex_m,eco_sector_nag,edu_isced11_x,2019,38.57
mkd,sex_m,eco_sector_nag,edu_isced11_x,2020,35.39
mkd,sex_m,eco_sector_nag,edu_isced11_x,2021,40.93
mkd,sex_m,eco_sector_nag,edu_isced11_x,2022,41.19
mkd,sex_m,eco_sector_nag,edu_isced11_x,2024,40.61
mkd,sex_m,eco_sector_ser,edu_aggregate_adv,2006,41.33
mkd,sex_m,eco_sector_ser,edu_aggregate_adv,2007,41.06
mkd,sex_m,eco_sector_ser,edu_aggregate_adv,2008,40.46
mkd,sex_m,eco_sector_ser,edu_aggregate_adv,2009,39.65
mkd,sex_m,eco_sector_ser,edu_aggregate_adv,2010,40.29
mkd,sex_m,eco_sector_ser,edu_aggregate_adv,2011,39.9
mkd,sex_m,eco_sector_ser,edu_aggregate_adv,2012,40.23
mkd,sex_m,eco_sector_ser,edu_aggregate_adv,2013,40.43
mkd,sex_m,eco_sector_ser,edu_aggregate_adv,2014,40.42
mkd,sex_m,eco_sector_ser,edu_aggregate_adv,2015,39.59
mkd,sex_m,eco_sector_ser,edu_aggregate_adv,2016,39.79
mkd,sex_m,eco_sector_ser,edu_aggregate_adv,2017,40.5
mkd,sex_m,eco_sector_ser,edu_aggregate_adv,2018,40.2
mkd,sex_m,eco_sector_ser,edu_aggregate_adv,2019,39.75
mkd,sex_m,eco_sector_ser,edu_aggregate_adv,2020,38.65
mkd,sex_m,eco_sector_ser,edu_aggregate_adv,2021,39.63
mkd,sex_m,eco_sector_ser,edu_aggregate_adv,2022,39.42
mkd,sex_m,eco_sector_ser,edu_aggregate_adv,2024,38.72
mkd,sex_m,eco_sector_ser,edu_aggregate_bas,2006,47.23
mkd,sex_m,eco_sector_ser,edu_aggregate_bas,2007,44.57
mkd,sex_m,eco_sector_ser,edu_aggregate_bas,2008,46.82
mkd,sex_m,eco_sector_ser,edu_aggregate_bas,2009,45.16
mkd,sex_m,eco_sector_ser,edu_aggregate_bas,2010,45.04
mkd,sex_m,eco_sector_ser,edu_aggregate_bas,2011,43.9
mkd,sex_m,eco_sector_ser,edu_aggregate_bas,2012,44.27
mkd,sex_m,eco_sector_ser,edu_aggregate_bas,2013,43.71
mkd,sex_m,eco_sector_ser,edu_aggregate_bas,2014,41.46
mkd,sex_m,eco_sector_ser,edu_aggregate_bas,2015,41.3
mkd,sex_m,eco_sector_ser,edu_aggregate_bas,2016,42.16
mkd,sex_m,eco_sector_ser,edu_aggregate_bas,2017,43.2
mkd,sex_m,eco_sector_ser,edu_aggregate_bas,2018,42.73
mkd,sex_m,eco_sector_ser,edu_aggregate_bas,2019,41.98
mkd,sex_m,eco_sector_ser,edu_aggregate_bas,2020,40.87
mkd,sex_m,eco_sector_ser,edu_aggregate_bas,2021,41.95
mkd,sex_m,eco_sector_ser,edu_aggregate_bas,2022,39.53
mkd,sex_m,eco_sector_ser,edu_aggregate_bas,2024,41.12
mkd,sex_m,eco_sector_ser,edu_aggregate_int,2006,44.79
mkd,sex_m,eco_sector_ser,edu_aggregate_int,2007,44.02
mkd,sex_m,eco_sector_ser,edu_aggregate_int,2008,44.11
mkd,sex_m,eco_sector_ser,edu_aggregate_int,2009,43.48
mkd,sex_m,eco_sector_ser,edu_aggregate_int,2010,43.29
mkd,sex_m,eco_sector_ser,edu_aggregate_int,2011,42.32
mkd,sex_m,eco_sector_ser,edu_aggregate_int,2012,42.6
mkd,sex_m,eco_sector_ser,edu_aggregate_int,2013,42.12
mkd,sex_m,eco_sector_ser,edu_aggregate_int,2014,41.14
mkd,sex_m,eco_sector_ser,edu_aggregate_int,2015,41.33
mkd,sex_m,eco_sector_ser,edu_aggregate_int,2016,42.05
mkd,sex_m,eco_sector_ser,edu_aggregate_int,2017,42.49
mkd,sex_m,eco_sector_ser,edu_aggregate_int,2018,42.01
mkd,sex_m,eco_sector_ser,edu_aggregate_int,2019,41.52
mkd,sex_m,eco_sector_ser,edu_aggregate_int,2020,39.66
mkd,sex_m,eco_sector_ser,edu_aggregate_int,2021,40.79
mkd,sex_m,eco_sector_ser,edu_aggregate_int,2022,40.43
mkd,sex_m,eco_sector_ser,edu_aggregate_int,2024,39.8
mkd,sex_m,eco_sector_ser,edu_aggregate_ltb,2006,40.42
mkd,sex_m,eco_sector_ser,edu_aggregate_ltb,2007,39.18
mkd,sex_m,eco_sector_ser,edu_aggregate_ltb,2008,41.91
mkd,sex_m,eco_sector_ser,edu_aggregate_ltb,2009,41.51
mkd,sex_m,eco_sector_ser,edu_aggregate_ltb,2010,41.55
mkd,sex_m,eco_sector_ser,edu_aggregate_ltb,2011,36.59
mkd,sex_m,eco_sector_ser,edu_aggregate_ltb,2012,43.65
mkd,sex_m,eco_sector_ser,edu_aggregate_ltb,2013,31.92
mkd,sex_m,eco_sector_ser,edu_aggregate_ltb,2014,32.62
mkd,sex_m,eco_sector_ser,edu_aggregate_ltb,2015,31.99
mkd,sex_m,eco_sector_ser,edu_aggregate_ltb,2016,41.65
mkd,sex_m,eco_sector_ser,edu_aggregate_ltb,2017,41.74
mkd,sex_m,eco_sector_ser,edu_aggregate_ltb,2018,34.25
mkd,sex_m,eco_sector_ser,edu_aggregate_ltb,2019,39.31
mkd,sex_m,eco_sector_ser,edu_aggregate_ltb,2020,41.53
mkd,sex_m,eco_sector_ser,edu_aggregate_ltb,2021,40.26
mkd,sex_m,eco_sector_ser,edu_aggregate_ltb,2022,36.53
mkd,sex_m,eco_sector_ser,edu_aggregate_ltb,2024,39.54
mkd,sex_m,eco_sector_ser,edu_aggregate_total,2006,44.24
mkd,sex_m,eco_sector_ser,edu_aggregate_total,2007,43.25
mkd,sex_m,eco_sector_ser,edu_aggregate_total,2008,43.56
mkd,sex_m,eco_sector_ser,edu_aggregate_total,2009,42.68
mkd,sex_m,eco_sector_ser,edu_aggregate_total,2010,42.62
mkd,sex_m,eco_sector_ser,edu_aggregate_total,2011,41.72
mkd,sex_m,eco_sector_ser,edu_aggregate_total,2012,42.01
mkd,sex_m,eco_sector_ser,edu_aggregate_total,2013,41.75
mkd,sex_m,eco_sector_ser,edu_aggregate_total,2014,40.97
mkd,sex_m,eco_sector_ser,edu_aggregate_total,2015,40.78
mkd,sex_m,eco_sector_ser,edu_aggregate_total,2016,41.33
mkd,sex_m,eco_sector_ser,edu_aggregate_total,2017,41.94
mkd,sex_m,eco_sector_ser,edu_aggregate_total,2018,41.5
mkd,sex_m,eco_sector_ser,edu_aggregate_total,2019,41.01
mkd,sex_m,eco_sector_ser,edu_aggregate_total,2020,39.44
mkd,sex_m,eco_sector_ser,edu_aggregate_total,2021,40.5
mkd,sex_m,eco_sector_ser,edu_aggregate_total,2022,40
mkd,sex_m,eco_sector_ser,edu_aggregate_total,2024,39.55
mkd,sex_m,eco_sector_ser,edu_isced11_0,2006,41.84
mkd,sex_m,eco_sector_ser,edu_isced11_0,2007,42.03
mkd,sex_m,eco_sector_ser,edu_isced11_0,2008,43.97
mkd,sex_m,eco_sector_ser,edu_isced11_0,2009,41.82
mkd,sex_m,eco_sector_ser,edu_isced11_0,2010,42.48
mkd,sex_m,eco_sector_ser,edu_isced11_0,2011,35.53
mkd,sex_m,eco_sector_ser,edu_isced11_0,2012,42.18
mkd,sex_m,eco_sector_ser,edu_isced11_0,2013,41.65
mkd,sex_m,eco_sector_ser,edu_isced11_0,2015,31.74
mkd,sex_m,eco_sector_ser,edu_isced11_0,2016,41.38
mkd,sex_m,eco_sector_ser,edu_isced11_0,2017,43.59
mkd,sex_m,eco_sector_ser,edu_isced11_0,2018,40.08
mkd,sex_m,eco_sector_ser,edu_isced11_0,2019,37.76
mkd,sex_m,eco_sector_ser,edu_isced11_0,2020,42.29
mkd,sex_m,eco_sector_ser,edu_isced11_0,2021,39.4
mkd,sex_m,eco_sector_ser,edu_isced11_0,2022,35.6
mkd,sex_m,eco_sector_ser,edu_isced11_1,2006,47.28
mkd,sex_m,eco_sector_ser,edu_isced11_1,2007,44.71
mkd,sex_m,eco_sector_ser,edu_isced11_1,2008,46.82
mkd,sex_m,eco_sector_ser,edu_isced11_1,2009,45.2
mkd,sex_m,eco_sector_ser,edu_isced11_1,2010,45.09
mkd,sex_m,eco_sector_ser,edu_isced11_1,2011,44.02
mkd,sex_m,eco_sector_ser,edu_isced11_1,2012,44.4
mkd,sex_m,eco_sector_ser,edu_isced11_1,2013,43.79
mkd,sex_m,eco_sector_ser,edu_isced11_1,2014,41.41
mkd,sex_m,eco_sector_ser,edu_isced11_1,2015,41.28
mkd,sex_m,eco_sector_ser,edu_isced11_1,2016,42.33
mkd,sex_m,eco_sector_ser,edu_isced11_1,2017,43.19
mkd,sex_m,eco_sector_ser,edu_isced11_1,2018,42.69
mkd,sex_m,eco_sector_ser,edu_isced11_1,2019,41.96
mkd,sex_m,eco_sector_ser,edu_isced11_1,2020,40.89
mkd,sex_m,eco_sector_ser,edu_isced11_1,2021,41.95
mkd,sex_m,eco_sector_ser,edu_isced11_1,2022,39.53
mkd,sex_m,eco_sector_ser,edu_isced11_1,2024,41.16
mkd,sex_m,eco_sector_ser,edu_isced11_2,2006,45.52
mkd,sex_m,eco_sector_ser,edu_isced11_2,2007,40.66
mkd,sex_m,eco_sector_ser,edu_isced11_2,2008,46.49
mkd,sex_m,eco_sector_ser,edu_isced11_2,2009,41.53
mkd,sex_m,eco_sector_ser,edu_isced11_2,2010,42.82
mkd,sex_m,eco_sector_ser,edu_isced11_2,2011,38.4
mkd,sex_m,eco_sector_ser,edu_isced11_2,2012,38.29
mkd,sex_m,eco_sector_ser,edu_isced11_2,2013,38.17
mkd,sex_m,eco_sector_ser,edu_isced11_2,2016,35.84
mkd,sex_m,eco_sector_ser,edu_isced11_2,2017,43.92
mkd,sex_m,eco_sector_ser,edu_isced11_2,2018,45.62
mkd,sex_m,eco_sector_ser,edu_isced11_2,2019,44.22
mkd,sex_m,eco_sector_ser,edu_isced11_3,2006,44.79
mkd,sex_m,eco_sector_ser,edu_isced11_3,2007,44.02
mkd,sex_m,eco_sector_ser,edu_isced11_3,2008,44.11
mkd,sex_m,eco_sector_ser,edu_isced11_3,2009,43.48
mkd,sex_m,eco_sector_ser,edu_isced11_3,2010,43.29
mkd,sex_m,eco_sector_ser,edu_isced11_3,2011,42.32
mkd,sex_m,eco_sector_ser,edu_isced11_3,2012,42.6
mkd,sex_m,eco_sector_ser,edu_isced11_3,2013,42.12
mkd,sex_m,eco_sector_ser,edu_isced11_3,2014,41.14
mkd,sex_m,eco_sector_ser,edu_isced11_3,2015,41.33
mkd,sex_m,eco_sector_ser,edu_isced11_3,2016,42.05
mkd,sex_m,eco_sector_ser,edu_isced11_3,2017,42.49
mkd,sex_m,eco_sector_ser,edu_isced11_3,2018,42.01
mkd,sex_m,eco_sector_ser,edu_isced11_3,2019,41.52
mkd,sex_m,eco_sector_ser,edu_isced11_3,2020,39.66
mkd,sex_m,eco_sector_ser,edu_isced11_3,2021,40.8
mkd,sex_m,eco_sector_ser,edu_isced11_3,2022,40.43
mkd,sex_m,eco_sector_ser,edu_isced11_3,2024,39.69
mkd,sex_m,eco_sector_ser,edu_isced11_4,2020,39.57
mkd,sex_m,eco_sector_ser,edu_isced11_4,2021,39.85
mkd,sex_m,eco_sector_ser,edu_isced11_4,2022,40
mkd,sex_m,eco_sector_ser,edu_isced11_4,2024,40.16
mkd,sex_m,eco_sector_ser,edu_isced11_5,2006,41.38
mkd,sex_m,eco_sector_ser,edu_isced11_5,2007,41.14
mkd,sex_m,eco_sector_ser,edu_isced11_5,2008,39.81
mkd,sex_m,eco_sector_ser,edu_isced11_5,2009,39.35
mkd,sex_m,eco_sector_ser,edu_isced11_5,2010,40.69
mkd,sex_m,eco_sector_ser,edu_isced11_5,2011,40.98
mkd,sex_m,eco_sector_ser,edu_isced11_5,2012,41.32
mkd,sex_m,eco_sector_ser,edu_isced11_5,2013,40.14
mkd,sex_m,eco_sector_ser,edu_isced11_5,2014,40.68
mkd,sex_m,eco_sector_ser,edu_isced11_5,2015,40.34
mkd,sex_m,eco_sector_ser,edu_isced11_5,2016,40.31
mkd,sex_m,eco_sector_ser,edu_isced11_5,2017,41.88
mkd,sex_m,eco_sector_ser,edu_isced11_5,2018,41.21
mkd,sex_m,eco_sector_ser,edu_isced11_5,2019,39.72
mkd,sex_m,eco_sector_ser,edu_isced11_5,2020,38.03
mkd,sex_m,eco_sector_ser,edu_isced11_5,2021,40.27
mkd,sex_m,eco_sector_ser,edu_isced11_5,2022,40.6
mkd,sex_m,eco_sector_ser,edu_isced11_5,2024,36.72
mkd,sex_m,eco_sector_ser,edu_isced11_6,2006,41.33
mkd,sex_m,eco_sector_ser,edu_isced11_6,2007,41.09
mkd,sex_m,eco_sector_ser,edu_isced11_6,2008,40.83
mkd,sex_m,eco_sector_ser,edu_isced11_6,2009,39.82
mkd,sex_m,eco_sector_ser,edu_isced11_6,2010,40.22
mkd,sex_m,eco_sector_ser,edu_isced11_6,2011,39.82
mkd,sex_m,eco_sector_ser,edu_isced11_6,2012,40.12
mkd,sex_m,eco_sector_ser,edu_isced11_6,2013,40.57
mkd,sex_m,eco_sector_ser,edu_isced11_6,2014,40.4
mkd,sex_m,eco_sector_ser,edu_isced11_6,2015,39.55
mkd,sex_m,eco_sector_ser,edu_isced11_6,2016,39.76
mkd,sex_m,eco_sector_ser,edu_isced11_6,2017,40.4
mkd,sex_m,eco_sector_ser,edu_isced11_6,2018,40.12
mkd,sex_m,eco_sector_ser,edu_isced11_6,2019,39.67
mkd,sex_m,eco_sector_ser,edu_isced11_6,2020,38.74
mkd,sex_m,eco_sector_ser,edu_isced11_6,2021,39.6
mkd,sex_m,eco_sector_ser,edu_isced11_6,2022,39.4
mkd,sex_m,eco_sector_ser,edu_isced11_6,2024,38.69
mkd,sex_m,eco_sector_ser,edu_isced11_7,2006,41.11
mkd,sex_m,eco_sector_ser,edu_isced11_7,2007,40.26
mkd,sex_m,eco_sector_ser,edu_isced11_7,2008,37.85
mkd,sex_m,eco_sector_ser,edu_isced11_7,2009,36.93
mkd,sex_m,eco_sector_ser,edu_isced11_7,2010,39.72
mkd,sex_m,eco_sector_ser,edu_isced11_7,2011,38.95
mkd,sex_m,eco_sector_ser,edu_isced11_7,2012,39.47
mkd,sex_m,eco_sector_ser,edu_isced11_7,2013,39.83
mkd,sex_m,eco_sector_ser,edu_isced11_7,2014,40.3
mkd,sex_m,eco_sector_ser,edu_isced11_7,2015,39.39
mkd,sex_m,eco_sector_ser,edu_isced11_7,2016,39.37
mkd,sex_m,eco_sector_ser,edu_isced11_7,2017,40.83
mkd,sex_m,eco_sector_ser,edu_isced11_7,2018,40.35
mkd,sex_m,eco_sector_ser,edu_isced11_7,2019,40.44
mkd,sex_m,eco_sector_ser,edu_isced11_7,2020,38.22
mkd,sex_m,eco_sector_ser,edu_isced11_7,2021,39.54
mkd,sex_m,eco_sector_ser,edu_isced11_7,2022,38.91
mkd,sex_m,eco_sector_ser,edu_isced11_7,2024,39.4
mkd,sex_m,eco_sector_ser,edu_isced11_8,2006,41.17
mkd,sex_m,eco_sector_ser,edu_isced11_8,2007,40.83
mkd,sex_m,eco_sector_ser,edu_isced11_8,2008,37.35
mkd,sex_m,eco_sector_ser,edu_isced11_8,2009,40.15
mkd,sex_m,eco_sector_ser,edu_isced11_8,2010,41.4
mkd,sex_m,eco_sector_ser,edu_isced11_8,2011,38.65
mkd,sex_m,eco_sector_ser,edu_isced11_8,2012,41.41
mkd,sex_m,eco_sector_ser,edu_isced11_8,2013,38.84
mkd,sex_m,eco_sector_ser,edu_isced11_8,2014,39.87
mkd,sex_m,eco_sector_ser,edu_isced11_8,2015,37.27
mkd,sex_m,eco_sector_ser,edu_isced11_8,2016,40.76
mkd,sex_m,eco_sector_ser,edu_isced11_8,2017,39.63
mkd,sex_m,eco_sector_ser,edu_isced11_8,2018,39.52
mkd,sex_m,eco_sector_ser,edu_isced11_8,2019,39.29
mkd,sex_m,eco_sector_ser,edu_isced11_8,2020,38.91
mkd,sex_m,eco_sector_ser,edu_isced11_8,2021,39.09
mkd,sex_m,eco_sector_ser,edu_isced11_8,2022,38.65
mkd,sex_m,eco_sector_ser,edu_isced11_8,2024,38.56
mkd,sex_m,eco_sector_ser,edu_isced11_total,2006,44.24
mkd,sex_m,eco_sector_ser,edu_isced11_total,2007,43.25
mkd,sex_m,eco_sector_ser,edu_isced11_total,2008,43.56
mkd,sex_m,eco_sector_ser,edu_isced11_total,2009,42.68
mkd,sex_m,eco_sector_ser,edu_isced11_total,2010,42.62
mkd,sex_m,eco_sector_ser,edu_isced11_total,2011,41.72
mkd,sex_m,eco_sector_ser,edu_isced11_total,2012,42.01
mkd,sex_m,eco_sector_ser,edu_isced11_total,2013,41.75
mkd,sex_m,eco_sector_ser,edu_isced11_total,2014,40.97
mkd,sex_m,eco_sector_ser,edu_isced11_total,2015,40.78
mkd,sex_m,eco_sector_ser,edu_isced11_total,2016,41.33
mkd,sex_m,eco_sector_ser,edu_isced11_total,2017,41.94
mkd,sex_m,eco_sector_ser,edu_isced11_total,2018,41.5
mkd,sex_m,eco_sector_ser,edu_isced11_total,2019,41.01
mkd,sex_m,eco_sector_ser,edu_isced11_total,2020,39.44
mkd,sex_m,eco_sector_ser,edu_isced11_total,2021,40.5
mkd,sex_m,eco_sector_ser,edu_isced11_total,2022,40
mkd,sex_m,eco_sector_ser,edu_isced11_total,2024,39.55
mkd,sex_m,eco_sector_ser,edu_isced11_x,2006,33.42
mkd,sex_m,eco_sector_ser,edu_isced11_x,2007,30.25
mkd,sex_m,eco_sector_ser,edu_isced11_x,2008,37.29
mkd,sex_m,eco_sector_ser,edu_isced11_x,2009,40.67
mkd,sex_m,eco_sector_ser,edu_isced11_x,2010,39.72
mkd,sex_m,eco_sector_ser,edu_isced11_x,2011,39.53
mkd,sex_m,eco_sector_ser,edu_isced11_x,2012,45.13
mkd,sex_m,eco_sector_ser,edu_isced11_x,2013,26.98
mkd,sex_m,eco_sector_ser,edu_isced11_x,2018,27.58
mkd,sex_m,eco_sector_ser,edu_isced11_x,2019,40.34
mkd,sex_m,eco_sector_ser,edu_isced11_x,2022,40
mkd,sex_m,eco_sector_ser,edu_isced11_x,2024,40.48
mkd,sex_m,eco_sector_total,edu_aggregate_adv,2006,41.7
mkd,sex_m,eco_sector_total,edu_aggregate_adv,2007,41.25
mkd,sex_m,eco_sector_total,edu_aggregate_adv,2008,40.82
mkd,sex_m,eco_sector_total,edu_aggregate_adv,2009,40.25
mkd,sex_m,eco_sector_total,edu_aggregate_adv,2010,40.73
mkd,sex_m,eco_sector_total,edu_aggregate_adv,2011,39.94
mkd,sex_m,eco_sector_total,edu_aggregate_adv,2012,40.26
mkd,sex_m,eco_sector_total,edu_aggregate_adv,2013,40.56
mkd,sex_m,eco_sector_total,edu_aggregate_adv,2014,40.62
mkd,sex_m,eco_sector_total,edu_aggregate_adv,2015,40.03
mkd,sex_m,eco_sector_total,edu_aggregate_adv,2016,40.03
mkd,sex_m,eco_sector_total,edu_aggregate_adv,2017,40.75
mkd,sex_m,eco_sector_total,edu_aggregate_adv,2018,40.26
mkd,sex_m,eco_sector_total,edu_aggregate_adv,2019,39.73
mkd,sex_m,eco_sector_total,edu_aggregate_adv,2020,38.69
mkd,sex_m,eco_sector_total,edu_aggregate_adv,2021,39.59
mkd,sex_m,eco_sector_total,edu_aggregate_adv,2022,39.45
mkd,sex_m,eco_sector_total,edu_aggregate_adv,2024,38.67
mkd,sex_m,eco_sector_total,edu_aggregate_bas,2006,45.4
mkd,sex_m,eco_sector_total,edu_aggregate_bas,2007,43.79
mkd,sex_m,eco_sector_total,edu_aggregate_bas,2008,44.59
mkd,sex_m,eco_sector_total,edu_aggregate_bas,2009,43.21
mkd,sex_m,eco_sector_total,edu_aggregate_bas,2010,42.31
mkd,sex_m,eco_sector_total,edu_aggregate_bas,2011,42.33
mkd,sex_m,eco_sector_total,edu_aggregate_bas,2012,43.43
mkd,sex_m,eco_sector_total,edu_aggregate_bas,2013,43.17
mkd,sex_m,eco_sector_total,edu_aggregate_bas,2014,42.85
mkd,sex_m,eco_sector_total,edu_aggregate_bas,2015,42.8
mkd,sex_m,eco_sector_total,edu_aggregate_bas,2016,42.41
mkd,sex_m,eco_sector_total,edu_aggregate_bas,2017,43.72
mkd,sex_m,eco_sector_total,edu_aggregate_bas,2018,42.98
mkd,sex_m,eco_sector_total,edu_aggregate_bas,2019,41.76
mkd,sex_m,eco_sector_total,edu_aggregate_bas,2020,39.94
mkd,sex_m,eco_sector_total,edu_aggregate_bas,2021,41.46
mkd,sex_m,eco_sector_total,edu_aggregate_bas,2022,40
mkd,sex_m,eco_sector_total,edu_aggregate_bas,2024,40.9
mkd,sex_m,eco_sector_total,edu_aggregate_int,2006,44.33
mkd,sex_m,eco_sector_total,edu_aggregate_int,2007,43.66
mkd,sex_m,eco_sector_total,edu_aggregate_int,2008,43.71
mkd,sex_m,eco_sector_total,edu_aggregate_int,2009,43.05
mkd,sex_m,eco_sector_total,edu_aggregate_int,2010,42.99
mkd,sex_m,eco_sector_total,edu_aggregate_int,2011,42.22
mkd,sex_m,eco_sector_total,edu_aggregate_int,2012,42.24
mkd,sex_m,eco_sector_total,edu_aggregate_int,2013,42.36
mkd,sex_m,eco_sector_total,edu_aggregate_int,2014,41.77
mkd,sex_m,eco_sector_total,edu_aggregate_int,2015,41.78
mkd,sex_m,eco_sector_total,edu_aggregate_int,2016,42.21
mkd,sex_m,eco_sector_total,edu_aggregate_int,2017,42.65
mkd,sex_m,eco_sector_total,edu_aggregate_int,2018,42.16
mkd,sex_m,eco_sector_total,edu_aggregate_int,2019,41.32
mkd,sex_m,eco_sector_total,edu_aggregate_int,2020,39.45
mkd,sex_m,eco_sector_total,edu_aggregate_int,2021,40.45
mkd,sex_m,eco_sector_total,edu_aggregate_int,2022,40.23
mkd,sex_m,eco_sector_total,edu_aggregate_int,2024,39.54
mkd,sex_m,eco_sector_total,edu_aggregate_ltb,2006,43.73
mkd,sex_m,eco_sector_total,edu_aggregate_ltb,2007,43.06
mkd,sex_m,eco_sector_total,edu_aggregate_ltb,2008,42.56
mkd,sex_m,eco_sector_total,edu_aggregate_ltb,2009,38.74
mkd,sex_m,eco_sector_total,edu_aggregate_ltb,2010,38.48
mkd,sex_m,eco_sector_total,edu_aggregate_ltb,2011,39.13
mkd,sex_m,eco_sector_total,edu_aggregate_ltb,2012,39.6
mkd,sex_m,eco_sector_total,edu_aggregate_ltb,2013,42.41
mkd,sex_m,eco_sector_total,edu_aggregate_ltb,2014,43.54
mkd,sex_m,eco_sector_total,edu_aggregate_ltb,2015,42.34
mkd,sex_m,eco_sector_total,edu_aggregate_ltb,2016,40.9
mkd,sex_m,eco_sector_total,edu_aggregate_ltb,2017,42.23
mkd,sex_m,eco_sector_total,edu_aggregate_ltb,2018,41.51
mkd,sex_m,eco_sector_total,edu_aggregate_ltb,2019,38.79
mkd,sex_m,eco_sector_total,edu_aggregate_ltb,2020,37.04
mkd,sex_m,eco_sector_total,edu_aggregate_ltb,2021,36.98
mkd,sex_m,eco_sector_total,edu_aggregate_ltb,2022,38.99
mkd,sex_m,eco_sector_total,edu_aggregate_ltb,2024,37.4
mkd,sex_m,eco_sector_total,edu_aggregate_total,2006,44.15
mkd,sex_m,eco_sector_total,edu_aggregate_total,2007,43.25
mkd,sex_m,eco_sector_total,edu_aggregate_total,2008,43.43
mkd,sex_m,eco_sector_total,edu_aggregate_total,2009,42.47
mkd,sex_m,eco_sector_total,edu_aggregate_total,2010,42.26
mkd,sex_m,eco_sector_total,edu_aggregate_total,2011,41.69
mkd,sex_m,eco_sector_total,edu_aggregate_total,2012,42
mkd,sex_m,eco_sector_total,edu_aggregate_total,2013,42.21
mkd,sex_m,eco_sector_total,edu_aggregate_total,2014,41.84
mkd,sex_m,eco_sector_total,edu_aggregate_total,2015,41.67
mkd,sex_m,eco_sector_total,edu_aggregate_total,2016,41.77
mkd,sex_m,eco_sector_total,edu_aggregate_total,2017,42.43
mkd,sex_m,eco_sector_total,edu_aggregate_total,2018,41.91
mkd,sex_m,eco_sector_total,edu_aggregate_total,2019,41.02
mkd,sex_m,eco_sector_total,edu_aggregate_total,2020,39.32
mkd,sex_m,eco_sector_total,edu_aggregate_total,2021,40.37
mkd,sex_m,eco_sector_total,edu_aggregate_total,2022,39.99
mkd,sex_m,eco_sector_total,edu_aggregate_total,2024,39.49
mkd,sex_m,eco_sector_total,edu_isced11_0,2006,44.8
mkd,sex_m,eco_sector_total,edu_isced11_0,2007,44.39
mkd,sex_m,eco_sector_total,edu_isced11_0,2008,42.98
mkd,sex_m,eco_sector_total,edu_isced11_0,2009,38.65
mkd,sex_m,eco_sector_total,edu_isced11_0,2010,37.95
mkd,sex_m,eco_sector_total,edu_isced11_0,2011,39.27
mkd,sex_m,eco_sector_total,edu_isced11_0,2012,39.05
mkd,sex_m,eco_sector_total,edu_isced11_0,2013,43.75
mkd,sex_m,eco_sector_total,edu_isced11_0,2014,42.63
mkd,sex_m,eco_sector_total,edu_isced11_0,2015,42.73
mkd,sex_m,eco_sector_total,edu_isced11_0,2016,41.77
mkd,sex_m,eco_sector_total,edu_isced11_0,2017,42.8
mkd,sex_m,eco_sector_total,edu_isced11_0,2018,43.24
mkd,sex_m,eco_sector_total,edu_isced11_0,2019,38.19
mkd,sex_m,eco_sector_total,edu_isced11_0,2020,37.38
mkd,sex_m,eco_sector_total,edu_isced11_0,2021,37.4
mkd,sex_m,eco_sector_total,edu_isced11_0,2022,38.51
mkd,sex_m,eco_sector_total,edu_isced11_0,2024,36.7
mkd,sex_m,eco_sector_total,edu_isced11_1,2006,45.47
mkd,sex_m,eco_sector_total,edu_isced11_1,2007,43.91
mkd,sex_m,eco_sector_total,edu_isced11_1,2008,44.61
mkd,sex_m,eco_sector_total,edu_isced11_1,2009,43.19
mkd,sex_m,eco_sector_total,edu_isced11_1,2010,42.31
mkd,sex_m,eco_sector_total,edu_isced11_1,2011,42.48
mkd,sex_m,eco_sector_total,edu_isced11_1,2012,43.45
mkd,sex_m,eco_sector_total,edu_isced11_1,2013,43.26
mkd,sex_m,eco_sector_total,edu_isced11_1,2014,42.85
mkd,sex_m,eco_sector_total,edu_isced11_1,2015,42.78
mkd,sex_m,eco_sector_total,edu_isced11_1,2016,42.44
mkd,sex_m,eco_sector_total,edu_isced11_1,2017,43.71
mkd,sex_m,eco_sector_total,edu_isced11_1,2018,42.95
mkd,sex_m,eco_sector_total,edu_isced11_1,2019,41.76
mkd,sex_m,eco_sector_total,edu_isced11_1,2020,39.96
mkd,sex_m,eco_sector_total,edu_isced11_1,2021,41.46
mkd,sex_m,eco_sector_total,edu_isced11_1,2022,40.01
mkd,sex_m,eco_sector_total,edu_isced11_1,2024,40.92
mkd,sex_m,eco_sector_total,edu_isced11_2,2006,42.95
mkd,sex_m,eco_sector_total,edu_isced11_2,2007,39.01
mkd,sex_m,eco_sector_total,edu_isced11_2,2008,43.55
mkd,sex_m,eco_sector_total,edu_isced11_2,2009,44.31
mkd,sex_m,eco_sector_total,edu_isced11_2,2010,42.72
mkd,sex_m,eco_sector_total,edu_isced11_2,2011,34.58
mkd,sex_m,eco_sector_total,edu_isced11_2,2012,42.16
mkd,sex_m,eco_sector_total,edu_isced11_2,2013,36.3
mkd,sex_m,eco_sector_total,edu_isced11_2,2014,43.14
mkd,sex_m,eco_sector_total,edu_isced11_2,2015,45.13
mkd,sex_m,eco_sector_total,edu_isced11_2,2016,40.97
mkd,sex_m,eco_sector_total,edu_isced11_2,2017,44.76
mkd,sex_m,eco_sector_total,edu_isced11_2,2018,44.65
mkd,sex_m,eco_sector_total,edu_isced11_2,2019,41.92
mkd,sex_m,eco_sector_total,edu_isced11_2,2020,36.1
mkd,sex_m,eco_sector_total,edu_isced11_2,2021,40.25
mkd,sex_m,eco_sector_total,edu_isced11_2,2024,37.24
mkd,sex_m,eco_sector_total,edu_isced11_3,2006,44.33
mkd,sex_m,eco_sector_total,edu_isced11_3,2007,43.66
mkd,sex_m,eco_sector_total,edu_isced11_3,2008,43.71
mkd,sex_m,eco_sector_total,edu_isced11_3,2009,43.05
mkd,sex_m,eco_sector_total,edu_isced11_3,2010,42.99
mkd,sex_m,eco_sector_total,edu_isced11_3,2011,42.22
mkd,sex_m,eco_sector_total,edu_isced11_3,2012,42.24
mkd,sex_m,eco_sector_total,edu_isced11_3,2013,42.36
mkd,sex_m,eco_sector_total,edu_isced11_3,2014,41.77
mkd,sex_m,eco_sector_total,edu_isced11_3,2015,41.78
mkd,sex_m,eco_sector_total,edu_isced11_3,2016,42.21
mkd,sex_m,eco_sector_total,edu_isced11_3,2017,42.65
mkd,sex_m,eco_sector_total,edu_isced11_3,2018,42.16
mkd,sex_m,eco_sector_total,edu_isced11_3,2019,41.32
mkd,sex_m,eco_sector_total,edu_isced11_3,2020,39.46
mkd,sex_m,eco_sector_total,edu_isced11_3,2021,40.46
mkd,sex_m,eco_sector_total,edu_isced11_3,2022,40.23
mkd,sex_m,eco_sector_total,edu_isced11_3,2024,39.37
mkd,sex_m,eco_sector_total,edu_isced11_4,2020,37.87
mkd,sex_m,eco_sector_total,edu_isced11_4,2021,39.03
mkd,sex_m,eco_sector_total,edu_isced11_4,2022,40.21
mkd,sex_m,eco_sector_total,edu_isced11_4,2024,40.24
mkd,sex_m,eco_sector_total,edu_isced11_5,2006,41.65
mkd,sex_m,eco_sector_total,edu_isced11_5,2007,41.29
mkd,sex_m,eco_sector_total,edu_isced11_5,2008,40.66
mkd,sex_m,eco_sector_total,edu_isced11_5,2009,40.14
mkd,sex_m,eco_sector_total,edu_isced11_5,2010,41.09
mkd,sex_m,eco_sector_total,edu_isced11_5,2011,41.1
mkd,sex_m,eco_sector_total,edu_isced11_5,2012,41.15
mkd,sex_m,eco_sector_total,edu_isced11_5,2013,40.47
mkd,sex_m,eco_sector_total,edu_isced11_5,2014,40.7
mkd,sex_m,eco_sector_total,edu_isced11_5,2015,40.92
mkd,sex_m,eco_sector_total,edu_isced11_5,2016,41.12
mkd,sex_m,eco_sector_total,edu_isced11_5,2017,42.01
mkd,sex_m,eco_sector_total,edu_isced11_5,2018,40.84
mkd,sex_m,eco_sector_total,edu_isced11_5,2019,40.43
mkd,sex_m,eco_sector_total,edu_isced11_5,2020,39.08
mkd,sex_m,eco_sector_total,edu_isced11_5,2021,40.18
mkd,sex_m,eco_sector_total,edu_isced11_5,2022,40.13
mkd,sex_m,eco_sector_total,edu_isced11_5,2024,36.95
mkd,sex_m,eco_sector_total,edu_isced11_6,2006,41.73
mkd,sex_m,eco_sector_total,edu_isced11_6,2007,41.27
mkd,sex_m,eco_sector_total,edu_isced11_6,2008,41.03
mkd,sex_m,eco_sector_total,edu_isced11_6,2009,40.38
mkd,sex_m,eco_sector_total,edu_isced11_6,2010,40.67
mkd,sex_m,eco_sector_total,edu_isced11_6,2011,39.79
mkd,sex_m,eco_sector_total,edu_isced11_6,2012,40.17
mkd,sex_m,eco_sector_total,edu_isced11_6,2013,40.65
mkd,sex_m,eco_sector_total,edu_isced11_6,2014,40.65
mkd,sex_m,eco_sector_total,edu_isced11_6,2015,39.98
mkd,sex_m,eco_sector_total,edu_isced11_6,2016,39.94
mkd,sex_m,eco_sector_total,edu_isced11_6,2017,40.63
mkd,sex_m,eco_sector_total,edu_isced11_6,2018,40.21
mkd,sex_m,eco_sector_total,edu_isced11_6,2019,39.6
mkd,sex_m,eco_sector_total,edu_isced11_6,2020,38.73
mkd,sex_m,eco_sector_total,edu_isced11_6,2021,39.56
mkd,sex_m,eco_sector_total,edu_isced11_6,2022,39.45
mkd,sex_m,eco_sector_total,edu_isced11_6,2024,38.69
mkd,sex_m,eco_sector_total,edu_isced11_7,2006,41.57
mkd,sex_m,eco_sector_total,edu_isced11_7,2007,40.77
mkd,sex_m,eco_sector_total,edu_isced11_7,2008,38.2
mkd,sex_m,eco_sector_total,edu_isced11_7,2009,37.52
mkd,sex_m,eco_sector_total,edu_isced11_7,2010,39.93
mkd,sex_m,eco_sector_total,edu_isced11_7,2011,39.26
mkd,sex_m,eco_sector_total,edu_isced11_7,2012,39.19
mkd,sex_m,eco_sector_total,edu_isced11_7,2013,40.05
mkd,sex_m,eco_sector_total,edu_isced11_7,2014,40.32
mkd,sex_m,eco_sector_total,edu_isced11_7,2015,39.48
mkd,sex_m,eco_sector_total,edu_isced11_7,2016,39.63
mkd,sex_m,eco_sector_total,edu_isced11_7,2017,40.89
mkd,sex_m,eco_sector_total,edu_isced11_7,2018,40.2
mkd,sex_m,eco_sector_total,edu_isced11_7,2019,40.3
mkd,sex_m,eco_sector_total,edu_isced11_7,2020,37.89
mkd,sex_m,eco_sector_total,edu_isced11_7,2021,39.52
mkd,sex_m,eco_sector_total,edu_isced11_7,2022,39.06
mkd,sex_m,eco_sector_total,edu_isced11_7,2024,39.25
mkd,sex_m,eco_sector_total,edu_isced11_8,2006,41.5
mkd,sex_m,eco_sector_total,edu_isced11_8,2007,40.81
mkd,sex_m,eco_sector_total,edu_isced11_8,2008,37.35
mkd,sex_m,eco_sector_total,edu_isced11_8,2009,40.15
mkd,sex_m,eco_sector_total,edu_isced11_8,2010,41.4
mkd,sex_m,eco_sector_total,edu_isced11_8,2011,38.65
mkd,sex_m,eco_sector_total,edu_isced11_8,2012,41.41
mkd,sex_m,eco_sector_total,edu_isced11_8,2013,38.84
mkd,sex_m,eco_sector_total,edu_isced11_8,2014,39.87
mkd,sex_m,eco_sector_total,edu_isced11_8,2015,37.27
mkd,sex_m,eco_sector_total,edu_isced11_8,2016,40.34
mkd,sex_m,eco_sector_total,edu_isced11_8,2017,39.92
mkd,sex_m,eco_sector_total,edu_isced11_8,2018,39.52
mkd,sex_m,eco_sector_total,edu_isced11_8,2019,39.37
mkd,sex_m,eco_sector_total,edu_isced11_8,2020,38.84
mkd,sex_m,eco_sector_total,edu_isced11_8,2021,39.09
mkd,sex_m,eco_sector_total,edu_isced11_8,2022,38.65
mkd,sex_m,eco_sector_total,edu_isced11_8,2024,38.31
mkd,sex_m,eco_sector_total,edu_isced11_total,2006,44.15
mkd,sex_m,eco_sector_total,edu_isced11_total,2007,43.25
mkd,sex_m,eco_sector_total,edu_isced11_total,2008,43.43
mkd,sex_m,eco_sector_total,edu_isced11_total,2009,42.47
mkd,sex_m,eco_sector_total,edu_isced11_total,2010,42.26
mkd,sex_m,eco_sector_total,edu_isced11_total,2011,41.69
mkd,sex_m,eco_sector_total,edu_isced11_total,2012,42
mkd,sex_m,eco_sector_total,edu_isced11_total,2013,42.21
mkd,sex_m,eco_sector_total,edu_isced11_total,2014,41.84
mkd,sex_m,eco_sector_total,edu_isced11_total,2015,41.67
mkd,sex_m,eco_sector_total,edu_isced11_total,2016,41.77
mkd,sex_m,eco_sector_total,edu_isced11_total,2017,42.43
mkd,sex_m,eco_sector_total,edu_isced11_total,2018,41.91
mkd,sex_m,eco_sector_total,edu_isced11_total,2019,41.02
mkd,sex_m,eco_sector_total,edu_isced11_total,2020,39.32
mkd,sex_m,eco_sector_total,edu_isced11_total,2021,40.37
mkd,sex_m,eco_sector_total,edu_isced11_total,2022,39.99
mkd,sex_m,eco_sector_total,edu_isced11_total,2024,39.49
mkd,sex_m,eco_sector_total,edu_isced11_x,2006,36.19
mkd,sex_m,eco_sector_total,edu_isced11_x,2007,38.88
mkd,sex_m,eco_sector_total,edu_isced11_x,2008,39.91
mkd,sex_m,eco_sector_total,edu_isced11_x,2009,39.42
mkd,sex_m,eco_sector_total,edu_isced11_x,2010,41.74
mkd,sex_m,eco_sector_total,edu_isced11_x,2011,38.11
mkd,sex_m,eco_sector_total,edu_isced11_x,2012,42.32
mkd,sex_m,eco_sector_total,edu_isced11_x,2013,38.45
mkd,sex_m,eco_sector_total,edu_isced11_x,2014,47.6
mkd,sex_m,eco_sector_total,edu_isced11_x,2015,38.48
mkd,sex_m,eco_sector_total,edu_isced11_x,2016,38.36
mkd,sex_m,eco_sector_total,edu_isced11_x,2017,39.8
mkd,sex_m,eco_sector_total,edu_isced11_x,2018,36.24
mkd,sex_m,eco_sector_total,edu_isced11_x,2019,40.09
mkd,sex_m,eco_sector_total,edu_isced11_x,2020,35.95
mkd,sex_m,eco_sector_total,edu_isced11_x,2021,35.4
mkd,sex_m,eco_sector_total,edu_isced11_x,2022,40.96
mkd,sex_m,eco_sector_total,edu_isced11_x,2024,38.46
mkd,sex_t,eco_aggregate_agr,edu_aggregate_adv,2006,40.37
mkd,sex_t,eco_aggregate_agr,edu_aggregate_adv,2007,39.42
mkd,sex_t,eco_aggregate_agr,edu_aggregate_adv,2008,39.84
mkd,sex_t,eco_aggregate_agr,edu_aggregate_adv,2009,40.96
mkd,sex_t,eco_aggregate_agr,edu_aggregate_adv,2010,39.85
mkd,sex_t,eco_aggregate_agr,edu_aggregate_adv,2011,38.37
mkd,sex_t,eco_aggregate_agr,edu_aggregate_adv,2012,38.14
mkd,sex_t,eco_aggregate_agr,edu_aggregate_adv,2013,42.97
mkd,sex_t,eco_aggregate_agr,edu_aggregate_adv,2014,41.19
mkd,sex_t,eco_aggregate_agr,edu_aggregate_adv,2015,42.76
mkd,sex_t,eco_aggregate_agr,edu_aggregate_adv,2016,39.72
mkd,sex_t,eco_aggregate_agr,edu_aggregate_adv,2017,40.44
mkd,sex_t,eco_aggregate_agr,edu_aggregate_adv,2018,39.57
mkd,sex_t,eco_aggregate_agr,edu_aggregate_adv,2019,36.16
mkd,sex_t,eco_aggregate_agr,edu_aggregate_adv,2020,36.98
mkd,sex_t,eco_aggregate_agr,edu_aggregate_adv,2021,38.44
mkd,sex_t,eco_aggregate_agr,edu_aggregate_adv,2022,39.28
mkd,sex_t,eco_aggregate_agr,edu_aggregate_adv,2024,38.1
mkd,sex_t,eco_aggregate_agr,edu_aggregate_bas,2006,41.87
mkd,sex_t,eco_aggregate_agr,edu_aggregate_bas,2007,40.9
mkd,sex_t,eco_aggregate_agr,edu_aggregate_bas,2008,39.38
mkd,sex_t,eco_aggregate_agr,edu_aggregate_bas,2009,37.12
mkd,sex_t,eco_aggregate_agr,edu_aggregate_bas,2010,36.19
mkd,sex_t,eco_aggregate_agr,edu_aggregate_bas,2011,38.56
mkd,sex_t,eco_aggregate_agr,edu_aggregate_bas,2012,40.33
mkd,sex_t,eco_aggregate_agr,edu_aggregate_bas,2013,41.56
mkd,sex_t,eco_aggregate_agr,edu_aggregate_bas,2014,42.86
mkd,sex_t,eco_aggregate_agr,edu_aggregate_bas,2015,44.04
mkd,sex_t,eco_aggregate_agr,edu_aggregate_bas,2016,40.21
mkd,sex_t,eco_aggregate_agr,edu_aggregate_bas,2017,43.33
mkd,sex_t,eco_aggregate_agr,edu_aggregate_bas,2018,43.18
mkd,sex_t,eco_aggregate_agr,edu_aggregate_bas,2019,39
mkd,sex_t,eco_aggregate_agr,edu_aggregate_bas,2020,36.92
mkd,sex_t,eco_aggregate_agr,edu_aggregate_bas,2021,39.35
mkd,sex_t,eco_aggregate_agr,edu_aggregate_bas,2022,37.76
mkd,sex_t,eco_aggregate_agr,edu_aggregate_bas,2024,39.58
mkd,sex_t,eco_aggregate_agr,edu_aggregate_int,2006,42.63
mkd,sex_t,eco_aggregate_agr,edu_aggregate_int,2007,39.8
mkd,sex_t,eco_aggregate_agr,edu_aggregate_int,2008,41.14
mkd,sex_t,eco_aggregate_agr,edu_aggregate_int,2009,40.06
mkd,sex_t,eco_aggregate_agr,edu_aggregate_int,2010,39.1
mkd,sex_t,eco_aggregate_agr,edu_aggregate_int,2011,38.19
mkd,sex_t,eco_aggregate_agr,edu_aggregate_int,2012,38.95
mkd,sex_t,eco_aggregate_agr,edu_aggregate_int,2013,43.01
mkd,sex_t,eco_aggregate_agr,edu_aggregate_int,2014,44.17
mkd,sex_t,eco_aggregate_agr,edu_aggregate_int,2015,43.87
mkd,sex_t,eco_aggregate_agr,edu_aggregate_int,2016,42.03
mkd,sex_t,eco_aggregate_agr,edu_aggregate_int,2017,43.18
mkd,sex_t,eco_aggregate_agr,edu_aggregate_int,2018,42.99
mkd,sex_t,eco_aggregate_agr,edu_aggregate_int,2019,40.9
mkd,sex_t,eco_aggregate_agr,edu_aggregate_int,2020,37.06
mkd,sex_t,eco_aggregate_agr,edu_aggregate_int,2021,37.73
mkd,sex_t,eco_aggregate_agr,edu_aggregate_int,2022,38.56
mkd,sex_t,eco_aggregate_agr,edu_aggregate_int,2024,38.7
mkd,sex_t,eco_aggregate_agr,edu_aggregate_ltb,2006,43.16
mkd,sex_t,eco_aggregate_agr,edu_aggregate_ltb,2007,41.38
mkd,sex_t,eco_aggregate_agr,edu_aggregate_ltb,2008,39.65
mkd,sex_t,eco_aggregate_agr,edu_aggregate_ltb,2009,35.71
mkd,sex_t,eco_aggregate_agr,edu_aggregate_ltb,2010,35.62
mkd,sex_t,eco_aggregate_agr,edu_aggregate_ltb,2011,38.96
mkd,sex_t,eco_aggregate_agr,edu_aggregate_ltb,2012,37.69
mkd,sex_t,eco_aggregate_agr,edu_aggregate_ltb,2013,42.52
mkd,sex_t,eco_aggregate_agr,edu_aggregate_ltb,2014,42.47
mkd,sex_t,eco_aggregate_agr,edu_aggregate_ltb,2015,43.14
mkd,sex_t,eco_aggregate_agr,edu_aggregate_ltb,2016,41.31
mkd,sex_t,eco_aggregate_agr,edu_aggregate_ltb,2017,42.35
mkd,sex_t,eco_aggregate_agr,edu_aggregate_ltb,2018,43.44
mkd,sex_t,eco_aggregate_agr,edu_aggregate_ltb,2019,38.16
mkd,sex_t,eco_aggregate_agr,edu_aggregate_ltb,2020,34.39
mkd,sex_t,eco_aggregate_agr,edu_aggregate_ltb,2021,35.48
mkd,sex_t,eco_aggregate_agr,edu_aggregate_ltb,2022,38.1
mkd,sex_t,eco_aggregate_agr,edu_aggregate_ltb,2024,36.05
mkd,sex_t,eco_aggregate_agr,edu_aggregate_total,2006,42.3
mkd,sex_t,eco_aggregate_agr,edu_aggregate_total,2007,40.64
mkd,sex_t,eco_aggregate_agr,edu_aggregate_total,2008,39.93
mkd,sex_t,eco_aggregate_agr,edu_aggregate_total,2009,37.78
mkd,sex_t,eco_aggregate_agr,edu_aggregate_total,2010,37.06
mkd,sex_t,eco_aggregate_agr,edu_aggregate_total,2011,38.52
mkd,sex_t,eco_aggregate_agr,edu_aggregate_total,2012,39.4
mkd,sex_t,eco_aggregate_agr,edu_aggregate_total,2013,42.23
mkd,sex_t,eco_aggregate_agr,edu_aggregate_total,2014,43.21
mkd,sex_t,eco_aggregate_agr,edu_aggregate_total,2015,43.83
mkd,sex_t,eco_aggregate_agr,edu_aggregate_total,2016,41.03
mkd,sex_t,eco_aggregate_agr,edu_aggregate_total,2017,43.03
mkd,sex_t,eco_aggregate_agr,edu_aggregate_total,2018,42.94
mkd,sex_t,eco_aggregate_agr,edu_aggregate_total,2019,39.63
mkd,sex_t,eco_aggregate_agr,edu_aggregate_total,2020,36.76
mkd,sex_t,eco_aggregate_agr,edu_aggregate_total,2021,38.33
mkd,sex_t,eco_aggregate_agr,edu_aggregate_total,2022,38.24
mkd,sex_t,eco_aggregate_agr,edu_aggregate_total,2024,38.51
mkd,sex_t,eco_aggregate_agr,edu_isced11_0,2006,43.64
mkd,sex_t,eco_aggregate_agr,edu_isced11_0,2007,42.79
mkd,sex_t,eco_aggregate_agr,edu_isced11_0,2008,39.83
mkd,sex_t,eco_aggregate_agr,edu_isced11_0,2009,35.62
mkd,sex_t,eco_aggregate_agr,edu_isced11_0,2010,35.35
mkd,sex_t,eco_aggregate_agr,edu_isced11_0,2011,39.32
mkd,sex_t,eco_aggregate_agr,edu_isced11_0,2012,37.57
mkd,sex_t,eco_aggregate_agr,edu_isced11_0,2013,42.56
mkd,sex_t,eco_aggregate_agr,edu_isced11_0,2014,41.78
mkd,sex_t,eco_aggregate_agr,edu_isced11_0,2015,43.5
mkd,sex_t,eco_aggregate_agr,edu_isced11_0,2016,41.39
mkd,sex_t,eco_aggregate_agr,edu_isced11_0,2017,42.58
mkd,sex_t,eco_aggregate_agr,edu_isced11_0,2018,43.21
mkd,sex_t,eco_aggregate_agr,edu_isced11_0,2019,38.1
mkd,sex_t,eco_aggregate_agr,edu_isced11_0,2020,34.09
mkd,sex_t,eco_aggregate_agr,edu_isced11_0,2021,35.69
mkd,sex_t,eco_aggregate_agr,edu_isced11_0,2022,37.66
mkd,sex_t,eco_aggregate_agr,edu_isced11_0,2024,36.48
mkd,sex_t,eco_aggregate_agr,edu_isced11_1,2006,41.81
mkd,sex_t,eco_aggregate_agr,edu_isced11_1,2007,41.04
mkd,sex_t,eco_aggregate_agr,edu_isced11_1,2008,39.43
mkd,sex_t,eco_aggregate_agr,edu_isced11_1,2009,37.04
mkd,sex_t,eco_aggregate_agr,edu_isced11_1,2010,36.13
mkd,sex_t,eco_aggregate_agr,edu_isced11_1,2011,38.71
mkd,sex_t,eco_aggregate_agr,edu_isced11_1,2012,40.29
mkd,sex_t,eco_aggregate_agr,edu_isced11_1,2013,41.54
mkd,sex_t,eco_aggregate_agr,edu_isced11_1,2014,42.87
mkd,sex_t,eco_aggregate_agr,edu_isced11_1,2015,44.01
mkd,sex_t,eco_aggregate_agr,edu_isced11_1,2016,40.19
mkd,sex_t,eco_aggregate_agr,edu_isced11_1,2017,43.31
mkd,sex_t,eco_aggregate_agr,edu_isced11_1,2018,43.16
mkd,sex_t,eco_aggregate_agr,edu_isced11_1,2019,38.96
mkd,sex_t,eco_aggregate_agr,edu_isced11_1,2020,36.96
mkd,sex_t,eco_aggregate_agr,edu_isced11_1,2021,39.35
mkd,sex_t,eco_aggregate_agr,edu_isced11_1,2022,37.78
mkd,sex_t,eco_aggregate_agr,edu_isced11_1,2024,39.56
mkd,sex_t,eco_aggregate_agr,edu_isced11_2,2006,45.69
mkd,sex_t,eco_aggregate_agr,edu_isced11_2,2007,35.83
mkd,sex_t,eco_aggregate_agr,edu_isced11_2,2008,36.59
mkd,sex_t,eco_aggregate_agr,edu_isced11_2,2009,41.97
mkd,sex_t,eco_aggregate_agr,edu_isced11_2,2010,42.12
mkd,sex_t,eco_aggregate_agr,edu_isced11_2,2011,29.38
mkd,sex_t,eco_aggregate_agr,edu_isced11_2,2012,43.91
mkd,sex_t,eco_aggregate_agr,edu_isced11_2,2014,40.76
mkd,sex_t,eco_aggregate_agr,edu_isced11_2,2015,48.66
mkd,sex_t,eco_aggregate_agr,edu_isced11_2,2016,41.92
mkd,sex_t,eco_aggregate_agr,edu_isced11_2,2017,45.76
mkd,sex_t,eco_aggregate_agr,edu_isced11_2,2018,45.46
mkd,sex_t,eco_aggregate_agr,edu_isced11_2,2019,46.44
mkd,sex_t,eco_aggregate_agr,edu_isced11_2,2020,26.15
mkd,sex_t,eco_aggregate_agr,edu_isced11_3,2006,42.63
mkd,sex_t,eco_aggregate_agr,edu_isced11_3,2007,39.8
mkd,sex_t,eco_aggregate_agr,edu_isced11_3,2008,41.14
mkd,sex_t,eco_aggregate_agr,edu_isced11_3,2009,40.06
mkd,sex_t,eco_aggregate_agr,edu_isced11_3,2010,39.1
mkd,sex_t,eco_aggregate_agr,edu_isced11_3,2011,38.19
mkd,sex_t,eco_aggregate_agr,edu_isced11_3,2012,38.95
mkd,sex_t,eco_aggregate_agr,edu_isced11_3,2013,43.01
mkd,sex_t,eco_aggregate_agr,edu_isced11_3,2014,44.17
mkd,sex_t,eco_aggregate_agr,edu_isced11_3,2015,43.87
mkd,sex_t,eco_aggregate_agr,edu_isced11_3,2016,42.03
mkd,sex_t,eco_aggregate_agr,edu_isced11_3,2017,43.18
mkd,sex_t,eco_aggregate_agr,edu_isced11_3,2018,42.99
mkd,sex_t,eco_aggregate_agr,edu_isced11_3,2019,40.9
mkd,sex_t,eco_aggregate_agr,edu_isced11_3,2020,37.06
mkd,sex_t,eco_aggregate_agr,edu_isced11_3,2021,37.77
mkd,sex_t,eco_aggregate_agr,edu_isced11_3,2022,38.56
mkd,sex_t,eco_aggregate_agr,edu_isced11_3,2024,38.89
mkd,sex_t,eco_aggregate_agr,edu_isced11_4,2024,37.82
mkd,sex_t,eco_aggregate_agr,edu_isced11_5,2006,38.53
mkd,sex_t,eco_aggregate_agr,edu_isced11_5,2007,38.72
mkd,sex_t,eco_aggregate_agr,edu_isced11_5,2008,39.77
mkd,sex_t,eco_aggregate_agr,edu_isced11_5,2009,43.33
mkd,sex_t,eco_aggregate_agr,edu_isced11_5,2010,36.12
mkd,sex_t,eco_aggregate_agr,edu_isced11_5,2011,38.12
mkd,sex_t,eco_aggregate_agr,edu_isced11_5,2012,38.76
mkd,sex_t,eco_aggregate_agr,edu_isced11_5,2013,42.54
mkd,sex_t,eco_aggregate_agr,edu_isced11_5,2014,36.99
mkd,sex_t,eco_aggregate_agr,edu_isced11_5,2015,39.83
mkd,sex_t,eco_aggregate_agr,edu_isced11_5,2016,41.78
mkd,sex_t,eco_aggregate_agr,edu_isced11_5,2017,42.76
mkd,sex_t,eco_aggregate_agr,edu_isced11_5,2018,41.01
mkd,sex_t,eco_aggregate_agr,edu_isced11_5,2019,38.1
mkd,sex_t,eco_aggregate_agr,edu_isced11_5,2020,36.53
mkd,sex_t,eco_aggregate_agr,edu_isced11_5,2021,38.44
mkd,sex_t,eco_aggregate_agr,edu_isced11_5,2022,39.05
mkd,sex_t,eco_aggregate_agr,edu_isced11_5,2024,36.5
mkd,sex_t,eco_aggregate_agr,edu_isced11_6,2006,40.97
mkd,sex_t,eco_aggregate_agr,edu_isced11_6,2007,39.79
mkd,sex_t,eco_aggregate_agr,edu_isced11_6,2008,39.87
mkd,sex_t,eco_aggregate_agr,edu_isced11_6,2009,39.65
mkd,sex_t,eco_aggregate_agr,edu_isced11_6,2010,42.05
mkd,sex_t,eco_aggregate_agr,edu_isced11_6,2011,38.46
mkd,sex_t,eco_aggregate_agr,edu_isced11_6,2012,38.32
mkd,sex_t,eco_aggregate_agr,edu_isced11_6,2013,43.13
mkd,sex_t,eco_aggregate_agr,edu_isced11_6,2014,42.74
mkd,sex_t,eco_aggregate_agr,edu_isced11_6,2015,43.4
mkd,sex_t,eco_aggregate_agr,edu_isced11_6,2016,39.1
mkd,sex_t,eco_aggregate_agr,edu_isced11_6,2017,39.74
mkd,sex_t,eco_aggregate_agr,edu_isced11_6,2018,39.26
mkd,sex_t,eco_aggregate_agr,edu_isced11_6,2019,35.46
mkd,sex_t,eco_aggregate_agr,edu_isced11_6,2020,36.91
mkd,sex_t,eco_aggregate_agr,edu_isced11_6,2021,38.35
mkd,sex_t,eco_aggregate_agr,edu_isced11_6,2022,39.28
mkd,sex_t,eco_aggregate_agr,edu_isced11_6,2024,38.56
mkd,sex_t,eco_aggregate_agr,edu_isced11_7,2016,38.68
mkd,sex_t,eco_aggregate_agr,edu_isced11_total,2006,42.3
mkd,sex_t,eco_aggregate_agr,edu_isced11_total,2007,40.64
mkd,sex_t,eco_aggregate_agr,edu_isced11_total,2008,39.93
mkd,sex_t,eco_aggregate_agr,edu_isced11_total,2009,37.78
mkd,sex_t,eco_aggregate_agr,edu_isced11_total,2010,37.06
mkd,sex_t,eco_aggregate_agr,edu_isced11_total,2011,38.52
mkd,sex_t,eco_aggregate_agr,edu_isced11_total,2012,39.4
mkd,sex_t,eco_aggregate_agr,edu_isced11_total,2013,42.23
mkd,sex_t,eco_aggregate_agr,edu_isced11_total,2014,43.21
mkd,sex_t,eco_aggregate_agr,edu_isced11_total,2015,43.83
mkd,sex_t,eco_aggregate_agr,edu_isced11_total,2016,41.03
mkd,sex_t,eco_aggregate_agr,edu_isced11_total,2017,43.03
mkd,sex_t,eco_aggregate_agr,edu_isced11_total,2018,42.94
mkd,sex_t,eco_aggregate_agr,edu_isced11_total,2019,39.63
mkd,sex_t,eco_aggregate_agr,edu_isced11_total,2020,36.76
mkd,sex_t,eco_aggregate_agr,edu_isced11_total,2021,38.33
mkd,sex_t,eco_aggregate_agr,edu_isced11_total,2022,38.24
mkd,sex_t,eco_aggregate_agr,edu_isced11_total,2024,38.51
mkd,sex_t,eco_aggregate_agr,edu_isced11_x,2006,38.98
mkd,sex_t,eco_aggregate_agr,edu_isced11_x,2007,36.83
mkd,sex_t,eco_aggregate_agr,edu_isced11_x,2008,38.29
mkd,sex_t,eco_aggregate_agr,edu_isced11_x,2009,36.81
mkd,sex_t,eco_aggregate_agr,edu_isced11_x,2010,37.54
mkd,sex_t,eco_aggregate_agr,edu_isced11_x,2011,35.25
mkd,sex_t,eco_aggregate_agr,edu_isced11_x,2012,38.53
mkd,sex_t,eco_aggregate_agr,edu_isced11_x,2013,42.25
mkd,sex_t,eco_aggregate_agr,edu_isced11_x,2014,48.76
mkd,sex_t,eco_aggregate_agr,edu_isced11_x,2015,39.7
mkd,sex_t,eco_aggregate_agr,edu_isced11_x,2016,40.87
mkd,sex_t,eco_aggregate_agr,edu_isced11_x,2017,40.81
mkd,sex_t,eco_aggregate_agr,edu_isced11_x,2018,46.07
mkd,sex_t,eco_aggregate_agr,edu_isced11_x,2019,38.45
mkd,sex_t,eco_aggregate_agr,edu_isced11_x,2020,35.38
mkd,sex_t,eco_aggregate_agr,edu_isced11_x,2021,34.6
mkd,sex_t,eco_aggregate_agr,edu_isced11_x,2022,40.03
mkd,sex_t,eco_aggregate_agr,edu_isced11_x,2024,33.77
mkd,sex_t,eco_aggregate_con,edu_aggregate_adv,2006,44.37
mkd,sex_t,eco_aggregate_con,edu_aggregate_adv,2007,42.65
mkd,sex_t,eco_aggregate_con,edu_aggregate_adv,2008,41.49
mkd,sex_t,eco_aggregate_con,edu_aggregate_adv,2009,43.51
mkd,sex_t,eco_aggregate_con,edu_aggregate_adv,2010,43
mkd,sex_t,eco_aggregate_con,edu_aggregate_adv,2011,39.92
mkd,sex_t,eco_aggregate_con,edu_aggregate_adv,2012,41.71
mkd,sex_t,eco_aggregate_con,edu_aggregate_adv,2013,41.05
mkd,sex_t,eco_aggregate_con,edu_aggregate_adv,2014,40.86
mkd,sex_t,eco_aggregate_con,edu_aggregate_adv,2015,40.77
mkd,sex_t,eco_aggregate_con,edu_aggregate_adv,2016,40.67
mkd,sex_t,eco_aggregate_con,edu_aggregate_adv,2017,40.22
mkd,sex_t,eco_aggregate_con,edu_aggregate_adv,2018,40.51
mkd,sex_t,eco_aggregate_con,edu_aggregate_adv,2019,40.09
mkd,sex_t,eco_aggregate_con,edu_aggregate_adv,2020,38.42
mkd,sex_t,eco_aggregate_con,edu_aggregate_adv,2021,39.6
mkd,sex_t,eco_aggregate_con,edu_aggregate_adv,2022,39.38
mkd,sex_t,eco_aggregate_con,edu_aggregate_adv,2024,37.86
mkd,sex_t,eco_aggregate_con,edu_aggregate_bas,2006,47.81
mkd,sex_t,eco_aggregate_con,edu_aggregate_bas,2007,47.68
mkd,sex_t,eco_aggregate_con,edu_aggregate_bas,2008,48.88
mkd,sex_t,eco_aggregate_con,edu_aggregate_bas,2009,49.33
mkd,sex_t,eco_aggregate_con,edu_aggregate_bas,2010,47.24
mkd,sex_t,eco_aggregate_con,edu_aggregate_bas,2011,46.75
mkd,sex_t,eco_aggregate_con,edu_aggregate_bas,2012,45.62
mkd,sex_t,eco_aggregate_con,edu_aggregate_bas,2013,43.88
mkd,sex_t,eco_aggregate_con,edu_aggregate_bas,2014,44.01
mkd,sex_t,eco_aggregate_con,edu_aggregate_bas,2015,43.76
mkd,sex_t,eco_aggregate_con,edu_aggregate_bas,2016,44.67
mkd,sex_t,eco_aggregate_con,edu_aggregate_bas,2017,44.39
mkd,sex_t,eco_aggregate_con,edu_aggregate_bas,2018,42.65
mkd,sex_t,eco_aggregate_con,edu_aggregate_bas,2019,42.78
mkd,sex_t,eco_aggregate_con,edu_aggregate_bas,2020,40.31
mkd,sex_t,eco_aggregate_con,edu_aggregate_bas,2021,41.81
mkd,sex_t,eco_aggregate_con,edu_aggregate_bas,2022,41.65
mkd,sex_t,eco_aggregate_con,edu_aggregate_bas,2024,41.1
mkd,sex_t,eco_aggregate_con,edu_aggregate_int,2006,45.24
mkd,sex_t,eco_aggregate_con,edu_aggregate_int,2007,45.92
mkd,sex_t,eco_aggregate_con,edu_aggregate_int,2008,46.27
mkd,sex_t,eco_aggregate_con,edu_aggregate_int,2009,44.5
mkd,sex_t,eco_aggregate_con,edu_aggregate_int,2010,45.45
mkd,sex_t,eco_aggregate_con,edu_aggregate_int,2011,43.98
mkd,sex_t,eco_aggregate_con,edu_aggregate_int,2012,42.6
mkd,sex_t,eco_aggregate_con,edu_aggregate_int,2013,43.38
mkd,sex_t,eco_aggregate_con,edu_aggregate_int,2014,42
mkd,sex_t,eco_aggregate_con,edu_aggregate_int,2015,41.93
mkd,sex_t,eco_aggregate_con,edu_aggregate_int,2016,42.97
mkd,sex_t,eco_aggregate_con,edu_aggregate_int,2017,42.96
mkd,sex_t,eco_aggregate_con,edu_aggregate_int,2018,42.21
mkd,sex_t,eco_aggregate_con,edu_aggregate_int,2019,41.09
mkd,sex_t,eco_aggregate_con,edu_aggregate_int,2020,39.1
mkd,sex_t,eco_aggregate_con,edu_aggregate_int,2021,41.01
mkd,sex_t,eco_aggregate_con,edu_aggregate_int,2022,39.96
mkd,sex_t,eco_aggregate_con,edu_aggregate_int,2024,40.2
mkd,sex_t,eco_aggregate_con,edu_aggregate_ltb,2006,39.68
mkd,sex_t,eco_aggregate_con,edu_aggregate_ltb,2007,45.42
mkd,sex_t,eco_aggregate_con,edu_aggregate_ltb,2008,48.04
mkd,sex_t,eco_aggregate_con,edu_aggregate_ltb,2009,45.89
mkd,sex_t,eco_aggregate_con,edu_aggregate_ltb,2010,46.21
mkd,sex_t,eco_aggregate_con,edu_aggregate_ltb,2011,39.68
mkd,sex_t,eco_aggregate_con,edu_aggregate_ltb,2012,41.55
mkd,sex_t,eco_aggregate_con,edu_aggregate_ltb,2013,41.25
mkd,sex_t,eco_aggregate_con,edu_aggregate_ltb,2014,43.23
mkd,sex_t,eco_aggregate_con,edu_aggregate_ltb,2015,39.16
mkd,sex_t,eco_aggregate_con,edu_aggregate_ltb,2016,42.82
mkd,sex_t,eco_aggregate_con,edu_aggregate_ltb,2017,39.98
mkd,sex_t,eco_aggregate_con,edu_aggregate_ltb,2018,39.38
mkd,sex_t,eco_aggregate_con,edu_aggregate_ltb,2019,35.66
mkd,sex_t,eco_aggregate_con,edu_aggregate_ltb,2020,40.92
mkd,sex_t,eco_aggregate_con,edu_aggregate_ltb,2021,35.88
mkd,sex_t,eco_aggregate_con,edu_aggregate_ltb,2022,41.33
mkd,sex_t,eco_aggregate_con,edu_aggregate_total,2006,46.15
mkd,sex_t,eco_aggregate_con,edu_aggregate_total,2007,46.32
mkd,sex_t,eco_aggregate_con,edu_aggregate_total,2008,47.09
mkd,sex_t,eco_aggregate_con,edu_aggregate_total,2009,46.63
mkd,sex_t,eco_aggregate_con,edu_aggregate_total,2010,45.87
mkd,sex_t,eco_aggregate_con,edu_aggregate_total,2011,44.37
mkd,sex_t,eco_aggregate_con,edu_aggregate_total,2012,43.49
mkd,sex_t,eco_aggregate_con,edu_aggregate_total,2013,43.33
mkd,sex_t,eco_aggregate_con,edu_aggregate_total,2014,42.58
mkd,sex_t,eco_aggregate_con,edu_aggregate_total,2015,42.44
mkd,sex_t,eco_aggregate_con,edu_aggregate_total,2016,43.15
mkd,sex_t,eco_aggregate_con,edu_aggregate_total,2017,42.96
mkd,sex_t,eco_aggregate_con,edu_aggregate_total,2018,42.1
mkd,sex_t,eco_aggregate_con,edu_aggregate_total,2019,41.44
mkd,sex_t,eco_aggregate_con,edu_aggregate_total,2020,39.42
mkd,sex_t,eco_aggregate_con,edu_aggregate_total,2021,41
mkd,sex_t,eco_aggregate_con,edu_aggregate_total,2022,40.35
mkd,sex_t,eco_aggregate_con,edu_aggregate_total,2024,40.09
mkd,sex_t,eco_aggregate_con,edu_isced11_0,2006,42.49
mkd,sex_t,eco_aggregate_con,edu_isced11_0,2007,46.26
mkd,sex_t,eco_aggregate_con,edu_isced11_0,2008,46.42
mkd,sex_t,eco_aggregate_con,edu_isced11_0,2009,46.15
mkd,sex_t,eco_aggregate_con,edu_isced11_0,2010,46.21
mkd,sex_t,eco_aggregate_con,edu_isced11_0,2011,41.07
mkd,sex_t,eco_aggregate_con,edu_isced11_0,2012,43.5
mkd,sex_t,eco_aggregate_con,edu_isced11_0,2013,41.25
mkd,sex_t,eco_aggregate_con,edu_isced11_0,2014,43.23
mkd,sex_t,eco_aggregate_con,edu_isced11_0,2015,38.95
mkd,sex_t,eco_aggregate_con,edu_isced11_0,2016,42.53
mkd,sex_t,eco_aggregate_con,edu_isced11_0,2017,39.42
mkd,sex_t,eco_aggregate_con,edu_isced11_0,2018,41.63
mkd,sex_t,eco_aggregate_con,edu_isced11_0,2019,35.27
mkd,sex_t,eco_aggregate_con,edu_isced11_0,2020,41.02
mkd,sex_t,eco_aggregate_con,edu_isced11_0,2021,34.23
mkd,sex_t,eco_aggregate_con,edu_isced11_0,2022,41.33
mkd,sex_t,eco_aggregate_con,edu_isced11_1,2006,47.91
mkd,sex_t,eco_aggregate_con,edu_isced11_1,2007,47.73
mkd,sex_t,eco_aggregate_con,edu_isced11_1,2008,48.96
mkd,sex_t,eco_aggregate_con,edu_isced11_1,2009,49.38
mkd,sex_t,eco_aggregate_con,edu_isced11_1,2010,47.26
mkd,sex_t,eco_aggregate_con,edu_isced11_1,2011,46.86
mkd,sex_t,eco_aggregate_con,edu_isced11_1,2012,45.71
mkd,sex_t,eco_aggregate_con,edu_isced11_1,2013,44.1
mkd,sex_t,eco_aggregate_con,edu_isced11_1,2014,44.01
mkd,sex_t,eco_aggregate_con,edu_isced11_1,2015,43.78
mkd,sex_t,eco_aggregate_con,edu_isced11_1,2016,44.71
mkd,sex_t,eco_aggregate_con,edu_isced11_1,2017,44.4
mkd,sex_t,eco_aggregate_con,edu_isced11_1,2018,42.66
mkd,sex_t,eco_aggregate_con,edu_isced11_1,2019,42.8
mkd,sex_t,eco_aggregate_con,edu_isced11_1,2020,40.31
mkd,sex_t,eco_aggregate_con,edu_isced11_1,2021,41.82
mkd,sex_t,eco_aggregate_con,edu_isced11_1,2022,41.65
mkd,sex_t,eco_aggregate_con,edu_isced11_1,2024,41.1
mkd,sex_t,eco_aggregate_con,edu_isced11_2,2006,43.02
mkd,sex_t,eco_aggregate_con,edu_isced11_2,2007,44.65
mkd,sex_t,eco_aggregate_con,edu_isced11_2,2008,46.62
mkd,sex_t,eco_aggregate_con,edu_isced11_2,2009,47.59
mkd,sex_t,eco_aggregate_con,edu_isced11_2,2012,35.31
mkd,sex_t,eco_aggregate_con,edu_isced11_2,2017,44.14
mkd,sex_t,eco_aggregate_con,edu_isced11_3,2006,45.24
mkd,sex_t,eco_aggregate_con,edu_isced11_3,2007,45.92
mkd,sex_t,eco_aggregate_con,edu_isced11_3,2008,46.27
mkd,sex_t,eco_aggregate_con,edu_isced11_3,2009,44.5
mkd,sex_t,eco_aggregate_con,edu_isced11_3,2010,45.45
mkd,sex_t,eco_aggregate_con,edu_isced11_3,2011,43.98
mkd,sex_t,eco_aggregate_con,edu_isced11_3,2012,42.6
mkd,sex_t,eco_aggregate_con,edu_isced11_3,2013,43.38
mkd,sex_t,eco_aggregate_con,edu_isced11_3,2014,42
mkd,sex_t,eco_aggregate_con,edu_isced11_3,2015,41.93
mkd,sex_t,eco_aggregate_con,edu_isced11_3,2016,42.97
mkd,sex_t,eco_aggregate_con,edu_isced11_3,2017,42.96
mkd,sex_t,eco_aggregate_con,edu_isced11_3,2018,42.21
mkd,sex_t,eco_aggregate_con,edu_isced11_3,2019,41.09
mkd,sex_t,eco_aggregate_con,edu_isced11_3,2020,39.09
mkd,sex_t,eco_aggregate_con,edu_isced11_3,2021,41.04
mkd,sex_t,eco_aggregate_con,edu_isced11_3,2022,39.97
mkd,sex_t,eco_aggregate_con,edu_isced11_3,2024,39.6
mkd,sex_t,eco_aggregate_con,edu_isced11_4,2021,38.79
mkd,sex_t,eco_aggregate_con,edu_isced11_4,2024,42.31
mkd,sex_t,eco_aggregate_con,edu_isced11_5,2006,44.07
mkd,sex_t,eco_aggregate_con,edu_isced11_5,2007,41.56
mkd,sex_t,eco_aggregate_con,edu_isced11_5,2008,41.29
mkd,sex_t,eco_aggregate_con,edu_isced11_5,2009,37.63
mkd,sex_t,eco_aggregate_con,edu_isced11_5,2010,45.04
mkd,sex_t,eco_aggregate_con,edu_isced11_5,2011,45.73
mkd,sex_t,eco_aggregate_con,edu_isced11_5,2012,43.66
mkd,sex_t,eco_aggregate_con,edu_isced11_5,2013,41.34
mkd,sex_t,eco_aggregate_con,edu_isced11_5,2014,43.35
mkd,sex_t,eco_aggregate_con,edu_isced11_5,2015,41.2
mkd,sex_t,eco_aggregate_con,edu_isced11_5,2016,42.44
mkd,sex_t,eco_aggregate_con,edu_isced11_5,2017,40.65
mkd,sex_t,eco_aggregate_con,edu_isced11_5,2018,39.27
mkd,sex_t,eco_aggregate_con,edu_isced11_5,2019,38.49
mkd,sex_t,eco_aggregate_con,edu_isced11_5,2020,33.23
mkd,sex_t,eco_aggregate_con,edu_isced11_5,2021,39.68
mkd,sex_t,eco_aggregate_con,edu_isced11_5,2022,37.85
mkd,sex_t,eco_aggregate_con,edu_isced11_5,2024,32.84
mkd,sex_t,eco_aggregate_con,edu_isced11_6,2006,44.46
mkd,sex_t,eco_aggregate_con,edu_isced11_6,2007,42.87
mkd,sex_t,eco_aggregate_con,edu_isced11_6,2008,41.55
mkd,sex_t,eco_aggregate_con,edu_isced11_6,2009,44.4
mkd,sex_t,eco_aggregate_con,edu_isced11_6,2010,42.58
mkd,sex_t,eco_aggregate_con,edu_isced11_6,2011,38.56
mkd,sex_t,eco_aggregate_con,edu_isced11_6,2012,41.62
mkd,sex_t,eco_aggregate_con,edu_isced11_6,2013,41.05
mkd,sex_t,eco_aggregate_con,edu_isced11_6,2014,40.57
mkd,sex_t,eco_aggregate_con,edu_isced11_6,2015,40.88
mkd,sex_t,eco_aggregate_con,edu_isced11_6,2016,40.38
mkd,sex_t,eco_aggregate_con,edu_isced11_6,2017,40.3
mkd,sex_t,eco_aggregate_con,edu_isced11_6,2018,40.66
mkd,sex_t,eco_aggregate_con,edu_isced11_6,2019,40.27
mkd,sex_t,eco_aggregate_con,edu_isced11_6,2020,38.58
mkd,sex_t,eco_aggregate_con,edu_isced11_6,2021,39.57
mkd,sex_t,eco_aggregate_con,edu_isced11_6,2022,39.43
mkd,sex_t,eco_aggregate_con,edu_isced11_6,2024,38.17
mkd,sex_t,eco_aggregate_con,edu_isced11_7,2012,37.84
mkd,sex_t,eco_aggregate_con,edu_isced11_7,2015,38.55
mkd,sex_t,eco_aggregate_con,edu_isced11_7,2016,42.71
mkd,sex_t,eco_aggregate_con,edu_isced11_7,2017,38.88
mkd,sex_t,eco_aggregate_con,edu_isced11_7,2018,40
mkd,sex_t,eco_aggregate_con,edu_isced11_7,2019,38.7
mkd,sex_t,eco_aggregate_con,edu_isced11_7,2020,38.23
mkd,sex_t,eco_aggregate_con,edu_isced11_7,2021,40
mkd,sex_t,eco_aggregate_con,edu_isced11_7,2022,40
mkd,sex_t,eco_aggregate_con,edu_isced11_7,2024,37.31
mkd,sex_t,eco_aggregate_con,edu_isced11_total,2006,46.15
mkd,sex_t,eco_aggregate_con,edu_isced11_total,2007,46.32
mkd,sex_t,eco_aggregate_con,edu_isced11_total,2008,47.09
mkd,sex_t,eco_aggregate_con,edu_isced11_total,2009,46.63
mkd,sex_t,eco_aggregate_con,edu_isced11_total,2010,45.87
mkd,sex_t,eco_aggregate_con,edu_isced11_total,2011,44.37
mkd,sex_t,eco_aggregate_con,edu_isced11_total,2012,43.49
mkd,sex_t,eco_aggregate_con,edu_isced11_total,2013,43.33
mkd,sex_t,eco_aggregate_con,edu_isced11_total,2014,42.58
mkd,sex_t,eco_aggregate_con,edu_isced11_total,2015,42.44
mkd,sex_t,eco_aggregate_con,edu_isced11_total,2016,43.15
mkd,sex_t,eco_aggregate_con,edu_isced11_total,2017,42.96
mkd,sex_t,eco_aggregate_con,edu_isced11_total,2018,42.1
mkd,sex_t,eco_aggregate_con,edu_isced11_total,2019,41.44
mkd,sex_t,eco_aggregate_con,edu_isced11_total,2020,39.42
mkd,sex_t,eco_aggregate_con,edu_isced11_total,2021,41
mkd,sex_t,eco_aggregate_con,edu_isced11_total,2022,40.35
mkd,sex_t,eco_aggregate_con,edu_isced11_total,2024,40.09
mkd,sex_t,eco_aggregate_con,edu_isced11_x,2006,21.89
mkd,sex_t,eco_aggregate_con,edu_isced11_x,2016,43.45
mkd,sex_t,eco_aggregate_con,edu_isced11_x,2017,41.22
mkd,sex_t,eco_aggregate_con,edu_isced11_x,2019,37.03
mkd,sex_t,eco_aggregate_con,edu_isced11_x,2021,41.64
mkd,sex_t,eco_aggregate_man,edu_aggregate_adv,2006,43.23
mkd,sex_t,eco_aggregate_man,edu_aggregate_adv,2007,42.59
mkd,sex_t,eco_aggregate_man,edu_aggregate_adv,2008,42.11
mkd,sex_t,eco_aggregate_man,edu_aggregate_adv,2009,41.73
mkd,sex_t,eco_aggregate_man,edu_aggregate_adv,2010,41.88
mkd,sex_t,eco_aggregate_man,edu_aggregate_adv,2011,41.06
mkd,sex_t,eco_aggregate_man,edu_aggregate_adv,2012,41.2
mkd,sex_t,eco_aggregate_man,edu_aggregate_adv,2013,40.75
mkd,sex_t,eco_aggregate_man,edu_aggregate_adv,2014,41.18
mkd,sex_t,eco_aggregate_man,edu_aggregate_adv,2015,40.55
mkd,sex_t,eco_aggregate_man,edu_aggregate_adv,2016,41.36
mkd,sex_t,eco_aggregate_man,edu_aggregate_adv,2017,42.34
mkd,sex_t,eco_aggregate_man,edu_aggregate_adv,2018,40.79
mkd,sex_t,eco_aggregate_man,edu_aggregate_adv,2019,40.31
mkd,sex_t,eco_aggregate_man,edu_aggregate_adv,2020,39.25
mkd,sex_t,eco_aggregate_man,edu_aggregate_adv,2021,40.04
mkd,sex_t,eco_aggregate_man,edu_aggregate_adv,2022,39.8
mkd,sex_t,eco_aggregate_man,edu_aggregate_adv,2024,38.38
mkd,sex_t,eco_aggregate_man,edu_aggregate_bas,2006,44.97
mkd,sex_t,eco_aggregate_man,edu_aggregate_bas,2007,44.18
mkd,sex_t,eco_aggregate_man,edu_aggregate_bas,2008,44.36
mkd,sex_t,eco_aggregate_man,edu_aggregate_bas,2009,43.76
mkd,sex_t,eco_aggregate_man,edu_aggregate_bas,2010,44.48
mkd,sex_t,eco_aggregate_man,edu_aggregate_bas,2011,44.43
mkd,sex_t,eco_aggregate_man,edu_aggregate_bas,2012,43.83
mkd,sex_t,eco_aggregate_man,edu_aggregate_bas,2013,43.36
mkd,sex_t,eco_aggregate_man,edu_aggregate_bas,2014,43.37
mkd,sex_t,eco_aggregate_man,edu_aggregate_bas,2015,41.84
mkd,sex_t,eco_aggregate_man,edu_aggregate_bas,2016,43.43
mkd,sex_t,eco_aggregate_man,edu_aggregate_bas,2017,44.02
mkd,sex_t,eco_aggregate_man,edu_aggregate_bas,2018,43.02
mkd,sex_t,eco_aggregate_man,edu_aggregate_bas,2019,42.79
mkd,sex_t,eco_aggregate_man,edu_aggregate_bas,2020,41.03
mkd,sex_t,eco_aggregate_man,edu_aggregate_bas,2021,40.45
mkd,sex_t,eco_aggregate_man,edu_aggregate_bas,2022,40.77
mkd,sex_t,eco_aggregate_man,edu_aggregate_bas,2024,39.26
mkd,sex_t,eco_aggregate_man,edu_aggregate_int,2006,44.24
mkd,sex_t,eco_aggregate_man,edu_aggregate_int,2007,44.2
mkd,sex_t,eco_aggregate_man,edu_aggregate_int,2008,43.94
mkd,sex_t,eco_aggregate_man,edu_aggregate_int,2009,43.18
mkd,sex_t,eco_aggregate_man,edu_aggregate_int,2010,43.32
mkd,sex_t,eco_aggregate_man,edu_aggregate_int,2011,43.33
mkd,sex_t,eco_aggregate_man,edu_aggregate_int,2012,42.83
mkd,sex_t,eco_aggregate_man,edu_aggregate_int,2013,42.68
mkd,sex_t,eco_aggregate_man,edu_aggregate_int,2014,41.9
mkd,sex_t,eco_aggregate_man,edu_aggregate_int,2015,41.82
mkd,sex_t,eco_aggregate_man,edu_aggregate_int,2016,42.3
mkd,sex_t,eco_aggregate_man,edu_aggregate_int,2017,42.6
mkd,sex_t,eco_aggregate_man,edu_aggregate_int,2018,42.09
mkd,sex_t,eco_aggregate_man,edu_aggregate_int,2019,41.19
mkd,sex_t,eco_aggregate_man,edu_aggregate_int,2020,39.92
mkd,sex_t,eco_aggregate_man,edu_aggregate_int,2021,40.35
mkd,sex_t,eco_aggregate_man,edu_aggregate_int,2022,40.54
mkd,sex_t,eco_aggregate_man,edu_aggregate_int,2024,38.91
mkd,sex_t,eco_aggregate_man,edu_aggregate_ltb,2006,45.52
mkd,sex_t,eco_aggregate_man,edu_aggregate_ltb,2007,43.62
mkd,sex_t,eco_aggregate_man,edu_aggregate_ltb,2008,42.92
mkd,sex_t,eco_aggregate_man,edu_aggregate_ltb,2009,39.12
mkd,sex_t,eco_aggregate_man,edu_aggregate_ltb,2010,40.17
mkd,sex_t,eco_aggregate_man,edu_aggregate_ltb,2011,42.33
mkd,sex_t,eco_aggregate_man,edu_aggregate_ltb,2012,40.66
mkd,sex_t,eco_aggregate_man,edu_aggregate_ltb,2013,38.36
mkd,sex_t,eco_aggregate_man,edu_aggregate_ltb,2014,41.47
mkd,sex_t,eco_aggregate_man,edu_aggregate_ltb,2015,42.94
mkd,sex_t,eco_aggregate_man,edu_aggregate_ltb,2016,42.23
mkd,sex_t,eco_aggregate_man,edu_aggregate_ltb,2017,39.07
mkd,sex_t,eco_aggregate_man,edu_aggregate_ltb,2018,41.29
mkd,sex_t,eco_aggregate_man,edu_aggregate_ltb,2019,41.56
mkd,sex_t,eco_aggregate_man,edu_aggregate_ltb,2020,38.56
mkd,sex_t,eco_aggregate_man,edu_aggregate_ltb,2021,39.32
mkd,sex_t,eco_aggregate_man,edu_aggregate_ltb,2022,41.38
mkd,sex_t,eco_aggregate_man,edu_aggregate_ltb,2024,40.42
mkd,sex_t,eco_aggregate_man,edu_aggregate_total,2006,44.31
mkd,sex_t,eco_aggregate_man,edu_aggregate_total,2007,44.03
mkd,sex_t,eco_aggregate_man,edu_aggregate_total,2008,43.85
mkd,sex_t,eco_aggregate_man,edu_aggregate_total,2009,43.13
mkd,sex_t,eco_aggregate_man,edu_aggregate_total,2010,43.37
mkd,sex_t,eco_aggregate_man,edu_aggregate_total,2011,43.3
mkd,sex_t,eco_aggregate_man,edu_aggregate_total,2012,42.8
mkd,sex_t,eco_aggregate_man,edu_aggregate_total,2013,42.57
mkd,sex_t,eco_aggregate_man,edu_aggregate_total,2014,42.08
mkd,sex_t,eco_aggregate_man,edu_aggregate_total,2015,41.67
mkd,sex_t,eco_aggregate_man,edu_aggregate_total,2016,42.34
mkd,sex_t,eco_aggregate_man,edu_aggregate_total,2017,42.74
mkd,sex_t,eco_aggregate_man,edu_aggregate_total,2018,42.03
mkd,sex_t,eco_aggregate_man,edu_aggregate_total,2019,41.29
mkd,sex_t,eco_aggregate_man,edu_aggregate_total,2020,39.97
mkd,sex_t,eco_aggregate_man,edu_aggregate_total,2021,40.32
mkd,sex_t,eco_aggregate_man,edu_aggregate_total,2022,40.47
mkd,sex_t,eco_aggregate_man,edu_aggregate_total,2024,38.92
mkd,sex_t,eco_aggregate_man,edu_isced11_0,2006,45.35
mkd,sex_t,eco_aggregate_man,edu_isced11_0,2007,41.07
mkd,sex_t,eco_aggregate_man,edu_isced11_0,2008,42
mkd,sex_t,eco_aggregate_man,edu_isced11_0,2009,40
mkd,sex_t,eco_aggregate_man,edu_isced11_0,2010,40.18
mkd,sex_t,eco_aggregate_man,edu_isced11_0,2011,43.45
mkd,sex_t,eco_aggregate_man,edu_isced11_0,2012,40.13
mkd,sex_t,eco_aggregate_man,edu_isced11_0,2013,39.37
mkd,sex_t,eco_aggregate_man,edu_isced11_0,2014,43.16
mkd,sex_t,eco_aggregate_man,edu_isced11_0,2015,41.88
mkd,sex_t,eco_aggregate_man,edu_isced11_0,2016,42.16
mkd,sex_t,eco_aggregate_man,edu_isced11_0,2017,38.95
mkd,sex_t,eco_aggregate_man,edu_isced11_0,2018,41.46
mkd,sex_t,eco_aggregate_man,edu_isced11_0,2019,40.85
mkd,sex_t,eco_aggregate_man,edu_isced11_0,2020,38.5
mkd,sex_t,eco_aggregate_man,edu_isced11_0,2021,39.74
mkd,sex_t,eco_aggregate_man,edu_isced11_0,2024,42.83
mkd,sex_t,eco_aggregate_man,edu_isced11_1,2006,45.04
mkd,sex_t,eco_aggregate_man,edu_isced11_1,2007,44.13
mkd,sex_t,eco_aggregate_man,edu_isced11_1,2008,44.38
mkd,sex_t,eco_aggregate_man,edu_isced11_1,2009,43.75
mkd,sex_t,eco_aggregate_man,edu_isced11_1,2010,44.41
mkd,sex_t,eco_aggregate_man,edu_isced11_1,2011,44.38
mkd,sex_t,eco_aggregate_man,edu_isced11_1,2012,43.85
mkd,sex_t,eco_aggregate_man,edu_isced11_1,2013,43.43
mkd,sex_t,eco_aggregate_man,edu_isced11_1,2014,43.38
mkd,sex_t,eco_aggregate_man,edu_isced11_1,2015,41.84
mkd,sex_t,eco_aggregate_man,edu_isced11_1,2016,43.46
mkd,sex_t,eco_aggregate_man,edu_isced11_1,2017,44.04
mkd,sex_t,eco_aggregate_man,edu_isced11_1,2018,43.02
mkd,sex_t,eco_aggregate_man,edu_isced11_1,2019,42.81
mkd,sex_t,eco_aggregate_man,edu_isced11_1,2020,41.05
mkd,sex_t,eco_aggregate_man,edu_isced11_1,2021,40.42
mkd,sex_t,eco_aggregate_man,edu_isced11_1,2022,40.69
mkd,sex_t,eco_aggregate_man,edu_isced11_1,2024,39.25
mkd,sex_t,eco_aggregate_man,edu_isced11_2,2006,43.04
mkd,sex_t,eco_aggregate_man,edu_isced11_2,2007,46.08
mkd,sex_t,eco_aggregate_man,edu_isced11_2,2008,43.71
mkd,sex_t,eco_aggregate_man,edu_isced11_2,2009,44.45
mkd,sex_t,eco_aggregate_man,edu_isced11_2,2010,46.87
mkd,sex_t,eco_aggregate_man,edu_isced11_2,2011,46.01
mkd,sex_t,eco_aggregate_man,edu_isced11_2,2012,43.41
mkd,sex_t,eco_aggregate_man,edu_isced11_2,2013,40.42
mkd,sex_t,eco_aggregate_man,edu_isced11_2,2014,42.86
mkd,sex_t,eco_aggregate_man,edu_isced11_2,2015,42.24
mkd,sex_t,eco_aggregate_man,edu_isced11_2,2016,42.59
mkd,sex_t,eco_aggregate_man,edu_isced11_2,2017,43.18
mkd,sex_t,eco_aggregate_man,edu_isced11_2,2018,43.05
mkd,sex_t,eco_aggregate_man,edu_isced11_2,2019,41.7
mkd,sex_t,eco_aggregate_man,edu_isced11_2,2020,40
mkd,sex_t,eco_aggregate_man,edu_isced11_2,2022,46.15
mkd,sex_t,eco_aggregate_man,edu_isced11_2,2024,40
mkd,sex_t,eco_aggregate_man,edu_isced11_3,2006,44.24
mkd,sex_t,eco_aggregate_man,edu_isced11_3,2007,44.2
mkd,sex_t,eco_aggregate_man,edu_isced11_3,2008,43.94
mkd,sex_t,eco_aggregate_man,edu_isced11_3,2009,43.18
mkd,sex_t,eco_aggregate_man,edu_isced11_3,2010,43.32
mkd,sex_t,eco_aggregate_man,edu_isced11_3,2011,43.33
mkd,sex_t,eco_aggregate_man,edu_isced11_3,2012,42.83
mkd,sex_t,eco_aggregate_man,edu_isced11_3,2013,42.68
mkd,sex_t,eco_aggregate_man,edu_isced11_3,2014,41.9
mkd,sex_t,eco_aggregate_man,edu_isced11_3,2015,41.82
mkd,sex_t,eco_aggregate_man,edu_isced11_3,2016,42.3
mkd,sex_t,eco_aggregate_man,edu_isced11_3,2017,42.6
mkd,sex_t,eco_aggregate_man,edu_isced11_3,2018,42.09
mkd,sex_t,eco_aggregate_man,edu_isced11_3,2019,41.19
mkd,sex_t,eco_aggregate_man,edu_isced11_3,2020,39.95
mkd,sex_t,eco_aggregate_man,edu_isced11_3,2021,40.34
mkd,sex_t,eco_aggregate_man,edu_isced11_3,2022,40.53
mkd,sex_t,eco_aggregate_man,edu_isced11_3,2024,38.82
mkd,sex_t,eco_aggregate_man,edu_isced11_4,2020,34.33
mkd,sex_t,eco_aggregate_man,edu_isced11_4,2021,44.5
mkd,sex_t,eco_aggregate_man,edu_isced11_4,2024,39.34
mkd,sex_t,eco_aggregate_man,edu_isced11_5,2006,44.02
mkd,sex_t,eco_aggregate_man,edu_isced11_5,2007,43.18
mkd,sex_t,eco_aggregate_man,edu_isced11_5,2008,42.24
mkd,sex_t,eco_aggregate_man,edu_isced11_5,2009,41.68
mkd,sex_t,eco_aggregate_man,edu_isced11_5,2010,42.38
mkd,sex_t,eco_aggregate_man,edu_isced11_5,2011,41.03
mkd,sex_t,eco_aggregate_man,edu_isced11_5,2012,41.42
mkd,sex_t,eco_aggregate_man,edu_isced11_5,2013,40.9
mkd,sex_t,eco_aggregate_man,edu_isced11_5,2014,42.54
mkd,sex_t,eco_aggregate_man,edu_isced11_5,2015,41.91
mkd,sex_t,eco_aggregate_man,edu_isced11_5,2016,43.85
mkd,sex_t,eco_aggregate_man,edu_isced11_5,2017,42.13
mkd,sex_t,eco_aggregate_man,edu_isced11_5,2018,40.94
mkd,sex_t,eco_aggregate_man,edu_isced11_5,2019,42.45
mkd,sex_t,eco_aggregate_man,edu_isced11_5,2020,39.18
mkd,sex_t,eco_aggregate_man,edu_isced11_5,2021,40.46
mkd,sex_t,eco_aggregate_man,edu_isced11_5,2022,40.26
mkd,sex_t,eco_aggregate_man,edu_isced11_5,2024,38
mkd,sex_t,eco_aggregate_man,edu_isced11_6,2006,42.8
mkd,sex_t,eco_aggregate_man,edu_isced11_6,2007,42.33
mkd,sex_t,eco_aggregate_man,edu_isced11_6,2008,41.95
mkd,sex_t,eco_aggregate_man,edu_isced11_6,2009,41.74
mkd,sex_t,eco_aggregate_man,edu_isced11_6,2010,41.82
mkd,sex_t,eco_aggregate_man,edu_isced11_6,2011,41.19
mkd,sex_t,eco_aggregate_man,edu_isced11_6,2012,41.12
mkd,sex_t,eco_aggregate_man,edu_isced11_6,2013,40.68
mkd,sex_t,eco_aggregate_man,edu_isced11_6,2014,41.03
mkd,sex_t,eco_aggregate_man,edu_isced11_6,2015,40.37
mkd,sex_t,eco_aggregate_man,edu_isced11_6,2016,40.98
mkd,sex_t,eco_aggregate_man,edu_isced11_6,2017,42.41
mkd,sex_t,eco_aggregate_man,edu_isced11_6,2018,40.81
mkd,sex_t,eco_aggregate_man,edu_isced11_6,2019,39.97
mkd,sex_t,eco_aggregate_man,edu_isced11_6,2020,39.39
mkd,sex_t,eco_aggregate_man,edu_isced11_6,2021,39.96
mkd,sex_t,eco_aggregate_man,edu_isced11_6,2022,39.6
mkd,sex_t,eco_aggregate_man,edu_isced11_6,2024,38.37
mkd,sex_t,eco_aggregate_man,edu_isced11_7,2008,45.21
mkd,sex_t,eco_aggregate_man,edu_isced11_7,2009,41.68
mkd,sex_t,eco_aggregate_man,edu_isced11_7,2010,38.44
mkd,sex_t,eco_aggregate_man,edu_isced11_7,2011,36.1
mkd,sex_t,eco_aggregate_man,edu_isced11_7,2012,42.1
mkd,sex_t,eco_aggregate_man,edu_isced11_7,2013,41.43
mkd,sex_t,eco_aggregate_man,edu_isced11_7,2014,39.86
mkd,sex_t,eco_aggregate_man,edu_isced11_7,2015,39.87
mkd,sex_t,eco_aggregate_man,edu_isced11_7,2016,40.84
mkd,sex_t,eco_aggregate_man,edu_isced11_7,2017,41.5
mkd,sex_t,eco_aggregate_man,edu_isced11_7,2018,40.29
mkd,sex_t,eco_aggregate_man,edu_isced11_7,2019,39.83
mkd,sex_t,eco_aggregate_man,edu_isced11_7,2020,37.35
mkd,sex_t,eco_aggregate_man,edu_isced11_7,2021,40.27
mkd,sex_t,eco_aggregate_man,edu_isced11_7,2022,41.61
mkd,sex_t,eco_aggregate_man,edu_isced11_7,2024,38.62
mkd,sex_t,eco_aggregate_man,edu_isced11_total,2006,44.31
mkd,sex_t,eco_aggregate_man,edu_isced11_total,2007,44.03
mkd,sex_t,eco_aggregate_man,edu_isced11_total,2008,43.85
mkd,sex_t,eco_aggregate_man,edu_isced11_total,2009,43.13
mkd,sex_t,eco_aggregate_man,edu_isced11_total,2010,43.37
mkd,sex_t,eco_aggregate_man,edu_isced11_total,2011,43.3
mkd,sex_t,eco_aggregate_man,edu_isced11_total,2012,42.8
mkd,sex_t,eco_aggregate_man,edu_isced11_total,2013,42.57
mkd,sex_t,eco_aggregate_man,edu_isced11_total,2014,42.08
mkd,sex_t,eco_aggregate_man,edu_isced11_total,2015,41.67
mkd,sex_t,eco_aggregate_man,edu_isced11_total,2016,42.34
mkd,sex_t,eco_aggregate_man,edu_isced11_total,2017,42.74
mkd,sex_t,eco_aggregate_man,edu_isced11_total,2018,42.03
mkd,sex_t,eco_aggregate_man,edu_isced11_total,2019,41.29
mkd,sex_t,eco_aggregate_man,edu_isced11_total,2020,39.97
mkd,sex_t,eco_aggregate_man,edu_isced11_total,2021,40.32
mkd,sex_t,eco_aggregate_man,edu_isced11_total,2022,40.47
mkd,sex_t,eco_aggregate_man,edu_isced11_total,2024,38.92
mkd,sex_t,eco_aggregate_man,edu_isced11_x,2006,46.76
mkd,sex_t,eco_aggregate_man,edu_isced11_x,2007,47.84
mkd,sex_t,eco_aggregate_man,edu_isced11_x,2008,44.15
mkd,sex_t,eco_aggregate_man,edu_isced11_x,2009,36.41
mkd,sex_t,eco_aggregate_man,edu_isced11_x,2011,38.33
mkd,sex_t,eco_aggregate_man,edu_isced11_x,2012,42.32
mkd,sex_t,eco_aggregate_man,edu_isced11_x,2014,39.69
mkd,sex_t,eco_aggregate_man,edu_isced11_x,2016,42.38
mkd,sex_t,eco_aggregate_man,edu_isced11_x,2019,45.55
mkd,sex_t,eco_aggregate_man,edu_isced11_x,2020,38.96
mkd,sex_t,eco_aggregate_man,edu_isced11_x,2021,38.19
mkd,sex_t,eco_aggregate_man,edu_isced11_x,2022,42.09
mkd,sex_t,eco_aggregate_mel,edu_aggregate_adv,2006,40.54
mkd,sex_t,eco_aggregate_mel,edu_aggregate_adv,2007,40.84
mkd,sex_t,eco_aggregate_mel,edu_aggregate_adv,2008,40.69
mkd,sex_t,eco_aggregate_mel,edu_aggregate_adv,2009,41.42
mkd,sex_t,eco_aggregate_mel,edu_aggregate_adv,2010,40.44
mkd,sex_t,eco_aggregate_mel,edu_aggregate_adv,2011,39.01
mkd,sex_t,eco_aggregate_mel,edu_aggregate_adv,2012,39.58
mkd,sex_t,eco_aggregate_mel,edu_aggregate_adv,2013,39.79
mkd,sex_t,eco_aggregate_mel,edu_aggregate_adv,2014,40.23
mkd,sex_t,eco_aggregate_mel,edu_aggregate_adv,2015,39.67
mkd,sex_t,eco_aggregate_mel,edu_aggregate_adv,2016,39.4
mkd,sex_t,eco_aggregate_mel,edu_aggregate_adv,2017,39.67
mkd,sex_t,eco_aggregate_mel,edu_aggregate_adv,2018,39.57
mkd,sex_t,eco_aggregate_mel,edu_aggregate_adv,2019,39.61
mkd,sex_t,eco_aggregate_mel,edu_aggregate_adv,2020,38.64
mkd,sex_t,eco_aggregate_mel,edu_aggregate_adv,2021,39.11
mkd,sex_t,eco_aggregate_mel,edu_aggregate_adv,2022,38.78
mkd,sex_t,eco_aggregate_mel,edu_aggregate_adv,2024,38.49
mkd,sex_t,eco_aggregate_mel,edu_aggregate_bas,2006,41.09
mkd,sex_t,eco_aggregate_mel,edu_aggregate_bas,2007,40.61
mkd,sex_t,eco_aggregate_mel,edu_aggregate_bas,2008,43.28
mkd,sex_t,eco_aggregate_mel,edu_aggregate_bas,2009,43.28
mkd,sex_t,eco_aggregate_mel,edu_aggregate_bas,2010,42.91
mkd,sex_t,eco_aggregate_mel,edu_aggregate_bas,2011,41.01
mkd,sex_t,eco_aggregate_mel,edu_aggregate_bas,2012,41.73
mkd,sex_t,eco_aggregate_mel,edu_aggregate_bas,2013,40.59
mkd,sex_t,eco_aggregate_mel,edu_aggregate_bas,2014,40.73
mkd,sex_t,eco_aggregate_mel,edu_aggregate_bas,2015,38.89
mkd,sex_t,eco_aggregate_mel,edu_aggregate_bas,2016,40.7
mkd,sex_t,eco_aggregate_mel,edu_aggregate_bas,2017,41.09
mkd,sex_t,eco_aggregate_mel,edu_aggregate_bas,2018,39.73
mkd,sex_t,eco_aggregate_mel,edu_aggregate_bas,2019,39.23
mkd,sex_t,eco_aggregate_mel,edu_aggregate_bas,2020,39.47
mkd,sex_t,eco_aggregate_mel,edu_aggregate_bas,2021,40.15
mkd,sex_t,eco_aggregate_mel,edu_aggregate_bas,2022,40.17
mkd,sex_t,eco_aggregate_mel,edu_aggregate_bas,2024,39.31
mkd,sex_t,eco_aggregate_mel,edu_aggregate_int,2006,41.16
mkd,sex_t,eco_aggregate_mel,edu_aggregate_int,2007,41.66
mkd,sex_t,eco_aggregate_mel,edu_aggregate_int,2008,41.1
mkd,sex_t,eco_aggregate_mel,edu_aggregate_int,2009,40.88
mkd,sex_t,eco_aggregate_mel,edu_aggregate_int,2010,40.9
mkd,sex_t,eco_aggregate_mel,edu_aggregate_int,2011,40.64
mkd,sex_t,eco_aggregate_mel,edu_aggregate_int,2012,41.18
mkd,sex_t,eco_aggregate_mel,edu_aggregate_int,2013,40.35
mkd,sex_t,eco_aggregate_mel,edu_aggregate_int,2014,40.11
mkd,sex_t,eco_aggregate_mel,edu_aggregate_int,2015,40.4
mkd,sex_t,eco_aggregate_mel,edu_aggregate_int,2016,40.74
mkd,sex_t,eco_aggregate_mel,edu_aggregate_int,2017,40.89
mkd,sex_t,eco_aggregate_mel,edu_aggregate_int,2018,40.26
mkd,sex_t,eco_aggregate_mel,edu_aggregate_int,2019,39.6
mkd,sex_t,eco_aggregate_mel,edu_aggregate_int,2020,39.45
mkd,sex_t,eco_aggregate_mel,edu_aggregate_int,2021,39.76
mkd,sex_t,eco_aggregate_mel,edu_aggregate_int,2022,39.52
mkd,sex_t,eco_aggregate_mel,edu_aggregate_int,2024,38.12
mkd,sex_t,eco_aggregate_mel,edu_aggregate_ltb,2006,42.24
mkd,sex_t,eco_aggregate_mel,edu_aggregate_ltb,2007,45.1
mkd,sex_t,eco_aggregate_mel,edu_aggregate_ltb,2009,48.69
mkd,sex_t,eco_aggregate_mel,edu_aggregate_ltb,2010,45.45
mkd,sex_t,eco_aggregate_mel,edu_aggregate_ltb,2011,39.64
mkd,sex_t,eco_aggregate_mel,edu_aggregate_ltb,2012,41.76
mkd,sex_t,eco_aggregate_mel,edu_aggregate_ltb,2013,40.37
mkd,sex_t,eco_aggregate_mel,edu_aggregate_ltb,2014,43.26
mkd,sex_t,eco_aggregate_mel,edu_aggregate_ltb,2015,34.37
mkd,sex_t,eco_aggregate_mel,edu_aggregate_ltb,2016,34.52
mkd,sex_t,eco_aggregate_mel,edu_aggregate_ltb,2017,37.23
mkd,sex_t,eco_aggregate_mel,edu_aggregate_ltb,2018,35.02
mkd,sex_t,eco_aggregate_mel,edu_aggregate_ltb,2019,34.02
mkd,sex_t,eco_aggregate_mel,edu_aggregate_ltb,2020,34.82
mkd,sex_t,eco_aggregate_mel,edu_aggregate_ltb,2021,36.47
mkd,sex_t,eco_aggregate_mel,edu_aggregate_ltb,2022,36.47
mkd,sex_t,eco_aggregate_mel,edu_aggregate_ltb,2024,42.24
mkd,sex_t,eco_aggregate_mel,edu_aggregate_total,2006,41.07
mkd,sex_t,eco_aggregate_mel,edu_aggregate_total,2007,41.42
mkd,sex_t,eco_aggregate_mel,edu_aggregate_total,2008,41.36
mkd,sex_t,eco_aggregate_mel,edu_aggregate_total,2009,41.38
mkd,sex_t,eco_aggregate_mel,edu_aggregate_total,2010,41.15
mkd,sex_t,eco_aggregate_mel,edu_aggregate_total,2011,40.39
mkd,sex_t,eco_aggregate_mel,edu_aggregate_total,2012,40.98
mkd,sex_t,eco_aggregate_mel,edu_aggregate_total,2013,40.3
mkd,sex_t,eco_aggregate_mel,edu_aggregate_total,2014,40.39
mkd,sex_t,eco_aggregate_mel,edu_aggregate_total,2015,39.75
mkd,sex_t,eco_aggregate_mel,edu_aggregate_total,2016,40.22
mkd,sex_t,eco_aggregate_mel,edu_aggregate_total,2017,40.59
mkd,sex_t,eco_aggregate_mel,edu_aggregate_total,2018,39.86
mkd,sex_t,eco_aggregate_mel,edu_aggregate_total,2019,39.37
mkd,sex_t,eco_aggregate_mel,edu_aggregate_total,2020,39.21
mkd,sex_t,eco_aggregate_mel,edu_aggregate_total,2021,39.61
mkd,sex_t,eco_aggregate_mel,edu_aggregate_total,2022,39.3
mkd,sex_t,eco_aggregate_mel,edu_aggregate_total,2024,38.51
mkd,sex_t,eco_aggregate_mel,edu_isced11_0,2006,42.24
mkd,sex_t,eco_aggregate_mel,edu_isced11_0,2007,45.1
mkd,sex_t,eco_aggregate_mel,edu_isced11_0,2011,41.04
mkd,sex_t,eco_aggregate_mel,edu_isced11_0,2012,40.57
mkd,sex_t,eco_aggregate_mel,edu_isced11_0,2013,40.65
mkd,sex_t,eco_aggregate_mel,edu_isced11_0,2014,43.21
mkd,sex_t,eco_aggregate_mel,edu_isced11_0,2015,34.48
mkd,sex_t,eco_aggregate_mel,edu_isced11_0,2016,38.6
mkd,sex_t,eco_aggregate_mel,edu_isced11_0,2017,39.06
mkd,sex_t,eco_aggregate_mel,edu_isced11_0,2018,38.5
mkd,sex_t,eco_aggregate_mel,edu_isced11_0,2019,37.64
mkd,sex_t,eco_aggregate_mel,edu_isced11_0,2020,37.31
mkd,sex_t,eco_aggregate_mel,edu_isced11_0,2021,36.07
mkd,sex_t,eco_aggregate_mel,edu_isced11_0,2022,33.75
mkd,sex_t,eco_aggregate_mel,edu_isced11_1,2006,41.57
mkd,sex_t,eco_aggregate_mel,edu_isced11_1,2007,40.53
mkd,sex_t,eco_aggregate_mel,edu_isced11_1,2008,43.35
mkd,sex_t,eco_aggregate_mel,edu_isced11_1,2009,43.3
mkd,sex_t,eco_aggregate_mel,edu_isced11_1,2010,43.08
mkd,sex_t,eco_aggregate_mel,edu_isced11_1,2011,40.96
mkd,sex_t,eco_aggregate_mel,edu_isced11_1,2012,41.69
mkd,sex_t,eco_aggregate_mel,edu_isced11_1,2013,41.06
mkd,sex_t,eco_aggregate_mel,edu_isced11_1,2014,40.73
mkd,sex_t,eco_aggregate_mel,edu_isced11_1,2015,38.89
mkd,sex_t,eco_aggregate_mel,edu_isced11_1,2016,40.71
mkd,sex_t,eco_aggregate_mel,edu_isced11_1,2017,41.09
mkd,sex_t,eco_aggregate_mel,edu_isced11_1,2018,39.72
mkd,sex_t,eco_aggregate_mel,edu_isced11_1,2019,39.25
mkd,sex_t,eco_aggregate_mel,edu_isced11_1,2020,39.46
mkd,sex_t,eco_aggregate_mel,edu_isced11_1,2021,40.15
mkd,sex_t,eco_aggregate_mel,edu_isced11_1,2022,40.17
mkd,sex_t,eco_aggregate_mel,edu_isced11_1,2024,39.31
mkd,sex_t,eco_aggregate_mel,edu_isced11_2,2006,37.57
mkd,sex_t,eco_aggregate_mel,edu_isced11_2,2009,42.72
mkd,sex_t,eco_aggregate_mel,edu_isced11_2,2010,40.4
mkd,sex_t,eco_aggregate_mel,edu_isced11_2,2019,38.83
mkd,sex_t,eco_aggregate_mel,edu_isced11_3,2006,41.16
mkd,sex_t,eco_aggregate_mel,edu_isced11_3,2007,41.66
mkd,sex_t,eco_aggregate_mel,edu_isced11_3,2008,41.1
mkd,sex_t,eco_aggregate_mel,edu_isced11_3,2009,40.88
mkd,sex_t,eco_aggregate_mel,edu_isced11_3,2010,40.9
mkd,sex_t,eco_aggregate_mel,edu_isced11_3,2011,40.64
mkd,sex_t,eco_aggregate_mel,edu_isced11_3,2012,41.18
mkd,sex_t,eco_aggregate_mel,edu_isced11_3,2013,40.35
mkd,sex_t,eco_aggregate_mel,edu_isced11_3,2014,40.11
mkd,sex_t,eco_aggregate_mel,edu_isced11_3,2015,40.4
mkd,sex_t,eco_aggregate_mel,edu_isced11_3,2016,40.74
mkd,sex_t,eco_aggregate_mel,edu_isced11_3,2017,40.89
mkd,sex_t,eco_aggregate_mel,edu_isced11_3,2018,40.26
mkd,sex_t,eco_aggregate_mel,edu_isced11_3,2019,39.6
mkd,sex_t,eco_aggregate_mel,edu_isced11_3,2020,39.44
mkd,sex_t,eco_aggregate_mel,edu_isced11_3,2021,39.82
mkd,sex_t,eco_aggregate_mel,edu_isced11_3,2022,39.51
mkd,sex_t,eco_aggregate_mel,edu_isced11_3,2024,38.05
mkd,sex_t,eco_aggregate_mel,edu_isced11_4,2020,40
mkd,sex_t,eco_aggregate_mel,edu_isced11_4,2021,36.71
mkd,sex_t,eco_aggregate_mel,edu_isced11_4,2024,38.49
mkd,sex_t,eco_aggregate_mel,edu_isced11_5,2006,40.84
mkd,sex_t,eco_aggregate_mel,edu_isced11_5,2007,41.47
mkd,sex_t,eco_aggregate_mel,edu_isced11_5,2008,41.25
mkd,sex_t,eco_aggregate_mel,edu_isced11_5,2009,40.75
mkd,sex_t,eco_aggregate_mel,edu_isced11_5,2010,41.72
mkd,sex_t,eco_aggregate_mel,edu_isced11_5,2011,39.52
mkd,sex_t,eco_aggregate_mel,edu_isced11_5,2012,40.25
mkd,sex_t,eco_aggregate_mel,edu_isced11_5,2013,39.2
mkd,sex_t,eco_aggregate_mel,edu_isced11_5,2014,40.66
mkd,sex_t,eco_aggregate_mel,edu_isced11_5,2015,40.85
mkd,sex_t,eco_aggregate_mel,edu_isced11_5,2016,41.37
mkd,sex_t,eco_aggregate_mel,edu_isced11_5,2017,39.97
mkd,sex_t,eco_aggregate_mel,edu_isced11_5,2018,40
mkd,sex_t,eco_aggregate_mel,edu_isced11_5,2019,40.23
mkd,sex_t,eco_aggregate_mel,edu_isced11_5,2020,40
mkd,sex_t,eco_aggregate_mel,edu_isced11_5,2021,36.08
mkd,sex_t,eco_aggregate_mel,edu_isced11_5,2022,38.12
mkd,sex_t,eco_aggregate_mel,edu_isced11_5,2024,37.9
mkd,sex_t,eco_aggregate_mel,edu_isced11_6,2006,40.5
mkd,sex_t,eco_aggregate_mel,edu_isced11_6,2007,40.52
mkd,sex_t,eco_aggregate_mel,edu_isced11_6,2008,40.65
mkd,sex_t,eco_aggregate_mel,edu_isced11_6,2009,41.66
mkd,sex_t,eco_aggregate_mel,edu_isced11_6,2010,39.95
mkd,sex_t,eco_aggregate_mel,edu_isced11_6,2011,38.89
mkd,sex_t,eco_aggregate_mel,edu_isced11_6,2012,39.23
mkd,sex_t,eco_aggregate_mel,edu_isced11_6,2013,40.04
mkd,sex_t,eco_aggregate_mel,edu_isced11_6,2014,40.19
mkd,sex_t,eco_aggregate_mel,edu_isced11_6,2015,39.51
mkd,sex_t,eco_aggregate_mel,edu_isced11_6,2016,39.36
mkd,sex_t,eco_aggregate_mel,edu_isced11_6,2017,39.5
mkd,sex_t,eco_aggregate_mel,edu_isced11_6,2018,39.56
mkd,sex_t,eco_aggregate_mel,edu_isced11_6,2019,39.73
mkd,sex_t,eco_aggregate_mel,edu_isced11_6,2020,38.66
mkd,sex_t,eco_aggregate_mel,edu_isced11_6,2021,39.28
mkd,sex_t,eco_aggregate_mel,edu_isced11_6,2022,39.22
mkd,sex_t,eco_aggregate_mel,edu_isced11_6,2024,38.71
mkd,sex_t,eco_aggregate_mel,edu_isced11_7,2012,40.21
mkd,sex_t,eco_aggregate_mel,edu_isced11_7,2013,40
mkd,sex_t,eco_aggregate_mel,edu_isced11_7,2016,38.41
mkd,sex_t,eco_aggregate_mel,edu_isced11_7,2017,40.51
mkd,sex_t,eco_aggregate_mel,edu_isced11_7,2018,39.17
mkd,sex_t,eco_aggregate_mel,edu_isced11_7,2019,38.01
mkd,sex_t,eco_aggregate_mel,edu_isced11_7,2020,36.14
mkd,sex_t,eco_aggregate_mel,edu_isced11_7,2021,39.07
mkd,sex_t,eco_aggregate_mel,edu_isced11_7,2022,36.79
mkd,sex_t,eco_aggregate_mel,edu_isced11_7,2024,38.33
mkd,sex_t,eco_aggregate_mel,edu_isced11_total,2006,41.07
mkd,sex_t,eco_aggregate_mel,edu_isced11_total,2007,41.42
mkd,sex_t,eco_aggregate_mel,edu_isced11_total,2008,41.36
mkd,sex_t,eco_aggregate_mel,edu_isced11_total,2009,41.38
mkd,sex_t,eco_aggregate_mel,edu_isced11_total,2010,41.15
mkd,sex_t,eco_aggregate_mel,edu_isced11_total,2011,40.39
mkd,sex_t,eco_aggregate_mel,edu_isced11_total,2012,40.98
mkd,sex_t,eco_aggregate_mel,edu_isced11_total,2013,40.3
mkd,sex_t,eco_aggregate_mel,edu_isced11_total,2014,40.39
mkd,sex_t,eco_aggregate_mel,edu_isced11_total,2015,39.75
mkd,sex_t,eco_aggregate_mel,edu_isced11_total,2016,40.22
mkd,sex_t,eco_aggregate_mel,edu_isced11_total,2017,40.59
mkd,sex_t,eco_aggregate_mel,edu_isced11_total,2018,39.86
mkd,sex_t,eco_aggregate_mel,edu_isced11_total,2019,39.37
mkd,sex_t,eco_aggregate_mel,edu_isced11_total,2020,39.21
mkd,sex_t,eco_aggregate_mel,edu_isced11_total,2021,39.61
mkd,sex_t,eco_aggregate_mel,edu_isced11_total,2022,39.3
mkd,sex_t,eco_aggregate_mel,edu_isced11_total,2024,38.51
mkd,sex_t,eco_aggregate_mel,edu_isced11_x,2011,37.77
mkd,sex_t,eco_aggregate_mel,edu_isced11_x,2013,39.72
mkd,sex_t,eco_aggregate_mel,edu_isced11_x,2014,43.28
mkd,sex_t,eco_aggregate_mel,edu_isced11_x,2015,34.26
mkd,sex_t,eco_aggregate_mel,edu_isced11_x,2016,32.23
mkd,sex_t,eco_aggregate_mel,edu_isced11_x,2017,36.42
mkd,sex_t,eco_aggregate_mel,edu_isced11_x,2018,33.56
mkd,sex_t,eco_aggregate_mel,edu_isced11_x,2019,32.59
mkd,sex_t,eco_aggregate_mel,edu_isced11_x,2020,33.04
mkd,sex_t,eco_aggregate_mel,edu_isced11_x,2021,37.76
mkd,sex_t,eco_aggregate_mel,edu_isced11_x,2022,40
mkd,sex_t,eco_aggregate_mkt,edu_aggregate_adv,2006,43
mkd,sex_t,eco_aggregate_mkt,edu_aggregate_adv,2007,42.09
mkd,sex_t,eco_aggregate_mkt,edu_aggregate_adv,2008,42.37
mkd,sex_t,eco_aggregate_mkt,edu_aggregate_adv,2009,41.43
mkd,sex_t,eco_aggregate_mkt,edu_aggregate_adv,2010,41.39
mkd,sex_t,eco_aggregate_mkt,edu_aggregate_adv,2011,41
mkd,sex_t,eco_aggregate_mkt,edu_aggregate_adv,2012,41.13
mkd,sex_t,eco_aggregate_mkt,edu_aggregate_adv,2013,40.94
mkd,sex_t,eco_aggregate_mkt,edu_aggregate_adv,2014,41.18
mkd,sex_t,eco_aggregate_mkt,edu_aggregate_adv,2015,39.91
mkd,sex_t,eco_aggregate_mkt,edu_aggregate_adv,2016,40.05
mkd,sex_t,eco_aggregate_mkt,edu_aggregate_adv,2017,40.96
mkd,sex_t,eco_aggregate_mkt,edu_aggregate_adv,2018,40.39
mkd,sex_t,eco_aggregate_mkt,edu_aggregate_adv,2019,39.91
mkd,sex_t,eco_aggregate_mkt,edu_aggregate_adv,2020,38.82
mkd,sex_t,eco_aggregate_mkt,edu_aggregate_adv,2021,39.66
mkd,sex_t,eco_aggregate_mkt,edu_aggregate_adv,2022,39.48
mkd,sex_t,eco_aggregate_mkt,edu_aggregate_adv,2024,38.87
mkd,sex_t,eco_aggregate_mkt,edu_aggregate_bas,2006,47.72
mkd,sex_t,eco_aggregate_mkt,edu_aggregate_bas,2007,45.75
mkd,sex_t,eco_aggregate_mkt,edu_aggregate_bas,2008,47.08
mkd,sex_t,eco_aggregate_mkt,edu_aggregate_bas,2009,45.12
mkd,sex_t,eco_aggregate_mkt,edu_aggregate_bas,2010,45.55
mkd,sex_t,eco_aggregate_mkt,edu_aggregate_bas,2011,44.47
mkd,sex_t,eco_aggregate_mkt,edu_aggregate_bas,2012,43.86
mkd,sex_t,eco_aggregate_mkt,edu_aggregate_bas,2013,44.01
mkd,sex_t,eco_aggregate_mkt,edu_aggregate_bas,2014,41.85
mkd,sex_t,eco_aggregate_mkt,edu_aggregate_bas,2015,40.81
mkd,sex_t,eco_aggregate_mkt,edu_aggregate_bas,2016,42.33
mkd,sex_t,eco_aggregate_mkt,edu_aggregate_bas,2017,43.08
mkd,sex_t,eco_aggregate_mkt,edu_aggregate_bas,2018,42.36
mkd,sex_t,eco_aggregate_mkt,edu_aggregate_bas,2019,41.45
mkd,sex_t,eco_aggregate_mkt,edu_aggregate_bas,2020,40.27
mkd,sex_t,eco_aggregate_mkt,edu_aggregate_bas,2021,41.6
mkd,sex_t,eco_aggregate_mkt,edu_aggregate_bas,2022,39.72
mkd,sex_t,eco_aggregate_mkt,edu_aggregate_bas,2024,40.77
mkd,sex_t,eco_aggregate_mkt,edu_aggregate_int,2006,45.47
mkd,sex_t,eco_aggregate_mkt,edu_aggregate_int,2007,44.69
mkd,sex_t,eco_aggregate_mkt,edu_aggregate_int,2008,44.84
mkd,sex_t,eco_aggregate_mkt,edu_aggregate_int,2009,43.96
mkd,sex_t,eco_aggregate_mkt,edu_aggregate_int,2010,43.76
mkd,sex_t,eco_aggregate_mkt,edu_aggregate_int,2011,42.7
mkd,sex_t,eco_aggregate_mkt,edu_aggregate_int,2012,42.75
mkd,sex_t,eco_aggregate_mkt,edu_aggregate_int,2013,42.28
mkd,sex_t,eco_aggregate_mkt,edu_aggregate_int,2014,41.58
mkd,sex_t,eco_aggregate_mkt,edu_aggregate_int,2015,41.27
mkd,sex_t,eco_aggregate_mkt,edu_aggregate_int,2016,42.04
mkd,sex_t,eco_aggregate_mkt,edu_aggregate_int,2017,42.89
mkd,sex_t,eco_aggregate_mkt,edu_aggregate_int,2018,42.62
mkd,sex_t,eco_aggregate_mkt,edu_aggregate_int,2019,41.75
mkd,sex_t,eco_aggregate_mkt,edu_aggregate_int,2020,39.85
mkd,sex_t,eco_aggregate_mkt,edu_aggregate_int,2021,40.76
mkd,sex_t,eco_aggregate_mkt,edu_aggregate_int,2022,40.49
mkd,sex_t,eco_aggregate_mkt,edu_aggregate_int,2024,39.69
mkd,sex_t,eco_aggregate_mkt,edu_aggregate_ltb,2006,35.54
mkd,sex_t,eco_aggregate_mkt,edu_aggregate_ltb,2007,41.17
mkd,sex_t,eco_aggregate_mkt,edu_aggregate_ltb,2008,41.34
mkd,sex_t,eco_aggregate_mkt,edu_aggregate_ltb,2009,41.11
mkd,sex_t,eco_aggregate_mkt,edu_aggregate_ltb,2010,42.64
mkd,sex_t,eco_aggregate_mkt,edu_aggregate_ltb,2011,40.61
mkd,sex_t,eco_aggregate_mkt,edu_aggregate_ltb,2012,45.74
mkd,sex_t,eco_aggregate_mkt,edu_aggregate_ltb,2013,35.46
mkd,sex_t,eco_aggregate_mkt,edu_aggregate_ltb,2014,27.11
mkd,sex_t,eco_aggregate_mkt,edu_aggregate_ltb,2015,31.3
mkd,sex_t,eco_aggregate_mkt,edu_aggregate_ltb,2016,41.37
mkd,sex_t,eco_aggregate_mkt,edu_aggregate_ltb,2017,39.71
mkd,sex_t,eco_aggregate_mkt,edu_aggregate_ltb,2018,34.51
mkd,sex_t,eco_aggregate_mkt,edu_aggregate_ltb,2019,37.01
mkd,sex_t,eco_aggregate_mkt,edu_aggregate_ltb,2020,37.01
mkd,sex_t,eco_aggregate_mkt,edu_aggregate_ltb,2021,33.26
mkd,sex_t,eco_aggregate_mkt,edu_aggregate_ltb,2022,32.81
mkd,sex_t,eco_aggregate_mkt,edu_aggregate_ltb,2024,36.57
mkd,sex_t,eco_aggregate_mkt,edu_aggregate_total,2006,45.31
mkd,sex_t,eco_aggregate_mkt,edu_aggregate_total,2007,44.27
mkd,sex_t,eco_aggregate_mkt,edu_aggregate_total,2008,44.67
mkd,sex_t,eco_aggregate_mkt,edu_aggregate_total,2009,43.64
mkd,sex_t,eco_aggregate_mkt,edu_aggregate_total,2010,43.46
mkd,sex_t,eco_aggregate_mkt,edu_aggregate_total,2011,42.44
mkd,sex_t,eco_aggregate_mkt,edu_aggregate_total,2012,42.47
mkd,sex_t,eco_aggregate_mkt,edu_aggregate_total,2013,42.13
mkd,sex_t,eco_aggregate_mkt,edu_aggregate_total,2014,41.5
mkd,sex_t,eco_aggregate_mkt,edu_aggregate_total,2015,40.84
mkd,sex_t,eco_aggregate_mkt,edu_aggregate_total,2016,41.51
mkd,sex_t,eco_aggregate_mkt,edu_aggregate_total,2017,42.37
mkd,sex_t,eco_aggregate_mkt,edu_aggregate_total,2018,41.94
mkd,sex_t,eco_aggregate_mkt,edu_aggregate_total,2019,41.18
mkd,sex_t,eco_aggregate_mkt,edu_aggregate_total,2020,39.55
mkd,sex_t,eco_aggregate_mkt,edu_aggregate_total,2021,40.44
mkd,sex_t,eco_aggregate_mkt,edu_aggregate_total,2022,40.04
mkd,sex_t,eco_aggregate_mkt,edu_aggregate_total,2024,39.51
mkd,sex_t,eco_aggregate_mkt,edu_isced11_0,2006,36.41
mkd,sex_t,eco_aggregate_mkt,edu_isced11_0,2007,43.36
mkd,sex_t,eco_aggregate_mkt,edu_isced11_0,2008,45.23
mkd,sex_t,eco_aggregate_mkt,edu_isced11_0,2009,41.72
mkd,sex_t,eco_aggregate_mkt,edu_isced11_0,2010,44.96
mkd,sex_t,eco_aggregate_mkt,edu_isced11_0,2011,41.03
mkd,sex_t,eco_aggregate_mkt,edu_isced11_0,2012,43.56
mkd,sex_t,eco_aggregate_mkt,edu_isced11_0,2013,44.98
mkd,sex_t,eco_aggregate_mkt,edu_isced11_0,2015,33.67
mkd,sex_t,eco_aggregate_mkt,edu_isced11_0,2016,38.12
mkd,sex_t,eco_aggregate_mkt,edu_isced11_0,2017,41.41
mkd,sex_t,eco_aggregate_mkt,edu_isced11_0,2018,33.29
mkd,sex_t,eco_aggregate_mkt,edu_isced11_0,2019,34.29
mkd,sex_t,eco_aggregate_mkt,edu_isced11_0,2020,37.34
mkd,sex_t,eco_aggregate_mkt,edu_isced11_0,2021,30.39
mkd,sex_t,eco_aggregate_mkt,edu_isced11_0,2022,32.66
mkd,sex_t,eco_aggregate_mkt,edu_isced11_1,2006,47.7
mkd,sex_t,eco_aggregate_mkt,edu_isced11_1,2007,45.93
mkd,sex_t,eco_aggregate_mkt,edu_isced11_1,2008,47.1
mkd,sex_t,eco_aggregate_mkt,edu_isced11_1,2009,45.15
mkd,sex_t,eco_aggregate_mkt,edu_isced11_1,2010,45.6
mkd,sex_t,eco_aggregate_mkt,edu_isced11_1,2011,44.6
mkd,sex_t,eco_aggregate_mkt,edu_isced11_1,2012,43.89
mkd,sex_t,eco_aggregate_mkt,edu_isced11_1,2013,44.08
mkd,sex_t,eco_aggregate_mkt,edu_isced11_1,2014,41.8
mkd,sex_t,eco_aggregate_mkt,edu_isced11_1,2015,40.8
mkd,sex_t,eco_aggregate_mkt,edu_isced11_1,2016,42.54
mkd,sex_t,eco_aggregate_mkt,edu_isced11_1,2017,43.07
mkd,sex_t,eco_aggregate_mkt,edu_isced11_1,2018,42.31
mkd,sex_t,eco_aggregate_mkt,edu_isced11_1,2019,41.42
mkd,sex_t,eco_aggregate_mkt,edu_isced11_1,2020,40.26
mkd,sex_t,eco_aggregate_mkt,edu_isced11_1,2021,41.6
mkd,sex_t,eco_aggregate_mkt,edu_isced11_1,2022,39.72
mkd,sex_t,eco_aggregate_mkt,edu_isced11_1,2024,40.8
mkd,sex_t,eco_aggregate_mkt,edu_isced11_2,2006,48.17
mkd,sex_t,eco_aggregate_mkt,edu_isced11_2,2007,41.54
mkd,sex_t,eco_aggregate_mkt,edu_isced11_2,2008,45.47
mkd,sex_t,eco_aggregate_mkt,edu_isced11_2,2009,42.93
mkd,sex_t,eco_aggregate_mkt,edu_isced11_2,2010,43.06
mkd,sex_t,eco_aggregate_mkt,edu_isced11_2,2011,39.18
mkd,sex_t,eco_aggregate_mkt,edu_isced11_2,2012,41.89
mkd,sex_t,eco_aggregate_mkt,edu_isced11_2,2013,37.53
mkd,sex_t,eco_aggregate_mkt,edu_isced11_2,2016,36.97
mkd,sex_t,eco_aggregate_mkt,edu_isced11_2,2017,43.92
mkd,sex_t,eco_aggregate_mkt,edu_isced11_2,2018,45.3
mkd,sex_t,eco_aggregate_mkt,edu_isced11_2,2019,43.56
mkd,sex_t,eco_aggregate_mkt,edu_isced11_3,2006,45.47
mkd,sex_t,eco_aggregate_mkt,edu_isced11_3,2007,44.69
mkd,sex_t,eco_aggregate_mkt,edu_isced11_3,2008,44.84
mkd,sex_t,eco_aggregate_mkt,edu_isced11_3,2009,43.96
mkd,sex_t,eco_aggregate_mkt,edu_isced11_3,2010,43.76
mkd,sex_t,eco_aggregate_mkt,edu_isced11_3,2011,42.7
mkd,sex_t,eco_aggregate_mkt,edu_isced11_3,2012,42.75
mkd,sex_t,eco_aggregate_mkt,edu_isced11_3,2013,42.28
mkd,sex_t,eco_aggregate_mkt,edu_isced11_3,2014,41.58
mkd,sex_t,eco_aggregate_mkt,edu_isced11_3,2015,41.27
mkd,sex_t,eco_aggregate_mkt,edu_isced11_3,2016,42.04
mkd,sex_t,eco_aggregate_mkt,edu_isced11_3,2017,42.89
mkd,sex_t,eco_aggregate_mkt,edu_isced11_3,2018,42.62
mkd,sex_t,eco_aggregate_mkt,edu_isced11_3,2019,41.75
mkd,sex_t,eco_aggregate_mkt,edu_isced11_3,2020,39.85
mkd,sex_t,eco_aggregate_mkt,edu_isced11_3,2021,40.76
mkd,sex_t,eco_aggregate_mkt,edu_isced11_3,2022,40.49
mkd,sex_t,eco_aggregate_mkt,edu_isced11_3,2024,39.57
mkd,sex_t,eco_aggregate_mkt,edu_isced11_4,2020,39.36
mkd,sex_t,eco_aggregate_mkt,edu_isced11_4,2021,39.69
mkd,sex_t,eco_aggregate_mkt,edu_isced11_4,2022,40
mkd,sex_t,eco_aggregate_mkt,edu_isced11_4,2024,40.13
mkd,sex_t,eco_aggregate_mkt,edu_isced11_5,2006,43.4
mkd,sex_t,eco_aggregate_mkt,edu_isced11_5,2007,42.85
mkd,sex_t,eco_aggregate_mkt,edu_isced11_5,2008,43.03
mkd,sex_t,eco_aggregate_mkt,edu_isced11_5,2009,41.75
mkd,sex_t,eco_aggregate_mkt,edu_isced11_5,2010,41.67
mkd,sex_t,eco_aggregate_mkt,edu_isced11_5,2011,42.31
mkd,sex_t,eco_aggregate_mkt,edu_isced11_5,2012,42.1
mkd,sex_t,eco_aggregate_mkt,edu_isced11_5,2013,40.88
mkd,sex_t,eco_aggregate_mkt,edu_isced11_5,2014,41.6
mkd,sex_t,eco_aggregate_mkt,edu_isced11_5,2015,41.26
mkd,sex_t,eco_aggregate_mkt,edu_isced11_5,2016,40.62
mkd,sex_t,eco_aggregate_mkt,edu_isced11_5,2017,42.95
mkd,sex_t,eco_aggregate_mkt,edu_isced11_5,2018,41.37
mkd,sex_t,eco_aggregate_mkt,edu_isced11_5,2019,40.32
mkd,sex_t,eco_aggregate_mkt,edu_isced11_5,2020,38.96
mkd,sex_t,eco_aggregate_mkt,edu_isced11_5,2021,40.65
mkd,sex_t,eco_aggregate_mkt,edu_isced11_5,2022,41.23
mkd,sex_t,eco_aggregate_mkt,edu_isced11_5,2024,38.39
mkd,sex_t,eco_aggregate_mkt,edu_isced11_6,2006,42.91
mkd,sex_t,eco_aggregate_mkt,edu_isced11_6,2007,42.03
mkd,sex_t,eco_aggregate_mkt,edu_isced11_6,2008,42.29
mkd,sex_t,eco_aggregate_mkt,edu_isced11_6,2009,41.38
mkd,sex_t,eco_aggregate_mkt,edu_isced11_6,2010,41.36
mkd,sex_t,eco_aggregate_mkt,edu_isced11_6,2011,40.76
mkd,sex_t,eco_aggregate_mkt,edu_isced11_6,2012,41.09
mkd,sex_t,eco_aggregate_mkt,edu_isced11_6,2013,40.95
mkd,sex_t,eco_aggregate_mkt,edu_isced11_6,2014,41.27
mkd,sex_t,eco_aggregate_mkt,edu_isced11_6,2015,39.81
mkd,sex_t,eco_aggregate_mkt,edu_isced11_6,2016,40.07
mkd,sex_t,eco_aggregate_mkt,edu_isced11_6,2017,40.96
mkd,sex_t,eco_aggregate_mkt,edu_isced11_6,2018,40.41
mkd,sex_t,eco_aggregate_mkt,edu_isced11_6,2019,39.83
mkd,sex_t,eco_aggregate_mkt,edu_isced11_6,2020,38.94
mkd,sex_t,eco_aggregate_mkt,edu_isced11_6,2021,39.63
mkd,sex_t,eco_aggregate_mkt,edu_isced11_6,2022,39.4
mkd,sex_t,eco_aggregate_mkt,edu_isced11_6,2024,38.97
mkd,sex_t,eco_aggregate_mkt,edu_isced11_7,2006,42.28
mkd,sex_t,eco_aggregate_mkt,edu_isced11_7,2007,37.66
mkd,sex_t,eco_aggregate_mkt,edu_isced11_7,2008,39.05
mkd,sex_t,eco_aggregate_mkt,edu_isced11_7,2009,40.97
mkd,sex_t,eco_aggregate_mkt,edu_isced11_7,2010,40.92
mkd,sex_t,eco_aggregate_mkt,edu_isced11_7,2011,41.62
mkd,sex_t,eco_aggregate_mkt,edu_isced11_7,2012,38.77
mkd,sex_t,eco_aggregate_mkt,edu_isced11_7,2013,41.07
mkd,sex_t,eco_aggregate_mkt,edu_isced11_7,2014,38.81
mkd,sex_t,eco_aggregate_mkt,edu_isced11_7,2015,39.26
mkd,sex_t,eco_aggregate_mkt,edu_isced11_7,2016,39.49
mkd,sex_t,eco_aggregate_mkt,edu_isced11_7,2017,40.56
mkd,sex_t,eco_aggregate_mkt,edu_isced11_7,2018,39.45
mkd,sex_t,eco_aggregate_mkt,edu_isced11_7,2019,40.3
mkd,sex_t,eco_aggregate_mkt,edu_isced11_7,2020,37.2
mkd,sex_t,eco_aggregate_mkt,edu_isced11_7,2021,39.25
mkd,sex_t,eco_aggregate_mkt,edu_isced11_7,2022,39.12
mkd,sex_t,eco_aggregate_mkt,edu_isced11_7,2024,38.52
mkd,sex_t,eco_aggregate_mkt,edu_isced11_8,2009,40.29
mkd,sex_t,eco_aggregate_mkt,edu_isced11_8,2010,40.3
mkd,sex_t,eco_aggregate_mkt,edu_isced11_8,2011,46.17
mkd,sex_t,eco_aggregate_mkt,edu_isced11_8,2015,38.85
mkd,sex_t,eco_aggregate_mkt,edu_isced11_8,2016,39.18
mkd,sex_t,eco_aggregate_mkt,edu_isced11_8,2017,33.11
mkd,sex_t,eco_aggregate_mkt,edu_isced11_8,2018,40
mkd,sex_t,eco_aggregate_mkt,edu_isced11_8,2019,40
mkd,sex_t,eco_aggregate_mkt,edu_isced11_8,2020,40
mkd,sex_t,eco_aggregate_mkt,edu_isced11_8,2021,39.16
mkd,sex_t,eco_aggregate_mkt,edu_isced11_8,2022,38.95
mkd,sex_t,eco_aggregate_mkt,edu_isced11_8,2024,37.42
mkd,sex_t,eco_aggregate_mkt,edu_isced11_total,2006,45.31
mkd,sex_t,eco_aggregate_mkt,edu_isced11_total,2007,44.27
mkd,sex_t,eco_aggregate_mkt,edu_isced11_total,2008,44.67
mkd,sex_t,eco_aggregate_mkt,edu_isced11_total,2009,43.64
mkd,sex_t,eco_aggregate_mkt,edu_isced11_total,2010,43.46
mkd,sex_t,eco_aggregate_mkt,edu_isced11_total,2011,42.44
mkd,sex_t,eco_aggregate_mkt,edu_isced11_total,2012,42.47
mkd,sex_t,eco_aggregate_mkt,edu_isced11_total,2013,42.13
mkd,sex_t,eco_aggregate_mkt,edu_isced11_total,2014,41.5
mkd,sex_t,eco_aggregate_mkt,edu_isced11_total,2015,40.84
mkd,sex_t,eco_aggregate_mkt,edu_isced11_total,2016,41.51
mkd,sex_t,eco_aggregate_mkt,edu_isced11_total,2017,42.37
mkd,sex_t,eco_aggregate_mkt,edu_isced11_total,2018,41.94
mkd,sex_t,eco_aggregate_mkt,edu_isced11_total,2019,41.18
mkd,sex_t,eco_aggregate_mkt,edu_isced11_total,2020,39.55
mkd,sex_t,eco_aggregate_mkt,edu_isced11_total,2021,40.44
mkd,sex_t,eco_aggregate_mkt,edu_isced11_total,2022,40.04
mkd,sex_t,eco_aggregate_mkt,edu_isced11_total,2024,39.51
mkd,sex_t,eco_aggregate_mkt,edu_isced11_x,2006,31.67
mkd,sex_t,eco_aggregate_mkt,edu_isced11_x,2007,33.45
mkd,sex_t,eco_aggregate_mkt,edu_isced11_x,2008,35.73
mkd,sex_t,eco_aggregate_mkt,edu_isced11_x,2009,40.09
mkd,sex_t,eco_aggregate_mkt,edu_isced11_x,2010,39.51
mkd,sex_t,eco_aggregate_mkt,edu_isced11_x,2011,39.85
mkd,sex_t,eco_aggregate_mkt,edu_isced11_x,2012,48.59
mkd,sex_t,eco_aggregate_mkt,edu_isced11_x,2013,26.45
mkd,sex_t,eco_aggregate_mkt,edu_isced11_x,2018,37.25
mkd,sex_t,eco_aggregate_mkt,edu_isced11_x,2019,40.56
mkd,sex_t,eco_aggregate_mkt,edu_isced11_x,2020,36.29
mkd,sex_t,eco_aggregate_mkt,edu_isced11_x,2021,39.02
mkd,sex_t,eco_aggregate_mkt,edu_isced11_x,2022,33.03
mkd,sex_t,eco_aggregate_mkt,edu_isced11_x,2024,40.42
mkd,sex_t,eco_aggregate_pub,edu_aggregate_adv,2006,39.23
mkd,sex_t,eco_aggregate_pub,edu_aggregate_adv,2007,38.95
mkd,sex_t,eco_aggregate_pub,edu_aggregate_adv,2008,38.53
mkd,sex_t,eco_aggregate_pub,edu_aggregate_adv,2009,38.18
mkd,sex_t,eco_aggregate_pub,edu_aggregate_adv,2010,38.72
mkd,sex_t,eco_aggregate_pub,edu_aggregate_adv,2011,38.25
mkd,sex_t,eco_aggregate_pub,edu_aggregate_adv,2012,38.77
mkd,sex_t,eco_aggregate_pub,edu_aggregate_adv,2013,39.48
mkd,sex_t,eco_aggregate_pub,edu_aggregate_adv,2014,39.4
mkd,sex_t,eco_aggregate_pub,edu_aggregate_adv,2015,39.21
mkd,sex_t,eco_aggregate_pub,edu_aggregate_adv,2016,39.4
mkd,sex_t,eco_aggregate_pub,edu_aggregate_adv,2017,39.29
mkd,sex_t,eco_aggregate_pub,edu_aggregate_adv,2018,39.23
mkd,sex_t,eco_aggregate_pub,edu_aggregate_adv,2019,38.89
mkd,sex_t,eco_aggregate_pub,edu_aggregate_adv,2020,37.62
mkd,sex_t,eco_aggregate_pub,edu_aggregate_adv,2021,38.96
mkd,sex_t,eco_aggregate_pub,edu_aggregate_adv,2022,38.95
mkd,sex_t,eco_aggregate_pub,edu_aggregate_adv,2024,38.16
mkd,sex_t,eco_aggregate_pub,edu_aggregate_bas,2006,40.42
mkd,sex_t,eco_aggregate_pub,edu_aggregate_bas,2007,40.19
mkd,sex_t,eco_aggregate_pub,edu_aggregate_bas,2008,41.07
mkd,sex_t,eco_aggregate_pub,edu_aggregate_bas,2009,39.93
mkd,sex_t,eco_aggregate_pub,edu_aggregate_bas,2010,39.26
mkd,sex_t,eco_aggregate_pub,edu_aggregate_bas,2011,38.07
mkd,sex_t,eco_aggregate_pub,edu_aggregate_bas,2012,38.92
mkd,sex_t,eco_aggregate_pub,edu_aggregate_bas,2013,39.96
mkd,sex_t,eco_aggregate_pub,edu_aggregate_bas,2014,38.61
mkd,sex_t,eco_aggregate_pub,edu_aggregate_bas,2015,39.85
mkd,sex_t,eco_aggregate_pub,edu_aggregate_bas,2016,38.7
mkd,sex_t,eco_aggregate_pub,edu_aggregate_bas,2017,39.16
mkd,sex_t,eco_aggregate_pub,edu_aggregate_bas,2018,40.6
mkd,sex_t,eco_aggregate_pub,edu_aggregate_bas,2019,39.22
mkd,sex_t,eco_aggregate_pub,edu_aggregate_bas,2020,37.67
mkd,sex_t,eco_aggregate_pub,edu_aggregate_bas,2021,38.52
mkd,sex_t,eco_aggregate_pub,edu_aggregate_bas,2022,37.99
mkd,sex_t,eco_aggregate_pub,edu_aggregate_bas,2024,36.55
mkd,sex_t,eco_aggregate_pub,edu_aggregate_int,2006,41.34
mkd,sex_t,eco_aggregate_pub,edu_aggregate_int,2007,41.01
mkd,sex_t,eco_aggregate_pub,edu_aggregate_int,2008,40.82
mkd,sex_t,eco_aggregate_pub,edu_aggregate_int,2009,40.07
mkd,sex_t,eco_aggregate_pub,edu_aggregate_int,2010,40.54
mkd,sex_t,eco_aggregate_pub,edu_aggregate_int,2011,40.29
mkd,sex_t,eco_aggregate_pub,edu_aggregate_int,2012,40.59
mkd,sex_t,eco_aggregate_pub,edu_aggregate_int,2013,40.49
mkd,sex_t,eco_aggregate_pub,edu_aggregate_int,2014,39.7
mkd,sex_t,eco_aggregate_pub,edu_aggregate_int,2015,39.98
mkd,sex_t,eco_aggregate_pub,edu_aggregate_int,2016,40.35
mkd,sex_t,eco_aggregate_pub,edu_aggregate_int,2017,40.36
mkd,sex_t,eco_aggregate_pub,edu_aggregate_int,2018,40.04
mkd,sex_t,eco_aggregate_pub,edu_aggregate_int,2019,39.97
mkd,sex_t,eco_aggregate_pub,edu_aggregate_int,2020,38.55
mkd,sex_t,eco_aggregate_pub,edu_aggregate_int,2021,39.59
mkd,sex_t,eco_aggregate_pub,edu_aggregate_int,2022,39.57
mkd,sex_t,eco_aggregate_pub,edu_aggregate_int,2024,38.88
mkd,sex_t,eco_aggregate_pub,edu_aggregate_ltb,2006,44.62
mkd,sex_t,eco_aggregate_pub,edu_aggregate_ltb,2007,38.71
mkd,sex_t,eco_aggregate_pub,edu_aggregate_ltb,2008,37.86
mkd,sex_t,eco_aggregate_pub,edu_aggregate_ltb,2009,39.6
mkd,sex_t,eco_aggregate_pub,edu_aggregate_ltb,2010,36.01
mkd,sex_t,eco_aggregate_pub,edu_aggregate_ltb,2011,32.62
mkd,sex_t,eco_aggregate_pub,edu_aggregate_ltb,2012,39.32
mkd,sex_t,eco_aggregate_pub,edu_aggregate_ltb,2014,36.01
mkd,sex_t,eco_aggregate_pub,edu_aggregate_ltb,2015,42.28
mkd,sex_t,eco_aggregate_pub,edu_aggregate_ltb,2016,40.13
mkd,sex_t,eco_aggregate_pub,edu_aggregate_ltb,2017,27.14
mkd,sex_t,eco_aggregate_pub,edu_aggregate_ltb,2018,31.42
mkd,sex_t,eco_aggregate_pub,edu_aggregate_ltb,2019,36.35
mkd,sex_t,eco_aggregate_pub,edu_aggregate_ltb,2020,40
mkd,sex_t,eco_aggregate_pub,edu_aggregate_ltb,2021,39.04
mkd,sex_t,eco_aggregate_pub,edu_aggregate_ltb,2022,30.93
mkd,sex_t,eco_aggregate_pub,edu_aggregate_ltb,2024,40
mkd,sex_t,eco_aggregate_pub,edu_aggregate_total,2006,40.33
mkd,sex_t,eco_aggregate_pub,edu_aggregate_total,2007,40
mkd,sex_t,eco_aggregate_pub,edu_aggregate_total,2008,39.83
mkd,sex_t,eco_aggregate_pub,edu_aggregate_total,2009,39.16
mkd,sex_t,eco_aggregate_pub,edu_aggregate_total,2010,39.54
mkd,sex_t,eco_aggregate_pub,edu_aggregate_total,2011,39.12
mkd,sex_t,eco_aggregate_pub,edu_aggregate_total,2012,39.51
mkd,sex_t,eco_aggregate_pub,edu_aggregate_total,2013,39.92
mkd,sex_t,eco_aggregate_pub,edu_aggregate_total,2014,39.46
mkd,sex_t,eco_aggregate_pub,edu_aggregate_total,2015,39.57
mkd,sex_t,eco_aggregate_pub,edu_aggregate_total,2016,39.74
mkd,sex_t,eco_aggregate_pub,edu_aggregate_total,2017,39.69
mkd,sex_t,eco_aggregate_pub,edu_aggregate_total,2018,39.6
mkd,sex_t,eco_aggregate_pub,edu_aggregate_total,2019,39.35
mkd,sex_t,eco_aggregate_pub,edu_aggregate_total,2020,38
mkd,sex_t,eco_aggregate_pub,edu_aggregate_total,2021,39.2
mkd,sex_t,eco_aggregate_pub,edu_aggregate_total,2022,39.14
mkd,sex_t,eco_aggregate_pub,edu_aggregate_total,2024,38.4
mkd,sex_t,eco_aggregate_pub,edu_isced11_0,2006,44.87
mkd,sex_t,eco_aggregate_pub,edu_isced11_0,2007,39.29
mkd,sex_t,eco_aggregate_pub,edu_isced11_0,2008,37.8
mkd,sex_t,eco_aggregate_pub,edu_isced11_0,2009,39.78
mkd,sex_t,eco_aggregate_pub,edu_isced11_0,2010,38.74
mkd,sex_t,eco_aggregate_pub,edu_isced11_0,2011,36.82
mkd,sex_t,eco_aggregate_pub,edu_isced11_0,2012,38.45
mkd,sex_t,eco_aggregate_pub,edu_isced11_0,2016,45.9
mkd,sex_t,eco_aggregate_pub,edu_isced11_0,2018,39.45
mkd,sex_t,eco_aggregate_pub,edu_isced11_0,2022,28.11
mkd,sex_t,eco_aggregate_pub,edu_isced11_1,2006,40.55
mkd,sex_t,eco_aggregate_pub,edu_isced11_1,2007,40.26
mkd,sex_t,eco_aggregate_pub,edu_isced11_1,2008,41.14
mkd,sex_t,eco_aggregate_pub,edu_isced11_1,2009,39.93
mkd,sex_t,eco_aggregate_pub,edu_isced11_1,2010,39.24
mkd,sex_t,eco_aggregate_pub,edu_isced11_1,2011,38.03
mkd,sex_t,eco_aggregate_pub,edu_isced11_1,2012,39.08
mkd,sex_t,eco_aggregate_pub,edu_isced11_1,2013,39.96
mkd,sex_t,eco_aggregate_pub,edu_isced11_1,2014,38.54
mkd,sex_t,eco_aggregate_pub,edu_isced11_1,2015,39.85
mkd,sex_t,eco_aggregate_pub,edu_isced11_1,2016,38.69
mkd,sex_t,eco_aggregate_pub,edu_isced11_1,2017,39.16
mkd,sex_t,eco_aggregate_pub,edu_isced11_1,2018,40.59
mkd,sex_t,eco_aggregate_pub,edu_isced11_1,2019,39.25
mkd,sex_t,eco_aggregate_pub,edu_isced11_1,2020,37.67
mkd,sex_t,eco_aggregate_pub,edu_isced11_1,2021,38.51
mkd,sex_t,eco_aggregate_pub,edu_isced11_1,2022,37.96
mkd,sex_t,eco_aggregate_pub,edu_isced11_1,2024,36.55
mkd,sex_t,eco_aggregate_pub,edu_isced11_2,2006,35.47
mkd,sex_t,eco_aggregate_pub,edu_isced11_2,2007,36.69
mkd,sex_t,eco_aggregate_pub,edu_isced11_2,2008,38.92
mkd,sex_t,eco_aggregate_pub,edu_isced11_2,2010,40
mkd,sex_t,eco_aggregate_pub,edu_isced11_2,2012,36.52
mkd,sex_t,eco_aggregate_pub,edu_isced11_2,2013,40
mkd,sex_t,eco_aggregate_pub,edu_isced11_2,2018,41.32
mkd,sex_t,eco_aggregate_pub,edu_isced11_3,2006,41.34
mkd,sex_t,eco_aggregate_pub,edu_isced11_3,2007,41.01
mkd,sex_t,eco_aggregate_pub,edu_isced11_3,2008,40.82
mkd,sex_t,eco_aggregate_pub,edu_isced11_3,2009,40.07
mkd,sex_t,eco_aggregate_pub,edu_isced11_3,2010,40.54
mkd,sex_t,eco_aggregate_pub,edu_isced11_3,2011,40.29
mkd,sex_t,eco_aggregate_pub,edu_isced11_3,2012,40.59
mkd,sex_t,eco_aggregate_pub,edu_isced11_3,2013,40.49
mkd,sex_t,eco_aggregate_pub,edu_isced11_3,2014,39.7
mkd,sex_t,eco_aggregate_pub,edu_isced11_3,2015,39.98
mkd,sex_t,eco_aggregate_pub,edu_isced11_3,2016,40.35
mkd,sex_t,eco_aggregate_pub,edu_isced11_3,2017,40.36
mkd,sex_t,eco_aggregate_pub,edu_isced11_3,2018,40.04
mkd,sex_t,eco_aggregate_pub,edu_isced11_3,2019,39.97
mkd,sex_t,eco_aggregate_pub,edu_isced11_3,2020,38.58
mkd,sex_t,eco_aggregate_pub,edu_isced11_3,2021,39.6
mkd,sex_t,eco_aggregate_pub,edu_isced11_3,2022,39.59
mkd,sex_t,eco_aggregate_pub,edu_isced11_3,2024,38.69
mkd,sex_t,eco_aggregate_pub,edu_isced11_4,2020,33.14
mkd,sex_t,eco_aggregate_pub,edu_isced11_4,2021,38.01
mkd,sex_t,eco_aggregate_pub,edu_isced11_4,2022,37
mkd,sex_t,eco_aggregate_pub,edu_isced11_4,2024,39.65
mkd,sex_t,eco_aggregate_pub,edu_isced11_5,2006,38.62
mkd,sex_t,eco_aggregate_pub,edu_isced11_5,2007,38.84
mkd,sex_t,eco_aggregate_pub,edu_isced11_5,2008,37.11
mkd,sex_t,eco_aggregate_pub,edu_isced11_5,2009,37.58
mkd,sex_t,eco_aggregate_pub,edu_isced11_5,2010,38.88
mkd,sex_t,eco_aggregate_pub,edu_isced11_5,2011,39.06
mkd,sex_t,eco_aggregate_pub,edu_isced11_5,2012,39.31
mkd,sex_t,eco_aggregate_pub,edu_isced11_5,2013,39.63
mkd,sex_t,eco_aggregate_pub,edu_isced11_5,2014,39.58
mkd,sex_t,eco_aggregate_pub,edu_isced11_5,2015,39.44
mkd,sex_t,eco_aggregate_pub,edu_isced11_5,2016,40.15
mkd,sex_t,eco_aggregate_pub,edu_isced11_5,2017,40.19
mkd,sex_t,eco_aggregate_pub,edu_isced11_5,2018,39.9
mkd,sex_t,eco_aggregate_pub,edu_isced11_5,2019,39.83
mkd,sex_t,eco_aggregate_pub,edu_isced11_5,2020,37.77
mkd,sex_t,eco_aggregate_pub,edu_isced11_5,2021,40.01
mkd,sex_t,eco_aggregate_pub,edu_isced11_5,2022,39.12
mkd,sex_t,eco_aggregate_pub,edu_isced11_5,2024,37.76
mkd,sex_t,eco_aggregate_pub,edu_isced11_6,2006,39.35
mkd,sex_t,eco_aggregate_pub,edu_isced11_6,2007,38.83
mkd,sex_t,eco_aggregate_pub,edu_isced11_6,2008,38.94
mkd,sex_t,eco_aggregate_pub,edu_isced11_6,2009,38.4
mkd,sex_t,eco_aggregate_pub,edu_isced11_6,2010,38.64
mkd,sex_t,eco_aggregate_pub,edu_isced11_6,2011,38.14
mkd,sex_t,eco_aggregate_pub,edu_isced11_6,2012,38.76
mkd,sex_t,eco_aggregate_pub,edu_isced11_6,2013,39.54
mkd,sex_t,eco_aggregate_pub,edu_isced11_6,2014,39.31
mkd,sex_t,eco_aggregate_pub,edu_isced11_6,2015,39.28
mkd,sex_t,eco_aggregate_pub,edu_isced11_6,2016,39.31
mkd,sex_t,eco_aggregate_pub,edu_isced11_6,2017,39.22
mkd,sex_t,eco_aggregate_pub,edu_isced11_6,2018,39.15
mkd,sex_t,eco_aggregate_pub,edu_isced11_6,2019,38.76
mkd,sex_t,eco_aggregate_pub,edu_isced11_6,2020,37.46
mkd,sex_t,eco_aggregate_pub,edu_isced11_6,2021,38.84
mkd,sex_t,eco_aggregate_pub,edu_isced11_6,2022,38.87
mkd,sex_t,eco_aggregate_pub,edu_isced11_6,2024,38.2
mkd,sex_t,eco_aggregate_pub,edu_isced11_7,2006,40.02
mkd,sex_t,eco_aggregate_pub,edu_isced11_7,2007,41.11
mkd,sex_t,eco_aggregate_pub,edu_isced11_7,2008,37.35
mkd,sex_t,eco_aggregate_pub,edu_isced11_7,2009,36.31
mkd,sex_t,eco_aggregate_pub,edu_isced11_7,2010,38.87
mkd,sex_t,eco_aggregate_pub,edu_isced11_7,2011,37.98
mkd,sex_t,eco_aggregate_pub,edu_isced11_7,2012,38.48
mkd,sex_t,eco_aggregate_pub,edu_isced11_7,2013,39.32
mkd,sex_t,eco_aggregate_pub,edu_isced11_7,2014,39.76
mkd,sex_t,eco_aggregate_pub,edu_isced11_7,2015,38.84
mkd,sex_t,eco_aggregate_pub,edu_isced11_7,2016,39.24
mkd,sex_t,eco_aggregate_pub,edu_isced11_7,2017,39.19
mkd,sex_t,eco_aggregate_pub,edu_isced11_7,2018,39.66
mkd,sex_t,eco_aggregate_pub,edu_isced11_7,2019,39.12
mkd,sex_t,eco_aggregate_pub,edu_isced11_7,2020,38.56
mkd,sex_t,eco_aggregate_pub,edu_isced11_7,2021,39.32
mkd,sex_t,eco_aggregate_pub,edu_isced11_7,2022,39.51
mkd,sex_t,eco_aggregate_pub,edu_isced11_7,2024,38.15
mkd,sex_t,eco_aggregate_pub,edu_isced11_8,2006,40.78
mkd,sex_t,eco_aggregate_pub,edu_isced11_8,2007,40.36
mkd,sex_t,eco_aggregate_pub,edu_isced11_8,2008,38.89
mkd,sex_t,eco_aggregate_pub,edu_isced11_8,2009,38.4
mkd,sex_t,eco_aggregate_pub,edu_isced11_8,2010,40.09
mkd,sex_t,eco_aggregate_pub,edu_isced11_8,2011,38.37
mkd,sex_t,eco_aggregate_pub,edu_isced11_8,2012,36.32
mkd,sex_t,eco_aggregate_pub,edu_isced11_8,2013,36.98
mkd,sex_t,eco_aggregate_pub,edu_isced11_8,2014,39.88
mkd,sex_t,eco_aggregate_pub,edu_isced11_8,2015,37.64
mkd,sex_t,eco_aggregate_pub,edu_isced11_8,2016,40.42
mkd,sex_t,eco_aggregate_pub,edu_isced11_8,2017,39.51
mkd,sex_t,eco_aggregate_pub,edu_isced11_8,2018,38.63
mkd,sex_t,eco_aggregate_pub,edu_isced11_8,2019,39.38
mkd,sex_t,eco_aggregate_pub,edu_isced11_8,2020,38.13
mkd,sex_t,eco_aggregate_pub,edu_isced11_8,2021,38.79
mkd,sex_t,eco_aggregate_pub,edu_isced11_8,2022,39.12
mkd,sex_t,eco_aggregate_pub,edu_isced11_8,2024,37.83
mkd,sex_t,eco_aggregate_pub,edu_isced11_total,2006,40.33
mkd,sex_t,eco_aggregate_pub,edu_isced11_total,2007,40
mkd,sex_t,eco_aggregate_pub,edu_isced11_total,2008,39.83
mkd,sex_t,eco_aggregate_pub,edu_isced11_total,2009,39.16
mkd,sex_t,eco_aggregate_pub,edu_isced11_total,2010,39.54
mkd,sex_t,eco_aggregate_pub,edu_isced11_total,2011,39.12
mkd,sex_t,eco_aggregate_pub,edu_isced11_total,2012,39.51
mkd,sex_t,eco_aggregate_pub,edu_isced11_total,2013,39.92
mkd,sex_t,eco_aggregate_pub,edu_isced11_total,2014,39.46
mkd,sex_t,eco_aggregate_pub,edu_isced11_total,2015,39.57
mkd,sex_t,eco_aggregate_pub,edu_isced11_total,2016,39.74
mkd,sex_t,eco_aggregate_pub,edu_isced11_total,2017,39.69
mkd,sex_t,eco_aggregate_pub,edu_isced11_total,2018,39.6
mkd,sex_t,eco_aggregate_pub,edu_isced11_total,2019,39.35
mkd,sex_t,eco_aggregate_pub,edu_isced11_total,2020,38
mkd,sex_t,eco_aggregate_pub,edu_isced11_total,2021,39.2
mkd,sex_t,eco_aggregate_pub,edu_isced11_total,2022,39.14
mkd,sex_t,eco_aggregate_pub,edu_isced11_total,2024,38.4
mkd,sex_t,eco_aggregate_pub,edu_isced11_x,2007,37.45
mkd,sex_t,eco_aggregate_pub,edu_isced11_x,2010,29.99
mkd,sex_t,eco_aggregate_pub,edu_isced11_x,2012,39.93
mkd,sex_t,eco_aggregate_pub,edu_isced11_x,2016,31.56
mkd,sex_t,eco_aggregate_pub,edu_isced11_x,2018,26.95
mkd,sex_t,eco_aggregate_pub,edu_isced11_x,2019,35.72
mkd,sex_t,eco_aggregate_pub,edu_isced11_x,2024,40
mkd,sex_t,eco_aggregate_total,edu_aggregate_adv,2006,40.94
mkd,sex_t,eco_aggregate_total,edu_aggregate_adv,2007,40.4
mkd,sex_t,eco_aggregate_total,edu_aggregate_adv,2008,40.18
mkd,sex_t,eco_aggregate_total,edu_aggregate_adv,2009,39.76
mkd,sex_t,eco_aggregate_total,edu_aggregate_adv,2010,40.03
mkd,sex_t,eco_aggregate_total,edu_aggregate_adv,2011,39.52
mkd,sex_t,eco_aggregate_total,edu_aggregate_adv,2012,39.84
mkd,sex_t,eco_aggregate_total,edu_aggregate_adv,2013,40.17
mkd,sex_t,eco_aggregate_total,edu_aggregate_adv,2014,40.25
mkd,sex_t,eco_aggregate_total,edu_aggregate_adv,2015,39.75
mkd,sex_t,eco_aggregate_total,edu_aggregate_adv,2016,39.87
mkd,sex_t,eco_aggregate_total,edu_aggregate_adv,2017,40.26
mkd,sex_t,eco_aggregate_total,edu_aggregate_adv,2018,39.87
mkd,sex_t,eco_aggregate_total,edu_aggregate_adv,2019,39.37
mkd,sex_t,eco_aggregate_total,edu_aggregate_adv,2020,38.25
mkd,sex_t,eco_aggregate_total,edu_aggregate_adv,2021,39.32
mkd,sex_t,eco_aggregate_total,edu_aggregate_adv,2022,39.23
mkd,sex_t,eco_aggregate_total,edu_aggregate_adv,2024,38.44
mkd,sex_t,eco_aggregate_total,edu_aggregate_bas,2006,44.29
mkd,sex_t,eco_aggregate_total,edu_aggregate_bas,2007,43.1
mkd,sex_t,eco_aggregate_total,edu_aggregate_bas,2008,43.01
mkd,sex_t,eco_aggregate_total,edu_aggregate_bas,2009,41.73
mkd,sex_t,eco_aggregate_total,edu_aggregate_bas,2010,40.97
mkd,sex_t,eco_aggregate_total,edu_aggregate_bas,2011,41.5
mkd,sex_t,eco_aggregate_total,edu_aggregate_bas,2012,42.09
mkd,sex_t,eco_aggregate_total,edu_aggregate_bas,2013,42.45
mkd,sex_t,eco_aggregate_total,edu_aggregate_bas,2014,42.54
mkd,sex_t,eco_aggregate_total,edu_aggregate_bas,2015,42.64
mkd,sex_t,eco_aggregate_total,edu_aggregate_bas,2016,41.58
mkd,sex_t,eco_aggregate_total,edu_aggregate_bas,2017,43.15
mkd,sex_t,eco_aggregate_total,edu_aggregate_bas,2018,42.59
mkd,sex_t,eco_aggregate_total,edu_aggregate_bas,2019,40.79
mkd,sex_t,eco_aggregate_total,edu_aggregate_bas,2020,39.12
mkd,sex_t,eco_aggregate_total,edu_aggregate_bas,2021,40.37
mkd,sex_t,eco_aggregate_total,edu_aggregate_bas,2022,39.45
mkd,sex_t,eco_aggregate_total,edu_aggregate_bas,2024,39.77
mkd,sex_t,eco_aggregate_total,edu_aggregate_int,2006,43.85
mkd,sex_t,eco_aggregate_total,edu_aggregate_int,2007,43.31
mkd,sex_t,eco_aggregate_total,edu_aggregate_int,2008,43.38
mkd,sex_t,eco_aggregate_total,edu_aggregate_int,2009,42.59
mkd,sex_t,eco_aggregate_total,edu_aggregate_int,2010,42.57
mkd,sex_t,eco_aggregate_total,edu_aggregate_int,2011,41.95
mkd,sex_t,eco_aggregate_total,edu_aggregate_int,2012,41.95
mkd,sex_t,eco_aggregate_total,edu_aggregate_int,2013,42.15
mkd,sex_t,eco_aggregate_total,edu_aggregate_int,2014,41.61
mkd,sex_t,eco_aggregate_total,edu_aggregate_int,2015,41.51
mkd,sex_t,eco_aggregate_total,edu_aggregate_int,2016,41.84
mkd,sex_t,eco_aggregate_total,edu_aggregate_int,2017,42.36
mkd,sex_t,eco_aggregate_total,edu_aggregate_int,2018,41.94
mkd,sex_t,eco_aggregate_total,edu_aggregate_int,2019,41.07
mkd,sex_t,eco_aggregate_total,edu_aggregate_int,2020,39.31
mkd,sex_t,eco_aggregate_total,edu_aggregate_int,2021,40.16
mkd,sex_t,eco_aggregate_total,edu_aggregate_int,2022,40.11
mkd,sex_t,eco_aggregate_total,edu_aggregate_int,2024,39.24
mkd,sex_t,eco_aggregate_total,edu_aggregate_ltb,2006,42.82
mkd,sex_t,eco_aggregate_total,edu_aggregate_ltb,2007,41.64
mkd,sex_t,eco_aggregate_total,edu_aggregate_ltb,2008,40.23
mkd,sex_t,eco_aggregate_total,edu_aggregate_ltb,2009,36.49
mkd,sex_t,eco_aggregate_total,edu_aggregate_ltb,2010,36.47
mkd,sex_t,eco_aggregate_total,edu_aggregate_ltb,2011,39.09
mkd,sex_t,eco_aggregate_total,edu_aggregate_ltb,2012,38.29
mkd,sex_t,eco_aggregate_total,edu_aggregate_ltb,2013,41.71
mkd,sex_t,eco_aggregate_total,edu_aggregate_ltb,2014,42.02
mkd,sex_t,eco_aggregate_total,edu_aggregate_ltb,2015,42.12
mkd,sex_t,eco_aggregate_total,edu_aggregate_ltb,2016,40.77
mkd,sex_t,eco_aggregate_total,edu_aggregate_ltb,2017,41.16
mkd,sex_t,eco_aggregate_total,edu_aggregate_ltb,2018,40.68
mkd,sex_t,eco_aggregate_total,edu_aggregate_ltb,2019,37.72
mkd,sex_t,eco_aggregate_total,edu_aggregate_ltb,2020,35.57
mkd,sex_t,eco_aggregate_total,edu_aggregate_ltb,2021,35.41
mkd,sex_t,eco_aggregate_total,edu_aggregate_ltb,2022,37
mkd,sex_t,eco_aggregate_total,edu_aggregate_ltb,2024,36.92
mkd,sex_t,eco_aggregate_total,edu_aggregate_total,2006,43.35
mkd,sex_t,eco_aggregate_total,edu_aggregate_total,2007,42.61
mkd,sex_t,eco_aggregate_total,edu_aggregate_total,2008,42.58
mkd,sex_t,eco_aggregate_total,edu_aggregate_total,2009,41.6
mkd,sex_t,eco_aggregate_total,edu_aggregate_total,2010,41.45
mkd,sex_t,eco_aggregate_total,edu_aggregate_total,2011,41.19
mkd,sex_t,eco_aggregate_total,edu_aggregate_total,2012,41.36
mkd,sex_t,eco_aggregate_total,edu_aggregate_total,2013,41.76
mkd,sex_t,eco_aggregate_total,edu_aggregate_total,2014,41.5
mkd,sex_t,eco_aggregate_total,edu_aggregate_total,2015,41.32
mkd,sex_t,eco_aggregate_total,edu_aggregate_total,2016,41.26
mkd,sex_t,eco_aggregate_total,edu_aggregate_total,2017,41.92
mkd,sex_t,eco_aggregate_total,edu_aggregate_total,2018,41.49
mkd,sex_t,eco_aggregate_total,edu_aggregate_total,2019,40.52
mkd,sex_t,eco_aggregate_total,edu_aggregate_total,2020,38.92
mkd,sex_t,eco_aggregate_total,edu_aggregate_total,2021,39.89
mkd,sex_t,eco_aggregate_total,edu_aggregate_total,2022,39.72
mkd,sex_t,eco_aggregate_total,edu_aggregate_total,2024,39.02
mkd,sex_t,eco_aggregate_total,edu_isced11_0,2006,43.51
mkd,sex_t,eco_aggregate_total,edu_isced11_0,2007,42.86
mkd,sex_t,eco_aggregate_total,edu_isced11_0,2008,40.44
mkd,sex_t,eco_aggregate_total,edu_isced11_0,2009,36.4
mkd,sex_t,eco_aggregate_total,edu_isced11_0,2010,36.35
mkd,sex_t,eco_aggregate_total,edu_isced11_0,2011,39.54
mkd,sex_t,eco_aggregate_total,edu_isced11_0,2012,38.02
mkd,sex_t,eco_aggregate_total,edu_isced11_0,2013,42.42
mkd,sex_t,eco_aggregate_total,edu_isced11_0,2014,41.54
mkd,sex_t,eco_aggregate_total,edu_isced11_0,2015,42.69
mkd,sex_t,eco_aggregate_total,edu_isced11_0,2016,41.32
mkd,sex_t,eco_aggregate_total,edu_isced11_0,2017,41.67
mkd,sex_t,eco_aggregate_total,edu_isced11_0,2018,41.83
mkd,sex_t,eco_aggregate_total,edu_isced11_0,2019,37.7
mkd,sex_t,eco_aggregate_total,edu_isced11_0,2020,35.54
mkd,sex_t,eco_aggregate_total,edu_isced11_0,2021,34.96
mkd,sex_t,eco_aggregate_total,edu_isced11_0,2022,36.56
mkd,sex_t,eco_aggregate_total,edu_isced11_0,2024,36.38
mkd,sex_t,eco_aggregate_total,edu_isced11_1,2006,44.31
mkd,sex_t,eco_aggregate_total,edu_isced11_1,2007,43.18
mkd,sex_t,eco_aggregate_total,edu_isced11_1,2008,43.05
mkd,sex_t,eco_aggregate_total,edu_isced11_1,2009,41.7
mkd,sex_t,eco_aggregate_total,edu_isced11_1,2010,40.91
mkd,sex_t,eco_aggregate_total,edu_isced11_1,2011,41.57
mkd,sex_t,eco_aggregate_total,edu_isced11_1,2012,42.11
mkd,sex_t,eco_aggregate_total,edu_isced11_1,2013,42.51
mkd,sex_t,eco_aggregate_total,edu_isced11_1,2014,42.53
mkd,sex_t,eco_aggregate_total,edu_isced11_1,2015,42.63
mkd,sex_t,eco_aggregate_total,edu_isced11_1,2016,41.61
mkd,sex_t,eco_aggregate_total,edu_isced11_1,2017,43.14
mkd,sex_t,eco_aggregate_total,edu_isced11_1,2018,42.57
mkd,sex_t,eco_aggregate_total,edu_isced11_1,2019,40.78
mkd,sex_t,eco_aggregate_total,edu_isced11_1,2020,39.13
mkd,sex_t,eco_aggregate_total,edu_isced11_1,2021,40.37
mkd,sex_t,eco_aggregate_total,edu_isced11_1,2022,39.44
mkd,sex_t,eco_aggregate_total,edu_isced11_1,2024,39.77
mkd,sex_t,eco_aggregate_total,edu_isced11_2,2006,43.45
mkd,sex_t,eco_aggregate_total,edu_isced11_2,2007,40.16
mkd,sex_t,eco_aggregate_total,edu_isced11_2,2008,41.39
mkd,sex_t,eco_aggregate_total,edu_isced11_2,2009,43.43
mkd,sex_t,eco_aggregate_total,edu_isced11_2,2010,43.56
mkd,sex_t,eco_aggregate_total,edu_isced11_2,2011,37.75
mkd,sex_t,eco_aggregate_total,edu_isced11_2,2012,41.41
mkd,sex_t,eco_aggregate_total,edu_isced11_2,2013,38.24
mkd,sex_t,eco_aggregate_total,edu_isced11_2,2014,43.6
mkd,sex_t,eco_aggregate_total,edu_isced11_2,2015,44.38
mkd,sex_t,eco_aggregate_total,edu_isced11_2,2016,40.05
mkd,sex_t,eco_aggregate_total,edu_isced11_2,2017,44.36
mkd,sex_t,eco_aggregate_total,edu_isced11_2,2018,43.49
mkd,sex_t,eco_aggregate_total,edu_isced11_2,2019,42.02
mkd,sex_t,eco_aggregate_total,edu_isced11_2,2020,37.78
mkd,sex_t,eco_aggregate_total,edu_isced11_2,2021,42.48
mkd,sex_t,eco_aggregate_total,edu_isced11_2,2022,42.32
mkd,sex_t,eco_aggregate_total,edu_isced11_2,2024,39.64
mkd,sex_t,eco_aggregate_total,edu_isced11_3,2006,43.85
mkd,sex_t,eco_aggregate_total,edu_isced11_3,2007,43.31
mkd,sex_t,eco_aggregate_total,edu_isced11_3,2008,43.38
mkd,sex_t,eco_aggregate_total,edu_isced11_3,2009,42.59
mkd,sex_t,eco_aggregate_total,edu_isced11_3,2010,42.57
mkd,sex_t,eco_aggregate_total,edu_isced11_3,2011,41.95
mkd,sex_t,eco_aggregate_total,edu_isced11_3,2012,41.95
mkd,sex_t,eco_aggregate_total,edu_isced11_3,2013,42.15
mkd,sex_t,eco_aggregate_total,edu_isced11_3,2014,41.61
mkd,sex_t,eco_aggregate_total,edu_isced11_3,2015,41.51
mkd,sex_t,eco_aggregate_total,edu_isced11_3,2016,41.84
mkd,sex_t,eco_aggregate_total,edu_isced11_3,2017,42.36
mkd,sex_t,eco_aggregate_total,edu_isced11_3,2018,41.94
mkd,sex_t,eco_aggregate_total,edu_isced11_3,2019,41.07
mkd,sex_t,eco_aggregate_total,edu_isced11_3,2020,39.33
mkd,sex_t,eco_aggregate_total,edu_isced11_3,2021,40.17
mkd,sex_t,eco_aggregate_total,edu_isced11_3,2022,40.12
mkd,sex_t,eco_aggregate_total,edu_isced11_3,2024,39.09
mkd,sex_t,eco_aggregate_total,edu_isced11_4,2020,36.85
mkd,sex_t,eco_aggregate_total,edu_isced11_4,2021,38.59
mkd,sex_t,eco_aggregate_total,edu_isced11_4,2022,39.08
mkd,sex_t,eco_aggregate_total,edu_isced11_4,2024,39.83
mkd,sex_t,eco_aggregate_total,edu_isced11_5,2006,40.86
mkd,sex_t,eco_aggregate_total,edu_isced11_5,2007,40.67
mkd,sex_t,eco_aggregate_total,edu_isced11_5,2008,39.86
mkd,sex_t,eco_aggregate_total,edu_isced11_5,2009,39.72
mkd,sex_t,eco_aggregate_total,edu_isced11_5,2010,40.32
mkd,sex_t,eco_aggregate_total,edu_isced11_5,2011,40.55
mkd,sex_t,eco_aggregate_total,edu_isced11_5,2012,40.52
mkd,sex_t,eco_aggregate_total,edu_isced11_5,2013,40.23
mkd,sex_t,eco_aggregate_total,edu_isced11_5,2014,40.46
mkd,sex_t,eco_aggregate_total,edu_isced11_5,2015,40.48
mkd,sex_t,eco_aggregate_total,edu_isced11_5,2016,41.11
mkd,sex_t,eco_aggregate_total,edu_isced11_5,2017,41.44
mkd,sex_t,eco_aggregate_total,edu_isced11_5,2018,40.51
mkd,sex_t,eco_aggregate_total,edu_isced11_5,2019,40.28
mkd,sex_t,eco_aggregate_total,edu_isced11_5,2020,38.33
mkd,sex_t,eco_aggregate_total,edu_isced11_5,2021,40.14
mkd,sex_t,eco_aggregate_total,edu_isced11_5,2022,39.86
mkd,sex_t,eco_aggregate_total,edu_isced11_5,2024,37.82
mkd,sex_t,eco_aggregate_total,edu_isced11_6,2006,40.99
mkd,sex_t,eco_aggregate_total,edu_isced11_6,2007,40.31
mkd,sex_t,eco_aggregate_total,edu_isced11_6,2008,40.36
mkd,sex_t,eco_aggregate_total,edu_isced11_6,2009,39.87
mkd,sex_t,eco_aggregate_total,edu_isced11_6,2010,39.98
mkd,sex_t,eco_aggregate_total,edu_isced11_6,2011,39.37
mkd,sex_t,eco_aggregate_total,edu_isced11_6,2012,39.84
mkd,sex_t,eco_aggregate_total,edu_isced11_6,2013,40.23
mkd,sex_t,eco_aggregate_total,edu_isced11_6,2014,40.28
mkd,sex_t,eco_aggregate_total,edu_isced11_6,2015,39.74
mkd,sex_t,eco_aggregate_total,edu_isced11_6,2016,39.76
mkd,sex_t,eco_aggregate_total,edu_isced11_6,2017,40.22
mkd,sex_t,eco_aggregate_total,edu_isced11_6,2018,39.85
mkd,sex_t,eco_aggregate_total,edu_isced11_6,2019,39.25
mkd,sex_t,eco_aggregate_total,edu_isced11_6,2020,38.26
mkd,sex_t,eco_aggregate_total,edu_isced11_6,2021,39.25
mkd,sex_t,eco_aggregate_total,edu_isced11_6,2022,39.17
mkd,sex_t,eco_aggregate_total,edu_isced11_6,2024,38.52
mkd,sex_t,eco_aggregate_total,edu_isced11_7,2006,40.57
mkd,sex_t,eco_aggregate_total,edu_isced11_7,2007,40.49
mkd,sex_t,eco_aggregate_total,edu_isced11_7,2008,38.43
mkd,sex_t,eco_aggregate_total,edu_isced11_7,2009,37.81
mkd,sex_t,eco_aggregate_total,edu_isced11_7,2010,39.45
mkd,sex_t,eco_aggregate_total,edu_isced11_7,2011,39.08
mkd,sex_t,eco_aggregate_total,edu_isced11_7,2012,38.54
mkd,sex_t,eco_aggregate_total,edu_isced11_7,2013,39.96
mkd,sex_t,eco_aggregate_total,edu_isced11_7,2014,39.55
mkd,sex_t,eco_aggregate_total,edu_isced11_7,2015,39.16
mkd,sex_t,eco_aggregate_total,edu_isced11_7,2016,39.52
mkd,sex_t,eco_aggregate_total,edu_isced11_7,2017,39.9
mkd,sex_t,eco_aggregate_total,edu_isced11_7,2018,39.6
mkd,sex_t,eco_aggregate_total,edu_isced11_7,2019,39.59
mkd,sex_t,eco_aggregate_total,edu_isced11_7,2020,38.03
mkd,sex_t,eco_aggregate_total,edu_isced11_7,2021,39.38
mkd,sex_t,eco_aggregate_total,edu_isced11_7,2022,39.35
mkd,sex_t,eco_aggregate_total,edu_isced11_7,2024,38.28
mkd,sex_t,eco_aggregate_total,edu_isced11_8,2006,40.98
mkd,sex_t,eco_aggregate_total,edu_isced11_8,2007,40.37
mkd,sex_t,eco_aggregate_total,edu_isced11_8,2008,38.91
mkd,sex_t,eco_aggregate_total,edu_isced11_8,2009,38.57
mkd,sex_t,eco_aggregate_total,edu_isced11_8,2010,40.13
mkd,sex_t,eco_aggregate_total,edu_isced11_8,2011,39.55
mkd,sex_t,eco_aggregate_total,edu_isced11_8,2012,36.76
mkd,sex_t,eco_aggregate_total,edu_isced11_8,2013,37.26
mkd,sex_t,eco_aggregate_total,edu_isced11_8,2014,39.89
mkd,sex_t,eco_aggregate_total,edu_isced11_8,2015,37.8
mkd,sex_t,eco_aggregate_total,edu_isced11_8,2016,40.07
mkd,sex_t,eco_aggregate_total,edu_isced11_8,2017,38.67
mkd,sex_t,eco_aggregate_total,edu_isced11_8,2018,38.85
mkd,sex_t,eco_aggregate_total,edu_isced11_8,2019,39.59
mkd,sex_t,eco_aggregate_total,edu_isced11_8,2020,38.55
mkd,sex_t,eco_aggregate_total,edu_isced11_8,2021,38.85
mkd,sex_t,eco_aggregate_total,edu_isced11_8,2022,39.1
mkd,sex_t,eco_aggregate_total,edu_isced11_8,2024,37.74
mkd,sex_t,eco_aggregate_total,edu_isced11_total,2006,43.35
mkd,sex_t,eco_aggregate_total,edu_isced11_total,2007,42.61
mkd,sex_t,eco_aggregate_total,edu_isced11_total,2008,42.58
mkd,sex_t,eco_aggregate_total,edu_isced11_total,2009,41.6
mkd,sex_t,eco_aggregate_total,edu_isced11_total,2010,41.45
mkd,sex_t,eco_aggregate_total,edu_isced11_total,2011,41.19
mkd,sex_t,eco_aggregate_total,edu_isced11_total,2012,41.36
mkd,sex_t,eco_aggregate_total,edu_isced11_total,2013,41.76
mkd,sex_t,eco_aggregate_total,edu_isced11_total,2014,41.5
mkd,sex_t,eco_aggregate_total,edu_isced11_total,2015,41.32
mkd,sex_t,eco_aggregate_total,edu_isced11_total,2016,41.26
mkd,sex_t,eco_aggregate_total,edu_isced11_total,2017,41.92
mkd,sex_t,eco_aggregate_total,edu_isced11_total,2018,41.49
mkd,sex_t,eco_aggregate_total,edu_isced11_total,2019,40.52
mkd,sex_t,eco_aggregate_total,edu_isced11_total,2020,38.92
mkd,sex_t,eco_aggregate_total,edu_isced11_total,2021,39.89
mkd,sex_t,eco_aggregate_total,edu_isced11_total,2022,39.72
mkd,sex_t,eco_aggregate_total,edu_isced11_total,2024,39.02
mkd,sex_t,eco_aggregate_total,edu_isced11_x,2006,37.09
mkd,sex_t,eco_aggregate_total,edu_isced11_x,2007,37.7
mkd,sex_t,eco_aggregate_total,edu_isced11_x,2008,39.04
mkd,sex_t,eco_aggregate_total,edu_isced11_x,2009,37.38
mkd,sex_t,eco_aggregate_total,edu_isced11_x,2010,37.21
mkd,sex_t,eco_aggregate_total,edu_isced11_x,2011,35.91
mkd,sex_t,eco_aggregate_total,edu_isced11_x,2012,39.88
mkd,sex_t,eco_aggregate_total,edu_isced11_x,2013,38.52
mkd,sex_t,eco_aggregate_total,edu_isced11_x,2014,44.36
mkd,sex_t,eco_aggregate_total,edu_isced11_x,2015,38.17
mkd,sex_t,eco_aggregate_total,edu_isced11_x,2016,38.81
mkd,sex_t,eco_aggregate_total,edu_isced11_x,2017,38.85
mkd,sex_t,eco_aggregate_total,edu_isced11_x,2018,36.14
mkd,sex_t,eco_aggregate_total,edu_isced11_x,2019,37.77
mkd,sex_t,eco_aggregate_total,edu_isced11_x,2020,35.66
mkd,sex_t,eco_aggregate_total,edu_isced11_x,2021,36.94
mkd,sex_t,eco_aggregate_total,edu_isced11_x,2022,38.17
mkd,sex_t,eco_aggregate_total,edu_isced11_x,2024,37.98
mkd,sex_t,eco_aggregate_x,edu_aggregate_total,2006,40.8
mkd,sex_t,eco_aggregate_x,edu_isced11_total,2006,40.8
mkd,sex_t,eco_isic3_a,edu_aggregate_adv,2006,40.01
mkd,sex_t,eco_isic3_a,edu_aggregate_adv,2007,39.42
mkd,sex_t,eco_isic3_a,edu_aggregate_adv,2008,39.83
mkd,sex_t,eco_isic3_a,edu_aggregate_adv,2009,40.97
mkd,sex_t,eco_isic3_a,edu_aggregate_adv,2010,39.8
mkd,sex_t,eco_isic3_a,edu_aggregate_bas,2006,41.84
mkd,sex_t,eco_isic3_a,edu_aggregate_bas,2007,40.92
mkd,sex_t,eco_isic3_a,edu_aggregate_bas,2008,39.38
mkd,sex_t,eco_isic3_a,edu_aggregate_bas,2009,37.12
mkd,sex_t,eco_isic3_a,edu_aggregate_bas,2010,36.18
mkd,sex_t,eco_isic3_a,edu_aggregate_int,2006,42.56
mkd,sex_t,eco_isic3_a,edu_aggregate_int,2007,39.77
mkd,sex_t,eco_isic3_a,edu_aggregate_int,2008,41.15
mkd,sex_t,eco_isic3_a,edu_aggregate_int,2009,40.06
mkd,sex_t,eco_isic3_a,edu_aggregate_int,2010,39.09
mkd,sex_t,eco_isic3_a,edu_aggregate_ltb,2006,43.16
mkd,sex_t,eco_isic3_a,edu_aggregate_ltb,2007,41.38
mkd,sex_t,eco_isic3_a,edu_aggregate_ltb,2008,39.65
mkd,sex_t,eco_isic3_a,edu_aggregate_ltb,2009,35.71
mkd,sex_t,eco_isic3_a,edu_aggregate_ltb,2010,35.62
mkd,sex_t,eco_isic3_a,edu_aggregate_total,2006,42.25
mkd,sex_t,eco_isic3_a,edu_aggregate_total,2007,40.65
mkd,sex_t,eco_isic3_a,edu_aggregate_total,2008,39.93
mkd,sex_t,eco_isic3_a,edu_aggregate_total,2009,37.78
mkd,sex_t,eco_isic3_a,edu_aggregate_total,2010,37.05
mkd,sex_t,eco_isic3_a,edu_isced11_0,2006,43.64
mkd,sex_t,eco_isic3_a,edu_isced11_0,2007,42.79
mkd,sex_t,eco_isic3_a,edu_isced11_0,2008,39.83
mkd,sex_t,eco_isic3_a,edu_isced11_0,2009,35.62
mkd,sex_t,eco_isic3_a,edu_isced11_0,2010,35.35
mkd,sex_t,eco_isic3_a,edu_isced11_1,2006,41.77
mkd,sex_t,eco_isic3_a,edu_isced11_1,2007,41.06
mkd,sex_t,eco_isic3_a,edu_isced11_1,2008,39.43
mkd,sex_t,eco_isic3_a,edu_isced11_1,2009,37.04
mkd,sex_t,eco_isic3_a,edu_isced11_1,2010,36.12
mkd,sex_t,eco_isic3_a,edu_isced11_2,2006,45.69
mkd,sex_t,eco_isic3_a,edu_isced11_2,2007,35.83
mkd,sex_t,eco_isic3_a,edu_isced11_2,2008,36.59
mkd,sex_t,eco_isic3_a,edu_isced11_2,2009,41.97
mkd,sex_t,eco_isic3_a,edu_isced11_2,2010,42.12
mkd,sex_t,eco_isic3_a,edu_isced11_3,2006,42.56
mkd,sex_t,eco_isic3_a,edu_isced11_3,2007,39.77
mkd,sex_t,eco_isic3_a,edu_isced11_3,2008,41.15
mkd,sex_t,eco_isic3_a,edu_isced11_3,2009,40.06
mkd,sex_t,eco_isic3_a,edu_isced11_3,2010,39.09
mkd,sex_t,eco_isic3_a,edu_isced11_5,2006,38.53
mkd,sex_t,eco_isic3_a,edu_isced11_5,2007,38.72
mkd,sex_t,eco_isic3_a,edu_isced11_5,2008,39.77
mkd,sex_t,eco_isic3_a,edu_isced11_5,2009,43.33
mkd,sex_t,eco_isic3_a,edu_isced11_5,2010,36.12
mkd,sex_t,eco_isic3_a,edu_isced11_6,2006,40.82
mkd,sex_t,eco_isic3_a,edu_isced11_6,2007,39.79
mkd,sex_t,eco_isic3_a,edu_isced11_6,2008,39.86
mkd,sex_t,eco_isic3_a,edu_isced11_6,2009,39.65
mkd,sex_t,eco_isic3_a,edu_isced11_6,2010,42.05
mkd,sex_t,eco_isic3_a,edu_isced11_total,2006,42.25
mkd,sex_t,eco_isic3_a,edu_isced11_total,2007,40.65
mkd,sex_t,eco_isic3_a,edu_isced11_total,2008,39.93
mkd,sex_t,eco_isic3_a,edu_isced11_total,2009,37.78
mkd,sex_t,eco_isic3_a,edu_isced11_total,2010,37.05
mkd,sex_t,eco_isic3_a,edu_isced11_x,2006,38.98
mkd,sex_t,eco_isic3_a,edu_isced11_x,2007,36.83
mkd,sex_t,eco_isic3_a,edu_isced11_x,2008,38.29
mkd,sex_t,eco_isic3_a,edu_isced11_x,2009,36.81
mkd,sex_t,eco_isic3_a,edu_isced11_x,2010,37.54
mkd,sex_t,eco_isic3_b,edu_aggregate_bas,2010,39.35
mkd,sex_t,eco_isic3_b,edu_aggregate_int,2006,54.92
mkd,sex_t,eco_isic3_b,edu_aggregate_int,2008,40
mkd,sex_t,eco_isic3_b,edu_aggregate_total,2006,53.52
mkd,sex_t,eco_isic3_b,edu_aggregate_total,2007,38.74
mkd,sex_t,eco_isic3_b,edu_aggregate_total,2008,40
mkd,sex_t,eco_isic3_b,edu_aggregate_total,2009,40
mkd,sex_t,eco_isic3_b,edu_aggregate_total,2010,41.71
mkd,sex_t,eco_isic3_b,edu_isced11_1,2010,39.35
mkd,sex_t,eco_isic3_b,edu_isced11_3,2006,54.92
mkd,sex_t,eco_isic3_b,edu_isced11_3,2008,40
mkd,sex_t,eco_isic3_b,edu_isced11_total,2006,53.52
mkd,sex_t,eco_isic3_b,edu_isced11_total,2007,38.74
mkd,sex_t,eco_isic3_b,edu_isced11_total,2008,40
mkd,sex_t,eco_isic3_b,edu_isced11_total,2009,40
mkd,sex_t,eco_isic3_b,edu_isced11_total,2010,41.71
mkd,sex_t,eco_isic3_c,edu_aggregate_adv,2006,42.53
mkd,sex_t,eco_isic3_c,edu_aggregate_adv,2007,43.14
mkd,sex_t,eco_isic3_c,edu_aggregate_adv,2008,42.89
mkd,sex_t,eco_isic3_c,edu_aggregate_adv,2009,44.6
mkd,sex_t,eco_isic3_c,edu_aggregate_adv,2010,41.91
mkd,sex_t,eco_isic3_c,edu_aggregate_bas,2006,46
mkd,sex_t,eco_isic3_c,edu_aggregate_bas,2007,40.2
mkd,sex_t,eco_isic3_c,edu_aggregate_bas,2008,43.33
mkd,sex_t,eco_isic3_c,edu_aggregate_bas,2009,43.01
mkd,sex_t,eco_isic3_c,edu_aggregate_bas,2010,44.63
mkd,sex_t,eco_isic3_c,edu_aggregate_int,2006,42.21
mkd,sex_t,eco_isic3_c,edu_aggregate_int,2007,42.56
mkd,sex_t,eco_isic3_c,edu_aggregate_int,2008,41.96
mkd,sex_t,eco_isic3_c,edu_aggregate_int,2009,43.42
mkd,sex_t,eco_isic3_c,edu_aggregate_int,2010,43.06
mkd,sex_t,eco_isic3_c,edu_aggregate_total,2006,43.02
mkd,sex_t,eco_isic3_c,edu_aggregate_total,2007,42.16
mkd,sex_t,eco_isic3_c,edu_aggregate_total,2008,42.46
mkd,sex_t,eco_isic3_c,edu_aggregate_total,2009,43.49
mkd,sex_t,eco_isic3_c,edu_aggregate_total,2010,43.44
mkd,sex_t,eco_isic3_c,edu_isced11_1,2006,46
mkd,sex_t,eco_isic3_c,edu_isced11_1,2007,40.2
mkd,sex_t,eco_isic3_c,edu_isced11_1,2008,43.44
mkd,sex_t,eco_isic3_c,edu_isced11_1,2009,43.01
mkd,sex_t,eco_isic3_c,edu_isced11_1,2010,44.94
mkd,sex_t,eco_isic3_c,edu_isced11_3,2006,42.21
mkd,sex_t,eco_isic3_c,edu_isced11_3,2007,42.56
mkd,sex_t,eco_isic3_c,edu_isced11_3,2008,41.96
mkd,sex_t,eco_isic3_c,edu_isced11_3,2009,43.42
mkd,sex_t,eco_isic3_c,edu_isced11_3,2010,43.06
mkd,sex_t,eco_isic3_c,edu_isced11_5,2007,44.35
mkd,sex_t,eco_isic3_c,edu_isced11_5,2008,43.35
mkd,sex_t,eco_isic3_c,edu_isced11_5,2010,44.29
mkd,sex_t,eco_isic3_c,edu_isced11_6,2007,42.57
mkd,sex_t,eco_isic3_c,edu_isced11_6,2008,42.54
mkd,sex_t,eco_isic3_c,edu_isced11_6,2009,44.77
mkd,sex_t,eco_isic3_c,edu_isced11_6,2010,40.68
mkd,sex_t,eco_isic3_c,edu_isced11_total,2006,43.02
mkd,sex_t,eco_isic3_c,edu_isced11_total,2007,42.16
mkd,sex_t,eco_isic3_c,edu_isced11_total,2008,42.46
mkd,sex_t,eco_isic3_c,edu_isced11_total,2009,43.49
mkd,sex_t,eco_isic3_c,edu_isced11_total,2010,43.44
mkd,sex_t,eco_isic3_d,edu_aggregate_adv,2006,43.23
mkd,sex_t,eco_isic3_d,edu_aggregate_adv,2007,42.59
mkd,sex_t,eco_isic3_d,edu_aggregate_adv,2008,42.11
mkd,sex_t,eco_isic3_d,edu_aggregate_adv,2009,41.73
mkd,sex_t,eco_isic3_d,edu_aggregate_adv,2010,41.88
mkd,sex_t,eco_isic3_d,edu_aggregate_bas,2006,44.97
mkd,sex_t,eco_isic3_d,edu_aggregate_bas,2007,44.18
mkd,sex_t,eco_isic3_d,edu_aggregate_bas,2008,44.36
mkd,sex_t,eco_isic3_d,edu_aggregate_bas,2009,43.76
mkd,sex_t,eco_isic3_d,edu_aggregate_bas,2010,44.48
mkd,sex_t,eco_isic3_d,edu_aggregate_int,2006,44.24
mkd,sex_t,eco_isic3_d,edu_aggregate_int,2007,44.2
mkd,sex_t,eco_isic3_d,edu_aggregate_int,2008,43.94
mkd,sex_t,eco_isic3_d,edu_aggregate_int,2009,43.18
mkd,sex_t,eco_isic3_d,edu_aggregate_int,2010,43.32
mkd,sex_t,eco_isic3_d,edu_aggregate_ltb,2006,45.52
mkd,sex_t,eco_isic3_d,edu_aggregate_ltb,2007,43.62
mkd,sex_t,eco_isic3_d,edu_aggregate_ltb,2008,42.92
mkd,sex_t,eco_isic3_d,edu_aggregate_ltb,2009,39.12
mkd,sex_t,eco_isic3_d,edu_aggregate_ltb,2010,40.17
mkd,sex_t,eco_isic3_d,edu_aggregate_total,2006,44.31
mkd,sex_t,eco_isic3_d,edu_aggregate_total,2007,44.03
mkd,sex_t,eco_isic3_d,edu_aggregate_total,2008,43.85
mkd,sex_t,eco_isic3_d,edu_aggregate_total,2009,43.13
mkd,sex_t,eco_isic3_d,edu_aggregate_total,2010,43.37
mkd,sex_t,eco_isic3_d,edu_isced11_0,2006,45.35
mkd,sex_t,eco_isic3_d,edu_isced11_0,2007,41.07
mkd,sex_t,eco_isic3_d,edu_isced11_0,2008,42
mkd,sex_t,eco_isic3_d,edu_isced11_0,2009,40
mkd,sex_t,eco_isic3_d,edu_isced11_0,2010,40.18
mkd,sex_t,eco_isic3_d,edu_isced11_1,2006,45.04
mkd,sex_t,eco_isic3_d,edu_isced11_1,2007,44.13
mkd,sex_t,eco_isic3_d,edu_isced11_1,2008,44.38
mkd,sex_t,eco_isic3_d,edu_isced11_1,2009,43.75
mkd,sex_t,eco_isic3_d,edu_isced11_1,2010,44.41
mkd,sex_t,eco_isic3_d,edu_isced11_2,2006,43.04
mkd,sex_t,eco_isic3_d,edu_isced11_2,2007,46.08
mkd,sex_t,eco_isic3_d,edu_isced11_2,2008,43.71
mkd,sex_t,eco_isic3_d,edu_isced11_2,2009,44.45
mkd,sex_t,eco_isic3_d,edu_isced11_2,2010,46.87
mkd,sex_t,eco_isic3_d,edu_isced11_3,2006,44.24
mkd,sex_t,eco_isic3_d,edu_isced11_3,2007,44.2
mkd,sex_t,eco_isic3_d,edu_isced11_3,2008,43.94
mkd,sex_t,eco_isic3_d,edu_isced11_3,2009,43.18
mkd,sex_t,eco_isic3_d,edu_isced11_3,2010,43.32
mkd,sex_t,eco_isic3_d,edu_isced11_5,2006,44.02
mkd,sex_t,eco_isic3_d,edu_isced11_5,2007,43.18
mkd,sex_t,eco_isic3_d,edu_isced11_5,2008,42.24
mkd,sex_t,eco_isic3_d,edu_isced11_5,2009,41.68
mkd,sex_t,eco_isic3_d,edu_isced11_5,2010,42.38
mkd,sex_t,eco_isic3_d,edu_isced11_6,2006,42.8
mkd,sex_t,eco_isic3_d,edu_isced11_6,2007,42.33
mkd,sex_t,eco_isic3_d,edu_isced11_6,2008,41.95
mkd,sex_t,eco_isic3_d,edu_isced11_6,2009,41.74
mkd,sex_t,eco_isic3_d,edu_isced11_6,2010,41.82
mkd,sex_t,eco_isic3_d,edu_isced11_7,2008,45.21
mkd,sex_t,eco_isic3_d,edu_isced11_7,2009,41.68
mkd,sex_t,eco_isic3_d,edu_isced11_7,2010,38.44
mkd,sex_t,eco_isic3_d,edu_isced11_total,2006,44.31
mkd,sex_t,eco_isic3_d,edu_isced11_total,2007,44.03
mkd,sex_t,eco_isic3_d,edu_isced11_total,2008,43.85
mkd,sex_t,eco_isic3_d,edu_isced11_total,2009,43.13
mkd,sex_t,eco_isic3_d,edu_isced11_total,2010,43.37
mkd,sex_t,eco_isic3_d,edu_isced11_x,2006,46.76
mkd,sex_t,eco_isic3_d,edu_isced11_x,2007,47.84
mkd,sex_t,eco_isic3_d,edu_isced11_x,2008,44.15
mkd,sex_t,eco_isic3_d,edu_isced11_x,2009,36.41
mkd,sex_t,eco_isic3_e,edu_aggregate_adv,2006,40.43
mkd,sex_t,eco_isic3_e,edu_aggregate_adv,2007,40.43
mkd,sex_t,eco_isic3_e,edu_aggregate_adv,2008,40.11
mkd,sex_t,eco_isic3_e,edu_aggregate_adv,2009,40.83
mkd,sex_t,eco_isic3_e,edu_aggregate_adv,2010,40.19
mkd,sex_t,eco_isic3_e,edu_aggregate_bas,2006,39.32
mkd,sex_t,eco_isic3_e,edu_aggregate_bas,2007,40.86
mkd,sex_t,eco_isic3_e,edu_aggregate_bas,2008,43.22
mkd,sex_t,eco_isic3_e,edu_aggregate_bas,2009,43.43
mkd,sex_t,eco_isic3_e,edu_aggregate_bas,2010,41.28
mkd,sex_t,eco_isic3_e,edu_aggregate_int,2006,40.88
mkd,sex_t,eco_isic3_e,edu_aggregate_int,2007,41.37
mkd,sex_t,eco_isic3_e,edu_aggregate_int,2008,40.8
mkd,sex_t,eco_isic3_e,edu_aggregate_int,2009,40.26
mkd,sex_t,eco_isic3_e,edu_aggregate_int,2010,40.32
mkd,sex_t,eco_isic3_e,edu_aggregate_ltb,2006,42.55
mkd,sex_t,eco_isic3_e,edu_aggregate_total,2006,40.59
mkd,sex_t,eco_isic3_e,edu_aggregate_total,2007,41.16
mkd,sex_t,eco_isic3_e,edu_aggregate_total,2008,40.88
mkd,sex_t,eco_isic3_e,edu_aggregate_total,2009,40.81
mkd,sex_t,eco_isic3_e,edu_aggregate_total,2010,40.4
mkd,sex_t,eco_isic3_e,edu_isced11_0,2006,42.55
mkd,sex_t,eco_isic3_e,edu_isced11_1,2006,39.67
mkd,sex_t,eco_isic3_e,edu_isced11_1,2007,40.74
mkd,sex_t,eco_isic3_e,edu_isced11_1,2008,43.22
mkd,sex_t,eco_isic3_e,edu_isced11_1,2009,43.47
mkd,sex_t,eco_isic3_e,edu_isced11_1,2010,41.22
mkd,sex_t,eco_isic3_e,edu_isced11_2,2006,37.57
mkd,sex_t,eco_isic3_e,edu_isced11_2,2009,42.72
mkd,sex_t,eco_isic3_e,edu_isced11_2,2010,41.9
mkd,sex_t,eco_isic3_e,edu_isced11_3,2006,40.88
mkd,sex_t,eco_isic3_e,edu_isced11_3,2007,41.37
mkd,sex_t,eco_isic3_e,edu_isced11_3,2008,40.8
mkd,sex_t,eco_isic3_e,edu_isced11_3,2009,40.26
mkd,sex_t,eco_isic3_e,edu_isced11_3,2010,40.32
mkd,sex_t,eco_isic3_e,edu_isced11_5,2006,40.52
mkd,sex_t,eco_isic3_e,edu_isced11_5,2007,41.01
mkd,sex_t,eco_isic3_e,edu_isced11_5,2008,40
mkd,sex_t,eco_isic3_e,edu_isced11_5,2009,40.41
mkd,sex_t,eco_isic3_e,edu_isced11_5,2010,41.13
mkd,sex_t,eco_isic3_e,edu_isced11_6,2006,40.42
mkd,sex_t,eco_isic3_e,edu_isced11_6,2007,40.11
mkd,sex_t,eco_isic3_e,edu_isced11_6,2008,40.29
mkd,sex_t,eco_isic3_e,edu_isced11_6,2009,41
mkd,sex_t,eco_isic3_e,edu_isced11_6,2010,39.86
mkd,sex_t,eco_isic3_e,edu_isced11_total,2006,40.59
mkd,sex_t,eco_isic3_e,edu_isced11_total,2007,41.16
mkd,sex_t,eco_isic3_e,edu_isced11_total,2008,40.88
mkd,sex_t,eco_isic3_e,edu_isced11_total,2009,40.81
mkd,sex_t,eco_isic3_e,edu_isced11_total,2010,40.4
mkd,sex_t,eco_isic3_f,edu_aggregate_adv,2006,44.37
mkd,sex_t,eco_isic3_f,edu_aggregate_adv,2007,42.65
mkd,sex_t,eco_isic3_f,edu_aggregate_adv,2008,41.49
mkd,sex_t,eco_isic3_f,edu_aggregate_adv,2009,43.51
mkd,sex_t,eco_isic3_f,edu_aggregate_adv,2010,43
mkd,sex_t,eco_isic3_f,edu_aggregate_bas,2006,47.81
mkd,sex_t,eco_isic3_f,edu_aggregate_bas,2007,47.68
mkd,sex_t,eco_isic3_f,edu_aggregate_bas,2008,48.88
mkd,sex_t,eco_isic3_f,edu_aggregate_bas,2009,49.33
mkd,sex_t,eco_isic3_f,edu_aggregate_bas,2010,47.24
mkd,sex_t,eco_isic3_f,edu_aggregate_int,2006,45.24
mkd,sex_t,eco_isic3_f,edu_aggregate_int,2007,45.92
mkd,sex_t,eco_isic3_f,edu_aggregate_int,2008,46.27
mkd,sex_t,eco_isic3_f,edu_aggregate_int,2009,44.5
mkd,sex_t,eco_isic3_f,edu_aggregate_int,2010,45.45
mkd,sex_t,eco_isic3_f,edu_aggregate_ltb,2006,39.68
mkd,sex_t,eco_isic3_f,edu_aggregate_ltb,2007,45.42
mkd,sex_t,eco_isic3_f,edu_aggregate_ltb,2008,48.04
mkd,sex_t,eco_isic3_f,edu_aggregate_ltb,2009,45.89
mkd,sex_t,eco_isic3_f,edu_aggregate_ltb,2010,46.21
mkd,sex_t,eco_isic3_f,edu_aggregate_total,2006,46.15
mkd,sex_t,eco_isic3_f,edu_aggregate_total,2007,46.32
mkd,sex_t,eco_isic3_f,edu_aggregate_total,2008,47.09
mkd,sex_t,eco_isic3_f,edu_aggregate_total,2009,46.63
mkd,sex_t,eco_isic3_f,edu_aggregate_total,2010,45.87
mkd,sex_t,eco_isic3_f,edu_isced11_0,2006,42.49
mkd,sex_t,eco_isic3_f,edu_isced11_0,2007,46.26
mkd,sex_t,eco_isic3_f,edu_isced11_0,2008,46.42
mkd,sex_t,eco_isic3_f,edu_isced11_0,2009,46.15
mkd,sex_t,eco_isic3_f,edu_isced11_0,2010,46.21
mkd,sex_t,eco_isic3_f,edu_isced11_1,2006,47.91
mkd,sex_t,eco_isic3_f,edu_isced11_1,2007,47.73
mkd,sex_t,eco_isic3_f,edu_isced11_1,2008,48.96
mkd,sex_t,eco_isic3_f,edu_isced11_1,2009,49.38
mkd,sex_t,eco_isic3_f,edu_isced11_1,2010,47.26
mkd,sex_t,eco_isic3_f,edu_isced11_2,2006,43.02
mkd,sex_t,eco_isic3_f,edu_isced11_2,2007,44.65
mkd,sex_t,eco_isic3_f,edu_isced11_2,2008,46.62
mkd,sex_t,eco_isic3_f,edu_isced11_2,2009,47.59
mkd,sex_t,eco_isic3_f,edu_isced11_3,2006,45.24
mkd,sex_t,eco_isic3_f,edu_isced11_3,2007,45.92
mkd,sex_t,eco_isic3_f,edu_isced11_3,2008,46.27
mkd,sex_t,eco_isic3_f,edu_isced11_3,2009,44.5
mkd,sex_t,eco_isic3_f,edu_isced11_3,2010,45.45
mkd,sex_t,eco_isic3_f,edu_isced11_5,2006,44.07
mkd,sex_t,eco_isic3_f,edu_isced11_5,2007,41.56
mkd,sex_t,eco_isic3_f,edu_isced11_5,2008,41.29
mkd,sex_t,eco_isic3_f,edu_isced11_5,2009,37.63
mkd,sex_t,eco_isic3_f,edu_isced11_5,2010,45.04
mkd,sex_t,eco_isic3_f,edu_isced11_6,2006,44.46
mkd,sex_t,eco_isic3_f,edu_isced11_6,2007,42.87
mkd,sex_t,eco_isic3_f,edu_isced11_6,2008,41.55
mkd,sex_t,eco_isic3_f,edu_isced11_6,2009,44.4
mkd,sex_t,eco_isic3_f,edu_isced11_6,2010,42.58
mkd,sex_t,eco_isic3_f,edu_isced11_total,2006,46.15
mkd,sex_t,eco_isic3_f,edu_isced11_total,2007,46.32
mkd,sex_t,eco_isic3_f,edu_isced11_total,2008,47.09
mkd,sex_t,eco_isic3_f,edu_isced11_total,2009,46.63
mkd,sex_t,eco_isic3_f,edu_isced11_total,2010,45.87
mkd,sex_t,eco_isic3_f,edu_isced11_x,2006,21.89
mkd,sex_t,eco_isic3_g,edu_aggregate_adv,2006,44.71
mkd,sex_t,eco_isic3_g,edu_aggregate_adv,2007,42.86
mkd,sex_t,eco_isic3_g,edu_aggregate_adv,2008,43.49
mkd,sex_t,eco_isic3_g,edu_aggregate_adv,2009,43.01
mkd,sex_t,eco_isic3_g,edu_aggregate_adv,2010,42.4
mkd,sex_t,eco_isic3_g,edu_aggregate_bas,2006,46.09
mkd,sex_t,eco_isic3_g,edu_aggregate_bas,2007,45.91
mkd,sex_t,eco_isic3_g,edu_aggregate_bas,2008,46.55
mkd,sex_t,eco_isic3_g,edu_aggregate_bas,2009,44.17
mkd,sex_t,eco_isic3_g,edu_aggregate_bas,2010,45.96
mkd,sex_t,eco_isic3_g,edu_aggregate_int,2006,45.1
mkd,sex_t,eco_isic3_g,edu_aggregate_int,2007,44.65
mkd,sex_t,eco_isic3_g,edu_aggregate_int,2008,44.71
mkd,sex_t,eco_isic3_g,edu_aggregate_int,2009,44.11
mkd,sex_t,eco_isic3_g,edu_aggregate_int,2010,44.03
mkd,sex_t,eco_isic3_g,edu_aggregate_ltb,2006,34.04
mkd,sex_t,eco_isic3_g,edu_aggregate_ltb,2007,46.71
mkd,sex_t,eco_isic3_g,edu_aggregate_ltb,2008,42.1
mkd,sex_t,eco_isic3_g,edu_aggregate_ltb,2009,40.57
mkd,sex_t,eco_isic3_g,edu_aggregate_ltb,2010,42.47
mkd,sex_t,eco_isic3_g,edu_aggregate_total,2006,45.15
mkd,sex_t,eco_isic3_g,edu_aggregate_total,2007,44.57
mkd,sex_t,eco_isic3_g,edu_aggregate_total,2008,44.74
mkd,sex_t,eco_isic3_g,edu_aggregate_total,2009,43.96
mkd,sex_t,eco_isic3_g,edu_aggregate_total,2010,44
mkd,sex_t,eco_isic3_g,edu_isced11_0,2006,30.8
mkd,sex_t,eco_isic3_g,edu_isced11_0,2007,45.39
mkd,sex_t,eco_isic3_g,edu_isced11_0,2008,44.02
mkd,sex_t,eco_isic3_g,edu_isced11_0,2009,41.91
mkd,sex_t,eco_isic3_g,edu_isced11_0,2010,45.69
mkd,sex_t,eco_isic3_g,edu_isced11_1,2006,45.94
mkd,sex_t,eco_isic3_g,edu_isced11_1,2007,46.23
mkd,sex_t,eco_isic3_g,edu_isced11_1,2008,46.59
mkd,sex_t,eco_isic3_g,edu_isced11_1,2009,44.2
mkd,sex_t,eco_isic3_g,edu_isced11_1,2010,46.01
mkd,sex_t,eco_isic3_g,edu_isced11_2,2006,49.89
mkd,sex_t,eco_isic3_g,edu_isced11_2,2007,38.06
mkd,sex_t,eco_isic3_g,edu_isced11_2,2008,44.69
mkd,sex_t,eco_isic3_g,edu_isced11_2,2009,42.51
mkd,sex_t,eco_isic3_g,edu_isced11_2,2010,43.8
mkd,sex_t,eco_isic3_g,edu_isced11_3,2006,45.1
mkd,sex_t,eco_isic3_g,edu_isced11_3,2007,44.65
mkd,sex_t,eco_isic3_g,edu_isced11_3,2008,44.71
mkd,sex_t,eco_isic3_g,edu_isced11_3,2009,44.11
mkd,sex_t,eco_isic3_g,edu_isced11_3,2010,44.03
mkd,sex_t,eco_isic3_g,edu_isced11_5,2006,46.17
mkd,sex_t,eco_isic3_g,edu_isced11_5,2007,43.54
mkd,sex_t,eco_isic3_g,edu_isced11_5,2008,44.52
mkd,sex_t,eco_isic3_g,edu_isced11_5,2009,42.92
mkd,sex_t,eco_isic3_g,edu_isced11_5,2010,41.13
mkd,sex_t,eco_isic3_g,edu_isced11_6,2006,44.14
mkd,sex_t,eco_isic3_g,edu_isced11_6,2007,42.66
mkd,sex_t,eco_isic3_g,edu_isced11_6,2008,43.21
mkd,sex_t,eco_isic3_g,edu_isced11_6,2009,43.15
mkd,sex_t,eco_isic3_g,edu_isced11_6,2010,42.67
mkd,sex_t,eco_isic3_g,edu_isced11_7,2009,40.12
mkd,sex_t,eco_isic3_g,edu_isced11_7,2010,43.83
mkd,sex_t,eco_isic3_g,edu_isced11_total,2006,45.15
mkd,sex_t,eco_isic3_g,edu_isced11_total,2007,44.57
mkd,sex_t,eco_isic3_g,edu_isced11_total,2008,44.74
mkd,sex_t,eco_isic3_g,edu_isced11_total,2009,43.96
mkd,sex_t,eco_isic3_g,edu_isced11_total,2010,44
mkd,sex_t,eco_isic3_g,edu_isced11_x,2008,38.54
mkd,sex_t,eco_isic3_g,edu_isced11_x,2010,39.49
mkd,sex_t,eco_isic3_h,edu_aggregate_adv,2006,43.33
mkd,sex_t,eco_isic3_h,edu_aggregate_adv,2007,46.71
mkd,sex_t,eco_isic3_h,edu_aggregate_adv,2008,45.11
mkd,sex_t,eco_isic3_h,edu_aggregate_adv,2009,41.61
mkd,sex_t,eco_isic3_h,edu_aggregate_adv,2010,45.05
mkd,sex_t,eco_isic3_h,edu_aggregate_bas,2006,52.82
mkd,sex_t,eco_isic3_h,edu_aggregate_bas,2007,45.34
mkd,sex_t,eco_isic3_h,edu_aggregate_bas,2008,47.22
mkd,sex_t,eco_isic3_h,edu_aggregate_bas,2009,50.27
mkd,sex_t,eco_isic3_h,edu_aggregate_bas,2010,46.53
mkd,sex_t,eco_isic3_h,edu_aggregate_int,2006,47.14
mkd,sex_t,eco_isic3_h,edu_aggregate_int,2007,46.38
mkd,sex_t,eco_isic3_h,edu_aggregate_int,2008,46.46
mkd,sex_t,eco_isic3_h,edu_aggregate_int,2009,45
mkd,sex_t,eco_isic3_h,edu_aggregate_int,2010,44.67
mkd,sex_t,eco_isic3_h,edu_aggregate_ltb,2006,34.54
mkd,sex_t,eco_isic3_h,edu_aggregate_ltb,2007,34.52
mkd,sex_t,eco_isic3_h,edu_aggregate_ltb,2008,37.53
mkd,sex_t,eco_isic3_h,edu_aggregate_total,2006,48.21
mkd,sex_t,eco_isic3_h,edu_aggregate_total,2007,46.12
mkd,sex_t,eco_isic3_h,edu_aggregate_total,2008,46.36
mkd,sex_t,eco_isic3_h,edu_aggregate_total,2009,45.6
mkd,sex_t,eco_isic3_h,edu_aggregate_total,2010,45.02
mkd,sex_t,eco_isic3_h,edu_isced11_0,2006,34.54
mkd,sex_t,eco_isic3_h,edu_isced11_0,2007,37.75
mkd,sex_t,eco_isic3_h,edu_isced11_1,2006,53.08
mkd,sex_t,eco_isic3_h,edu_isced11_1,2007,45.47
mkd,sex_t,eco_isic3_h,edu_isced11_1,2008,47.26
mkd,sex_t,eco_isic3_h,edu_isced11_1,2009,50.27
mkd,sex_t,eco_isic3_h,edu_isced11_1,2010,46.53
mkd,sex_t,eco_isic3_h,edu_isced11_2,2006,45.35
mkd,sex_t,eco_isic3_h,edu_isced11_3,2006,47.14
mkd,sex_t,eco_isic3_h,edu_isced11_3,2007,46.38
mkd,sex_t,eco_isic3_h,edu_isced11_3,2008,46.46
mkd,sex_t,eco_isic3_h,edu_isced11_3,2009,45
mkd,sex_t,eco_isic3_h,edu_isced11_3,2010,44.67
mkd,sex_t,eco_isic3_h,edu_isced11_5,2006,38.8
mkd,sex_t,eco_isic3_h,edu_isced11_5,2007,47.63
mkd,sex_t,eco_isic3_h,edu_isced11_5,2008,45.67
mkd,sex_t,eco_isic3_h,edu_isced11_5,2009,42.95
mkd,sex_t,eco_isic3_h,edu_isced11_5,2010,47.37
mkd,sex_t,eco_isic3_h,edu_isced11_6,2006,45.71
mkd,sex_t,eco_isic3_h,edu_isced11_6,2007,46.01
mkd,sex_t,eco_isic3_h,edu_isced11_6,2008,45.39
mkd,sex_t,eco_isic3_h,edu_isced11_6,2009,40.79
mkd,sex_t,eco_isic3_h,edu_isced11_6,2010,44.24
mkd,sex_t,eco_isic3_h,edu_isced11_total,2006,48.21
mkd,sex_t,eco_isic3_h,edu_isced11_total,2007,46.12
mkd,sex_t,eco_isic3_h,edu_isced11_total,2008,46.36
mkd,sex_t,eco_isic3_h,edu_isced11_total,2009,45.6
mkd,sex_t,eco_isic3_h,edu_isced11_total,2010,45.02
mkd,sex_t,eco_isic3_i,edu_aggregate_adv,2006,42.31
mkd,sex_t,eco_isic3_i,edu_aggregate_adv,2007,42.84
mkd,sex_t,eco_isic3_i,edu_aggregate_adv,2008,42.42
mkd,sex_t,eco_isic3_i,edu_aggregate_adv,2009,40.44
mkd,sex_t,eco_isic3_i,edu_aggregate_adv,2010,41.57
mkd,sex_t,eco_isic3_i,edu_aggregate_bas,2006,47.78
mkd,sex_t,eco_isic3_i,edu_aggregate_bas,2007,46.07
mkd,sex_t,eco_isic3_i,edu_aggregate_bas,2008,49.63
mkd,sex_t,eco_isic3_i,edu_aggregate_bas,2009,45.03
mkd,sex_t,eco_isic3_i,edu_aggregate_bas,2010,44.53
mkd,sex_t,eco_isic3_i,edu_aggregate_int,2006,47.17
mkd,sex_t,eco_isic3_i,edu_aggregate_int,2007,45.35
mkd,sex_t,eco_isic3_i,edu_aggregate_int,2008,45.63
mkd,sex_t,eco_isic3_i,edu_aggregate_int,2009,44.87
mkd,sex_t,eco_isic3_i,edu_aggregate_int,2010,44.31
mkd,sex_t,eco_isic3_i,edu_aggregate_ltb,2007,33.24
mkd,sex_t,eco_isic3_i,edu_aggregate_ltb,2008,52.94
mkd,sex_t,eco_isic3_i,edu_aggregate_ltb,2009,47.76
mkd,sex_t,eco_isic3_i,edu_aggregate_ltb,2010,52.75
mkd,sex_t,eco_isic3_i,edu_aggregate_total,2006,46.64
mkd,sex_t,eco_isic3_i,edu_aggregate_total,2007,44.92
mkd,sex_t,eco_isic3_i,edu_aggregate_total,2008,45.88
mkd,sex_t,eco_isic3_i,edu_aggregate_total,2009,44.28
mkd,sex_t,eco_isic3_i,edu_aggregate_total,2010,43.95
mkd,sex_t,eco_isic3_i,edu_isced11_0,2007,46.15
mkd,sex_t,eco_isic3_i,edu_isced11_0,2008,52.94
mkd,sex_t,eco_isic3_i,edu_isced11_0,2009,46.11
mkd,sex_t,eco_isic3_i,edu_isced11_0,2010,53.06
mkd,sex_t,eco_isic3_i,edu_isced11_1,2006,47.78
mkd,sex_t,eco_isic3_i,edu_isced11_1,2007,46.07
mkd,sex_t,eco_isic3_i,edu_isced11_1,2008,49.64
mkd,sex_t,eco_isic3_i,edu_isced11_1,2009,45.02
mkd,sex_t,eco_isic3_i,edu_isced11_1,2010,44.61
mkd,sex_t,eco_isic3_i,edu_isced11_2,2007,46.18
mkd,sex_t,eco_isic3_i,edu_isced11_2,2010,41.7
mkd,sex_t,eco_isic3_i,edu_isced11_3,2006,47.17
mkd,sex_t,eco_isic3_i,edu_isced11_3,2007,45.35
mkd,sex_t,eco_isic3_i,edu_isced11_3,2008,45.63
mkd,sex_t,eco_isic3_i,edu_isced11_3,2009,44.87
mkd,sex_t,eco_isic3_i,edu_isced11_3,2010,44.31
mkd,sex_t,eco_isic3_i,edu_isced11_5,2006,40.47
mkd,sex_t,eco_isic3_i,edu_isced11_5,2007,42.89
mkd,sex_t,eco_isic3_i,edu_isced11_5,2008,41.5
mkd,sex_t,eco_isic3_i,edu_isced11_5,2009,40.98
mkd,sex_t,eco_isic3_i,edu_isced11_5,2010,43.53
mkd,sex_t,eco_isic3_i,edu_isced11_6,2006,43.54
mkd,sex_t,eco_isic3_i,edu_isced11_6,2007,42.92
mkd,sex_t,eco_isic3_i,edu_isced11_6,2008,42.72
mkd,sex_t,eco_isic3_i,edu_isced11_6,2009,40.05
mkd,sex_t,eco_isic3_i,edu_isced11_6,2010,40.77
mkd,sex_t,eco_isic3_i,edu_isced11_7,2007,41.34
mkd,sex_t,eco_isic3_i,edu_isced11_total,2006,46.64
mkd,sex_t,eco_isic3_i,edu_isced11_total,2007,44.92
mkd,sex_t,eco_isic3_i,edu_isced11_total,2008,45.88
mkd,sex_t,eco_isic3_i,edu_isced11_total,2009,44.28
mkd,sex_t,eco_isic3_i,edu_isced11_total,2010,43.95
mkd,sex_t,eco_isic3_j,edu_aggregate_adv,2006,41.44
mkd,sex_t,eco_isic3_j,edu_aggregate_adv,2007,40.94
mkd,sex_t,eco_isic3_j,edu_aggregate_adv,2008,39.34
mkd,sex_t,eco_isic3_j,edu_aggregate_adv,2009,40.22
mkd,sex_t,eco_isic3_j,edu_aggregate_adv,2010,39.88
mkd,sex_t,eco_isic3_j,edu_aggregate_bas,2007,39.67
mkd,sex_t,eco_isic3_j,edu_aggregate_bas,2008,36.93
mkd,sex_t,eco_isic3_j,edu_aggregate_int,2006,41.01
mkd,sex_t,eco_isic3_j,edu_aggregate_int,2007,41.52
mkd,sex_t,eco_isic3_j,edu_aggregate_int,2008,40.72
mkd,sex_t,eco_isic3_j,edu_aggregate_int,2009,40.39
mkd,sex_t,eco_isic3_j,edu_aggregate_int,2010,41.9
mkd,sex_t,eco_isic3_j,edu_aggregate_total,2006,41.21
mkd,sex_t,eco_isic3_j,edu_aggregate_total,2007,41.22
mkd,sex_t,eco_isic3_j,edu_aggregate_total,2008,39.96
mkd,sex_t,eco_isic3_j,edu_aggregate_total,2009,40.31
mkd,sex_t,eco_isic3_j,edu_aggregate_total,2010,40.67
mkd,sex_t,eco_isic3_j,edu_isced11_1,2007,38.51
mkd,sex_t,eco_isic3_j,edu_isced11_1,2008,36.93
mkd,sex_t,eco_isic3_j,edu_isced11_3,2006,41.01
mkd,sex_t,eco_isic3_j,edu_isced11_3,2007,41.52
mkd,sex_t,eco_isic3_j,edu_isced11_3,2008,40.72
mkd,sex_t,eco_isic3_j,edu_isced11_3,2009,40.39
mkd,sex_t,eco_isic3_j,edu_isced11_3,2010,41.9
mkd,sex_t,eco_isic3_j,edu_isced11_5,2006,40.53
mkd,sex_t,eco_isic3_j,edu_isced11_5,2007,40.01
mkd,sex_t,eco_isic3_j,edu_isced11_5,2008,38.72
mkd,sex_t,eco_isic3_j,edu_isced11_5,2009,40.31
mkd,sex_t,eco_isic3_j,edu_isced11_5,2010,38.57
mkd,sex_t,eco_isic3_j,edu_isced11_6,2006,41.47
mkd,sex_t,eco_isic3_j,edu_isced11_6,2007,41.22
mkd,sex_t,eco_isic3_j,edu_isced11_6,2008,39.52
mkd,sex_t,eco_isic3_j,edu_isced11_6,2009,40.2
mkd,sex_t,eco_isic3_j,edu_isced11_6,2010,40.17
mkd,sex_t,eco_isic3_j,edu_isced11_7,2010,39.27
mkd,sex_t,eco_isic3_j,edu_isced11_total,2006,41.21
mkd,sex_t,eco_isic3_j,edu_isced11_total,2007,41.22
mkd,sex_t,eco_isic3_j,edu_isced11_total,2008,39.96
mkd,sex_t,eco_isic3_j,edu_isced11_total,2009,40.31
mkd,sex_t,eco_isic3_j,edu_isced11_total,2010,40.67
mkd,sex_t,eco_isic3_k,edu_aggregate_adv,2006,41.84
mkd,sex_t,eco_isic3_k,edu_aggregate_adv,2007,40.41
mkd,sex_t,eco_isic3_k,edu_aggregate_adv,2008,41.43
mkd,sex_t,eco_isic3_k,edu_aggregate_adv,2009,40.22
mkd,sex_t,eco_isic3_k,edu_aggregate_adv,2010,39.95
mkd,sex_t,eco_isic3_k,edu_aggregate_bas,2006,39.75
mkd,sex_t,eco_isic3_k,edu_aggregate_bas,2007,43.96
mkd,sex_t,eco_isic3_k,edu_aggregate_bas,2008,39.81
mkd,sex_t,eco_isic3_k,edu_aggregate_bas,2009,39.23
mkd,sex_t,eco_isic3_k,edu_aggregate_bas,2010,41.13
mkd,sex_t,eco_isic3_k,edu_aggregate_int,2006,42.19
mkd,sex_t,eco_isic3_k,edu_aggregate_int,2007,41.38
mkd,sex_t,eco_isic3_k,edu_aggregate_int,2008,42.33
mkd,sex_t,eco_isic3_k,edu_aggregate_int,2009,39.87
mkd,sex_t,eco_isic3_k,edu_aggregate_int,2010,39.43
mkd,sex_t,eco_isic3_k,edu_aggregate_ltb,2009,33
mkd,sex_t,eco_isic3_k,edu_aggregate_total,2006,41.8
mkd,sex_t,eco_isic3_k,edu_aggregate_total,2007,40.88
mkd,sex_t,eco_isic3_k,edu_aggregate_total,2008,41.61
mkd,sex_t,eco_isic3_k,edu_aggregate_total,2009,39.95
mkd,sex_t,eco_isic3_k,edu_aggregate_total,2010,39.71
mkd,sex_t,eco_isic3_k,edu_isced11_1,2006,39.75
mkd,sex_t,eco_isic3_k,edu_isced11_1,2007,43.96
mkd,sex_t,eco_isic3_k,edu_isced11_1,2008,39.81
mkd,sex_t,eco_isic3_k,edu_isced11_1,2009,39.23
mkd,sex_t,eco_isic3_k,edu_isced11_1,2010,41.13
mkd,sex_t,eco_isic3_k,edu_isced11_3,2006,42.19
mkd,sex_t,eco_isic3_k,edu_isced11_3,2007,41.38
mkd,sex_t,eco_isic3_k,edu_isced11_3,2008,42.33
mkd,sex_t,eco_isic3_k,edu_isced11_3,2009,39.87
mkd,sex_t,eco_isic3_k,edu_isced11_3,2010,39.43
mkd,sex_t,eco_isic3_k,edu_isced11_5,2006,42.73
mkd,sex_t,eco_isic3_k,edu_isced11_5,2007,37.22
mkd,sex_t,eco_isic3_k,edu_isced11_5,2008,39.98
mkd,sex_t,eco_isic3_k,edu_isced11_5,2009,39.11
mkd,sex_t,eco_isic3_k,edu_isced11_5,2010,40.32
mkd,sex_t,eco_isic3_k,edu_isced11_6,2006,41.78
mkd,sex_t,eco_isic3_k,edu_isced11_6,2007,40.87
mkd,sex_t,eco_isic3_k,edu_isced11_6,2008,41.66
mkd,sex_t,eco_isic3_k,edu_isced11_6,2009,40.3
mkd,sex_t,eco_isic3_k,edu_isced11_6,2010,39.96
mkd,sex_t,eco_isic3_k,edu_isced11_7,2007,32.47
mkd,sex_t,eco_isic3_k,edu_isced11_7,2008,39.31
mkd,sex_t,eco_isic3_k,edu_isced11_7,2009,40.31
mkd,sex_t,eco_isic3_k,edu_isced11_7,2010,38.54
mkd,sex_t,eco_isic3_k,edu_isced11_8,2010,40.3
mkd,sex_t,eco_isic3_k,edu_isced11_total,2006,41.8
mkd,sex_t,eco_isic3_k,edu_isced11_total,2007,40.88
mkd,sex_t,eco_isic3_k,edu_isced11_total,2008,41.61
mkd,sex_t,eco_isic3_k,edu_isced11_total,2009,39.95
mkd,sex_t,eco_isic3_k,edu_isced11_total,2010,39.71
mkd,sex_t,eco_isic3_l,edu_aggregate_adv,2006,40.42
mkd,sex_t,eco_isic3_l,edu_aggregate_adv,2007,40.08
mkd,sex_t,eco_isic3_l,edu_aggregate_adv,2008,39.8
mkd,sex_t,eco_isic3_l,edu_aggregate_adv,2009,38.93
mkd,sex_t,eco_isic3_l,edu_aggregate_adv,2010,39.96
mkd,sex_t,eco_isic3_l,edu_aggregate_bas,2006,40.25
mkd,sex_t,eco_isic3_l,edu_aggregate_bas,2007,39.95
mkd,sex_t,eco_isic3_l,edu_aggregate_bas,2008,40.4
mkd,sex_t,eco_isic3_l,edu_aggregate_bas,2009,39.22
mkd,sex_t,eco_isic3_l,edu_aggregate_bas,2010,38.84
mkd,sex_t,eco_isic3_l,edu_aggregate_int,2006,41.84
mkd,sex_t,eco_isic3_l,edu_aggregate_int,2007,41.31
mkd,sex_t,eco_isic3_l,edu_aggregate_int,2008,40.87
mkd,sex_t,eco_isic3_l,edu_aggregate_int,2009,40.4
mkd,sex_t,eco_isic3_l,edu_aggregate_int,2010,40.97
mkd,sex_t,eco_isic3_l,edu_aggregate_total,2006,41.26
mkd,sex_t,eco_isic3_l,edu_aggregate_total,2007,40.82
mkd,sex_t,eco_isic3_l,edu_aggregate_total,2008,40.45
mkd,sex_t,eco_isic3_l,edu_aggregate_total,2009,39.74
mkd,sex_t,eco_isic3_l,edu_aggregate_total,2010,40.48
mkd,sex_t,eco_isic3_l,edu_isced11_1,2006,40.21
mkd,sex_t,eco_isic3_l,edu_isced11_1,2007,39.95
mkd,sex_t,eco_isic3_l,edu_isced11_1,2008,39.92
mkd,sex_t,eco_isic3_l,edu_isced11_1,2009,39.22
mkd,sex_t,eco_isic3_l,edu_isced11_1,2010,38.71
mkd,sex_t,eco_isic3_l,edu_isced11_3,2006,41.84
mkd,sex_t,eco_isic3_l,edu_isced11_3,2007,41.31
mkd,sex_t,eco_isic3_l,edu_isced11_3,2008,40.87
mkd,sex_t,eco_isic3_l,edu_isced11_3,2009,40.4
mkd,sex_t,eco_isic3_l,edu_isced11_3,2010,40.97
mkd,sex_t,eco_isic3_l,edu_isced11_5,2006,41.81
mkd,sex_t,eco_isic3_l,edu_isced11_5,2007,39.71
mkd,sex_t,eco_isic3_l,edu_isced11_5,2008,39.34
mkd,sex_t,eco_isic3_l,edu_isced11_5,2009,39.32
mkd,sex_t,eco_isic3_l,edu_isced11_5,2010,40.55
mkd,sex_t,eco_isic3_l,edu_isced11_6,2006,40.03
mkd,sex_t,eco_isic3_l,edu_isced11_6,2007,40.07
mkd,sex_t,eco_isic3_l,edu_isced11_6,2008,39.94
mkd,sex_t,eco_isic3_l,edu_isced11_6,2009,38.94
mkd,sex_t,eco_isic3_l,edu_isced11_6,2010,39.9
mkd,sex_t,eco_isic3_l,edu_isced11_7,2006,42.99
mkd,sex_t,eco_isic3_l,edu_isced11_7,2007,40
mkd,sex_t,eco_isic3_l,edu_isced11_7,2008,37.04
mkd,sex_t,eco_isic3_l,edu_isced11_7,2009,37.14
mkd,sex_t,eco_isic3_l,edu_isced11_7,2010,39.52
mkd,sex_t,eco_isic3_l,edu_isced11_total,2006,41.26
mkd,sex_t,eco_isic3_l,edu_isced11_total,2007,40.82
mkd,sex_t,eco_isic3_l,edu_isced11_total,2008,40.45
mkd,sex_t,eco_isic3_l,edu_isced11_total,2009,39.74
mkd,sex_t,eco_isic3_l,edu_isced11_total,2010,40.48
mkd,sex_t,eco_isic3_m,edu_aggregate_adv,2006,37.06
mkd,sex_t,eco_isic3_m,edu_aggregate_adv,2007,36.91
mkd,sex_t,eco_isic3_m,edu_aggregate_adv,2008,36.32
mkd,sex_t,eco_isic3_m,edu_aggregate_adv,2009,36.31
mkd,sex_t,eco_isic3_m,edu_aggregate_adv,2010,36.6
mkd,sex_t,eco_isic3_m,edu_aggregate_bas,2006,39.1
mkd,sex_t,eco_isic3_m,edu_aggregate_bas,2007,39.61
mkd,sex_t,eco_isic3_m,edu_aggregate_bas,2008,38.78
mkd,sex_t,eco_isic3_m,edu_aggregate_bas,2009,38.19
mkd,sex_t,eco_isic3_m,edu_aggregate_bas,2010,38.37
mkd,sex_t,eco_isic3_m,edu_aggregate_int,2006,40.19
mkd,sex_t,eco_isic3_m,edu_aggregate_int,2007,39.12
mkd,sex_t,eco_isic3_m,edu_aggregate_int,2008,38.02
mkd,sex_t,eco_isic3_m,edu_aggregate_int,2009,38.62
mkd,sex_t,eco_isic3_m,edu_aggregate_int,2010,39.38
mkd,sex_t,eco_isic3_m,edu_aggregate_ltb,2008,38.54
mkd,sex_t,eco_isic3_m,edu_aggregate_ltb,2010,35.27
mkd,sex_t,eco_isic3_m,edu_aggregate_total,2006,37.75
mkd,sex_t,eco_isic3_m,edu_aggregate_total,2007,37.47
mkd,sex_t,eco_isic3_m,edu_aggregate_total,2008,36.81
mkd,sex_t,eco_isic3_m,edu_aggregate_total,2009,36.81
mkd,sex_t,eco_isic3_m,edu_aggregate_total,2010,37.12
mkd,sex_t,eco_isic3_m,edu_isced11_0,2008,38.54
mkd,sex_t,eco_isic3_m,edu_isced11_0,2010,35.27
mkd,sex_t,eco_isic3_m,edu_isced11_1,2006,39.1
mkd,sex_t,eco_isic3_m,edu_isced11_1,2007,39.6
mkd,sex_t,eco_isic3_m,edu_isced11_1,2008,38.51
mkd,sex_t,eco_isic3_m,edu_isced11_1,2009,38.17
mkd,sex_t,eco_isic3_m,edu_isced11_1,2010,38.37
mkd,sex_t,eco_isic3_m,edu_isced11_3,2006,40.19
mkd,sex_t,eco_isic3_m,edu_isced11_3,2007,39.12
mkd,sex_t,eco_isic3_m,edu_isced11_3,2008,38.02
mkd,sex_t,eco_isic3_m,edu_isced11_3,2009,38.62
mkd,sex_t,eco_isic3_m,edu_isced11_3,2010,39.38
mkd,sex_t,eco_isic3_m,edu_isced11_5,2006,37.03
mkd,sex_t,eco_isic3_m,edu_isced11_5,2007,37.88
mkd,sex_t,eco_isic3_m,edu_isced11_5,2008,35.4
mkd,sex_t,eco_isic3_m,edu_isced11_5,2009,36.1
mkd,sex_t,eco_isic3_m,edu_isced11_5,2010,37.07
mkd,sex_t,eco_isic3_m,edu_isced11_6,2006,36.96
mkd,sex_t,eco_isic3_m,edu_isced11_6,2007,36.29
mkd,sex_t,eco_isic3_m,edu_isced11_6,2008,36.69
mkd,sex_t,eco_isic3_m,edu_isced11_6,2009,36.46
mkd,sex_t,eco_isic3_m,edu_isced11_6,2010,36.32
mkd,sex_t,eco_isic3_m,edu_isced11_7,2006,36.55
mkd,sex_t,eco_isic3_m,edu_isced11_7,2007,39.81
mkd,sex_t,eco_isic3_m,edu_isced11_7,2008,34.49
mkd,sex_t,eco_isic3_m,edu_isced11_7,2009,33.41
mkd,sex_t,eco_isic3_m,edu_isced11_7,2010,35.68
mkd,sex_t,eco_isic3_m,edu_isced11_8,2006,40.7
mkd,sex_t,eco_isic3_m,edu_isced11_8,2007,38.52
mkd,sex_t,eco_isic3_m,edu_isced11_8,2008,37.91
mkd,sex_t,eco_isic3_m,edu_isced11_8,2009,37.41
mkd,sex_t,eco_isic3_m,edu_isced11_8,2010,40.28
mkd,sex_t,eco_isic3_m,edu_isced11_total,2006,37.75
mkd,sex_t,eco_isic3_m,edu_isced11_total,2007,37.47
mkd,sex_t,eco_isic3_m,edu_isced11_total,2008,36.81
mkd,sex_t,eco_isic3_m,edu_isced11_total,2009,36.81
mkd,sex_t,eco_isic3_m,edu_isced11_total,2010,37.12
mkd,sex_t,eco_isic3_n,edu_aggregate_adv,2006,40.72
mkd,sex_t,eco_isic3_n,edu_aggregate_adv,2007,40.89
mkd,sex_t,eco_isic3_n,edu_aggregate_adv,2008,40.71
mkd,sex_t,eco_isic3_n,edu_aggregate_adv,2009,40.33
mkd,sex_t,eco_isic3_n,edu_aggregate_adv,2010,40.71
mkd,sex_t,eco_isic3_n,edu_aggregate_bas,2006,40.45
mkd,sex_t,eco_isic3_n,edu_aggregate_bas,2007,39.51
mkd,sex_t,eco_isic3_n,edu_aggregate_bas,2008,40.49
mkd,sex_t,eco_isic3_n,edu_aggregate_bas,2009,41.04
mkd,sex_t,eco_isic3_n,edu_aggregate_bas,2010,40.33
mkd,sex_t,eco_isic3_n,edu_aggregate_int,2006,41.19
mkd,sex_t,eco_isic3_n,edu_aggregate_int,2007,40.61
mkd,sex_t,eco_isic3_n,edu_aggregate_int,2008,40.64
mkd,sex_t,eco_isic3_n,edu_aggregate_int,2009,39.98
mkd,sex_t,eco_isic3_n,edu_aggregate_int,2010,40.59
mkd,sex_t,eco_isic3_n,edu_aggregate_ltb,2009,46.32
mkd,sex_t,eco_isic3_n,edu_aggregate_total,2006,40.94
mkd,sex_t,eco_isic3_n,edu_aggregate_total,2007,40.63
mkd,sex_t,eco_isic3_n,edu_aggregate_total,2008,40.66
mkd,sex_t,eco_isic3_n,edu_aggregate_total,2009,40.21
mkd,sex_t,eco_isic3_n,edu_aggregate_total,2010,40.63
mkd,sex_t,eco_isic3_n,edu_isced11_0,2009,46.32
mkd,sex_t,eco_isic3_n,edu_isced11_1,2006,40.46
mkd,sex_t,eco_isic3_n,edu_isced11_1,2007,39.6
mkd,sex_t,eco_isic3_n,edu_isced11_1,2008,40.57
mkd,sex_t,eco_isic3_n,edu_isced11_1,2009,41.09
mkd,sex_t,eco_isic3_n,edu_isced11_1,2010,40.34
mkd,sex_t,eco_isic3_n,edu_isced11_3,2006,41.19
mkd,sex_t,eco_isic3_n,edu_isced11_3,2007,40.61
mkd,sex_t,eco_isic3_n,edu_isced11_3,2008,40.64
mkd,sex_t,eco_isic3_n,edu_isced11_3,2009,39.98
mkd,sex_t,eco_isic3_n,edu_isced11_3,2010,40.59
mkd,sex_t,eco_isic3_n,edu_isced11_5,2006,38.33
mkd,sex_t,eco_isic3_n,edu_isced11_5,2007,39.88
mkd,sex_t,eco_isic3_n,edu_isced11_5,2008,40.31
mkd,sex_t,eco_isic3_n,edu_isced11_5,2009,39.52
mkd,sex_t,eco_isic3_n,edu_isced11_5,2010,39.55
mkd,sex_t,eco_isic3_n,edu_isced11_6,2006,41.13
mkd,sex_t,eco_isic3_n,edu_isced11_6,2007,41.16
mkd,sex_t,eco_isic3_n,edu_isced11_6,2008,41.01
mkd,sex_t,eco_isic3_n,edu_isced11_6,2009,40.42
mkd,sex_t,eco_isic3_n,edu_isced11_6,2010,40.84
mkd,sex_t,eco_isic3_n,edu_isced11_7,2006,41.44
mkd,sex_t,eco_isic3_n,edu_isced11_7,2007,41.27
mkd,sex_t,eco_isic3_n,edu_isced11_7,2008,38.19
mkd,sex_t,eco_isic3_n,edu_isced11_7,2009,40.61
mkd,sex_t,eco_isic3_n,edu_isced11_7,2010,42.23
mkd,sex_t,eco_isic3_n,edu_isced11_8,2006,41.07
mkd,sex_t,eco_isic3_n,edu_isced11_8,2007,39.14
mkd,sex_t,eco_isic3_n,edu_isced11_8,2008,40.8
mkd,sex_t,eco_isic3_n,edu_isced11_8,2009,41.51
mkd,sex_t,eco_isic3_n,edu_isced11_8,2010,39.5
mkd,sex_t,eco_isic3_n,edu_isced11_total,2006,40.94
mkd,sex_t,eco_isic3_n,edu_isced11_total,2007,40.63
mkd,sex_t,eco_isic3_n,edu_isced11_total,2008,40.66
mkd,sex_t,eco_isic3_n,edu_isced11_total,2009,40.21
mkd,sex_t,eco_isic3_n,edu_isced11_total,2010,40.63
mkd,sex_t,eco_isic3_o,edu_aggregate_adv,2006,42.58
mkd,sex_t,eco_isic3_o,edu_aggregate_adv,2007,40.95
mkd,sex_t,eco_isic3_o,edu_aggregate_adv,2008,40.45
mkd,sex_t,eco_isic3_o,edu_aggregate_adv,2009,40.52
mkd,sex_t,eco_isic3_o,edu_aggregate_adv,2010,40.15
mkd,sex_t,eco_isic3_o,edu_aggregate_bas,2006,42.92
mkd,sex_t,eco_isic3_o,edu_aggregate_bas,2007,42.91
mkd,sex_t,eco_isic3_o,edu_aggregate_bas,2008,44.21
mkd,sex_t,eco_isic3_o,edu_aggregate_bas,2009,41
mkd,sex_t,eco_isic3_o,edu_aggregate_bas,2010,41.13
mkd,sex_t,eco_isic3_o,edu_aggregate_int,2006,41.17
mkd,sex_t,eco_isic3_o,edu_aggregate_int,2007,41.95
mkd,sex_t,eco_isic3_o,edu_aggregate_int,2008,42.57
mkd,sex_t,eco_isic3_o,edu_aggregate_int,2009,40.66
mkd,sex_t,eco_isic3_o,edu_aggregate_int,2010,40.55
mkd,sex_t,eco_isic3_o,edu_aggregate_ltb,2006,45.11
mkd,sex_t,eco_isic3_o,edu_aggregate_ltb,2007,43.77
mkd,sex_t,eco_isic3_o,edu_aggregate_ltb,2008,36.44
mkd,sex_t,eco_isic3_o,edu_aggregate_ltb,2009,42.14
mkd,sex_t,eco_isic3_o,edu_aggregate_ltb,2010,38.9
mkd,sex_t,eco_isic3_o,edu_aggregate_total,2006,41.93
mkd,sex_t,eco_isic3_o,edu_aggregate_total,2007,41.91
mkd,sex_t,eco_isic3_o,edu_aggregate_total,2008,42.32
mkd,sex_t,eco_isic3_o,edu_aggregate_total,2009,40.71
mkd,sex_t,eco_isic3_o,edu_aggregate_total,2010,40.5
mkd,sex_t,eco_isic3_o,edu_isced11_0,2006,45.54
mkd,sex_t,eco_isic3_o,edu_isced11_0,2007,42.92
mkd,sex_t,eco_isic3_o,edu_isced11_0,2008,35.94
mkd,sex_t,eco_isic3_o,edu_isced11_0,2009,42.14
mkd,sex_t,eco_isic3_o,edu_isced11_0,2010,40.49
mkd,sex_t,eco_isic3_o,edu_isced11_1,2006,42.91
mkd,sex_t,eco_isic3_o,edu_isced11_1,2007,42.93
mkd,sex_t,eco_isic3_o,edu_isced11_1,2008,44.18
mkd,sex_t,eco_isic3_o,edu_isced11_1,2009,41
mkd,sex_t,eco_isic3_o,edu_isced11_1,2010,41.18
mkd,sex_t,eco_isic3_o,edu_isced11_3,2006,41.17
mkd,sex_t,eco_isic3_o,edu_isced11_3,2007,41.95
mkd,sex_t,eco_isic3_o,edu_isced11_3,2008,42.57
mkd,sex_t,eco_isic3_o,edu_isced11_3,2009,40.66
mkd,sex_t,eco_isic3_o,edu_isced11_3,2010,40.55
mkd,sex_t,eco_isic3_o,edu_isced11_5,2006,43.78
mkd,sex_t,eco_isic3_o,edu_isced11_5,2007,42.73
mkd,sex_t,eco_isic3_o,edu_isced11_5,2008,38.78
mkd,sex_t,eco_isic3_o,edu_isced11_5,2009,42.79
mkd,sex_t,eco_isic3_o,edu_isced11_5,2010,43.3
mkd,sex_t,eco_isic3_o,edu_isced11_6,2006,42.36
mkd,sex_t,eco_isic3_o,edu_isced11_6,2007,40.34
mkd,sex_t,eco_isic3_o,edu_isced11_6,2008,40.6
mkd,sex_t,eco_isic3_o,edu_isced11_6,2009,40.35
mkd,sex_t,eco_isic3_o,edu_isced11_6,2010,39.74
mkd,sex_t,eco_isic3_o,edu_isced11_7,2006,41.9
mkd,sex_t,eco_isic3_o,edu_isced11_7,2007,47.24
mkd,sex_t,eco_isic3_o,edu_isced11_7,2008,42.3
mkd,sex_t,eco_isic3_o,edu_isced11_total,2006,41.93
mkd,sex_t,eco_isic3_o,edu_isced11_total,2007,41.91
mkd,sex_t,eco_isic3_o,edu_isced11_total,2008,42.32
mkd,sex_t,eco_isic3_o,edu_isced11_total,2009,40.71
mkd,sex_t,eco_isic3_o,edu_isced11_total,2010,40.5
mkd,sex_t,eco_isic3_o,edu_isced11_x,2010,36.52
mkd,sex_t,eco_isic3_p,edu_aggregate_bas,2006,14.84
mkd,sex_t,eco_isic3_p,edu_aggregate_bas,2007,29.5
mkd,sex_t,eco_isic3_p,edu_aggregate_bas,2008,24.41
mkd,sex_t,eco_isic3_p,edu_aggregate_bas,2009,28.67
mkd,sex_t,eco_isic3_p,edu_aggregate_bas,2010,29.23
mkd,sex_t,eco_isic3_p,edu_aggregate_int,2006,39.08
mkd,sex_t,eco_isic3_p,edu_aggregate_int,2007,29.59
mkd,sex_t,eco_isic3_p,edu_aggregate_int,2008,33.36
mkd,sex_t,eco_isic3_p,edu_aggregate_int,2009,31.02
mkd,sex_t,eco_isic3_p,edu_aggregate_int,2010,31
mkd,sex_t,eco_isic3_p,edu_aggregate_ltb,2007,25.92
mkd,sex_t,eco_isic3_p,edu_aggregate_ltb,2009,33.75
mkd,sex_t,eco_isic3_p,edu_aggregate_ltb,2010,29.62
mkd,sex_t,eco_isic3_p,edu_aggregate_total,2006,30.94
mkd,sex_t,eco_isic3_p,edu_aggregate_total,2007,28.74
mkd,sex_t,eco_isic3_p,edu_aggregate_total,2008,28.36
mkd,sex_t,eco_isic3_p,edu_aggregate_total,2009,29.97
mkd,sex_t,eco_isic3_p,edu_aggregate_total,2010,30.13
mkd,sex_t,eco_isic3_p,edu_isced11_0,2009,33.75
mkd,sex_t,eco_isic3_p,edu_isced11_0,2010,37.51
mkd,sex_t,eco_isic3_p,edu_isced11_1,2006,16.7
mkd,sex_t,eco_isic3_p,edu_isced11_1,2007,29.46
mkd,sex_t,eco_isic3_p,edu_isced11_1,2008,27.45
mkd,sex_t,eco_isic3_p,edu_isced11_1,2009,28.67
mkd,sex_t,eco_isic3_p,edu_isced11_1,2010,29.23
mkd,sex_t,eco_isic3_p,edu_isced11_3,2006,39.08
mkd,sex_t,eco_isic3_p,edu_isced11_3,2007,29.59
mkd,sex_t,eco_isic3_p,edu_isced11_3,2008,33.36
mkd,sex_t,eco_isic3_p,edu_isced11_3,2009,31.02
mkd,sex_t,eco_isic3_p,edu_isced11_3,2010,31
mkd,sex_t,eco_isic3_p,edu_isced11_total,2006,30.94
mkd,sex_t,eco_isic3_p,edu_isced11_total,2007,28.74
mkd,sex_t,eco_isic3_p,edu_isced11_total,2008,28.36
mkd,sex_t,eco_isic3_p,edu_isced11_total,2009,29.97
mkd,sex_t,eco_isic3_p,edu_isced11_total,2010,30.13
mkd,sex_t,eco_isic3_q,edu_aggregate_adv,2006,41.73
mkd,sex_t,eco_isic3_q,edu_aggregate_adv,2007,38.34
mkd,sex_t,eco_isic3_q,edu_aggregate_adv,2008,39.58
mkd,sex_t,eco_isic3_q,edu_aggregate_adv,2009,31.65
mkd,sex_t,eco_isic3_q,edu_aggregate_adv,2010,35.8
mkd,sex_t,eco_isic3_q,edu_aggregate_int,2006,35.98
mkd,sex_t,eco_isic3_q,edu_aggregate_int,2007,42.65
mkd,sex_t,eco_isic3_q,edu_aggregate_int,2008,35.69
mkd,sex_t,eco_isic3_q,edu_aggregate_int,2010,38.22
mkd,sex_t,eco_isic3_q,edu_aggregate_total,2006,41.09
mkd,sex_t,eco_isic3_q,edu_aggregate_total,2007,39.7
mkd,sex_t,eco_isic3_q,edu_aggregate_total,2008,37.97
mkd,sex_t,eco_isic3_q,edu_aggregate_total,2009,32.63
mkd,sex_t,eco_isic3_q,edu_aggregate_total,2010,37.09
mkd,sex_t,eco_isic3_q,edu_isced11_3,2006,35.98
mkd,sex_t,eco_isic3_q,edu_isced11_3,2007,42.65
mkd,sex_t,eco_isic3_q,edu_isced11_3,2008,35.69
mkd,sex_t,eco_isic3_q,edu_isced11_3,2010,38.22
mkd,sex_t,eco_isic3_q,edu_isced11_6,2006,41.84
mkd,sex_t,eco_isic3_q,edu_isced11_6,2007,36.12
mkd,sex_t,eco_isic3_q,edu_isced11_6,2008,39.5
mkd,sex_t,eco_isic3_q,edu_isced11_6,2009,33.51
mkd,sex_t,eco_isic3_q,edu_isced11_6,2010,35.15
mkd,sex_t,eco_isic3_q,edu_isced11_total,2006,41.09
mkd,sex_t,eco_isic3_q,edu_isced11_total,2007,39.7
mkd,sex_t,eco_isic3_q,edu_isced11_total,2008,37.97
mkd,sex_t,eco_isic3_q,edu_isced11_total,2009,32.63
mkd,sex_t,eco_isic3_q,edu_isced11_total,2010,37.09
mkd,sex_t,eco_isic3_total,edu_aggregate_adv,2006,40.94
mkd,sex_t,eco_isic3_total,edu_aggregate_adv,2007,40.4
mkd,sex_t,eco_isic3_total,edu_aggregate_adv,2008,40.18
mkd,sex_t,eco_isic3_total,edu_aggregate_adv,2009,39.76
mkd,sex_t,eco_isic3_total,edu_aggregate_adv,2010,40.03
mkd,sex_t,eco_isic3_total,edu_aggregate_bas,2006,44.29
mkd,sex_t,eco_isic3_total,edu_aggregate_bas,2007,43.1
mkd,sex_t,eco_isic3_total,edu_aggregate_bas,2008,43.01
mkd,sex_t,eco_isic3_total,edu_aggregate_bas,2009,41.73
mkd,sex_t,eco_isic3_total,edu_aggregate_bas,2010,40.97
mkd,sex_t,eco_isic3_total,edu_aggregate_int,2006,43.85
mkd,sex_t,eco_isic3_total,edu_aggregate_int,2007,43.31
mkd,sex_t,eco_isic3_total,edu_aggregate_int,2008,43.38
mkd,sex_t,eco_isic3_total,edu_aggregate_int,2009,42.59
mkd,sex_t,eco_isic3_total,edu_aggregate_int,2010,42.57
mkd,sex_t,eco_isic3_total,edu_aggregate_ltb,2006,42.82
mkd,sex_t,eco_isic3_total,edu_aggregate_ltb,2007,41.64
mkd,sex_t,eco_isic3_total,edu_aggregate_ltb,2008,40.23
mkd,sex_t,eco_isic3_total,edu_aggregate_ltb,2009,36.49
mkd,sex_t,eco_isic3_total,edu_aggregate_ltb,2010,36.47
mkd,sex_t,eco_isic3_total,edu_aggregate_total,2006,43.35
mkd,sex_t,eco_isic3_total,edu_aggregate_total,2007,42.61
mkd,sex_t,eco_isic3_total,edu_aggregate_total,2008,42.58
mkd,sex_t,eco_isic3_total,edu_aggregate_total,2009,41.6
mkd,sex_t,eco_isic3_total,edu_aggregate_total,2010,41.45
mkd,sex_t,eco_isic3_total,edu_isced11_0,2006,43.51
mkd,sex_t,eco_isic3_total,edu_isced11_0,2007,42.86
mkd,sex_t,eco_isic3_total,edu_isced11_0,2008,40.44
mkd,sex_t,eco_isic3_total,edu_isced11_0,2009,36.4
mkd,sex_t,eco_isic3_total,edu_isced11_0,2010,36.35
mkd,sex_t,eco_isic3_total,edu_isced11_1,2006,44.31
mkd,sex_t,eco_isic3_total,edu_isced11_1,2007,43.18
mkd,sex_t,eco_isic3_total,edu_isced11_1,2008,43.05
mkd,sex_t,eco_isic3_total,edu_isced11_1,2009,41.7
mkd,sex_t,eco_isic3_total,edu_isced11_1,2010,40.91
mkd,sex_t,eco_isic3_total,edu_isced11_2,2006,43.45
mkd,sex_t,eco_isic3_total,edu_isced11_2,2007,40.16
mkd,sex_t,eco_isic3_total,edu_isced11_2,2008,41.39
mkd,sex_t,eco_isic3_total,edu_isced11_2,2009,43.43
mkd,sex_t,eco_isic3_total,edu_isced11_2,2010,43.56
mkd,sex_t,eco_isic3_total,edu_isced11_3,2006,43.85
mkd,sex_t,eco_isic3_total,edu_isced11_3,2007,43.31
mkd,sex_t,eco_isic3_total,edu_isced11_3,2008,43.38
mkd,sex_t,eco_isic3_total,edu_isced11_3,2009,42.59
mkd,sex_t,eco_isic3_total,edu_isced11_3,2010,42.57
mkd,sex_t,eco_isic3_total,edu_isced11_5,2006,40.86
mkd,sex_t,eco_isic3_total,edu_isced11_5,2007,40.67
mkd,sex_t,eco_isic3_total,edu_isced11_5,2008,39.86
mkd,sex_t,eco_isic3_total,edu_isced11_5,2009,39.72
mkd,sex_t,eco_isic3_total,edu_isced11_5,2010,40.32
mkd,sex_t,eco_isic3_total,edu_isced11_6,2006,40.99
mkd,sex_t,eco_isic3_total,edu_isced11_6,2007,40.31
mkd,sex_t,eco_isic3_total,edu_isced11_6,2008,40.36
mkd,sex_t,eco_isic3_total,edu_isced11_6,2009,39.87
mkd,sex_t,eco_isic3_total,edu_isced11_6,2010,39.98
mkd,sex_t,eco_isic3_total,edu_isced11_7,2006,40.57
mkd,sex_t,eco_isic3_total,edu_isced11_7,2007,40.49
mkd,sex_t,eco_isic3_total,edu_isced11_7,2008,38.43
mkd,sex_t,eco_isic3_total,edu_isced11_7,2009,37.81
mkd,sex_t,eco_isic3_total,edu_isced11_7,2010,39.45
mkd,sex_t,eco_isic3_total,edu_isced11_8,2006,40.98
mkd,sex_t,eco_isic3_total,edu_isced11_8,2007,40.37
mkd,sex_t,eco_isic3_total,edu_isced11_8,2008,38.91
mkd,sex_t,eco_isic3_total,edu_isced11_8,2009,38.57
mkd,sex_t,eco_isic3_total,edu_isced11_8,2010,40.13
mkd,sex_t,eco_isic3_total,edu_isced11_total,2006,43.35
mkd,sex_t,eco_isic3_total,edu_isced11_total,2007,42.61
mkd,sex_t,eco_isic3_total,edu_isced11_total,2008,42.58
mkd,sex_t,eco_isic3_total,edu_isced11_total,2009,41.6
mkd,sex_t,eco_isic3_total,edu_isced11_total,2010,41.45
mkd,sex_t,eco_isic3_total,edu_isced11_x,2006,37.09
mkd,sex_t,eco_isic3_total,edu_isced11_x,2007,37.7
mkd,sex_t,eco_isic3_total,edu_isced11_x,2008,39.04
mkd,sex_t,eco_isic3_total,edu_isced11_x,2009,37.38
mkd,sex_t,eco_isic3_total,edu_isced11_x,2010,37.21
mkd,sex_t,eco_isic3_x,edu_aggregate_total,2006,40.8
mkd,sex_t,eco_isic3_x,edu_isced11_total,2006,40.8
mkd,sex_t,eco_isic4_a,edu_aggregate_adv,2011,38.37
mkd,sex_t,eco_isic4_a,edu_aggregate_adv,2012,38.14
mkd,sex_t,eco_isic4_a,edu_aggregate_adv,2013,42.97
mkd,sex_t,eco_isic4_a,edu_aggregate_adv,2014,41.19
mkd,sex_t,eco_isic4_a,edu_aggregate_adv,2015,42.76
mkd,sex_t,eco_isic4_a,edu_aggregate_adv,2016,39.72
mkd,sex_t,eco_isic4_a,edu_aggregate_adv,2017,40.44
mkd,sex_t,eco_isic4_a,edu_aggregate_adv,2018,39.57
mkd,sex_t,eco_isic4_a,edu_aggregate_adv,2019,36.16
mkd,sex_t,eco_isic4_a,edu_aggregate_adv,2020,36.98
mkd,sex_t,eco_isic4_a,edu_aggregate_adv,2021,38.44
mkd,sex_t,eco_isic4_a,edu_aggregate_adv,2022,39.28
mkd,sex_t,eco_isic4_a,edu_aggregate_adv,2024,38.1
mkd,sex_t,eco_isic4_a,edu_aggregate_bas,2011,38.56
mkd,sex_t,eco_isic4_a,edu_aggregate_bas,2012,40.33
mkd,sex_t,eco_isic4_a,edu_aggregate_bas,2013,41.56
mkd,sex_t,eco_isic4_a,edu_aggregate_bas,2014,42.86
mkd,sex_t,eco_isic4_a,edu_aggregate_bas,2015,44.04
mkd,sex_t,eco_isic4_a,edu_aggregate_bas,2016,40.21
mkd,sex_t,eco_isic4_a,edu_aggregate_bas,2017,43.33
mkd,sex_t,eco_isic4_a,edu_aggregate_bas,2018,43.18
mkd,sex_t,eco_isic4_a,edu_aggregate_bas,2019,39
mkd,sex_t,eco_isic4_a,edu_aggregate_bas,2020,36.92
mkd,sex_t,eco_isic4_a,edu_aggregate_bas,2021,39.35
mkd,sex_t,eco_isic4_a,edu_aggregate_bas,2022,37.76
mkd,sex_t,eco_isic4_a,edu_aggregate_bas,2024,39.58
mkd,sex_t,eco_isic4_a,edu_aggregate_int,2011,38.19
mkd,sex_t,eco_isic4_a,edu_aggregate_int,2012,38.95
mkd,sex_t,eco_isic4_a,edu_aggregate_int,2013,43.01
mkd,sex_t,eco_isic4_a,edu_aggregate_int,2014,44.17
mkd,sex_t,eco_isic4_a,edu_aggregate_int,2015,43.87
mkd,sex_t,eco_isic4_a,edu_aggregate_int,2016,42.03
mkd,sex_t,eco_isic4_a,edu_aggregate_int,2017,43.18
mkd,sex_t,eco_isic4_a,edu_aggregate_int,2018,42.99
mkd,sex_t,eco_isic4_a,edu_aggregate_int,2019,40.9
mkd,sex_t,eco_isic4_a,edu_aggregate_int,2020,37.06
mkd,sex_t,eco_isic4_a,edu_aggregate_int,2021,37.73
mkd,sex_t,eco_isic4_a,edu_aggregate_int,2022,38.56
mkd,sex_t,eco_isic4_a,edu_aggregate_int,2024,38.7
mkd,sex_t,eco_isic4_a,edu_aggregate_ltb,2011,38.96
mkd,sex_t,eco_isic4_a,edu_aggregate_ltb,2012,37.69
mkd,sex_t,eco_isic4_a,edu_aggregate_ltb,2013,42.52
mkd,sex_t,eco_isic4_a,edu_aggregate_ltb,2014,42.47
mkd,sex_t,eco_isic4_a,edu_aggregate_ltb,2015,43.14
mkd,sex_t,eco_isic4_a,edu_aggregate_ltb,2016,41.31
mkd,sex_t,eco_isic4_a,edu_aggregate_ltb,2017,42.35
mkd,sex_t,eco_isic4_a,edu_aggregate_ltb,2018,43.44
mkd,sex_t,eco_isic4_a,edu_aggregate_ltb,2019,38.16
mkd,sex_t,eco_isic4_a,edu_aggregate_ltb,2020,34.39
mkd,sex_t,eco_isic4_a,edu_aggregate_ltb,2021,35.48
mkd,sex_t,eco_isic4_a,edu_aggregate_ltb,2022,38.1
mkd,sex_t,eco_isic4_a,edu_aggregate_ltb,2024,36.05
mkd,sex_t,eco_isic4_a,edu_aggregate_total,2011,38.52
mkd,sex_t,eco_isic4_a,edu_aggregate_total,2012,39.4
mkd,sex_t,eco_isic4_a,edu_aggregate_total,2013,42.23
mkd,sex_t,eco_isic4_a,edu_aggregate_total,2014,43.21
mkd,sex_t,eco_isic4_a,edu_aggregate_total,2015,43.83
mkd,sex_t,eco_isic4_a,edu_aggregate_total,2016,41.03
mkd,sex_t,eco_isic4_a,edu_aggregate_total,2017,43.03
mkd,sex_t,eco_isic4_a,edu_aggregate_total,2018,42.94
mkd,sex_t,eco_isic4_a,edu_aggregate_total,2019,39.63
mkd,sex_t,eco_isic4_a,edu_aggregate_total,2020,36.76
mkd,sex_t,eco_isic4_a,edu_aggregate_total,2021,38.33
mkd,sex_t,eco_isic4_a,edu_aggregate_total,2022,38.24
mkd,sex_t,eco_isic4_a,edu_aggregate_total,2024,38.51
mkd,sex_t,eco_isic4_a,edu_isced11_0,2011,39.32
mkd,sex_t,eco_isic4_a,edu_isced11_0,2012,37.57
mkd,sex_t,eco_isic4_a,edu_isced11_0,2013,42.56
mkd,sex_t,eco_isic4_a,edu_isced11_0,2014,41.78
mkd,sex_t,eco_isic4_a,edu_isced11_0,2015,43.5
mkd,sex_t,eco_isic4_a,edu_isced11_0,2016,41.39
mkd,sex_t,eco_isic4_a,edu_isced11_0,2017,42.58
mkd,sex_t,eco_isic4_a,edu_isced11_0,2018,43.21
mkd,sex_t,eco_isic4_a,edu_isced11_0,2019,38.1
mkd,sex_t,eco_isic4_a,edu_isced11_0,2020,34.09
mkd,sex_t,eco_isic4_a,edu_isced11_0,2021,35.69
mkd,sex_t,eco_isic4_a,edu_isced11_0,2022,37.66
mkd,sex_t,eco_isic4_a,edu_isced11_0,2024,36.48
mkd,sex_t,eco_isic4_a,edu_isced11_1,2011,38.71
mkd,sex_t,eco_isic4_a,edu_isced11_1,2012,40.29
mkd,sex_t,eco_isic4_a,edu_isced11_1,2013,41.54
mkd,sex_t,eco_isic4_a,edu_isced11_1,2014,42.87
mkd,sex_t,eco_isic4_a,edu_isced11_1,2015,44.01
mkd,sex_t,eco_isic4_a,edu_isced11_1,2016,40.19
mkd,sex_t,eco_isic4_a,edu_isced11_1,2017,43.31
mkd,sex_t,eco_isic4_a,edu_isced11_1,2018,43.16
mkd,sex_t,eco_isic4_a,edu_isced11_1,2019,38.96
mkd,sex_t,eco_isic4_a,edu_isced11_1,2020,36.96
mkd,sex_t,eco_isic4_a,edu_isced11_1,2021,39.35
mkd,sex_t,eco_isic4_a,edu_isced11_1,2022,37.78
mkd,sex_t,eco_isic4_a,edu_isced11_1,2024,39.56
mkd,sex_t,eco_isic4_a,edu_isced11_2,2011,29.38
mkd,sex_t,eco_isic4_a,edu_isced11_2,2012,43.91
mkd,sex_t,eco_isic4_a,edu_isced11_2,2014,40.76
mkd,sex_t,eco_isic4_a,edu_isced11_2,2015,48.66
mkd,sex_t,eco_isic4_a,edu_isced11_2,2016,41.92
mkd,sex_t,eco_isic4_a,edu_isced11_2,2017,45.76
mkd,sex_t,eco_isic4_a,edu_isced11_2,2018,45.46
mkd,sex_t,eco_isic4_a,edu_isced11_2,2019,46.44
mkd,sex_t,eco_isic4_a,edu_isced11_2,2020,26.15
mkd,sex_t,eco_isic4_a,edu_isced11_3,2011,38.19
mkd,sex_t,eco_isic4_a,edu_isced11_3,2012,38.95
mkd,sex_t,eco_isic4_a,edu_isced11_3,2013,43.01
mkd,sex_t,eco_isic4_a,edu_isced11_3,2014,44.17
mkd,sex_t,eco_isic4_a,edu_isced11_3,2015,43.87
mkd,sex_t,eco_isic4_a,edu_isced11_3,2016,42.03
mkd,sex_t,eco_isic4_a,edu_isced11_3,2017,43.18
mkd,sex_t,eco_isic4_a,edu_isced11_3,2018,42.99
mkd,sex_t,eco_isic4_a,edu_isced11_3,2019,40.9
mkd,sex_t,eco_isic4_a,edu_isced11_3,2020,37.06
mkd,sex_t,eco_isic4_a,edu_isced11_3,2021,37.77
mkd,sex_t,eco_isic4_a,edu_isced11_3,2022,38.56
mkd,sex_t,eco_isic4_a,edu_isced11_3,2024,38.89
mkd,sex_t,eco_isic4_a,edu_isced11_4,2024,37.82
mkd,sex_t,eco_isic4_a,edu_isced11_5,2011,38.12
mkd,sex_t,eco_isic4_a,edu_isced11_5,2012,38.76
mkd,sex_t,eco_isic4_a,edu_isced11_5,2013,42.54
mkd,sex_t,eco_isic4_a,edu_isced11_5,2014,36.99
mkd,sex_t,eco_isic4_a,edu_isced11_5,2015,39.83
mkd,sex_t,eco_isic4_a,edu_isced11_5,2016,41.78
mkd,sex_t,eco_isic4_a,edu_isced11_5,2017,42.76
mkd,sex_t,eco_isic4_a,edu_isced11_5,2018,41.01
mkd,sex_t,eco_isic4_a,edu_isced11_5,2019,38.1
mkd,sex_t,eco_isic4_a,edu_isced11_5,2020,36.53
mkd,sex_t,eco_isic4_a,edu_isced11_5,2021,38.44
mkd,sex_t,eco_isic4_a,edu_isced11_5,2022,39.05
mkd,sex_t,eco_isic4_a,edu_isced11_5,2024,36.5
mkd,sex_t,eco_isic4_a,edu_isced11_6,2011,38.46
mkd,sex_t,eco_isic4_a,edu_isced11_6,2012,38.32
mkd,sex_t,eco_isic4_a,edu_isced11_6,2013,43.13
mkd,sex_t,eco_isic4_a,edu_isced11_6,2014,42.74
mkd,sex_t,eco_isic4_a,edu_isced11_6,2015,43.4
mkd,sex_t,eco_isic4_a,edu_isced11_6,2016,39.1
mkd,sex_t,eco_isic4_a,edu_isced11_6,2017,39.74
mkd,sex_t,eco_isic4_a,edu_isced11_6,2018,39.26
mkd,sex_t,eco_isic4_a,edu_isced11_6,2019,35.46
mkd,sex_t,eco_isic4_a,edu_isced11_6,2020,36.91
mkd,sex_t,eco_isic4_a,edu_isced11_6,2021,38.35
mkd,sex_t,eco_isic4_a,edu_isced11_6,2022,39.28
mkd,sex_t,eco_isic4_a,edu_isced11_6,2024,38.56
mkd,sex_t,eco_isic4_a,edu_isced11_7,2016,38.68
mkd,sex_t,eco_isic4_a,edu_isced11_total,2011,38.52
mkd,sex_t,eco_isic4_a,edu_isced11_total,2012,39.4
mkd,sex_t,eco_isic4_a,edu_isced11_total,2013,42.23
mkd,sex_t,eco_isic4_a,edu_isced11_total,2014,43.21
mkd,sex_t,eco_isic4_a,edu_isced11_total,2015,43.83
mkd,sex_t,eco_isic4_a,edu_isced11_total,2016,41.03
mkd,sex_t,eco_isic4_a,edu_isced11_total,2017,43.03
mkd,sex_t,eco_isic4_a,edu_isced11_total,2018,42.94
mkd,sex_t,eco_isic4_a,edu_isced11_total,2019,39.63
mkd,sex_t,eco_isic4_a,edu_isced11_total,2020,36.76
mkd,sex_t,eco_isic4_a,edu_isced11_total,2021,38.33
mkd,sex_t,eco_isic4_a,edu_isced11_total,2022,38.24
mkd,sex_t,eco_isic4_a,edu_isced11_total,2024,38.51
mkd,sex_t,eco_isic4_a,edu_isced11_x,2011,35.25
mkd,sex_t,eco_isic4_a,edu_isced11_x,2012,38.53
mkd,sex_t,eco_isic4_a,edu_isced11_x,2013,42.25
mkd,sex_t,eco_isic4_a,edu_isced11_x,2014,48.76
mkd,sex_t,eco_isic4_a,edu_isced11_x,2015,39.7
mkd,sex_t,eco_isic4_a,edu_isced11_x,2016,40.87
mkd,sex_t,eco_isic4_a,edu_isced11_x,2017,40.81
mkd,sex_t,eco_isic4_a,edu_isced11_x,2018,46.07
mkd,sex_t,eco_isic4_a,edu_isced11_x,2019,38.45
mkd,sex_t,eco_isic4_a,edu_isced11_x,2020,35.38
mkd,sex_t,eco_isic4_a,edu_isced11_x,2021,34.6
mkd,sex_t,eco_isic4_a,edu_isced11_x,2022,40.03
mkd,sex_t,eco_isic4_a,edu_isced11_x,2024,33.77
mkd,sex_t,eco_isic4_b,edu_aggregate_adv,2011,36.42
mkd,sex_t,eco_isic4_b,edu_aggregate_adv,2012,37.66
mkd,sex_t,eco_isic4_b,edu_aggregate_adv,2013,40.63
mkd,sex_t,eco_isic4_b,edu_aggregate_adv,2014,40.93
mkd,sex_t,eco_isic4_b,edu_aggregate_adv,2015,40.14
mkd,sex_t,eco_isic4_b,edu_aggregate_adv,2016,38.95
mkd,sex_t,eco_isic4_b,edu_aggregate_adv,2017,40.43
mkd,sex_t,eco_isic4_b,edu_aggregate_adv,2018,41.41
mkd,sex_t,eco_isic4_b,edu_aggregate_adv,2019,40.16
mkd,sex_t,eco_isic4_b,edu_aggregate_adv,2020,38.99
mkd,sex_t,eco_isic4_b,edu_aggregate_adv,2021,39.13
mkd,sex_t,eco_isic4_b,edu_aggregate_adv,2022,39.19
mkd,sex_t,eco_isic4_b,edu_aggregate_adv,2024,38
mkd,sex_t,eco_isic4_b,edu_aggregate_bas,2011,43.01
mkd,sex_t,eco_isic4_b,edu_aggregate_bas,2012,42.12
mkd,sex_t,eco_isic4_b,edu_aggregate_bas,2013,40.63
mkd,sex_t,eco_isic4_b,edu_aggregate_bas,2014,41.05
mkd,sex_t,eco_isic4_b,edu_aggregate_bas,2015,41.97
mkd,sex_t,eco_isic4_b,edu_aggregate_bas,2016,43.8
mkd,sex_t,eco_isic4_b,edu_aggregate_bas,2017,42.48
mkd,sex_t,eco_isic4_b,edu_aggregate_bas,2018,42.13
mkd,sex_t,eco_isic4_b,edu_aggregate_bas,2019,40.4
mkd,sex_t,eco_isic4_b,edu_aggregate_bas,2020,40.68
mkd,sex_t,eco_isic4_b,edu_aggregate_bas,2021,41.83
mkd,sex_t,eco_isic4_b,edu_aggregate_bas,2022,41.08
mkd,sex_t,eco_isic4_b,edu_aggregate_bas,2024,38.95
mkd,sex_t,eco_isic4_b,edu_aggregate_int,2011,43.11
mkd,sex_t,eco_isic4_b,edu_aggregate_int,2012,42.09
mkd,sex_t,eco_isic4_b,edu_aggregate_int,2013,40.96
mkd,sex_t,eco_isic4_b,edu_aggregate_int,2014,40.79
mkd,sex_t,eco_isic4_b,edu_aggregate_int,2015,40.74
mkd,sex_t,eco_isic4_b,edu_aggregate_int,2016,41.07
mkd,sex_t,eco_isic4_b,edu_aggregate_int,2017,41.79
mkd,sex_t,eco_isic4_b,edu_aggregate_int,2018,41.04
mkd,sex_t,eco_isic4_b,edu_aggregate_int,2019,40.38
mkd,sex_t,eco_isic4_b,edu_aggregate_int,2020,39.94
mkd,sex_t,eco_isic4_b,edu_aggregate_int,2021,39.86
mkd,sex_t,eco_isic4_b,edu_aggregate_int,2022,39.03
mkd,sex_t,eco_isic4_b,edu_aggregate_int,2024,38.37
mkd,sex_t,eco_isic4_b,edu_aggregate_total,2011,42.61
mkd,sex_t,eco_isic4_b,edu_aggregate_total,2012,41.42
mkd,sex_t,eco_isic4_b,edu_aggregate_total,2013,40.88
mkd,sex_t,eco_isic4_b,edu_aggregate_total,2014,40.84
mkd,sex_t,eco_isic4_b,edu_aggregate_total,2015,40.76
mkd,sex_t,eco_isic4_b,edu_aggregate_total,2016,41.3
mkd,sex_t,eco_isic4_b,edu_aggregate_total,2017,41.77
mkd,sex_t,eco_isic4_b,edu_aggregate_total,2018,41.21
mkd,sex_t,eco_isic4_b,edu_aggregate_total,2019,40.34
mkd,sex_t,eco_isic4_b,edu_aggregate_total,2020,39.9
mkd,sex_t,eco_isic4_b,edu_aggregate_total,2021,39.86
mkd,sex_t,eco_isic4_b,edu_aggregate_total,2022,39.2
mkd,sex_t,eco_isic4_b,edu_aggregate_total,2024,38.45
mkd,sex_t,eco_isic4_b,edu_isced11_1,2011,42.93
mkd,sex_t,eco_isic4_b,edu_isced11_1,2012,42.12
mkd,sex_t,eco_isic4_b,edu_isced11_1,2013,40.59
mkd,sex_t,eco_isic4_b,edu_isced11_1,2014,41.05
mkd,sex_t,eco_isic4_b,edu_isced11_1,2015,41.97
mkd,sex_t,eco_isic4_b,edu_isced11_1,2016,44.07
mkd,sex_t,eco_isic4_b,edu_isced11_1,2017,42.48
mkd,sex_t,eco_isic4_b,edu_isced11_1,2018,42.2
mkd,sex_t,eco_isic4_b,edu_isced11_1,2019,40.4
mkd,sex_t,eco_isic4_b,edu_isced11_1,2020,40.68
mkd,sex_t,eco_isic4_b,edu_isced11_1,2021,41.83
mkd,sex_t,eco_isic4_b,edu_isced11_1,2022,41.08
mkd,sex_t,eco_isic4_b,edu_isced11_1,2024,38.95
mkd,sex_t,eco_isic4_b,edu_isced11_3,2011,43.11
mkd,sex_t,eco_isic4_b,edu_isced11_3,2012,42.09
mkd,sex_t,eco_isic4_b,edu_isced11_3,2013,40.96
mkd,sex_t,eco_isic4_b,edu_isced11_3,2014,40.79
mkd,sex_t,eco_isic4_b,edu_isced11_3,2015,40.74
mkd,sex_t,eco_isic4_b,edu_isced11_3,2016,41.07
mkd,sex_t,eco_isic4_b,edu_isced11_3,2017,41.79
mkd,sex_t,eco_isic4_b,edu_isced11_3,2018,41.04
mkd,sex_t,eco_isic4_b,edu_isced11_3,2019,40.38
mkd,sex_t,eco_isic4_b,edu_isced11_3,2020,39.94
mkd,sex_t,eco_isic4_b,edu_isced11_3,2021,39.86
mkd,sex_t,eco_isic4_b,edu_isced11_3,2022,39.03
mkd,sex_t,eco_isic4_b,edu_isced11_3,2024,38.49
mkd,sex_t,eco_isic4_b,edu_isced11_4,2024,37.21
mkd,sex_t,eco_isic4_b,edu_isced11_5,2012,40
mkd,sex_t,eco_isic4_b,edu_isced11_5,2014,42.75
mkd,sex_t,eco_isic4_b,edu_isced11_5,2017,40
mkd,sex_t,eco_isic4_b,edu_isced11_5,2022,36.2
mkd,sex_t,eco_isic4_b,edu_isced11_6,2011,35.75
mkd,sex_t,eco_isic4_b,edu_isced11_6,2012,36.8
mkd,sex_t,eco_isic4_b,edu_isced11_6,2013,40.85
mkd,sex_t,eco_isic4_b,edu_isced11_6,2014,40.54
mkd,sex_t,eco_isic4_b,edu_isced11_6,2015,39.5
mkd,sex_t,eco_isic4_b,edu_isced11_6,2016,38.76
mkd,sex_t,eco_isic4_b,edu_isced11_6,2017,40.64
mkd,sex_t,eco_isic4_b,edu_isced11_6,2018,41.84
mkd,sex_t,eco_isic4_b,edu_isced11_6,2019,40
mkd,sex_t,eco_isic4_b,edu_isced11_6,2020,38.93
mkd,sex_t,eco_isic4_b,edu_isced11_6,2021,39.64
mkd,sex_t,eco_isic4_b,edu_isced11_6,2022,40
mkd,sex_t,eco_isic4_b,edu_isced11_6,2024,38.97
mkd,sex_t,eco_isic4_b,edu_isced11_7,2018,40.43
mkd,sex_t,eco_isic4_b,edu_isced11_7,2019,40
mkd,sex_t,eco_isic4_b,edu_isced11_total,2011,42.61
mkd,sex_t,eco_isic4_b,edu_isced11_total,2012,41.42
mkd,sex_t,eco_isic4_b,edu_isced11_total,2013,40.88
mkd,sex_t,eco_isic4_b,edu_isced11_total,2014,40.84
mkd,sex_t,eco_isic4_b,edu_isced11_total,2015,40.76
mkd,sex_t,eco_isic4_b,edu_isced11_total,2016,41.3
mkd,sex_t,eco_isic4_b,edu_isced11_total,2017,41.77
mkd,sex_t,eco_isic4_b,edu_isced11_total,2018,41.21
mkd,sex_t,eco_isic4_b,edu_isced11_total,2019,40.34
mkd,sex_t,eco_isic4_b,edu_isced11_total,2020,39.9
mkd,sex_t,eco_isic4_b,edu_isced11_total,2021,39.86
mkd,sex_t,eco_isic4_b,edu_isced11_total,2022,39.2
mkd,sex_t,eco_isic4_b,edu_isced11_total,2024,38.45
mkd,sex_t,eco_isic4_c,edu_aggregate_adv,2011,41.06
mkd,sex_t,eco_isic4_c,edu_aggregate_adv,2012,41.2
mkd,sex_t,eco_isic4_c,edu_aggregate_adv,2013,40.75
mkd,sex_t,eco_isic4_c,edu_aggregate_adv,2014,41.18
mkd,sex_t,eco_isic4_c,edu_aggregate_adv,2015,40.55
mkd,sex_t,eco_isic4_c,edu_aggregate_adv,2016,41.36
mkd,sex_t,eco_isic4_c,edu_aggregate_adv,2017,42.34
mkd,sex_t,eco_isic4_c,edu_aggregate_adv,2018,40.79
mkd,sex_t,eco_isic4_c,edu_aggregate_adv,2019,40.31
mkd,sex_t,eco_isic4_c,edu_aggregate_adv,2020,39.25
mkd,sex_t,eco_isic4_c,edu_aggregate_adv,2021,40.04
mkd,sex_t,eco_isic4_c,edu_aggregate_adv,2022,39.8
mkd,sex_t,eco_isic4_c,edu_aggregate_adv,2024,38.38
mkd,sex_t,eco_isic4_c,edu_aggregate_bas,2011,44.43
mkd,sex_t,eco_isic4_c,edu_aggregate_bas,2012,43.83
mkd,sex_t,eco_isic4_c,edu_aggregate_bas,2013,43.36
mkd,sex_t,eco_isic4_c,edu_aggregate_bas,2014,43.37
mkd,sex_t,eco_isic4_c,edu_aggregate_bas,2015,41.84
mkd,sex_t,eco_isic4_c,edu_aggregate_bas,2016,43.43
mkd,sex_t,eco_isic4_c,edu_aggregate_bas,2017,44.02
mkd,sex_t,eco_isic4_c,edu_aggregate_bas,2018,43.02
mkd,sex_t,eco_isic4_c,edu_aggregate_bas,2019,42.79
mkd,sex_t,eco_isic4_c,edu_aggregate_bas,2020,41.03
mkd,sex_t,eco_isic4_c,edu_aggregate_bas,2021,40.45
mkd,sex_t,eco_isic4_c,edu_aggregate_bas,2022,40.77
mkd,sex_t,eco_isic4_c,edu_aggregate_bas,2024,39.26
mkd,sex_t,eco_isic4_c,edu_aggregate_int,2011,43.33
mkd,sex_t,eco_isic4_c,edu_aggregate_int,2012,42.83
mkd,sex_t,eco_isic4_c,edu_aggregate_int,2013,42.68
mkd,sex_t,eco_isic4_c,edu_aggregate_int,2014,41.9
mkd,sex_t,eco_isic4_c,edu_aggregate_int,2015,41.82
mkd,sex_t,eco_isic4_c,edu_aggregate_int,2016,42.3
mkd,sex_t,eco_isic4_c,edu_aggregate_int,2017,42.6
mkd,sex_t,eco_isic4_c,edu_aggregate_int,2018,42.09
mkd,sex_t,eco_isic4_c,edu_aggregate_int,2019,41.19
mkd,sex_t,eco_isic4_c,edu_aggregate_int,2020,39.92
mkd,sex_t,eco_isic4_c,edu_aggregate_int,2021,40.35
mkd,sex_t,eco_isic4_c,edu_aggregate_int,2022,40.54
mkd,sex_t,eco_isic4_c,edu_aggregate_int,2024,38.91
mkd,sex_t,eco_isic4_c,edu_aggregate_ltb,2011,42.33
mkd,sex_t,eco_isic4_c,edu_aggregate_ltb,2012,40.66
mkd,sex_t,eco_isic4_c,edu_aggregate_ltb,2013,38.36
mkd,sex_t,eco_isic4_c,edu_aggregate_ltb,2014,41.47
mkd,sex_t,eco_isic4_c,edu_aggregate_ltb,2015,42.94
mkd,sex_t,eco_isic4_c,edu_aggregate_ltb,2016,42.23
mkd,sex_t,eco_isic4_c,edu_aggregate_ltb,2017,39.07
mkd,sex_t,eco_isic4_c,edu_aggregate_ltb,2018,41.29
mkd,sex_t,eco_isic4_c,edu_aggregate_ltb,2019,41.56
mkd,sex_t,eco_isic4_c,edu_aggregate_ltb,2020,38.56
mkd,sex_t,eco_isic4_c,edu_aggregate_ltb,2021,39.32
mkd,sex_t,eco_isic4_c,edu_aggregate_ltb,2022,41.38
mkd,sex_t,eco_isic4_c,edu_aggregate_ltb,2024,40.42
mkd,sex_t,eco_isic4_c,edu_aggregate_total,2011,43.3
mkd,sex_t,eco_isic4_c,edu_aggregate_total,2012,42.8
mkd,sex_t,eco_isic4_c,edu_aggregate_total,2013,42.57
mkd,sex_t,eco_isic4_c,edu_aggregate_total,2014,42.08
mkd,sex_t,eco_isic4_c,edu_aggregate_total,2015,41.67
mkd,sex_t,eco_isic4_c,edu_aggregate_total,2016,42.34
mkd,sex_t,eco_isic4_c,edu_aggregate_total,2017,42.74
mkd,sex_t,eco_isic4_c,edu_aggregate_total,2018,42.03
mkd,sex_t,eco_isic4_c,edu_aggregate_total,2019,41.29
mkd,sex_t,eco_isic4_c,edu_aggregate_total,2020,39.97
mkd,sex_t,eco_isic4_c,edu_aggregate_total,2021,40.32
mkd,sex_t,eco_isic4_c,edu_aggregate_total,2022,40.47
mkd,sex_t,eco_isic4_c,edu_aggregate_total,2024,38.92
mkd,sex_t,eco_isic4_c,edu_isced11_0,2011,43.45
mkd,sex_t,eco_isic4_c,edu_isced11_0,2012,40.13
mkd,sex_t,eco_isic4_c,edu_isced11_0,2013,39.37
mkd,sex_t,eco_isic4_c,edu_isced11_0,2014,43.16
mkd,sex_t,eco_isic4_c,edu_isced11_0,2015,41.88
mkd,sex_t,eco_isic4_c,edu_isced11_0,2016,42.16
mkd,sex_t,eco_isic4_c,edu_isced11_0,2017,38.95
mkd,sex_t,eco_isic4_c,edu_isced11_0,2018,41.46
mkd,sex_t,eco_isic4_c,edu_isced11_0,2019,40.85
mkd,sex_t,eco_isic4_c,edu_isced11_0,2020,38.5
mkd,sex_t,eco_isic4_c,edu_isced11_0,2021,39.74
mkd,sex_t,eco_isic4_c,edu_isced11_0,2024,42.83
mkd,sex_t,eco_isic4_c,edu_isced11_1,2011,44.38
mkd,sex_t,eco_isic4_c,edu_isced11_1,2012,43.85
mkd,sex_t,eco_isic4_c,edu_isced11_1,2013,43.43
mkd,sex_t,eco_isic4_c,edu_isced11_1,2014,43.38
mkd,sex_t,eco_isic4_c,edu_isced11_1,2015,41.84
mkd,sex_t,eco_isic4_c,edu_isced11_1,2016,43.46
mkd,sex_t,eco_isic4_c,edu_isced11_1,2017,44.04
mkd,sex_t,eco_isic4_c,edu_isced11_1,2018,43.02
mkd,sex_t,eco_isic4_c,edu_isced11_1,2019,42.81
mkd,sex_t,eco_isic4_c,edu_isced11_1,2020,41.05
mkd,sex_t,eco_isic4_c,edu_isced11_1,2021,40.42
mkd,sex_t,eco_isic4_c,edu_isced11_1,2022,40.69
mkd,sex_t,eco_isic4_c,edu_isced11_1,2024,39.25
mkd,sex_t,eco_isic4_c,edu_isced11_2,2011,46.01
mkd,sex_t,eco_isic4_c,edu_isced11_2,2012,43.41
mkd,sex_t,eco_isic4_c,edu_isced11_2,2013,40.42
mkd,sex_t,eco_isic4_c,edu_isced11_2,2014,42.86
mkd,sex_t,eco_isic4_c,edu_isced11_2,2015,42.24
mkd,sex_t,eco_isic4_c,edu_isced11_2,2016,42.59
mkd,sex_t,eco_isic4_c,edu_isced11_2,2017,43.18
mkd,sex_t,eco_isic4_c,edu_isced11_2,2018,43.05
mkd,sex_t,eco_isic4_c,edu_isced11_2,2019,41.7
mkd,sex_t,eco_isic4_c,edu_isced11_2,2020,40
mkd,sex_t,eco_isic4_c,edu_isced11_2,2022,46.15
mkd,sex_t,eco_isic4_c,edu_isced11_2,2024,40
mkd,sex_t,eco_isic4_c,edu_isced11_3,2011,43.33
mkd,sex_t,eco_isic4_c,edu_isced11_3,2012,42.83
mkd,sex_t,eco_isic4_c,edu_isced11_3,2013,42.68
mkd,sex_t,eco_isic4_c,edu_isced11_3,2014,41.9
mkd,sex_t,eco_isic4_c,edu_isced11_3,2015,41.82
mkd,sex_t,eco_isic4_c,edu_isced11_3,2016,42.3
mkd,sex_t,eco_isic4_c,edu_isced11_3,2017,42.6
mkd,sex_t,eco_isic4_c,edu_isced11_3,2018,42.09
mkd,sex_t,eco_isic4_c,edu_isced11_3,2019,41.19
mkd,sex_t,eco_isic4_c,edu_isced11_3,2020,39.95
mkd,sex_t,eco_isic4_c,edu_isced11_3,2021,40.34
mkd,sex_t,eco_isic4_c,edu_isced11_3,2022,40.53
mkd,sex_t,eco_isic4_c,edu_isced11_3,2024,38.82
mkd,sex_t,eco_isic4_c,edu_isced11_4,2020,34.33
mkd,sex_t,eco_isic4_c,edu_isced11_4,2021,44.5
mkd,sex_t,eco_isic4_c,edu_isced11_4,2024,39.34
mkd,sex_t,eco_isic4_c,edu_isced11_5,2011,41.03
mkd,sex_t,eco_isic4_c,edu_isced11_5,2012,41.42
mkd,sex_t,eco_isic4_c,edu_isced11_5,2013,40.9
mkd,sex_t,eco_isic4_c,edu_isced11_5,2014,42.54
mkd,sex_t,eco_isic4_c,edu_isced11_5,2015,41.91
mkd,sex_t,eco_isic4_c,edu_isced11_5,2016,43.85
mkd,sex_t,eco_isic4_c,edu_isced11_5,2017,42.13
mkd,sex_t,eco_isic4_c,edu_isced11_5,2018,40.94
mkd,sex_t,eco_isic4_c,edu_isced11_5,2019,42.45
mkd,sex_t,eco_isic4_c,edu_isced11_5,2020,39.18
mkd,sex_t,eco_isic4_c,edu_isced11_5,2021,40.46
mkd,sex_t,eco_isic4_c,edu_isced11_5,2022,40.26
mkd,sex_t,eco_isic4_c,edu_isced11_5,2024,38
mkd,sex_t,eco_isic4_c,edu_isced11_6,2011,41.19
mkd,sex_t,eco_isic4_c,edu_isced11_6,2012,41.12
mkd,sex_t,eco_isic4_c,edu_isced11_6,2013,40.68
mkd,sex_t,eco_isic4_c,edu_isced11_6,2014,41.03
mkd,sex_t,eco_isic4_c,edu_isced11_6,2015,40.37
mkd,sex_t,eco_isic4_c,edu_isced11_6,2016,40.98
mkd,sex_t,eco_isic4_c,edu_isced11_6,2017,42.41
mkd,sex_t,eco_isic4_c,edu_isced11_6,2018,40.81
mkd,sex_t,eco_isic4_c,edu_isced11_6,2019,39.97
mkd,sex_t,eco_isic4_c,edu_isced11_6,2020,39.39
mkd,sex_t,eco_isic4_c,edu_isced11_6,2021,39.96
mkd,sex_t,eco_isic4_c,edu_isced11_6,2022,39.6
mkd,sex_t,eco_isic4_c,edu_isced11_6,2024,38.37
mkd,sex_t,eco_isic4_c,edu_isced11_7,2011,36.1
mkd,sex_t,eco_isic4_c,edu_isced11_7,2012,42.1
mkd,sex_t,eco_isic4_c,edu_isced11_7,2013,41.43
mkd,sex_t,eco_isic4_c,edu_isced11_7,2014,39.86
mkd,sex_t,eco_isic4_c,edu_isced11_7,2015,39.87
mkd,sex_t,eco_isic4_c,edu_isced11_7,2016,40.84
mkd,sex_t,eco_isic4_c,edu_isced11_7,2017,41.5
mkd,sex_t,eco_isic4_c,edu_isced11_7,2018,40.29
mkd,sex_t,eco_isic4_c,edu_isced11_7,2019,39.83
mkd,sex_t,eco_isic4_c,edu_isced11_7,2020,37.35
mkd,sex_t,eco_isic4_c,edu_isced11_7,2021,40.27
mkd,sex_t,eco_isic4_c,edu_isced11_7,2022,41.61
mkd,sex_t,eco_isic4_c,edu_isced11_7,2024,38.62
mkd,sex_t,eco_isic4_c,edu_isced11_total,2011,43.3
mkd,sex_t,eco_isic4_c,edu_isced11_total,2012,42.8
mkd,sex_t,eco_isic4_c,edu_isced11_total,2013,42.57
mkd,sex_t,eco_isic4_c,edu_isced11_total,2014,42.08
mkd,sex_t,eco_isic4_c,edu_isced11_total,2015,41.67
mkd,sex_t,eco_isic4_c,edu_isced11_total,2016,42.34
mkd,sex_t,eco_isic4_c,edu_isced11_total,2017,42.74
mkd,sex_t,eco_isic4_c,edu_isced11_total,2018,42.03
mkd,sex_t,eco_isic4_c,edu_isced11_total,2019,41.29
mkd,sex_t,eco_isic4_c,edu_isced11_total,2020,39.97
mkd,sex_t,eco_isic4_c,edu_isced11_total,2021,40.32
mkd,sex_t,eco_isic4_c,edu_isced11_total,2022,40.47
mkd,sex_t,eco_isic4_c,edu_isced11_total,2024,38.92
mkd,sex_t,eco_isic4_c,edu_isced11_x,2011,38.33
mkd,sex_t,eco_isic4_c,edu_isced11_x,2012,42.32
mkd,sex_t,eco_isic4_c,edu_isced11_x,2014,39.69
mkd,sex_t,eco_isic4_c,edu_isced11_x,2016,42.38
mkd,sex_t,eco_isic4_c,edu_isced11_x,2019,45.55
mkd,sex_t,eco_isic4_c,edu_isced11_x,2020,38.96
mkd,sex_t,eco_isic4_c,edu_isced11_x,2021,38.19
mkd,sex_t,eco_isic4_c,edu_isced11_x,2022,42.09
mkd,sex_t,eco_isic4_d,edu_aggregate_adv,2011,40.24
mkd,sex_t,eco_isic4_d,edu_aggregate_adv,2012,39.61
mkd,sex_t,eco_isic4_d,edu_aggregate_adv,2013,39.56
mkd,sex_t,eco_isic4_d,edu_aggregate_adv,2014,39.75
mkd,sex_t,eco_isic4_d,edu_aggregate_adv,2015,39.41
mkd,sex_t,eco_isic4_d,edu_aggregate_adv,2016,39.01
mkd,sex_t,eco_isic4_d,edu_aggregate_adv,2017,39.6
mkd,sex_t,eco_isic4_d,edu_aggregate_adv,2018,38.43
mkd,sex_t,eco_isic4_d,edu_aggregate_adv,2019,39.33
mkd,sex_t,eco_isic4_d,edu_aggregate_adv,2020,39.17
mkd,sex_t,eco_isic4_d,edu_aggregate_adv,2021,39.5
mkd,sex_t,eco_isic4_d,edu_aggregate_adv,2022,37.82
mkd,sex_t,eco_isic4_d,edu_aggregate_adv,2024,38.62
mkd,sex_t,eco_isic4_d,edu_aggregate_bas,2011,41.51
mkd,sex_t,eco_isic4_d,edu_aggregate_bas,2012,42.56
mkd,sex_t,eco_isic4_d,edu_aggregate_bas,2013,40
mkd,sex_t,eco_isic4_d,edu_aggregate_bas,2014,40.44
mkd,sex_t,eco_isic4_d,edu_aggregate_bas,2015,40.6
mkd,sex_t,eco_isic4_d,edu_aggregate_bas,2016,40
mkd,sex_t,eco_isic4_d,edu_aggregate_bas,2017,40.35
mkd,sex_t,eco_isic4_d,edu_aggregate_bas,2018,40
mkd,sex_t,eco_isic4_d,edu_aggregate_bas,2019,40.9
mkd,sex_t,eco_isic4_d,edu_aggregate_bas,2020,39.17
mkd,sex_t,eco_isic4_d,edu_aggregate_bas,2021,40
mkd,sex_t,eco_isic4_d,edu_aggregate_bas,2024,38.7
mkd,sex_t,eco_isic4_d,edu_aggregate_int,2011,40.23
mkd,sex_t,eco_isic4_d,edu_aggregate_int,2012,40.46
mkd,sex_t,eco_isic4_d,edu_aggregate_int,2013,40.28
mkd,sex_t,eco_isic4_d,edu_aggregate_int,2014,39.75
mkd,sex_t,eco_isic4_d,edu_aggregate_int,2015,41.05
mkd,sex_t,eco_isic4_d,edu_aggregate_int,2016,40.59
mkd,sex_t,eco_isic4_d,edu_aggregate_int,2017,40.92
mkd,sex_t,eco_isic4_d,edu_aggregate_int,2018,40.03
mkd,sex_t,eco_isic4_d,edu_aggregate_int,2019,39.71
mkd,sex_t,eco_isic4_d,edu_aggregate_int,2020,39.59
mkd,sex_t,eco_isic4_d,edu_aggregate_int,2021,39.58
mkd,sex_t,eco_isic4_d,edu_aggregate_int,2022,39.82
mkd,sex_t,eco_isic4_d,edu_aggregate_int,2024,38.31
mkd,sex_t,eco_isic4_d,edu_aggregate_total,2011,40.36
mkd,sex_t,eco_isic4_d,edu_aggregate_total,2012,40.4
mkd,sex_t,eco_isic4_d,edu_aggregate_total,2013,40.11
mkd,sex_t,eco_isic4_d,edu_aggregate_total,2014,39.83
mkd,sex_t,eco_isic4_d,edu_aggregate_total,2015,40.58
mkd,sex_t,eco_isic4_d,edu_aggregate_total,2016,40.19
mkd,sex_t,eco_isic4_d,edu_aggregate_total,2017,40.6
mkd,sex_t,eco_isic4_d,edu_aggregate_total,2018,39.7
mkd,sex_t,eco_isic4_d,edu_aggregate_total,2019,39.68
mkd,sex_t,eco_isic4_d,edu_aggregate_total,2020,39.31
mkd,sex_t,eco_isic4_d,edu_aggregate_total,2021,39.57
mkd,sex_t,eco_isic4_d,edu_aggregate_total,2022,39.24
mkd,sex_t,eco_isic4_d,edu_aggregate_total,2024,38.46
mkd,sex_t,eco_isic4_d,edu_isced11_1,2011,41.58
mkd,sex_t,eco_isic4_d,edu_isced11_1,2012,42.49
mkd,sex_t,eco_isic4_d,edu_isced11_1,2013,40
mkd,sex_t,eco_isic4_d,edu_isced11_1,2014,40.44
mkd,sex_t,eco_isic4_d,edu_isced11_1,2015,40.6
mkd,sex_t,eco_isic4_d,edu_isced11_1,2016,40
mkd,sex_t,eco_isic4_d,edu_isced11_1,2017,40.35
mkd,sex_t,eco_isic4_d,edu_isced11_1,2018,40
mkd,sex_t,eco_isic4_d,edu_isced11_1,2019,41
mkd,sex_t,eco_isic4_d,edu_isced11_1,2020,39.17
mkd,sex_t,eco_isic4_d,edu_isced11_1,2021,40
mkd,sex_t,eco_isic4_d,edu_isced11_1,2024,38.7
mkd,sex_t,eco_isic4_d,edu_isced11_3,2011,40.23
mkd,sex_t,eco_isic4_d,edu_isced11_3,2012,40.46
mkd,sex_t,eco_isic4_d,edu_isced11_3,2013,40.28
mkd,sex_t,eco_isic4_d,edu_isced11_3,2014,39.75
mkd,sex_t,eco_isic4_d,edu_isced11_3,2015,41.05
mkd,sex_t,eco_isic4_d,edu_isced11_3,2016,40.59
mkd,sex_t,eco_isic4_d,edu_isced11_3,2017,40.92
mkd,sex_t,eco_isic4_d,edu_isced11_3,2018,40.03
mkd,sex_t,eco_isic4_d,edu_isced11_3,2019,39.71
mkd,sex_t,eco_isic4_d,edu_isced11_3,2020,39.58
mkd,sex_t,eco_isic4_d,edu_isced11_3,2021,39.67
mkd,sex_t,eco_isic4_d,edu_isced11_3,2022,39.82
mkd,sex_t,eco_isic4_d,edu_isced11_3,2024,38.26
mkd,sex_t,eco_isic4_d,edu_isced11_4,2024,38.6
mkd,sex_t,eco_isic4_d,edu_isced11_5,2011,40.92
mkd,sex_t,eco_isic4_d,edu_isced11_5,2012,39.6
mkd,sex_t,eco_isic4_d,edu_isced11_5,2013,38.95
mkd,sex_t,eco_isic4_d,edu_isced11_5,2014,37.35
mkd,sex_t,eco_isic4_d,edu_isced11_5,2015,40
mkd,sex_t,eco_isic4_d,edu_isced11_5,2017,40
mkd,sex_t,eco_isic4_d,edu_isced11_5,2018,40
mkd,sex_t,eco_isic4_d,edu_isced11_5,2019,40
mkd,sex_t,eco_isic4_d,edu_isced11_5,2020,40
mkd,sex_t,eco_isic4_d,edu_isced11_5,2024,38.54
mkd,sex_t,eco_isic4_d,edu_isced11_6,2011,40.13
mkd,sex_t,eco_isic4_d,edu_isced11_6,2012,39.59
mkd,sex_t,eco_isic4_d,edu_isced11_6,2013,40
mkd,sex_t,eco_isic4_d,edu_isced11_6,2014,40
mkd,sex_t,eco_isic4_d,edu_isced11_6,2015,39.32
mkd,sex_t,eco_isic4_d,edu_isced11_6,2016,38.93
mkd,sex_t,eco_isic4_d,edu_isced11_6,2017,39.46
mkd,sex_t,eco_isic4_d,edu_isced11_6,2018,38.38
mkd,sex_t,eco_isic4_d,edu_isced11_6,2019,39.64
mkd,sex_t,eco_isic4_d,edu_isced11_6,2020,39.3
mkd,sex_t,eco_isic4_d,edu_isced11_6,2021,39.68
mkd,sex_t,eco_isic4_d,edu_isced11_6,2022,37.63
mkd,sex_t,eco_isic4_d,edu_isced11_6,2024,38.88
mkd,sex_t,eco_isic4_d,edu_isced11_7,2017,40
mkd,sex_t,eco_isic4_d,edu_isced11_7,2018,37.01
mkd,sex_t,eco_isic4_d,edu_isced11_7,2019,36.73
mkd,sex_t,eco_isic4_d,edu_isced11_7,2020,37.29
mkd,sex_t,eco_isic4_d,edu_isced11_7,2021,38.26
mkd,sex_t,eco_isic4_d,edu_isced11_7,2022,37.73
mkd,sex_t,eco_isic4_d,edu_isced11_7,2024,37.51
mkd,sex_t,eco_isic4_d,edu_isced11_total,2011,40.36
mkd,sex_t,eco_isic4_d,edu_isced11_total,2012,40.4
mkd,sex_t,eco_isic4_d,edu_isced11_total,2013,40.11
mkd,sex_t,eco_isic4_d,edu_isced11_total,2014,39.83
mkd,sex_t,eco_isic4_d,edu_isced11_total,2015,40.58
mkd,sex_t,eco_isic4_d,edu_isced11_total,2016,40.19
mkd,sex_t,eco_isic4_d,edu_isced11_total,2017,40.6
mkd,sex_t,eco_isic4_d,edu_isced11_total,2018,39.7
mkd,sex_t,eco_isic4_d,edu_isced11_total,2019,39.68
mkd,sex_t,eco_isic4_d,edu_isced11_total,2020,39.31
mkd,sex_t,eco_isic4_d,edu_isced11_total,2021,39.57
mkd,sex_t,eco_isic4_d,edu_isced11_total,2022,39.24
mkd,sex_t,eco_isic4_d,edu_isced11_total,2024,38.46
mkd,sex_t,eco_isic4_e,edu_aggregate_adv,2011,38.5
mkd,sex_t,eco_isic4_e,edu_aggregate_adv,2012,40.66
mkd,sex_t,eco_isic4_e,edu_aggregate_adv,2013,39.8
mkd,sex_t,eco_isic4_e,edu_aggregate_adv,2014,40.09
mkd,sex_t,eco_isic4_e,edu_aggregate_adv,2015,39.8
mkd,sex_t,eco_isic4_e,edu_aggregate_adv,2016,39.92
mkd,sex_t,eco_isic4_e,edu_aggregate_adv,2017,39.49
mkd,sex_t,eco_isic4_e,edu_aggregate_adv,2018,39.94
mkd,sex_t,eco_isic4_e,edu_aggregate_adv,2019,39.67
mkd,sex_t,eco_isic4_e,edu_aggregate_adv,2020,37.94
mkd,sex_t,eco_isic4_e,edu_aggregate_adv,2021,38.8
mkd,sex_t,eco_isic4_e,edu_aggregate_adv,2022,39.26
mkd,sex_t,eco_isic4_e,edu_aggregate_adv,2024,38.52
mkd,sex_t,eco_isic4_e,edu_aggregate_bas,2011,39.66
mkd,sex_t,eco_isic4_e,edu_aggregate_bas,2012,41.26
mkd,sex_t,eco_isic4_e,edu_aggregate_bas,2013,40.75
mkd,sex_t,eco_isic4_e,edu_aggregate_bas,2014,40.77
mkd,sex_t,eco_isic4_e,edu_aggregate_bas,2015,38.18
mkd,sex_t,eco_isic4_e,edu_aggregate_bas,2016,39.83
mkd,sex_t,eco_isic4_e,edu_aggregate_bas,2017,40.67
mkd,sex_t,eco_isic4_e,edu_aggregate_bas,2018,38.93
mkd,sex_t,eco_isic4_e,edu_aggregate_bas,2019,38.8
mkd,sex_t,eco_isic4_e,edu_aggregate_bas,2020,39.3
mkd,sex_t,eco_isic4_e,edu_aggregate_bas,2021,39.95
mkd,sex_t,eco_isic4_e,edu_aggregate_bas,2022,40.03
mkd,sex_t,eco_isic4_e,edu_aggregate_bas,2024,39.55
mkd,sex_t,eco_isic4_e,edu_aggregate_int,2011,39.84
mkd,sex_t,eco_isic4_e,edu_aggregate_int,2012,41.49
mkd,sex_t,eco_isic4_e,edu_aggregate_int,2013,39.87
mkd,sex_t,eco_isic4_e,edu_aggregate_int,2014,39.86
mkd,sex_t,eco_isic4_e,edu_aggregate_int,2015,39.22
mkd,sex_t,eco_isic4_e,edu_aggregate_int,2016,40.68
mkd,sex_t,eco_isic4_e,edu_aggregate_int,2017,40.18
mkd,sex_t,eco_isic4_e,edu_aggregate_int,2018,40.01
mkd,sex_t,eco_isic4_e,edu_aggregate_int,2019,39.13
mkd,sex_t,eco_isic4_e,edu_aggregate_int,2020,39.06
mkd,sex_t,eco_isic4_e,edu_aggregate_int,2021,39.8
mkd,sex_t,eco_isic4_e,edu_aggregate_int,2022,39.59
mkd,sex_t,eco_isic4_e,edu_aggregate_int,2024,37.85
mkd,sex_t,eco_isic4_e,edu_aggregate_ltb,2011,39.29
mkd,sex_t,eco_isic4_e,edu_aggregate_ltb,2012,41.94
mkd,sex_t,eco_isic4_e,edu_aggregate_ltb,2013,40.37
mkd,sex_t,eco_isic4_e,edu_aggregate_ltb,2014,43.26
mkd,sex_t,eco_isic4_e,edu_aggregate_ltb,2015,34.37
mkd,sex_t,eco_isic4_e,edu_aggregate_ltb,2016,34.11
mkd,sex_t,eco_isic4_e,edu_aggregate_ltb,2017,36.53
mkd,sex_t,eco_isic4_e,edu_aggregate_ltb,2018,35.31
mkd,sex_t,eco_isic4_e,edu_aggregate_ltb,2019,33.5
mkd,sex_t,eco_isic4_e,edu_aggregate_ltb,2020,36.22
mkd,sex_t,eco_isic4_e,edu_aggregate_ltb,2021,36.05
mkd,sex_t,eco_isic4_e,edu_aggregate_ltb,2022,36.47
mkd,sex_t,eco_isic4_e,edu_aggregate_total,2011,39.49
mkd,sex_t,eco_isic4_e,edu_aggregate_total,2012,41.35
mkd,sex_t,eco_isic4_e,edu_aggregate_total,2013,40.08
mkd,sex_t,eco_isic4_e,edu_aggregate_total,2014,40.56
mkd,sex_t,eco_isic4_e,edu_aggregate_total,2015,38.55
mkd,sex_t,eco_isic4_e,edu_aggregate_total,2016,39.73
mkd,sex_t,eco_isic4_e,edu_aggregate_total,2017,39.96
mkd,sex_t,eco_isic4_e,edu_aggregate_total,2018,39.36
mkd,sex_t,eco_isic4_e,edu_aggregate_total,2019,38.81
mkd,sex_t,eco_isic4_e,edu_aggregate_total,2020,38.85
mkd,sex_t,eco_isic4_e,edu_aggregate_total,2021,39.52
mkd,sex_t,eco_isic4_e,edu_aggregate_total,2022,39.38
mkd,sex_t,eco_isic4_e,edu_aggregate_total,2024,38.56
mkd,sex_t,eco_isic4_e,edu_isced11_0,2011,40.64
mkd,sex_t,eco_isic4_e,edu_isced11_0,2012,40.64
mkd,sex_t,eco_isic4_e,edu_isced11_0,2013,40.65
mkd,sex_t,eco_isic4_e,edu_isced11_0,2014,43.21
mkd,sex_t,eco_isic4_e,edu_isced11_0,2015,34.48
mkd,sex_t,eco_isic4_e,edu_isced11_0,2016,38.27
mkd,sex_t,eco_isic4_e,edu_isced11_0,2017,38.65
mkd,sex_t,eco_isic4_e,edu_isced11_0,2018,39.75
mkd,sex_t,eco_isic4_e,edu_isced11_0,2019,37.64
mkd,sex_t,eco_isic4_e,edu_isced11_0,2020,37.31
mkd,sex_t,eco_isic4_e,edu_isced11_0,2021,36.07
mkd,sex_t,eco_isic4_e,edu_isced11_0,2022,33.75
mkd,sex_t,eco_isic4_e,edu_isced11_1,2011,39.66
mkd,sex_t,eco_isic4_e,edu_isced11_1,2012,41.27
mkd,sex_t,eco_isic4_e,edu_isced11_1,2013,41.63
mkd,sex_t,eco_isic4_e,edu_isced11_1,2014,40.77
mkd,sex_t,eco_isic4_e,edu_isced11_1,2015,38.18
mkd,sex_t,eco_isic4_e,edu_isced11_1,2016,39.83
mkd,sex_t,eco_isic4_e,edu_isced11_1,2017,40.67
mkd,sex_t,eco_isic4_e,edu_isced11_1,2018,38.89
mkd,sex_t,eco_isic4_e,edu_isced11_1,2019,38.81
mkd,sex_t,eco_isic4_e,edu_isced11_1,2020,39.29
mkd,sex_t,eco_isic4_e,edu_isced11_1,2021,39.95
mkd,sex_t,eco_isic4_e,edu_isced11_1,2022,40.03
mkd,sex_t,eco_isic4_e,edu_isced11_1,2024,39.55
mkd,sex_t,eco_isic4_e,edu_isced11_3,2011,39.84
mkd,sex_t,eco_isic4_e,edu_isced11_3,2012,41.49
mkd,sex_t,eco_isic4_e,edu_isced11_3,2013,39.87
mkd,sex_t,eco_isic4_e,edu_isced11_3,2014,39.86
mkd,sex_t,eco_isic4_e,edu_isced11_3,2015,39.22
mkd,sex_t,eco_isic4_e,edu_isced11_3,2016,40.68
mkd,sex_t,eco_isic4_e,edu_isced11_3,2017,40.18
mkd,sex_t,eco_isic4_e,edu_isced11_3,2018,40.01
mkd,sex_t,eco_isic4_e,edu_isced11_3,2019,39.13
mkd,sex_t,eco_isic4_e,edu_isced11_3,2020,39.04
mkd,sex_t,eco_isic4_e,edu_isced11_3,2021,39.88
mkd,sex_t,eco_isic4_e,edu_isced11_3,2022,39.59
mkd,sex_t,eco_isic4_e,edu_isced11_3,2024,37.62
mkd,sex_t,eco_isic4_e,edu_isced11_4,2024,38.79
mkd,sex_t,eco_isic4_e,edu_isced11_5,2011,38.7
mkd,sex_t,eco_isic4_e,edu_isced11_5,2012,42.45
mkd,sex_t,eco_isic4_e,edu_isced11_5,2013,40
mkd,sex_t,eco_isic4_e,edu_isced11_5,2014,40
mkd,sex_t,eco_isic4_e,edu_isced11_5,2015,40
mkd,sex_t,eco_isic4_e,edu_isced11_5,2016,41.72
mkd,sex_t,eco_isic4_e,edu_isced11_5,2017,39.93
mkd,sex_t,eco_isic4_e,edu_isced11_5,2018,40
mkd,sex_t,eco_isic4_e,edu_isced11_5,2019,40
mkd,sex_t,eco_isic4_e,edu_isced11_5,2020,40
mkd,sex_t,eco_isic4_e,edu_isced11_5,2021,36.69
mkd,sex_t,eco_isic4_e,edu_isced11_5,2022,38.84
mkd,sex_t,eco_isic4_e,edu_isced11_6,2011,38.4
mkd,sex_t,eco_isic4_e,edu_isced11_6,2012,40.19
mkd,sex_t,eco_isic4_e,edu_isced11_6,2013,39.74
mkd,sex_t,eco_isic4_e,edu_isced11_6,2014,40.1
mkd,sex_t,eco_isic4_e,edu_isced11_6,2015,39.78
mkd,sex_t,eco_isic4_e,edu_isced11_6,2016,40.06
mkd,sex_t,eco_isic4_e,edu_isced11_6,2017,39.21
mkd,sex_t,eco_isic4_e,edu_isced11_6,2018,39.91
mkd,sex_t,eco_isic4_e,edu_isced11_6,2019,39.69
mkd,sex_t,eco_isic4_e,edu_isced11_6,2020,37.84
mkd,sex_t,eco_isic4_e,edu_isced11_6,2021,38.81
mkd,sex_t,eco_isic4_e,edu_isced11_6,2022,39.89
mkd,sex_t,eco_isic4_e,edu_isced11_6,2024,38.46
mkd,sex_t,eco_isic4_e,edu_isced11_7,2016,37.27
mkd,sex_t,eco_isic4_e,edu_isced11_7,2017,41.43
mkd,sex_t,eco_isic4_e,edu_isced11_7,2018,40
mkd,sex_t,eco_isic4_e,edu_isced11_7,2019,38.21
mkd,sex_t,eco_isic4_e,edu_isced11_7,2022,35.89
mkd,sex_t,eco_isic4_e,edu_isced11_7,2024,38.88
mkd,sex_t,eco_isic4_e,edu_isced11_total,2011,39.49
mkd,sex_t,eco_isic4_e,edu_isced11_total,2012,41.35
mkd,sex_t,eco_isic4_e,edu_isced11_total,2013,40.08
mkd,sex_t,eco_isic4_e,edu_isced11_total,2014,40.56
mkd,sex_t,eco_isic4_e,edu_isced11_total,2015,38.55
mkd,sex_t,eco_isic4_e,edu_isced11_total,2016,39.73
mkd,sex_t,eco_isic4_e,edu_isced11_total,2017,39.96
mkd,sex_t,eco_isic4_e,edu_isced11_total,2018,39.36
mkd,sex_t,eco_isic4_e,edu_isced11_total,2019,38.81
mkd,sex_t,eco_isic4_e,edu_isced11_total,2020,38.85
mkd,sex_t,eco_isic4_e,edu_isced11_total,2021,39.52
mkd,sex_t,eco_isic4_e,edu_isced11_total,2022,39.38
mkd,sex_t,eco_isic4_e,edu_isced11_total,2024,38.56
mkd,sex_t,eco_isic4_e,edu_isced11_x,2011,37.77
mkd,sex_t,eco_isic4_e,edu_isced11_x,2013,39.72
mkd,sex_t,eco_isic4_e,edu_isced11_x,2014,43.28
mkd,sex_t,eco_isic4_e,edu_isced11_x,2015,34.26
mkd,sex_t,eco_isic4_e,edu_isced11_x,2016,32.23
mkd,sex_t,eco_isic4_e,edu_isced11_x,2017,35.77
mkd,sex_t,eco_isic4_e,edu_isced11_x,2018,33.56
mkd,sex_t,eco_isic4_e,edu_isced11_x,2019,31.66
mkd,sex_t,eco_isic4_e,edu_isced11_x,2020,35.12
mkd,sex_t,eco_isic4_e,edu_isced11_x,2021,35.93
mkd,sex_t,eco_isic4_e,edu_isced11_x,2022,40
mkd,sex_t,eco_isic4_f,edu_aggregate_adv,2011,39.92
mkd,sex_t,eco_isic4_f,edu_aggregate_adv,2012,41.71
mkd,sex_t,eco_isic4_f,edu_aggregate_adv,2013,41.05
mkd,sex_t,eco_isic4_f,edu_aggregate_adv,2014,40.86
mkd,sex_t,eco_isic4_f,edu_aggregate_adv,2015,40.77
mkd,sex_t,eco_isic4_f,edu_aggregate_adv,2016,40.67
mkd,sex_t,eco_isic4_f,edu_aggregate_adv,2017,40.22
mkd,sex_t,eco_isic4_f,edu_aggregate_adv,2018,40.51
mkd,sex_t,eco_isic4_f,edu_aggregate_adv,2019,40.09
mkd,sex_t,eco_isic4_f,edu_aggregate_adv,2020,38.42
mkd,sex_t,eco_isic4_f,edu_aggregate_adv,2021,39.6
mkd,sex_t,eco_isic4_f,edu_aggregate_adv,2022,39.38
mkd,sex_t,eco_isic4_f,edu_aggregate_adv,2024,37.86
mkd,sex_t,eco_isic4_f,edu_aggregate_bas,2011,46.75
mkd,sex_t,eco_isic4_f,edu_aggregate_bas,2012,45.62
mkd,sex_t,eco_isic4_f,edu_aggregate_bas,2013,43.88
mkd,sex_t,eco_isic4_f,edu_aggregate_bas,2014,44.01
mkd,sex_t,eco_isic4_f,edu_aggregate_bas,2015,43.76
mkd,sex_t,eco_isic4_f,edu_aggregate_bas,2016,44.67
mkd,sex_t,eco_isic4_f,edu_aggregate_bas,2017,44.39
mkd,sex_t,eco_isic4_f,edu_aggregate_bas,2018,42.65
mkd,sex_t,eco_isic4_f,edu_aggregate_bas,2019,42.78
mkd,sex_t,eco_isic4_f,edu_aggregate_bas,2020,40.31
mkd,sex_t,eco_isic4_f,edu_aggregate_bas,2021,41.81
mkd,sex_t,eco_isic4_f,edu_aggregate_bas,2022,41.65
mkd,sex_t,eco_isic4_f,edu_aggregate_bas,2024,41.1
mkd,sex_t,eco_isic4_f,edu_aggregate_int,2011,43.98
mkd,sex_t,eco_isic4_f,edu_aggregate_int,2012,42.6
mkd,sex_t,eco_isic4_f,edu_aggregate_int,2013,43.38
mkd,sex_t,eco_isic4_f,edu_aggregate_int,2014,42
mkd,sex_t,eco_isic4_f,edu_aggregate_int,2015,41.93
mkd,sex_t,eco_isic4_f,edu_aggregate_int,2016,42.97
mkd,sex_t,eco_isic4_f,edu_aggregate_int,2017,42.96
mkd,sex_t,eco_isic4_f,edu_aggregate_int,2018,42.21
mkd,sex_t,eco_isic4_f,edu_aggregate_int,2019,41.09
mkd,sex_t,eco_isic4_f,edu_aggregate_int,2020,39.1
mkd,sex_t,eco_isic4_f,edu_aggregate_int,2021,41.01
mkd,sex_t,eco_isic4_f,edu_aggregate_int,2022,39.96
mkd,sex_t,eco_isic4_f,edu_aggregate_int,2024,40.2
mkd,sex_t,eco_isic4_f,edu_aggregate_ltb,2011,39.68
mkd,sex_t,eco_isic4_f,edu_aggregate_ltb,2012,41.55
mkd,sex_t,eco_isic4_f,edu_aggregate_ltb,2013,41.25
mkd,sex_t,eco_isic4_f,edu_aggregate_ltb,2014,43.23
mkd,sex_t,eco_isic4_f,edu_aggregate_ltb,2015,39.16
mkd,sex_t,eco_isic4_f,edu_aggregate_ltb,2016,42.82
mkd,sex_t,eco_isic4_f,edu_aggregate_ltb,2017,39.98
mkd,sex_t,eco_isic4_f,edu_aggregate_ltb,2018,39.38
mkd,sex_t,eco_isic4_f,edu_aggregate_ltb,2019,35.66
mkd,sex_t,eco_isic4_f,edu_aggregate_ltb,2020,40.92
mkd,sex_t,eco_isic4_f,edu_aggregate_ltb,2021,35.88
mkd,sex_t,eco_isic4_f,edu_aggregate_ltb,2022,41.33
mkd,sex_t,eco_isic4_f,edu_aggregate_total,2011,44.37
mkd,sex_t,eco_isic4_f,edu_aggregate_total,2012,43.49
mkd,sex_t,eco_isic4_f,edu_aggregate_total,2013,43.33
mkd,sex_t,eco_isic4_f,edu_aggregate_total,2014,42.58
mkd,sex_t,eco_isic4_f,edu_aggregate_total,2015,42.44
mkd,sex_t,eco_isic4_f,edu_aggregate_total,2016,43.15
mkd,sex_t,eco_isic4_f,edu_aggregate_total,2017,42.96
mkd,sex_t,eco_isic4_f,edu_aggregate_total,2018,42.1
mkd,sex_t,eco_isic4_f,edu_aggregate_total,2019,41.44
mkd,sex_t,eco_isic4_f,edu_aggregate_total,2020,39.42
mkd,sex_t,eco_isic4_f,edu_aggregate_total,2021,41
mkd,sex_t,eco_isic4_f,edu_aggregate_total,2022,40.35
mkd,sex_t,eco_isic4_f,edu_aggregate_total,2024,40.09
mkd,sex_t,eco_isic4_f,edu_isced11_0,2011,41.07
mkd,sex_t,eco_isic4_f,edu_isced11_0,2012,43.5
mkd,sex_t,eco_isic4_f,edu_isced11_0,2013,41.25
mkd,sex_t,eco_isic4_f,edu_isced11_0,2014,43.23
mkd,sex_t,eco_isic4_f,edu_isced11_0,2015,38.95
mkd,sex_t,eco_isic4_f,edu_isced11_0,2016,42.53
mkd,sex_t,eco_isic4_f,edu_isced11_0,2017,39.42
mkd,sex_t,eco_isic4_f,edu_isced11_0,2018,41.63
mkd,sex_t,eco_isic4_f,edu_isced11_0,2019,35.27
mkd,sex_t,eco_isic4_f,edu_isced11_0,2020,41.02
mkd,sex_t,eco_isic4_f,edu_isced11_0,2021,34.23
mkd,sex_t,eco_isic4_f,edu_isced11_0,2022,41.33
mkd,sex_t,eco_isic4_f,edu_isced11_1,2011,46.86
mkd,sex_t,eco_isic4_f,edu_isced11_1,2012,45.71
mkd,sex_t,eco_isic4_f,edu_isced11_1,2013,44.1
mkd,sex_t,eco_isic4_f,edu_isced11_1,2014,44.01
mkd,sex_t,eco_isic4_f,edu_isced11_1,2015,43.78
mkd,sex_t,eco_isic4_f,edu_isced11_1,2016,44.71
mkd,sex_t,eco_isic4_f,edu_isced11_1,2017,44.4
mkd,sex_t,eco_isic4_f,edu_isced11_1,2018,42.66
mkd,sex_t,eco_isic4_f,edu_isced11_1,2019,42.8
mkd,sex_t,eco_isic4_f,edu_isced11_1,2020,40.31
mkd,sex_t,eco_isic4_f,edu_isced11_1,2021,41.82
mkd,sex_t,eco_isic4_f,edu_isced11_1,2022,41.65
mkd,sex_t,eco_isic4_f,edu_isced11_1,2024,41.1
mkd,sex_t,eco_isic4_f,edu_isced11_2,2012,35.31
mkd,sex_t,eco_isic4_f,edu_isced11_2,2017,44.14
mkd,sex_t,eco_isic4_f,edu_isced11_3,2011,43.98
mkd,sex_t,eco_isic4_f,edu_isced11_3,2012,42.6
mkd,sex_t,eco_isic4_f,edu_isced11_3,2013,43.38
mkd,sex_t,eco_isic4_f,edu_isced11_3,2014,42
mkd,sex_t,eco_isic4_f,edu_isced11_3,2015,41.93
mkd,sex_t,eco_isic4_f,edu_isced11_3,2016,42.97
mkd,sex_t,eco_isic4_f,edu_isced11_3,2017,42.96
mkd,sex_t,eco_isic4_f,edu_isced11_3,2018,42.21
mkd,sex_t,eco_isic4_f,edu_isced11_3,2019,41.09
mkd,sex_t,eco_isic4_f,edu_isced11_3,2020,39.09
mkd,sex_t,eco_isic4_f,edu_isced11_3,2021,41.04
mkd,sex_t,eco_isic4_f,edu_isced11_3,2022,39.97
mkd,sex_t,eco_isic4_f,edu_isced11_3,2024,39.6
mkd,sex_t,eco_isic4_f,edu_isced11_4,2021,38.79
mkd,sex_t,eco_isic4_f,edu_isced11_4,2024,42.31
mkd,sex_t,eco_isic4_f,edu_isced11_5,2011,45.73
mkd,sex_t,eco_isic4_f,edu_isced11_5,2012,43.66
mkd,sex_t,eco_isic4_f,edu_isced11_5,2013,41.34
mkd,sex_t,eco_isic4_f,edu_isced11_5,2014,43.35
mkd,sex_t,eco_isic4_f,edu_isced11_5,2015,41.2
mkd,sex_t,eco_isic4_f,edu_isced11_5,2016,42.44
mkd,sex_t,eco_isic4_f,edu_isced11_5,2017,40.65
mkd,sex_t,eco_isic4_f,edu_isced11_5,2018,39.27
mkd,sex_t,eco_isic4_f,edu_isced11_5,2019,38.49
mkd,sex_t,eco_isic4_f,edu_isced11_5,2020,33.23
mkd,sex_t,eco_isic4_f,edu_isced11_5,2021,39.68
mkd,sex_t,eco_isic4_f,edu_isced11_5,2022,37.85
mkd,sex_t,eco_isic4_f,edu_isced11_5,2024,32.84
mkd,sex_t,eco_isic4_f,edu_isced11_6,2011,38.56
mkd,sex_t,eco_isic4_f,edu_isced11_6,2012,41.62
mkd,sex_t,eco_isic4_f,edu_isced11_6,2013,41.05
mkd,sex_t,eco_isic4_f,edu_isced11_6,2014,40.57
mkd,sex_t,eco_isic4_f,edu_isced11_6,2015,40.88
mkd,sex_t,eco_isic4_f,edu_isced11_6,2016,40.38
mkd,sex_t,eco_isic4_f,edu_isced11_6,2017,40.3
mkd,sex_t,eco_isic4_f,edu_isced11_6,2018,40.66
mkd,sex_t,eco_isic4_f,edu_isced11_6,2019,40.27
mkd,sex_t,eco_isic4_f,edu_isced11_6,2020,38.58
mkd,sex_t,eco_isic4_f,edu_isced11_6,2021,39.57
mkd,sex_t,eco_isic4_f,edu_isced11_6,2022,39.43
mkd,sex_t,eco_isic4_f,edu_isced11_6,2024,38.17
mkd,sex_t,eco_isic4_f,edu_isced11_7,2012,37.84
mkd,sex_t,eco_isic4_f,edu_isced11_7,2015,38.55
mkd,sex_t,eco_isic4_f,edu_isced11_7,2016,42.71
mkd,sex_t,eco_isic4_f,edu_isced11_7,2017,38.88
mkd,sex_t,eco_isic4_f,edu_isced11_7,2018,40
mkd,sex_t,eco_isic4_f,edu_isced11_7,2019,38.7
mkd,sex_t,eco_isic4_f,edu_isced11_7,2020,38.23
mkd,sex_t,eco_isic4_f,edu_isced11_7,2021,40
mkd,sex_t,eco_isic4_f,edu_isced11_7,2022,40
mkd,sex_t,eco_isic4_f,edu_isced11_7,2024,37.31
mkd,sex_t,eco_isic4_f,edu_isced11_total,2011,44.37
mkd,sex_t,eco_isic4_f,edu_isced11_total,2012,43.49
mkd,sex_t,eco_isic4_f,edu_isced11_total,2013,43.33
mkd,sex_t,eco_isic4_f,edu_isced11_total,2014,42.58
mkd,sex_t,eco_isic4_f,edu_isced11_total,2015,42.44
mkd,sex_t,eco_isic4_f,edu_isced11_total,2016,43.15
mkd,sex_t,eco_isic4_f,edu_isced11_total,2017,42.96
mkd,sex_t,eco_isic4_f,edu_isced11_total,2018,42.1
mkd,sex_t,eco_isic4_f,edu_isced11_total,2019,41.44
mkd,sex_t,eco_isic4_f,edu_isced11_total,2020,39.42
mkd,sex_t,eco_isic4_f,edu_isced11_total,2021,41
mkd,sex_t,eco_isic4_f,edu_isced11_total,2022,40.35
mkd,sex_t,eco_isic4_f,edu_isced11_total,2024,40.09
mkd,sex_t,eco_isic4_f,edu_isced11_x,2016,43.45
mkd,sex_t,eco_isic4_f,edu_isced11_x,2017,41.22
mkd,sex_t,eco_isic4_f,edu_isced11_x,2019,37.03
mkd,sex_t,eco_isic4_f,edu_isced11_x,2021,41.64
mkd,sex_t,eco_isic4_g,edu_aggregate_adv,2011,41.65
mkd,sex_t,eco_isic4_g,edu_aggregate_adv,2012,41.79
mkd,sex_t,eco_isic4_g,edu_aggregate_adv,2013,41.45
mkd,sex_t,eco_isic4_g,edu_aggregate_adv,2014,41.83
mkd,sex_t,eco_isic4_g,edu_aggregate_adv,2015,40.18
mkd,sex_t,eco_isic4_g,edu_aggregate_adv,2016,41.09
mkd,sex_t,eco_isic4_g,edu_aggregate_adv,2017,41.76
mkd,sex_t,eco_isic4_g,edu_aggregate_adv,2018,41.05
mkd,sex_t,eco_isic4_g,edu_aggregate_adv,2019,40.78
mkd,sex_t,eco_isic4_g,edu_aggregate_adv,2020,39.6
mkd,sex_t,eco_isic4_g,edu_aggregate_adv,2021,40.62
mkd,sex_t,eco_isic4_g,edu_aggregate_adv,2022,40.47
mkd,sex_t,eco_isic4_g,edu_aggregate_adv,2024,39.63
mkd,sex_t,eco_isic4_g,edu_aggregate_bas,2011,43.1
mkd,sex_t,eco_isic4_g,edu_aggregate_bas,2012,44.89
mkd,sex_t,eco_isic4_g,edu_aggregate_bas,2013,43.08
mkd,sex_t,eco_isic4_g,edu_aggregate_bas,2014,42.2
mkd,sex_t,eco_isic4_g,edu_aggregate_bas,2015,41.33
mkd,sex_t,eco_isic4_g,edu_aggregate_bas,2016,42.93
mkd,sex_t,eco_isic4_g,edu_aggregate_bas,2017,42.57
mkd,sex_t,eco_isic4_g,edu_aggregate_bas,2018,42.58
mkd,sex_t,eco_isic4_g,edu_aggregate_bas,2019,41.78
mkd,sex_t,eco_isic4_g,edu_aggregate_bas,2020,40.8
mkd,sex_t,eco_isic4_g,edu_aggregate_bas,2021,42.59
mkd,sex_t,eco_isic4_g,edu_aggregate_bas,2022,40.31
mkd,sex_t,eco_isic4_g,edu_aggregate_bas,2024,41.44
mkd,sex_t,eco_isic4_g,edu_aggregate_int,2011,43.11
mkd,sex_t,eco_isic4_g,edu_aggregate_int,2012,43.46
mkd,sex_t,eco_isic4_g,edu_aggregate_int,2013,42.57
mkd,sex_t,eco_isic4_g,edu_aggregate_int,2014,42.32
mkd,sex_t,eco_isic4_g,edu_aggregate_int,2015,41.32
mkd,sex_t,eco_isic4_g,edu_aggregate_int,2016,42.08
mkd,sex_t,eco_isic4_g,edu_aggregate_int,2017,43.05
mkd,sex_t,eco_isic4_g,edu_aggregate_int,2018,43.14
mkd,sex_t,eco_isic4_g,edu_aggregate_int,2019,41.78
mkd,sex_t,eco_isic4_g,edu_aggregate_int,2020,40.14
mkd,sex_t,eco_isic4_g,edu_aggregate_int,2021,41.03
mkd,sex_t,eco_isic4_g,edu_aggregate_int,2022,40.55
mkd,sex_t,eco_isic4_g,edu_aggregate_int,2024,39.83
mkd,sex_t,eco_isic4_g,edu_aggregate_ltb,2011,41.04
mkd,sex_t,eco_isic4_g,edu_aggregate_ltb,2012,47.85
mkd,sex_t,eco_isic4_g,edu_aggregate_ltb,2013,36.48
mkd,sex_t,eco_isic4_g,edu_aggregate_ltb,2015,27.26
mkd,sex_t,eco_isic4_g,edu_aggregate_ltb,2016,47.98
mkd,sex_t,eco_isic4_g,edu_aggregate_ltb,2017,43.21
mkd,sex_t,eco_isic4_g,edu_aggregate_ltb,2018,41.47
mkd,sex_t,eco_isic4_g,edu_aggregate_ltb,2019,41.89
mkd,sex_t,eco_isic4_g,edu_aggregate_ltb,2020,44.04
mkd,sex_t,eco_isic4_g,edu_aggregate_ltb,2021,40.68
mkd,sex_t,eco_isic4_g,edu_aggregate_ltb,2022,39.83
mkd,sex_t,eco_isic4_g,edu_aggregate_ltb,2024,32.61
mkd,sex_t,eco_isic4_g,edu_aggregate_total,2011,42.77
mkd,sex_t,eco_isic4_g,edu_aggregate_total,2012,43.29
mkd,sex_t,eco_isic4_g,edu_aggregate_total,2013,42.36
mkd,sex_t,eco_isic4_g,edu_aggregate_total,2014,42.2
mkd,sex_t,eco_isic4_g,edu_aggregate_total,2015,41.02
mkd,sex_t,eco_isic4_g,edu_aggregate_total,2016,41.98
mkd,sex_t,eco_isic4_g,edu_aggregate_total,2017,42.71
mkd,sex_t,eco_isic4_g,edu_aggregate_total,2018,42.61
mkd,sex_t,eco_isic4_g,edu_aggregate_total,2019,41.58
mkd,sex_t,eco_isic4_g,edu_aggregate_total,2020,40.13
mkd,sex_t,eco_isic4_g,edu_aggregate_total,2021,41.07
mkd,sex_t,eco_isic4_g,edu_aggregate_total,2022,40.5
mkd,sex_t,eco_isic4_g,edu_aggregate_total,2024,39.89
mkd,sex_t,eco_isic4_g,edu_isced11_0,2011,44.61
mkd,sex_t,eco_isic4_g,edu_isced11_0,2012,47.17
mkd,sex_t,eco_isic4_g,edu_isced11_0,2013,44.95
mkd,sex_t,eco_isic4_g,edu_isced11_0,2016,46.63
mkd,sex_t,eco_isic4_g,edu_isced11_0,2017,44.48
mkd,sex_t,eco_isic4_g,edu_isced11_0,2018,42.01
mkd,sex_t,eco_isic4_g,edu_isced11_0,2019,39.66
mkd,sex_t,eco_isic4_g,edu_isced11_0,2020,45.02
mkd,sex_t,eco_isic4_g,edu_isced11_0,2021,39.78
mkd,sex_t,eco_isic4_g,edu_isced11_0,2022,39.39
mkd,sex_t,eco_isic4_g,edu_isced11_1,2011,43.16
mkd,sex_t,eco_isic4_g,edu_isced11_1,2012,44.91
mkd,sex_t,eco_isic4_g,edu_isced11_1,2013,43.05
mkd,sex_t,eco_isic4_g,edu_isced11_1,2014,42.2
mkd,sex_t,eco_isic4_g,edu_isced11_1,2015,41.34
mkd,sex_t,eco_isic4_g,edu_isced11_1,2016,42.94
mkd,sex_t,eco_isic4_g,edu_isced11_1,2017,42.54
mkd,sex_t,eco_isic4_g,edu_isced11_1,2018,42.53
mkd,sex_t,eco_isic4_g,edu_isced11_1,2019,41.72
mkd,sex_t,eco_isic4_g,edu_isced11_1,2020,40.74
mkd,sex_t,eco_isic4_g,edu_isced11_1,2021,42.59
mkd,sex_t,eco_isic4_g,edu_isced11_1,2022,40.31
mkd,sex_t,eco_isic4_g,edu_isced11_1,2024,41.5
mkd,sex_t,eco_isic4_g,edu_isced11_2,2016,42.78
mkd,sex_t,eco_isic4_g,edu_isced11_2,2017,44.7
mkd,sex_t,eco_isic4_g,edu_isced11_2,2018,44.56
mkd,sex_t,eco_isic4_g,edu_isced11_2,2019,44.11
mkd,sex_t,eco_isic4_g,edu_isced11_3,2011,43.11
mkd,sex_t,eco_isic4_g,edu_isced11_3,2012,43.46
mkd,sex_t,eco_isic4_g,edu_isced11_3,2013,42.57
mkd,sex_t,eco_isic4_g,edu_isced11_3,2014,42.32
mkd,sex_t,eco_isic4_g,edu_isced11_3,2015,41.32
mkd,sex_t,eco_isic4_g,edu_isced11_3,2016,42.08
mkd,sex_t,eco_isic4_g,edu_isced11_3,2017,43.05
mkd,sex_t,eco_isic4_g,edu_isced11_3,2018,43.14
mkd,sex_t,eco_isic4_g,edu_isced11_3,2019,41.78
mkd,sex_t,eco_isic4_g,edu_isced11_3,2020,40.14
mkd,sex_t,eco_isic4_g,edu_isced11_3,2021,41.02
mkd,sex_t,eco_isic4_g,edu_isced11_3,2022,40.55
mkd,sex_t,eco_isic4_g,edu_isced11_3,2024,39.83
mkd,sex_t,eco_isic4_g,edu_isced11_4,2020,39.07
mkd,sex_t,eco_isic4_g,edu_isced11_4,2024,39.82
mkd,sex_t,eco_isic4_g,edu_isced11_5,2011,42.57
mkd,sex_t,eco_isic4_g,edu_isced11_5,2012,42.6
mkd,sex_t,eco_isic4_g,edu_isced11_5,2013,40.33
mkd,sex_t,eco_isic4_g,edu_isced11_5,2014,39.7
mkd,sex_t,eco_isic4_g,edu_isced11_5,2015,40.62
mkd,sex_t,eco_isic4_g,edu_isced11_5,2016,41.94
mkd,sex_t,eco_isic4_g,edu_isced11_5,2017,43.54
mkd,sex_t,eco_isic4_g,edu_isced11_5,2018,40.85
mkd,sex_t,eco_isic4_g,edu_isced11_5,2019,40.73
mkd,sex_t,eco_isic4_g,edu_isced11_5,2020,39.55
mkd,sex_t,eco_isic4_g,edu_isced11_5,2021,40.18
mkd,sex_t,eco_isic4_g,edu_isced11_5,2022,42.9
mkd,sex_t,eco_isic4_g,edu_isced11_5,2024,38.67
mkd,sex_t,eco_isic4_g,edu_isced11_6,2011,41.45
mkd,sex_t,eco_isic4_g,edu_isced11_6,2012,41.56
mkd,sex_t,eco_isic4_g,edu_isced11_6,2013,41.63
mkd,sex_t,eco_isic4_g,edu_isced11_6,2014,42.22
mkd,sex_t,eco_isic4_g,edu_isced11_6,2015,40.27
mkd,sex_t,eco_isic4_g,edu_isced11_6,2016,41.08
mkd,sex_t,eco_isic4_g,edu_isced11_6,2017,41.69
mkd,sex_t,eco_isic4_g,edu_isced11_6,2018,41.09
mkd,sex_t,eco_isic4_g,edu_isced11_6,2019,40.79
mkd,sex_t,eco_isic4_g,edu_isced11_6,2020,39.64
mkd,sex_t,eco_isic4_g,edu_isced11_6,2021,40.66
mkd,sex_t,eco_isic4_g,edu_isced11_6,2022,40.17
mkd,sex_t,eco_isic4_g,edu_isced11_6,2024,39.69
mkd,sex_t,eco_isic4_g,edu_isced11_7,2012,44.41
mkd,sex_t,eco_isic4_g,edu_isced11_7,2013,42.35
mkd,sex_t,eco_isic4_g,edu_isced11_7,2014,41.24
mkd,sex_t,eco_isic4_g,edu_isced11_7,2015,38.26
mkd,sex_t,eco_isic4_g,edu_isced11_7,2016,39.64
mkd,sex_t,eco_isic4_g,edu_isced11_7,2017,40.54
mkd,sex_t,eco_isic4_g,edu_isced11_7,2018,40.76
mkd,sex_t,eco_isic4_g,edu_isced11_7,2019,40.84
mkd,sex_t,eco_isic4_g,edu_isced11_7,2020,38.53
mkd,sex_t,eco_isic4_g,edu_isced11_7,2021,40.45
mkd,sex_t,eco_isic4_g,edu_isced11_7,2022,41.72
mkd,sex_t,eco_isic4_g,edu_isced11_7,2024,39.97
mkd,sex_t,eco_isic4_g,edu_isced11_total,2011,42.77
mkd,sex_t,eco_isic4_g,edu_isced11_total,2012,43.29
mkd,sex_t,eco_isic4_g,edu_isced11_total,2013,42.36
mkd,sex_t,eco_isic4_g,edu_isced11_total,2014,42.2
mkd,sex_t,eco_isic4_g,edu_isced11_total,2015,41.02
mkd,sex_t,eco_isic4_g,edu_isced11_total,2016,41.98
mkd,sex_t,eco_isic4_g,edu_isced11_total,2017,42.71
mkd,sex_t,eco_isic4_g,edu_isced11_total,2018,42.61
mkd,sex_t,eco_isic4_g,edu_isced11_total,2019,41.58
mkd,sex_t,eco_isic4_g,edu_isced11_total,2020,40.13
mkd,sex_t,eco_isic4_g,edu_isced11_total,2021,41.07
mkd,sex_t,eco_isic4_g,edu_isced11_total,2022,40.5
mkd,sex_t,eco_isic4_g,edu_isced11_total,2024,39.89
mkd,sex_t,eco_isic4_g,edu_isced11_x,2011,36.48
mkd,sex_t,eco_isic4_g,edu_isced11_x,2013,27.68
mkd,sex_t,eco_isic4_g,edu_isced11_x,2019,44.42
mkd,sex_t,eco_isic4_g,edu_isced11_x,2020,41.01
mkd,sex_t,eco_isic4_h,edu_aggregate_adv,2011,41.28
mkd,sex_t,eco_isic4_h,edu_aggregate_adv,2012,41.22
mkd,sex_t,eco_isic4_h,edu_aggregate_adv,2013,41.22
mkd,sex_t,eco_isic4_h,edu_aggregate_adv,2014,42.56
mkd,sex_t,eco_isic4_h,edu_aggregate_adv,2015,40.35
mkd,sex_t,eco_isic4_h,edu_aggregate_adv,2016,40.79
mkd,sex_t,eco_isic4_h,edu_aggregate_adv,2017,41.14
mkd,sex_t,eco_isic4_h,edu_aggregate_adv,2018,40.73
mkd,sex_t,eco_isic4_h,edu_aggregate_adv,2019,39.89
mkd,sex_t,eco_isic4_h,edu_aggregate_adv,2020,39.16
mkd,sex_t,eco_isic4_h,edu_aggregate_adv,2021,40.18
mkd,sex_t,eco_isic4_h,edu_aggregate_adv,2022,39.36
mkd,sex_t,eco_isic4_h,edu_aggregate_adv,2024,38.85
mkd,sex_t,eco_isic4_h,edu_aggregate_bas,2011,43.94
mkd,sex_t,eco_isic4_h,edu_aggregate_bas,2012,43.73
mkd,sex_t,eco_isic4_h,edu_aggregate_bas,2013,44.42
mkd,sex_t,eco_isic4_h,edu_aggregate_bas,2014,39.92
mkd,sex_t,eco_isic4_h,edu_aggregate_bas,2015,39.91
mkd,sex_t,eco_isic4_h,edu_aggregate_bas,2016,42.58
mkd,sex_t,eco_isic4_h,edu_aggregate_bas,2017,44.61
mkd,sex_t,eco_isic4_h,edu_aggregate_bas,2018,42.78
mkd,sex_t,eco_isic4_h,edu_aggregate_bas,2019,42.42
mkd,sex_t,eco_isic4_h,edu_aggregate_bas,2020,40.34
mkd,sex_t,eco_isic4_h,edu_aggregate_bas,2021,39.83
mkd,sex_t,eco_isic4_h,edu_aggregate_bas,2022,39.55
mkd,sex_t,eco_isic4_h,edu_aggregate_bas,2024,40.53
mkd,sex_t,eco_isic4_h,edu_aggregate_int,2011,42.86
mkd,sex_t,eco_isic4_h,edu_aggregate_int,2012,42.63
mkd,sex_t,eco_isic4_h,edu_aggregate_int,2013,42.65
mkd,sex_t,eco_isic4_h,edu_aggregate_int,2014,40.97
mkd,sex_t,eco_isic4_h,edu_aggregate_int,2015,41.59
mkd,sex_t,eco_isic4_h,edu_aggregate_int,2016,43.13
mkd,sex_t,eco_isic4_h,edu_aggregate_int,2017,43.29
mkd,sex_t,eco_isic4_h,edu_aggregate_int,2018,42.54
mkd,sex_t,eco_isic4_h,edu_aggregate_int,2019,42.26
mkd,sex_t,eco_isic4_h,edu_aggregate_int,2020,39.94
mkd,sex_t,eco_isic4_h,edu_aggregate_int,2021,40.73
mkd,sex_t,eco_isic4_h,edu_aggregate_int,2022,40.66
mkd,sex_t,eco_isic4_h,edu_aggregate_int,2024,39.55
mkd,sex_t,eco_isic4_h,edu_aggregate_ltb,2011,39.56
mkd,sex_t,eco_isic4_h,edu_aggregate_ltb,2019,36.08
mkd,sex_t,eco_isic4_h,edu_aggregate_ltb,2020,34.33
mkd,sex_t,eco_isic4_h,edu_aggregate_total,2011,42.78
mkd,sex_t,eco_isic4_h,edu_aggregate_total,2012,42.6
mkd,sex_t,eco_isic4_h,edu_aggregate_total,2013,42.8
mkd,sex_t,eco_isic4_h,edu_aggregate_total,2014,40.94
mkd,sex_t,eco_isic4_h,edu_aggregate_total,2015,41.22
mkd,sex_t,eco_isic4_h,edu_aggregate_total,2016,42.68
mkd,sex_t,eco_isic4_h,edu_aggregate_total,2017,43.12
mkd,sex_t,eco_isic4_h,edu_aggregate_total,2018,42.33
mkd,sex_t,eco_isic4_h,edu_aggregate_total,2019,41.88
mkd,sex_t,eco_isic4_h,edu_aggregate_total,2020,39.79
mkd,sex_t,eco_isic4_h,edu_aggregate_total,2021,40.52
mkd,sex_t,eco_isic4_h,edu_aggregate_total,2022,40.35
mkd,sex_t,eco_isic4_h,edu_aggregate_total,2024,39.52
mkd,sex_t,eco_isic4_h,edu_isced11_0,2011,39.56
mkd,sex_t,eco_isic4_h,edu_isced11_1,2011,43.93
mkd,sex_t,eco_isic4_h,edu_isced11_1,2012,43.8
mkd,sex_t,eco_isic4_h,edu_isced11_1,2013,44.68
mkd,sex_t,eco_isic4_h,edu_isced11_1,2014,39.83
mkd,sex_t,eco_isic4_h,edu_isced11_1,2015,39.91
mkd,sex_t,eco_isic4_h,edu_isced11_1,2016,42.73
mkd,sex_t,eco_isic4_h,edu_isced11_1,2017,44.63
mkd,sex_t,eco_isic4_h,edu_isced11_1,2018,42.77
mkd,sex_t,eco_isic4_h,edu_isced11_1,2019,42.42
mkd,sex_t,eco_isic4_h,edu_isced11_1,2020,40.34
mkd,sex_t,eco_isic4_h,edu_isced11_1,2021,39.83
mkd,sex_t,eco_isic4_h,edu_isced11_1,2022,39.55
mkd,sex_t,eco_isic4_h,edu_isced11_1,2024,40.53
mkd,sex_t,eco_isic4_h,edu_isced11_2,2016,37.63
mkd,sex_t,eco_isic4_h,edu_isced11_3,2011,42.86
mkd,sex_t,eco_isic4_h,edu_isced11_3,2012,42.63
mkd,sex_t,eco_isic4_h,edu_isced11_3,2013,42.65
mkd,sex_t,eco_isic4_h,edu_isced11_3,2014,40.97
mkd,sex_t,eco_isic4_h,edu_isced11_3,2015,41.59
mkd,sex_t,eco_isic4_h,edu_isced11_3,2016,43.13
mkd,sex_t,eco_isic4_h,edu_isced11_3,2017,43.29
mkd,sex_t,eco_isic4_h,edu_isced11_3,2018,42.54
mkd,sex_t,eco_isic4_h,edu_isced11_3,2019,42.26
mkd,sex_t,eco_isic4_h,edu_isced11_3,2020,39.94
mkd,sex_t,eco_isic4_h,edu_isced11_3,2021,40.74
mkd,sex_t,eco_isic4_h,edu_isced11_3,2022,40.67
mkd,sex_t,eco_isic4_h,edu_isced11_3,2024,39.44
mkd,sex_t,eco_isic4_h,edu_isced11_4,2024,40.06
mkd,sex_t,eco_isic4_h,edu_isced11_5,2011,43.85
mkd,sex_t,eco_isic4_h,edu_isced11_5,2012,43.47
mkd,sex_t,eco_isic4_h,edu_isced11_5,2013,41.25
mkd,sex_t,eco_isic4_h,edu_isced11_5,2014,44.87
mkd,sex_t,eco_isic4_h,edu_isced11_5,2015,41.22
mkd,sex_t,eco_isic4_h,edu_isced11_5,2016,39.97
mkd,sex_t,eco_isic4_h,edu_isced11_5,2017,41.58
mkd,sex_t,eco_isic4_h,edu_isced11_5,2018,42.44
mkd,sex_t,eco_isic4_h,edu_isced11_5,2019,40.45
mkd,sex_t,eco_isic4_h,edu_isced11_5,2020,41.33
mkd,sex_t,eco_isic4_h,edu_isced11_5,2021,42.75
mkd,sex_t,eco_isic4_h,edu_isced11_5,2022,39.26
mkd,sex_t,eco_isic4_h,edu_isced11_5,2024,37.56
mkd,sex_t,eco_isic4_h,edu_isced11_6,2011,40.64
mkd,sex_t,eco_isic4_h,edu_isced11_6,2012,40.55
mkd,sex_t,eco_isic4_h,edu_isced11_6,2013,41.22
mkd,sex_t,eco_isic4_h,edu_isced11_6,2014,41.81
mkd,sex_t,eco_isic4_h,edu_isced11_6,2015,39.9
mkd,sex_t,eco_isic4_h,edu_isced11_6,2016,41.14
mkd,sex_t,eco_isic4_h,edu_isced11_6,2017,41.11
mkd,sex_t,eco_isic4_h,edu_isced11_6,2018,40.53
mkd,sex_t,eco_isic4_h,edu_isced11_6,2019,39.77
mkd,sex_t,eco_isic4_h,edu_isced11_6,2020,38.85
mkd,sex_t,eco_isic4_h,edu_isced11_6,2021,39.68
mkd,sex_t,eco_isic4_h,edu_isced11_6,2022,39.41
mkd,sex_t,eco_isic4_h,edu_isced11_6,2024,39.08
mkd,sex_t,eco_isic4_h,edu_isced11_7,2015,41.21
mkd,sex_t,eco_isic4_h,edu_isced11_7,2016,39.48
mkd,sex_t,eco_isic4_h,edu_isced11_7,2017,40.38
mkd,sex_t,eco_isic4_h,edu_isced11_7,2018,41.19
mkd,sex_t,eco_isic4_h,edu_isced11_7,2019,40
mkd,sex_t,eco_isic4_h,edu_isced11_7,2020,38.32
mkd,sex_t,eco_isic4_h,edu_isced11_7,2021,40
mkd,sex_t,eco_isic4_h,edu_isced11_7,2022,40
mkd,sex_t,eco_isic4_h,edu_isced11_7,2024,37.33
mkd,sex_t,eco_isic4_h,edu_isced11_total,2011,42.78
mkd,sex_t,eco_isic4_h,edu_isced11_total,2012,42.6
mkd,sex_t,eco_isic4_h,edu_isced11_total,2013,42.8
mkd,sex_t,eco_isic4_h,edu_isced11_total,2014,40.94
mkd,sex_t,eco_isic4_h,edu_isced11_total,2015,41.22
mkd,sex_t,eco_isic4_h,edu_isced11_total,2016,42.68
mkd,sex_t,eco_isic4_h,edu_isced11_total,2017,43.12
mkd,sex_t,eco_isic4_h,edu_isced11_total,2018,42.33
mkd,sex_t,eco_isic4_h,edu_isced11_total,2019,41.88
mkd,sex_t,eco_isic4_h,edu_isced11_total,2020,39.79
mkd,sex_t,eco_isic4_h,edu_isced11_total,2021,40.52
mkd,sex_t,eco_isic4_h,edu_isced11_total,2022,40.35
mkd,sex_t,eco_isic4_h,edu_isced11_total,2024,39.52
mkd,sex_t,eco_isic4_h,edu_isced11_x,2019,40
mkd,sex_t,eco_isic4_i,edu_aggregate_adv,2011,44.53
mkd,sex_t,eco_isic4_i,edu_aggregate_adv,2012,44.19
mkd,sex_t,eco_isic4_i,edu_aggregate_adv,2013,41.82
mkd,sex_t,eco_isic4_i,edu_aggregate_adv,2014,42.27
mkd,sex_t,eco_isic4_i,edu_aggregate_adv,2015,43.95
mkd,sex_t,eco_isic4_i,edu_aggregate_adv,2016,40.88
mkd,sex_t,eco_isic4_i,edu_aggregate_adv,2017,43.63
mkd,sex_t,eco_isic4_i,edu_aggregate_adv,2018,43.07
mkd,sex_t,eco_isic4_i,edu_aggregate_adv,2019,41.49
mkd,sex_t,eco_isic4_i,edu_aggregate_adv,2020,41.05
mkd,sex_t,eco_isic4_i,edu_aggregate_adv,2021,40.38
mkd,sex_t,eco_isic4_i,edu_aggregate_adv,2022,41.03
mkd,sex_t,eco_isic4_i,edu_aggregate_adv,2024,40.11
mkd,sex_t,eco_isic4_i,edu_aggregate_bas,2011,48.07
mkd,sex_t,eco_isic4_i,edu_aggregate_bas,2012,43.42
mkd,sex_t,eco_isic4_i,edu_aggregate_bas,2013,46.71
mkd,sex_t,eco_isic4_i,edu_aggregate_bas,2014,45.64
mkd,sex_t,eco_isic4_i,edu_aggregate_bas,2015,42.89
mkd,sex_t,eco_isic4_i,edu_aggregate_bas,2016,43.32
mkd,sex_t,eco_isic4_i,edu_aggregate_bas,2017,45.77
mkd,sex_t,eco_isic4_i,edu_aggregate_bas,2018,44.69
mkd,sex_t,eco_isic4_i,edu_aggregate_bas,2019,43.42
mkd,sex_t,eco_isic4_i,edu_aggregate_bas,2020,42.75
mkd,sex_t,eco_isic4_i,edu_aggregate_bas,2021,47.14
mkd,sex_t,eco_isic4_i,edu_aggregate_bas,2022,41.92
mkd,sex_t,eco_isic4_i,edu_aggregate_bas,2024,40.61
mkd,sex_t,eco_isic4_i,edu_aggregate_int,2011,44.47
mkd,sex_t,eco_isic4_i,edu_aggregate_int,2012,43.18
mkd,sex_t,eco_isic4_i,edu_aggregate_int,2013,43.18
mkd,sex_t,eco_isic4_i,edu_aggregate_int,2014,41.57
mkd,sex_t,eco_isic4_i,edu_aggregate_int,2015,42.26
mkd,sex_t,eco_isic4_i,edu_aggregate_int,2016,43.19
mkd,sex_t,eco_isic4_i,edu_aggregate_int,2017,44.42
mkd,sex_t,eco_isic4_i,edu_aggregate_int,2018,43.77
mkd,sex_t,eco_isic4_i,edu_aggregate_int,2019,43.15
mkd,sex_t,eco_isic4_i,edu_aggregate_int,2020,40.45
mkd,sex_t,eco_isic4_i,edu_aggregate_int,2021,41.85
mkd,sex_t,eco_isic4_i,edu_aggregate_int,2022,41.85
mkd,sex_t,eco_isic4_i,edu_aggregate_int,2024,40.37
mkd,sex_t,eco_isic4_i,edu_aggregate_ltb,2018,42.43
mkd,sex_t,eco_isic4_i,edu_aggregate_total,2011,45.24
mkd,sex_t,eco_isic4_i,edu_aggregate_total,2012,43.35
mkd,sex_t,eco_isic4_i,edu_aggregate_total,2013,43.44
mkd,sex_t,eco_isic4_i,edu_aggregate_total,2014,42.25
mkd,sex_t,eco_isic4_i,edu_aggregate_total,2015,42.51
mkd,sex_t,eco_isic4_i,edu_aggregate_total,2016,42.92
mkd,sex_t,eco_isic4_i,edu_aggregate_total,2017,44.44
mkd,sex_t,eco_isic4_i,edu_aggregate_total,2018,43.78
mkd,sex_t,eco_isic4_i,edu_aggregate_total,2019,42.95
mkd,sex_t,eco_isic4_i,edu_aggregate_total,2020,40.9
mkd,sex_t,eco_isic4_i,edu_aggregate_total,2021,42.19
mkd,sex_t,eco_isic4_i,edu_aggregate_total,2022,41.76
mkd,sex_t,eco_isic4_i,edu_aggregate_total,2024,40.31
mkd,sex_t,eco_isic4_i,edu_isced11_1,2011,48.53
mkd,sex_t,eco_isic4_i,edu_isced11_1,2012,43.49
mkd,sex_t,eco_isic4_i,edu_isced11_1,2013,46.71
mkd,sex_t,eco_isic4_i,edu_isced11_1,2014,45.56
mkd,sex_t,eco_isic4_i,edu_isced11_1,2015,42.88
mkd,sex_t,eco_isic4_i,edu_isced11_1,2016,43.32
mkd,sex_t,eco_isic4_i,edu_isced11_1,2017,45.8
mkd,sex_t,eco_isic4_i,edu_isced11_1,2018,44.64
mkd,sex_t,eco_isic4_i,edu_isced11_1,2019,43.44
mkd,sex_t,eco_isic4_i,edu_isced11_1,2020,42.75
mkd,sex_t,eco_isic4_i,edu_isced11_1,2021,47.14
mkd,sex_t,eco_isic4_i,edu_isced11_1,2022,41.92
mkd,sex_t,eco_isic4_i,edu_isced11_1,2024,40.61
mkd,sex_t,eco_isic4_i,edu_isced11_3,2011,44.47
mkd,sex_t,eco_isic4_i,edu_isced11_3,2012,43.18
mkd,sex_t,eco_isic4_i,edu_isced11_3,2013,43.18
mkd,sex_t,eco_isic4_i,edu_isced11_3,2014,41.57
mkd,sex_t,eco_isic4_i,edu_isced11_3,2015,42.26
mkd,sex_t,eco_isic4_i,edu_isced11_3,2016,43.19
mkd,sex_t,eco_isic4_i,edu_isced11_3,2017,44.42
mkd,sex_t,eco_isic4_i,edu_isced11_3,2018,43.77
mkd,sex_t,eco_isic4_i,edu_isced11_3,2019,43.15
mkd,sex_t,eco_isic4_i,edu_isced11_3,2020,40.45
mkd,sex_t,eco_isic4_i,edu_isced11_3,2021,41.88
mkd,sex_t,eco_isic4_i,edu_isced11_3,2022,41.86
mkd,sex_t,eco_isic4_i,edu_isced11_3,2024,40.13
mkd,sex_t,eco_isic4_i,edu_isced11_4,2024,41.23
mkd,sex_t,eco_isic4_i,edu_isced11_5,2011,51.69
mkd,sex_t,eco_isic4_i,edu_isced11_5,2012,44.31
mkd,sex_t,eco_isic4_i,edu_isced11_5,2013,41.91
mkd,sex_t,eco_isic4_i,edu_isced11_5,2014,46.51
mkd,sex_t,eco_isic4_i,edu_isced11_5,2015,47.14
mkd,sex_t,eco_isic4_i,edu_isced11_5,2016,41.42
mkd,sex_t,eco_isic4_i,edu_isced11_5,2017,43.61
mkd,sex_t,eco_isic4_i,edu_isced11_5,2018,42.21
mkd,sex_t,eco_isic4_i,edu_isced11_5,2019,45.3
mkd,sex_t,eco_isic4_i,edu_isced11_5,2020,35.79
mkd,sex_t,eco_isic4_i,edu_isced11_5,2021,41.86
mkd,sex_t,eco_isic4_i,edu_isced11_5,2022,41.51
mkd,sex_t,eco_isic4_i,edu_isced11_6,2011,42.72
mkd,sex_t,eco_isic4_i,edu_isced11_6,2012,44.18
mkd,sex_t,eco_isic4_i,edu_isced11_6,2013,41.87
mkd,sex_t,eco_isic4_i,edu_isced11_6,2014,40.81
mkd,sex_t,eco_isic4_i,edu_isced11_6,2015,42.93
mkd,sex_t,eco_isic4_i,edu_isced11_6,2016,40.83
mkd,sex_t,eco_isic4_i,edu_isced11_6,2017,43.77
mkd,sex_t,eco_isic4_i,edu_isced11_6,2018,43.08
mkd,sex_t,eco_isic4_i,edu_isced11_6,2019,41.32
mkd,sex_t,eco_isic4_i,edu_isced11_6,2020,41.69
mkd,sex_t,eco_isic4_i,edu_isced11_6,2021,40.26
mkd,sex_t,eco_isic4_i,edu_isced11_6,2022,40.95
mkd,sex_t,eco_isic4_i,edu_isced11_6,2024,41.06
mkd,sex_t,eco_isic4_i,edu_isced11_7,2016,40.6
mkd,sex_t,eco_isic4_i,edu_isced11_7,2017,41.5
mkd,sex_t,eco_isic4_i,edu_isced11_7,2024,33.42
mkd,sex_t,eco_isic4_i,edu_isced11_total,2011,45.24
mkd,sex_t,eco_isic4_i,edu_isced11_total,2012,43.35
mkd,sex_t,eco_isic4_i,edu_isced11_total,2013,43.44
mkd,sex_t,eco_isic4_i,edu_isced11_total,2014,42.25
mkd,sex_t,eco_isic4_i,edu_isced11_total,2015,42.51
mkd,sex_t,eco_isic4_i,edu_isced11_total,2016,42.92
mkd,sex_t,eco_isic4_i,edu_isced11_total,2017,44.44
mkd,sex_t,eco_isic4_i,edu_isced11_total,2018,43.78
mkd,sex_t,eco_isic4_i,edu_isced11_total,2019,42.95
mkd,sex_t,eco_isic4_i,edu_isced11_total,2020,40.9
mkd,sex_t,eco_isic4_i,edu_isced11_total,2021,42.19
mkd,sex_t,eco_isic4_i,edu_isced11_total,2022,41.76
mkd,sex_t,eco_isic4_i,edu_isced11_total,2024,40.31
mkd,sex_t,eco_isic4_j,edu_aggregate_adv,2011,40.02
mkd,sex_t,eco_isic4_j,edu_aggregate_adv,2012,40.01
mkd,sex_t,eco_isic4_j,edu_aggregate_adv,2013,40.38
mkd,sex_t,eco_isic4_j,edu_aggregate_adv,2014,39.88
mkd,sex_t,eco_isic4_j,edu_aggregate_adv,2015,39.41
mkd,sex_t,eco_isic4_j,edu_aggregate_adv,2016,40.02
mkd,sex_t,eco_isic4_j,edu_aggregate_adv,2017,40.25
mkd,sex_t,eco_isic4_j,edu_aggregate_adv,2018,38.97
mkd,sex_t,eco_isic4_j,edu_aggregate_adv,2019,39.8
mkd,sex_t,eco_isic4_j,edu_aggregate_adv,2020,38.48
mkd,sex_t,eco_isic4_j,edu_aggregate_adv,2021,38.41
mkd,sex_t,eco_isic4_j,edu_aggregate_adv,2022,38.22
mkd,sex_t,eco_isic4_j,edu_aggregate_adv,2024,38.97
mkd,sex_t,eco_isic4_j,edu_aggregate_bas,2012,36.67
mkd,sex_t,eco_isic4_j,edu_aggregate_bas,2016,44.03
mkd,sex_t,eco_isic4_j,edu_aggregate_bas,2017,39.54
mkd,sex_t,eco_isic4_j,edu_aggregate_bas,2018,44.29
mkd,sex_t,eco_isic4_j,edu_aggregate_bas,2019,40
mkd,sex_t,eco_isic4_j,edu_aggregate_bas,2020,36.26
mkd,sex_t,eco_isic4_j,edu_aggregate_int,2011,40.25
mkd,sex_t,eco_isic4_j,edu_aggregate_int,2012,40.29
mkd,sex_t,eco_isic4_j,edu_aggregate_int,2013,40.99
mkd,sex_t,eco_isic4_j,edu_aggregate_int,2014,40.31
mkd,sex_t,eco_isic4_j,edu_aggregate_int,2015,39.75
mkd,sex_t,eco_isic4_j,edu_aggregate_int,2016,40.62
mkd,sex_t,eco_isic4_j,edu_aggregate_int,2017,41
mkd,sex_t,eco_isic4_j,edu_aggregate_int,2018,39.8
mkd,sex_t,eco_isic4_j,edu_aggregate_int,2019,39.05
mkd,sex_t,eco_isic4_j,edu_aggregate_int,2020,38.19
mkd,sex_t,eco_isic4_j,edu_aggregate_int,2021,39.61
mkd,sex_t,eco_isic4_j,edu_aggregate_int,2022,38.31
mkd,sex_t,eco_isic4_j,edu_aggregate_int,2024,39.34
mkd,sex_t,eco_isic4_j,edu_aggregate_total,2011,40.14
mkd,sex_t,eco_isic4_j,edu_aggregate_total,2012,40.12
mkd,sex_t,eco_isic4_j,edu_aggregate_total,2013,40.91
mkd,sex_t,eco_isic4_j,edu_aggregate_total,2014,40.1
mkd,sex_t,eco_isic4_j,edu_aggregate_total,2015,39.55
mkd,sex_t,eco_isic4_j,edu_aggregate_total,2016,40.31
mkd,sex_t,eco_isic4_j,edu_aggregate_total,2017,40.53
mkd,sex_t,eco_isic4_j,edu_aggregate_total,2018,39.38
mkd,sex_t,eco_isic4_j,edu_aggregate_total,2019,39.49
mkd,sex_t,eco_isic4_j,edu_aggregate_total,2020,38.35
mkd,sex_t,eco_isic4_j,edu_aggregate_total,2021,38.84
mkd,sex_t,eco_isic4_j,edu_aggregate_total,2022,38.14
mkd,sex_t,eco_isic4_j,edu_aggregate_total,2024,39.09
mkd,sex_t,eco_isic4_j,edu_isced11_1,2012,34.89
mkd,sex_t,eco_isic4_j,edu_isced11_1,2016,44.03
mkd,sex_t,eco_isic4_j,edu_isced11_1,2017,39.54
mkd,sex_t,eco_isic4_j,edu_isced11_1,2018,44.29
mkd,sex_t,eco_isic4_j,edu_isced11_1,2019,40
mkd,sex_t,eco_isic4_j,edu_isced11_1,2020,36.26
mkd,sex_t,eco_isic4_j,edu_isced11_3,2011,40.25
mkd,sex_t,eco_isic4_j,edu_isced11_3,2012,40.29
mkd,sex_t,eco_isic4_j,edu_isced11_3,2013,40.99
mkd,sex_t,eco_isic4_j,edu_isced11_3,2014,40.31
mkd,sex_t,eco_isic4_j,edu_isced11_3,2015,39.75
mkd,sex_t,eco_isic4_j,edu_isced11_3,2016,40.62
mkd,sex_t,eco_isic4_j,edu_isced11_3,2017,41
mkd,sex_t,eco_isic4_j,edu_isced11_3,2018,39.8
mkd,sex_t,eco_isic4_j,edu_isced11_3,2019,39.05
mkd,sex_t,eco_isic4_j,edu_isced11_3,2020,38.19
mkd,sex_t,eco_isic4_j,edu_isced11_3,2021,39.61
mkd,sex_t,eco_isic4_j,edu_isced11_3,2022,38.31
mkd,sex_t,eco_isic4_j,edu_isced11_3,2024,38.83
mkd,sex_t,eco_isic4_j,edu_isced11_4,2024,40.05
mkd,sex_t,eco_isic4_j,edu_isced11_5,2013,41.65
mkd,sex_t,eco_isic4_j,edu_isced11_5,2014,38.77
mkd,sex_t,eco_isic4_j,edu_isced11_5,2015,40.55
mkd,sex_t,eco_isic4_j,edu_isced11_5,2016,41.05
mkd,sex_t,eco_isic4_j,edu_isced11_5,2017,44.73
mkd,sex_t,eco_isic4_j,edu_isced11_5,2018,44.17
mkd,sex_t,eco_isic4_j,edu_isced11_5,2019,42.75
mkd,sex_t,eco_isic4_j,edu_isced11_5,2022,38.53
mkd,sex_t,eco_isic4_j,edu_isced11_6,2011,39.77
mkd,sex_t,eco_isic4_j,edu_isced11_6,2012,39.98
mkd,sex_t,eco_isic4_j,edu_isced11_6,2013,40.34
mkd,sex_t,eco_isic4_j,edu_isced11_6,2014,40.02
mkd,sex_t,eco_isic4_j,edu_isced11_6,2015,39.29
mkd,sex_t,eco_isic4_j,edu_isced11_6,2016,39.68
mkd,sex_t,eco_isic4_j,edu_isced11_6,2017,40
mkd,sex_t,eco_isic4_j,edu_isced11_6,2018,38.97
mkd,sex_t,eco_isic4_j,edu_isced11_6,2019,39.51
mkd,sex_t,eco_isic4_j,edu_isced11_6,2020,38.46
mkd,sex_t,eco_isic4_j,edu_isced11_6,2021,38.49
mkd,sex_t,eco_isic4_j,edu_isced11_6,2022,38.26
mkd,sex_t,eco_isic4_j,edu_isced11_6,2024,38.94
mkd,sex_t,eco_isic4_j,edu_isced11_7,2013,40
mkd,sex_t,eco_isic4_j,edu_isced11_7,2014,38.94
mkd,sex_t,eco_isic4_j,edu_isced11_7,2015,39.82
mkd,sex_t,eco_isic4_j,edu_isced11_7,2016,41.84
mkd,sex_t,eco_isic4_j,edu_isced11_7,2017,40.57
mkd,sex_t,eco_isic4_j,edu_isced11_7,2018,37.68
mkd,sex_t,eco_isic4_j,edu_isced11_7,2019,41.45
mkd,sex_t,eco_isic4_j,edu_isced11_7,2020,38.56
mkd,sex_t,eco_isic4_j,edu_isced11_7,2021,37.57
mkd,sex_t,eco_isic4_j,edu_isced11_7,2022,37.81
mkd,sex_t,eco_isic4_j,edu_isced11_7,2024,39.12
mkd,sex_t,eco_isic4_j,edu_isced11_total,2011,40.14
mkd,sex_t,eco_isic4_j,edu_isced11_total,2012,40.12
mkd,sex_t,eco_isic4_j,edu_isced11_total,2013,40.91
mkd,sex_t,eco_isic4_j,edu_isced11_total,2014,40.1
mkd,sex_t,eco_isic4_j,edu_isced11_total,2015,39.55
mkd,sex_t,eco_isic4_j,edu_isced11_total,2016,40.31
mkd,sex_t,eco_isic4_j,edu_isced11_total,2017,40.53
mkd,sex_t,eco_isic4_j,edu_isced11_total,2018,39.38
mkd,sex_t,eco_isic4_j,edu_isced11_total,2019,39.49
mkd,sex_t,eco_isic4_j,edu_isced11_total,2020,38.35
mkd,sex_t,eco_isic4_j,edu_isced11_total,2021,38.84
mkd,sex_t,eco_isic4_j,edu_isced11_total,2022,38.14
mkd,sex_t,eco_isic4_j,edu_isced11_total,2024,39.09
mkd,sex_t,eco_isic4_k,edu_aggregate_adv,2011,39.63
mkd,sex_t,eco_isic4_k,edu_aggregate_adv,2012,39.83
mkd,sex_t,eco_isic4_k,edu_aggregate_adv,2013,39.81
mkd,sex_t,eco_isic4_k,edu_aggregate_adv,2014,40.51
mkd,sex_t,eco_isic4_k,edu_aggregate_adv,2015,38.86
mkd,sex_t,eco_isic4_k,edu_aggregate_adv,2016,38.52
mkd,sex_t,eco_isic4_k,edu_aggregate_adv,2017,39.77
mkd,sex_t,eco_isic4_k,edu_aggregate_adv,2018,39.79
mkd,sex_t,eco_isic4_k,edu_aggregate_adv,2019,39.39
mkd,sex_t,eco_isic4_k,edu_aggregate_adv,2020,37.39
mkd,sex_t,eco_isic4_k,edu_aggregate_adv,2021,39.24
mkd,sex_t,eco_isic4_k,edu_aggregate_adv,2022,39.32
mkd,sex_t,eco_isic4_k,edu_aggregate_adv,2024,37.68
mkd,sex_t,eco_isic4_k,edu_aggregate_bas,2017,28.92
mkd,sex_t,eco_isic4_k,edu_aggregate_bas,2018,37.03
mkd,sex_t,eco_isic4_k,edu_aggregate_bas,2019,55.54
mkd,sex_t,eco_isic4_k,edu_aggregate_int,2011,40.65
mkd,sex_t,eco_isic4_k,edu_aggregate_int,2012,40.87
mkd,sex_t,eco_isic4_k,edu_aggregate_int,2013,39
mkd,sex_t,eco_isic4_k,edu_aggregate_int,2014,39.92
mkd,sex_t,eco_isic4_k,edu_aggregate_int,2015,39.54
mkd,sex_t,eco_isic4_k,edu_aggregate_int,2016,39.24
mkd,sex_t,eco_isic4_k,edu_aggregate_int,2017,40.91
mkd,sex_t,eco_isic4_k,edu_aggregate_int,2018,38.36
mkd,sex_t,eco_isic4_k,edu_aggregate_int,2019,39.64
mkd,sex_t,eco_isic4_k,edu_aggregate_int,2020,36.83
mkd,sex_t,eco_isic4_k,edu_aggregate_int,2021,37.88
mkd,sex_t,eco_isic4_k,edu_aggregate_int,2022,38.95
mkd,sex_t,eco_isic4_k,edu_aggregate_int,2024,38.45
mkd,sex_t,eco_isic4_k,edu_aggregate_total,2011,40.1
mkd,sex_t,eco_isic4_k,edu_aggregate_total,2012,40.26
mkd,sex_t,eco_isic4_k,edu_aggregate_total,2013,39.5
mkd,sex_t,eco_isic4_k,edu_aggregate_total,2014,40.3
mkd,sex_t,eco_isic4_k,edu_aggregate_total,2015,38.88
mkd,sex_t,eco_isic4_k,edu_aggregate_total,2016,38.73
mkd,sex_t,eco_isic4_k,edu_aggregate_total,2017,39.78
mkd,sex_t,eco_isic4_k,edu_aggregate_total,2018,39.43
mkd,sex_t,eco_isic4_k,edu_aggregate_total,2019,39.94
mkd,sex_t,eco_isic4_k,edu_aggregate_total,2020,37.24
mkd,sex_t,eco_isic4_k,edu_aggregate_total,2021,38.88
mkd,sex_t,eco_isic4_k,edu_aggregate_total,2022,39.23
mkd,sex_t,eco_isic4_k,edu_aggregate_total,2024,38.17
mkd,sex_t,eco_isic4_k,edu_isced11_1,2017,28.92
mkd,sex_t,eco_isic4_k,edu_isced11_1,2018,37.03
mkd,sex_t,eco_isic4_k,edu_isced11_1,2019,56.39
mkd,sex_t,eco_isic4_k,edu_isced11_3,2011,40.65
mkd,sex_t,eco_isic4_k,edu_isced11_3,2012,40.87
mkd,sex_t,eco_isic4_k,edu_isced11_3,2013,39
mkd,sex_t,eco_isic4_k,edu_isced11_3,2014,39.92
mkd,sex_t,eco_isic4_k,edu_isced11_3,2015,39.54
mkd,sex_t,eco_isic4_k,edu_isced11_3,2016,39.24
mkd,sex_t,eco_isic4_k,edu_isced11_3,2017,40.91
mkd,sex_t,eco_isic4_k,edu_isced11_3,2018,38.36
mkd,sex_t,eco_isic4_k,edu_isced11_3,2019,39.64
mkd,sex_t,eco_isic4_k,edu_isced11_3,2020,36.83
mkd,sex_t,eco_isic4_k,edu_isced11_3,2021,37.88
mkd,sex_t,eco_isic4_k,edu_isced11_3,2022,38.95
mkd,sex_t,eco_isic4_k,edu_isced11_3,2024,37.66
mkd,sex_t,eco_isic4_k,edu_isced11_4,2024,40.9
mkd,sex_t,eco_isic4_k,edu_isced11_5,2011,38.85
mkd,sex_t,eco_isic4_k,edu_isced11_5,2012,38.78
mkd,sex_t,eco_isic4_k,edu_isced11_5,2013,41.02
mkd,sex_t,eco_isic4_k,edu_isced11_5,2014,35.93
mkd,sex_t,eco_isic4_k,edu_isced11_5,2015,39.72
mkd,sex_t,eco_isic4_k,edu_isced11_5,2016,40
mkd,sex_t,eco_isic4_k,edu_isced11_5,2021,40
mkd,sex_t,eco_isic4_k,edu_isced11_5,2022,40.66
mkd,sex_t,eco_isic4_k,edu_isced11_6,2011,39.62
mkd,sex_t,eco_isic4_k,edu_isced11_6,2012,39.93
mkd,sex_t,eco_isic4_k,edu_isced11_6,2013,39.77
mkd,sex_t,eco_isic4_k,edu_isced11_6,2014,40.71
mkd,sex_t,eco_isic4_k,edu_isced11_6,2015,38.76
mkd,sex_t,eco_isic4_k,edu_isced11_6,2016,38.34
mkd,sex_t,eco_isic4_k,edu_isced11_6,2017,39.46
mkd,sex_t,eco_isic4_k,edu_isced11_6,2018,39.93
mkd,sex_t,eco_isic4_k,edu_isced11_6,2019,39.33
mkd,sex_t,eco_isic4_k,edu_isced11_6,2020,37.71
mkd,sex_t,eco_isic4_k,edu_isced11_6,2021,39.21
mkd,sex_t,eco_isic4_k,edu_isced11_6,2022,39.27
mkd,sex_t,eco_isic4_k,edu_isced11_6,2024,37.66
mkd,sex_t,eco_isic4_k,edu_isced11_7,2011,41.26
mkd,sex_t,eco_isic4_k,edu_isced11_7,2012,40
mkd,sex_t,eco_isic4_k,edu_isced11_7,2014,40
mkd,sex_t,eco_isic4_k,edu_isced11_7,2015,39.03
mkd,sex_t,eco_isic4_k,edu_isced11_7,2016,38.82
mkd,sex_t,eco_isic4_k,edu_isced11_7,2017,40.83
mkd,sex_t,eco_isic4_k,edu_isced11_7,2018,38.9
mkd,sex_t,eco_isic4_k,edu_isced11_7,2019,39.85
mkd,sex_t,eco_isic4_k,edu_isced11_7,2020,33.84
mkd,sex_t,eco_isic4_k,edu_isced11_7,2021,39.31
mkd,sex_t,eco_isic4_k,edu_isced11_7,2022,39.4
mkd,sex_t,eco_isic4_k,edu_isced11_7,2024,37.69
mkd,sex_t,eco_isic4_k,edu_isced11_8,2024,36.67
mkd,sex_t,eco_isic4_k,edu_isced11_total,2011,40.1
mkd,sex_t,eco_isic4_k,edu_isced11_total,2012,40.26
mkd,sex_t,eco_isic4_k,edu_isced11_total,2013,39.5
mkd,sex_t,eco_isic4_k,edu_isced11_total,2014,40.3
mkd,sex_t,eco_isic4_k,edu_isced11_total,2015,38.88
mkd,sex_t,eco_isic4_k,edu_isced11_total,2016,38.73
mkd,sex_t,eco_isic4_k,edu_isced11_total,2017,39.78
mkd,sex_t,eco_isic4_k,edu_isced11_total,2018,39.43
mkd,sex_t,eco_isic4_k,edu_isced11_total,2019,39.94
mkd,sex_t,eco_isic4_k,edu_isced11_total,2020,37.24
mkd,sex_t,eco_isic4_k,edu_isced11_total,2021,38.88
mkd,sex_t,eco_isic4_k,edu_isced11_total,2022,39.23
mkd,sex_t,eco_isic4_k,edu_isced11_total,2024,38.17
mkd,sex_t,eco_isic4_l,edu_aggregate_adv,2012,33.76
mkd,sex_t,eco_isic4_l,edu_aggregate_adv,2013,34.64
mkd,sex_t,eco_isic4_l,edu_aggregate_adv,2014,38.65
mkd,sex_t,eco_isic4_l,edu_aggregate_adv,2015,38.99
mkd,sex_t,eco_isic4_l,edu_aggregate_adv,2016,38.14
mkd,sex_t,eco_isic4_l,edu_aggregate_adv,2017,40
mkd,sex_t,eco_isic4_l,edu_aggregate_adv,2018,39.32
mkd,sex_t,eco_isic4_l,edu_aggregate_adv,2019,38.67
mkd,sex_t,eco_isic4_l,edu_aggregate_adv,2020,36.83
mkd,sex_t,eco_isic4_l,edu_aggregate_adv,2021,39.47
mkd,sex_t,eco_isic4_l,edu_aggregate_adv,2022,37.36
mkd,sex_t,eco_isic4_l,edu_aggregate_adv,2024,36.73
mkd,sex_t,eco_isic4_l,edu_aggregate_int,2011,37.58
mkd,sex_t,eco_isic4_l,edu_aggregate_int,2012,40.34
mkd,sex_t,eco_isic4_l,edu_aggregate_int,2013,36.62
mkd,sex_t,eco_isic4_l,edu_aggregate_int,2015,37.57
mkd,sex_t,eco_isic4_l,edu_aggregate_int,2016,36.95
mkd,sex_t,eco_isic4_l,edu_aggregate_int,2017,37.17
mkd,sex_t,eco_isic4_l,edu_aggregate_int,2018,40.34
mkd,sex_t,eco_isic4_l,edu_aggregate_int,2019,38.95
mkd,sex_t,eco_isic4_l,edu_aggregate_int,2020,37.63
mkd,sex_t,eco_isic4_l,edu_aggregate_int,2021,38.63
mkd,sex_t,eco_isic4_l,edu_aggregate_int,2022,38.72
mkd,sex_t,eco_isic4_l,edu_aggregate_int,2024,40.06
mkd,sex_t,eco_isic4_l,edu_aggregate_total,2011,38.19
mkd,sex_t,eco_isic4_l,edu_aggregate_total,2012,38.91
mkd,sex_t,eco_isic4_l,edu_aggregate_total,2013,35.96
mkd,sex_t,eco_isic4_l,edu_aggregate_total,2014,39.19
mkd,sex_t,eco_isic4_l,edu_aggregate_total,2015,36.89
mkd,sex_t,eco_isic4_l,edu_aggregate_total,2016,37.51
mkd,sex_t,eco_isic4_l,edu_aggregate_total,2017,38.26
mkd,sex_t,eco_isic4_l,edu_aggregate_total,2018,39.7
mkd,sex_t,eco_isic4_l,edu_aggregate_total,2019,38.76
mkd,sex_t,eco_isic4_l,edu_aggregate_total,2020,37.06
mkd,sex_t,eco_isic4_l,edu_aggregate_total,2021,39.15
mkd,sex_t,eco_isic4_l,edu_aggregate_total,2022,38.35
mkd,sex_t,eco_isic4_l,edu_aggregate_total,2024,38.47
mkd,sex_t,eco_isic4_l,edu_isced11_3,2011,37.58
mkd,sex_t,eco_isic4_l,edu_isced11_3,2012,40.34
mkd,sex_t,eco_isic4_l,edu_isced11_3,2013,36.62
mkd,sex_t,eco_isic4_l,edu_isced11_3,2015,37.57
mkd,sex_t,eco_isic4_l,edu_isced11_3,2016,36.95
mkd,sex_t,eco_isic4_l,edu_isced11_3,2017,37.17
mkd,sex_t,eco_isic4_l,edu_isced11_3,2018,40.34
mkd,sex_t,eco_isic4_l,edu_isced11_3,2019,38.95
mkd,sex_t,eco_isic4_l,edu_isced11_3,2020,37.63
mkd,sex_t,eco_isic4_l,edu_isced11_3,2021,38.63
mkd,sex_t,eco_isic4_l,edu_isced11_3,2022,38.72
mkd,sex_t,eco_isic4_l,edu_isced11_3,2024,40.06
mkd,sex_t,eco_isic4_l,edu_isced11_6,2012,33.76
mkd,sex_t,eco_isic4_l,edu_isced11_6,2013,33.97
mkd,sex_t,eco_isic4_l,edu_isced11_6,2014,38.65
mkd,sex_t,eco_isic4_l,edu_isced11_6,2015,38.08
mkd,sex_t,eco_isic4_l,edu_isced11_6,2016,39.47
mkd,sex_t,eco_isic4_l,edu_isced11_6,2017,40
mkd,sex_t,eco_isic4_l,edu_isced11_6,2018,39.3
mkd,sex_t,eco_isic4_l,edu_isced11_6,2019,38.24
mkd,sex_t,eco_isic4_l,edu_isced11_6,2020,35.69
mkd,sex_t,eco_isic4_l,edu_isced11_6,2021,39.23
mkd,sex_t,eco_isic4_l,edu_isced11_6,2022,36.28
mkd,sex_t,eco_isic4_l,edu_isced11_6,2024,38.75
mkd,sex_t,eco_isic4_l,edu_isced11_7,2019,40
mkd,sex_t,eco_isic4_l,edu_isced11_total,2011,38.19
mkd,sex_t,eco_isic4_l,edu_isced11_total,2012,38.91
mkd,sex_t,eco_isic4_l,edu_isced11_total,2013,35.96
mkd,sex_t,eco_isic4_l,edu_isced11_total,2014,39.19
mkd,sex_t,eco_isic4_l,edu_isced11_total,2015,36.89
mkd,sex_t,eco_isic4_l,edu_isced11_total,2016,37.51
mkd,sex_t,eco_isic4_l,edu_isced11_total,2017,38.26
mkd,sex_t,eco_isic4_l,edu_isced11_total,2018,39.7
mkd,sex_t,eco_isic4_l,edu_isced11_total,2019,38.76
mkd,sex_t,eco_isic4_l,edu_isced11_total,2020,37.06
mkd,sex_t,eco_isic4_l,edu_isced11_total,2021,39.15
mkd,sex_t,eco_isic4_l,edu_isced11_total,2022,38.35
mkd,sex_t,eco_isic4_l,edu_isced11_total,2024,38.47
mkd,sex_t,eco_isic4_m,edu_aggregate_adv,2011,40.01
mkd,sex_t,eco_isic4_m,edu_aggregate_adv,2012,40.12
mkd,sex_t,eco_isic4_m,edu_aggregate_adv,2013,40.41
mkd,sex_t,eco_isic4_m,edu_aggregate_adv,2014,40.82
mkd,sex_t,eco_isic4_m,edu_aggregate_adv,2015,39.15
mkd,sex_t,eco_isic4_m,edu_aggregate_adv,2016,38.94
mkd,sex_t,eco_isic4_m,edu_aggregate_adv,2017,39.2
mkd,sex_t,eco_isic4_m,edu_aggregate_adv,2018,39.24
mkd,sex_t,eco_isic4_m,edu_aggregate_adv,2019,38.5
mkd,sex_t,eco_isic4_m,edu_aggregate_adv,2020,37.8
mkd,sex_t,eco_isic4_m,edu_aggregate_adv,2021,38.76
mkd,sex_t,eco_isic4_m,edu_aggregate_adv,2022,38.69
mkd,sex_t,eco_isic4_m,edu_aggregate_adv,2024,38.36
mkd,sex_t,eco_isic4_m,edu_aggregate_bas,2012,42.09
mkd,sex_t,eco_isic4_m,edu_aggregate_bas,2016,39.59
mkd,sex_t,eco_isic4_m,edu_aggregate_bas,2019,44.01
mkd,sex_t,eco_isic4_m,edu_aggregate_int,2011,38.76
mkd,sex_t,eco_isic4_m,edu_aggregate_int,2012,39.85
mkd,sex_t,eco_isic4_m,edu_aggregate_int,2013,39.17
mkd,sex_t,eco_isic4_m,edu_aggregate_int,2014,40.28
mkd,sex_t,eco_isic4_m,edu_aggregate_int,2015,39.35
mkd,sex_t,eco_isic4_m,edu_aggregate_int,2016,38.95
mkd,sex_t,eco_isic4_m,edu_aggregate_int,2017,38.24
mkd,sex_t,eco_isic4_m,edu_aggregate_int,2018,38.64
mkd,sex_t,eco_isic4_m,edu_aggregate_int,2019,39.32
mkd,sex_t,eco_isic4_m,edu_aggregate_int,2020,37.24
mkd,sex_t,eco_isic4_m,edu_aggregate_int,2021,38.19
mkd,sex_t,eco_isic4_m,edu_aggregate_int,2022,38.97
mkd,sex_t,eco_isic4_m,edu_aggregate_int,2024,38.46
mkd,sex_t,eco_isic4_m,edu_aggregate_total,2011,39.64
mkd,sex_t,eco_isic4_m,edu_aggregate_total,2012,40.05
mkd,sex_t,eco_isic4_m,edu_aggregate_total,2013,39.99
mkd,sex_t,eco_isic4_m,edu_aggregate_total,2014,40.64
mkd,sex_t,eco_isic4_m,edu_aggregate_total,2015,39.22
mkd,sex_t,eco_isic4_m,edu_aggregate_total,2016,38.95
mkd,sex_t,eco_isic4_m,edu_aggregate_total,2017,38.94
mkd,sex_t,eco_isic4_m,edu_aggregate_total,2018,39.06
mkd,sex_t,eco_isic4_m,edu_aggregate_total,2019,38.85
mkd,sex_t,eco_isic4_m,edu_aggregate_total,2020,37.66
mkd,sex_t,eco_isic4_m,edu_aggregate_total,2021,38.63
mkd,sex_t,eco_isic4_m,edu_aggregate_total,2022,38.75
mkd,sex_t,eco_isic4_m,edu_aggregate_total,2024,38.39
mkd,sex_t,eco_isic4_m,edu_isced11_1,2012,42.09
mkd,sex_t,eco_isic4_m,edu_isced11_1,2016,39.59
mkd,sex_t,eco_isic4_m,edu_isced11_1,2019,44.01
mkd,sex_t,eco_isic4_m,edu_isced11_3,2011,38.76
mkd,sex_t,eco_isic4_m,edu_isced11_3,2012,39.85
mkd,sex_t,eco_isic4_m,edu_isced11_3,2013,39.17
mkd,sex_t,eco_isic4_m,edu_isced11_3,2014,40.28
mkd,sex_t,eco_isic4_m,edu_isced11_3,2015,39.35
mkd,sex_t,eco_isic4_m,edu_isced11_3,2016,38.95
mkd,sex_t,eco_isic4_m,edu_isced11_3,2017,38.24
mkd,sex_t,eco_isic4_m,edu_isced11_3,2018,38.64
mkd,sex_t,eco_isic4_m,edu_isced11_3,2019,39.32
mkd,sex_t,eco_isic4_m,edu_isced11_3,2020,37.24
mkd,sex_t,eco_isic4_m,edu_isced11_3,2021,38.19
mkd,sex_t,eco_isic4_m,edu_isced11_3,2022,38.97
mkd,sex_t,eco_isic4_m,edu_isced11_3,2024,37.97
mkd,sex_t,eco_isic4_m,edu_isced11_4,2024,39.82
mkd,sex_t,eco_isic4_m,edu_isced11_5,2011,39.58
mkd,sex_t,eco_isic4_m,edu_isced11_5,2012,40.43
mkd,sex_t,eco_isic4_m,edu_isced11_5,2013,39.53
mkd,sex_t,eco_isic4_m,edu_isced11_5,2014,40.96
mkd,sex_t,eco_isic4_m,edu_isced11_5,2015,38.97
mkd,sex_t,eco_isic4_m,edu_isced11_5,2016,36.85
mkd,sex_t,eco_isic4_m,edu_isced11_5,2017,40.33
mkd,sex_t,eco_isic4_m,edu_isced11_5,2018,40
mkd,sex_t,eco_isic4_m,edu_isced11_5,2020,34.98
mkd,sex_t,eco_isic4_m,edu_isced11_5,2021,39.39
mkd,sex_t,eco_isic4_m,edu_isced11_5,2022,41.25
mkd,sex_t,eco_isic4_m,edu_isced11_6,2011,39.89
mkd,sex_t,eco_isic4_m,edu_isced11_6,2012,40.53
mkd,sex_t,eco_isic4_m,edu_isced11_6,2013,40.44
mkd,sex_t,eco_isic4_m,edu_isced11_6,2014,41.12
mkd,sex_t,eco_isic4_m,edu_isced11_6,2015,39.17
mkd,sex_t,eco_isic4_m,edu_isced11_6,2016,39.14
mkd,sex_t,eco_isic4_m,edu_isced11_6,2017,39.59
mkd,sex_t,eco_isic4_m,edu_isced11_6,2018,39.29
mkd,sex_t,eco_isic4_m,edu_isced11_6,2019,38.36
mkd,sex_t,eco_isic4_m,edu_isced11_6,2020,38.08
mkd,sex_t,eco_isic4_m,edu_isced11_6,2021,38.71
mkd,sex_t,eco_isic4_m,edu_isced11_6,2022,38.78
mkd,sex_t,eco_isic4_m,edu_isced11_6,2024,38.36
mkd,sex_t,eco_isic4_m,edu_isced11_7,2011,39.86
mkd,sex_t,eco_isic4_m,edu_isced11_7,2012,30.33
mkd,sex_t,eco_isic4_m,edu_isced11_7,2013,40.88
mkd,sex_t,eco_isic4_m,edu_isced11_7,2014,38.02
mkd,sex_t,eco_isic4_m,edu_isced11_7,2015,39.43
mkd,sex_t,eco_isic4_m,edu_isced11_7,2016,38.56
mkd,sex_t,eco_isic4_m,edu_isced11_7,2017,39.36
mkd,sex_t,eco_isic4_m,edu_isced11_7,2018,38.85
mkd,sex_t,eco_isic4_m,edu_isced11_7,2019,39.23
mkd,sex_t,eco_isic4_m,edu_isced11_7,2020,36.99
mkd,sex_t,eco_isic4_m,edu_isced11_7,2021,38.61
mkd,sex_t,eco_isic4_m,edu_isced11_7,2022,37.38
mkd,sex_t,eco_isic4_m,edu_isced11_7,2024,38.48
mkd,sex_t,eco_isic4_m,edu_isced11_8,2017,25.29
mkd,sex_t,eco_isic4_m,edu_isced11_8,2021,40
mkd,sex_t,eco_isic4_m,edu_isced11_8,2024,37.49
mkd,sex_t,eco_isic4_m,edu_isced11_total,2011,39.64
mkd,sex_t,eco_isic4_m,edu_isced11_total,2012,40.05
mkd,sex_t,eco_isic4_m,edu_isced11_total,2013,39.99
mkd,sex_t,eco_isic4_m,edu_isced11_total,2014,40.64
mkd,sex_t,eco_isic4_m,edu_isced11_total,2015,39.22
mkd,sex_t,eco_isic4_m,edu_isced11_total,2016,38.95
mkd,sex_t,eco_isic4_m,edu_isced11_total,2017,38.94
mkd,sex_t,eco_isic4_m,edu_isced11_total,2018,39.06
mkd,sex_t,eco_isic4_m,edu_isced11_total,2019,38.85
mkd,sex_t,eco_isic4_m,edu_isced11_total,2020,37.66
mkd,sex_t,eco_isic4_m,edu_isced11_total,2021,38.63
mkd,sex_t,eco_isic4_m,edu_isced11_total,2022,38.75
mkd,sex_t,eco_isic4_m,edu_isced11_total,2024,38.39
mkd,sex_t,eco_isic4_n,edu_aggregate_adv,2011,40.49
mkd,sex_t,eco_isic4_n,edu_aggregate_adv,2012,42.97
mkd,sex_t,eco_isic4_n,edu_aggregate_adv,2013,43.26
mkd,sex_t,eco_isic4_n,edu_aggregate_adv,2014,40.4
mkd,sex_t,eco_isic4_n,edu_aggregate_adv,2015,39.77
mkd,sex_t,eco_isic4_n,edu_aggregate_adv,2016,38.08
mkd,sex_t,eco_isic4_n,edu_aggregate_adv,2017,41.94
mkd,sex_t,eco_isic4_n,edu_aggregate_adv,2018,40.31
mkd,sex_t,eco_isic4_n,edu_aggregate_adv,2019,39.15
mkd,sex_t,eco_isic4_n,edu_aggregate_adv,2020,38.77
mkd,sex_t,eco_isic4_n,edu_aggregate_adv,2021,39.83
mkd,sex_t,eco_isic4_n,edu_aggregate_adv,2022,40.76
mkd,sex_t,eco_isic4_n,edu_aggregate_adv,2024,38.04
mkd,sex_t,eco_isic4_n,edu_aggregate_bas,2011,42.95
mkd,sex_t,eco_isic4_n,edu_aggregate_bas,2012,39.28
mkd,sex_t,eco_isic4_n,edu_aggregate_bas,2013,39.84
mkd,sex_t,eco_isic4_n,edu_aggregate_bas,2014,38.41
mkd,sex_t,eco_isic4_n,edu_aggregate_bas,2015,37.7
mkd,sex_t,eco_isic4_n,edu_aggregate_bas,2016,34.71
mkd,sex_t,eco_isic4_n,edu_aggregate_bas,2017,38.39
mkd,sex_t,eco_isic4_n,edu_aggregate_bas,2018,37.33
mkd,sex_t,eco_isic4_n,edu_aggregate_bas,2019,34.8
mkd,sex_t,eco_isic4_n,edu_aggregate_bas,2020,35.01
mkd,sex_t,eco_isic4_n,edu_aggregate_bas,2021,36.16
mkd,sex_t,eco_isic4_n,edu_aggregate_bas,2022,35.31
mkd,sex_t,eco_isic4_n,edu_aggregate_bas,2024,38.6
mkd,sex_t,eco_isic4_n,edu_aggregate_int,2011,39.76
mkd,sex_t,eco_isic4_n,edu_aggregate_int,2012,41.44
mkd,sex_t,eco_isic4_n,edu_aggregate_int,2013,41.52
mkd,sex_t,eco_isic4_n,edu_aggregate_int,2014,40.13
mkd,sex_t,eco_isic4_n,edu_aggregate_int,2015,40.19
mkd,sex_t,eco_isic4_n,edu_aggregate_int,2016,39.68
mkd,sex_t,eco_isic4_n,edu_aggregate_int,2017,41.37
mkd,sex_t,eco_isic4_n,edu_aggregate_int,2018,40.49
mkd,sex_t,eco_isic4_n,edu_aggregate_int,2019,40.39
mkd,sex_t,eco_isic4_n,edu_aggregate_int,2020,39.21
mkd,sex_t,eco_isic4_n,edu_aggregate_int,2021,39.51
mkd,sex_t,eco_isic4_n,edu_aggregate_int,2022,39.89
mkd,sex_t,eco_isic4_n,edu_aggregate_int,2024,39.19
mkd,sex_t,eco_isic4_n,edu_aggregate_ltb,2018,23.43
mkd,sex_t,eco_isic4_n,edu_aggregate_ltb,2019,28.37
mkd,sex_t,eco_isic4_n,edu_aggregate_ltb,2020,26.06
mkd,sex_t,eco_isic4_n,edu_aggregate_ltb,2021,24.93
mkd,sex_t,eco_isic4_n,edu_aggregate_ltb,2022,28
mkd,sex_t,eco_isic4_n,edu_aggregate_total,2011,40.39
mkd,sex_t,eco_isic4_n,edu_aggregate_total,2012,41.39
mkd,sex_t,eco_isic4_n,edu_aggregate_total,2013,41.7
mkd,sex_t,eco_isic4_n,edu_aggregate_total,2014,39.97
mkd,sex_t,eco_isic4_n,edu_aggregate_total,2015,39.85
mkd,sex_t,eco_isic4_n,edu_aggregate_total,2016,38.74
mkd,sex_t,eco_isic4_n,edu_aggregate_total,2017,41.07
mkd,sex_t,eco_isic4_n,edu_aggregate_total,2018,39.26
mkd,sex_t,eco_isic4_n,edu_aggregate_total,2019,38.67
mkd,sex_t,eco_isic4_n,edu_aggregate_total,2020,38.05
mkd,sex_t,eco_isic4_n,edu_aggregate_total,2021,38.21
mkd,sex_t,eco_isic4_n,edu_aggregate_total,2022,38.49
mkd,sex_t,eco_isic4_n,edu_aggregate_total,2024,38.85
mkd,sex_t,eco_isic4_n,edu_isced11_0,2018,23.93
mkd,sex_t,eco_isic4_n,edu_isced11_0,2019,27.94
mkd,sex_t,eco_isic4_n,edu_isced11_0,2020,25.62
mkd,sex_t,eco_isic4_n,edu_isced11_0,2021,23.03
mkd,sex_t,eco_isic4_n,edu_isced11_0,2022,25.15
mkd,sex_t,eco_isic4_n,edu_isced11_1,2011,42.83
mkd,sex_t,eco_isic4_n,edu_isced11_1,2012,39.28
mkd,sex_t,eco_isic4_n,edu_isced11_1,2013,39.84
mkd,sex_t,eco_isic4_n,edu_isced11_1,2014,38.41
mkd,sex_t,eco_isic4_n,edu_isced11_1,2015,37.7
mkd,sex_t,eco_isic4_n,edu_isced11_1,2016,37.15
mkd,sex_t,eco_isic4_n,edu_isced11_1,2017,38.39
mkd,sex_t,eco_isic4_n,edu_isced11_1,2018,37.33
mkd,sex_t,eco_isic4_n,edu_isced11_1,2019,34.8
mkd,sex_t,eco_isic4_n,edu_isced11_1,2020,35.01
mkd,sex_t,eco_isic4_n,edu_isced11_1,2021,36.16
mkd,sex_t,eco_isic4_n,edu_isced11_1,2022,35.31
mkd,sex_t,eco_isic4_n,edu_isced11_1,2024,38.6
mkd,sex_t,eco_isic4_n,edu_isced11_3,2011,39.76
mkd,sex_t,eco_isic4_n,edu_isced11_3,2012,41.44
mkd,sex_t,eco_isic4_n,edu_isced11_3,2013,41.52
mkd,sex_t,eco_isic4_n,edu_isced11_3,2014,40.13
mkd,sex_t,eco_isic4_n,edu_isced11_3,2015,40.19
mkd,sex_t,eco_isic4_n,edu_isced11_3,2016,39.68
mkd,sex_t,eco_isic4_n,edu_isced11_3,2017,41.37
mkd,sex_t,eco_isic4_n,edu_isced11_3,2018,40.49
mkd,sex_t,eco_isic4_n,edu_isced11_3,2019,40.39
mkd,sex_t,eco_isic4_n,edu_isced11_3,2020,39.21
mkd,sex_t,eco_isic4_n,edu_isced11_3,2021,39.51
mkd,sex_t,eco_isic4_n,edu_isced11_3,2022,39.89
mkd,sex_t,eco_isic4_n,edu_isced11_3,2024,38.92
mkd,sex_t,eco_isic4_n,edu_isced11_4,2024,40.12
mkd,sex_t,eco_isic4_n,edu_isced11_5,2011,34.4
mkd,sex_t,eco_isic4_n,edu_isced11_5,2012,39.05
mkd,sex_t,eco_isic4_n,edu_isced11_5,2015,40.44
mkd,sex_t,eco_isic4_n,edu_isced11_5,2018,41.93
mkd,sex_t,eco_isic4_n,edu_isced11_5,2019,34.51
mkd,sex_t,eco_isic4_n,edu_isced11_5,2020,39.34
mkd,sex_t,eco_isic4_n,edu_isced11_5,2021,40
mkd,sex_t,eco_isic4_n,edu_isced11_5,2024,39.05
mkd,sex_t,eco_isic4_n,edu_isced11_6,2011,41.17
mkd,sex_t,eco_isic4_n,edu_isced11_6,2012,43.57
mkd,sex_t,eco_isic4_n,edu_isced11_6,2013,42.97
mkd,sex_t,eco_isic4_n,edu_isced11_6,2014,40.75
mkd,sex_t,eco_isic4_n,edu_isced11_6,2015,39.59
mkd,sex_t,eco_isic4_n,edu_isced11_6,2016,37.89
mkd,sex_t,eco_isic4_n,edu_isced11_6,2017,41.38
mkd,sex_t,eco_isic4_n,edu_isced11_6,2018,40.11
mkd,sex_t,eco_isic4_n,edu_isced11_6,2019,38.86
mkd,sex_t,eco_isic4_n,edu_isced11_6,2020,39.1
mkd,sex_t,eco_isic4_n,edu_isced11_6,2021,40
mkd,sex_t,eco_isic4_n,edu_isced11_6,2022,41.03
mkd,sex_t,eco_isic4_n,edu_isced11_6,2024,37.79
mkd,sex_t,eco_isic4_n,edu_isced11_7,2016,38.22
mkd,sex_t,eco_isic4_n,edu_isced11_7,2019,41.68
mkd,sex_t,eco_isic4_n,edu_isced11_7,2020,36.92
mkd,sex_t,eco_isic4_n,edu_isced11_7,2021,38.9
mkd,sex_t,eco_isic4_n,edu_isced11_7,2022,39.39
mkd,sex_t,eco_isic4_n,edu_isced11_7,2024,39.21
mkd,sex_t,eco_isic4_n,edu_isced11_total,2011,40.39
mkd,sex_t,eco_isic4_n,edu_isced11_total,2012,41.39
mkd,sex_t,eco_isic4_n,edu_isced11_total,2013,41.7
mkd,sex_t,eco_isic4_n,edu_isced11_total,2014,39.97
mkd,sex_t,eco_isic4_n,edu_isced11_total,2015,39.85
mkd,sex_t,eco_isic4_n,edu_isced11_total,2016,38.74
mkd,sex_t,eco_isic4_n,edu_isced11_total,2017,41.07
mkd,sex_t,eco_isic4_n,edu_isced11_total,2018,39.26
mkd,sex_t,eco_isic4_n,edu_isced11_total,2019,38.67
mkd,sex_t,eco_isic4_n,edu_isced11_total,2020,38.05
mkd,sex_t,eco_isic4_n,edu_isced11_total,2021,38.21
mkd,sex_t,eco_isic4_n,edu_isced11_total,2022,38.49
mkd,sex_t,eco_isic4_n,edu_isced11_total,2024,38.85
mkd,sex_t,eco_isic4_n,edu_isced11_x,2019,29.44
mkd,sex_t,eco_isic4_n,edu_isced11_x,2020,27.13
mkd,sex_t,eco_isic4_n,edu_isced11_x,2021,29.99
mkd,sex_t,eco_isic4_n,edu_isced11_x,2022,30.55
mkd,sex_t,eco_isic4_o,edu_aggregate_adv,2011,39.58
mkd,sex_t,eco_isic4_o,edu_aggregate_adv,2012,39.72
mkd,sex_t,eco_isic4_o,edu_aggregate_adv,2013,39.72
mkd,sex_t,eco_isic4_o,edu_aggregate_adv,2014,39.68
mkd,sex_t,eco_isic4_o,edu_aggregate_adv,2015,39.51
mkd,sex_t,eco_isic4_o,edu_aggregate_adv,2016,39.45
mkd,sex_t,eco_isic4_o,edu_aggregate_adv,2017,39.32
mkd,sex_t,eco_isic4_o,edu_aggregate_adv,2018,39.54
mkd,sex_t,eco_isic4_o,edu_aggregate_adv,2019,38.73
mkd,sex_t,eco_isic4_o,edu_aggregate_adv,2020,37.94
mkd,sex_t,eco_isic4_o,edu_aggregate_adv,2021,39.42
mkd,sex_t,eco_isic4_o,edu_aggregate_adv,2022,39.04
mkd,sex_t,eco_isic4_o,edu_aggregate_adv,2024,38.51
mkd,sex_t,eco_isic4_o,edu_aggregate_bas,2011,39.21
mkd,sex_t,eco_isic4_o,edu_aggregate_bas,2012,41.02
mkd,sex_t,eco_isic4_o,edu_aggregate_bas,2013,40
mkd,sex_t,eco_isic4_o,edu_aggregate_bas,2014,39.95
mkd,sex_t,eco_isic4_o,edu_aggregate_bas,2015,39.24
mkd,sex_t,eco_isic4_o,edu_aggregate_bas,2016,38.67
mkd,sex_t,eco_isic4_o,edu_aggregate_bas,2017,40.08
mkd,sex_t,eco_isic4_o,edu_aggregate_bas,2018,39.45
mkd,sex_t,eco_isic4_o,edu_aggregate_bas,2019,42.18
mkd,sex_t,eco_isic4_o,edu_aggregate_bas,2020,38.37
mkd,sex_t,eco_isic4_o,edu_aggregate_bas,2021,39.44
mkd,sex_t,eco_isic4_o,edu_aggregate_bas,2022,38.45
mkd,sex_t,eco_isic4_o,edu_aggregate_bas,2024,37.96
mkd,sex_t,eco_isic4_o,edu_aggregate_int,2011,40.3
mkd,sex_t,eco_isic4_o,edu_aggregate_int,2012,40.22
mkd,sex_t,eco_isic4_o,edu_aggregate_int,2013,40.14
mkd,sex_t,eco_isic4_o,edu_aggregate_int,2014,39.95
mkd,sex_t,eco_isic4_o,edu_aggregate_int,2015,39.97
mkd,sex_t,eco_isic4_o,edu_aggregate_int,2016,40.57
mkd,sex_t,eco_isic4_o,edu_aggregate_int,2017,40.06
mkd,sex_t,eco_isic4_o,edu_aggregate_int,2018,40.17
mkd,sex_t,eco_isic4_o,edu_aggregate_int,2019,39.79
mkd,sex_t,eco_isic4_o,edu_aggregate_int,2020,38.83
mkd,sex_t,eco_isic4_o,edu_aggregate_int,2021,39.71
mkd,sex_t,eco_isic4_o,edu_aggregate_int,2022,39.42
mkd,sex_t,eco_isic4_o,edu_aggregate_int,2024,38.78
mkd,sex_t,eco_isic4_o,edu_aggregate_ltb,2019,35.82
mkd,sex_t,eco_isic4_o,edu_aggregate_total,2011,39.95
mkd,sex_t,eco_isic4_o,edu_aggregate_total,2012,39.99
mkd,sex_t,eco_isic4_o,edu_aggregate_total,2013,39.94
mkd,sex_t,eco_isic4_o,edu_aggregate_total,2014,39.82
mkd,sex_t,eco_isic4_o,edu_aggregate_total,2015,39.73
mkd,sex_t,eco_isic4_o,edu_aggregate_total,2016,39.93
mkd,sex_t,eco_isic4_o,edu_aggregate_total,2017,39.7
mkd,sex_t,eco_isic4_o,edu_aggregate_total,2018,39.86
mkd,sex_t,eco_isic4_o,edu_aggregate_total,2019,39.2
mkd,sex_t,eco_isic4_o,edu_aggregate_total,2020,38.34
mkd,sex_t,eco_isic4_o,edu_aggregate_total,2021,39.55
mkd,sex_t,eco_isic4_o,edu_aggregate_total,2022,39.19
mkd,sex_t,eco_isic4_o,edu_aggregate_total,2024,38.64
mkd,sex_t,eco_isic4_o,edu_isced11_1,2011,39.2
mkd,sex_t,eco_isic4_o,edu_isced11_1,2012,41.07
mkd,sex_t,eco_isic4_o,edu_isced11_1,2013,40
mkd,sex_t,eco_isic4_o,edu_isced11_1,2014,39.95
mkd,sex_t,eco_isic4_o,edu_isced11_1,2015,39.18
mkd,sex_t,eco_isic4_o,edu_isced11_1,2016,38.67
mkd,sex_t,eco_isic4_o,edu_isced11_1,2017,40.08
mkd,sex_t,eco_isic4_o,edu_isced11_1,2018,39.44
mkd,sex_t,eco_isic4_o,edu_isced11_1,2019,42.18
mkd,sex_t,eco_isic4_o,edu_isced11_1,2020,38.37
mkd,sex_t,eco_isic4_o,edu_isced11_1,2021,39.44
mkd,sex_t,eco_isic4_o,edu_isced11_1,2022,38.45
mkd,sex_t,eco_isic4_o,edu_isced11_1,2024,37.96
mkd,sex_t,eco_isic4_o,edu_isced11_3,2011,40.3
mkd,sex_t,eco_isic4_o,edu_isced11_3,2012,40.22
mkd,sex_t,eco_isic4_o,edu_isced11_3,2013,40.14
mkd,sex_t,eco_isic4_o,edu_isced11_3,2014,39.95
mkd,sex_t,eco_isic4_o,edu_isced11_3,2015,39.97
mkd,sex_t,eco_isic4_o,edu_isced11_3,2016,40.57
mkd,sex_t,eco_isic4_o,edu_isced11_3,2017,40.06
mkd,sex_t,eco_isic4_o,edu_isced11_3,2018,40.17
mkd,sex_t,eco_isic4_o,edu_isced11_3,2019,39.79
mkd,sex_t,eco_isic4_o,edu_isced11_3,2020,38.81
mkd,sex_t,eco_isic4_o,edu_isced11_3,2021,39.71
mkd,sex_t,eco_isic4_o,edu_isced11_3,2022,39.41
mkd,sex_t,eco_isic4_o,edu_isced11_3,2024,38.62
mkd,sex_t,eco_isic4_o,edu_isced11_4,2020,40
mkd,sex_t,eco_isic4_o,edu_isced11_4,2024,39.31
mkd,sex_t,eco_isic4_o,edu_isced11_5,2011,39.87
mkd,sex_t,eco_isic4_o,edu_isced11_5,2012,39.95
mkd,sex_t,eco_isic4_o,edu_isced11_5,2013,40.17
mkd,sex_t,eco_isic4_o,edu_isced11_5,2014,39.25
mkd,sex_t,eco_isic4_o,edu_isced11_5,2015,39.22
mkd,sex_t,eco_isic4_o,edu_isced11_5,2016,39.55
mkd,sex_t,eco_isic4_o,edu_isced11_5,2017,40.21
mkd,sex_t,eco_isic4_o,edu_isced11_5,2018,45.14
mkd,sex_t,eco_isic4_o,edu_isced11_5,2019,39.78
mkd,sex_t,eco_isic4_o,edu_isced11_5,2020,37.61
mkd,sex_t,eco_isic4_o,edu_isced11_5,2021,38.69
mkd,sex_t,eco_isic4_o,edu_isced11_5,2022,37.2
mkd,sex_t,eco_isic4_o,edu_isced11_5,2024,37.21
mkd,sex_t,eco_isic4_o,edu_isced11_6,2011,39.47
mkd,sex_t,eco_isic4_o,edu_isced11_6,2012,39.71
mkd,sex_t,eco_isic4_o,edu_isced11_6,2013,39.69
mkd,sex_t,eco_isic4_o,edu_isced11_6,2014,39.7
mkd,sex_t,eco_isic4_o,edu_isced11_6,2015,39.45
mkd,sex_t,eco_isic4_o,edu_isced11_6,2016,39.51
mkd,sex_t,eco_isic4_o,edu_isced11_6,2017,39.3
mkd,sex_t,eco_isic4_o,edu_isced11_6,2018,39.3
mkd,sex_t,eco_isic4_o,edu_isced11_6,2019,38.7
mkd,sex_t,eco_isic4_o,edu_isced11_6,2020,37.91
mkd,sex_t,eco_isic4_o,edu_isced11_6,2021,39.49
mkd,sex_t,eco_isic4_o,edu_isced11_6,2022,39.02
mkd,sex_t,eco_isic4_o,edu_isced11_6,2024,38.43
mkd,sex_t,eco_isic4_o,edu_isced11_7,2011,40.18
mkd,sex_t,eco_isic4_o,edu_isced11_7,2012,39.63
mkd,sex_t,eco_isic4_o,edu_isced11_7,2013,39.31
mkd,sex_t,eco_isic4_o,edu_isced11_7,2014,40
mkd,sex_t,eco_isic4_o,edu_isced11_7,2015,40.74
mkd,sex_t,eco_isic4_o,edu_isced11_7,2016,39.1
mkd,sex_t,eco_isic4_o,edu_isced11_7,2017,39.12
mkd,sex_t,eco_isic4_o,edu_isced11_7,2018,39.63
mkd,sex_t,eco_isic4_o,edu_isced11_7,2019,38.64
mkd,sex_t,eco_isic4_o,edu_isced11_7,2020,38.06
mkd,sex_t,eco_isic4_o,edu_isced11_7,2021,38.91
mkd,sex_t,eco_isic4_o,edu_isced11_7,2022,39.51
mkd,sex_t,eco_isic4_o,edu_isced11_7,2024,39.13
mkd,sex_t,eco_isic4_o,edu_isced11_8,2021,40
mkd,sex_t,eco_isic4_o,edu_isced11_8,2022,40
mkd,sex_t,eco_isic4_o,edu_isced11_8,2024,37.88
mkd,sex_t,eco_isic4_o,edu_isced11_total,2011,39.95
mkd,sex_t,eco_isic4_o,edu_isced11_total,2012,39.99
mkd,sex_t,eco_isic4_o,edu_isced11_total,2013,39.94
mkd,sex_t,eco_isic4_o,edu_isced11_total,2014,39.82
mkd,sex_t,eco_isic4_o,edu_isced11_total,2015,39.73
mkd,sex_t,eco_isic4_o,edu_isced11_total,2016,39.93
mkd,sex_t,eco_isic4_o,edu_isced11_total,2017,39.7
mkd,sex_t,eco_isic4_o,edu_isced11_total,2018,39.86
mkd,sex_t,eco_isic4_o,edu_isced11_total,2019,39.2
mkd,sex_t,eco_isic4_o,edu_isced11_total,2020,38.34
mkd,sex_t,eco_isic4_o,edu_isced11_total,2021,39.55
mkd,sex_t,eco_isic4_o,edu_isced11_total,2022,39.19
mkd,sex_t,eco_isic4_o,edu_isced11_total,2024,38.64
mkd,sex_t,eco_isic4_o,edu_isced11_x,2019,35.69
mkd,sex_t,eco_isic4_p,edu_aggregate_adv,2011,36.89
mkd,sex_t,eco_isic4_p,edu_aggregate_adv,2012,38.01
mkd,sex_t,eco_isic4_p,edu_aggregate_adv,2013,38.48
mkd,sex_t,eco_isic4_p,edu_aggregate_adv,2014,38.83
mkd,sex_t,eco_isic4_p,edu_aggregate_adv,2015,38.93
mkd,sex_t,eco_isic4_p,edu_aggregate_adv,2016,38.98
mkd,sex_t,eco_isic4_p,edu_aggregate_adv,2017,38.84
mkd,sex_t,eco_isic4_p,edu_aggregate_adv,2018,38.63
mkd,sex_t,eco_isic4_p,edu_aggregate_adv,2019,38.15
mkd,sex_t,eco_isic4_p,edu_aggregate_adv,2020,36.06
mkd,sex_t,eco_isic4_p,edu_aggregate_adv,2021,38.14
mkd,sex_t,eco_isic4_p,edu_aggregate_adv,2022,38.65
mkd,sex_t,eco_isic4_p,edu_aggregate_adv,2024,37.92
mkd,sex_t,eco_isic4_p,edu_aggregate_bas,2011,38.41
mkd,sex_t,eco_isic4_p,edu_aggregate_bas,2012,39.59
mkd,sex_t,eco_isic4_p,edu_aggregate_bas,2013,40.2
mkd,sex_t,eco_isic4_p,edu_aggregate_bas,2014,39.88
mkd,sex_t,eco_isic4_p,edu_aggregate_bas,2015,39.99
mkd,sex_t,eco_isic4_p,edu_aggregate_bas,2016,38.17
mkd,sex_t,eco_isic4_p,edu_aggregate_bas,2017,37.56
mkd,sex_t,eco_isic4_p,edu_aggregate_bas,2018,39.77
mkd,sex_t,eco_isic4_p,edu_aggregate_bas,2019,36.93
mkd,sex_t,eco_isic4_p,edu_aggregate_bas,2020,34.2
mkd,sex_t,eco_isic4_p,edu_aggregate_bas,2021,38
mkd,sex_t,eco_isic4_p,edu_aggregate_bas,2022,39.32
mkd,sex_t,eco_isic4_p,edu_aggregate_bas,2024,38.1
mkd,sex_t,eco_isic4_p,edu_aggregate_int,2011,38.43
mkd,sex_t,eco_isic4_p,edu_aggregate_int,2012,39.04
mkd,sex_t,eco_isic4_p,edu_aggregate_int,2013,40.16
mkd,sex_t,eco_isic4_p,edu_aggregate_int,2014,40.16
mkd,sex_t,eco_isic4_p,edu_aggregate_int,2015,38.4
mkd,sex_t,eco_isic4_p,edu_aggregate_int,2016,39.04
mkd,sex_t,eco_isic4_p,edu_aggregate_int,2017,38.9
mkd,sex_t,eco_isic4_p,edu_aggregate_int,2018,38.53
mkd,sex_t,eco_isic4_p,edu_aggregate_int,2019,38.26
mkd,sex_t,eco_isic4_p,edu_aggregate_int,2020,34.75
mkd,sex_t,eco_isic4_p,edu_aggregate_int,2021,38.96
mkd,sex_t,eco_isic4_p,edu_aggregate_int,2022,38.17
mkd,sex_t,eco_isic4_p,edu_aggregate_int,2024,38.23
mkd,sex_t,eco_isic4_p,edu_aggregate_total,2011,37.23
mkd,sex_t,eco_isic4_p,edu_aggregate_total,2012,38.29
mkd,sex_t,eco_isic4_p,edu_aggregate_total,2013,38.86
mkd,sex_t,eco_isic4_p,edu_aggregate_total,2014,39.08
mkd,sex_t,eco_isic4_p,edu_aggregate_total,2015,38.93
mkd,sex_t,eco_isic4_p,edu_aggregate_total,2016,38.95
mkd,sex_t,eco_isic4_p,edu_aggregate_total,2017,38.77
mkd,sex_t,eco_isic4_p,edu_aggregate_total,2018,38.67
mkd,sex_t,eco_isic4_p,edu_aggregate_total,2019,38.08
mkd,sex_t,eco_isic4_p,edu_aggregate_total,2020,35.81
mkd,sex_t,eco_isic4_p,edu_aggregate_total,2021,38.25
mkd,sex_t,eco_isic4_p,edu_aggregate_total,2022,38.61
mkd,sex_t,eco_isic4_p,edu_aggregate_total,2024,37.97
mkd,sex_t,eco_isic4_p,edu_isced11_1,2011,38.41
mkd,sex_t,eco_isic4_p,edu_isced11_1,2012,39.58
mkd,sex_t,eco_isic4_p,edu_isced11_1,2013,40.2
mkd,sex_t,eco_isic4_p,edu_isced11_1,2014,39.88
mkd,sex_t,eco_isic4_p,edu_isced11_1,2015,39.99
mkd,sex_t,eco_isic4_p,edu_isced11_1,2016,38.17
mkd,sex_t,eco_isic4_p,edu_isced11_1,2017,37.56
mkd,sex_t,eco_isic4_p,edu_isced11_1,2018,39.76
mkd,sex_t,eco_isic4_p,edu_isced11_1,2019,36.91
mkd,sex_t,eco_isic4_p,edu_isced11_1,2020,34.2
mkd,sex_t,eco_isic4_p,edu_isced11_1,2021,37.97
mkd,sex_t,eco_isic4_p,edu_isced11_1,2022,39.29
mkd,sex_t,eco_isic4_p,edu_isced11_1,2024,38.1
mkd,sex_t,eco_isic4_p,edu_isced11_3,2011,38.43
mkd,sex_t,eco_isic4_p,edu_isced11_3,2012,39.04
mkd,sex_t,eco_isic4_p,edu_isced11_3,2013,40.16
mkd,sex_t,eco_isic4_p,edu_isced11_3,2014,40.16
mkd,sex_t,eco_isic4_p,edu_isced11_3,2015,38.4
mkd,sex_t,eco_isic4_p,edu_isced11_3,2016,39.04
mkd,sex_t,eco_isic4_p,edu_isced11_3,2017,38.9
mkd,sex_t,eco_isic4_p,edu_isced11_3,2018,38.53
mkd,sex_t,eco_isic4_p,edu_isced11_3,2019,38.26
mkd,sex_t,eco_isic4_p,edu_isced11_3,2020,34.75
mkd,sex_t,eco_isic4_p,edu_isced11_3,2021,38.93
mkd,sex_t,eco_isic4_p,edu_isced11_3,2022,38.14
mkd,sex_t,eco_isic4_p,edu_isced11_3,2024,37.93
mkd,sex_t,eco_isic4_p,edu_isced11_4,2024,39.24
mkd,sex_t,eco_isic4_p,edu_isced11_5,2011,38.03
mkd,sex_t,eco_isic4_p,edu_isced11_5,2012,38.99
mkd,sex_t,eco_isic4_p,edu_isced11_5,2013,38.74
mkd,sex_t,eco_isic4_p,edu_isced11_5,2014,39.07
mkd,sex_t,eco_isic4_p,edu_isced11_5,2015,39.22
mkd,sex_t,eco_isic4_p,edu_isced11_5,2016,39.45
mkd,sex_t,eco_isic4_p,edu_isced11_5,2017,39.98
mkd,sex_t,eco_isic4_p,edu_isced11_5,2018,38.91
mkd,sex_t,eco_isic4_p,edu_isced11_5,2019,39.76
mkd,sex_t,eco_isic4_p,edu_isced11_5,2020,36.97
mkd,sex_t,eco_isic4_p,edu_isced11_5,2021,40.42
mkd,sex_t,eco_isic4_p,edu_isced11_5,2022,38.94
mkd,sex_t,eco_isic4_p,edu_isced11_5,2024,38.83
mkd,sex_t,eco_isic4_p,edu_isced11_6,2011,36.75
mkd,sex_t,eco_isic4_p,edu_isced11_6,2012,38.14
mkd,sex_t,eco_isic4_p,edu_isced11_6,2013,38.63
mkd,sex_t,eco_isic4_p,edu_isced11_6,2014,38.76
mkd,sex_t,eco_isic4_p,edu_isced11_6,2015,39.08
mkd,sex_t,eco_isic4_p,edu_isced11_6,2016,38.75
mkd,sex_t,eco_isic4_p,edu_isced11_6,2017,38.7
mkd,sex_t,eco_isic4_p,edu_isced11_6,2018,38.47
mkd,sex_t,eco_isic4_p,edu_isced11_6,2019,37.93
mkd,sex_t,eco_isic4_p,edu_isced11_6,2020,35.89
mkd,sex_t,eco_isic4_p,edu_isced11_6,2021,37.85
mkd,sex_t,eco_isic4_p,edu_isced11_6,2022,38.53
mkd,sex_t,eco_isic4_p,edu_isced11_6,2024,37.89
mkd,sex_t,eco_isic4_p,edu_isced11_7,2011,35.16
mkd,sex_t,eco_isic4_p,edu_isced11_7,2012,36.02
mkd,sex_t,eco_isic4_p,edu_isced11_7,2013,37.8
mkd,sex_t,eco_isic4_p,edu_isced11_7,2014,38.13
mkd,sex_t,eco_isic4_p,edu_isced11_7,2015,38.18
mkd,sex_t,eco_isic4_p,edu_isced11_7,2016,39.53
mkd,sex_t,eco_isic4_p,edu_isced11_7,2017,38.75
mkd,sex_t,eco_isic4_p,edu_isced11_7,2018,39.59
mkd,sex_t,eco_isic4_p,edu_isced11_7,2019,38.13
mkd,sex_t,eco_isic4_p,edu_isced11_7,2020,36.07
mkd,sex_t,eco_isic4_p,edu_isced11_7,2021,39.26
mkd,sex_t,eco_isic4_p,edu_isced11_7,2022,39.18
mkd,sex_t,eco_isic4_p,edu_isced11_7,2024,38.21
mkd,sex_t,eco_isic4_p,edu_isced11_8,2011,37.78
mkd,sex_t,eco_isic4_p,edu_isced11_8,2012,32.85
mkd,sex_t,eco_isic4_p,edu_isced11_8,2013,35.94
mkd,sex_t,eco_isic4_p,edu_isced11_8,2014,39.6
mkd,sex_t,eco_isic4_p,edu_isced11_8,2015,37.53
mkd,sex_t,eco_isic4_p,edu_isced11_8,2016,40.47
mkd,sex_t,eco_isic4_p,edu_isced11_8,2017,39.36
mkd,sex_t,eco_isic4_p,edu_isced11_8,2018,39.9
mkd,sex_t,eco_isic4_p,edu_isced11_8,2019,39.3
mkd,sex_t,eco_isic4_p,edu_isced11_8,2020,37.56
mkd,sex_t,eco_isic4_p,edu_isced11_8,2021,38.22
mkd,sex_t,eco_isic4_p,edu_isced11_8,2022,39.43
mkd,sex_t,eco_isic4_p,edu_isced11_8,2024,37.47
mkd,sex_t,eco_isic4_p,edu_isced11_total,2011,37.23
mkd,sex_t,eco_isic4_p,edu_isced11_total,2012,38.29
mkd,sex_t,eco_isic4_p,edu_isced11_total,2013,38.86
mkd,sex_t,eco_isic4_p,edu_isced11_total,2014,39.08
mkd,sex_t,eco_isic4_p,edu_isced11_total,2015,38.93
mkd,sex_t,eco_isic4_p,edu_isced11_total,2016,38.95
mkd,sex_t,eco_isic4_p,edu_isced11_total,2017,38.77
mkd,sex_t,eco_isic4_p,edu_isced11_total,2018,38.67
mkd,sex_t,eco_isic4_p,edu_isced11_total,2019,38.08
mkd,sex_t,eco_isic4_p,edu_isced11_total,2020,35.81
mkd,sex_t,eco_isic4_p,edu_isced11_total,2021,38.25
mkd,sex_t,eco_isic4_p,edu_isced11_total,2022,38.61
mkd,sex_t,eco_isic4_p,edu_isced11_total,2024,37.97
mkd,sex_t,eco_isic4_q,edu_aggregate_adv,2011,39.4
mkd,sex_t,eco_isic4_q,edu_aggregate_adv,2012,39.57
mkd,sex_t,eco_isic4_q,edu_aggregate_adv,2013,39.99
mkd,sex_t,eco_isic4_q,edu_aggregate_adv,2014,39.88
mkd,sex_t,eco_isic4_q,edu_aggregate_adv,2015,39.44
mkd,sex_t,eco_isic4_q,edu_aggregate_adv,2016,40.23
mkd,sex_t,eco_isic4_q,edu_aggregate_adv,2017,39.6
mkd,sex_t,eco_isic4_q,edu_aggregate_adv,2018,39.75
mkd,sex_t,eco_isic4_q,edu_aggregate_adv,2019,39.53
mkd,sex_t,eco_isic4_q,edu_aggregate_adv,2020,38.89
mkd,sex_t,eco_isic4_q,edu_aggregate_adv,2021,39.39
mkd,sex_t,eco_isic4_q,edu_aggregate_adv,2022,39.21
mkd,sex_t,eco_isic4_q,edu_aggregate_adv,2024,38.21
mkd,sex_t,eco_isic4_q,edu_aggregate_bas,2011,38.89
mkd,sex_t,eco_isic4_q,edu_aggregate_bas,2012,39.4
mkd,sex_t,eco_isic4_q,edu_aggregate_bas,2013,41.57
mkd,sex_t,eco_isic4_q,edu_aggregate_bas,2014,39.65
mkd,sex_t,eco_isic4_q,edu_aggregate_bas,2015,40.38
mkd,sex_t,eco_isic4_q,edu_aggregate_bas,2016,40.05
mkd,sex_t,eco_isic4_q,edu_aggregate_bas,2017,40.52
mkd,sex_t,eco_isic4_q,edu_aggregate_bas,2018,40.57
mkd,sex_t,eco_isic4_q,edu_aggregate_bas,2019,39.67
mkd,sex_t,eco_isic4_q,edu_aggregate_bas,2020,40.82
mkd,sex_t,eco_isic4_q,edu_aggregate_bas,2021,38.94
mkd,sex_t,eco_isic4_q,edu_aggregate_bas,2022,39.42
mkd,sex_t,eco_isic4_q,edu_aggregate_bas,2024,35.9
mkd,sex_t,eco_isic4_q,edu_aggregate_int,2011,40.41
mkd,sex_t,eco_isic4_q,edu_aggregate_int,2012,40.85
mkd,sex_t,eco_isic4_q,edu_aggregate_int,2013,40.69
mkd,sex_t,eco_isic4_q,edu_aggregate_int,2014,40.39
mkd,sex_t,eco_isic4_q,edu_aggregate_int,2015,40.21
mkd,sex_t,eco_isic4_q,edu_aggregate_int,2016,40.1
mkd,sex_t,eco_isic4_q,edu_aggregate_int,2017,40.44
mkd,sex_t,eco_isic4_q,edu_aggregate_int,2018,39.9
mkd,sex_t,eco_isic4_q,edu_aggregate_int,2019,39.55
mkd,sex_t,eco_isic4_q,edu_aggregate_int,2020,38.87
mkd,sex_t,eco_isic4_q,edu_aggregate_int,2021,39.49
mkd,sex_t,eco_isic4_q,edu_aggregate_int,2022,39.38
mkd,sex_t,eco_isic4_q,edu_aggregate_int,2024,38.94
mkd,sex_t,eco_isic4_q,edu_aggregate_total,2011,39.93
mkd,sex_t,eco_isic4_q,edu_aggregate_total,2012,40.2
mkd,sex_t,eco_isic4_q,edu_aggregate_total,2013,40.4
mkd,sex_t,eco_isic4_q,edu_aggregate_total,2014,40.11
mkd,sex_t,eco_isic4_q,edu_aggregate_total,2015,39.87
mkd,sex_t,eco_isic4_q,edu_aggregate_total,2016,40.22
mkd,sex_t,eco_isic4_q,edu_aggregate_total,2017,40.04
mkd,sex_t,eco_isic4_q,edu_aggregate_total,2018,39.85
mkd,sex_t,eco_isic4_q,edu_aggregate_total,2019,39.54
mkd,sex_t,eco_isic4_q,edu_aggregate_total,2020,38.94
mkd,sex_t,eco_isic4_q,edu_aggregate_total,2021,39.43
mkd,sex_t,eco_isic4_q,edu_aggregate_total,2022,39.29
mkd,sex_t,eco_isic4_q,edu_aggregate_total,2024,38.49
mkd,sex_t,eco_isic4_q,edu_isced11_1,2011,38.87
mkd,sex_t,eco_isic4_q,edu_isced11_1,2012,39.68
mkd,sex_t,eco_isic4_q,edu_isced11_1,2013,41.65
mkd,sex_t,eco_isic4_q,edu_isced11_1,2014,39.71
mkd,sex_t,eco_isic4_q,edu_isced11_1,2015,40.38
mkd,sex_t,eco_isic4_q,edu_isced11_1,2016,40.05
mkd,sex_t,eco_isic4_q,edu_isced11_1,2017,40.52
mkd,sex_t,eco_isic4_q,edu_isced11_1,2018,40.5
mkd,sex_t,eco_isic4_q,edu_isced11_1,2019,39.9
mkd,sex_t,eco_isic4_q,edu_isced11_1,2020,40.82
mkd,sex_t,eco_isic4_q,edu_isced11_1,2021,38.94
mkd,sex_t,eco_isic4_q,edu_isced11_1,2022,39.42
mkd,sex_t,eco_isic4_q,edu_isced11_1,2024,35.9
mkd,sex_t,eco_isic4_q,edu_isced11_3,2011,40.41
mkd,sex_t,eco_isic4_q,edu_isced11_3,2012,40.85
mkd,sex_t,eco_isic4_q,edu_isced11_3,2013,40.69
mkd,sex_t,eco_isic4_q,edu_isced11_3,2014,40.39
mkd,sex_t,eco_isic4_q,edu_isced11_3,2015,40.21
mkd,sex_t,eco_isic4_q,edu_isced11_3,2016,40.1
mkd,sex_t,eco_isic4_q,edu_isced11_3,2017,40.44
mkd,sex_t,eco_isic4_q,edu_isced11_3,2018,39.9
mkd,sex_t,eco_isic4_q,edu_isced11_3,2019,39.55
mkd,sex_t,eco_isic4_q,edu_isced11_3,2020,38.87
mkd,sex_t,eco_isic4_q,edu_isced11_3,2021,39.49
mkd,sex_t,eco_isic4_q,edu_isced11_3,2022,39.38
mkd,sex_t,eco_isic4_q,edu_isced11_3,2024,38.94
mkd,sex_t,eco_isic4_q,edu_isced11_4,2024,39
mkd,sex_t,eco_isic4_q,edu_isced11_5,2011,40.52
mkd,sex_t,eco_isic4_q,edu_isced11_5,2012,39.65
mkd,sex_t,eco_isic4_q,edu_isced11_5,2013,40.38
mkd,sex_t,eco_isic4_q,edu_isced11_5,2014,39.89
mkd,sex_t,eco_isic4_q,edu_isced11_5,2015,40.12
mkd,sex_t,eco_isic4_q,edu_isced11_5,2016,40.65
mkd,sex_t,eco_isic4_q,edu_isced11_5,2017,40.13
mkd,sex_t,eco_isic4_q,edu_isced11_5,2018,39.4
mkd,sex_t,eco_isic4_q,edu_isced11_5,2019,39.82
mkd,sex_t,eco_isic4_q,edu_isced11_5,2020,38.81
mkd,sex_t,eco_isic4_q,edu_isced11_5,2021,39.54
mkd,sex_t,eco_isic4_q,edu_isced11_5,2022,39.52
mkd,sex_t,eco_isic4_q,edu_isced11_5,2024,37.7
mkd,sex_t,eco_isic4_q,edu_isced11_6,2011,39.26
mkd,sex_t,eco_isic4_q,edu_isced11_6,2012,39.4
mkd,sex_t,eco_isic4_q,edu_isced11_6,2013,39.89
mkd,sex_t,eco_isic4_q,edu_isced11_6,2014,39.63
mkd,sex_t,eco_isic4_q,edu_isced11_6,2015,39.52
mkd,sex_t,eco_isic4_q,edu_isced11_6,2016,40.2
mkd,sex_t,eco_isic4_q,edu_isced11_6,2017,39.56
mkd,sex_t,eco_isic4_q,edu_isced11_6,2018,39.87
mkd,sex_t,eco_isic4_q,edu_isced11_6,2019,39.21
mkd,sex_t,eco_isic4_q,edu_isced11_6,2020,38.83
mkd,sex_t,eco_isic4_q,edu_isced11_6,2021,39.3
mkd,sex_t,eco_isic4_q,edu_isced11_6,2022,39.15
mkd,sex_t,eco_isic4_q,edu_isced11_6,2024,38.45
mkd,sex_t,eco_isic4_q,edu_isced11_7,2011,39.11
mkd,sex_t,eco_isic4_q,edu_isced11_7,2012,40.53
mkd,sex_t,eco_isic4_q,edu_isced11_7,2013,39.91
mkd,sex_t,eco_isic4_q,edu_isced11_7,2014,41.42
mkd,sex_t,eco_isic4_q,edu_isced11_7,2015,38.32
mkd,sex_t,eco_isic4_q,edu_isced11_7,2016,39.67
mkd,sex_t,eco_isic4_q,edu_isced11_7,2017,39.15
mkd,sex_t,eco_isic4_q,edu_isced11_7,2018,40.1
mkd,sex_t,eco_isic4_q,edu_isced11_7,2019,41.06
mkd,sex_t,eco_isic4_q,edu_isced11_7,2020,39.6
mkd,sex_t,eco_isic4_q,edu_isced11_7,2021,39.96
mkd,sex_t,eco_isic4_q,edu_isced11_7,2022,39.94
mkd,sex_t,eco_isic4_q,edu_isced11_7,2024,37.09
mkd,sex_t,eco_isic4_q,edu_isced11_8,2011,38.4
mkd,sex_t,eco_isic4_q,edu_isced11_8,2012,41.94
mkd,sex_t,eco_isic4_q,edu_isced11_8,2014,41.54
mkd,sex_t,eco_isic4_q,edu_isced11_8,2017,40.1
mkd,sex_t,eco_isic4_q,edu_isced11_8,2018,33.23
mkd,sex_t,eco_isic4_q,edu_isced11_8,2019,39.65
mkd,sex_t,eco_isic4_q,edu_isced11_8,2020,38.11
mkd,sex_t,eco_isic4_q,edu_isced11_8,2021,39.77
mkd,sex_t,eco_isic4_q,edu_isced11_8,2022,38.32
mkd,sex_t,eco_isic4_q,edu_isced11_8,2024,39.44
mkd,sex_t,eco_isic4_q,edu_isced11_total,2011,39.93
mkd,sex_t,eco_isic4_q,edu_isced11_total,2012,40.2
mkd,sex_t,eco_isic4_q,edu_isced11_total,2013,40.4
mkd,sex_t,eco_isic4_q,edu_isced11_total,2014,40.11
mkd,sex_t,eco_isic4_q,edu_isced11_total,2015,39.87
mkd,sex_t,eco_isic4_q,edu_isced11_total,2016,40.22
mkd,sex_t,eco_isic4_q,edu_isced11_total,2017,40.04
mkd,sex_t,eco_isic4_q,edu_isced11_total,2018,39.85
mkd,sex_t,eco_isic4_q,edu_isced11_total,2019,39.54
mkd,sex_t,eco_isic4_q,edu_isced11_total,2020,38.94
mkd,sex_t,eco_isic4_q,edu_isced11_total,2021,39.43
mkd,sex_t,eco_isic4_q,edu_isced11_total,2022,39.29
mkd,sex_t,eco_isic4_q,edu_isced11_total,2024,38.49
mkd,sex_t,eco_isic4_r,edu_aggregate_adv,2011,36.43
mkd,sex_t,eco_isic4_r,edu_aggregate_adv,2012,38.62
mkd,sex_t,eco_isic4_r,edu_aggregate_adv,2013,40.46
mkd,sex_t,eco_isic4_r,edu_aggregate_adv,2014,38.89
mkd,sex_t,eco_isic4_r,edu_aggregate_adv,2015,39.18
mkd,sex_t,eco_isic4_r,edu_aggregate_adv,2016,38.3
mkd,sex_t,eco_isic4_r,edu_aggregate_adv,2017,38.66
mkd,sex_t,eco_isic4_r,edu_aggregate_adv,2018,39.68
mkd,sex_t,eco_isic4_r,edu_aggregate_adv,2019,40.17
mkd,sex_t,eco_isic4_r,edu_aggregate_adv,2020,38.5
mkd,sex_t,eco_isic4_r,edu_aggregate_adv,2021,39.49
mkd,sex_t,eco_isic4_r,edu_aggregate_adv,2022,39.72
mkd,sex_t,eco_isic4_r,edu_aggregate_adv,2024,37.51
mkd,sex_t,eco_isic4_r,edu_aggregate_bas,2011,35.71
mkd,sex_t,eco_isic4_r,edu_aggregate_bas,2012,36.15
mkd,sex_t,eco_isic4_r,edu_aggregate_bas,2013,39.72
mkd,sex_t,eco_isic4_r,edu_aggregate_bas,2014,40.21
mkd,sex_t,eco_isic4_r,edu_aggregate_bas,2015,36.29
mkd,sex_t,eco_isic4_r,edu_aggregate_bas,2016,43.14
mkd,sex_t,eco_isic4_r,edu_aggregate_bas,2017,41.92
mkd,sex_t,eco_isic4_r,edu_aggregate_bas,2018,38.76
mkd,sex_t,eco_isic4_r,edu_aggregate_bas,2019,41.09
mkd,sex_t,eco_isic4_r,edu_aggregate_bas,2020,40.7
mkd,sex_t,eco_isic4_r,edu_aggregate_bas,2021,39.59
mkd,sex_t,eco_isic4_r,edu_aggregate_bas,2022,33.22
mkd,sex_t,eco_isic4_r,edu_aggregate_bas,2024,32.9
mkd,sex_t,eco_isic4_r,edu_aggregate_int,2011,40.41
mkd,sex_t,eco_isic4_r,edu_aggregate_int,2012,40.54
mkd,sex_t,eco_isic4_r,edu_aggregate_int,2013,38.71
mkd,sex_t,eco_isic4_r,edu_aggregate_int,2014,36.31
mkd,sex_t,eco_isic4_r,edu_aggregate_int,2015,40.26
mkd,sex_t,eco_isic4_r,edu_aggregate_int,2016,39.61
mkd,sex_t,eco_isic4_r,edu_aggregate_int,2017,41.19
mkd,sex_t,eco_isic4_r,edu_aggregate_int,2018,40.36
mkd,sex_t,eco_isic4_r,edu_aggregate_int,2019,41.64
mkd,sex_t,eco_isic4_r,edu_aggregate_int,2020,39.6
mkd,sex_t,eco_isic4_r,edu_aggregate_int,2021,40.26
mkd,sex_t,eco_isic4_r,edu_aggregate_int,2022,40.4
mkd,sex_t,eco_isic4_r,edu_aggregate_int,2024,39.06
mkd,sex_t,eco_isic4_r,edu_aggregate_total,2011,38.9
mkd,sex_t,eco_isic4_r,edu_aggregate_total,2012,39.37
mkd,sex_t,eco_isic4_r,edu_aggregate_total,2013,39.42
mkd,sex_t,eco_isic4_r,edu_aggregate_total,2014,37.52
mkd,sex_t,eco_isic4_r,edu_aggregate_total,2015,39.59
mkd,sex_t,eco_isic4_r,edu_aggregate_total,2016,39.32
mkd,sex_t,eco_isic4_r,edu_aggregate_total,2017,40.37
mkd,sex_t,eco_isic4_r,edu_aggregate_total,2018,40.06
mkd,sex_t,eco_isic4_r,edu_aggregate_total,2019,41.22
mkd,sex_t,eco_isic4_r,edu_aggregate_total,2020,39.38
mkd,sex_t,eco_isic4_r,edu_aggregate_total,2021,40
mkd,sex_t,eco_isic4_r,edu_aggregate_total,2022,39.86
mkd,sex_t,eco_isic4_r,edu_aggregate_total,2024,38.3
mkd,sex_t,eco_isic4_r,edu_isced11_1,2011,35.71
mkd,sex_t,eco_isic4_r,edu_isced11_1,2012,36.15
mkd,sex_t,eco_isic4_r,edu_isced11_1,2013,39.62
mkd,sex_t,eco_isic4_r,edu_isced11_1,2014,40.21
mkd,sex_t,eco_isic4_r,edu_isced11_1,2015,36.29
mkd,sex_t,eco_isic4_r,edu_isced11_1,2016,43.14
mkd,sex_t,eco_isic4_r,edu_isced11_1,2017,41.92
mkd,sex_t,eco_isic4_r,edu_isced11_1,2018,38.76
mkd,sex_t,eco_isic4_r,edu_isced11_1,2019,41.09
mkd,sex_t,eco_isic4_r,edu_isced11_1,2020,40.7
mkd,sex_t,eco_isic4_r,edu_isced11_1,2021,39.59
mkd,sex_t,eco_isic4_r,edu_isced11_1,2022,33.22
mkd,sex_t,eco_isic4_r,edu_isced11_1,2024,32.9
mkd,sex_t,eco_isic4_r,edu_isced11_3,2011,40.41
mkd,sex_t,eco_isic4_r,edu_isced11_3,2012,40.54
mkd,sex_t,eco_isic4_r,edu_isced11_3,2013,38.71
mkd,sex_t,eco_isic4_r,edu_isced11_3,2014,36.31
mkd,sex_t,eco_isic4_r,edu_isced11_3,2015,40.26
mkd,sex_t,eco_isic4_r,edu_isced11_3,2016,39.61
mkd,sex_t,eco_isic4_r,edu_isced11_3,2017,41.19
mkd,sex_t,eco_isic4_r,edu_isced11_3,2018,40.36
mkd,sex_t,eco_isic4_r,edu_isced11_3,2019,41.64
mkd,sex_t,eco_isic4_r,edu_isced11_3,2020,39.6
mkd,sex_t,eco_isic4_r,edu_isced11_3,2021,40.26
mkd,sex_t,eco_isic4_r,edu_isced11_3,2022,40.4
mkd,sex_t,eco_isic4_r,edu_isced11_3,2024,38.92
mkd,sex_t,eco_isic4_r,edu_isced11_4,2024,39.73
mkd,sex_t,eco_isic4_r,edu_isced11_5,2011,42.53
mkd,sex_t,eco_isic4_r,edu_isced11_5,2012,38.45
mkd,sex_t,eco_isic4_r,edu_isced11_5,2018,42.85
mkd,sex_t,eco_isic4_r,edu_isced11_5,2019,40.45
mkd,sex_t,eco_isic4_r,edu_isced11_5,2020,36.15
mkd,sex_t,eco_isic4_r,edu_isced11_5,2022,43.13
mkd,sex_t,eco_isic4_r,edu_isced11_6,2011,35.94
mkd,sex_t,eco_isic4_r,edu_isced11_6,2012,38.59
mkd,sex_t,eco_isic4_r,edu_isced11_6,2013,40.08
mkd,sex_t,eco_isic4_r,edu_isced11_6,2014,38.74
mkd,sex_t,eco_isic4_r,edu_isced11_6,2015,39.18
mkd,sex_t,eco_isic4_r,edu_isced11_6,2016,38.44
mkd,sex_t,eco_isic4_r,edu_isced11_6,2017,39.04
mkd,sex_t,eco_isic4_r,edu_isced11_6,2018,39.62
mkd,sex_t,eco_isic4_r,edu_isced11_6,2019,39.8
mkd,sex_t,eco_isic4_r,edu_isced11_6,2020,38.18
mkd,sex_t,eco_isic4_r,edu_isced11_6,2021,39.34
mkd,sex_t,eco_isic4_r,edu_isced11_6,2022,39.58
mkd,sex_t,eco_isic4_r,edu_isced11_6,2024,37.58
mkd,sex_t,eco_isic4_r,edu_isced11_7,2013,43.38
mkd,sex_t,eco_isic4_r,edu_isced11_7,2017,36.27
mkd,sex_t,eco_isic4_r,edu_isced11_7,2018,38.13
mkd,sex_t,eco_isic4_r,edu_isced11_7,2019,43.31
mkd,sex_t,eco_isic4_r,edu_isced11_7,2020,41.94
mkd,sex_t,eco_isic4_r,edu_isced11_7,2021,40
mkd,sex_t,eco_isic4_r,edu_isced11_7,2024,36.87
mkd,sex_t,eco_isic4_r,edu_isced11_total,2011,38.9
mkd,sex_t,eco_isic4_r,edu_isced11_total,2012,39.37
mkd,sex_t,eco_isic4_r,edu_isced11_total,2013,39.42
mkd,sex_t,eco_isic4_r,edu_isced11_total,2014,37.52
mkd,sex_t,eco_isic4_r,edu_isced11_total,2015,39.59
mkd,sex_t,eco_isic4_r,edu_isced11_total,2016,39.32
mkd,sex_t,eco_isic4_r,edu_isced11_total,2017,40.37
mkd,sex_t,eco_isic4_r,edu_isced11_total,2018,40.06
mkd,sex_t,eco_isic4_r,edu_isced11_total,2019,41.22
mkd,sex_t,eco_isic4_r,edu_isced11_total,2020,39.38
mkd,sex_t,eco_isic4_r,edu_isced11_total,2021,40
mkd,sex_t,eco_isic4_r,edu_isced11_total,2022,39.86
mkd,sex_t,eco_isic4_r,edu_isced11_total,2024,38.3
mkd,sex_t,eco_isic4_s,edu_aggregate_adv,2011,39.43
mkd,sex_t,eco_isic4_s,edu_aggregate_adv,2012,37.32
mkd,sex_t,eco_isic4_s,edu_aggregate_adv,2013,43.59
mkd,sex_t,eco_isic4_s,edu_aggregate_adv,2014,41.95
mkd,sex_t,eco_isic4_s,edu_aggregate_adv,2015,38.31
mkd,sex_t,eco_isic4_s,edu_aggregate_adv,2016,39.7
mkd,sex_t,eco_isic4_s,edu_aggregate_adv,2017,42.6
mkd,sex_t,eco_isic4_s,edu_aggregate_adv,2018,40.83
mkd,sex_t,eco_isic4_s,edu_aggregate_adv,2019,40.94
mkd,sex_t,eco_isic4_s,edu_aggregate_adv,2020,40.1
mkd,sex_t,eco_isic4_s,edu_aggregate_adv,2021,39.73
mkd,sex_t,eco_isic4_s,edu_aggregate_adv,2022,39.39
mkd,sex_t,eco_isic4_s,edu_aggregate_adv,2024,38.08
mkd,sex_t,eco_isic4_s,edu_aggregate_bas,2011,39.59
mkd,sex_t,eco_isic4_s,edu_aggregate_bas,2012,39.49
mkd,sex_t,eco_isic4_s,edu_aggregate_bas,2013,37.99
mkd,sex_t,eco_isic4_s,edu_aggregate_bas,2014,34.1
mkd,sex_t,eco_isic4_s,edu_aggregate_bas,2015,40.83
mkd,sex_t,eco_isic4_s,edu_aggregate_bas,2016,41.15
mkd,sex_t,eco_isic4_s,edu_aggregate_bas,2017,41.11
mkd,sex_t,eco_isic4_s,edu_aggregate_bas,2018,43.37
mkd,sex_t,eco_isic4_s,edu_aggregate_bas,2019,41.77
mkd,sex_t,eco_isic4_s,edu_aggregate_bas,2020,38.63
mkd,sex_t,eco_isic4_s,edu_aggregate_bas,2021,38.28
mkd,sex_t,eco_isic4_s,edu_aggregate_bas,2022,38.28
mkd,sex_t,eco_isic4_s,edu_aggregate_bas,2024,38.77
mkd,sex_t,eco_isic4_s,edu_aggregate_int,2011,42.05
mkd,sex_t,eco_isic4_s,edu_aggregate_int,2012,42.87
mkd,sex_t,eco_isic4_s,edu_aggregate_int,2013,44.24
mkd,sex_t,eco_isic4_s,edu_aggregate_int,2014,39.93
mkd,sex_t,eco_isic4_s,edu_aggregate_int,2015,40.78
mkd,sex_t,eco_isic4_s,edu_aggregate_int,2016,42.22
mkd,sex_t,eco_isic4_s,edu_aggregate_int,2017,41.41
mkd,sex_t,eco_isic4_s,edu_aggregate_int,2018,40.95
mkd,sex_t,eco_isic4_s,edu_aggregate_int,2019,40.66
mkd,sex_t,eco_isic4_s,edu_aggregate_int,2020,38.1
mkd,sex_t,eco_isic4_s,edu_aggregate_int,2021,39.11
mkd,sex_t,eco_isic4_s,edu_aggregate_int,2022,40.8
mkd,sex_t,eco_isic4_s,edu_aggregate_int,2024,39.19
mkd,sex_t,eco_isic4_s,edu_aggregate_ltb,2011,25.85
mkd,sex_t,eco_isic4_s,edu_aggregate_ltb,2012,39.67
mkd,sex_t,eco_isic4_s,edu_aggregate_ltb,2018,29.05
mkd,sex_t,eco_isic4_s,edu_aggregate_ltb,2019,35.36
mkd,sex_t,eco_isic4_s,edu_aggregate_total,2011,40.94
mkd,sex_t,eco_isic4_s,edu_aggregate_total,2012,40.92
mkd,sex_t,eco_isic4_s,edu_aggregate_total,2013,43.48
mkd,sex_t,eco_isic4_s,edu_aggregate_total,2014,39.44
mkd,sex_t,eco_isic4_s,edu_aggregate_total,2015,40.18
mkd,sex_t,eco_isic4_s,edu_aggregate_total,2016,41.2
mkd,sex_t,eco_isic4_s,edu_aggregate_total,2017,41.74
mkd,sex_t,eco_isic4_s,edu_aggregate_total,2018,40.88
mkd,sex_t,eco_isic4_s,edu_aggregate_total,2019,40.85
mkd,sex_t,eco_isic4_s,edu_aggregate_total,2020,38.95
mkd,sex_t,eco_isic4_s,edu_aggregate_total,2021,39.24
mkd,sex_t,eco_isic4_s,edu_aggregate_total,2022,39.94
mkd,sex_t,eco_isic4_s,edu_aggregate_total,2024,38.91
mkd,sex_t,eco_isic4_s,edu_isced11_1,2011,39.52
mkd,sex_t,eco_isic4_s,edu_isced11_1,2012,40.17
mkd,sex_t,eco_isic4_s,edu_isced11_1,2013,37.79
mkd,sex_t,eco_isic4_s,edu_isced11_1,2014,34.1
mkd,sex_t,eco_isic4_s,edu_isced11_1,2015,40.83
mkd,sex_t,eco_isic4_s,edu_isced11_1,2016,41.16
mkd,sex_t,eco_isic4_s,edu_isced11_1,2017,41.11
mkd,sex_t,eco_isic4_s,edu_isced11_1,2018,43.37
mkd,sex_t,eco_isic4_s,edu_isced11_1,2019,41.77
mkd,sex_t,eco_isic4_s,edu_isced11_1,2020,38.63
mkd,sex_t,eco_isic4_s,edu_isced11_1,2021,38.28
mkd,sex_t,eco_isic4_s,edu_isced11_1,2022,38.28
mkd,sex_t,eco_isic4_s,edu_isced11_1,2024,38.77
mkd,sex_t,eco_isic4_s,edu_isced11_3,2011,42.05
mkd,sex_t,eco_isic4_s,edu_isced11_3,2012,42.87
mkd,sex_t,eco_isic4_s,edu_isced11_3,2013,44.24
mkd,sex_t,eco_isic4_s,edu_isced11_3,2014,39.93
mkd,sex_t,eco_isic4_s,edu_isced11_3,2015,40.78
mkd,sex_t,eco_isic4_s,edu_isced11_3,2016,42.22
mkd,sex_t,eco_isic4_s,edu_isced11_3,2017,41.41
mkd,sex_t,eco_isic4_s,edu_isced11_3,2018,40.95
mkd,sex_t,eco_isic4_s,edu_isced11_3,2019,40.66
mkd,sex_t,eco_isic4_s,edu_isced11_3,2020,38.41
mkd,sex_t,eco_isic4_s,edu_isced11_3,2021,39.23
mkd,sex_t,eco_isic4_s,edu_isced11_3,2022,41.06
mkd,sex_t,eco_isic4_s,edu_isced11_3,2024,38.45
mkd,sex_t,eco_isic4_s,edu_isced11_4,2021,35.94
mkd,sex_t,eco_isic4_s,edu_isced11_4,2022,35.15
mkd,sex_t,eco_isic4_s,edu_isced11_4,2024,41.31
mkd,sex_t,eco_isic4_s,edu_isced11_5,2011,34.66
mkd,sex_t,eco_isic4_s,edu_isced11_5,2012,38.73
mkd,sex_t,eco_isic4_s,edu_isced11_5,2013,40
mkd,sex_t,eco_isic4_s,edu_isced11_5,2015,38.17
mkd,sex_t,eco_isic4_s,edu_isced11_5,2016,42.71
mkd,sex_t,eco_isic4_s,edu_isced11_5,2019,40
mkd,sex_t,eco_isic4_s,edu_isced11_5,2021,40.43
mkd,sex_t,eco_isic4_s,edu_isced11_5,2022,37.66
mkd,sex_t,eco_isic4_s,edu_isced11_6,2011,40.15
mkd,sex_t,eco_isic4_s,edu_isced11_6,2012,37.18
mkd,sex_t,eco_isic4_s,edu_isced11_6,2013,44.56
mkd,sex_t,eco_isic4_s,edu_isced11_6,2014,41.31
mkd,sex_t,eco_isic4_s,edu_isced11_6,2015,38.25
mkd,sex_t,eco_isic4_s,edu_isced11_6,2016,39.3
mkd,sex_t,eco_isic4_s,edu_isced11_6,2017,41.81
mkd,sex_t,eco_isic4_s,edu_isced11_6,2018,40.97
mkd,sex_t,eco_isic4_s,edu_isced11_6,2019,41.7
mkd,sex_t,eco_isic4_s,edu_isced11_6,2020,40.16
mkd,sex_t,eco_isic4_s,edu_isced11_6,2021,39.6
mkd,sex_t,eco_isic4_s,edu_isced11_6,2022,39.4
mkd,sex_t,eco_isic4_s,edu_isced11_6,2024,38.77
mkd,sex_t,eco_isic4_s,edu_isced11_7,2011,40
mkd,sex_t,eco_isic4_s,edu_isced11_7,2015,39.06
mkd,sex_t,eco_isic4_s,edu_isced11_7,2016,39.64
mkd,sex_t,eco_isic4_s,edu_isced11_7,2017,47.87
mkd,sex_t,eco_isic4_s,edu_isced11_7,2018,40
mkd,sex_t,eco_isic4_s,edu_isced11_7,2019,29.63
mkd,sex_t,eco_isic4_s,edu_isced11_7,2020,40.21
mkd,sex_t,eco_isic4_s,edu_isced11_7,2021,40
mkd,sex_t,eco_isic4_s,edu_isced11_7,2022,40.37
mkd,sex_t,eco_isic4_s,edu_isced11_7,2024,37.74
mkd,sex_t,eco_isic4_s,edu_isced11_total,2011,40.94
mkd,sex_t,eco_isic4_s,edu_isced11_total,2012,40.92
mkd,sex_t,eco_isic4_s,edu_isced11_total,2013,43.48
mkd,sex_t,eco_isic4_s,edu_isced11_total,2014,39.44
mkd,sex_t,eco_isic4_s,edu_isced11_total,2015,40.18
mkd,sex_t,eco_isic4_s,edu_isced11_total,2016,41.2
mkd,sex_t,eco_isic4_s,edu_isced11_total,2017,41.74
mkd,sex_t,eco_isic4_s,edu_isced11_total,2018,40.88
mkd,sex_t,eco_isic4_s,edu_isced11_total,2019,40.85
mkd,sex_t,eco_isic4_s,edu_isced11_total,2020,38.95
mkd,sex_t,eco_isic4_s,edu_isced11_total,2021,39.24
mkd,sex_t,eco_isic4_s,edu_isced11_total,2022,39.94
mkd,sex_t,eco_isic4_s,edu_isced11_total,2024,38.91
mkd,sex_t,eco_isic4_s,edu_isced11_x,2012,40.94
mkd,sex_t,eco_isic4_s,edu_isced11_x,2018,26.71
mkd,sex_t,eco_isic4_s,edu_isced11_x,2019,35.36
mkd,sex_t,eco_isic4_t,edu_aggregate_bas,2011,29.33
mkd,sex_t,eco_isic4_t,edu_aggregate_bas,2012,28.68
mkd,sex_t,eco_isic4_t,edu_aggregate_bas,2014,37.2
mkd,sex_t,eco_isic4_t,edu_aggregate_bas,2015,40.23
mkd,sex_t,eco_isic4_t,edu_aggregate_bas,2016,21.41
mkd,sex_t,eco_isic4_t,edu_aggregate_bas,2017,27.91
mkd,sex_t,eco_isic4_t,edu_aggregate_bas,2018,36.56
mkd,sex_t,eco_isic4_t,edu_aggregate_bas,2019,27.99
mkd,sex_t,eco_isic4_t,edu_aggregate_bas,2022,23.39
mkd,sex_t,eco_isic4_t,edu_aggregate_bas,2024,26.86
mkd,sex_t,eco_isic4_t,edu_aggregate_int,2011,31.38
mkd,sex_t,eco_isic4_t,edu_aggregate_int,2012,32.89
mkd,sex_t,eco_isic4_t,edu_aggregate_int,2013,34.4
mkd,sex_t,eco_isic4_t,edu_aggregate_int,2014,22.41
mkd,sex_t,eco_isic4_t,edu_aggregate_int,2015,33.98
mkd,sex_t,eco_isic4_t,edu_aggregate_int,2016,36.1
mkd,sex_t,eco_isic4_t,edu_aggregate_int,2017,40.98
mkd,sex_t,eco_isic4_t,edu_aggregate_int,2019,37.46
mkd,sex_t,eco_isic4_t,edu_aggregate_int,2020,36.17
mkd,sex_t,eco_isic4_t,edu_aggregate_int,2022,40
mkd,sex_t,eco_isic4_t,edu_aggregate_int,2024,37.59
mkd,sex_t,eco_isic4_t,edu_aggregate_ltb,2017,18.22
mkd,sex_t,eco_isic4_t,edu_aggregate_total,2011,32.15
mkd,sex_t,eco_isic4_t,edu_aggregate_total,2012,30.55
mkd,sex_t,eco_isic4_t,edu_aggregate_total,2013,33.9
mkd,sex_t,eco_isic4_t,edu_aggregate_total,2014,30.96
mkd,sex_t,eco_isic4_t,edu_aggregate_total,2015,38.89
mkd,sex_t,eco_isic4_t,edu_aggregate_total,2016,26.62
mkd,sex_t,eco_isic4_t,edu_aggregate_total,2017,29.46
mkd,sex_t,eco_isic4_t,edu_aggregate_total,2018,34.53
mkd,sex_t,eco_isic4_t,edu_aggregate_total,2019,35.04
mkd,sex_t,eco_isic4_t,edu_aggregate_total,2020,33.11
mkd,sex_t,eco_isic4_t,edu_aggregate_total,2021,37.84
mkd,sex_t,eco_isic4_t,edu_aggregate_total,2022,30.18
mkd,sex_t,eco_isic4_t,edu_aggregate_total,2024,30.69
mkd,sex_t,eco_isic4_t,edu_isced11_1,2011,27.33
mkd,sex_t,eco_isic4_t,edu_isced11_1,2012,28.68
mkd,sex_t,eco_isic4_t,edu_isced11_1,2014,35.38
mkd,sex_t,eco_isic4_t,edu_isced11_1,2015,40.23
mkd,sex_t,eco_isic4_t,edu_isced11_1,2016,21.41
mkd,sex_t,eco_isic4_t,edu_isced11_1,2017,27.91
mkd,sex_t,eco_isic4_t,edu_isced11_1,2018,36.56
mkd,sex_t,eco_isic4_t,edu_isced11_1,2019,27.99
mkd,sex_t,eco_isic4_t,edu_isced11_1,2022,23.39
mkd,sex_t,eco_isic4_t,edu_isced11_1,2024,26.86
mkd,sex_t,eco_isic4_t,edu_isced11_3,2011,31.38
mkd,sex_t,eco_isic4_t,edu_isced11_3,2012,32.89
mkd,sex_t,eco_isic4_t,edu_isced11_3,2013,34.4
mkd,sex_t,eco_isic4_t,edu_isced11_3,2014,22.41
mkd,sex_t,eco_isic4_t,edu_isced11_3,2015,33.98
mkd,sex_t,eco_isic4_t,edu_isced11_3,2016,36.1
mkd,sex_t,eco_isic4_t,edu_isced11_3,2017,40.98
mkd,sex_t,eco_isic4_t,edu_isced11_3,2019,37.46
mkd,sex_t,eco_isic4_t,edu_isced11_3,2020,36.17
mkd,sex_t,eco_isic4_t,edu_isced11_3,2022,40
mkd,sex_t,eco_isic4_t,edu_isced11_3,2024,37.59
mkd,sex_t,eco_isic4_t,edu_isced11_total,2011,32.15
mkd,sex_t,eco_isic4_t,edu_isced11_total,2012,30.55
mkd,sex_t,eco_isic4_t,edu_isced11_total,2013,33.9
mkd,sex_t,eco_isic4_t,edu_isced11_total,2014,30.96
mkd,sex_t,eco_isic4_t,edu_isced11_total,2015,38.89
mkd,sex_t,eco_isic4_t,edu_isced11_total,2016,26.62
mkd,sex_t,eco_isic4_t,edu_isced11_total,2017,29.46
mkd,sex_t,eco_isic4_t,edu_isced11_total,2018,34.53
mkd,sex_t,eco_isic4_t,edu_isced11_total,2019,35.04
mkd,sex_t,eco_isic4_t,edu_isced11_total,2020,33.11
mkd,sex_t,eco_isic4_t,edu_isced11_total,2021,37.84
mkd,sex_t,eco_isic4_t,edu_isced11_total,2022,30.18
mkd,sex_t,eco_isic4_t,edu_isced11_total,2024,30.69
mkd,sex_t,eco_isic4_total,edu_aggregate_adv,2011,39.52
mkd,sex_t,eco_isic4_total,edu_aggregate_adv,2012,39.84
mkd,sex_t,eco_isic4_total,edu_aggregate_adv,2013,40.17
mkd,sex_t,eco_isic4_total,edu_aggregate_adv,2014,40.25
mkd,sex_t,eco_isic4_total,edu_aggregate_adv,2015,39.75
mkd,sex_t,eco_isic4_total,edu_aggregate_adv,2016,39.87
mkd,sex_t,eco_isic4_total,edu_aggregate_adv,2017,40.26
mkd,sex_t,eco_isic4_total,edu_aggregate_adv,2018,39.87
mkd,sex_t,eco_isic4_total,edu_aggregate_adv,2019,39.37
mkd,sex_t,eco_isic4_total,edu_aggregate_adv,2020,38.25
mkd,sex_t,eco_isic4_total,edu_aggregate_adv,2021,39.32
mkd,sex_t,eco_isic4_total,edu_aggregate_adv,2022,39.23
mkd,sex_t,eco_isic4_total,edu_aggregate_adv,2024,38.44
mkd,sex_t,eco_isic4_total,edu_aggregate_bas,2011,41.5
mkd,sex_t,eco_isic4_total,edu_aggregate_bas,2012,42.09
mkd,sex_t,eco_isic4_total,edu_aggregate_bas,2013,42.45
mkd,sex_t,eco_isic4_total,edu_aggregate_bas,2014,42.54
mkd,sex_t,eco_isic4_total,edu_aggregate_bas,2015,42.64
mkd,sex_t,eco_isic4_total,edu_aggregate_bas,2016,41.58
mkd,sex_t,eco_isic4_total,edu_aggregate_bas,2017,43.15
mkd,sex_t,eco_isic4_total,edu_aggregate_bas,2018,42.59
mkd,sex_t,eco_isic4_total,edu_aggregate_bas,2019,40.79
mkd,sex_t,eco_isic4_total,edu_aggregate_bas,2020,39.12
mkd,sex_t,eco_isic4_total,edu_aggregate_bas,2021,40.37
mkd,sex_t,eco_isic4_total,edu_aggregate_bas,2022,39.45
mkd,sex_t,eco_isic4_total,edu_aggregate_bas,2024,39.77
mkd,sex_t,eco_isic4_total,edu_aggregate_int,2011,41.95
mkd,sex_t,eco_isic4_total,edu_aggregate_int,2012,41.95
mkd,sex_t,eco_isic4_total,edu_aggregate_int,2013,42.15
mkd,sex_t,eco_isic4_total,edu_aggregate_int,2014,41.61
mkd,sex_t,eco_isic4_total,edu_aggregate_int,2015,41.51
mkd,sex_t,eco_isic4_total,edu_aggregate_int,2016,41.84
mkd,sex_t,eco_isic4_total,edu_aggregate_int,2017,42.36
mkd,sex_t,eco_isic4_total,edu_aggregate_int,2018,41.94
mkd,sex_t,eco_isic4_total,edu_aggregate_int,2019,41.07
mkd,sex_t,eco_isic4_total,edu_aggregate_int,2020,39.31
mkd,sex_t,eco_isic4_total,edu_aggregate_int,2021,40.16
mkd,sex_t,eco_isic4_total,edu_aggregate_int,2022,40.11
mkd,sex_t,eco_isic4_total,edu_aggregate_int,2024,39.24
mkd,sex_t,eco_isic4_total,edu_aggregate_ltb,2011,39.09
mkd,sex_t,eco_isic4_total,edu_aggregate_ltb,2012,38.29
mkd,sex_t,eco_isic4_total,edu_aggregate_ltb,2013,41.71
mkd,sex_t,eco_isic4_total,edu_aggregate_ltb,2014,42.02
mkd,sex_t,eco_isic4_total,edu_aggregate_ltb,2015,42.12
mkd,sex_t,eco_isic4_total,edu_aggregate_ltb,2016,40.77
mkd,sex_t,eco_isic4_total,edu_aggregate_ltb,2017,41.16
mkd,sex_t,eco_isic4_total,edu_aggregate_ltb,2018,40.68
mkd,sex_t,eco_isic4_total,edu_aggregate_ltb,2019,37.72
mkd,sex_t,eco_isic4_total,edu_aggregate_ltb,2020,35.57
mkd,sex_t,eco_isic4_total,edu_aggregate_ltb,2021,35.41
mkd,sex_t,eco_isic4_total,edu_aggregate_ltb,2022,37
mkd,sex_t,eco_isic4_total,edu_aggregate_ltb,2024,36.92
mkd,sex_t,eco_isic4_total,edu_aggregate_total,2011,41.19
mkd,sex_t,eco_isic4_total,edu_aggregate_total,2012,41.36
mkd,sex_t,eco_isic4_total,edu_aggregate_total,2013,41.76
mkd,sex_t,eco_isic4_total,edu_aggregate_total,2014,41.5
mkd,sex_t,eco_isic4_total,edu_aggregate_total,2015,41.32
mkd,sex_t,eco_isic4_total,edu_aggregate_total,2016,41.26
mkd,sex_t,eco_isic4_total,edu_aggregate_total,2017,41.92
mkd,sex_t,eco_isic4_total,edu_aggregate_total,2018,41.49
mkd,sex_t,eco_isic4_total,edu_aggregate_total,2019,40.52
mkd,sex_t,eco_isic4_total,edu_aggregate_total,2020,38.92
mkd,sex_t,eco_isic4_total,edu_aggregate_total,2021,39.89
mkd,sex_t,eco_isic4_total,edu_aggregate_total,2022,39.72
mkd,sex_t,eco_isic4_total,edu_aggregate_total,2024,39.02
mkd,sex_t,eco_isic4_total,edu_isced11_0,2011,39.54
mkd,sex_t,eco_isic4_total,edu_isced11_0,2012,38.02
mkd,sex_t,eco_isic4_total,edu_isced11_0,2013,42.42
mkd,sex_t,eco_isic4_total,edu_isced11_0,2014,41.54
mkd,sex_t,eco_isic4_total,edu_isced11_0,2015,42.69
mkd,sex_t,eco_isic4_total,edu_isced11_0,2016,41.32
mkd,sex_t,eco_isic4_total,edu_isced11_0,2017,41.67
mkd,sex_t,eco_isic4_total,edu_isced11_0,2018,41.83
mkd,sex_t,eco_isic4_total,edu_isced11_0,2019,37.7
mkd,sex_t,eco_isic4_total,edu_isced11_0,2020,35.54
mkd,sex_t,eco_isic4_total,edu_isced11_0,2021,34.96
mkd,sex_t,eco_isic4_total,edu_isced11_0,2022,36.56
mkd,sex_t,eco_isic4_total,edu_isced11_0,2024,36.38
mkd,sex_t,eco_isic4_total,edu_isced11_1,2011,41.57
mkd,sex_t,eco_isic4_total,edu_isced11_1,2012,42.11
mkd,sex_t,eco_isic4_total,edu_isced11_1,2013,42.51
mkd,sex_t,eco_isic4_total,edu_isced11_1,2014,42.53
mkd,sex_t,eco_isic4_total,edu_isced11_1,2015,42.63
mkd,sex_t,eco_isic4_total,edu_isced11_1,2016,41.61
mkd,sex_t,eco_isic4_total,edu_isced11_1,2017,43.14
mkd,sex_t,eco_isic4_total,edu_isced11_1,2018,42.57
mkd,sex_t,eco_isic4_total,edu_isced11_1,2019,40.78
mkd,sex_t,eco_isic4_total,edu_isced11_1,2020,39.13
mkd,sex_t,eco_isic4_total,edu_isced11_1,2021,40.37
mkd,sex_t,eco_isic4_total,edu_isced11_1,2022,39.44
mkd,sex_t,eco_isic4_total,edu_isced11_1,2024,39.77
mkd,sex_t,eco_isic4_total,edu_isced11_2,2011,37.75
mkd,sex_t,eco_isic4_total,edu_isced11_2,2012,41.41
mkd,sex_t,eco_isic4_total,edu_isced11_2,2013,38.24
mkd,sex_t,eco_isic4_total,edu_isced11_2,2014,43.6
mkd,sex_t,eco_isic4_total,edu_isced11_2,2015,44.38
mkd,sex_t,eco_isic4_total,edu_isced11_2,2016,40.05
mkd,sex_t,eco_isic4_total,edu_isced11_2,2017,44.36
mkd,sex_t,eco_isic4_total,edu_isced11_2,2018,43.49
mkd,sex_t,eco_isic4_total,edu_isced11_2,2019,42.02
mkd,sex_t,eco_isic4_total,edu_isced11_2,2020,37.78
mkd,sex_t,eco_isic4_total,edu_isced11_2,2021,42.48
mkd,sex_t,eco_isic4_total,edu_isced11_2,2022,42.32
mkd,sex_t,eco_isic4_total,edu_isced11_2,2024,39.64
mkd,sex_t,eco_isic4_total,edu_isced11_3,2011,41.95
mkd,sex_t,eco_isic4_total,edu_isced11_3,2012,41.95
mkd,sex_t,eco_isic4_total,edu_isced11_3,2013,42.15
mkd,sex_t,eco_isic4_total,edu_isced11_3,2014,41.61
mkd,sex_t,eco_isic4_total,edu_isced11_3,2015,41.51
mkd,sex_t,eco_isic4_total,edu_isced11_3,2016,41.84
mkd,sex_t,eco_isic4_total,edu_isced11_3,2017,42.36
mkd,sex_t,eco_isic4_total,edu_isced11_3,2018,41.94
mkd,sex_t,eco_isic4_total,edu_isced11_3,2019,41.07
mkd,sex_t,eco_isic4_total,edu_isced11_3,2020,39.33
mkd,sex_t,eco_isic4_total,edu_isced11_3,2021,40.17
mkd,sex_t,eco_isic4_total,edu_isced11_3,2022,40.12
mkd,sex_t,eco_isic4_total,edu_isced11_3,2024,39.09
mkd,sex_t,eco_isic4_total,edu_isced11_4,2020,36.85
mkd,sex_t,eco_isic4_total,edu_isced11_4,2021,38.59
mkd,sex_t,eco_isic4_total,edu_isced11_4,2022,39.08
mkd,sex_t,eco_isic4_total,edu_isced11_4,2024,39.83
mkd,sex_t,eco_isic4_total,edu_isced11_5,2011,40.55
mkd,sex_t,eco_isic4_total,edu_isced11_5,2012,40.52
mkd,sex_t,eco_isic4_total,edu_isced11_5,2013,40.23
mkd,sex_t,eco_isic4_total,edu_isced11_5,2014,40.46
mkd,sex_t,eco_isic4_total,edu_isced11_5,2015,40.48
mkd,sex_t,eco_isic4_total,edu_isced11_5,2016,41.11
mkd,sex_t,eco_isic4_total,edu_isced11_5,2017,41.44
mkd,sex_t,eco_isic4_total,edu_isced11_5,2018,40.51
mkd,sex_t,eco_isic4_total,edu_isced11_5,2019,40.28
mkd,sex_t,eco_isic4_total,edu_isced11_5,2020,38.33
mkd,sex_t,eco_isic4_total,edu_isced11_5,2021,40.14
mkd,sex_t,eco_isic4_total,edu_isced11_5,2022,39.86
mkd,sex_t,eco_isic4_total,edu_isced11_5,2024,37.82
mkd,sex_t,eco_isic4_total,edu_isced11_6,2011,39.37
mkd,sex_t,eco_isic4_total,edu_isced11_6,2012,39.84
mkd,sex_t,eco_isic4_total,edu_isced11_6,2013,40.23
mkd,sex_t,eco_isic4_total,edu_isced11_6,2014,40.28
mkd,sex_t,eco_isic4_total,edu_isced11_6,2015,39.74
mkd,sex_t,eco_isic4_total,edu_isced11_6,2016,39.76
mkd,sex_t,eco_isic4_total,edu_isced11_6,2017,40.22
mkd,sex_t,eco_isic4_total,edu_isced11_6,2018,39.85
mkd,sex_t,eco_isic4_total,edu_isced11_6,2019,39.25
mkd,sex_t,eco_isic4_total,edu_isced11_6,2020,38.26
mkd,sex_t,eco_isic4_total,edu_isced11_6,2021,39.25
mkd,sex_t,eco_isic4_total,edu_isced11_6,2022,39.17
mkd,sex_t,eco_isic4_total,edu_isced11_6,2024,38.52
mkd,sex_t,eco_isic4_total,edu_isced11_7,2011,39.08
mkd,sex_t,eco_isic4_total,edu_isced11_7,2012,38.54
mkd,sex_t,eco_isic4_total,edu_isced11_7,2013,39.96
mkd,sex_t,eco_isic4_total,edu_isced11_7,2014,39.55
mkd,sex_t,eco_isic4_total,edu_isced11_7,2015,39.16
mkd,sex_t,eco_isic4_total,edu_isced11_7,2016,39.52
mkd,sex_t,eco_isic4_total,edu_isced11_7,2017,39.9
mkd,sex_t,eco_isic4_total,edu_isced11_7,2018,39.6
mkd,sex_t,eco_isic4_total,edu_isced11_7,2019,39.59
mkd,sex_t,eco_isic4_total,edu_isced11_7,2020,38.03
mkd,sex_t,eco_isic4_total,edu_isced11_7,2021,39.38
mkd,sex_t,eco_isic4_total,edu_isced11_7,2022,39.35
mkd,sex_t,eco_isic4_total,edu_isced11_7,2024,38.28
mkd,sex_t,eco_isic4_total,edu_isced11_8,2011,39.55
mkd,sex_t,eco_isic4_total,edu_isced11_8,2012,36.76
mkd,sex_t,eco_isic4_total,edu_isced11_8,2013,37.26
mkd,sex_t,eco_isic4_total,edu_isced11_8,2014,39.89
mkd,sex_t,eco_isic4_total,edu_isced11_8,2015,37.8
mkd,sex_t,eco_isic4_total,edu_isced11_8,2016,40.07
mkd,sex_t,eco_isic4_total,edu_isced11_8,2017,38.67
mkd,sex_t,eco_isic4_total,edu_isced11_8,2018,38.85
mkd,sex_t,eco_isic4_total,edu_isced11_8,2019,39.59
mkd,sex_t,eco_isic4_total,edu_isced11_8,2020,38.55
mkd,sex_t,eco_isic4_total,edu_isced11_8,2021,38.85
mkd,sex_t,eco_isic4_total,edu_isced11_8,2022,39.1
mkd,sex_t,eco_isic4_total,edu_isced11_8,2024,37.74
mkd,sex_t,eco_isic4_total,edu_isced11_total,2011,41.19
mkd,sex_t,eco_isic4_total,edu_isced11_total,2012,41.36
mkd,sex_t,eco_isic4_total,edu_isced11_total,2013,41.76
mkd,sex_t,eco_isic4_total,edu_isced11_total,2014,41.5
mkd,sex_t,eco_isic4_total,edu_isced11_total,2015,41.32
mkd,sex_t,eco_isic4_total,edu_isced11_total,2016,41.26
mkd,sex_t,eco_isic4_total,edu_isced11_total,2017,41.92
mkd,sex_t,eco_isic4_total,edu_isced11_total,2018,41.49
mkd,sex_t,eco_isic4_total,edu_isced11_total,2019,40.52
mkd,sex_t,eco_isic4_total,edu_isced11_total,2020,38.92
mkd,sex_t,eco_isic4_total,edu_isced11_total,2021,39.89
mkd,sex_t,eco_isic4_total,edu_isced11_total,2022,39.72
mkd,sex_t,eco_isic4_total,edu_isced11_total,2024,39.02
mkd,sex_t,eco_isic4_total,edu_isced11_x,2011,35.91
mkd,sex_t,eco_isic4_total,edu_isced11_x,2012,39.88
mkd,sex_t,eco_isic4_total,edu_isced11_x,2013,38.52
mkd,sex_t,eco_isic4_total,edu_isced11_x,2014,44.36
mkd,sex_t,eco_isic4_total,edu_isced11_x,2015,38.17
mkd,sex_t,eco_isic4_total,edu_isced11_x,2016,38.81
mkd,sex_t,eco_isic4_total,edu_isced11_x,2017,38.85
mkd,sex_t,eco_isic4_total,edu_isced11_x,2018,36.14
mkd,sex_t,eco_isic4_total,edu_isced11_x,2019,37.77
mkd,sex_t,eco_isic4_total,edu_isced11_x,2020,35.66
mkd,sex_t,eco_isic4_total,edu_isced11_x,2021,36.94
mkd,sex_t,eco_isic4_total,edu_isced11_x,2022,38.17
mkd,sex_t,eco_isic4_total,edu_isced11_x,2024,37.98
mkd,sex_t,eco_isic4_u,edu_aggregate_adv,2011,39.93
mkd,sex_t,eco_isic4_u,edu_aggregate_adv,2012,36.69
mkd,sex_t,eco_isic4_u,edu_aggregate_adv,2013,40
mkd,sex_t,eco_isic4_u,edu_aggregate_adv,2015,39.38
mkd,sex_t,eco_isic4_u,edu_aggregate_adv,2016,40
mkd,sex_t,eco_isic4_u,edu_aggregate_adv,2017,36.55
mkd,sex_t,eco_isic4_u,edu_aggregate_adv,2018,37.98
mkd,sex_t,eco_isic4_u,edu_aggregate_adv,2019,39.8
mkd,sex_t,eco_isic4_u,edu_aggregate_adv,2020,37.78
mkd,sex_t,eco_isic4_u,edu_aggregate_adv,2021,39.01
mkd,sex_t,eco_isic4_u,edu_aggregate_adv,2022,35.14
mkd,sex_t,eco_isic4_u,edu_aggregate_adv,2024,39.57
mkd,sex_t,eco_isic4_u,edu_aggregate_int,2011,39.66
mkd,sex_t,eco_isic4_u,edu_aggregate_int,2012,38.86
mkd,sex_t,eco_isic4_u,edu_aggregate_int,2017,40
mkd,sex_t,eco_isic4_u,edu_aggregate_int,2018,38.96
mkd,sex_t,eco_isic4_u,edu_aggregate_int,2019,40
mkd,sex_t,eco_isic4_u,edu_aggregate_int,2020,40
mkd,sex_t,eco_isic4_u,edu_aggregate_total,2011,39.84
mkd,sex_t,eco_isic4_u,edu_aggregate_total,2012,38.54
mkd,sex_t,eco_isic4_u,edu_aggregate_total,2013,40
mkd,sex_t,eco_isic4_u,edu_aggregate_total,2015,39.49
mkd,sex_t,eco_isic4_u,edu_aggregate_total,2016,39.72
mkd,sex_t,eco_isic4_u,edu_aggregate_total,2017,37.58
mkd,sex_t,eco_isic4_u,edu_aggregate_total,2018,38.34
mkd,sex_t,eco_isic4_u,edu_aggregate_total,2019,39.84
mkd,sex_t,eco_isic4_u,edu_aggregate_total,2020,38.22
mkd,sex_t,eco_isic4_u,edu_aggregate_total,2021,38.92
mkd,sex_t,eco_isic4_u,edu_aggregate_total,2022,35.61
mkd,sex_t,eco_isic4_u,edu_aggregate_total,2024,39.59
mkd,sex_t,eco_isic4_u,edu_isced11_3,2011,39.66
mkd,sex_t,eco_isic4_u,edu_isced11_3,2012,38.86
mkd,sex_t,eco_isic4_u,edu_isced11_3,2017,40
mkd,sex_t,eco_isic4_u,edu_isced11_3,2018,38.96
mkd,sex_t,eco_isic4_u,edu_isced11_3,2019,40
mkd,sex_t,eco_isic4_u,edu_isced11_3,2020,40
mkd,sex_t,eco_isic4_u,edu_isced11_6,2011,39.9
mkd,sex_t,eco_isic4_u,edu_isced11_6,2012,36.12
mkd,sex_t,eco_isic4_u,edu_isced11_6,2013,40
mkd,sex_t,eco_isic4_u,edu_isced11_6,2016,40
mkd,sex_t,eco_isic4_u,edu_isced11_6,2017,36.71
mkd,sex_t,eco_isic4_u,edu_isced11_6,2018,38.74
mkd,sex_t,eco_isic4_u,edu_isced11_6,2019,39.76
mkd,sex_t,eco_isic4_u,edu_isced11_6,2020,37.18
mkd,sex_t,eco_isic4_u,edu_isced11_6,2021,38.9
mkd,sex_t,eco_isic4_u,edu_isced11_6,2022,33.56
mkd,sex_t,eco_isic4_u,edu_isced11_6,2024,39.36
mkd,sex_t,eco_isic4_u,edu_isced11_7,2019,40
mkd,sex_t,eco_isic4_u,edu_isced11_total,2011,39.84
mkd,sex_t,eco_isic4_u,edu_isced11_total,2012,38.54
mkd,sex_t,eco_isic4_u,edu_isced11_total,2013,40
mkd,sex_t,eco_isic4_u,edu_isced11_total,2015,39.49
mkd,sex_t,eco_isic4_u,edu_isced11_total,2016,39.72
mkd,sex_t,eco_isic4_u,edu_isced11_total,2017,37.58
mkd,sex_t,eco_isic4_u,edu_isced11_total,2018,38.34
mkd,sex_t,eco_isic4_u,edu_isced11_total,2019,39.84
mkd,sex_t,eco_isic4_u,edu_isced11_total,2020,38.22
mkd,sex_t,eco_isic4_u,edu_isced11_total,2021,38.92
mkd,sex_t,eco_isic4_u,edu_isced11_total,2022,35.61
mkd,sex_t,eco_isic4_u,edu_isced11_total,2024,39.59
mkd,sex_t,eco_sector_agr,edu_aggregate_adv,2006,40.37
mkd,sex_t,eco_sector_agr,edu_aggregate_adv,2007,39.42
mkd,sex_t,eco_sector_agr,edu_aggregate_adv,2008,39.84
mkd,sex_t,eco_sector_agr,edu_aggregate_adv,2009,40.96
mkd,sex_t,eco_sector_agr,edu_aggregate_adv,2010,39.85
mkd,sex_t,eco_sector_agr,edu_aggregate_adv,2011,38.37
mkd,sex_t,eco_sector_agr,edu_aggregate_adv,2012,38.14
mkd,sex_t,eco_sector_agr,edu_aggregate_adv,2013,42.97
mkd,sex_t,eco_sector_agr,edu_aggregate_adv,2014,41.19
mkd,sex_t,eco_sector_agr,edu_aggregate_adv,2015,42.76
mkd,sex_t,eco_sector_agr,edu_aggregate_adv,2016,39.72
mkd,sex_t,eco_sector_agr,edu_aggregate_adv,2017,40.44
mkd,sex_t,eco_sector_agr,edu_aggregate_adv,2018,39.57
mkd,sex_t,eco_sector_agr,edu_aggregate_adv,2019,36.16
mkd,sex_t,eco_sector_agr,edu_aggregate_adv,2020,36.98
mkd,sex_t,eco_sector_agr,edu_aggregate_adv,2021,38.44
mkd,sex_t,eco_sector_agr,edu_aggregate_adv,2022,39.28
mkd,sex_t,eco_sector_agr,edu_aggregate_adv,2024,38.1
mkd,sex_t,eco_sector_agr,edu_aggregate_bas,2006,41.87
mkd,sex_t,eco_sector_agr,edu_aggregate_bas,2007,40.9
mkd,sex_t,eco_sector_agr,edu_aggregate_bas,2008,39.38
mkd,sex_t,eco_sector_agr,edu_aggregate_bas,2009,37.12
mkd,sex_t,eco_sector_agr,edu_aggregate_bas,2010,36.19
mkd,sex_t,eco_sector_agr,edu_aggregate_bas,2011,38.56
mkd,sex_t,eco_sector_agr,edu_aggregate_bas,2012,40.33
mkd,sex_t,eco_sector_agr,edu_aggregate_bas,2013,41.56
mkd,sex_t,eco_sector_agr,edu_aggregate_bas,2014,42.86
mkd,sex_t,eco_sector_agr,edu_aggregate_bas,2015,44.04
mkd,sex_t,eco_sector_agr,edu_aggregate_bas,2016,40.21
mkd,sex_t,eco_sector_agr,edu_aggregate_bas,2017,43.33
mkd,sex_t,eco_sector_agr,edu_aggregate_bas,2018,43.18
mkd,sex_t,eco_sector_agr,edu_aggregate_bas,2019,39
mkd,sex_t,eco_sector_agr,edu_aggregate_bas,2020,36.92
mkd,sex_t,eco_sector_agr,edu_aggregate_bas,2021,39.35
mkd,sex_t,eco_sector_agr,edu_aggregate_bas,2022,37.76
mkd,sex_t,eco_sector_agr,edu_aggregate_bas,2024,39.58
mkd,sex_t,eco_sector_agr,edu_aggregate_int,2006,42.63
mkd,sex_t,eco_sector_agr,edu_aggregate_int,2007,39.8
mkd,sex_t,eco_sector_agr,edu_aggregate_int,2008,41.14
mkd,sex_t,eco_sector_agr,edu_aggregate_int,2009,40.06
mkd,sex_t,eco_sector_agr,edu_aggregate_int,2010,39.1
mkd,sex_t,eco_sector_agr,edu_aggregate_int,2011,38.19
mkd,sex_t,eco_sector_agr,edu_aggregate_int,2012,38.95
mkd,sex_t,eco_sector_agr,edu_aggregate_int,2013,43.01
mkd,sex_t,eco_sector_agr,edu_aggregate_int,2014,44.17
mkd,sex_t,eco_sector_agr,edu_aggregate_int,2015,43.87
mkd,sex_t,eco_sector_agr,edu_aggregate_int,2016,42.03
mkd,sex_t,eco_sector_agr,edu_aggregate_int,2017,43.18
mkd,sex_t,eco_sector_agr,edu_aggregate_int,2018,42.99
mkd,sex_t,eco_sector_agr,edu_aggregate_int,2019,40.9
mkd,sex_t,eco_sector_agr,edu_aggregate_int,2020,37.06
mkd,sex_t,eco_sector_agr,edu_aggregate_int,2021,37.73
mkd,sex_t,eco_sector_agr,edu_aggregate_int,2022,38.56
mkd,sex_t,eco_sector_agr,edu_aggregate_int,2024,38.7
mkd,sex_t,eco_sector_agr,edu_aggregate_ltb,2006,43.16
mkd,sex_t,eco_sector_agr,edu_aggregate_ltb,2007,41.38
mkd,sex_t,eco_sector_agr,edu_aggregate_ltb,2008,39.65
mkd,sex_t,eco_sector_agr,edu_aggregate_ltb,2009,35.71
mkd,sex_t,eco_sector_agr,edu_aggregate_ltb,2010,35.62
mkd,sex_t,eco_sector_agr,edu_aggregate_ltb,2011,38.96
mkd,sex_t,eco_sector_agr,edu_aggregate_ltb,2012,37.69
mkd,sex_t,eco_sector_agr,edu_aggregate_ltb,2013,42.52
mkd,sex_t,eco_sector_agr,edu_aggregate_ltb,2014,42.47
mkd,sex_t,eco_sector_agr,edu_aggregate_ltb,2015,43.14
mkd,sex_t,eco_sector_agr,edu_aggregate_ltb,2016,41.31
mkd,sex_t,eco_sector_agr,edu_aggregate_ltb,2017,42.35
mkd,sex_t,eco_sector_agr,edu_aggregate_ltb,2018,43.44
mkd,sex_t,eco_sector_agr,edu_aggregate_ltb,2019,38.16
mkd,sex_t,eco_sector_agr,edu_aggregate_ltb,2020,34.39
mkd,sex_t,eco_sector_agr,edu_aggregate_ltb,2021,35.48
mkd,sex_t,eco_sector_agr,edu_aggregate_ltb,2022,38.1
mkd,sex_t,eco_sector_agr,edu_aggregate_ltb,2024,36.05
mkd,sex_t,eco_sector_agr,edu_aggregate_total,2006,42.3
mkd,sex_t,eco_sector_agr,edu_aggregate_total,2007,40.64
mkd,sex_t,eco_sector_agr,edu_aggregate_total,2008,39.93
mkd,sex_t,eco_sector_agr,edu_aggregate_total,2009,37.78
mkd,sex_t,eco_sector_agr,edu_aggregate_total,2010,37.06
mkd,sex_t,eco_sector_agr,edu_aggregate_total,2011,38.52
mkd,sex_t,eco_sector_agr,edu_aggregate_total,2012,39.4
mkd,sex_t,eco_sector_agr,edu_aggregate_total,2013,42.23
mkd,sex_t,eco_sector_agr,edu_aggregate_total,2014,43.21
mkd,sex_t,eco_sector_agr,edu_aggregate_total,2015,43.83
mkd,sex_t,eco_sector_agr,edu_aggregate_total,2016,41.03
mkd,sex_t,eco_sector_agr,edu_aggregate_total,2017,43.03
mkd,sex_t,eco_sector_agr,edu_aggregate_total,2018,42.94
mkd,sex_t,eco_sector_agr,edu_aggregate_total,2019,39.63
mkd,sex_t,eco_sector_agr,edu_aggregate_total,2020,36.76
mkd,sex_t,eco_sector_agr,edu_aggregate_total,2021,38.33
mkd,sex_t,eco_sector_agr,edu_aggregate_total,2022,38.24
mkd,sex_t,eco_sector_agr,edu_aggregate_total,2024,38.51
mkd,sex_t,eco_sector_agr,edu_isced11_0,2006,43.64
mkd,sex_t,eco_sector_agr,edu_isced11_0,2007,42.79
mkd,sex_t,eco_sector_agr,edu_isced11_0,2008,39.83
mkd,sex_t,eco_sector_agr,edu_isced11_0,2009,35.62
mkd,sex_t,eco_sector_agr,edu_isced11_0,2010,35.35
mkd,sex_t,eco_sector_agr,edu_isced11_0,2011,39.32
mkd,sex_t,eco_sector_agr,edu_isced11_0,2012,37.57
mkd,sex_t,eco_sector_agr,edu_isced11_0,2013,42.56
mkd,sex_t,eco_sector_agr,edu_isced11_0,2014,41.78
mkd,sex_t,eco_sector_agr,edu_isced11_0,2015,43.5
mkd,sex_t,eco_sector_agr,edu_isced11_0,2016,41.39
mkd,sex_t,eco_sector_agr,edu_isced11_0,2017,42.58
mkd,sex_t,eco_sector_agr,edu_isced11_0,2018,43.21
mkd,sex_t,eco_sector_agr,edu_isced11_0,2019,38.1
mkd,sex_t,eco_sector_agr,edu_isced11_0,2020,34.09
mkd,sex_t,eco_sector_agr,edu_isced11_0,2021,35.69
mkd,sex_t,eco_sector_agr,edu_isced11_0,2022,37.66
mkd,sex_t,eco_sector_agr,edu_isced11_0,2024,36.48
mkd,sex_t,eco_sector_agr,edu_isced11_1,2006,41.81
mkd,sex_t,eco_sector_agr,edu_isced11_1,2007,41.04
mkd,sex_t,eco_sector_agr,edu_isced11_1,2008,39.43
mkd,sex_t,eco_sector_agr,edu_isced11_1,2009,37.04
mkd,sex_t,eco_sector_agr,edu_isced11_1,2010,36.13
mkd,sex_t,eco_sector_agr,edu_isced11_1,2011,38.71
mkd,sex_t,eco_sector_agr,edu_isced11_1,2012,40.29
mkd,sex_t,eco_sector_agr,edu_isced11_1,2013,41.54
mkd,sex_t,eco_sector_agr,edu_isced11_1,2014,42.87
mkd,sex_t,eco_sector_agr,edu_isced11_1,2015,44.01
mkd,sex_t,eco_sector_agr,edu_isced11_1,2016,40.19
mkd,sex_t,eco_sector_agr,edu_isced11_1,2017,43.31
mkd,sex_t,eco_sector_agr,edu_isced11_1,2018,43.16
mkd,sex_t,eco_sector_agr,edu_isced11_1,2019,38.96
mkd,sex_t,eco_sector_agr,edu_isced11_1,2020,36.96
mkd,sex_t,eco_sector_agr,edu_isced11_1,2021,39.35
mkd,sex_t,eco_sector_agr,edu_isced11_1,2022,37.78
mkd,sex_t,eco_sector_agr,edu_isced11_1,2024,39.56
mkd,sex_t,eco_sector_agr,edu_isced11_2,2006,45.69
mkd,sex_t,eco_sector_agr,edu_isced11_2,2007,35.83
mkd,sex_t,eco_sector_agr,edu_isced11_2,2008,36.59
mkd,sex_t,eco_sector_agr,edu_isced11_2,2009,41.97
mkd,sex_t,eco_sector_agr,edu_isced11_2,2010,42.12
mkd,sex_t,eco_sector_agr,edu_isced11_2,2011,29.38
mkd,sex_t,eco_sector_agr,edu_isced11_2,2012,43.91
mkd,sex_t,eco_sector_agr,edu_isced11_2,2014,40.76
mkd,sex_t,eco_sector_agr,edu_isced11_2,2015,48.66
mkd,sex_t,eco_sector_agr,edu_isced11_2,2016,41.92
mkd,sex_t,eco_sector_agr,edu_isced11_2,2017,45.76
mkd,sex_t,eco_sector_agr,edu_isced11_2,2018,45.46
mkd,sex_t,eco_sector_agr,edu_isced11_2,2019,46.44
mkd,sex_t,eco_sector_agr,edu_isced11_2,2020,26.15
mkd,sex_t,eco_sector_agr,edu_isced11_3,2006,42.63
mkd,sex_t,eco_sector_agr,edu_isced11_3,2007,39.8
mkd,sex_t,eco_sector_agr,edu_isced11_3,2008,41.14
mkd,sex_t,eco_sector_agr,edu_isced11_3,2009,40.06
mkd,sex_t,eco_sector_agr,edu_isced11_3,2010,39.1
mkd,sex_t,eco_sector_agr,edu_isced11_3,2011,38.19
mkd,sex_t,eco_sector_agr,edu_isced11_3,2012,38.95
mkd,sex_t,eco_sector_agr,edu_isced11_3,2013,43.01
mkd,sex_t,eco_sector_agr,edu_isced11_3,2014,44.17
mkd,sex_t,eco_sector_agr,edu_isced11_3,2015,43.87
mkd,sex_t,eco_sector_agr,edu_isced11_3,2016,42.03
mkd,sex_t,eco_sector_agr,edu_isced11_3,2017,43.18
mkd,sex_t,eco_sector_agr,edu_isced11_3,2018,42.99
mkd,sex_t,eco_sector_agr,edu_isced11_3,2019,40.9
mkd,sex_t,eco_sector_agr,edu_isced11_3,2020,37.06
mkd,sex_t,eco_sector_agr,edu_isced11_3,2021,37.77
mkd,sex_t,eco_sector_agr,edu_isced11_3,2022,38.56
mkd,sex_t,eco_sector_agr,edu_isced11_3,2024,38.89
mkd,sex_t,eco_sector_agr,edu_isced11_4,2024,37.82
mkd,sex_t,eco_sector_agr,edu_isced11_5,2006,38.53
mkd,sex_t,eco_sector_agr,edu_isced11_5,2007,38.72
mkd,sex_t,eco_sector_agr,edu_isced11_5,2008,39.77
mkd,sex_t,eco_sector_agr,edu_isced11_5,2009,43.33
mkd,sex_t,eco_sector_agr,edu_isced11_5,2010,36.12
mkd,sex_t,eco_sector_agr,edu_isced11_5,2011,38.12
mkd,sex_t,eco_sector_agr,edu_isced11_5,2012,38.76
mkd,sex_t,eco_sector_agr,edu_isced11_5,2013,42.54
mkd,sex_t,eco_sector_agr,edu_isced11_5,2014,36.99
mkd,sex_t,eco_sector_agr,edu_isced11_5,2015,39.83
mkd,sex_t,eco_sector_agr,edu_isced11_5,2016,41.78
mkd,sex_t,eco_sector_agr,edu_isced11_5,2017,42.76
mkd,sex_t,eco_sector_agr,edu_isced11_5,2018,41.01
mkd,sex_t,eco_sector_agr,edu_isced11_5,2019,38.1
mkd,sex_t,eco_sector_agr,edu_isced11_5,2020,36.53
mkd,sex_t,eco_sector_agr,edu_isced11_5,2021,38.44
mkd,sex_t,eco_sector_agr,edu_isced11_5,2022,39.05
mkd,sex_t,eco_sector_agr,edu_isced11_5,2024,36.5
mkd,sex_t,eco_sector_agr,edu_isced11_6,2006,40.97
mkd,sex_t,eco_sector_agr,edu_isced11_6,2007,39.79
mkd,sex_t,eco_sector_agr,edu_isced11_6,2008,39.87
mkd,sex_t,eco_sector_agr,edu_isced11_6,2009,39.65
mkd,sex_t,eco_sector_agr,edu_isced11_6,2010,42.05
mkd,sex_t,eco_sector_agr,edu_isced11_6,2011,38.46
mkd,sex_t,eco_sector_agr,edu_isced11_6,2012,38.32
mkd,sex_t,eco_sector_agr,edu_isced11_6,2013,43.13
mkd,sex_t,eco_sector_agr,edu_isced11_6,2014,42.74
mkd,sex_t,eco_sector_agr,edu_isced11_6,2015,43.4
mkd,sex_t,eco_sector_agr,edu_isced11_6,2016,39.1
mkd,sex_t,eco_sector_agr,edu_isced11_6,2017,39.74
mkd,sex_t,eco_sector_agr,edu_isced11_6,2018,39.26
mkd,sex_t,eco_sector_agr,edu_isced11_6,2019,35.46
mkd,sex_t,eco_sector_agr,edu_isced11_6,2020,36.91
mkd,sex_t,eco_sector_agr,edu_isced11_6,2021,38.35
mkd,sex_t,eco_sector_agr,edu_isced11_6,2022,39.28
mkd,sex_t,eco_sector_agr,edu_isced11_6,2024,38.56
mkd,sex_t,eco_sector_agr,edu_isced11_7,2016,38.68
mkd,sex_t,eco_sector_agr,edu_isced11_total,2006,42.3
mkd,sex_t,eco_sector_agr,edu_isced11_total,2007,40.64
mkd,sex_t,eco_sector_agr,edu_isced11_total,2008,39.93
mkd,sex_t,eco_sector_agr,edu_isced11_total,2009,37.78
mkd,sex_t,eco_sector_agr,edu_isced11_total,2010,37.06
mkd,sex_t,eco_sector_agr,edu_isced11_total,2011,38.52
mkd,sex_t,eco_sector_agr,edu_isced11_total,2012,39.4
mkd,sex_t,eco_sector_agr,edu_isced11_total,2013,42.23
mkd,sex_t,eco_sector_agr,edu_isced11_total,2014,43.21
mkd,sex_t,eco_sector_agr,edu_isced11_total,2015,43.83
mkd,sex_t,eco_sector_agr,edu_isced11_total,2016,41.03
mkd,sex_t,eco_sector_agr,edu_isced11_total,2017,43.03
mkd,sex_t,eco_sector_agr,edu_isced11_total,2018,42.94
mkd,sex_t,eco_sector_agr,edu_isced11_total,2019,39.63
mkd,sex_t,eco_sector_agr,edu_isced11_total,2020,36.76
mkd,sex_t,eco_sector_agr,edu_isced11_total,2021,38.33
mkd,sex_t,eco_sector_agr,edu_isced11_total,2022,38.24
mkd,sex_t,eco_sector_agr,edu_isced11_total,2024,38.51
mkd,sex_t,eco_sector_agr,edu_isced11_x,2006,38.98
mkd,sex_t,eco_sector_agr,edu_isced11_x,2007,36.83
mkd,sex_t,eco_sector_agr,edu_isced11_x,2008,38.29
mkd,sex_t,eco_sector_agr,edu_isced11_x,2009,36.81
mkd,sex_t,eco_sector_agr,edu_isced11_x,2010,37.54
mkd,sex_t,eco_sector_agr,edu_isced11_x,2011,35.25
mkd,sex_t,eco_sector_agr,edu_isced11_x,2012,38.53
mkd,sex_t,eco_sector_agr,edu_isced11_x,2013,42.25
mkd,sex_t,eco_sector_agr,edu_isced11_x,2014,48.76
mkd,sex_t,eco_sector_agr,edu_isced11_x,2015,39.7
mkd,sex_t,eco_sector_agr,edu_isced11_x,2016,40.87
mkd,sex_t,eco_sector_agr,edu_isced11_x,2017,40.81
mkd,sex_t,eco_sector_agr,edu_isced11_x,2018,46.07
mkd,sex_t,eco_sector_agr,edu_isced11_x,2019,38.45
mkd,sex_t,eco_sector_agr,edu_isced11_x,2020,35.38
mkd,sex_t,eco_sector_agr,edu_isced11_x,2021,34.6
mkd,sex_t,eco_sector_agr,edu_isced11_x,2022,40.03
mkd,sex_t,eco_sector_agr,edu_isced11_x,2024,33.77
mkd,sex_t,eco_sector_ind,edu_aggregate_adv,2006,43
mkd,sex_t,eco_sector_ind,edu_aggregate_adv,2007,42.29
mkd,sex_t,eco_sector_ind,edu_aggregate_adv,2008,41.73
mkd,sex_t,eco_sector_ind,edu_aggregate_adv,2009,41.98
mkd,sex_t,eco_sector_ind,edu_aggregate_adv,2010,41.86
mkd,sex_t,eco_sector_ind,edu_aggregate_adv,2011,40.41
mkd,sex_t,eco_sector_ind,edu_aggregate_adv,2012,40.97
mkd,sex_t,eco_sector_ind,edu_aggregate_adv,2013,40.62
mkd,sex_t,eco_sector_ind,edu_aggregate_adv,2014,40.92
mkd,sex_t,eco_sector_ind,edu_aggregate_adv,2015,40.43
mkd,sex_t,eco_sector_ind,edu_aggregate_adv,2016,40.88
mkd,sex_t,eco_sector_ind,edu_aggregate_adv,2017,41.46
mkd,sex_t,eco_sector_ind,edu_aggregate_adv,2018,40.54
mkd,sex_t,eco_sector_ind,edu_aggregate_adv,2019,40.13
mkd,sex_t,eco_sector_ind,edu_aggregate_adv,2020,38.98
mkd,sex_t,eco_sector_ind,edu_aggregate_adv,2021,39.79
mkd,sex_t,eco_sector_ind,edu_aggregate_adv,2022,39.5
mkd,sex_t,eco_sector_ind,edu_aggregate_adv,2024,38.29
mkd,sex_t,eco_sector_ind,edu_aggregate_bas,2006,45.83
mkd,sex_t,eco_sector_ind,edu_aggregate_bas,2007,45.15
mkd,sex_t,eco_sector_ind,edu_aggregate_bas,2008,45.82
mkd,sex_t,eco_sector_ind,edu_aggregate_bas,2009,45.89
mkd,sex_t,eco_sector_ind,edu_aggregate_bas,2010,45.31
mkd,sex_t,eco_sector_ind,edu_aggregate_bas,2011,44.74
mkd,sex_t,eco_sector_ind,edu_aggregate_bas,2012,44.25
mkd,sex_t,eco_sector_ind,edu_aggregate_bas,2013,43.3
mkd,sex_t,eco_sector_ind,edu_aggregate_bas,2014,43.25
mkd,sex_t,eco_sector_ind,edu_aggregate_bas,2015,42.16
mkd,sex_t,eco_sector_ind,edu_aggregate_bas,2016,43.6
mkd,sex_t,eco_sector_ind,edu_aggregate_bas,2017,43.79
mkd,sex_t,eco_sector_ind,edu_aggregate_bas,2018,42.46
mkd,sex_t,eco_sector_ind,edu_aggregate_bas,2019,42.3
mkd,sex_t,eco_sector_ind,edu_aggregate_bas,2020,40.57
mkd,sex_t,eco_sector_ind,edu_aggregate_bas,2021,40.91
mkd,sex_t,eco_sector_ind,edu_aggregate_bas,2022,41.02
mkd,sex_t,eco_sector_ind,edu_aggregate_bas,2024,39.84
mkd,sex_t,eco_sector_ind,edu_aggregate_int,2006,44.04
mkd,sex_t,eco_sector_ind,edu_aggregate_int,2007,44.13
mkd,sex_t,eco_sector_ind,edu_aggregate_int,2008,43.94
mkd,sex_t,eco_sector_ind,edu_aggregate_int,2009,43.12
mkd,sex_t,eco_sector_ind,edu_aggregate_int,2010,43.39
mkd,sex_t,eco_sector_ind,edu_aggregate_int,2011,43.05
mkd,sex_t,eco_sector_ind,edu_aggregate_int,2012,42.56
mkd,sex_t,eco_sector_ind,edu_aggregate_int,2013,42.49
mkd,sex_t,eco_sector_ind,edu_aggregate_int,2014,41.7
mkd,sex_t,eco_sector_ind,edu_aggregate_int,2015,41.68
mkd,sex_t,eco_sector_ind,edu_aggregate_int,2016,42.23
mkd,sex_t,eco_sector_ind,edu_aggregate_int,2017,42.46
mkd,sex_t,eco_sector_ind,edu_aggregate_int,2018,41.88
mkd,sex_t,eco_sector_ind,edu_aggregate_int,2019,40.97
mkd,sex_t,eco_sector_ind,edu_aggregate_int,2020,39.72
mkd,sex_t,eco_sector_ind,edu_aggregate_int,2021,40.4
mkd,sex_t,eco_sector_ind,edu_aggregate_int,2022,40.31
mkd,sex_t,eco_sector_ind,edu_aggregate_int,2024,39.06
mkd,sex_t,eco_sector_ind,edu_aggregate_ltb,2006,42.47
mkd,sex_t,eco_sector_ind,edu_aggregate_ltb,2007,44.49
mkd,sex_t,eco_sector_ind,edu_aggregate_ltb,2008,45.49
mkd,sex_t,eco_sector_ind,edu_aggregate_ltb,2009,42.26
mkd,sex_t,eco_sector_ind,edu_aggregate_ltb,2010,43.7
mkd,sex_t,eco_sector_ind,edu_aggregate_ltb,2011,40.48
mkd,sex_t,eco_sector_ind,edu_aggregate_ltb,2012,41.01
mkd,sex_t,eco_sector_ind,edu_aggregate_ltb,2013,39.53
mkd,sex_t,eco_sector_ind,edu_aggregate_ltb,2014,42.8
mkd,sex_t,eco_sector_ind,edu_aggregate_ltb,2015,38.6
mkd,sex_t,eco_sector_ind,edu_aggregate_ltb,2016,38.46
mkd,sex_t,eco_sector_ind,edu_aggregate_ltb,2017,38.57
mkd,sex_t,eco_sector_ind,edu_aggregate_ltb,2018,38.33
mkd,sex_t,eco_sector_ind,edu_aggregate_ltb,2019,37.32
mkd,sex_t,eco_sector_ind,edu_aggregate_ltb,2020,38
mkd,sex_t,eco_sector_ind,edu_aggregate_ltb,2021,36.99
mkd,sex_t,eco_sector_ind,edu_aggregate_ltb,2022,39.15
mkd,sex_t,eco_sector_ind,edu_aggregate_ltb,2024,40.53
mkd,sex_t,eco_sector_ind,edu_aggregate_total,2006,44.38
mkd,sex_t,eco_sector_ind,edu_aggregate_total,2007,44.19
mkd,sex_t,eco_sector_ind,edu_aggregate_total,2008,44.22
mkd,sex_t,eco_sector_ind,edu_aggregate_total,2009,43.68
mkd,sex_t,eco_sector_ind,edu_aggregate_total,2010,43.65
mkd,sex_t,eco_sector_ind,edu_aggregate_total,2011,43.08
mkd,sex_t,eco_sector_ind,edu_aggregate_total,2012,42.69
mkd,sex_t,eco_sector_ind,edu_aggregate_total,2013,42.43
mkd,sex_t,eco_sector_ind,edu_aggregate_total,2014,41.96
mkd,sex_t,eco_sector_ind,edu_aggregate_total,2015,41.6
mkd,sex_t,eco_sector_ind,edu_aggregate_total,2016,42.24
mkd,sex_t,eco_sector_ind,edu_aggregate_total,2017,42.51
mkd,sex_t,eco_sector_ind,edu_aggregate_total,2018,41.76
mkd,sex_t,eco_sector_ind,edu_aggregate_total,2019,41.06
mkd,sex_t,eco_sector_ind,edu_aggregate_total,2020,39.75
mkd,sex_t,eco_sector_ind,edu_aggregate_total,2021,40.37
mkd,sex_t,eco_sector_ind,edu_aggregate_total,2022,40.28
mkd,sex_t,eco_sector_ind,edu_aggregate_total,2024,39.12
mkd,sex_t,eco_sector_ind,edu_isced11_0,2006,43.64
mkd,sex_t,eco_sector_ind,edu_isced11_0,2007,44.08
mkd,sex_t,eco_sector_ind,edu_isced11_0,2008,44.6
mkd,sex_t,eco_sector_ind,edu_isced11_0,2009,43.38
mkd,sex_t,eco_sector_ind,edu_isced11_0,2010,43.68
mkd,sex_t,eco_sector_ind,edu_isced11_0,2011,41.92
mkd,sex_t,eco_sector_ind,edu_isced11_0,2012,40.9
mkd,sex_t,eco_sector_ind,edu_isced11_0,2013,40.18
mkd,sex_t,eco_sector_ind,edu_isced11_0,2014,43.2
mkd,sex_t,eco_sector_ind,edu_isced11_0,2015,38.93
mkd,sex_t,eco_sector_ind,edu_isced11_0,2016,41.02
mkd,sex_t,eco_sector_ind,edu_isced11_0,2017,39.12
mkd,sex_t,eco_sector_ind,edu_isced11_0,2018,40.93
mkd,sex_t,eco_sector_ind,edu_isced11_0,2019,38.48
mkd,sex_t,eco_sector_ind,edu_isced11_0,2020,38.96
mkd,sex_t,eco_sector_ind,edu_isced11_0,2021,36.28
mkd,sex_t,eco_sector_ind,edu_isced11_0,2022,38.06
mkd,sex_t,eco_sector_ind,edu_isced11_0,2024,41.85
mkd,sex_t,eco_sector_ind,edu_isced11_1,2006,45.97
mkd,sex_t,eco_sector_ind,edu_isced11_1,2007,45.14
mkd,sex_t,eco_sector_ind,edu_isced11_1,2008,45.86
mkd,sex_t,eco_sector_ind,edu_isced11_1,2009,45.88
mkd,sex_t,eco_sector_ind,edu_isced11_1,2010,45.3
mkd,sex_t,eco_sector_ind,edu_isced11_1,2011,44.75
mkd,sex_t,eco_sector_ind,edu_isced11_1,2012,44.3
mkd,sex_t,eco_sector_ind,edu_isced11_1,2013,43.48
mkd,sex_t,eco_sector_ind,edu_isced11_1,2014,43.25
mkd,sex_t,eco_sector_ind,edu_isced11_1,2015,42.17
mkd,sex_t,eco_sector_ind,edu_isced11_1,2016,43.63
mkd,sex_t,eco_sector_ind,edu_isced11_1,2017,43.8
mkd,sex_t,eco_sector_ind,edu_isced11_1,2018,42.47
mkd,sex_t,eco_sector_ind,edu_isced11_1,2019,42.33
mkd,sex_t,eco_sector_ind,edu_isced11_1,2020,40.57
mkd,sex_t,eco_sector_ind,edu_isced11_1,2021,40.9
mkd,sex_t,eco_sector_ind,edu_isced11_1,2022,40.98
mkd,sex_t,eco_sector_ind,edu_isced11_1,2024,39.84
mkd,sex_t,eco_sector_ind,edu_isced11_2,2006,41.79
mkd,sex_t,eco_sector_ind,edu_isced11_2,2007,45.37
mkd,sex_t,eco_sector_ind,edu_isced11_2,2008,44.63
mkd,sex_t,eco_sector_ind,edu_isced11_2,2009,45.93
mkd,sex_t,eco_sector_ind,edu_isced11_2,2010,45.59
mkd,sex_t,eco_sector_ind,edu_isced11_2,2011,44.24
mkd,sex_t,eco_sector_ind,edu_isced11_2,2012,42.51
mkd,sex_t,eco_sector_ind,edu_isced11_2,2013,36.22
mkd,sex_t,eco_sector_ind,edu_isced11_2,2014,42.86
mkd,sex_t,eco_sector_ind,edu_isced11_2,2015,41.37
mkd,sex_t,eco_sector_ind,edu_isced11_2,2016,41.99
mkd,sex_t,eco_sector_ind,edu_isced11_2,2017,43.4
mkd,sex_t,eco_sector_ind,edu_isced11_2,2018,42.13
mkd,sex_t,eco_sector_ind,edu_isced11_2,2019,40.69
mkd,sex_t,eco_sector_ind,edu_isced11_2,2020,40
mkd,sex_t,eco_sector_ind,edu_isced11_2,2022,45.7
mkd,sex_t,eco_sector_ind,edu_isced11_2,2024,40
mkd,sex_t,eco_sector_ind,edu_isced11_3,2006,44.04
mkd,sex_t,eco_sector_ind,edu_isced11_3,2007,44.13
mkd,sex_t,eco_sector_ind,edu_isced11_3,2008,43.94
mkd,sex_t,eco_sector_ind,edu_isced11_3,2009,43.12
mkd,sex_t,eco_sector_ind,edu_isced11_3,2010,43.39
mkd,sex_t,eco_sector_ind,edu_isced11_3,2011,43.05
mkd,sex_t,eco_sector_ind,edu_isced11_3,2012,42.56
mkd,sex_t,eco_sector_ind,edu_isced11_3,2013,42.49
mkd,sex_t,eco_sector_ind,edu_isced11_3,2014,41.7
mkd,sex_t,eco_sector_ind,edu_isced11_3,2015,41.68
mkd,sex_t,eco_sector_ind,edu_isced11_3,2016,42.23
mkd,sex_t,eco_sector_ind,edu_isced11_3,2017,42.46
mkd,sex_t,eco_sector_ind,edu_isced11_3,2018,41.88
mkd,sex_t,eco_sector_ind,edu_isced11_3,2019,40.97
mkd,sex_t,eco_sector_ind,edu_isced11_3,2020,39.74
mkd,sex_t,eco_sector_ind,edu_isced11_3,2021,40.41
mkd,sex_t,eco_sector_ind,edu_isced11_3,2022,40.3
mkd,sex_t,eco_sector_ind,edu_isced11_3,2024,38.87
mkd,sex_t,eco_sector_ind,edu_isced11_4,2020,36.76
mkd,sex_t,eco_sector_ind,edu_isced11_4,2021,39.74
mkd,sex_t,eco_sector_ind,edu_isced11_4,2022,40.56
mkd,sex_t,eco_sector_ind,edu_isced11_4,2024,39.93
mkd,sex_t,eco_sector_ind,edu_isced11_5,2006,43.75
mkd,sex_t,eco_sector_ind,edu_isced11_5,2007,42.59
mkd,sex_t,eco_sector_ind,edu_isced11_5,2008,41.97
mkd,sex_t,eco_sector_ind,edu_isced11_5,2009,41.11
mkd,sex_t,eco_sector_ind,edu_isced11_5,2010,42.57
mkd,sex_t,eco_sector_ind,edu_isced11_5,2011,41.51
mkd,sex_t,eco_sector_ind,edu_isced11_5,2012,41.39
mkd,sex_t,eco_sector_ind,edu_isced11_5,2013,40.45
mkd,sex_t,eco_sector_ind,edu_isced11_5,2014,42.39
mkd,sex_t,eco_sector_ind,edu_isced11_5,2015,41.62
mkd,sex_t,eco_sector_ind,edu_isced11_5,2016,43.45
mkd,sex_t,eco_sector_ind,edu_isced11_5,2017,41.56
mkd,sex_t,eco_sector_ind,edu_isced11_5,2018,40.45
mkd,sex_t,eco_sector_ind,edu_isced11_5,2019,41.65
mkd,sex_t,eco_sector_ind,edu_isced11_5,2020,39.09
mkd,sex_t,eco_sector_ind,edu_isced11_5,2021,40
mkd,sex_t,eco_sector_ind,edu_isced11_5,2022,39.63
mkd,sex_t,eco_sector_ind,edu_isced11_5,2024,37.41
mkd,sex_t,eco_sector_ind,edu_isced11_6,2006,42.69
mkd,sex_t,eco_sector_ind,edu_isced11_6,2007,42.14
mkd,sex_t,eco_sector_ind,edu_isced11_6,2008,41.6
mkd,sex_t,eco_sector_ind,edu_isced11_6,2009,42.25
mkd,sex_t,eco_sector_ind,edu_isced11_6,2010,41.69
mkd,sex_t,eco_sector_ind,edu_isced11_6,2011,40.12
mkd,sex_t,eco_sector_ind,edu_isced11_6,2012,40.89
mkd,sex_t,eco_sector_ind,edu_isced11_6,2013,40.65
mkd,sex_t,eco_sector_ind,edu_isced11_6,2014,40.74
mkd,sex_t,eco_sector_ind,edu_isced11_6,2015,40.29
mkd,sex_t,eco_sector_ind,edu_isced11_6,2016,40.55
mkd,sex_t,eco_sector_ind,edu_isced11_6,2017,41.49
mkd,sex_t,eco_sector_ind,edu_isced11_6,2018,40.6
mkd,sex_t,eco_sector_ind,edu_isced11_6,2019,39.98
mkd,sex_t,eco_sector_ind,edu_isced11_6,2020,39.09
mkd,sex_t,eco_sector_ind,edu_isced11_6,2021,39.76
mkd,sex_t,eco_sector_ind,edu_isced11_6,2022,39.49
mkd,sex_t,eco_sector_ind,edu_isced11_6,2024,38.4
mkd,sex_t,eco_sector_ind,edu_isced11_7,2007,43.77
mkd,sex_t,eco_sector_ind,edu_isced11_7,2008,42.76
mkd,sex_t,eco_sector_ind,edu_isced11_7,2009,41.68
mkd,sex_t,eco_sector_ind,edu_isced11_7,2010,39.14
mkd,sex_t,eco_sector_ind,edu_isced11_7,2011,39.48
mkd,sex_t,eco_sector_ind,edu_isced11_7,2012,40.2
mkd,sex_t,eco_sector_ind,edu_isced11_7,2013,40.86
mkd,sex_t,eco_sector_ind,edu_isced11_7,2014,39.9
mkd,sex_t,eco_sector_ind,edu_isced11_7,2015,39.57
mkd,sex_t,eco_sector_ind,edu_isced11_7,2016,40.76
mkd,sex_t,eco_sector_ind,edu_isced11_7,2017,40.59
mkd,sex_t,eco_sector_ind,edu_isced11_7,2018,39.89
mkd,sex_t,eco_sector_ind,edu_isced11_7,2019,39.11
mkd,sex_t,eco_sector_ind,edu_isced11_7,2020,37.33
mkd,sex_t,eco_sector_ind,edu_isced11_7,2021,39.93
mkd,sex_t,eco_sector_ind,edu_isced11_7,2022,39.35
mkd,sex_t,eco_sector_ind,edu_isced11_7,2024,38.18
mkd,sex_t,eco_sector_ind,edu_isced11_8,2024,37.6
mkd,sex_t,eco_sector_ind,edu_isced11_total,2006,44.38
mkd,sex_t,eco_sector_ind,edu_isced11_total,2007,44.19
mkd,sex_t,eco_sector_ind,edu_isced11_total,2008,44.22
mkd,sex_t,eco_sector_ind,edu_isced11_total,2009,43.68
mkd,sex_t,eco_sector_ind,edu_isced11_total,2010,43.65
mkd,sex_t,eco_sector_ind,edu_isced11_total,2011,43.08
mkd,sex_t,eco_sector_ind,edu_isced11_total,2012,42.69
mkd,sex_t,eco_sector_ind,edu_isced11_total,2013,42.43
mkd,sex_t,eco_sector_ind,edu_isced11_total,2014,41.96
mkd,sex_t,eco_sector_ind,edu_isced11_total,2015,41.6
mkd,sex_t,eco_sector_ind,edu_isced11_total,2016,42.24
mkd,sex_t,eco_sector_ind,edu_isced11_total,2017,42.51
mkd,sex_t,eco_sector_ind,edu_isced11_total,2018,41.76
mkd,sex_t,eco_sector_ind,edu_isced11_total,2019,41.06
mkd,sex_t,eco_sector_ind,edu_isced11_total,2020,39.75
mkd,sex_t,eco_sector_ind,edu_isced11_total,2021,40.37
mkd,sex_t,eco_sector_ind,edu_isced11_total,2022,40.28
mkd,sex_t,eco_sector_ind,edu_isced11_total,2024,39.12
mkd,sex_t,eco_sector_ind,edu_isced11_x,2006,33.28
mkd,sex_t,eco_sector_ind,edu_isced11_x,2007,45.95
mkd,sex_t,eco_sector_ind,edu_isced11_x,2008,48.42
mkd,sex_t,eco_sector_ind,edu_isced11_x,2009,37.18
mkd,sex_t,eco_sector_ind,edu_isced11_x,2011,37.58
mkd,sex_t,eco_sector_ind,edu_isced11_x,2012,41.44
mkd,sex_t,eco_sector_ind,edu_isced11_x,2013,37.68
mkd,sex_t,eco_sector_ind,edu_isced11_x,2014,42.55
mkd,sex_t,eco_sector_ind,edu_isced11_x,2015,37.67
mkd,sex_t,eco_sector_ind,edu_isced11_x,2016,35.74
mkd,sex_t,eco_sector_ind,edu_isced11_x,2017,37.76
mkd,sex_t,eco_sector_ind,edu_isced11_x,2018,33.94
mkd,sex_t,eco_sector_ind,edu_isced11_x,2019,35.31
mkd,sex_t,eco_sector_ind,edu_isced11_x,2020,35.11
mkd,sex_t,eco_sector_ind,edu_isced11_x,2021,39.26
mkd,sex_t,eco_sector_ind,edu_isced11_x,2022,40.98
mkd,sex_t,eco_sector_ind,edu_isced11_x,2024,39.22
mkd,sex_t,eco_sector_nag,edu_aggregate_adv,2006,40.96
mkd,sex_t,eco_sector_nag,edu_aggregate_adv,2007,40.43
mkd,sex_t,eco_sector_nag,edu_aggregate_adv,2008,40.2
mkd,sex_t,eco_sector_nag,edu_aggregate_adv,2009,39.72
mkd,sex_t,eco_sector_nag,edu_aggregate_adv,2010,40.03
mkd,sex_t,eco_sector_nag,edu_aggregate_adv,2011,39.56
mkd,sex_t,eco_sector_nag,edu_aggregate_adv,2012,39.88
mkd,sex_t,eco_sector_nag,edu_aggregate_adv,2013,40.1
mkd,sex_t,eco_sector_nag,edu_aggregate_adv,2014,40.22
mkd,sex_t,eco_sector_nag,edu_aggregate_adv,2015,39.65
mkd,sex_t,eco_sector_nag,edu_aggregate_adv,2016,39.87
mkd,sex_t,eco_sector_nag,edu_aggregate_adv,2017,40.26
mkd,sex_t,eco_sector_nag,edu_aggregate_adv,2018,39.87
mkd,sex_t,eco_sector_nag,edu_aggregate_adv,2019,39.46
mkd,sex_t,eco_sector_nag,edu_aggregate_adv,2020,38.29
mkd,sex_t,eco_sector_nag,edu_aggregate_adv,2021,39.34
mkd,sex_t,eco_sector_nag,edu_aggregate_adv,2022,39.23
mkd,sex_t,eco_sector_nag,edu_aggregate_adv,2024,38.44
mkd,sex_t,eco_sector_nag,edu_aggregate_bas,2006,45.67
mkd,sex_t,eco_sector_nag,edu_aggregate_bas,2007,44.55
mkd,sex_t,eco_sector_nag,edu_aggregate_bas,2008,45.59
mkd,sex_t,eco_sector_nag,edu_aggregate_bas,2009,45
mkd,sex_t,eco_sector_nag,edu_aggregate_bas,2010,44.63
mkd,sex_t,eco_sector_nag,edu_aggregate_bas,2011,43.91
mkd,sex_t,eco_sector_nag,edu_aggregate_bas,2012,43.41
mkd,sex_t,eco_sector_nag,edu_aggregate_bas,2013,43.19
mkd,sex_t,eco_sector_nag,edu_aggregate_bas,2014,42.29
mkd,sex_t,eco_sector_nag,edu_aggregate_bas,2015,41.53
mkd,sex_t,eco_sector_nag,edu_aggregate_bas,2016,42.61
mkd,sex_t,eco_sector_nag,edu_aggregate_bas,2017,43.04
mkd,sex_t,eco_sector_nag,edu_aggregate_bas,2018,42.23
mkd,sex_t,eco_sector_nag,edu_aggregate_bas,2019,41.71
mkd,sex_t,eco_sector_nag,edu_aggregate_bas,2020,40.23
mkd,sex_t,eco_sector_nag,edu_aggregate_bas,2021,40.93
mkd,sex_t,eco_sector_nag,edu_aggregate_bas,2022,40.22
mkd,sex_t,eco_sector_nag,edu_aggregate_bas,2024,39.82
mkd,sex_t,eco_sector_nag,edu_aggregate_int,2006,43.97
mkd,sex_t,eco_sector_nag,edu_aggregate_int,2007,43.66
mkd,sex_t,eco_sector_nag,edu_aggregate_int,2008,43.63
mkd,sex_t,eco_sector_nag,edu_aggregate_int,2009,42.84
mkd,sex_t,eco_sector_nag,edu_aggregate_int,2010,42.94
mkd,sex_t,eco_sector_nag,edu_aggregate_int,2011,42.35
mkd,sex_t,eco_sector_nag,edu_aggregate_int,2012,42.26
mkd,sex_t,eco_sector_nag,edu_aggregate_int,2013,42.04
mkd,sex_t,eco_sector_nag,edu_aggregate_int,2014,41.29
mkd,sex_t,eco_sector_nag,edu_aggregate_int,2015,41.2
mkd,sex_t,eco_sector_nag,edu_aggregate_int,2016,41.81
mkd,sex_t,eco_sector_nag,edu_aggregate_int,2017,42.24
mkd,sex_t,eco_sector_nag,edu_aggregate_int,2018,41.82
mkd,sex_t,eco_sector_nag,edu_aggregate_int,2019,41.09
mkd,sex_t,eco_sector_nag,edu_aggregate_int,2020,39.55
mkd,sex_t,eco_sector_nag,edu_aggregate_int,2021,40.39
mkd,sex_t,eco_sector_nag,edu_aggregate_int,2022,40.24
mkd,sex_t,eco_sector_nag,edu_aggregate_int,2024,39.28
mkd,sex_t,eco_sector_nag,edu_aggregate_ltb,2006,41.45
mkd,sex_t,eco_sector_nag,edu_aggregate_ltb,2007,42.63
mkd,sex_t,eco_sector_nag,edu_aggregate_ltb,2008,42.61
mkd,sex_t,eco_sector_nag,edu_aggregate_ltb,2009,41.28
mkd,sex_t,eco_sector_nag,edu_aggregate_ltb,2010,41.34
mkd,sex_t,eco_sector_nag,edu_aggregate_ltb,2011,39.77
mkd,sex_t,eco_sector_nag,edu_aggregate_ltb,2012,41.74
mkd,sex_t,eco_sector_nag,edu_aggregate_ltb,2013,37.99
mkd,sex_t,eco_sector_nag,edu_aggregate_ltb,2014,39.79
mkd,sex_t,eco_sector_nag,edu_aggregate_ltb,2015,37.54
mkd,sex_t,eco_sector_nag,edu_aggregate_ltb,2016,39.16
mkd,sex_t,eco_sector_nag,edu_aggregate_ltb,2017,37.81
mkd,sex_t,eco_sector_nag,edu_aggregate_ltb,2018,36.09
mkd,sex_t,eco_sector_nag,edu_aggregate_ltb,2019,37.05
mkd,sex_t,eco_sector_nag,edu_aggregate_ltb,2020,37.65
mkd,sex_t,eco_sector_nag,edu_aggregate_ltb,2021,35.3
mkd,sex_t,eco_sector_nag,edu_aggregate_ltb,2022,35.61
mkd,sex_t,eco_sector_nag,edu_aggregate_ltb,2024,38.83
mkd,sex_t,eco_sector_nag,edu_aggregate_total,2006,43.57
mkd,sex_t,eco_sector_nag,edu_aggregate_total,2007,43.03
mkd,sex_t,eco_sector_nag,edu_aggregate_total,2008,43.21
mkd,sex_t,eco_sector_nag,edu_aggregate_total,2009,42.43
mkd,sex_t,eco_sector_nag,edu_aggregate_total,2010,42.43
mkd,sex_t,eco_sector_nag,edu_aggregate_total,2011,41.78
mkd,sex_t,eco_sector_nag,edu_aggregate_total,2012,41.74
mkd,sex_t,eco_sector_nag,edu_aggregate_total,2013,41.66
mkd,sex_t,eco_sector_nag,edu_aggregate_total,2014,41.14
mkd,sex_t,eco_sector_nag,edu_aggregate_total,2015,40.79
mkd,sex_t,eco_sector_nag,edu_aggregate_total,2016,41.3
mkd,sex_t,eco_sector_nag,edu_aggregate_total,2017,41.72
mkd,sex_t,eco_sector_nag,edu_aggregate_total,2018,41.26
mkd,sex_t,eco_sector_nag,edu_aggregate_total,2019,40.66
mkd,sex_t,eco_sector_nag,edu_aggregate_total,2020,39.22
mkd,sex_t,eco_sector_nag,edu_aggregate_total,2021,40.08
mkd,sex_t,eco_sector_nag,edu_aggregate_total,2022,39.87
mkd,sex_t,eco_sector_nag,edu_aggregate_total,2024,39.07
mkd,sex_t,eco_sector_nag,edu_isced11_0,2006,42.97
mkd,sex_t,eco_sector_nag,edu_isced11_0,2007,43.13
mkd,sex_t,eco_sector_nag,edu_isced11_0,2008,43.56
mkd,sex_t,eco_sector_nag,edu_isced11_0,2009,41.94
mkd,sex_t,eco_sector_nag,edu_isced11_0,2010,42.76
mkd,sex_t,eco_sector_nag,edu_isced11_0,2011,41.2
mkd,sex_t,eco_sector_nag,edu_isced11_0,2012,41.15
mkd,sex_t,eco_sector_nag,edu_isced11_0,2013,41.55
mkd,sex_t,eco_sector_nag,edu_isced11_0,2014,39.23
mkd,sex_t,eco_sector_nag,edu_isced11_0,2015,38.2
mkd,sex_t,eco_sector_nag,edu_isced11_0,2016,40.99
mkd,sex_t,eco_sector_nag,edu_isced11_0,2017,38.35
mkd,sex_t,eco_sector_nag,edu_isced11_0,2018,38.33
mkd,sex_t,eco_sector_nag,edu_isced11_0,2019,36.76
mkd,sex_t,eco_sector_nag,edu_isced11_0,2020,38.3
mkd,sex_t,eco_sector_nag,edu_isced11_0,2021,33.76
mkd,sex_t,eco_sector_nag,edu_isced11_0,2022,34.76
mkd,sex_t,eco_sector_nag,edu_isced11_0,2024,35.7
mkd,sex_t,eco_sector_nag,edu_isced11_1,2006,45.77
mkd,sex_t,eco_sector_nag,edu_isced11_1,2007,44.59
mkd,sex_t,eco_sector_nag,edu_isced11_1,2008,45.64
mkd,sex_t,eco_sector_nag,edu_isced11_1,2009,45.01
mkd,sex_t,eco_sector_nag,edu_isced11_1,2010,44.64
mkd,sex_t,eco_sector_nag,edu_isced11_1,2011,43.94
mkd,sex_t,eco_sector_nag,edu_isced11_1,2012,43.49
mkd,sex_t,eco_sector_nag,edu_isced11_1,2013,43.33
mkd,sex_t,eco_sector_nag,edu_isced11_1,2014,42.27
mkd,sex_t,eco_sector_nag,edu_isced11_1,2015,41.53
mkd,sex_t,eco_sector_nag,edu_isced11_1,2016,42.69
mkd,sex_t,eco_sector_nag,edu_isced11_1,2017,43.03
mkd,sex_t,eco_sector_nag,edu_isced11_1,2018,42.22
mkd,sex_t,eco_sector_nag,edu_isced11_1,2019,41.72
mkd,sex_t,eco_sector_nag,edu_isced11_1,2020,40.23
mkd,sex_t,eco_sector_nag,edu_isced11_1,2021,40.92
mkd,sex_t,eco_sector_nag,edu_isced11_1,2022,40.19
mkd,sex_t,eco_sector_nag,edu_isced11_1,2024,39.83
mkd,sex_t,eco_sector_nag,edu_isced11_2,2006,42.82
mkd,sex_t,eco_sector_nag,edu_isced11_2,2007,43.02
mkd,sex_t,eco_sector_nag,edu_isced11_2,2008,43.84
mkd,sex_t,eco_sector_nag,edu_isced11_2,2009,44.59
mkd,sex_t,eco_sector_nag,edu_isced11_2,2010,44.03
mkd,sex_t,eco_sector_nag,edu_isced11_2,2011,42.37
mkd,sex_t,eco_sector_nag,edu_isced11_2,2012,40.72
mkd,sex_t,eco_sector_nag,edu_isced11_2,2013,37.19
mkd,sex_t,eco_sector_nag,edu_isced11_2,2014,44.82
mkd,sex_t,eco_sector_nag,edu_isced11_2,2015,41.54
mkd,sex_t,eco_sector_nag,edu_isced11_2,2016,39.31
mkd,sex_t,eco_sector_nag,edu_isced11_2,2017,43.53
mkd,sex_t,eco_sector_nag,edu_isced11_2,2018,42.89
mkd,sex_t,eco_sector_nag,edu_isced11_2,2019,41.21
mkd,sex_t,eco_sector_nag,edu_isced11_2,2020,40.74
mkd,sex_t,eco_sector_nag,edu_isced11_2,2022,44.21
mkd,sex_t,eco_sector_nag,edu_isced11_2,2024,38.79
mkd,sex_t,eco_sector_nag,edu_isced11_3,2006,43.97
mkd,sex_t,eco_sector_nag,edu_isced11_3,2007,43.66
mkd,sex_t,eco_sector_nag,edu_isced11_3,2008,43.63
mkd,sex_t,eco_sector_nag,edu_isced11_3,2009,42.84
mkd,sex_t,eco_sector_nag,edu_isced11_3,2010,42.94
mkd,sex_t,eco_sector_nag,edu_isced11_3,2011,42.35
mkd,sex_t,eco_sector_nag,edu_isced11_3,2012,42.26
mkd,sex_t,eco_sector_nag,edu_isced11_3,2013,42.04
mkd,sex_t,eco_sector_nag,edu_isced11_3,2014,41.29
mkd,sex_t,eco_sector_nag,edu_isced11_3,2015,41.2
mkd,sex_t,eco_sector_nag,edu_isced11_3,2016,41.81
mkd,sex_t,eco_sector_nag,edu_isced11_3,2017,42.24
mkd,sex_t,eco_sector_nag,edu_isced11_3,2018,41.82
mkd,sex_t,eco_sector_nag,edu_isced11_3,2019,41.09
mkd,sex_t,eco_sector_nag,edu_isced11_3,2020,39.57
mkd,sex_t,eco_sector_nag,edu_isced11_3,2021,40.4
mkd,sex_t,eco_sector_nag,edu_isced11_3,2022,40.24
mkd,sex_t,eco_sector_nag,edu_isced11_3,2024,39.11
mkd,sex_t,eco_sector_nag,edu_isced11_4,2020,36.74
mkd,sex_t,eco_sector_nag,edu_isced11_4,2021,39.27
mkd,sex_t,eco_sector_nag,edu_isced11_4,2022,39.03
mkd,sex_t,eco_sector_nag,edu_isced11_4,2024,39.97
mkd,sex_t,eco_sector_nag,edu_isced11_5,2006,40.96
mkd,sex_t,eco_sector_nag,edu_isced11_5,2007,40.79
mkd,sex_t,eco_sector_nag,edu_isced11_5,2008,39.87
mkd,sex_t,eco_sector_nag,edu_isced11_5,2009,39.51
mkd,sex_t,eco_sector_nag,edu_isced11_5,2010,40.6
mkd,sex_t,eco_sector_nag,edu_isced11_5,2011,40.7
mkd,sex_t,eco_sector_nag,edu_isced11_5,2012,40.63
mkd,sex_t,eco_sector_nag,edu_isced11_5,2013,40.08
mkd,sex_t,eco_sector_nag,edu_isced11_5,2014,40.67
mkd,sex_t,eco_sector_nag,edu_isced11_5,2015,40.52
mkd,sex_t,eco_sector_nag,edu_isced11_5,2016,41.05
mkd,sex_t,eco_sector_nag,edu_isced11_5,2017,41.32
mkd,sex_t,eco_sector_nag,edu_isced11_5,2018,40.47
mkd,sex_t,eco_sector_nag,edu_isced11_5,2019,40.45
mkd,sex_t,eco_sector_nag,edu_isced11_5,2020,38.44
mkd,sex_t,eco_sector_nag,edu_isced11_5,2021,40.21
mkd,sex_t,eco_sector_nag,edu_isced11_5,2022,39.9
mkd,sex_t,eco_sector_nag,edu_isced11_5,2024,37.87
mkd,sex_t,eco_sector_nag,edu_isced11_6,2006,40.99
mkd,sex_t,eco_sector_nag,edu_isced11_6,2007,40.32
mkd,sex_t,eco_sector_nag,edu_isced11_6,2008,40.38
mkd,sex_t,eco_sector_nag,edu_isced11_6,2009,39.88
mkd,sex_t,eco_sector_nag,edu_isced11_6,2010,39.93
mkd,sex_t,eco_sector_nag,edu_isced11_6,2011,39.39
mkd,sex_t,eco_sector_nag,edu_isced11_6,2012,39.87
mkd,sex_t,eco_sector_nag,edu_isced11_6,2013,40.17
mkd,sex_t,eco_sector_nag,edu_isced11_6,2014,40.21
mkd,sex_t,eco_sector_nag,edu_isced11_6,2015,39.63
mkd,sex_t,eco_sector_nag,edu_isced11_6,2016,39.78
mkd,sex_t,eco_sector_nag,edu_isced11_6,2017,40.24
mkd,sex_t,eco_sector_nag,edu_isced11_6,2018,39.86
mkd,sex_t,eco_sector_nag,edu_isced11_6,2019,39.35
mkd,sex_t,eco_sector_nag,edu_isced11_6,2020,38.3
mkd,sex_t,eco_sector_nag,edu_isced11_6,2021,39.28
mkd,sex_t,eco_sector_nag,edu_isced11_6,2022,39.17
mkd,sex_t,eco_sector_nag,edu_isced11_6,2024,38.52
mkd,sex_t,eco_sector_nag,edu_isced11_7,2006,40.58
mkd,sex_t,eco_sector_nag,edu_isced11_7,2007,40.42
mkd,sex_t,eco_sector_nag,edu_isced11_7,2008,38.43
mkd,sex_t,eco_sector_nag,edu_isced11_7,2009,37.81
mkd,sex_t,eco_sector_nag,edu_isced11_7,2010,39.4
mkd,sex_t,eco_sector_nag,edu_isced11_7,2011,39.08
mkd,sex_t,eco_sector_nag,edu_isced11_7,2012,38.71
mkd,sex_t,eco_sector_nag,edu_isced11_7,2013,39.91
mkd,sex_t,eco_sector_nag,edu_isced11_7,2014,39.54
mkd,sex_t,eco_sector_nag,edu_isced11_7,2015,39.08
mkd,sex_t,eco_sector_nag,edu_isced11_7,2016,39.53
mkd,sex_t,eco_sector_nag,edu_isced11_7,2017,39.9
mkd,sex_t,eco_sector_nag,edu_isced11_7,2018,39.62
mkd,sex_t,eco_sector_nag,edu_isced11_7,2019,39.58
mkd,sex_t,eco_sector_nag,edu_isced11_7,2020,38
mkd,sex_t,eco_sector_nag,edu_isced11_7,2021,39.37
mkd,sex_t,eco_sector_nag,edu_isced11_7,2022,39.34
mkd,sex_t,eco_sector_nag,edu_isced11_7,2024,38.29
mkd,sex_t,eco_sector_nag,edu_isced11_8,2006,40.48
mkd,sex_t,eco_sector_nag,edu_isced11_8,2007,40.37
mkd,sex_t,eco_sector_nag,edu_isced11_8,2008,38.91
mkd,sex_t,eco_sector_nag,edu_isced11_8,2009,38.57
mkd,sex_t,eco_sector_nag,edu_isced11_8,2010,40.13
mkd,sex_t,eco_sector_nag,edu_isced11_8,2011,39.55
mkd,sex_t,eco_sector_nag,edu_isced11_8,2012,36.76
mkd,sex_t,eco_sector_nag,edu_isced11_8,2013,37.26
mkd,sex_t,eco_sector_nag,edu_isced11_8,2014,39.89
mkd,sex_t,eco_sector_nag,edu_isced11_8,2015,37.8
mkd,sex_t,eco_sector_nag,edu_isced11_8,2016,40.07
mkd,sex_t,eco_sector_nag,edu_isced11_8,2017,38.67
mkd,sex_t,eco_sector_nag,edu_isced11_8,2018,38.85
mkd,sex_t,eco_sector_nag,edu_isced11_8,2019,39.59
mkd,sex_t,eco_sector_nag,edu_isced11_8,2020,38.55
mkd,sex_t,eco_sector_nag,edu_isced11_8,2021,38.85
mkd,sex_t,eco_sector_nag,edu_isced11_8,2022,39.1
mkd,sex_t,eco_sector_nag,edu_isced11_8,2024,37.74
mkd,sex_t,eco_sector_nag,edu_isced11_total,2006,43.57
mkd,sex_t,eco_sector_nag,edu_isced11_total,2007,43.03
mkd,sex_t,eco_sector_nag,edu_isced11_total,2008,43.21
mkd,sex_t,eco_sector_nag,edu_isced11_total,2009,42.43
mkd,sex_t,eco_sector_nag,edu_isced11_total,2010,42.43
mkd,sex_t,eco_sector_nag,edu_isced11_total,2011,41.78
mkd,sex_t,eco_sector_nag,edu_isced11_total,2012,41.74
mkd,sex_t,eco_sector_nag,edu_isced11_total,2013,41.66
mkd,sex_t,eco_sector_nag,edu_isced11_total,2014,41.14
mkd,sex_t,eco_sector_nag,edu_isced11_total,2015,40.79
mkd,sex_t,eco_sector_nag,edu_isced11_total,2016,41.3
mkd,sex_t,eco_sector_nag,edu_isced11_total,2017,41.72
mkd,sex_t,eco_sector_nag,edu_isced11_total,2018,41.26
mkd,sex_t,eco_sector_nag,edu_isced11_total,2019,40.66
mkd,sex_t,eco_sector_nag,edu_isced11_total,2020,39.22
mkd,sex_t,eco_sector_nag,edu_isced11_total,2021,40.08
mkd,sex_t,eco_sector_nag,edu_isced11_total,2022,39.87
mkd,sex_t,eco_sector_nag,edu_isced11_total,2024,39.07
mkd,sex_t,eco_sector_nag,edu_isced11_x,2006,30.89
mkd,sex_t,eco_sector_nag,edu_isced11_x,2007,41.03
mkd,sex_t,eco_sector_nag,edu_isced11_x,2008,40.28
mkd,sex_t,eco_sector_nag,edu_isced11_x,2009,38.66
mkd,sex_t,eco_sector_nag,edu_isced11_x,2010,36.15
mkd,sex_t,eco_sector_nag,edu_isced11_x,2011,36.86
mkd,sex_t,eco_sector_nag,edu_isced11_x,2012,43.17
mkd,sex_t,eco_sector_nag,edu_isced11_x,2013,31.49
mkd,sex_t,eco_sector_nag,edu_isced11_x,2014,40.28
mkd,sex_t,eco_sector_nag,edu_isced11_x,2015,35.7
mkd,sex_t,eco_sector_nag,edu_isced11_x,2016,36.81
mkd,sex_t,eco_sector_nag,edu_isced11_x,2017,36.74
mkd,sex_t,eco_sector_nag,edu_isced11_x,2018,32.74
mkd,sex_t,eco_sector_nag,edu_isced11_x,2019,37.39
mkd,sex_t,eco_sector_nag,edu_isced11_x,2020,36.05
mkd,sex_t,eco_sector_nag,edu_isced11_x,2021,39.16
mkd,sex_t,eco_sector_nag,edu_isced11_x,2022,37
mkd,sex_t,eco_sector_nag,edu_isced11_x,2024,39.99
mkd,sex_t,eco_sector_ser,edu_aggregate_adv,2006,40.47
mkd,sex_t,eco_sector_ser,edu_aggregate_adv,2007,40.04
mkd,sex_t,eco_sector_ser,edu_aggregate_adv,2008,39.85
mkd,sex_t,eco_sector_ser,edu_aggregate_adv,2009,39.29
mkd,sex_t,eco_sector_ser,edu_aggregate_adv,2010,39.7
mkd,sex_t,eco_sector_ser,edu_aggregate_adv,2011,39.39
mkd,sex_t,eco_sector_ser,edu_aggregate_adv,2012,39.69
mkd,sex_t,eco_sector_ser,edu_aggregate_adv,2013,40.01
mkd,sex_t,eco_sector_ser,edu_aggregate_adv,2014,40.09
mkd,sex_t,eco_sector_ser,edu_aggregate_adv,2015,39.5
mkd,sex_t,eco_sector_ser,edu_aggregate_adv,2016,39.67
mkd,sex_t,eco_sector_ser,edu_aggregate_adv,2017,39.99
mkd,sex_t,eco_sector_ser,edu_aggregate_adv,2018,39.72
mkd,sex_t,eco_sector_ser,edu_aggregate_adv,2019,39.32
mkd,sex_t,eco_sector_ser,edu_aggregate_adv,2020,38.16
mkd,sex_t,eco_sector_ser,edu_aggregate_adv,2021,39.26
mkd,sex_t,eco_sector_ser,edu_aggregate_adv,2022,39.18
mkd,sex_t,eco_sector_ser,edu_aggregate_adv,2024,38.47
mkd,sex_t,eco_sector_ser,edu_aggregate_bas,2006,45.45
mkd,sex_t,eco_sector_ser,edu_aggregate_bas,2007,43.67
mkd,sex_t,eco_sector_ser,edu_aggregate_bas,2008,45.25
mkd,sex_t,eco_sector_ser,edu_aggregate_bas,2009,43.8
mkd,sex_t,eco_sector_ser,edu_aggregate_bas,2010,43.78
mkd,sex_t,eco_sector_ser,edu_aggregate_bas,2011,42.64
mkd,sex_t,eco_sector_ser,edu_aggregate_bas,2012,42.35
mkd,sex_t,eco_sector_ser,edu_aggregate_bas,2013,43.01
mkd,sex_t,eco_sector_ser,edu_aggregate_bas,2014,40.99
mkd,sex_t,eco_sector_ser,edu_aggregate_bas,2015,40.52
mkd,sex_t,eco_sector_ser,edu_aggregate_bas,2016,41.35
mkd,sex_t,eco_sector_ser,edu_aggregate_bas,2017,42.07
mkd,sex_t,eco_sector_ser,edu_aggregate_bas,2018,41.91
mkd,sex_t,eco_sector_ser,edu_aggregate_bas,2019,40.98
mkd,sex_t,eco_sector_ser,edu_aggregate_bas,2020,39.78
mkd,sex_t,eco_sector_ser,edu_aggregate_bas,2021,40.95
mkd,sex_t,eco_sector_ser,edu_aggregate_bas,2022,39.27
mkd,sex_t,eco_sector_ser,edu_aggregate_bas,2024,39.82
mkd,sex_t,eco_sector_ser,edu_aggregate_int,2006,43.92
mkd,sex_t,eco_sector_ser,edu_aggregate_int,2007,43.35
mkd,sex_t,eco_sector_ser,edu_aggregate_int,2008,43.42
mkd,sex_t,eco_sector_ser,edu_aggregate_int,2009,42.65
mkd,sex_t,eco_sector_ser,edu_aggregate_int,2010,42.64
mkd,sex_t,eco_sector_ser,edu_aggregate_int,2011,41.87
mkd,sex_t,eco_sector_ser,edu_aggregate_int,2012,42.05
mkd,sex_t,eco_sector_ser,edu_aggregate_int,2013,41.73
mkd,sex_t,eco_sector_ser,edu_aggregate_int,2014,41
mkd,sex_t,eco_sector_ser,edu_aggregate_int,2015,40.86
mkd,sex_t,eco_sector_ser,edu_aggregate_int,2016,41.51
mkd,sex_t,eco_sector_ser,edu_aggregate_int,2017,42.08
mkd,sex_t,eco_sector_ser,edu_aggregate_int,2018,41.77
mkd,sex_t,eco_sector_ser,edu_aggregate_int,2019,41.18
mkd,sex_t,eco_sector_ser,edu_aggregate_int,2020,39.43
mkd,sex_t,eco_sector_ser,edu_aggregate_int,2021,40.38
mkd,sex_t,eco_sector_ser,edu_aggregate_int,2022,40.19
mkd,sex_t,eco_sector_ser,edu_aggregate_int,2024,39.42
mkd,sex_t,eco_sector_ser,edu_aggregate_ltb,2006,39.94
mkd,sex_t,eco_sector_ser,edu_aggregate_ltb,2007,40.13
mkd,sex_t,eco_sector_ser,edu_aggregate_ltb,2008,40.45
mkd,sex_t,eco_sector_ser,edu_aggregate_ltb,2009,40.45
mkd,sex_t,eco_sector_ser,edu_aggregate_ltb,2010,39.3
mkd,sex_t,eco_sector_ser,edu_aggregate_ltb,2011,38.17
mkd,sex_t,eco_sector_ser,edu_aggregate_ltb,2012,43.33
mkd,sex_t,eco_sector_ser,edu_aggregate_ltb,2013,35.57
mkd,sex_t,eco_sector_ser,edu_aggregate_ltb,2014,32.79
mkd,sex_t,eco_sector_ser,edu_aggregate_ltb,2015,34.65
mkd,sex_t,eco_sector_ser,edu_aggregate_ltb,2016,40.87
mkd,sex_t,eco_sector_ser,edu_aggregate_ltb,2017,36.39
mkd,sex_t,eco_sector_ser,edu_aggregate_ltb,2018,33.34
mkd,sex_t,eco_sector_ser,edu_aggregate_ltb,2019,36.83
mkd,sex_t,eco_sector_ser,edu_aggregate_ltb,2020,37.34
mkd,sex_t,eco_sector_ser,edu_aggregate_ltb,2021,33.86
mkd,sex_t,eco_sector_ser,edu_aggregate_ltb,2022,32.53
mkd,sex_t,eco_sector_ser,edu_aggregate_ltb,2024,37.82
mkd,sex_t,eco_sector_ser,edu_aggregate_total,2006,43.02
mkd,sex_t,eco_sector_ser,edu_aggregate_total,2007,42.32
mkd,sex_t,eco_sector_ser,edu_aggregate_total,2008,42.56
mkd,sex_t,eco_sector_ser,edu_aggregate_total,2009,41.71
mkd,sex_t,eco_sector_ser,edu_aggregate_total,2010,41.74
mkd,sex_t,eco_sector_ser,edu_aggregate_total,2011,41.02
mkd,sex_t,eco_sector_ser,edu_aggregate_total,2012,41.2
mkd,sex_t,eco_sector_ser,edu_aggregate_total,2013,41.2
mkd,sex_t,eco_sector_ser,edu_aggregate_total,2014,40.66
mkd,sex_t,eco_sector_ser,edu_aggregate_total,2015,40.31
mkd,sex_t,eco_sector_ser,edu_aggregate_total,2016,40.76
mkd,sex_t,eco_sector_ser,edu_aggregate_total,2017,41.26
mkd,sex_t,eco_sector_ser,edu_aggregate_total,2018,40.97
mkd,sex_t,eco_sector_ser,edu_aggregate_total,2019,40.43
mkd,sex_t,eco_sector_ser,edu_aggregate_total,2020,38.92
mkd,sex_t,eco_sector_ser,edu_aggregate_total,2021,39.93
mkd,sex_t,eco_sector_ser,edu_aggregate_total,2022,39.66
mkd,sex_t,eco_sector_ser,edu_aggregate_total,2024,39.05
mkd,sex_t,eco_sector_ser,edu_isced11_0,2006,40.83
mkd,sex_t,eco_sector_ser,edu_isced11_0,2007,41.77
mkd,sex_t,eco_sector_ser,edu_isced11_0,2008,42.66
mkd,sex_t,eco_sector_ser,edu_isced11_0,2009,40.65
mkd,sex_t,eco_sector_ser,edu_isced11_0,2010,41.55
mkd,sex_t,eco_sector_ser,edu_isced11_0,2011,39.6
mkd,sex_t,eco_sector_ser,edu_isced11_0,2012,42
mkd,sex_t,eco_sector_ser,edu_isced11_0,2013,44.73
mkd,sex_t,eco_sector_ser,edu_isced11_0,2014,33.84
mkd,sex_t,eco_sector_ser,edu_isced11_0,2015,36.21
mkd,sex_t,eco_sector_ser,edu_isced11_0,2016,40.95
mkd,sex_t,eco_sector_ser,edu_isced11_0,2017,37.26
mkd,sex_t,eco_sector_ser,edu_isced11_0,2018,34.77
mkd,sex_t,eco_sector_ser,edu_isced11_0,2019,34.78
mkd,sex_t,eco_sector_ser,edu_isced11_0,2020,37.62
mkd,sex_t,eco_sector_ser,edu_isced11_0,2021,31.36
mkd,sex_t,eco_sector_ser,edu_isced11_0,2022,31.81
mkd,sex_t,eco_sector_ser,edu_isced11_1,2006,45.47
mkd,sex_t,eco_sector_ser,edu_isced11_1,2007,43.78
mkd,sex_t,eco_sector_ser,edu_isced11_1,2008,45.32
mkd,sex_t,eco_sector_ser,edu_isced11_1,2009,43.82
mkd,sex_t,eco_sector_ser,edu_isced11_1,2010,43.83
mkd,sex_t,eco_sector_ser,edu_isced11_1,2011,42.72
mkd,sex_t,eco_sector_ser,edu_isced11_1,2012,42.47
mkd,sex_t,eco_sector_ser,edu_isced11_1,2013,43.09
mkd,sex_t,eco_sector_ser,edu_isced11_1,2014,40.94
mkd,sex_t,eco_sector_ser,edu_isced11_1,2015,40.5
mkd,sex_t,eco_sector_ser,edu_isced11_1,2016,41.48
mkd,sex_t,eco_sector_ser,edu_isced11_1,2017,42.05
mkd,sex_t,eco_sector_ser,edu_isced11_1,2018,41.88
mkd,sex_t,eco_sector_ser,edu_isced11_1,2019,40.96
mkd,sex_t,eco_sector_ser,edu_isced11_1,2020,39.76
mkd,sex_t,eco_sector_ser,edu_isced11_1,2021,40.95
mkd,sex_t,eco_sector_ser,edu_isced11_1,2022,39.27
mkd,sex_t,eco_sector_ser,edu_isced11_1,2024,39.84
mkd,sex_t,eco_sector_ser,edu_isced11_2,2006,44.66
mkd,sex_t,eco_sector_ser,edu_isced11_2,2007,40.54
mkd,sex_t,eco_sector_ser,edu_isced11_2,2008,42.13
mkd,sex_t,eco_sector_ser,edu_isced11_2,2009,42.04
mkd,sex_t,eco_sector_ser,edu_isced11_2,2010,41.78
mkd,sex_t,eco_sector_ser,edu_isced11_2,2011,39.51
mkd,sex_t,eco_sector_ser,edu_isced11_2,2012,38.58
mkd,sex_t,eco_sector_ser,edu_isced11_2,2013,39
mkd,sex_t,eco_sector_ser,edu_isced11_2,2014,47.98
mkd,sex_t,eco_sector_ser,edu_isced11_2,2015,41.71
mkd,sex_t,eco_sector_ser,edu_isced11_2,2016,37.1
mkd,sex_t,eco_sector_ser,edu_isced11_2,2017,43.92
mkd,sex_t,eco_sector_ser,edu_isced11_2,2018,44.19
mkd,sex_t,eco_sector_ser,edu_isced11_2,2019,42.12
mkd,sex_t,eco_sector_ser,edu_isced11_3,2006,43.92
mkd,sex_t,eco_sector_ser,edu_isced11_3,2007,43.35
mkd,sex_t,eco_sector_ser,edu_isced11_3,2008,43.42
mkd,sex_t,eco_sector_ser,edu_isced11_3,2009,42.65
mkd,sex_t,eco_sector_ser,edu_isced11_3,2010,42.64
mkd,sex_t,eco_sector_ser,edu_isced11_3,2011,41.87
mkd,sex_t,eco_sector_ser,edu_isced11_3,2012,42.05
mkd,sex_t,eco_sector_ser,edu_isced11_3,2013,41.73
mkd,sex_t,eco_sector_ser,edu_isced11_3,2014,41
mkd,sex_t,eco_sector_ser,edu_isced11_3,2015,40.86
mkd,sex_t,eco_sector_ser,edu_isced11_3,2016,41.51
mkd,sex_t,eco_sector_ser,edu_isced11_3,2017,42.08
mkd,sex_t,eco_sector_ser,edu_isced11_3,2018,41.77
mkd,sex_t,eco_sector_ser,edu_isced11_3,2019,41.18
mkd,sex_t,eco_sector_ser,edu_isced11_3,2020,39.44
mkd,sex_t,eco_sector_ser,edu_isced11_3,2021,40.39
mkd,sex_t,eco_sector_ser,edu_isced11_3,2022,40.2
mkd,sex_t,eco_sector_ser,edu_isced11_3,2024,39.27
mkd,sex_t,eco_sector_ser,edu_isced11_4,2020,36.72
mkd,sex_t,eco_sector_ser,edu_isced11_4,2021,38.77
mkd,sex_t,eco_sector_ser,edu_isced11_4,2022,38.33
mkd,sex_t,eco_sector_ser,edu_isced11_4,2024,39.98
mkd,sex_t,eco_sector_ser,edu_isced11_5,2006,40.14
mkd,sex_t,eco_sector_ser,edu_isced11_5,2007,40.25
mkd,sex_t,eco_sector_ser,edu_isced11_5,2008,39.17
mkd,sex_t,eco_sector_ser,edu_isced11_5,2009,39.09
mkd,sex_t,eco_sector_ser,edu_isced11_5,2010,40.02
mkd,sex_t,eco_sector_ser,edu_isced11_5,2011,40.41
mkd,sex_t,eco_sector_ser,edu_isced11_5,2012,40.37
mkd,sex_t,eco_sector_ser,edu_isced11_5,2013,39.99
mkd,sex_t,eco_sector_ser,edu_isced11_5,2014,40.27
mkd,sex_t,eco_sector_ser,edu_isced11_5,2015,40.23
mkd,sex_t,eco_sector_ser,edu_isced11_5,2016,40.35
mkd,sex_t,eco_sector_ser,edu_isced11_5,2017,41.19
mkd,sex_t,eco_sector_ser,edu_isced11_5,2018,40.47
mkd,sex_t,eco_sector_ser,edu_isced11_5,2019,40
mkd,sex_t,eco_sector_ser,edu_isced11_5,2020,38.25
mkd,sex_t,eco_sector_ser,edu_isced11_5,2021,40.26
mkd,sex_t,eco_sector_ser,edu_isced11_5,2022,39.98
mkd,sex_t,eco_sector_ser,edu_isced11_5,2024,37.99
mkd,sex_t,eco_sector_ser,edu_isced11_6,2006,40.58
mkd,sex_t,eco_sector_ser,edu_isced11_6,2007,39.96
mkd,sex_t,eco_sector_ser,edu_isced11_6,2008,40.13
mkd,sex_t,eco_sector_ser,edu_isced11_6,2009,39.43
mkd,sex_t,eco_sector_ser,edu_isced11_6,2010,39.63
mkd,sex_t,eco_sector_ser,edu_isced11_6,2011,39.26
mkd,sex_t,eco_sector_ser,edu_isced11_6,2012,39.7
mkd,sex_t,eco_sector_ser,edu_isced11_6,2013,40.09
mkd,sex_t,eco_sector_ser,edu_isced11_6,2014,40.11
mkd,sex_t,eco_sector_ser,edu_isced11_6,2015,39.49
mkd,sex_t,eco_sector_ser,edu_isced11_6,2016,39.62
mkd,sex_t,eco_sector_ser,edu_isced11_6,2017,39.96
mkd,sex_t,eco_sector_ser,edu_isced11_6,2018,39.69
mkd,sex_t,eco_sector_ser,edu_isced11_6,2019,39.22
mkd,sex_t,eco_sector_ser,edu_isced11_6,2020,38.15
mkd,sex_t,eco_sector_ser,edu_isced11_6,2021,39.18
mkd,sex_t,eco_sector_ser,edu_isced11_6,2022,39.11
mkd,sex_t,eco_sector_ser,edu_isced11_6,2024,38.55
mkd,sex_t,eco_sector_ser,edu_isced11_7,2006,40.3
mkd,sex_t,eco_sector_ser,edu_isced11_7,2007,40.18
mkd,sex_t,eco_sector_ser,edu_isced11_7,2008,37.78
mkd,sex_t,eco_sector_ser,edu_isced11_7,2009,37.54
mkd,sex_t,eco_sector_ser,edu_isced11_7,2010,39.43
mkd,sex_t,eco_sector_ser,edu_isced11_7,2011,39.04
mkd,sex_t,eco_sector_ser,edu_isced11_7,2012,38.54
mkd,sex_t,eco_sector_ser,edu_isced11_7,2013,39.72
mkd,sex_t,eco_sector_ser,edu_isced11_7,2014,39.46
mkd,sex_t,eco_sector_ser,edu_isced11_7,2015,39.02
mkd,sex_t,eco_sector_ser,edu_isced11_7,2016,39.35
mkd,sex_t,eco_sector_ser,edu_isced11_7,2017,39.79
mkd,sex_t,eco_sector_ser,edu_isced11_7,2018,39.57
mkd,sex_t,eco_sector_ser,edu_isced11_7,2019,39.64
mkd,sex_t,eco_sector_ser,edu_isced11_7,2020,38.08
mkd,sex_t,eco_sector_ser,edu_isced11_7,2021,39.29
mkd,sex_t,eco_sector_ser,edu_isced11_7,2022,39.34
mkd,sex_t,eco_sector_ser,edu_isced11_7,2024,38.31
mkd,sex_t,eco_sector_ser,edu_isced11_8,2006,40.68
mkd,sex_t,eco_sector_ser,edu_isced11_8,2007,40.37
mkd,sex_t,eco_sector_ser,edu_isced11_8,2008,38.91
mkd,sex_t,eco_sector_ser,edu_isced11_8,2009,38.57
mkd,sex_t,eco_sector_ser,edu_isced11_8,2010,40.13
mkd,sex_t,eco_sector_ser,edu_isced11_8,2011,39.55
mkd,sex_t,eco_sector_ser,edu_isced11_8,2012,36.76
mkd,sex_t,eco_sector_ser,edu_isced11_8,2013,37.26
mkd,sex_t,eco_sector_ser,edu_isced11_8,2014,39.89
mkd,sex_t,eco_sector_ser,edu_isced11_8,2015,37.79
mkd,sex_t,eco_sector_ser,edu_isced11_8,2016,40.28
mkd,sex_t,eco_sector_ser,edu_isced11_8,2017,38.47
mkd,sex_t,eco_sector_ser,edu_isced11_8,2018,38.85
mkd,sex_t,eco_sector_ser,edu_isced11_8,2019,39.56
mkd,sex_t,eco_sector_ser,edu_isced11_8,2020,38.58
mkd,sex_t,eco_sector_ser,edu_isced11_8,2021,38.85
mkd,sex_t,eco_sector_ser,edu_isced11_8,2022,39.1
mkd,sex_t,eco_sector_ser,edu_isced11_8,2024,37.76
mkd,sex_t,eco_sector_ser,edu_isced11_total,2006,43.02
mkd,sex_t,eco_sector_ser,edu_isced11_total,2007,42.32
mkd,sex_t,eco_sector_ser,edu_isced11_total,2008,42.56
mkd,sex_t,eco_sector_ser,edu_isced11_total,2009,41.71
mkd,sex_t,eco_sector_ser,edu_isced11_total,2010,41.74
mkd,sex_t,eco_sector_ser,edu_isced11_total,2011,41.02
mkd,sex_t,eco_sector_ser,edu_isced11_total,2012,41.2
mkd,sex_t,eco_sector_ser,edu_isced11_total,2013,41.2
mkd,sex_t,eco_sector_ser,edu_isced11_total,2014,40.66
mkd,sex_t,eco_sector_ser,edu_isced11_total,2015,40.31
mkd,sex_t,eco_sector_ser,edu_isced11_total,2016,40.76
mkd,sex_t,eco_sector_ser,edu_isced11_total,2017,41.26
mkd,sex_t,eco_sector_ser,edu_isced11_total,2018,40.97
mkd,sex_t,eco_sector_ser,edu_isced11_total,2019,40.43
mkd,sex_t,eco_sector_ser,edu_isced11_total,2020,38.92
mkd,sex_t,eco_sector_ser,edu_isced11_total,2021,39.93
mkd,sex_t,eco_sector_ser,edu_isced11_total,2022,39.66
mkd,sex_t,eco_sector_ser,edu_isced11_total,2024,39.05
mkd,sex_t,eco_sector_ser,edu_isced11_x,2006,33.42
mkd,sex_t,eco_sector_ser,edu_isced11_x,2007,35.49
mkd,sex_t,eco_sector_ser,edu_isced11_x,2008,35.93
mkd,sex_t,eco_sector_ser,edu_isced11_x,2009,39.7
mkd,sex_t,eco_sector_ser,edu_isced11_x,2010,35.46
mkd,sex_t,eco_sector_ser,edu_isced11_x,2011,35.19
mkd,sex_t,eco_sector_ser,edu_isced11_x,2012,44.71
mkd,sex_t,eco_sector_ser,edu_isced11_x,2013,26.45
mkd,sex_t,eco_sector_ser,edu_isced11_x,2014,30.75
mkd,sex_t,eco_sector_ser,edu_isced11_x,2015,30.18
mkd,sex_t,eco_sector_ser,edu_isced11_x,2016,40.71
mkd,sex_t,eco_sector_ser,edu_isced11_x,2017,33
mkd,sex_t,eco_sector_ser,edu_isced11_x,2018,31.49
mkd,sex_t,eco_sector_ser,edu_isced11_x,2019,38.55
mkd,sex_t,eco_sector_ser,edu_isced11_x,2020,36.72
mkd,sex_t,eco_sector_ser,edu_isced11_x,2021,39.1
mkd,sex_t,eco_sector_ser,edu_isced11_x,2022,33.67
mkd,sex_t,eco_sector_ser,edu_isced11_x,2024,40.25
mkd,sex_t,eco_sector_total,edu_aggregate_adv,2006,40.94
mkd,sex_t,eco_sector_total,edu_aggregate_adv,2007,40.4
mkd,sex_t,eco_sector_total,edu_aggregate_adv,2008,40.18
mkd,sex_t,eco_sector_total,edu_aggregate_adv,2009,39.76
mkd,sex_t,eco_sector_total,edu_aggregate_adv,2010,40.03
mkd,sex_t,eco_sector_total,edu_aggregate_adv,2011,39.52
mkd,sex_t,eco_sector_total,edu_aggregate_adv,2012,39.84
mkd,sex_t,eco_sector_total,edu_aggregate_adv,2013,40.17
mkd,sex_t,eco_sector_total,edu_aggregate_adv,2014,40.25
mkd,sex_t,eco_sector_total,edu_aggregate_adv,2015,39.75
mkd,sex_t,eco_sector_total,edu_aggregate_adv,2016,39.87
mkd,sex_t,eco_sector_total,edu_aggregate_adv,2017,40.26
mkd,sex_t,eco_sector_total,edu_aggregate_adv,2018,39.87
mkd,sex_t,eco_sector_total,edu_aggregate_adv,2019,39.37
mkd,sex_t,eco_sector_total,edu_aggregate_adv,2020,38.25
mkd,sex_t,eco_sector_total,edu_aggregate_adv,2021,39.32
mkd,sex_t,eco_sector_total,edu_aggregate_adv,2022,39.23
mkd,sex_t,eco_sector_total,edu_aggregate_adv,2024,38.44
mkd,sex_t,eco_sector_total,edu_aggregate_bas,2006,44.29
mkd,sex_t,eco_sector_total,edu_aggregate_bas,2007,43.1
mkd,sex_t,eco_sector_total,edu_aggregate_bas,2008,43.01
mkd,sex_t,eco_sector_total,edu_aggregate_bas,2009,41.73
mkd,sex_t,eco_sector_total,edu_aggregate_bas,2010,40.97
mkd,sex_t,eco_sector_total,edu_aggregate_bas,2011,41.5
mkd,sex_t,eco_sector_total,edu_aggregate_bas,2012,42.09
mkd,sex_t,eco_sector_total,edu_aggregate_bas,2013,42.45
mkd,sex_t,eco_sector_total,edu_aggregate_bas,2014,42.54
mkd,sex_t,eco_sector_total,edu_aggregate_bas,2015,42.64
mkd,sex_t,eco_sector_total,edu_aggregate_bas,2016,41.58
mkd,sex_t,eco_sector_total,edu_aggregate_bas,2017,43.15
mkd,sex_t,eco_sector_total,edu_aggregate_bas,2018,42.59
mkd,sex_t,eco_sector_total,edu_aggregate_bas,2019,40.79
mkd,sex_t,eco_sector_total,edu_aggregate_bas,2020,39.12
mkd,sex_t,eco_sector_total,edu_aggregate_bas,2021,40.37
mkd,sex_t,eco_sector_total,edu_aggregate_bas,2022,39.45
mkd,sex_t,eco_sector_total,edu_aggregate_bas,2024,39.77
mkd,sex_t,eco_sector_total,edu_aggregate_int,2006,43.85
mkd,sex_t,eco_sector_total,edu_aggregate_int,2007,43.31
mkd,sex_t,eco_sector_total,edu_aggregate_int,2008,43.38
mkd,sex_t,eco_sector_total,edu_aggregate_int,2009,42.59
mkd,sex_t,eco_sector_total,edu_aggregate_int,2010,42.57
mkd,sex_t,eco_sector_total,edu_aggregate_int,2011,41.95
mkd,sex_t,eco_sector_total,edu_aggregate_int,2012,41.95
mkd,sex_t,eco_sector_total,edu_aggregate_int,2013,42.15
mkd,sex_t,eco_sector_total,edu_aggregate_int,2014,41.61
mkd,sex_t,eco_sector_total,edu_aggregate_int,2015,41.51
mkd,sex_t,eco_sector_total,edu_aggregate_int,2016,41.84
mkd,sex_t,eco_sector_total,edu_aggregate_int,2017,42.36
mkd,sex_t,eco_sector_total,edu_aggregate_int,2018,41.94
mkd,sex_t,eco_sector_total,edu_aggregate_int,2019,41.07
mkd,sex_t,eco_sector_total,edu_aggregate_int,2020,39.31
mkd,sex_t,eco_sector_total,edu_aggregate_int,2021,40.16
mkd,sex_t,eco_sector_total,edu_aggregate_int,2022,40.11
mkd,sex_t,eco_sector_total,edu_aggregate_int,2024,39.24
mkd,sex_t,eco_sector_total,edu_aggregate_ltb,2006,42.82
mkd,sex_t,eco_sector_total,edu_aggregate_ltb,2007,41.64
mkd,sex_t,eco_sector_total,edu_aggregate_ltb,2008,40.23
mkd,sex_t,eco_sector_total,edu_aggregate_ltb,2009,36.49
mkd,sex_t,eco_sector_total,edu_aggregate_ltb,2010,36.47
mkd,sex_t,eco_sector_total,edu_aggregate_ltb,2011,39.09
mkd,sex_t,eco_sector_total,edu_aggregate_ltb,2012,38.29
mkd,sex_t,eco_sector_total,edu_aggregate_ltb,2013,41.71
mkd,sex_t,eco_sector_total,edu_aggregate_ltb,2014,42.02
mkd,sex_t,eco_sector_total,edu_aggregate_ltb,2015,42.12
mkd,sex_t,eco_sector_total,edu_aggregate_ltb,2016,40.77
mkd,sex_t,eco_sector_total,edu_aggregate_ltb,2017,41.16
mkd,sex_t,eco_sector_total,edu_aggregate_ltb,2018,40.68
mkd,sex_t,eco_sector_total,edu_aggregate_ltb,2019,37.72
mkd,sex_t,eco_sector_total,edu_aggregate_ltb,2020,35.57
mkd,sex_t,eco_sector_total,edu_aggregate_ltb,2021,35.41
mkd,sex_t,eco_sector_total,edu_aggregate_ltb,2022,37
mkd,sex_t,eco_sector_total,edu_aggregate_ltb,2024,36.92
mkd,sex_t,eco_sector_total,edu_aggregate_total,2006,43.35
mkd,sex_t,eco_sector_total,edu_aggregate_total,2007,42.61
mkd,sex_t,eco_sector_total,edu_aggregate_total,2008,42.58
mkd,sex_t,eco_sector_total,edu_aggregate_total,2009,41.6
mkd,sex_t,eco_sector_total,edu_aggregate_total,2010,41.45
mkd,sex_t,eco_sector_total,edu_aggregate_total,2011,41.19
mkd,sex_t,eco_sector_total,edu_aggregate_total,2012,41.36
mkd,sex_t,eco_sector_total,edu_aggregate_total,2013,41.76
mkd,sex_t,eco_sector_total,edu_aggregate_total,2014,41.5
mkd,sex_t,eco_sector_total,edu_aggregate_total,2015,41.32
mkd,sex_t,eco_sector_total,edu_aggregate_total,2016,41.26
mkd,sex_t,eco_sector_total,edu_aggregate_total,2017,41.92
mkd,sex_t,eco_sector_total,edu_aggregate_total,2018,41.49
mkd,sex_t,eco_sector_total,edu_aggregate_total,2019,40.52
mkd,sex_t,eco_sector_total,edu_aggregate_total,2020,38.92
mkd,sex_t,eco_sector_total,edu_aggregate_total,2021,39.89
mkd,sex_t,eco_sector_total,edu_aggregate_total,2022,39.72
mkd,sex_t,eco_sector_total,edu_aggregate_total,2024,39.02
mkd,sex_t,eco_sector_total,edu_isced11_0,2006,43.51
mkd,sex_t,eco_sector_total,edu_isced11_0,2007,42.86
mkd,sex_t,eco_sector_total,edu_isced11_0,2008,40.44
mkd,sex_t,eco_sector_total,edu_isced11_0,2009,36.4
mkd,sex_t,eco_sector_total,edu_isced11_0,2010,36.35
mkd,sex_t,eco_sector_total,edu_isced11_0,2011,39.54
mkd,sex_t,eco_sector_total,edu_isced11_0,2012,38.02
mkd,sex_t,eco_sector_total,edu_isced11_0,2013,42.42
mkd,sex_t,eco_sector_total,edu_isced11_0,2014,41.54
mkd,sex_t,eco_sector_total,edu_isced11_0,2015,42.69
mkd,sex_t,eco_sector_total,edu_isced11_0,2016,41.32
mkd,sex_t,eco_sector_total,edu_isced11_0,2017,41.67
mkd,sex_t,eco_sector_total,edu_isced11_0,2018,41.83
mkd,sex_t,eco_sector_total,edu_isced11_0,2019,37.7
mkd,sex_t,eco_sector_total,edu_isced11_0,2020,35.54
mkd,sex_t,eco_sector_total,edu_isced11_0,2021,34.96
mkd,sex_t,eco_sector_total,edu_isced11_0,2022,36.56
mkd,sex_t,eco_sector_total,edu_isced11_0,2024,36.38
mkd,sex_t,eco_sector_total,edu_isced11_1,2006,44.31
mkd,sex_t,eco_sector_total,edu_isced11_1,2007,43.18
mkd,sex_t,eco_sector_total,edu_isced11_1,2008,43.05
mkd,sex_t,eco_sector_total,edu_isced11_1,2009,41.7
mkd,sex_t,eco_sector_total,edu_isced11_1,2010,40.91
mkd,sex_t,eco_sector_total,edu_isced11_1,2011,41.57
mkd,sex_t,eco_sector_total,edu_isced11_1,2012,42.11
mkd,sex_t,eco_sector_total,edu_isced11_1,2013,42.51
mkd,sex_t,eco_sector_total,edu_isced11_1,2014,42.53
mkd,sex_t,eco_sector_total,edu_isced11_1,2015,42.63
mkd,sex_t,eco_sector_total,edu_isced11_1,2016,41.61
mkd,sex_t,eco_sector_total,edu_isced11_1,2017,43.14
mkd,sex_t,eco_sector_total,edu_isced11_1,2018,42.57
mkd,sex_t,eco_sector_total,edu_isced11_1,2019,40.78
mkd,sex_t,eco_sector_total,edu_isced11_1,2020,39.13
mkd,sex_t,eco_sector_total,edu_isced11_1,2021,40.37
mkd,sex_t,eco_sector_total,edu_isced11_1,2022,39.44
mkd,sex_t,eco_sector_total,edu_isced11_1,2024,39.77
mkd,sex_t,eco_sector_total,edu_isced11_2,2006,43.45
mkd,sex_t,eco_sector_total,edu_isced11_2,2007,40.16
mkd,sex_t,eco_sector_total,edu_isced11_2,2008,41.39
mkd,sex_t,eco_sector_total,edu_isced11_2,2009,43.43
mkd,sex_t,eco_sector_total,edu_isced11_2,2010,43.56
mkd,sex_t,eco_sector_total,edu_isced11_2,2011,37.75
mkd,sex_t,eco_sector_total,edu_isced11_2,2012,41.41
mkd,sex_t,eco_sector_total,edu_isced11_2,2013,38.24
mkd,sex_t,eco_sector_total,edu_isced11_2,2014,43.6
mkd,sex_t,eco_sector_total,edu_isced11_2,2015,44.38
mkd,sex_t,eco_sector_total,edu_isced11_2,2016,40.05
mkd,sex_t,eco_sector_total,edu_isced11_2,2017,44.36
mkd,sex_t,eco_sector_total,edu_isced11_2,2018,43.49
mkd,sex_t,eco_sector_total,edu_isced11_2,2019,42.02
mkd,sex_t,eco_sector_total,edu_isced11_2,2020,37.78
mkd,sex_t,eco_sector_total,edu_isced11_2,2021,42.48
mkd,sex_t,eco_sector_total,edu_isced11_2,2022,42.32
mkd,sex_t,eco_sector_total,edu_isced11_2,2024,39.64
mkd,sex_t,eco_sector_total,edu_isced11_3,2006,43.85
mkd,sex_t,eco_sector_total,edu_isced11_3,2007,43.31
mkd,sex_t,eco_sector_total,edu_isced11_3,2008,43.38
mkd,sex_t,eco_sector_total,edu_isced11_3,2009,42.59
mkd,sex_t,eco_sector_total,edu_isced11_3,2010,42.57
mkd,sex_t,eco_sector_total,edu_isced11_3,2011,41.95
mkd,sex_t,eco_sector_total,edu_isced11_3,2012,41.95
mkd,sex_t,eco_sector_total,edu_isced11_3,2013,42.15
mkd,sex_t,eco_sector_total,edu_isced11_3,2014,41.61
mkd,sex_t,eco_sector_total,edu_isced11_3,2015,41.51
mkd,sex_t,eco_sector_total,edu_isced11_3,2016,41.84
mkd,sex_t,eco_sector_total,edu_isced11_3,2017,42.36
mkd,sex_t,eco_sector_total,edu_isced11_3,2018,41.94
mkd,sex_t,eco_sector_total,edu_isced11_3,2019,41.07
mkd,sex_t,eco_sector_total,edu_isced11_3,2020,39.33
mkd,sex_t,eco_sector_total,edu_isced11_3,2021,40.17
mkd,sex_t,eco_sector_total,edu_isced11_3,2022,40.12
mkd,sex_t,eco_sector_total,edu_isced11_3,2024,39.09
mkd,sex_t,eco_sector_total,edu_isced11_4,2020,36.85
mkd,sex_t,eco_sector_total,edu_isced11_4,2021,38.59
mkd,sex_t,eco_sector_total,edu_isced11_4,2022,39.08
mkd,sex_t,eco_sector_total,edu_isced11_4,2024,39.83
mkd,sex_t,eco_sector_total,edu_isced11_5,2006,40.86
mkd,sex_t,eco_sector_total,edu_isced11_5,2007,40.67
mkd,sex_t,eco_sector_total,edu_isced11_5,2008,39.86
mkd,sex_t,eco_sector_total,edu_isced11_5,2009,39.72
mkd,sex_t,eco_sector_total,edu_isced11_5,2010,40.32
mkd,sex_t,eco_sector_total,edu_isced11_5,2011,40.55
mkd,sex_t,eco_sector_total,edu_isced11_5,2012,40.52
mkd,sex_t,eco_sector_total,edu_isced11_5,2013,40.23
mkd,sex_t,eco_sector_total,edu_isced11_5,2014,40.46
mkd,sex_t,eco_sector_total,edu_isced11_5,2015,40.48
mkd,sex_t,eco_sector_total,edu_isced11_5,2016,41.11
mkd,sex_t,eco_sector_total,edu_isced11_5,2017,41.44
mkd,sex_t,eco_sector_total,edu_isced11_5,2018,40.51
mkd,sex_t,eco_sector_total,edu_isced11_5,2019,40.28
mkd,sex_t,eco_sector_total,edu_isced11_5,2020,38.33
mkd,sex_t,eco_sector_total,edu_isced11_5,2021,40.14
mkd,sex_t,eco_sector_total,edu_isced11_5,2022,39.86
mkd,sex_t,eco_sector_total,edu_isced11_5,2024,37.82
mkd,sex_t,eco_sector_total,edu_isced11_6,2006,40.99
mkd,sex_t,eco_sector_total,edu_isced11_6,2007,40.31
mkd,sex_t,eco_sector_total,edu_isced11_6,2008,40.36
mkd,sex_t,eco_sector_total,edu_isced11_6,2009,39.87
mkd,sex_t,eco_sector_total,edu_isced11_6,2010,39.98
mkd,sex_t,eco_sector_total,edu_isced11_6,2011,39.37
mkd,sex_t,eco_sector_total,edu_isced11_6,2012,39.84
mkd,sex_t,eco_sector_total,edu_isced11_6,2013,40.23
mkd,sex_t,eco_sector_total,edu_isced11_6,2014,40.28
mkd,sex_t,eco_sector_total,edu_isced11_6,2015,39.74
mkd,sex_t,eco_sector_total,edu_isced11_6,2016,39.76
mkd,sex_t,eco_sector_total,edu_isced11_6,2017,40.22
mkd,sex_t,eco_sector_total,edu_isced11_6,2018,39.85
mkd,sex_t,eco_sector_total,edu_isced11_6,2019,39.25
mkd,sex_t,eco_sector_total,edu_isced11_6,2020,38.26
mkd,sex_t,eco_sector_total,edu_isced11_6,2021,39.25
mkd,sex_t,eco_sector_total,edu_isced11_6,2022,39.17
mkd,sex_t,eco_sector_total,edu_isced11_6,2024,38.52
mkd,sex_t,eco_sector_total,edu_isced11_7,2006,40.57
mkd,sex_t,eco_sector_total,edu_isced11_7,2007,40.49
mkd,sex_t,eco_sector_total,edu_isced11_7,2008,38.43
mkd,sex_t,eco_sector_total,edu_isced11_7,2009,37.81
mkd,sex_t,eco_sector_total,edu_isced11_7,2010,39.45
mkd,sex_t,eco_sector_total,edu_isced11_7,2011,39.08
mkd,sex_t,eco_sector_total,edu_isced11_7,2012,38.54
mkd,sex_t,eco_sector_total,edu_isced11_7,2013,39.96
mkd,sex_t,eco_sector_total,edu_isced11_7,2014,39.55
mkd,sex_t,eco_sector_total,edu_isced11_7,2015,39.16
mkd,sex_t,eco_sector_total,edu_isced11_7,2016,39.52
mkd,sex_t,eco_sector_total,edu_isced11_7,2017,39.9
mkd,sex_t,eco_sector_total,edu_isced11_7,2018,39.6
mkd,sex_t,eco_sector_total,edu_isced11_7,2019,39.59
mkd,sex_t,eco_sector_total,edu_isced11_7,2020,38.03
mkd,sex_t,eco_sector_total,edu_isced11_7,2021,39.38
mkd,sex_t,eco_sector_total,edu_isced11_7,2022,39.35
mkd,sex_t,eco_sector_total,edu_isced11_7,2024,38.28
mkd,sex_t,eco_sector_total,edu_isced11_8,2006,40.98
mkd,sex_t,eco_sector_total,edu_isced11_8,2007,40.37
mkd,sex_t,eco_sector_total,edu_isced11_8,2008,38.91
mkd,sex_t,eco_sector_total,edu_isced11_8,2009,38.57
mkd,sex_t,eco_sector_total,edu_isced11_8,2010,40.13
mkd,sex_t,eco_sector_total,edu_isced11_8,2011,39.55
mkd,sex_t,eco_sector_total,edu_isced11_8,2012,36.76
mkd,sex_t,eco_sector_total,edu_isced11_8,2013,37.26
mkd,sex_t,eco_sector_total,edu_isced11_8,2014,39.89
mkd,sex_t,eco_sector_total,edu_isced11_8,2015,37.8
mkd,sex_t,eco_sector_total,edu_isced11_8,2016,40.07
mkd,sex_t,eco_sector_total,edu_isced11_8,2017,38.67
mkd,sex_t,eco_sector_total,edu_isced11_8,2018,38.85
mkd,sex_t,eco_sector_total,edu_isced11_8,2019,39.59
mkd,sex_t,eco_sector_total,edu_isced11_8,2020,38.55
mkd,sex_t,eco_sector_total,edu_isced11_8,2021,38.85
mkd,sex_t,eco_sector_total,edu_isced11_8,2022,39.1
mkd,sex_t,eco_sector_total,edu_isced11_8,2024,37.74
mkd,sex_t,eco_sector_total,edu_isced11_total,2006,43.35
mkd,sex_t,eco_sector_total,edu_isced11_total,2007,42.61
mkd,sex_t,eco_sector_total,edu_isced11_total,2008,42.58
mkd,sex_t,eco_sector_total,edu_isced11_total,2009,41.6
mkd,sex_t,eco_sector_total,edu_isced11_total,2010,41.45
mkd,sex_t,eco_sector_total,edu_isced11_total,2011,41.19
mkd,sex_t,eco_sector_total,edu_isced11_total,2012,41.36
mkd,sex_t,eco_sector_total,edu_isced11_total,2013,41.76
mkd,sex_t,eco_sector_total,edu_isced11_total,2014,41.5
mkd,sex_t,eco_sector_total,edu_isced11_total,2015,41.32
mkd,sex_t,eco_sector_total,edu_isced11_total,2016,41.26
mkd,sex_t,eco_sector_total,edu_isced11_total,2017,41.92
mkd,sex_t,eco_sector_total,edu_isced11_total,2018,41.49
mkd,sex_t,eco_sector_total,edu_isced11_total,2019,40.52
mkd,sex_t,eco_sector_total,edu_isced11_total,2020,38.92
mkd,sex_t,eco_sector_total,edu_isced11_total,2021,39.89
mkd,sex_t,eco_sector_total,edu_isced11_total,2022,39.72
mkd,sex_t,eco_sector_total,edu_isced11_total,2024,39.02
mkd,sex_t,eco_sector_total,edu_isced11_x,2006,37.09
mkd,sex_t,eco_sector_total,edu_isced11_x,2007,37.7
mkd,sex_t,eco_sector_total,edu_isced11_x,2008,39.04
mkd,sex_t,eco_sector_total,edu_isced11_x,2009,37.38
mkd,sex_t,eco_sector_total,edu_isced11_x,2010,37.21
mkd,sex_t,eco_sector_total,edu_isced11_x,2011,35.91
mkd,sex_t,eco_sector_total,edu_isced11_x,2012,39.88
mkd,sex_t,eco_sector_total,edu_isced11_x,2013,38.52
mkd,sex_t,eco_sector_total,edu_isced11_x,2014,44.36
mkd,sex_t,eco_sector_total,edu_isced11_x,2015,38.17
mkd,sex_t,eco_sector_total,edu_isced11_x,2016,38.81
mkd,sex_t,eco_sector_total,edu_isced11_x,2017,38.85
mkd,sex_t,eco_sector_total,edu_isced11_x,2018,36.14
mkd,sex_t,eco_sector_total,edu_isced11_x,2019,37.77
mkd,sex_t,eco_sector_total,edu_isced11_x,2020,35.66
mkd,sex_t,eco_sector_total,edu_isced11_x,2021,36.94
mkd,sex_t,eco_sector_total,edu_isced11_x,2022,38.17
mkd,sex_t,eco_sector_total,edu_isced11_x,2024,37.98
mkd,sex_t,eco_sector_x,edu_aggregate_total,2006,40.8
mkd,sex_t,eco_sector_x,edu_isced11_total,2006,40.8
