ref_area,sex,classif1,classif2,time,how_temp_sex_ocu_geo_nb
esp,sex_f,ocu_isco08_0,geo_cov_nat,2011,37.02
esp,sex_f,ocu_isco08_0,geo_cov_nat,2012,38.54
esp,sex_f,ocu_isco08_0,geo_cov_nat,2013,35.67
esp,sex_f,ocu_isco08_0,geo_cov_nat,2014,36.42
esp,sex_f,ocu_isco08_0,geo_cov_nat,2015,36.93
esp,sex_f,ocu_isco08_0,geo_cov_nat,2016,43
esp,sex_f,ocu_isco08_0,geo_cov_nat,2017,36.61
esp,sex_f,ocu_isco08_0,geo_cov_nat,2018,35.25
esp,sex_f,ocu_isco08_0,geo_cov_nat,2019,40.92
esp,sex_f,ocu_isco08_0,geo_cov_nat,2020,36.52
esp,sex_f,ocu_isco08_0,geo_cov_nat,2021,37.86
esp,sex_f,ocu_isco08_0,geo_cov_nat,2022,36
esp,sex_f,ocu_isco08_0,geo_cov_nat,2023,39.28
esp,sex_f,ocu_isco08_0,geo_cov_rur,2012,43.25
esp,sex_f,ocu_isco08_0,geo_cov_rur,2015,36.96
esp,sex_f,ocu_isco08_0,geo_cov_urb,2011,35.55
esp,sex_f,ocu_isco08_0,geo_cov_urb,2012,36.27
esp,sex_f,ocu_isco08_0,geo_cov_urb,2013,34.96
esp,sex_f,ocu_isco08_0,geo_cov_urb,2014,35.87
esp,sex_f,ocu_isco08_0,geo_cov_urb,2015,36.91
esp,sex_f,ocu_isco08_0,geo_cov_urb,2016,46.13
esp,sex_f,ocu_isco08_0,geo_cov_urb,2017,36.46
esp,sex_f,ocu_isco08_0,geo_cov_urb,2018,35.25
esp,sex_f,ocu_isco08_0,geo_cov_urb,2019,41.28
esp,sex_f,ocu_isco08_0,geo_cov_urb,2020,36.78
esp,sex_f,ocu_isco08_0,geo_cov_urb,2021,37.89
esp,sex_f,ocu_isco08_0,geo_cov_urb,2022,36.7
esp,sex_f,ocu_isco08_0,geo_cov_urb,2023,40.72
esp,sex_f,ocu_isco08_1,geo_cov_nat,2011,41.8
esp,sex_f,ocu_isco08_1,geo_cov_nat,2012,42.16
esp,sex_f,ocu_isco08_1,geo_cov_nat,2013,40.98
esp,sex_f,ocu_isco08_1,geo_cov_nat,2014,42.25
esp,sex_f,ocu_isco08_1,geo_cov_nat,2015,41.66
esp,sex_f,ocu_isco08_1,geo_cov_nat,2016,40.72
esp,sex_f,ocu_isco08_1,geo_cov_nat,2017,40.02
esp,sex_f,ocu_isco08_1,geo_cov_nat,2018,40.69
esp,sex_f,ocu_isco08_1,geo_cov_nat,2019,41.03
esp,sex_f,ocu_isco08_1,geo_cov_nat,2020,38.36
esp,sex_f,ocu_isco08_1,geo_cov_nat,2021,38.11
esp,sex_f,ocu_isco08_1,geo_cov_nat,2022,38.92
esp,sex_f,ocu_isco08_1,geo_cov_nat,2023,39.3
esp,sex_f,ocu_isco08_1,geo_cov_rur,2011,42.2
esp,sex_f,ocu_isco08_1,geo_cov_rur,2012,43.74
esp,sex_f,ocu_isco08_1,geo_cov_rur,2013,40.27
esp,sex_f,ocu_isco08_1,geo_cov_rur,2014,44.83
esp,sex_f,ocu_isco08_1,geo_cov_rur,2015,40.24
esp,sex_f,ocu_isco08_1,geo_cov_rur,2016,39.58
esp,sex_f,ocu_isco08_1,geo_cov_rur,2017,37.4
esp,sex_f,ocu_isco08_1,geo_cov_rur,2018,38.71
esp,sex_f,ocu_isco08_1,geo_cov_rur,2019,40.34
esp,sex_f,ocu_isco08_1,geo_cov_rur,2020,39.47
esp,sex_f,ocu_isco08_1,geo_cov_rur,2021,37.62
esp,sex_f,ocu_isco08_1,geo_cov_rur,2022,40.02
esp,sex_f,ocu_isco08_1,geo_cov_rur,2023,42.57
esp,sex_f,ocu_isco08_1,geo_cov_urb,2011,41.68
esp,sex_f,ocu_isco08_1,geo_cov_urb,2012,41.89
esp,sex_f,ocu_isco08_1,geo_cov_urb,2013,41.21
esp,sex_f,ocu_isco08_1,geo_cov_urb,2014,41.61
esp,sex_f,ocu_isco08_1,geo_cov_urb,2015,41.96
esp,sex_f,ocu_isco08_1,geo_cov_urb,2016,41.02
esp,sex_f,ocu_isco08_1,geo_cov_urb,2017,40.31
esp,sex_f,ocu_isco08_1,geo_cov_urb,2018,40.86
esp,sex_f,ocu_isco08_1,geo_cov_urb,2019,41.09
esp,sex_f,ocu_isco08_1,geo_cov_urb,2020,38.24
esp,sex_f,ocu_isco08_1,geo_cov_urb,2021,38.16
esp,sex_f,ocu_isco08_1,geo_cov_urb,2022,38.82
esp,sex_f,ocu_isco08_1,geo_cov_urb,2023,38.97
esp,sex_f,ocu_isco08_2,geo_cov_nat,2011,34.87
esp,sex_f,ocu_isco08_2,geo_cov_nat,2012,34.96
esp,sex_f,ocu_isco08_2,geo_cov_nat,2013,35.22
esp,sex_f,ocu_isco08_2,geo_cov_nat,2014,35.26
esp,sex_f,ocu_isco08_2,geo_cov_nat,2015,34.61
esp,sex_f,ocu_isco08_2,geo_cov_nat,2016,34.68
esp,sex_f,ocu_isco08_2,geo_cov_nat,2017,35.13
esp,sex_f,ocu_isco08_2,geo_cov_nat,2018,35.15
esp,sex_f,ocu_isco08_2,geo_cov_nat,2019,34.81
esp,sex_f,ocu_isco08_2,geo_cov_nat,2020,35.23
esp,sex_f,ocu_isco08_2,geo_cov_nat,2021,34.33
esp,sex_f,ocu_isco08_2,geo_cov_nat,2022,34.67
esp,sex_f,ocu_isco08_2,geo_cov_nat,2023,34.36
esp,sex_f,ocu_isco08_2,geo_cov_rur,2011,33.49
esp,sex_f,ocu_isco08_2,geo_cov_rur,2012,34
esp,sex_f,ocu_isco08_2,geo_cov_rur,2013,32.44
esp,sex_f,ocu_isco08_2,geo_cov_rur,2014,33.96
esp,sex_f,ocu_isco08_2,geo_cov_rur,2015,33.57
esp,sex_f,ocu_isco08_2,geo_cov_rur,2016,33.14
esp,sex_f,ocu_isco08_2,geo_cov_rur,2017,34.57
esp,sex_f,ocu_isco08_2,geo_cov_rur,2018,33.26
esp,sex_f,ocu_isco08_2,geo_cov_rur,2019,34.75
esp,sex_f,ocu_isco08_2,geo_cov_rur,2020,34.71
esp,sex_f,ocu_isco08_2,geo_cov_rur,2021,32.81
esp,sex_f,ocu_isco08_2,geo_cov_rur,2022,34.68
esp,sex_f,ocu_isco08_2,geo_cov_rur,2023,33.84
esp,sex_f,ocu_isco08_2,geo_cov_urb,2011,35.12
esp,sex_f,ocu_isco08_2,geo_cov_urb,2012,35.12
esp,sex_f,ocu_isco08_2,geo_cov_urb,2013,35.68
esp,sex_f,ocu_isco08_2,geo_cov_urb,2014,35.52
esp,sex_f,ocu_isco08_2,geo_cov_urb,2015,34.78
esp,sex_f,ocu_isco08_2,geo_cov_urb,2016,34.95
esp,sex_f,ocu_isco08_2,geo_cov_urb,2017,35.18
esp,sex_f,ocu_isco08_2,geo_cov_urb,2018,35.32
esp,sex_f,ocu_isco08_2,geo_cov_urb,2019,34.81
esp,sex_f,ocu_isco08_2,geo_cov_urb,2020,35.28
esp,sex_f,ocu_isco08_2,geo_cov_urb,2021,34.47
esp,sex_f,ocu_isco08_2,geo_cov_urb,2022,34.66
esp,sex_f,ocu_isco08_2,geo_cov_urb,2023,34.41
esp,sex_f,ocu_isco08_3,geo_cov_nat,2011,35.27
esp,sex_f,ocu_isco08_3,geo_cov_nat,2012,34.25
esp,sex_f,ocu_isco08_3,geo_cov_nat,2013,34.9
esp,sex_f,ocu_isco08_3,geo_cov_nat,2014,35.23
esp,sex_f,ocu_isco08_3,geo_cov_nat,2015,34.91
esp,sex_f,ocu_isco08_3,geo_cov_nat,2016,36.02
esp,sex_f,ocu_isco08_3,geo_cov_nat,2017,34.72
esp,sex_f,ocu_isco08_3,geo_cov_nat,2018,35.01
esp,sex_f,ocu_isco08_3,geo_cov_nat,2019,34.65
esp,sex_f,ocu_isco08_3,geo_cov_nat,2020,34.53
esp,sex_f,ocu_isco08_3,geo_cov_nat,2021,34.25
esp,sex_f,ocu_isco08_3,geo_cov_nat,2022,35.09
esp,sex_f,ocu_isco08_3,geo_cov_nat,2023,34.95
esp,sex_f,ocu_isco08_3,geo_cov_rur,2011,34.07
esp,sex_f,ocu_isco08_3,geo_cov_rur,2012,34.49
esp,sex_f,ocu_isco08_3,geo_cov_rur,2013,35.25
esp,sex_f,ocu_isco08_3,geo_cov_rur,2014,35.15
esp,sex_f,ocu_isco08_3,geo_cov_rur,2015,34.19
esp,sex_f,ocu_isco08_3,geo_cov_rur,2016,34.75
esp,sex_f,ocu_isco08_3,geo_cov_rur,2017,32.08
esp,sex_f,ocu_isco08_3,geo_cov_rur,2018,34.6
esp,sex_f,ocu_isco08_3,geo_cov_rur,2019,35.29
esp,sex_f,ocu_isco08_3,geo_cov_rur,2020,33.92
esp,sex_f,ocu_isco08_3,geo_cov_rur,2021,32.74
esp,sex_f,ocu_isco08_3,geo_cov_rur,2022,36.67
esp,sex_f,ocu_isco08_3,geo_cov_rur,2023,34.58
esp,sex_f,ocu_isco08_3,geo_cov_urb,2011,35.51
esp,sex_f,ocu_isco08_3,geo_cov_urb,2012,34.2
esp,sex_f,ocu_isco08_3,geo_cov_urb,2013,34.83
esp,sex_f,ocu_isco08_3,geo_cov_urb,2014,35.25
esp,sex_f,ocu_isco08_3,geo_cov_urb,2015,35.05
esp,sex_f,ocu_isco08_3,geo_cov_urb,2016,36.32
esp,sex_f,ocu_isco08_3,geo_cov_urb,2017,34.99
esp,sex_f,ocu_isco08_3,geo_cov_urb,2018,35.05
esp,sex_f,ocu_isco08_3,geo_cov_urb,2019,34.58
esp,sex_f,ocu_isco08_3,geo_cov_urb,2020,34.58
esp,sex_f,ocu_isco08_3,geo_cov_urb,2021,34.39
esp,sex_f,ocu_isco08_3,geo_cov_urb,2022,34.9
esp,sex_f,ocu_isco08_3,geo_cov_urb,2023,34.99
esp,sex_f,ocu_isco08_4,geo_cov_nat,2011,34.79
esp,sex_f,ocu_isco08_4,geo_cov_nat,2012,34.18
esp,sex_f,ocu_isco08_4,geo_cov_nat,2013,34.41
esp,sex_f,ocu_isco08_4,geo_cov_nat,2014,34.33
esp,sex_f,ocu_isco08_4,geo_cov_nat,2015,34.71
esp,sex_f,ocu_isco08_4,geo_cov_nat,2016,34.6
esp,sex_f,ocu_isco08_4,geo_cov_nat,2017,34.44
esp,sex_f,ocu_isco08_4,geo_cov_nat,2018,34.72
esp,sex_f,ocu_isco08_4,geo_cov_nat,2019,34.52
esp,sex_f,ocu_isco08_4,geo_cov_nat,2020,33.87
esp,sex_f,ocu_isco08_4,geo_cov_nat,2021,33.88
esp,sex_f,ocu_isco08_4,geo_cov_nat,2022,34.05
esp,sex_f,ocu_isco08_4,geo_cov_nat,2023,34.19
esp,sex_f,ocu_isco08_4,geo_cov_rur,2011,34.19
esp,sex_f,ocu_isco08_4,geo_cov_rur,2012,34.02
esp,sex_f,ocu_isco08_4,geo_cov_rur,2013,33.63
esp,sex_f,ocu_isco08_4,geo_cov_rur,2014,33.79
esp,sex_f,ocu_isco08_4,geo_cov_rur,2015,34.73
esp,sex_f,ocu_isco08_4,geo_cov_rur,2016,33.53
esp,sex_f,ocu_isco08_4,geo_cov_rur,2017,34.02
esp,sex_f,ocu_isco08_4,geo_cov_rur,2018,33.35
esp,sex_f,ocu_isco08_4,geo_cov_rur,2019,34.16
esp,sex_f,ocu_isco08_4,geo_cov_rur,2020,31.35
esp,sex_f,ocu_isco08_4,geo_cov_rur,2021,32.82
esp,sex_f,ocu_isco08_4,geo_cov_rur,2022,33.81
esp,sex_f,ocu_isco08_4,geo_cov_rur,2023,34.25
esp,sex_f,ocu_isco08_4,geo_cov_urb,2011,34.92
esp,sex_f,ocu_isco08_4,geo_cov_urb,2012,34.21
esp,sex_f,ocu_isco08_4,geo_cov_urb,2013,34.59
esp,sex_f,ocu_isco08_4,geo_cov_urb,2014,34.46
esp,sex_f,ocu_isco08_4,geo_cov_urb,2015,34.7
esp,sex_f,ocu_isco08_4,geo_cov_urb,2016,34.87
esp,sex_f,ocu_isco08_4,geo_cov_urb,2017,34.5
esp,sex_f,ocu_isco08_4,geo_cov_urb,2018,34.86
esp,sex_f,ocu_isco08_4,geo_cov_urb,2019,34.56
esp,sex_f,ocu_isco08_4,geo_cov_urb,2020,34.16
esp,sex_f,ocu_isco08_4,geo_cov_urb,2021,34.01
esp,sex_f,ocu_isco08_4,geo_cov_urb,2022,34.08
esp,sex_f,ocu_isco08_4,geo_cov_urb,2023,34.18
esp,sex_f,ocu_isco08_5,geo_cov_nat,2011,34.87
esp,sex_f,ocu_isco08_5,geo_cov_nat,2012,35.13
esp,sex_f,ocu_isco08_5,geo_cov_nat,2013,34.42
esp,sex_f,ocu_isco08_5,geo_cov_nat,2014,35
esp,sex_f,ocu_isco08_5,geo_cov_nat,2015,34.6
esp,sex_f,ocu_isco08_5,geo_cov_nat,2016,34.32
esp,sex_f,ocu_isco08_5,geo_cov_nat,2017,34.39
esp,sex_f,ocu_isco08_5,geo_cov_nat,2018,34.08
esp,sex_f,ocu_isco08_5,geo_cov_nat,2019,34.02
esp,sex_f,ocu_isco08_5,geo_cov_nat,2020,33.8
esp,sex_f,ocu_isco08_5,geo_cov_nat,2021,33.51
esp,sex_f,ocu_isco08_5,geo_cov_nat,2022,33.75
esp,sex_f,ocu_isco08_5,geo_cov_nat,2023,33.7
esp,sex_f,ocu_isco08_5,geo_cov_rur,2011,36.02
esp,sex_f,ocu_isco08_5,geo_cov_rur,2012,35.77
esp,sex_f,ocu_isco08_5,geo_cov_rur,2013,34.91
esp,sex_f,ocu_isco08_5,geo_cov_rur,2014,35.26
esp,sex_f,ocu_isco08_5,geo_cov_rur,2015,35.23
esp,sex_f,ocu_isco08_5,geo_cov_rur,2016,34.3
esp,sex_f,ocu_isco08_5,geo_cov_rur,2017,34.86
esp,sex_f,ocu_isco08_5,geo_cov_rur,2018,35.1
esp,sex_f,ocu_isco08_5,geo_cov_rur,2019,34.48
esp,sex_f,ocu_isco08_5,geo_cov_rur,2020,35.17
esp,sex_f,ocu_isco08_5,geo_cov_rur,2021,34.92
esp,sex_f,ocu_isco08_5,geo_cov_rur,2022,33.68
esp,sex_f,ocu_isco08_5,geo_cov_rur,2023,34.97
esp,sex_f,ocu_isco08_5,geo_cov_urb,2011,34.51
esp,sex_f,ocu_isco08_5,geo_cov_urb,2012,34.93
esp,sex_f,ocu_isco08_5,geo_cov_urb,2013,34.26
esp,sex_f,ocu_isco08_5,geo_cov_urb,2014,34.92
esp,sex_f,ocu_isco08_5,geo_cov_urb,2015,34.4
esp,sex_f,ocu_isco08_5,geo_cov_urb,2016,34.33
esp,sex_f,ocu_isco08_5,geo_cov_urb,2017,34.32
esp,sex_f,ocu_isco08_5,geo_cov_urb,2018,33.93
esp,sex_f,ocu_isco08_5,geo_cov_urb,2019,33.96
esp,sex_f,ocu_isco08_5,geo_cov_urb,2020,33.58
esp,sex_f,ocu_isco08_5,geo_cov_urb,2021,33.29
esp,sex_f,ocu_isco08_5,geo_cov_urb,2022,33.76
esp,sex_f,ocu_isco08_5,geo_cov_urb,2023,33.49
esp,sex_f,ocu_isco08_6,geo_cov_nat,2011,44.29
esp,sex_f,ocu_isco08_6,geo_cov_nat,2012,41.83
esp,sex_f,ocu_isco08_6,geo_cov_nat,2013,42.61
esp,sex_f,ocu_isco08_6,geo_cov_nat,2014,44.08
esp,sex_f,ocu_isco08_6,geo_cov_nat,2015,40.96
esp,sex_f,ocu_isco08_6,geo_cov_nat,2016,43.09
esp,sex_f,ocu_isco08_6,geo_cov_nat,2017,42.32
esp,sex_f,ocu_isco08_6,geo_cov_nat,2018,39.66
esp,sex_f,ocu_isco08_6,geo_cov_nat,2019,41.65
esp,sex_f,ocu_isco08_6,geo_cov_nat,2020,43.54
esp,sex_f,ocu_isco08_6,geo_cov_nat,2021,42.15
esp,sex_f,ocu_isco08_6,geo_cov_nat,2022,44.16
esp,sex_f,ocu_isco08_6,geo_cov_nat,2023,41.95
esp,sex_f,ocu_isco08_6,geo_cov_rur,2011,46.12
esp,sex_f,ocu_isco08_6,geo_cov_rur,2012,42.91
esp,sex_f,ocu_isco08_6,geo_cov_rur,2013,45.53
esp,sex_f,ocu_isco08_6,geo_cov_rur,2014,46.92
esp,sex_f,ocu_isco08_6,geo_cov_rur,2015,42.27
esp,sex_f,ocu_isco08_6,geo_cov_rur,2016,45.53
esp,sex_f,ocu_isco08_6,geo_cov_rur,2017,48.46
esp,sex_f,ocu_isco08_6,geo_cov_rur,2018,42.85
esp,sex_f,ocu_isco08_6,geo_cov_rur,2019,44.69
esp,sex_f,ocu_isco08_6,geo_cov_rur,2020,47.08
esp,sex_f,ocu_isco08_6,geo_cov_rur,2021,45.92
esp,sex_f,ocu_isco08_6,geo_cov_rur,2022,48.42
esp,sex_f,ocu_isco08_6,geo_cov_rur,2023,49.79
esp,sex_f,ocu_isco08_6,geo_cov_urb,2011,40.32
esp,sex_f,ocu_isco08_6,geo_cov_urb,2012,37.74
esp,sex_f,ocu_isco08_6,geo_cov_urb,2013,35.25
esp,sex_f,ocu_isco08_6,geo_cov_urb,2014,32.84
esp,sex_f,ocu_isco08_6,geo_cov_urb,2015,39.2
esp,sex_f,ocu_isco08_6,geo_cov_urb,2016,35.62
esp,sex_f,ocu_isco08_6,geo_cov_urb,2017,37.42
esp,sex_f,ocu_isco08_6,geo_cov_urb,2018,37.28
esp,sex_f,ocu_isco08_6,geo_cov_urb,2019,37.11
esp,sex_f,ocu_isco08_6,geo_cov_urb,2020,39.6
esp,sex_f,ocu_isco08_6,geo_cov_urb,2021,37.96
esp,sex_f,ocu_isco08_6,geo_cov_urb,2022,39
esp,sex_f,ocu_isco08_6,geo_cov_urb,2023,33.92
esp,sex_f,ocu_isco08_7,geo_cov_nat,2011,37.39
esp,sex_f,ocu_isco08_7,geo_cov_nat,2012,35.15
esp,sex_f,ocu_isco08_7,geo_cov_nat,2013,34.5
esp,sex_f,ocu_isco08_7,geo_cov_nat,2014,36.59
esp,sex_f,ocu_isco08_7,geo_cov_nat,2015,36.99
esp,sex_f,ocu_isco08_7,geo_cov_nat,2016,36.96
esp,sex_f,ocu_isco08_7,geo_cov_nat,2017,36.83
esp,sex_f,ocu_isco08_7,geo_cov_nat,2018,37.38
esp,sex_f,ocu_isco08_7,geo_cov_nat,2019,38.97
esp,sex_f,ocu_isco08_7,geo_cov_nat,2020,34.3
esp,sex_f,ocu_isco08_7,geo_cov_nat,2021,36.79
esp,sex_f,ocu_isco08_7,geo_cov_nat,2022,35.77
esp,sex_f,ocu_isco08_7,geo_cov_nat,2023,37.05
esp,sex_f,ocu_isco08_7,geo_cov_rur,2011,38.87
esp,sex_f,ocu_isco08_7,geo_cov_rur,2012,35.86
esp,sex_f,ocu_isco08_7,geo_cov_rur,2013,35.31
esp,sex_f,ocu_isco08_7,geo_cov_rur,2014,37.21
esp,sex_f,ocu_isco08_7,geo_cov_rur,2015,38.16
esp,sex_f,ocu_isco08_7,geo_cov_rur,2016,36.28
esp,sex_f,ocu_isco08_7,geo_cov_rur,2017,37.17
esp,sex_f,ocu_isco08_7,geo_cov_rur,2018,35.82
esp,sex_f,ocu_isco08_7,geo_cov_rur,2019,39.55
esp,sex_f,ocu_isco08_7,geo_cov_rur,2020,33.52
esp,sex_f,ocu_isco08_7,geo_cov_rur,2021,34.44
esp,sex_f,ocu_isco08_7,geo_cov_rur,2022,35.43
esp,sex_f,ocu_isco08_7,geo_cov_rur,2023,36.67
esp,sex_f,ocu_isco08_7,geo_cov_urb,2011,36.44
esp,sex_f,ocu_isco08_7,geo_cov_urb,2012,34.67
esp,sex_f,ocu_isco08_7,geo_cov_urb,2013,34.03
esp,sex_f,ocu_isco08_7,geo_cov_urb,2014,36.24
esp,sex_f,ocu_isco08_7,geo_cov_urb,2015,36.3
esp,sex_f,ocu_isco08_7,geo_cov_urb,2016,37.4
esp,sex_f,ocu_isco08_7,geo_cov_urb,2017,36.74
esp,sex_f,ocu_isco08_7,geo_cov_urb,2018,37.82
esp,sex_f,ocu_isco08_7,geo_cov_urb,2019,38.84
esp,sex_f,ocu_isco08_7,geo_cov_urb,2020,34.44
esp,sex_f,ocu_isco08_7,geo_cov_urb,2021,37.16
esp,sex_f,ocu_isco08_7,geo_cov_urb,2022,35.83
esp,sex_f,ocu_isco08_7,geo_cov_urb,2023,37.13
esp,sex_f,ocu_isco08_8,geo_cov_nat,2011,36.78
esp,sex_f,ocu_isco08_8,geo_cov_nat,2012,36.37
esp,sex_f,ocu_isco08_8,geo_cov_nat,2013,36.86
esp,sex_f,ocu_isco08_8,geo_cov_nat,2014,35.76
esp,sex_f,ocu_isco08_8,geo_cov_nat,2015,35.63
esp,sex_f,ocu_isco08_8,geo_cov_nat,2016,37.12
esp,sex_f,ocu_isco08_8,geo_cov_nat,2017,37.22
esp,sex_f,ocu_isco08_8,geo_cov_nat,2018,37.44
esp,sex_f,ocu_isco08_8,geo_cov_nat,2019,36.72
esp,sex_f,ocu_isco08_8,geo_cov_nat,2020,37.49
esp,sex_f,ocu_isco08_8,geo_cov_nat,2021,36.33
esp,sex_f,ocu_isco08_8,geo_cov_nat,2022,36.85
esp,sex_f,ocu_isco08_8,geo_cov_nat,2023,37.07
esp,sex_f,ocu_isco08_8,geo_cov_rur,2011,37.09
esp,sex_f,ocu_isco08_8,geo_cov_rur,2012,35.48
esp,sex_f,ocu_isco08_8,geo_cov_rur,2013,35.63
esp,sex_f,ocu_isco08_8,geo_cov_rur,2014,35.13
esp,sex_f,ocu_isco08_8,geo_cov_rur,2015,34.86
esp,sex_f,ocu_isco08_8,geo_cov_rur,2016,34.79
esp,sex_f,ocu_isco08_8,geo_cov_rur,2017,36.49
esp,sex_f,ocu_isco08_8,geo_cov_rur,2018,36.69
esp,sex_f,ocu_isco08_8,geo_cov_rur,2019,34.02
esp,sex_f,ocu_isco08_8,geo_cov_rur,2020,34.89
esp,sex_f,ocu_isco08_8,geo_cov_rur,2021,34.57
esp,sex_f,ocu_isco08_8,geo_cov_rur,2022,35.37
esp,sex_f,ocu_isco08_8,geo_cov_rur,2023,36.76
esp,sex_f,ocu_isco08_8,geo_cov_urb,2011,36.68
esp,sex_f,ocu_isco08_8,geo_cov_urb,2012,36.91
esp,sex_f,ocu_isco08_8,geo_cov_urb,2013,37.42
esp,sex_f,ocu_isco08_8,geo_cov_urb,2014,36.01
esp,sex_f,ocu_isco08_8,geo_cov_urb,2015,36
esp,sex_f,ocu_isco08_8,geo_cov_urb,2016,38.03
esp,sex_f,ocu_isco08_8,geo_cov_urb,2017,37.39
esp,sex_f,ocu_isco08_8,geo_cov_urb,2018,37.58
esp,sex_f,ocu_isco08_8,geo_cov_urb,2019,37.21
esp,sex_f,ocu_isco08_8,geo_cov_urb,2020,37.99
esp,sex_f,ocu_isco08_8,geo_cov_urb,2021,36.82
esp,sex_f,ocu_isco08_8,geo_cov_urb,2022,37.16
esp,sex_f,ocu_isco08_8,geo_cov_urb,2023,37.12
esp,sex_f,ocu_isco08_9,geo_cov_nat,2011,28.28
esp,sex_f,ocu_isco08_9,geo_cov_nat,2012,28.06
esp,sex_f,ocu_isco08_9,geo_cov_nat,2013,26.97
esp,sex_f,ocu_isco08_9,geo_cov_nat,2014,27.51
esp,sex_f,ocu_isco08_9,geo_cov_nat,2015,27.54
esp,sex_f,ocu_isco08_9,geo_cov_nat,2016,28.23
esp,sex_f,ocu_isco08_9,geo_cov_nat,2017,28.78
esp,sex_f,ocu_isco08_9,geo_cov_nat,2018,29.04
esp,sex_f,ocu_isco08_9,geo_cov_nat,2019,28.49
esp,sex_f,ocu_isco08_9,geo_cov_nat,2020,28.21
esp,sex_f,ocu_isco08_9,geo_cov_nat,2021,27.77
esp,sex_f,ocu_isco08_9,geo_cov_nat,2022,28.44
esp,sex_f,ocu_isco08_9,geo_cov_nat,2023,28.64
esp,sex_f,ocu_isco08_9,geo_cov_rur,2011,28.75
esp,sex_f,ocu_isco08_9,geo_cov_rur,2012,28.78
esp,sex_f,ocu_isco08_9,geo_cov_rur,2013,28.65
esp,sex_f,ocu_isco08_9,geo_cov_rur,2014,28.64
esp,sex_f,ocu_isco08_9,geo_cov_rur,2015,29.33
esp,sex_f,ocu_isco08_9,geo_cov_rur,2016,29.08
esp,sex_f,ocu_isco08_9,geo_cov_rur,2017,29.78
esp,sex_f,ocu_isco08_9,geo_cov_rur,2018,29.88
esp,sex_f,ocu_isco08_9,geo_cov_rur,2019,30.56
esp,sex_f,ocu_isco08_9,geo_cov_rur,2020,28.98
esp,sex_f,ocu_isco08_9,geo_cov_rur,2021,28.39
esp,sex_f,ocu_isco08_9,geo_cov_rur,2022,30.28
esp,sex_f,ocu_isco08_9,geo_cov_rur,2023,28.37
esp,sex_f,ocu_isco08_9,geo_cov_urb,2011,28.13
esp,sex_f,ocu_isco08_9,geo_cov_urb,2012,27.85
esp,sex_f,ocu_isco08_9,geo_cov_urb,2013,26.43
esp,sex_f,ocu_isco08_9,geo_cov_urb,2014,27.14
esp,sex_f,ocu_isco08_9,geo_cov_urb,2015,26.96
esp,sex_f,ocu_isco08_9,geo_cov_urb,2016,27.97
esp,sex_f,ocu_isco08_9,geo_cov_urb,2017,28.66
esp,sex_f,ocu_isco08_9,geo_cov_urb,2018,28.93
esp,sex_f,ocu_isco08_9,geo_cov_urb,2019,28.2
esp,sex_f,ocu_isco08_9,geo_cov_urb,2020,28.1
esp,sex_f,ocu_isco08_9,geo_cov_urb,2021,27.7
esp,sex_f,ocu_isco08_9,geo_cov_urb,2022,28.19
esp,sex_f,ocu_isco08_9,geo_cov_urb,2023,28.68
esp,sex_f,ocu_isco08_total,geo_cov_nat,2011,34.14
esp,sex_f,ocu_isco08_total,geo_cov_nat,2012,33.92
esp,sex_f,ocu_isco08_total,geo_cov_nat,2013,33.69
esp,sex_f,ocu_isco08_total,geo_cov_nat,2014,33.94
esp,sex_f,ocu_isco08_total,geo_cov_nat,2015,33.77
esp,sex_f,ocu_isco08_total,geo_cov_nat,2016,33.91
esp,sex_f,ocu_isco08_total,geo_cov_nat,2017,33.88
esp,sex_f,ocu_isco08_total,geo_cov_nat,2018,34.02
esp,sex_f,ocu_isco08_total,geo_cov_nat,2019,33.82
esp,sex_f,ocu_isco08_total,geo_cov_nat,2020,33.67
esp,sex_f,ocu_isco08_total,geo_cov_nat,2021,33.3
esp,sex_f,ocu_isco08_total,geo_cov_nat,2022,33.66
esp,sex_f,ocu_isco08_total,geo_cov_nat,2023,33.74
esp,sex_f,ocu_isco08_total,geo_cov_rur,2011,34.51
esp,sex_f,ocu_isco08_total,geo_cov_rur,2012,34.27
esp,sex_f,ocu_isco08_total,geo_cov_rur,2013,33.85
esp,sex_f,ocu_isco08_total,geo_cov_rur,2014,34.12
esp,sex_f,ocu_isco08_total,geo_cov_rur,2015,34.04
esp,sex_f,ocu_isco08_total,geo_cov_rur,2016,33.58
esp,sex_f,ocu_isco08_total,geo_cov_rur,2017,34.16
esp,sex_f,ocu_isco08_total,geo_cov_rur,2018,33.99
esp,sex_f,ocu_isco08_total,geo_cov_rur,2019,34.45
esp,sex_f,ocu_isco08_total,geo_cov_rur,2020,33.79
esp,sex_f,ocu_isco08_total,geo_cov_rur,2021,33.62
esp,sex_f,ocu_isco08_total,geo_cov_rur,2022,34.43
esp,sex_f,ocu_isco08_total,geo_cov_rur,2023,34.46
esp,sex_f,ocu_isco08_total,geo_cov_urb,2011,34.04
esp,sex_f,ocu_isco08_total,geo_cov_urb,2012,33.82
esp,sex_f,ocu_isco08_total,geo_cov_urb,2013,33.65
esp,sex_f,ocu_isco08_total,geo_cov_urb,2014,33.9
esp,sex_f,ocu_isco08_total,geo_cov_urb,2015,33.7
esp,sex_f,ocu_isco08_total,geo_cov_urb,2016,34
esp,sex_f,ocu_isco08_total,geo_cov_urb,2017,33.84
esp,sex_f,ocu_isco08_total,geo_cov_urb,2018,34.03
esp,sex_f,ocu_isco08_total,geo_cov_urb,2019,33.74
esp,sex_f,ocu_isco08_total,geo_cov_urb,2020,33.65
esp,sex_f,ocu_isco08_total,geo_cov_urb,2021,33.26
esp,sex_f,ocu_isco08_total,geo_cov_urb,2022,33.55
esp,sex_f,ocu_isco08_total,geo_cov_urb,2023,33.65
esp,sex_f,ocu_isco88_0,geo_cov_nat,1999,39.37
esp,sex_f,ocu_isco88_0,geo_cov_nat,2000,40.49
esp,sex_f,ocu_isco88_0,geo_cov_nat,2001,39.68
esp,sex_f,ocu_isco88_0,geo_cov_nat,2002,37.43
esp,sex_f,ocu_isco88_0,geo_cov_nat,2003,37.79
esp,sex_f,ocu_isco88_0,geo_cov_nat,2004,40.44
esp,sex_f,ocu_isco88_0,geo_cov_nat,2005,41.38
esp,sex_f,ocu_isco88_0,geo_cov_nat,2006,42.63
esp,sex_f,ocu_isco88_0,geo_cov_nat,2007,38.8
esp,sex_f,ocu_isco88_0,geo_cov_nat,2008,42.81
esp,sex_f,ocu_isco88_0,geo_cov_nat,2009,43.92
esp,sex_f,ocu_isco88_0,geo_cov_nat,2010,38.64
esp,sex_f,ocu_isco88_0,geo_cov_rur,2001,47.36
esp,sex_f,ocu_isco88_0,geo_cov_rur,2002,37.01
esp,sex_f,ocu_isco88_0,geo_cov_rur,2004,41.79
esp,sex_f,ocu_isco88_0,geo_cov_rur,2005,38.58
esp,sex_f,ocu_isco88_0,geo_cov_urb,1999,39.35
esp,sex_f,ocu_isco88_0,geo_cov_urb,2000,41.46
esp,sex_f,ocu_isco88_0,geo_cov_urb,2001,38.31
esp,sex_f,ocu_isco88_0,geo_cov_urb,2002,37.5
esp,sex_f,ocu_isco88_0,geo_cov_urb,2003,38.05
esp,sex_f,ocu_isco88_0,geo_cov_urb,2004,40.19
esp,sex_f,ocu_isco88_0,geo_cov_urb,2005,41.69
esp,sex_f,ocu_isco88_0,geo_cov_urb,2006,43.52
esp,sex_f,ocu_isco88_0,geo_cov_urb,2007,38.66
esp,sex_f,ocu_isco88_0,geo_cov_urb,2008,43.31
esp,sex_f,ocu_isco88_0,geo_cov_urb,2009,43.99
esp,sex_f,ocu_isco88_0,geo_cov_urb,2010,35.33
esp,sex_f,ocu_isco88_1,geo_cov_nat,1992,43.13
esp,sex_f,ocu_isco88_1,geo_cov_nat,1993,43.55
esp,sex_f,ocu_isco88_1,geo_cov_nat,1994,43.64
esp,sex_f,ocu_isco88_1,geo_cov_nat,1995,42.57
esp,sex_f,ocu_isco88_1,geo_cov_nat,1996,42.32
esp,sex_f,ocu_isco88_1,geo_cov_nat,1997,43.01
esp,sex_f,ocu_isco88_1,geo_cov_nat,1998,43.08
esp,sex_f,ocu_isco88_1,geo_cov_nat,1999,44.24
esp,sex_f,ocu_isco88_1,geo_cov_nat,2000,43.41
esp,sex_f,ocu_isco88_1,geo_cov_nat,2001,43.62
esp,sex_f,ocu_isco88_1,geo_cov_nat,2002,43.68
esp,sex_f,ocu_isco88_1,geo_cov_nat,2003,43.02
esp,sex_f,ocu_isco88_1,geo_cov_nat,2004,43.34
esp,sex_f,ocu_isco88_1,geo_cov_nat,2005,43.31
esp,sex_f,ocu_isco88_1,geo_cov_nat,2006,43.1
esp,sex_f,ocu_isco88_1,geo_cov_nat,2007,43.93
esp,sex_f,ocu_isco88_1,geo_cov_nat,2008,44.58
esp,sex_f,ocu_isco88_1,geo_cov_nat,2009,43.51
esp,sex_f,ocu_isco88_1,geo_cov_nat,2010,44.82
esp,sex_f,ocu_isco88_1,geo_cov_rur,1992,43.8
esp,sex_f,ocu_isco88_1,geo_cov_rur,1993,43.44
esp,sex_f,ocu_isco88_1,geo_cov_rur,1994,44.33
esp,sex_f,ocu_isco88_1,geo_cov_rur,1995,44.02
esp,sex_f,ocu_isco88_1,geo_cov_rur,1996,44.16
esp,sex_f,ocu_isco88_1,geo_cov_rur,1997,43.91
esp,sex_f,ocu_isco88_1,geo_cov_rur,1998,43.94
esp,sex_f,ocu_isco88_1,geo_cov_rur,1999,44.47
esp,sex_f,ocu_isco88_1,geo_cov_rur,2000,44.18
esp,sex_f,ocu_isco88_1,geo_cov_rur,2001,45.74
esp,sex_f,ocu_isco88_1,geo_cov_rur,2002,44.2
esp,sex_f,ocu_isco88_1,geo_cov_rur,2003,43.9
esp,sex_f,ocu_isco88_1,geo_cov_rur,2004,44.52
esp,sex_f,ocu_isco88_1,geo_cov_rur,2005,45.56
esp,sex_f,ocu_isco88_1,geo_cov_rur,2006,45.26
esp,sex_f,ocu_isco88_1,geo_cov_rur,2007,45.91
esp,sex_f,ocu_isco88_1,geo_cov_rur,2008,46.88
esp,sex_f,ocu_isco88_1,geo_cov_rur,2009,45.83
esp,sex_f,ocu_isco88_1,geo_cov_rur,2010,46.39
esp,sex_f,ocu_isco88_1,geo_cov_urb,1992,42.72
esp,sex_f,ocu_isco88_1,geo_cov_urb,1993,43.6
esp,sex_f,ocu_isco88_1,geo_cov_urb,1994,43.27
esp,sex_f,ocu_isco88_1,geo_cov_urb,1995,41.87
esp,sex_f,ocu_isco88_1,geo_cov_urb,1996,41.43
esp,sex_f,ocu_isco88_1,geo_cov_urb,1997,42.6
esp,sex_f,ocu_isco88_1,geo_cov_urb,1998,42.7
esp,sex_f,ocu_isco88_1,geo_cov_urb,1999,44.13
esp,sex_f,ocu_isco88_1,geo_cov_urb,2000,43.06
esp,sex_f,ocu_isco88_1,geo_cov_urb,2001,42.62
esp,sex_f,ocu_isco88_1,geo_cov_urb,2002,43.43
esp,sex_f,ocu_isco88_1,geo_cov_urb,2003,42.62
esp,sex_f,ocu_isco88_1,geo_cov_urb,2004,42.79
esp,sex_f,ocu_isco88_1,geo_cov_urb,2005,42.43
esp,sex_f,ocu_isco88_1,geo_cov_urb,2006,42.26
esp,sex_f,ocu_isco88_1,geo_cov_urb,2007,43.12
esp,sex_f,ocu_isco88_1,geo_cov_urb,2008,43.78
esp,sex_f,ocu_isco88_1,geo_cov_urb,2009,42.63
esp,sex_f,ocu_isco88_1,geo_cov_urb,2010,44.26
esp,sex_f,ocu_isco88_2,geo_cov_nat,1992,33.73
esp,sex_f,ocu_isco88_2,geo_cov_nat,1993,34.56
esp,sex_f,ocu_isco88_2,geo_cov_nat,1994,33.46
esp,sex_f,ocu_isco88_2,geo_cov_nat,1995,33.33
esp,sex_f,ocu_isco88_2,geo_cov_nat,1996,32.95
esp,sex_f,ocu_isco88_2,geo_cov_nat,1997,33.14
esp,sex_f,ocu_isco88_2,geo_cov_nat,1998,33.53
esp,sex_f,ocu_isco88_2,geo_cov_nat,1999,34.4
esp,sex_f,ocu_isco88_2,geo_cov_nat,2000,33.9
esp,sex_f,ocu_isco88_2,geo_cov_nat,2001,33.55
esp,sex_f,ocu_isco88_2,geo_cov_nat,2002,34.08
esp,sex_f,ocu_isco88_2,geo_cov_nat,2003,33.58
esp,sex_f,ocu_isco88_2,geo_cov_nat,2004,34.5
esp,sex_f,ocu_isco88_2,geo_cov_nat,2005,34.15
esp,sex_f,ocu_isco88_2,geo_cov_nat,2006,34.54
esp,sex_f,ocu_isco88_2,geo_cov_nat,2007,34.88
esp,sex_f,ocu_isco88_2,geo_cov_nat,2008,34.82
esp,sex_f,ocu_isco88_2,geo_cov_nat,2009,34.57
esp,sex_f,ocu_isco88_2,geo_cov_nat,2010,34.33
esp,sex_f,ocu_isco88_2,geo_cov_rur,1992,33.41
esp,sex_f,ocu_isco88_2,geo_cov_rur,1993,34.04
esp,sex_f,ocu_isco88_2,geo_cov_rur,1994,32.9
esp,sex_f,ocu_isco88_2,geo_cov_rur,1995,32.43
esp,sex_f,ocu_isco88_2,geo_cov_rur,1996,33.03
esp,sex_f,ocu_isco88_2,geo_cov_rur,1997,32.53
esp,sex_f,ocu_isco88_2,geo_cov_rur,1998,32.25
esp,sex_f,ocu_isco88_2,geo_cov_rur,1999,32.87
esp,sex_f,ocu_isco88_2,geo_cov_rur,2000,32.3
esp,sex_f,ocu_isco88_2,geo_cov_rur,2001,32.41
esp,sex_f,ocu_isco88_2,geo_cov_rur,2002,33.14
esp,sex_f,ocu_isco88_2,geo_cov_rur,2003,32.06
esp,sex_f,ocu_isco88_2,geo_cov_rur,2004,32.68
esp,sex_f,ocu_isco88_2,geo_cov_rur,2005,33.31
esp,sex_f,ocu_isco88_2,geo_cov_rur,2006,33.66
esp,sex_f,ocu_isco88_2,geo_cov_rur,2007,33.33
esp,sex_f,ocu_isco88_2,geo_cov_rur,2008,33.46
esp,sex_f,ocu_isco88_2,geo_cov_rur,2009,33.33
esp,sex_f,ocu_isco88_2,geo_cov_rur,2010,33.29
esp,sex_f,ocu_isco88_2,geo_cov_urb,1992,33.79
esp,sex_f,ocu_isco88_2,geo_cov_urb,1993,34.66
esp,sex_f,ocu_isco88_2,geo_cov_urb,1994,33.58
esp,sex_f,ocu_isco88_2,geo_cov_urb,1995,33.49
esp,sex_f,ocu_isco88_2,geo_cov_urb,1996,32.93
esp,sex_f,ocu_isco88_2,geo_cov_urb,1997,33.28
esp,sex_f,ocu_isco88_2,geo_cov_urb,1998,33.8
esp,sex_f,ocu_isco88_2,geo_cov_urb,1999,34.69
esp,sex_f,ocu_isco88_2,geo_cov_urb,2000,34.23
esp,sex_f,ocu_isco88_2,geo_cov_urb,2001,33.77
esp,sex_f,ocu_isco88_2,geo_cov_urb,2002,34.26
esp,sex_f,ocu_isco88_2,geo_cov_urb,2003,33.88
esp,sex_f,ocu_isco88_2,geo_cov_urb,2004,34.84
esp,sex_f,ocu_isco88_2,geo_cov_urb,2005,34.3
esp,sex_f,ocu_isco88_2,geo_cov_urb,2006,34.71
esp,sex_f,ocu_isco88_2,geo_cov_urb,2007,35.16
esp,sex_f,ocu_isco88_2,geo_cov_urb,2008,35.07
esp,sex_f,ocu_isco88_2,geo_cov_urb,2009,34.81
esp,sex_f,ocu_isco88_2,geo_cov_urb,2010,34.52
esp,sex_f,ocu_isco88_3,geo_cov_nat,1992,34.38
esp,sex_f,ocu_isco88_3,geo_cov_nat,1993,36.21
esp,sex_f,ocu_isco88_3,geo_cov_nat,1994,36.35
esp,sex_f,ocu_isco88_3,geo_cov_nat,1995,34.97
esp,sex_f,ocu_isco88_3,geo_cov_nat,1996,35.01
esp,sex_f,ocu_isco88_3,geo_cov_nat,1997,35.03
esp,sex_f,ocu_isco88_3,geo_cov_nat,1998,35.59
esp,sex_f,ocu_isco88_3,geo_cov_nat,1999,36.81
esp,sex_f,ocu_isco88_3,geo_cov_nat,2000,35.23
esp,sex_f,ocu_isco88_3,geo_cov_nat,2001,35.14
esp,sex_f,ocu_isco88_3,geo_cov_nat,2002,35.85
esp,sex_f,ocu_isco88_3,geo_cov_nat,2003,35
esp,sex_f,ocu_isco88_3,geo_cov_nat,2004,35.54
esp,sex_f,ocu_isco88_3,geo_cov_nat,2005,35.1
esp,sex_f,ocu_isco88_3,geo_cov_nat,2006,34.82
esp,sex_f,ocu_isco88_3,geo_cov_nat,2007,35.17
esp,sex_f,ocu_isco88_3,geo_cov_nat,2008,35.32
esp,sex_f,ocu_isco88_3,geo_cov_nat,2009,34.56
esp,sex_f,ocu_isco88_3,geo_cov_nat,2010,35.44
esp,sex_f,ocu_isco88_3,geo_cov_rur,1992,33.8
esp,sex_f,ocu_isco88_3,geo_cov_rur,1993,34.42
esp,sex_f,ocu_isco88_3,geo_cov_rur,1994,35.79
esp,sex_f,ocu_isco88_3,geo_cov_rur,1995,35.45
esp,sex_f,ocu_isco88_3,geo_cov_rur,1996,35.39
esp,sex_f,ocu_isco88_3,geo_cov_rur,1997,35.18
esp,sex_f,ocu_isco88_3,geo_cov_rur,1998,35.23
esp,sex_f,ocu_isco88_3,geo_cov_rur,1999,36.72
esp,sex_f,ocu_isco88_3,geo_cov_rur,2000,34.53
esp,sex_f,ocu_isco88_3,geo_cov_rur,2001,34.39
esp,sex_f,ocu_isco88_3,geo_cov_rur,2002,35.31
esp,sex_f,ocu_isco88_3,geo_cov_rur,2003,34.87
esp,sex_f,ocu_isco88_3,geo_cov_rur,2004,34.56
esp,sex_f,ocu_isco88_3,geo_cov_rur,2005,33.94
esp,sex_f,ocu_isco88_3,geo_cov_rur,2006,35.19
esp,sex_f,ocu_isco88_3,geo_cov_rur,2007,34.81
esp,sex_f,ocu_isco88_3,geo_cov_rur,2008,34.45
esp,sex_f,ocu_isco88_3,geo_cov_rur,2009,33.27
esp,sex_f,ocu_isco88_3,geo_cov_rur,2010,33.72
esp,sex_f,ocu_isco88_3,geo_cov_urb,1992,34.46
esp,sex_f,ocu_isco88_3,geo_cov_urb,1993,36.43
esp,sex_f,ocu_isco88_3,geo_cov_urb,1994,36.42
esp,sex_f,ocu_isco88_3,geo_cov_urb,1995,34.91
esp,sex_f,ocu_isco88_3,geo_cov_urb,1996,34.95
esp,sex_f,ocu_isco88_3,geo_cov_urb,1997,35
esp,sex_f,ocu_isco88_3,geo_cov_urb,1998,35.66
esp,sex_f,ocu_isco88_3,geo_cov_urb,1999,36.83
esp,sex_f,ocu_isco88_3,geo_cov_urb,2000,35.36
esp,sex_f,ocu_isco88_3,geo_cov_urb,2001,35.27
esp,sex_f,ocu_isco88_3,geo_cov_urb,2002,35.94
esp,sex_f,ocu_isco88_3,geo_cov_urb,2003,35.02
esp,sex_f,ocu_isco88_3,geo_cov_urb,2004,35.76
esp,sex_f,ocu_isco88_3,geo_cov_urb,2005,35.32
esp,sex_f,ocu_isco88_3,geo_cov_urb,2006,34.74
esp,sex_f,ocu_isco88_3,geo_cov_urb,2007,35.24
esp,sex_f,ocu_isco88_3,geo_cov_urb,2008,35.5
esp,sex_f,ocu_isco88_3,geo_cov_urb,2009,34.85
esp,sex_f,ocu_isco88_3,geo_cov_urb,2010,35.79
esp,sex_f,ocu_isco88_4,geo_cov_nat,1992,35.98
esp,sex_f,ocu_isco88_4,geo_cov_nat,1993,36.5
esp,sex_f,ocu_isco88_4,geo_cov_nat,1994,36.02
esp,sex_f,ocu_isco88_4,geo_cov_nat,1995,35.03
esp,sex_f,ocu_isco88_4,geo_cov_nat,1996,35.09
esp,sex_f,ocu_isco88_4,geo_cov_nat,1997,34.98
esp,sex_f,ocu_isco88_4,geo_cov_nat,1998,35.09
esp,sex_f,ocu_isco88_4,geo_cov_nat,1999,36.82
esp,sex_f,ocu_isco88_4,geo_cov_nat,2000,35.79
esp,sex_f,ocu_isco88_4,geo_cov_nat,2001,35.29
esp,sex_f,ocu_isco88_4,geo_cov_nat,2002,35.68
esp,sex_f,ocu_isco88_4,geo_cov_nat,2003,34.86
esp,sex_f,ocu_isco88_4,geo_cov_nat,2004,35.47
esp,sex_f,ocu_isco88_4,geo_cov_nat,2005,34.78
esp,sex_f,ocu_isco88_4,geo_cov_nat,2006,34.96
esp,sex_f,ocu_isco88_4,geo_cov_nat,2007,34.52
esp,sex_f,ocu_isco88_4,geo_cov_nat,2008,34.49
esp,sex_f,ocu_isco88_4,geo_cov_nat,2009,34.34
esp,sex_f,ocu_isco88_4,geo_cov_nat,2010,34.11
esp,sex_f,ocu_isco88_4,geo_cov_rur,1992,36.38
esp,sex_f,ocu_isco88_4,geo_cov_rur,1993,36.42
esp,sex_f,ocu_isco88_4,geo_cov_rur,1994,36.18
esp,sex_f,ocu_isco88_4,geo_cov_rur,1995,35.05
esp,sex_f,ocu_isco88_4,geo_cov_rur,1996,34.74
esp,sex_f,ocu_isco88_4,geo_cov_rur,1997,35.11
esp,sex_f,ocu_isco88_4,geo_cov_rur,1998,34.57
esp,sex_f,ocu_isco88_4,geo_cov_rur,1999,36.08
esp,sex_f,ocu_isco88_4,geo_cov_rur,2000,35.77
esp,sex_f,ocu_isco88_4,geo_cov_rur,2001,34.72
esp,sex_f,ocu_isco88_4,geo_cov_rur,2002,35.59
esp,sex_f,ocu_isco88_4,geo_cov_rur,2003,34.76
esp,sex_f,ocu_isco88_4,geo_cov_rur,2004,35.07
esp,sex_f,ocu_isco88_4,geo_cov_rur,2005,34.03
esp,sex_f,ocu_isco88_4,geo_cov_rur,2006,33.98
esp,sex_f,ocu_isco88_4,geo_cov_rur,2007,33.53
esp,sex_f,ocu_isco88_4,geo_cov_rur,2008,34.85
esp,sex_f,ocu_isco88_4,geo_cov_rur,2009,33.74
esp,sex_f,ocu_isco88_4,geo_cov_rur,2010,33.86
esp,sex_f,ocu_isco88_4,geo_cov_urb,1992,35.9
esp,sex_f,ocu_isco88_4,geo_cov_urb,1993,36.51
esp,sex_f,ocu_isco88_4,geo_cov_urb,1994,35.99
esp,sex_f,ocu_isco88_4,geo_cov_urb,1995,35.03
esp,sex_f,ocu_isco88_4,geo_cov_urb,1996,35.15
esp,sex_f,ocu_isco88_4,geo_cov_urb,1997,34.95
esp,sex_f,ocu_isco88_4,geo_cov_urb,1998,35.18
esp,sex_f,ocu_isco88_4,geo_cov_urb,1999,36.95
esp,sex_f,ocu_isco88_4,geo_cov_urb,2000,35.79
esp,sex_f,ocu_isco88_4,geo_cov_urb,2001,35.39
esp,sex_f,ocu_isco88_4,geo_cov_urb,2002,35.7
esp,sex_f,ocu_isco88_4,geo_cov_urb,2003,34.88
esp,sex_f,ocu_isco88_4,geo_cov_urb,2004,35.56
esp,sex_f,ocu_isco88_4,geo_cov_urb,2005,34.95
esp,sex_f,ocu_isco88_4,geo_cov_urb,2006,35.16
esp,sex_f,ocu_isco88_4,geo_cov_urb,2007,34.72
esp,sex_f,ocu_isco88_4,geo_cov_urb,2008,34.41
esp,sex_f,ocu_isco88_4,geo_cov_urb,2009,34.49
esp,sex_f,ocu_isco88_4,geo_cov_urb,2010,34.16
esp,sex_f,ocu_isco88_5,geo_cov_nat,1992,37.71
esp,sex_f,ocu_isco88_5,geo_cov_nat,1993,37.24
esp,sex_f,ocu_isco88_5,geo_cov_nat,1994,37.08
esp,sex_f,ocu_isco88_5,geo_cov_nat,1995,36.26
esp,sex_f,ocu_isco88_5,geo_cov_nat,1996,35.95
esp,sex_f,ocu_isco88_5,geo_cov_nat,1997,35.73
esp,sex_f,ocu_isco88_5,geo_cov_nat,1998,36.11
esp,sex_f,ocu_isco88_5,geo_cov_nat,1999,36.47
esp,sex_f,ocu_isco88_5,geo_cov_nat,2000,35.93
esp,sex_f,ocu_isco88_5,geo_cov_nat,2001,35.44
esp,sex_f,ocu_isco88_5,geo_cov_nat,2002,36.11
esp,sex_f,ocu_isco88_5,geo_cov_nat,2003,35.6
esp,sex_f,ocu_isco88_5,geo_cov_nat,2004,35.89
esp,sex_f,ocu_isco88_5,geo_cov_nat,2005,35.61
esp,sex_f,ocu_isco88_5,geo_cov_nat,2006,35.58
esp,sex_f,ocu_isco88_5,geo_cov_nat,2007,35.4
esp,sex_f,ocu_isco88_5,geo_cov_nat,2008,34.82
esp,sex_f,ocu_isco88_5,geo_cov_nat,2009,34.75
esp,sex_f,ocu_isco88_5,geo_cov_nat,2010,34.68
esp,sex_f,ocu_isco88_5,geo_cov_rur,1992,37.77
esp,sex_f,ocu_isco88_5,geo_cov_rur,1993,37.7
esp,sex_f,ocu_isco88_5,geo_cov_rur,1994,38.23
esp,sex_f,ocu_isco88_5,geo_cov_rur,1995,36.75
esp,sex_f,ocu_isco88_5,geo_cov_rur,1996,36.68
esp,sex_f,ocu_isco88_5,geo_cov_rur,1997,36.22
esp,sex_f,ocu_isco88_5,geo_cov_rur,1998,37.18
esp,sex_f,ocu_isco88_5,geo_cov_rur,1999,37.25
esp,sex_f,ocu_isco88_5,geo_cov_rur,2000,35.83
esp,sex_f,ocu_isco88_5,geo_cov_rur,2001,36.26
esp,sex_f,ocu_isco88_5,geo_cov_rur,2002,36.55
esp,sex_f,ocu_isco88_5,geo_cov_rur,2003,36.09
esp,sex_f,ocu_isco88_5,geo_cov_rur,2004,36.17
esp,sex_f,ocu_isco88_5,geo_cov_rur,2005,35.52
esp,sex_f,ocu_isco88_5,geo_cov_rur,2006,36.54
esp,sex_f,ocu_isco88_5,geo_cov_rur,2007,34.54
esp,sex_f,ocu_isco88_5,geo_cov_rur,2008,35.85
esp,sex_f,ocu_isco88_5,geo_cov_rur,2009,34.98
esp,sex_f,ocu_isco88_5,geo_cov_rur,2010,34.22
esp,sex_f,ocu_isco88_5,geo_cov_urb,1992,37.69
esp,sex_f,ocu_isco88_5,geo_cov_urb,1993,37.09
esp,sex_f,ocu_isco88_5,geo_cov_urb,1994,36.71
esp,sex_f,ocu_isco88_5,geo_cov_urb,1995,36.1
esp,sex_f,ocu_isco88_5,geo_cov_urb,1996,35.73
esp,sex_f,ocu_isco88_5,geo_cov_urb,1997,35.59
esp,sex_f,ocu_isco88_5,geo_cov_urb,1998,35.78
esp,sex_f,ocu_isco88_5,geo_cov_urb,1999,36.24
esp,sex_f,ocu_isco88_5,geo_cov_urb,2000,35.96
esp,sex_f,ocu_isco88_5,geo_cov_urb,2001,35.2
esp,sex_f,ocu_isco88_5,geo_cov_urb,2002,35.98
esp,sex_f,ocu_isco88_5,geo_cov_urb,2003,35.45
esp,sex_f,ocu_isco88_5,geo_cov_urb,2004,35.81
esp,sex_f,ocu_isco88_5,geo_cov_urb,2005,35.63
esp,sex_f,ocu_isco88_5,geo_cov_urb,2006,35.28
esp,sex_f,ocu_isco88_5,geo_cov_urb,2007,35.65
esp,sex_f,ocu_isco88_5,geo_cov_urb,2008,34.52
esp,sex_f,ocu_isco88_5,geo_cov_urb,2009,34.67
esp,sex_f,ocu_isco88_5,geo_cov_urb,2010,34.81
esp,sex_f,ocu_isco88_6,geo_cov_nat,1992,44.28
esp,sex_f,ocu_isco88_6,geo_cov_nat,1993,44.3
esp,sex_f,ocu_isco88_6,geo_cov_nat,1994,44.53
esp,sex_f,ocu_isco88_6,geo_cov_nat,1995,44.26
esp,sex_f,ocu_isco88_6,geo_cov_nat,1996,43.47
esp,sex_f,ocu_isco88_6,geo_cov_nat,1997,45.48
esp,sex_f,ocu_isco88_6,geo_cov_nat,1998,46.07
esp,sex_f,ocu_isco88_6,geo_cov_nat,1999,44.98
esp,sex_f,ocu_isco88_6,geo_cov_nat,2000,43.51
esp,sex_f,ocu_isco88_6,geo_cov_nat,2001,42.46
esp,sex_f,ocu_isco88_6,geo_cov_nat,2002,44.6
esp,sex_f,ocu_isco88_6,geo_cov_nat,2003,42.71
esp,sex_f,ocu_isco88_6,geo_cov_nat,2004,42.22
esp,sex_f,ocu_isco88_6,geo_cov_nat,2005,42.55
esp,sex_f,ocu_isco88_6,geo_cov_nat,2006,42.93
esp,sex_f,ocu_isco88_6,geo_cov_nat,2007,43.51
esp,sex_f,ocu_isco88_6,geo_cov_nat,2008,42.25
esp,sex_f,ocu_isco88_6,geo_cov_nat,2009,44.55
esp,sex_f,ocu_isco88_6,geo_cov_nat,2010,46.75
esp,sex_f,ocu_isco88_6,geo_cov_rur,1992,45.79
esp,sex_f,ocu_isco88_6,geo_cov_rur,1993,45.83
esp,sex_f,ocu_isco88_6,geo_cov_rur,1994,46.03
esp,sex_f,ocu_isco88_6,geo_cov_rur,1995,45.48
esp,sex_f,ocu_isco88_6,geo_cov_rur,1996,44.08
esp,sex_f,ocu_isco88_6,geo_cov_rur,1997,46.79
esp,sex_f,ocu_isco88_6,geo_cov_rur,1998,46.94
esp,sex_f,ocu_isco88_6,geo_cov_rur,1999,47.21
esp,sex_f,ocu_isco88_6,geo_cov_rur,2000,44.79
esp,sex_f,ocu_isco88_6,geo_cov_rur,2001,43.1
esp,sex_f,ocu_isco88_6,geo_cov_rur,2002,45.68
esp,sex_f,ocu_isco88_6,geo_cov_rur,2003,44.48
esp,sex_f,ocu_isco88_6,geo_cov_rur,2004,43.53
esp,sex_f,ocu_isco88_6,geo_cov_rur,2005,45.41
esp,sex_f,ocu_isco88_6,geo_cov_rur,2006,43.54
esp,sex_f,ocu_isco88_6,geo_cov_rur,2007,45.77
esp,sex_f,ocu_isco88_6,geo_cov_rur,2008,46.06
esp,sex_f,ocu_isco88_6,geo_cov_rur,2009,46.26
esp,sex_f,ocu_isco88_6,geo_cov_rur,2010,49.6
esp,sex_f,ocu_isco88_6,geo_cov_urb,1992,39.63
esp,sex_f,ocu_isco88_6,geo_cov_urb,1993,39.17
esp,sex_f,ocu_isco88_6,geo_cov_urb,1994,39.69
esp,sex_f,ocu_isco88_6,geo_cov_urb,1995,38.4
esp,sex_f,ocu_isco88_6,geo_cov_urb,1996,40.8
esp,sex_f,ocu_isco88_6,geo_cov_urb,1997,39.42
esp,sex_f,ocu_isco88_6,geo_cov_urb,1998,41.8
esp,sex_f,ocu_isco88_6,geo_cov_urb,1999,36.41
esp,sex_f,ocu_isco88_6,geo_cov_urb,2000,37.62
esp,sex_f,ocu_isco88_6,geo_cov_urb,2001,39.7
esp,sex_f,ocu_isco88_6,geo_cov_urb,2002,40.97
esp,sex_f,ocu_isco88_6,geo_cov_urb,2003,37.1
esp,sex_f,ocu_isco88_6,geo_cov_urb,2004,36.29
esp,sex_f,ocu_isco88_6,geo_cov_urb,2005,35.09
esp,sex_f,ocu_isco88_6,geo_cov_urb,2006,40.75
esp,sex_f,ocu_isco88_6,geo_cov_urb,2007,36.38
esp,sex_f,ocu_isco88_6,geo_cov_urb,2008,34.62
esp,sex_f,ocu_isco88_6,geo_cov_urb,2009,40.21
esp,sex_f,ocu_isco88_6,geo_cov_urb,2010,39.67
esp,sex_f,ocu_isco88_7,geo_cov_nat,1992,35.85
esp,sex_f,ocu_isco88_7,geo_cov_nat,1993,36.63
esp,sex_f,ocu_isco88_7,geo_cov_nat,1994,36.39
esp,sex_f,ocu_isco88_7,geo_cov_nat,1995,36.28
esp,sex_f,ocu_isco88_7,geo_cov_nat,1996,35.47
esp,sex_f,ocu_isco88_7,geo_cov_nat,1997,34.96
esp,sex_f,ocu_isco88_7,geo_cov_nat,1998,35.68
esp,sex_f,ocu_isco88_7,geo_cov_nat,1999,37.08
esp,sex_f,ocu_isco88_7,geo_cov_nat,2000,36.02
esp,sex_f,ocu_isco88_7,geo_cov_nat,2001,36.82
esp,sex_f,ocu_isco88_7,geo_cov_nat,2002,35.7
esp,sex_f,ocu_isco88_7,geo_cov_nat,2003,35.5
esp,sex_f,ocu_isco88_7,geo_cov_nat,2004,36.61
esp,sex_f,ocu_isco88_7,geo_cov_nat,2005,37.01
esp,sex_f,ocu_isco88_7,geo_cov_nat,2006,37.63
esp,sex_f,ocu_isco88_7,geo_cov_nat,2007,38.76
esp,sex_f,ocu_isco88_7,geo_cov_nat,2008,36.66
esp,sex_f,ocu_isco88_7,geo_cov_nat,2009,37.03
esp,sex_f,ocu_isco88_7,geo_cov_nat,2010,37.06
esp,sex_f,ocu_isco88_7,geo_cov_rur,1992,35.8
esp,sex_f,ocu_isco88_7,geo_cov_rur,1993,36.42
esp,sex_f,ocu_isco88_7,geo_cov_rur,1994,37.52
esp,sex_f,ocu_isco88_7,geo_cov_rur,1995,36.69
esp,sex_f,ocu_isco88_7,geo_cov_rur,1996,35.71
esp,sex_f,ocu_isco88_7,geo_cov_rur,1997,35.24
esp,sex_f,ocu_isco88_7,geo_cov_rur,1998,35.94
esp,sex_f,ocu_isco88_7,geo_cov_rur,1999,36.55
esp,sex_f,ocu_isco88_7,geo_cov_rur,2000,35.67
esp,sex_f,ocu_isco88_7,geo_cov_rur,2001,37.04
esp,sex_f,ocu_isco88_7,geo_cov_rur,2002,35.34
esp,sex_f,ocu_isco88_7,geo_cov_rur,2003,35.52
esp,sex_f,ocu_isco88_7,geo_cov_rur,2004,37.47
esp,sex_f,ocu_isco88_7,geo_cov_rur,2005,36.6
esp,sex_f,ocu_isco88_7,geo_cov_rur,2006,37.31
esp,sex_f,ocu_isco88_7,geo_cov_rur,2007,38.61
esp,sex_f,ocu_isco88_7,geo_cov_rur,2008,37.28
esp,sex_f,ocu_isco88_7,geo_cov_rur,2009,37.89
esp,sex_f,ocu_isco88_7,geo_cov_rur,2010,34.89
esp,sex_f,ocu_isco88_7,geo_cov_urb,1992,35.89
esp,sex_f,ocu_isco88_7,geo_cov_urb,1993,36.74
esp,sex_f,ocu_isco88_7,geo_cov_urb,1994,35.59
esp,sex_f,ocu_isco88_7,geo_cov_urb,1995,36.03
esp,sex_f,ocu_isco88_7,geo_cov_urb,1996,35.33
esp,sex_f,ocu_isco88_7,geo_cov_urb,1997,34.77
esp,sex_f,ocu_isco88_7,geo_cov_urb,1998,35.51
esp,sex_f,ocu_isco88_7,geo_cov_urb,1999,37.41
esp,sex_f,ocu_isco88_7,geo_cov_urb,2000,36.2
esp,sex_f,ocu_isco88_7,geo_cov_urb,2001,36.69
esp,sex_f,ocu_isco88_7,geo_cov_urb,2002,35.91
esp,sex_f,ocu_isco88_7,geo_cov_urb,2003,35.49
esp,sex_f,ocu_isco88_7,geo_cov_urb,2004,36.19
esp,sex_f,ocu_isco88_7,geo_cov_urb,2005,37.22
esp,sex_f,ocu_isco88_7,geo_cov_urb,2006,37.79
esp,sex_f,ocu_isco88_7,geo_cov_urb,2007,38.84
esp,sex_f,ocu_isco88_7,geo_cov_urb,2008,36.32
esp,sex_f,ocu_isco88_7,geo_cov_urb,2009,36.52
esp,sex_f,ocu_isco88_7,geo_cov_urb,2010,38.19
esp,sex_f,ocu_isco88_8,geo_cov_nat,1992,36.56
esp,sex_f,ocu_isco88_8,geo_cov_nat,1993,37.48
esp,sex_f,ocu_isco88_8,geo_cov_nat,1994,37.08
esp,sex_f,ocu_isco88_8,geo_cov_nat,1995,36.3
esp,sex_f,ocu_isco88_8,geo_cov_nat,1996,35.91
esp,sex_f,ocu_isco88_8,geo_cov_nat,1997,36.88
esp,sex_f,ocu_isco88_8,geo_cov_nat,1998,36.28
esp,sex_f,ocu_isco88_8,geo_cov_nat,1999,38.34
esp,sex_f,ocu_isco88_8,geo_cov_nat,2000,37.22
esp,sex_f,ocu_isco88_8,geo_cov_nat,2001,37.09
esp,sex_f,ocu_isco88_8,geo_cov_nat,2002,37.1
esp,sex_f,ocu_isco88_8,geo_cov_nat,2003,36.53
esp,sex_f,ocu_isco88_8,geo_cov_nat,2004,37.59
esp,sex_f,ocu_isco88_8,geo_cov_nat,2005,37.38
esp,sex_f,ocu_isco88_8,geo_cov_nat,2006,38.12
esp,sex_f,ocu_isco88_8,geo_cov_nat,2007,38.48
esp,sex_f,ocu_isco88_8,geo_cov_nat,2008,37.75
esp,sex_f,ocu_isco88_8,geo_cov_nat,2009,36.85
esp,sex_f,ocu_isco88_8,geo_cov_nat,2010,38.44
esp,sex_f,ocu_isco88_8,geo_cov_rur,1992,37.1
esp,sex_f,ocu_isco88_8,geo_cov_rur,1993,37.95
esp,sex_f,ocu_isco88_8,geo_cov_rur,1994,37.69
esp,sex_f,ocu_isco88_8,geo_cov_rur,1995,36.34
esp,sex_f,ocu_isco88_8,geo_cov_rur,1996,36.84
esp,sex_f,ocu_isco88_8,geo_cov_rur,1997,37.25
esp,sex_f,ocu_isco88_8,geo_cov_rur,1998,36.19
esp,sex_f,ocu_isco88_8,geo_cov_rur,1999,37.39
esp,sex_f,ocu_isco88_8,geo_cov_rur,2000,37.07
esp,sex_f,ocu_isco88_8,geo_cov_rur,2001,37.54
esp,sex_f,ocu_isco88_8,geo_cov_rur,2002,36.21
esp,sex_f,ocu_isco88_8,geo_cov_rur,2003,36.62
esp,sex_f,ocu_isco88_8,geo_cov_rur,2004,37.03
esp,sex_f,ocu_isco88_8,geo_cov_rur,2005,37.61
esp,sex_f,ocu_isco88_8,geo_cov_rur,2006,38.03
esp,sex_f,ocu_isco88_8,geo_cov_rur,2007,37.91
esp,sex_f,ocu_isco88_8,geo_cov_rur,2008,37.45
esp,sex_f,ocu_isco88_8,geo_cov_rur,2009,36.88
esp,sex_f,ocu_isco88_8,geo_cov_rur,2010,38.08
esp,sex_f,ocu_isco88_8,geo_cov_urb,1992,36.21
esp,sex_f,ocu_isco88_8,geo_cov_urb,1993,37.16
esp,sex_f,ocu_isco88_8,geo_cov_urb,1994,36.59
esp,sex_f,ocu_isco88_8,geo_cov_urb,1995,36.28
esp,sex_f,ocu_isco88_8,geo_cov_urb,1996,35.37
esp,sex_f,ocu_isco88_8,geo_cov_urb,1997,36.64
esp,sex_f,ocu_isco88_8,geo_cov_urb,1998,36.33
esp,sex_f,ocu_isco88_8,geo_cov_urb,1999,38.85
esp,sex_f,ocu_isco88_8,geo_cov_urb,2000,37.3
esp,sex_f,ocu_isco88_8,geo_cov_urb,2001,36.81
esp,sex_f,ocu_isco88_8,geo_cov_urb,2002,37.62
esp,sex_f,ocu_isco88_8,geo_cov_urb,2003,36.49
esp,sex_f,ocu_isco88_8,geo_cov_urb,2004,37.86
esp,sex_f,ocu_isco88_8,geo_cov_urb,2005,37.26
esp,sex_f,ocu_isco88_8,geo_cov_urb,2006,38.16
esp,sex_f,ocu_isco88_8,geo_cov_urb,2007,38.7
esp,sex_f,ocu_isco88_8,geo_cov_urb,2008,37.87
esp,sex_f,ocu_isco88_8,geo_cov_urb,2009,36.83
esp,sex_f,ocu_isco88_8,geo_cov_urb,2010,38.57
esp,sex_f,ocu_isco88_9,geo_cov_nat,1992,31.65
esp,sex_f,ocu_isco88_9,geo_cov_nat,1993,31.27
esp,sex_f,ocu_isco88_9,geo_cov_nat,1994,30.62
esp,sex_f,ocu_isco88_9,geo_cov_nat,1995,29.94
esp,sex_f,ocu_isco88_9,geo_cov_nat,1996,29.67
esp,sex_f,ocu_isco88_9,geo_cov_nat,1997,29.79
esp,sex_f,ocu_isco88_9,geo_cov_nat,1998,29.75
esp,sex_f,ocu_isco88_9,geo_cov_nat,1999,30.47
esp,sex_f,ocu_isco88_9,geo_cov_nat,2000,29.77
esp,sex_f,ocu_isco88_9,geo_cov_nat,2001,30.04
esp,sex_f,ocu_isco88_9,geo_cov_nat,2002,30.95
esp,sex_f,ocu_isco88_9,geo_cov_nat,2003,30.12
esp,sex_f,ocu_isco88_9,geo_cov_nat,2004,30.4
esp,sex_f,ocu_isco88_9,geo_cov_nat,2005,29.62
esp,sex_f,ocu_isco88_9,geo_cov_nat,2006,29.53
esp,sex_f,ocu_isco88_9,geo_cov_nat,2007,29.83
esp,sex_f,ocu_isco88_9,geo_cov_nat,2008,29.42
esp,sex_f,ocu_isco88_9,geo_cov_nat,2009,28.06
esp,sex_f,ocu_isco88_9,geo_cov_nat,2010,28.54
esp,sex_f,ocu_isco88_9,geo_cov_rur,1992,33.05
esp,sex_f,ocu_isco88_9,geo_cov_rur,1993,32.05
esp,sex_f,ocu_isco88_9,geo_cov_rur,1994,31.44
esp,sex_f,ocu_isco88_9,geo_cov_rur,1995,30.62
esp,sex_f,ocu_isco88_9,geo_cov_rur,1996,29.5
esp,sex_f,ocu_isco88_9,geo_cov_rur,1997,31.4
esp,sex_f,ocu_isco88_9,geo_cov_rur,1998,31.16
esp,sex_f,ocu_isco88_9,geo_cov_rur,1999,31.03
esp,sex_f,ocu_isco88_9,geo_cov_rur,2000,30.88
esp,sex_f,ocu_isco88_9,geo_cov_rur,2001,30.5
esp,sex_f,ocu_isco88_9,geo_cov_rur,2002,31.02
esp,sex_f,ocu_isco88_9,geo_cov_rur,2003,31.09
esp,sex_f,ocu_isco88_9,geo_cov_rur,2004,30.64
esp,sex_f,ocu_isco88_9,geo_cov_rur,2005,29.03
esp,sex_f,ocu_isco88_9,geo_cov_rur,2006,28.85
esp,sex_f,ocu_isco88_9,geo_cov_rur,2007,29.96
esp,sex_f,ocu_isco88_9,geo_cov_rur,2008,28.36
esp,sex_f,ocu_isco88_9,geo_cov_rur,2009,28.19
esp,sex_f,ocu_isco88_9,geo_cov_rur,2010,27.12
esp,sex_f,ocu_isco88_9,geo_cov_urb,1992,31.1
esp,sex_f,ocu_isco88_9,geo_cov_urb,1993,30.98
esp,sex_f,ocu_isco88_9,geo_cov_urb,1994,30.31
esp,sex_f,ocu_isco88_9,geo_cov_urb,1995,29.71
esp,sex_f,ocu_isco88_9,geo_cov_urb,1996,29.72
esp,sex_f,ocu_isco88_9,geo_cov_urb,1997,29.18
esp,sex_f,ocu_isco88_9,geo_cov_urb,1998,29.21
esp,sex_f,ocu_isco88_9,geo_cov_urb,1999,30.26
esp,sex_f,ocu_isco88_9,geo_cov_urb,2000,29.39
esp,sex_f,ocu_isco88_9,geo_cov_urb,2001,29.88
esp,sex_f,ocu_isco88_9,geo_cov_urb,2002,30.92
esp,sex_f,ocu_isco88_9,geo_cov_urb,2003,29.79
esp,sex_f,ocu_isco88_9,geo_cov_urb,2004,30.32
esp,sex_f,ocu_isco88_9,geo_cov_urb,2005,29.8
esp,sex_f,ocu_isco88_9,geo_cov_urb,2006,29.73
esp,sex_f,ocu_isco88_9,geo_cov_urb,2007,29.79
esp,sex_f,ocu_isco88_9,geo_cov_urb,2008,29.72
esp,sex_f,ocu_isco88_9,geo_cov_urb,2009,28.02
esp,sex_f,ocu_isco88_9,geo_cov_urb,2010,29.01
esp,sex_f,ocu_isco88_total,geo_cov_nat,1992,36.02
esp,sex_f,ocu_isco88_total,geo_cov_nat,1993,36.46
esp,sex_f,ocu_isco88_total,geo_cov_nat,1994,35.98
esp,sex_f,ocu_isco88_total,geo_cov_nat,1995,35.26
esp,sex_f,ocu_isco88_total,geo_cov_nat,1996,34.97
esp,sex_f,ocu_isco88_total,geo_cov_nat,1997,35.01
esp,sex_f,ocu_isco88_total,geo_cov_nat,1998,35.21
esp,sex_f,ocu_isco88_total,geo_cov_nat,1999,36.05
esp,sex_f,ocu_isco88_total,geo_cov_nat,2000,35.21
esp,sex_f,ocu_isco88_total,geo_cov_nat,2001,34.98
esp,sex_f,ocu_isco88_total,geo_cov_nat,2002,35.42
esp,sex_f,ocu_isco88_total,geo_cov_nat,2003,34.65
esp,sex_f,ocu_isco88_total,geo_cov_nat,2004,35.15
esp,sex_f,ocu_isco88_total,geo_cov_nat,2005,34.67
esp,sex_f,ocu_isco88_total,geo_cov_nat,2006,34.72
esp,sex_f,ocu_isco88_total,geo_cov_nat,2007,34.93
esp,sex_f,ocu_isco88_total,geo_cov_nat,2008,34.6
esp,sex_f,ocu_isco88_total,geo_cov_nat,2009,34.13
esp,sex_f,ocu_isco88_total,geo_cov_nat,2010,34.43
esp,sex_f,ocu_isco88_total,geo_cov_rur,1992,37.71
esp,sex_f,ocu_isco88_total,geo_cov_rur,1993,38.11
esp,sex_f,ocu_isco88_total,geo_cov_rur,1994,37.75
esp,sex_f,ocu_isco88_total,geo_cov_rur,1995,37.23
esp,sex_f,ocu_isco88_total,geo_cov_rur,1996,36.61
esp,sex_f,ocu_isco88_total,geo_cov_rur,1997,36.77
esp,sex_f,ocu_isco88_total,geo_cov_rur,1998,36.7
esp,sex_f,ocu_isco88_total,geo_cov_rur,1999,36.99
esp,sex_f,ocu_isco88_total,geo_cov_rur,2000,36.14
esp,sex_f,ocu_isco88_total,geo_cov_rur,2001,36.08
esp,sex_f,ocu_isco88_total,geo_cov_rur,2002,36.14
esp,sex_f,ocu_isco88_total,geo_cov_rur,2003,35.56
esp,sex_f,ocu_isco88_total,geo_cov_rur,2004,35.67
esp,sex_f,ocu_isco88_total,geo_cov_rur,2005,34.96
esp,sex_f,ocu_isco88_total,geo_cov_rur,2006,35.27
esp,sex_f,ocu_isco88_total,geo_cov_rur,2007,35.21
esp,sex_f,ocu_isco88_total,geo_cov_rur,2008,35.09
esp,sex_f,ocu_isco88_total,geo_cov_rur,2009,34.52
esp,sex_f,ocu_isco88_total,geo_cov_rur,2010,34.12
esp,sex_f,ocu_isco88_total,geo_cov_urb,1992,35.38
esp,sex_f,ocu_isco88_total,geo_cov_urb,1993,35.84
esp,sex_f,ocu_isco88_total,geo_cov_urb,1994,35.33
esp,sex_f,ocu_isco88_total,geo_cov_urb,1995,34.57
esp,sex_f,ocu_isco88_total,geo_cov_urb,1996,34.42
esp,sex_f,ocu_isco88_total,geo_cov_urb,1997,34.42
esp,sex_f,ocu_isco88_total,geo_cov_urb,1998,34.71
esp,sex_f,ocu_isco88_total,geo_cov_urb,1999,35.74
esp,sex_f,ocu_isco88_total,geo_cov_urb,2000,34.92
esp,sex_f,ocu_isco88_total,geo_cov_urb,2001,34.64
esp,sex_f,ocu_isco88_total,geo_cov_urb,2002,35.2
esp,sex_f,ocu_isco88_total,geo_cov_urb,2003,34.38
esp,sex_f,ocu_isco88_total,geo_cov_urb,2004,34.99
esp,sex_f,ocu_isco88_total,geo_cov_urb,2005,34.58
esp,sex_f,ocu_isco88_total,geo_cov_urb,2006,34.57
esp,sex_f,ocu_isco88_total,geo_cov_urb,2007,34.86
esp,sex_f,ocu_isco88_total,geo_cov_urb,2008,34.47
esp,sex_f,ocu_isco88_total,geo_cov_urb,2009,34.02
esp,sex_f,ocu_isco88_total,geo_cov_urb,2010,34.51
esp,sex_f,ocu_skill_l1,geo_cov_nat,1992,31.65
esp,sex_f,ocu_skill_l1,geo_cov_nat,1993,31.27
esp,sex_f,ocu_skill_l1,geo_cov_nat,1994,30.62
esp,sex_f,ocu_skill_l1,geo_cov_nat,1995,29.94
esp,sex_f,ocu_skill_l1,geo_cov_nat,1996,29.67
esp,sex_f,ocu_skill_l1,geo_cov_nat,1997,29.79
esp,sex_f,ocu_skill_l1,geo_cov_nat,1998,29.75
esp,sex_f,ocu_skill_l1,geo_cov_nat,1999,30.47
esp,sex_f,ocu_skill_l1,geo_cov_nat,2000,29.77
esp,sex_f,ocu_skill_l1,geo_cov_nat,2001,30.04
esp,sex_f,ocu_skill_l1,geo_cov_nat,2002,30.95
esp,sex_f,ocu_skill_l1,geo_cov_nat,2003,30.12
esp,sex_f,ocu_skill_l1,geo_cov_nat,2004,30.4
esp,sex_f,ocu_skill_l1,geo_cov_nat,2005,29.62
esp,sex_f,ocu_skill_l1,geo_cov_nat,2006,29.53
esp,sex_f,ocu_skill_l1,geo_cov_nat,2007,29.83
esp,sex_f,ocu_skill_l1,geo_cov_nat,2008,29.42
esp,sex_f,ocu_skill_l1,geo_cov_nat,2009,28.06
esp,sex_f,ocu_skill_l1,geo_cov_nat,2010,28.54
esp,sex_f,ocu_skill_l1,geo_cov_nat,2011,28.28
esp,sex_f,ocu_skill_l1,geo_cov_nat,2012,28.06
esp,sex_f,ocu_skill_l1,geo_cov_nat,2013,26.97
esp,sex_f,ocu_skill_l1,geo_cov_nat,2014,27.51
esp,sex_f,ocu_skill_l1,geo_cov_nat,2015,27.54
esp,sex_f,ocu_skill_l1,geo_cov_nat,2016,28.23
esp,sex_f,ocu_skill_l1,geo_cov_nat,2017,28.78
esp,sex_f,ocu_skill_l1,geo_cov_nat,2018,29.04
esp,sex_f,ocu_skill_l1,geo_cov_nat,2019,28.49
esp,sex_f,ocu_skill_l1,geo_cov_nat,2020,28.21
esp,sex_f,ocu_skill_l1,geo_cov_nat,2021,27.77
esp,sex_f,ocu_skill_l1,geo_cov_nat,2022,28.44
esp,sex_f,ocu_skill_l1,geo_cov_nat,2023,28.64
esp,sex_f,ocu_skill_l1,geo_cov_rur,1992,33.05
esp,sex_f,ocu_skill_l1,geo_cov_rur,1993,32.05
esp,sex_f,ocu_skill_l1,geo_cov_rur,1994,31.44
esp,sex_f,ocu_skill_l1,geo_cov_rur,1995,30.62
esp,sex_f,ocu_skill_l1,geo_cov_rur,1996,29.5
esp,sex_f,ocu_skill_l1,geo_cov_rur,1997,31.4
esp,sex_f,ocu_skill_l1,geo_cov_rur,1998,31.16
esp,sex_f,ocu_skill_l1,geo_cov_rur,1999,31.03
esp,sex_f,ocu_skill_l1,geo_cov_rur,2000,30.88
esp,sex_f,ocu_skill_l1,geo_cov_rur,2001,30.5
esp,sex_f,ocu_skill_l1,geo_cov_rur,2002,31.02
esp,sex_f,ocu_skill_l1,geo_cov_rur,2003,31.09
esp,sex_f,ocu_skill_l1,geo_cov_rur,2004,30.64
esp,sex_f,ocu_skill_l1,geo_cov_rur,2005,29.03
esp,sex_f,ocu_skill_l1,geo_cov_rur,2006,28.85
esp,sex_f,ocu_skill_l1,geo_cov_rur,2007,29.96
esp,sex_f,ocu_skill_l1,geo_cov_rur,2008,28.36
esp,sex_f,ocu_skill_l1,geo_cov_rur,2009,28.19
esp,sex_f,ocu_skill_l1,geo_cov_rur,2010,27.12
esp,sex_f,ocu_skill_l1,geo_cov_rur,2011,28.75
esp,sex_f,ocu_skill_l1,geo_cov_rur,2012,28.78
esp,sex_f,ocu_skill_l1,geo_cov_rur,2013,28.65
esp,sex_f,ocu_skill_l1,geo_cov_rur,2014,28.64
esp,sex_f,ocu_skill_l1,geo_cov_rur,2015,29.33
esp,sex_f,ocu_skill_l1,geo_cov_rur,2016,29.08
esp,sex_f,ocu_skill_l1,geo_cov_rur,2017,29.78
esp,sex_f,ocu_skill_l1,geo_cov_rur,2018,29.88
esp,sex_f,ocu_skill_l1,geo_cov_rur,2019,30.56
esp,sex_f,ocu_skill_l1,geo_cov_rur,2020,28.98
esp,sex_f,ocu_skill_l1,geo_cov_rur,2021,28.39
esp,sex_f,ocu_skill_l1,geo_cov_rur,2022,30.28
esp,sex_f,ocu_skill_l1,geo_cov_rur,2023,28.37
esp,sex_f,ocu_skill_l1,geo_cov_urb,1992,31.1
esp,sex_f,ocu_skill_l1,geo_cov_urb,1993,30.98
esp,sex_f,ocu_skill_l1,geo_cov_urb,1994,30.31
esp,sex_f,ocu_skill_l1,geo_cov_urb,1995,29.71
esp,sex_f,ocu_skill_l1,geo_cov_urb,1996,29.72
esp,sex_f,ocu_skill_l1,geo_cov_urb,1997,29.18
esp,sex_f,ocu_skill_l1,geo_cov_urb,1998,29.21
esp,sex_f,ocu_skill_l1,geo_cov_urb,1999,30.26
esp,sex_f,ocu_skill_l1,geo_cov_urb,2000,29.39
esp,sex_f,ocu_skill_l1,geo_cov_urb,2001,29.88
esp,sex_f,ocu_skill_l1,geo_cov_urb,2002,30.92
esp,sex_f,ocu_skill_l1,geo_cov_urb,2003,29.79
esp,sex_f,ocu_skill_l1,geo_cov_urb,2004,30.32
esp,sex_f,ocu_skill_l1,geo_cov_urb,2005,29.8
esp,sex_f,ocu_skill_l1,geo_cov_urb,2006,29.73
esp,sex_f,ocu_skill_l1,geo_cov_urb,2007,29.79
esp,sex_f,ocu_skill_l1,geo_cov_urb,2008,29.72
esp,sex_f,ocu_skill_l1,geo_cov_urb,2009,28.02
esp,sex_f,ocu_skill_l1,geo_cov_urb,2010,29.01
esp,sex_f,ocu_skill_l1,geo_cov_urb,2011,28.13
esp,sex_f,ocu_skill_l1,geo_cov_urb,2012,27.85
esp,sex_f,ocu_skill_l1,geo_cov_urb,2013,26.43
esp,sex_f,ocu_skill_l1,geo_cov_urb,2014,27.14
esp,sex_f,ocu_skill_l1,geo_cov_urb,2015,26.96
esp,sex_f,ocu_skill_l1,geo_cov_urb,2016,27.97
esp,sex_f,ocu_skill_l1,geo_cov_urb,2017,28.66
esp,sex_f,ocu_skill_l1,geo_cov_urb,2018,28.93
esp,sex_f,ocu_skill_l1,geo_cov_urb,2019,28.2
esp,sex_f,ocu_skill_l1,geo_cov_urb,2020,28.1
esp,sex_f,ocu_skill_l1,geo_cov_urb,2021,27.7
esp,sex_f,ocu_skill_l1,geo_cov_urb,2022,28.19
esp,sex_f,ocu_skill_l1,geo_cov_urb,2023,28.68
esp,sex_f,ocu_skill_l2,geo_cov_nat,1992,37.38
esp,sex_f,ocu_skill_l2,geo_cov_nat,1993,37.8
esp,sex_f,ocu_skill_l2,geo_cov_nat,1994,37.32
esp,sex_f,ocu_skill_l2,geo_cov_nat,1995,36.71
esp,sex_f,ocu_skill_l2,geo_cov_nat,1996,36.33
esp,sex_f,ocu_skill_l2,geo_cov_nat,1997,36.32
esp,sex_f,ocu_skill_l2,geo_cov_nat,1998,36.48
esp,sex_f,ocu_skill_l2,geo_cov_nat,1999,37.34
esp,sex_f,ocu_skill_l2,geo_cov_nat,2000,36.47
esp,sex_f,ocu_skill_l2,geo_cov_nat,2001,36
esp,sex_f,ocu_skill_l2,geo_cov_nat,2002,36.44
esp,sex_f,ocu_skill_l2,geo_cov_nat,2003,35.75
esp,sex_f,ocu_skill_l2,geo_cov_nat,2004,36.18
esp,sex_f,ocu_skill_l2,geo_cov_nat,2005,35.75
esp,sex_f,ocu_skill_l2,geo_cov_nat,2006,35.86
esp,sex_f,ocu_skill_l2,geo_cov_nat,2007,35.68
esp,sex_f,ocu_skill_l2,geo_cov_nat,2008,35.18
esp,sex_f,ocu_skill_l2,geo_cov_nat,2009,35.05
esp,sex_f,ocu_skill_l2,geo_cov_nat,2010,35.11
esp,sex_f,ocu_skill_l2,geo_cov_nat,2011,35.22
esp,sex_f,ocu_skill_l2,geo_cov_nat,2012,35.02
esp,sex_f,ocu_skill_l2,geo_cov_nat,2013,34.73
esp,sex_f,ocu_skill_l2,geo_cov_nat,2014,35.02
esp,sex_f,ocu_skill_l2,geo_cov_nat,2015,34.86
esp,sex_f,ocu_skill_l2,geo_cov_nat,2016,34.76
esp,sex_f,ocu_skill_l2,geo_cov_nat,2017,34.73
esp,sex_f,ocu_skill_l2,geo_cov_nat,2018,34.67
esp,sex_f,ocu_skill_l2,geo_cov_nat,2019,34.58
esp,sex_f,ocu_skill_l2,geo_cov_nat,2020,34.16
esp,sex_f,ocu_skill_l2,geo_cov_nat,2021,34.07
esp,sex_f,ocu_skill_l2,geo_cov_nat,2022,34.26
esp,sex_f,ocu_skill_l2,geo_cov_nat,2023,34.3
esp,sex_f,ocu_skill_l2,geo_cov_rur,1992,39.07
esp,sex_f,ocu_skill_l2,geo_cov_rur,1993,39.89
esp,sex_f,ocu_skill_l2,geo_cov_rur,1994,39.43
esp,sex_f,ocu_skill_l2,geo_cov_rur,1995,38.89
esp,sex_f,ocu_skill_l2,geo_cov_rur,1996,38.25
esp,sex_f,ocu_skill_l2,geo_cov_rur,1997,38.58
esp,sex_f,ocu_skill_l2,geo_cov_rur,1998,38.6
esp,sex_f,ocu_skill_l2,geo_cov_rur,1999,38.89
esp,sex_f,ocu_skill_l2,geo_cov_rur,2000,37.7
esp,sex_f,ocu_skill_l2,geo_cov_rur,2001,37.35
esp,sex_f,ocu_skill_l2,geo_cov_rur,2002,37.54
esp,sex_f,ocu_skill_l2,geo_cov_rur,2003,37.03
esp,sex_f,ocu_skill_l2,geo_cov_rur,2004,37.14
esp,sex_f,ocu_skill_l2,geo_cov_rur,2005,36.31
esp,sex_f,ocu_skill_l2,geo_cov_rur,2006,36.73
esp,sex_f,ocu_skill_l2,geo_cov_rur,2007,35.83
esp,sex_f,ocu_skill_l2,geo_cov_rur,2008,36.57
esp,sex_f,ocu_skill_l2,geo_cov_rur,2009,35.67
esp,sex_f,ocu_skill_l2,geo_cov_rur,2010,35.48
esp,sex_f,ocu_skill_l2,geo_cov_rur,2011,36.4
esp,sex_f,ocu_skill_l2,geo_cov_rur,2012,35.79
esp,sex_f,ocu_skill_l2,geo_cov_rur,2013,35.39
esp,sex_f,ocu_skill_l2,geo_cov_rur,2014,35.59
esp,sex_f,ocu_skill_l2,geo_cov_rur,2015,35.52
esp,sex_f,ocu_skill_l2,geo_cov_rur,2016,34.76
esp,sex_f,ocu_skill_l2,geo_cov_rur,2017,35.46
esp,sex_f,ocu_skill_l2,geo_cov_rur,2018,35.23
esp,sex_f,ocu_skill_l2,geo_cov_rur,2019,35.23
esp,sex_f,ocu_skill_l2,geo_cov_rur,2020,34.71
esp,sex_f,ocu_skill_l2,geo_cov_rur,2021,35.16
esp,sex_f,ocu_skill_l2,geo_cov_rur,2022,34.97
esp,sex_f,ocu_skill_l2,geo_cov_rur,2023,35.86
esp,sex_f,ocu_skill_l2,geo_cov_urb,1992,36.69
esp,sex_f,ocu_skill_l2,geo_cov_urb,1993,36.91
esp,sex_f,ocu_skill_l2,geo_cov_urb,1994,36.42
esp,sex_f,ocu_skill_l2,geo_cov_urb,1995,35.77
esp,sex_f,ocu_skill_l2,geo_cov_urb,1996,35.58
esp,sex_f,ocu_skill_l2,geo_cov_urb,1997,35.45
esp,sex_f,ocu_skill_l2,geo_cov_urb,1998,35.68
esp,sex_f,ocu_skill_l2,geo_cov_urb,1999,36.78
esp,sex_f,ocu_skill_l2,geo_cov_urb,2000,36.04
esp,sex_f,ocu_skill_l2,geo_cov_urb,2001,35.53
esp,sex_f,ocu_skill_l2,geo_cov_urb,2002,36.06
esp,sex_f,ocu_skill_l2,geo_cov_urb,2003,35.33
esp,sex_f,ocu_skill_l2,geo_cov_urb,2004,35.87
esp,sex_f,ocu_skill_l2,geo_cov_urb,2005,35.57
esp,sex_f,ocu_skill_l2,geo_cov_urb,2006,35.58
esp,sex_f,ocu_skill_l2,geo_cov_urb,2007,35.64
esp,sex_f,ocu_skill_l2,geo_cov_urb,2008,34.75
esp,sex_f,ocu_skill_l2,geo_cov_urb,2009,34.83
esp,sex_f,ocu_skill_l2,geo_cov_urb,2010,34.99
esp,sex_f,ocu_skill_l2,geo_cov_urb,2011,34.85
esp,sex_f,ocu_skill_l2,geo_cov_urb,2012,34.77
esp,sex_f,ocu_skill_l2,geo_cov_urb,2013,34.51
esp,sex_f,ocu_skill_l2,geo_cov_urb,2014,34.84
esp,sex_f,ocu_skill_l2,geo_cov_urb,2015,34.66
esp,sex_f,ocu_skill_l2,geo_cov_urb,2016,34.77
esp,sex_f,ocu_skill_l2,geo_cov_urb,2017,34.61
esp,sex_f,ocu_skill_l2,geo_cov_urb,2018,34.59
esp,sex_f,ocu_skill_l2,geo_cov_urb,2019,34.48
esp,sex_f,ocu_skill_l2,geo_cov_urb,2020,34.08
esp,sex_f,ocu_skill_l2,geo_cov_urb,2021,33.89
esp,sex_f,ocu_skill_l2,geo_cov_urb,2022,34.15
esp,sex_f,ocu_skill_l2,geo_cov_urb,2023,34.06
esp,sex_f,ocu_skill_l3_4,geo_cov_nat,1992,36.79
esp,sex_f,ocu_skill_l3_4,geo_cov_nat,1993,37.59
esp,sex_f,ocu_skill_l3_4,geo_cov_nat,1994,37.04
esp,sex_f,ocu_skill_l3_4,geo_cov_nat,1995,36.15
esp,sex_f,ocu_skill_l3_4,geo_cov_nat,1996,35.85
esp,sex_f,ocu_skill_l3_4,geo_cov_nat,1997,35.98
esp,sex_f,ocu_skill_l3_4,geo_cov_nat,1998,36.37
esp,sex_f,ocu_skill_l3_4,geo_cov_nat,1999,37.28
esp,sex_f,ocu_skill_l3_4,geo_cov_nat,2000,36.37
esp,sex_f,ocu_skill_l3_4,geo_cov_nat,2001,36.2
esp,sex_f,ocu_skill_l3_4,geo_cov_nat,2002,36.49
esp,sex_f,ocu_skill_l3_4,geo_cov_nat,2003,35.74
esp,sex_f,ocu_skill_l3_4,geo_cov_nat,2004,36.4
esp,sex_f,ocu_skill_l3_4,geo_cov_nat,2005,36
esp,sex_f,ocu_skill_l3_4,geo_cov_nat,2006,36.07
esp,sex_f,ocu_skill_l3_4,geo_cov_nat,2007,36.64
esp,sex_f,ocu_skill_l3_4,geo_cov_nat,2008,36.74
esp,sex_f,ocu_skill_l3_4,geo_cov_nat,2009,36.12
esp,sex_f,ocu_skill_l3_4,geo_cov_nat,2010,36.49
esp,sex_f,ocu_skill_l3_4,geo_cov_nat,2011,35.71
esp,sex_f,ocu_skill_l3_4,geo_cov_nat,2012,35.5
esp,sex_f,ocu_skill_l3_4,geo_cov_nat,2013,35.68
esp,sex_f,ocu_skill_l3_4,geo_cov_nat,2014,35.84
esp,sex_f,ocu_skill_l3_4,geo_cov_nat,2015,35.34
esp,sex_f,ocu_skill_l3_4,geo_cov_nat,2016,35.53
esp,sex_f,ocu_skill_l3_4,geo_cov_nat,2017,35.35
esp,sex_f,ocu_skill_l3_4,geo_cov_nat,2018,35.59
esp,sex_f,ocu_skill_l3_4,geo_cov_nat,2019,35.22
esp,sex_f,ocu_skill_l3_4,geo_cov_nat,2020,35.29
esp,sex_f,ocu_skill_l3_4,geo_cov_nat,2021,34.62
esp,sex_f,ocu_skill_l3_4,geo_cov_nat,2022,35.18
esp,sex_f,ocu_skill_l3_4,geo_cov_nat,2023,34.97
esp,sex_f,ocu_skill_l3_4,geo_cov_rur,1992,38.83
esp,sex_f,ocu_skill_l3_4,geo_cov_rur,1993,38.72
esp,sex_f,ocu_skill_l3_4,geo_cov_rur,1994,38.61
esp,sex_f,ocu_skill_l3_4,geo_cov_rur,1995,38.16
esp,sex_f,ocu_skill_l3_4,geo_cov_rur,1996,37.87
esp,sex_f,ocu_skill_l3_4,geo_cov_rur,1997,37.18
esp,sex_f,ocu_skill_l3_4,geo_cov_rur,1998,37.16
esp,sex_f,ocu_skill_l3_4,geo_cov_rur,1999,37.84
esp,sex_f,ocu_skill_l3_4,geo_cov_rur,2000,36.94
esp,sex_f,ocu_skill_l3_4,geo_cov_rur,2001,37.59
esp,sex_f,ocu_skill_l3_4,geo_cov_rur,2002,37.26
esp,sex_f,ocu_skill_l3_4,geo_cov_rur,2003,36.33
esp,sex_f,ocu_skill_l3_4,geo_cov_rur,2004,36.7
esp,sex_f,ocu_skill_l3_4,geo_cov_rur,2005,36.68
esp,sex_f,ocu_skill_l3_4,geo_cov_rur,2006,37.06
esp,sex_f,ocu_skill_l3_4,geo_cov_rur,2007,37.55
esp,sex_f,ocu_skill_l3_4,geo_cov_rur,2008,37.27
esp,sex_f,ocu_skill_l3_4,geo_cov_rur,2009,36.43
esp,sex_f,ocu_skill_l3_4,geo_cov_rur,2010,36.68
esp,sex_f,ocu_skill_l3_4,geo_cov_rur,2011,34.87
esp,sex_f,ocu_skill_l3_4,geo_cov_rur,2012,35.16
esp,sex_f,ocu_skill_l3_4,geo_cov_rur,2013,34.43
esp,sex_f,ocu_skill_l3_4,geo_cov_rur,2014,35.38
esp,sex_f,ocu_skill_l3_4,geo_cov_rur,2015,34.47
esp,sex_f,ocu_skill_l3_4,geo_cov_rur,2016,34.3
esp,sex_f,ocu_skill_l3_4,geo_cov_rur,2017,34.02
esp,sex_f,ocu_skill_l3_4,geo_cov_rur,2018,34.12
esp,sex_f,ocu_skill_l3_4,geo_cov_rur,2019,35.32
esp,sex_f,ocu_skill_l3_4,geo_cov_rur,2020,34.93
esp,sex_f,ocu_skill_l3_4,geo_cov_rur,2021,33.26
esp,sex_f,ocu_skill_l3_4,geo_cov_rur,2022,35.7
esp,sex_f,ocu_skill_l3_4,geo_cov_rur,2023,34.87
esp,sex_f,ocu_skill_l3_4,geo_cov_urb,1992,36.18
esp,sex_f,ocu_skill_l3_4,geo_cov_urb,1993,37.28
esp,sex_f,ocu_skill_l3_4,geo_cov_urb,1994,36.62
esp,sex_f,ocu_skill_l3_4,geo_cov_urb,1995,35.69
esp,sex_f,ocu_skill_l3_4,geo_cov_urb,1996,35.32
esp,sex_f,ocu_skill_l3_4,geo_cov_urb,1997,35.68
esp,sex_f,ocu_skill_l3_4,geo_cov_urb,1998,36.18
esp,sex_f,ocu_skill_l3_4,geo_cov_urb,1999,37.14
esp,sex_f,ocu_skill_l3_4,geo_cov_urb,2000,36.23
esp,sex_f,ocu_skill_l3_4,geo_cov_urb,2001,35.86
esp,sex_f,ocu_skill_l3_4,geo_cov_urb,2002,36.31
esp,sex_f,ocu_skill_l3_4,geo_cov_urb,2003,35.6
esp,sex_f,ocu_skill_l3_4,geo_cov_urb,2004,36.33
esp,sex_f,ocu_skill_l3_4,geo_cov_urb,2005,35.85
esp,sex_f,ocu_skill_l3_4,geo_cov_urb,2006,35.84
esp,sex_f,ocu_skill_l3_4,geo_cov_urb,2007,36.44
esp,sex_f,ocu_skill_l3_4,geo_cov_urb,2008,36.63
esp,sex_f,ocu_skill_l3_4,geo_cov_urb,2009,36.05
esp,sex_f,ocu_skill_l3_4,geo_cov_urb,2010,36.44
esp,sex_f,ocu_skill_l3_4,geo_cov_urb,2011,35.88
esp,sex_f,ocu_skill_l3_4,geo_cov_urb,2012,35.57
esp,sex_f,ocu_skill_l3_4,geo_cov_urb,2013,35.91
esp,sex_f,ocu_skill_l3_4,geo_cov_urb,2014,35.93
esp,sex_f,ocu_skill_l3_4,geo_cov_urb,2015,35.48
esp,sex_f,ocu_skill_l3_4,geo_cov_urb,2016,35.78
esp,sex_f,ocu_skill_l3_4,geo_cov_urb,2017,35.48
esp,sex_f,ocu_skill_l3_4,geo_cov_urb,2018,35.72
esp,sex_f,ocu_skill_l3_4,geo_cov_urb,2019,35.21
esp,sex_f,ocu_skill_l3_4,geo_cov_urb,2020,35.33
esp,sex_f,ocu_skill_l3_4,geo_cov_urb,2021,34.74
esp,sex_f,ocu_skill_l3_4,geo_cov_urb,2022,35.12
esp,sex_f,ocu_skill_l3_4,geo_cov_urb,2023,34.97
esp,sex_f,ocu_skill_total,geo_cov_nat,1992,36.02
esp,sex_f,ocu_skill_total,geo_cov_nat,1993,36.46
esp,sex_f,ocu_skill_total,geo_cov_nat,1994,35.98
esp,sex_f,ocu_skill_total,geo_cov_nat,1995,35.26
esp,sex_f,ocu_skill_total,geo_cov_nat,1996,34.97
esp,sex_f,ocu_skill_total,geo_cov_nat,1997,35.01
esp,sex_f,ocu_skill_total,geo_cov_nat,1998,35.21
esp,sex_f,ocu_skill_total,geo_cov_nat,1999,36.05
esp,sex_f,ocu_skill_total,geo_cov_nat,2000,35.21
esp,sex_f,ocu_skill_total,geo_cov_nat,2001,34.98
esp,sex_f,ocu_skill_total,geo_cov_nat,2002,35.42
esp,sex_f,ocu_skill_total,geo_cov_nat,2003,34.65
esp,sex_f,ocu_skill_total,geo_cov_nat,2004,35.15
esp,sex_f,ocu_skill_total,geo_cov_nat,2005,34.67
esp,sex_f,ocu_skill_total,geo_cov_nat,2006,34.72
esp,sex_f,ocu_skill_total,geo_cov_nat,2007,34.93
esp,sex_f,ocu_skill_total,geo_cov_nat,2008,34.6
esp,sex_f,ocu_skill_total,geo_cov_nat,2009,34.13
esp,sex_f,ocu_skill_total,geo_cov_nat,2010,34.43
esp,sex_f,ocu_skill_total,geo_cov_nat,2011,34.14
esp,sex_f,ocu_skill_total,geo_cov_nat,2012,33.92
esp,sex_f,ocu_skill_total,geo_cov_nat,2013,33.69
esp,sex_f,ocu_skill_total,geo_cov_nat,2014,33.94
esp,sex_f,ocu_skill_total,geo_cov_nat,2015,33.77
esp,sex_f,ocu_skill_total,geo_cov_nat,2016,33.91
esp,sex_f,ocu_skill_total,geo_cov_nat,2017,33.88
esp,sex_f,ocu_skill_total,geo_cov_nat,2018,34.02
esp,sex_f,ocu_skill_total,geo_cov_nat,2019,33.82
esp,sex_f,ocu_skill_total,geo_cov_nat,2020,33.67
esp,sex_f,ocu_skill_total,geo_cov_nat,2021,33.3
esp,sex_f,ocu_skill_total,geo_cov_nat,2022,33.66
esp,sex_f,ocu_skill_total,geo_cov_nat,2023,33.74
esp,sex_f,ocu_skill_total,geo_cov_rur,1992,37.71
esp,sex_f,ocu_skill_total,geo_cov_rur,1993,38.11
esp,sex_f,ocu_skill_total,geo_cov_rur,1994,37.75
esp,sex_f,ocu_skill_total,geo_cov_rur,1995,37.23
esp,sex_f,ocu_skill_total,geo_cov_rur,1996,36.61
esp,sex_f,ocu_skill_total,geo_cov_rur,1997,36.77
esp,sex_f,ocu_skill_total,geo_cov_rur,1998,36.7
esp,sex_f,ocu_skill_total,geo_cov_rur,1999,36.99
esp,sex_f,ocu_skill_total,geo_cov_rur,2000,36.14
esp,sex_f,ocu_skill_total,geo_cov_rur,2001,36.08
esp,sex_f,ocu_skill_total,geo_cov_rur,2002,36.14
esp,sex_f,ocu_skill_total,geo_cov_rur,2003,35.56
esp,sex_f,ocu_skill_total,geo_cov_rur,2004,35.67
esp,sex_f,ocu_skill_total,geo_cov_rur,2005,34.96
esp,sex_f,ocu_skill_total,geo_cov_rur,2006,35.27
esp,sex_f,ocu_skill_total,geo_cov_rur,2007,35.21
esp,sex_f,ocu_skill_total,geo_cov_rur,2008,35.09
esp,sex_f,ocu_skill_total,geo_cov_rur,2009,34.52
esp,sex_f,ocu_skill_total,geo_cov_rur,2010,34.12
esp,sex_f,ocu_skill_total,geo_cov_rur,2011,34.51
esp,sex_f,ocu_skill_total,geo_cov_rur,2012,34.27
esp,sex_f,ocu_skill_total,geo_cov_rur,2013,33.85
esp,sex_f,ocu_skill_total,geo_cov_rur,2014,34.12
esp,sex_f,ocu_skill_total,geo_cov_rur,2015,34.04
esp,sex_f,ocu_skill_total,geo_cov_rur,2016,33.58
esp,sex_f,ocu_skill_total,geo_cov_rur,2017,34.16
esp,sex_f,ocu_skill_total,geo_cov_rur,2018,33.99
esp,sex_f,ocu_skill_total,geo_cov_rur,2019,34.45
esp,sex_f,ocu_skill_total,geo_cov_rur,2020,33.79
esp,sex_f,ocu_skill_total,geo_cov_rur,2021,33.62
esp,sex_f,ocu_skill_total,geo_cov_rur,2022,34.43
esp,sex_f,ocu_skill_total,geo_cov_rur,2023,34.46
esp,sex_f,ocu_skill_total,geo_cov_urb,1992,35.38
esp,sex_f,ocu_skill_total,geo_cov_urb,1993,35.84
esp,sex_f,ocu_skill_total,geo_cov_urb,1994,35.33
esp,sex_f,ocu_skill_total,geo_cov_urb,1995,34.57
esp,sex_f,ocu_skill_total,geo_cov_urb,1996,34.42
esp,sex_f,ocu_skill_total,geo_cov_urb,1997,34.42
esp,sex_f,ocu_skill_total,geo_cov_urb,1998,34.71
esp,sex_f,ocu_skill_total,geo_cov_urb,1999,35.74
esp,sex_f,ocu_skill_total,geo_cov_urb,2000,34.92
esp,sex_f,ocu_skill_total,geo_cov_urb,2001,34.64
esp,sex_f,ocu_skill_total,geo_cov_urb,2002,35.2
esp,sex_f,ocu_skill_total,geo_cov_urb,2003,34.38
esp,sex_f,ocu_skill_total,geo_cov_urb,2004,34.99
esp,sex_f,ocu_skill_total,geo_cov_urb,2005,34.58
esp,sex_f,ocu_skill_total,geo_cov_urb,2006,34.57
esp,sex_f,ocu_skill_total,geo_cov_urb,2007,34.86
esp,sex_f,ocu_skill_total,geo_cov_urb,2008,34.47
esp,sex_f,ocu_skill_total,geo_cov_urb,2009,34.02
esp,sex_f,ocu_skill_total,geo_cov_urb,2010,34.51
esp,sex_f,ocu_skill_total,geo_cov_urb,2011,34.04
esp,sex_f,ocu_skill_total,geo_cov_urb,2012,33.82
esp,sex_f,ocu_skill_total,geo_cov_urb,2013,33.65
esp,sex_f,ocu_skill_total,geo_cov_urb,2014,33.9
esp,sex_f,ocu_skill_total,geo_cov_urb,2015,33.7
esp,sex_f,ocu_skill_total,geo_cov_urb,2016,34
esp,sex_f,ocu_skill_total,geo_cov_urb,2017,33.84
esp,sex_f,ocu_skill_total,geo_cov_urb,2018,34.03
esp,sex_f,ocu_skill_total,geo_cov_urb,2019,33.74
esp,sex_f,ocu_skill_total,geo_cov_urb,2020,33.65
esp,sex_f,ocu_skill_total,geo_cov_urb,2021,33.26
esp,sex_f,ocu_skill_total,geo_cov_urb,2022,33.55
esp,sex_f,ocu_skill_total,geo_cov_urb,2023,33.65
esp,sex_f,ocu_skill_x,geo_cov_nat,1999,39.37
esp,sex_f,ocu_skill_x,geo_cov_nat,2000,40.49
esp,sex_f,ocu_skill_x,geo_cov_nat,2001,39.68
esp,sex_f,ocu_skill_x,geo_cov_nat,2002,37.43
esp,sex_f,ocu_skill_x,geo_cov_nat,2003,37.79
esp,sex_f,ocu_skill_x,geo_cov_nat,2004,40.44
esp,sex_f,ocu_skill_x,geo_cov_nat,2005,41.38
esp,sex_f,ocu_skill_x,geo_cov_nat,2006,42.63
esp,sex_f,ocu_skill_x,geo_cov_nat,2007,38.8
esp,sex_f,ocu_skill_x,geo_cov_nat,2008,42.81
esp,sex_f,ocu_skill_x,geo_cov_nat,2009,43.92
esp,sex_f,ocu_skill_x,geo_cov_nat,2010,38.64
esp,sex_f,ocu_skill_x,geo_cov_nat,2011,37.02
esp,sex_f,ocu_skill_x,geo_cov_nat,2012,38.54
esp,sex_f,ocu_skill_x,geo_cov_nat,2013,35.67
esp,sex_f,ocu_skill_x,geo_cov_nat,2014,36.42
esp,sex_f,ocu_skill_x,geo_cov_nat,2015,36.93
esp,sex_f,ocu_skill_x,geo_cov_nat,2016,43
esp,sex_f,ocu_skill_x,geo_cov_nat,2017,36.61
esp,sex_f,ocu_skill_x,geo_cov_nat,2018,35.25
esp,sex_f,ocu_skill_x,geo_cov_nat,2019,40.92
esp,sex_f,ocu_skill_x,geo_cov_nat,2020,36.52
esp,sex_f,ocu_skill_x,geo_cov_nat,2021,37.86
esp,sex_f,ocu_skill_x,geo_cov_nat,2022,36
esp,sex_f,ocu_skill_x,geo_cov_nat,2023,39.28
esp,sex_f,ocu_skill_x,geo_cov_rur,2001,47.36
esp,sex_f,ocu_skill_x,geo_cov_rur,2002,37.01
esp,sex_f,ocu_skill_x,geo_cov_rur,2004,41.79
esp,sex_f,ocu_skill_x,geo_cov_rur,2005,38.58
esp,sex_f,ocu_skill_x,geo_cov_rur,2012,43.25
esp,sex_f,ocu_skill_x,geo_cov_rur,2015,36.96
esp,sex_f,ocu_skill_x,geo_cov_urb,1999,39.35
esp,sex_f,ocu_skill_x,geo_cov_urb,2000,41.46
esp,sex_f,ocu_skill_x,geo_cov_urb,2001,38.31
esp,sex_f,ocu_skill_x,geo_cov_urb,2002,37.5
esp,sex_f,ocu_skill_x,geo_cov_urb,2003,38.05
esp,sex_f,ocu_skill_x,geo_cov_urb,2004,40.19
esp,sex_f,ocu_skill_x,geo_cov_urb,2005,41.69
esp,sex_f,ocu_skill_x,geo_cov_urb,2006,43.52
esp,sex_f,ocu_skill_x,geo_cov_urb,2007,38.66
esp,sex_f,ocu_skill_x,geo_cov_urb,2008,43.31
esp,sex_f,ocu_skill_x,geo_cov_urb,2009,43.99
esp,sex_f,ocu_skill_x,geo_cov_urb,2010,35.33
esp,sex_f,ocu_skill_x,geo_cov_urb,2011,35.55
esp,sex_f,ocu_skill_x,geo_cov_urb,2012,36.27
esp,sex_f,ocu_skill_x,geo_cov_urb,2013,34.96
esp,sex_f,ocu_skill_x,geo_cov_urb,2014,35.87
esp,sex_f,ocu_skill_x,geo_cov_urb,2015,36.91
esp,sex_f,ocu_skill_x,geo_cov_urb,2016,46.13
esp,sex_f,ocu_skill_x,geo_cov_urb,2017,36.46
esp,sex_f,ocu_skill_x,geo_cov_urb,2018,35.25
esp,sex_f,ocu_skill_x,geo_cov_urb,2019,41.28
esp,sex_f,ocu_skill_x,geo_cov_urb,2020,36.78
esp,sex_f,ocu_skill_x,geo_cov_urb,2021,37.89
esp,sex_f,ocu_skill_x,geo_cov_urb,2022,36.7
esp,sex_f,ocu_skill_x,geo_cov_urb,2023,40.72
esp,sex_m,ocu_isco08_0,geo_cov_nat,2011,39.23
esp,sex_m,ocu_isco08_0,geo_cov_nat,2012,38.39
esp,sex_m,ocu_isco08_0,geo_cov_nat,2013,38.59
esp,sex_m,ocu_isco08_0,geo_cov_nat,2014,40.1
esp,sex_m,ocu_isco08_0,geo_cov_nat,2015,38.25
esp,sex_m,ocu_isco08_0,geo_cov_nat,2016,37.54
esp,sex_m,ocu_isco08_0,geo_cov_nat,2017,37.95
esp,sex_m,ocu_isco08_0,geo_cov_nat,2018,38.6
esp,sex_m,ocu_isco08_0,geo_cov_nat,2019,39.3
esp,sex_m,ocu_isco08_0,geo_cov_nat,2020,38.65
esp,sex_m,ocu_isco08_0,geo_cov_nat,2021,38.65
esp,sex_m,ocu_isco08_0,geo_cov_nat,2022,37
esp,sex_m,ocu_isco08_0,geo_cov_nat,2023,38.24
esp,sex_m,ocu_isco08_0,geo_cov_rur,2011,38.71
esp,sex_m,ocu_isco08_0,geo_cov_rur,2012,38.09
esp,sex_m,ocu_isco08_0,geo_cov_rur,2013,38.25
esp,sex_m,ocu_isco08_0,geo_cov_rur,2014,39.86
esp,sex_m,ocu_isco08_0,geo_cov_rur,2015,37.93
esp,sex_m,ocu_isco08_0,geo_cov_rur,2016,37.33
esp,sex_m,ocu_isco08_0,geo_cov_rur,2017,38.38
esp,sex_m,ocu_isco08_0,geo_cov_rur,2018,38.16
esp,sex_m,ocu_isco08_0,geo_cov_rur,2019,39.19
esp,sex_m,ocu_isco08_0,geo_cov_rur,2020,38.98
esp,sex_m,ocu_isco08_0,geo_cov_rur,2021,30.49
esp,sex_m,ocu_isco08_0,geo_cov_rur,2022,38.41
esp,sex_m,ocu_isco08_0,geo_cov_rur,2023,36.55
esp,sex_m,ocu_isco08_0,geo_cov_urb,2011,39.35
esp,sex_m,ocu_isco08_0,geo_cov_urb,2012,38.45
esp,sex_m,ocu_isco08_0,geo_cov_urb,2013,38.66
esp,sex_m,ocu_isco08_0,geo_cov_urb,2014,40.14
esp,sex_m,ocu_isco08_0,geo_cov_urb,2015,38.3
esp,sex_m,ocu_isco08_0,geo_cov_urb,2016,37.57
esp,sex_m,ocu_isco08_0,geo_cov_urb,2017,37.92
esp,sex_m,ocu_isco08_0,geo_cov_urb,2018,38.62
esp,sex_m,ocu_isco08_0,geo_cov_urb,2019,39.3
esp,sex_m,ocu_isco08_0,geo_cov_urb,2020,38.62
esp,sex_m,ocu_isco08_0,geo_cov_urb,2021,38.98
esp,sex_m,ocu_isco08_0,geo_cov_urb,2022,36.82
esp,sex_m,ocu_isco08_0,geo_cov_urb,2023,38.35
esp,sex_m,ocu_isco08_1,geo_cov_nat,2011,46.21
esp,sex_m,ocu_isco08_1,geo_cov_nat,2012,45.96
esp,sex_m,ocu_isco08_1,geo_cov_nat,2013,45.99
esp,sex_m,ocu_isco08_1,geo_cov_nat,2014,46.38
esp,sex_m,ocu_isco08_1,geo_cov_nat,2015,45.33
esp,sex_m,ocu_isco08_1,geo_cov_nat,2016,44.79
esp,sex_m,ocu_isco08_1,geo_cov_nat,2017,43.62
esp,sex_m,ocu_isco08_1,geo_cov_nat,2018,44.09
esp,sex_m,ocu_isco08_1,geo_cov_nat,2019,44.51
esp,sex_m,ocu_isco08_1,geo_cov_nat,2020,41.67
esp,sex_m,ocu_isco08_1,geo_cov_nat,2021,42.95
esp,sex_m,ocu_isco08_1,geo_cov_nat,2022,42.57
esp,sex_m,ocu_isco08_1,geo_cov_nat,2023,42.62
esp,sex_m,ocu_isco08_1,geo_cov_rur,2011,47.88
esp,sex_m,ocu_isco08_1,geo_cov_rur,2012,45.81
esp,sex_m,ocu_isco08_1,geo_cov_rur,2013,45.91
esp,sex_m,ocu_isco08_1,geo_cov_rur,2014,46.48
esp,sex_m,ocu_isco08_1,geo_cov_rur,2015,45.36
esp,sex_m,ocu_isco08_1,geo_cov_rur,2016,46.07
esp,sex_m,ocu_isco08_1,geo_cov_rur,2017,45.02
esp,sex_m,ocu_isco08_1,geo_cov_rur,2018,45.26
esp,sex_m,ocu_isco08_1,geo_cov_rur,2019,44.87
esp,sex_m,ocu_isco08_1,geo_cov_rur,2020,46.14
esp,sex_m,ocu_isco08_1,geo_cov_rur,2021,43.24
esp,sex_m,ocu_isco08_1,geo_cov_rur,2022,43.01
esp,sex_m,ocu_isco08_1,geo_cov_rur,2023,43.95
esp,sex_m,ocu_isco08_1,geo_cov_urb,2011,45.74
esp,sex_m,ocu_isco08_1,geo_cov_urb,2012,45.98
esp,sex_m,ocu_isco08_1,geo_cov_urb,2013,46.01
esp,sex_m,ocu_isco08_1,geo_cov_urb,2014,46.35
esp,sex_m,ocu_isco08_1,geo_cov_urb,2015,45.33
esp,sex_m,ocu_isco08_1,geo_cov_urb,2016,44.38
esp,sex_m,ocu_isco08_1,geo_cov_urb,2017,43.44
esp,sex_m,ocu_isco08_1,geo_cov_urb,2018,43.97
esp,sex_m,ocu_isco08_1,geo_cov_urb,2019,44.47
esp,sex_m,ocu_isco08_1,geo_cov_urb,2020,41.15
esp,sex_m,ocu_isco08_1,geo_cov_urb,2021,42.91
esp,sex_m,ocu_isco08_1,geo_cov_urb,2022,42.52
esp,sex_m,ocu_isco08_1,geo_cov_urb,2023,42.5
esp,sex_m,ocu_isco08_2,geo_cov_nat,2011,38.7
esp,sex_m,ocu_isco08_2,geo_cov_nat,2012,38.86
esp,sex_m,ocu_isco08_2,geo_cov_nat,2013,39.09
esp,sex_m,ocu_isco08_2,geo_cov_nat,2014,39.05
esp,sex_m,ocu_isco08_2,geo_cov_nat,2015,38.78
esp,sex_m,ocu_isco08_2,geo_cov_nat,2016,38.98
esp,sex_m,ocu_isco08_2,geo_cov_nat,2017,38.34
esp,sex_m,ocu_isco08_2,geo_cov_nat,2018,38.38
esp,sex_m,ocu_isco08_2,geo_cov_nat,2019,37.74
esp,sex_m,ocu_isco08_2,geo_cov_nat,2020,38.19
esp,sex_m,ocu_isco08_2,geo_cov_nat,2021,37.61
esp,sex_m,ocu_isco08_2,geo_cov_nat,2022,37.41
esp,sex_m,ocu_isco08_2,geo_cov_nat,2023,36.74
esp,sex_m,ocu_isco08_2,geo_cov_rur,2011,38.18
esp,sex_m,ocu_isco08_2,geo_cov_rur,2012,37.16
esp,sex_m,ocu_isco08_2,geo_cov_rur,2013,38.32
esp,sex_m,ocu_isco08_2,geo_cov_rur,2014,38.02
esp,sex_m,ocu_isco08_2,geo_cov_rur,2015,38.1
esp,sex_m,ocu_isco08_2,geo_cov_rur,2016,37.25
esp,sex_m,ocu_isco08_2,geo_cov_rur,2017,37.23
esp,sex_m,ocu_isco08_2,geo_cov_rur,2018,37.53
esp,sex_m,ocu_isco08_2,geo_cov_rur,2019,36.95
esp,sex_m,ocu_isco08_2,geo_cov_rur,2020,36.35
esp,sex_m,ocu_isco08_2,geo_cov_rur,2021,37.74
esp,sex_m,ocu_isco08_2,geo_cov_rur,2022,38.93
esp,sex_m,ocu_isco08_2,geo_cov_rur,2023,36.44
esp,sex_m,ocu_isco08_2,geo_cov_urb,2011,38.79
esp,sex_m,ocu_isco08_2,geo_cov_urb,2012,39.11
esp,sex_m,ocu_isco08_2,geo_cov_urb,2013,39.2
esp,sex_m,ocu_isco08_2,geo_cov_urb,2014,39.22
esp,sex_m,ocu_isco08_2,geo_cov_urb,2015,38.88
esp,sex_m,ocu_isco08_2,geo_cov_urb,2016,39.24
esp,sex_m,ocu_isco08_2,geo_cov_urb,2017,38.42
esp,sex_m,ocu_isco08_2,geo_cov_urb,2018,38.44
esp,sex_m,ocu_isco08_2,geo_cov_urb,2019,37.79
esp,sex_m,ocu_isco08_2,geo_cov_urb,2020,38.33
esp,sex_m,ocu_isco08_2,geo_cov_urb,2021,37.6
esp,sex_m,ocu_isco08_2,geo_cov_urb,2022,37.29
esp,sex_m,ocu_isco08_2,geo_cov_urb,2023,36.76
esp,sex_m,ocu_isco08_3,geo_cov_nat,2011,39.5
esp,sex_m,ocu_isco08_3,geo_cov_nat,2012,39.23
esp,sex_m,ocu_isco08_3,geo_cov_nat,2013,39.53
esp,sex_m,ocu_isco08_3,geo_cov_nat,2014,39.4
esp,sex_m,ocu_isco08_3,geo_cov_nat,2015,39.62
esp,sex_m,ocu_isco08_3,geo_cov_nat,2016,38.78
esp,sex_m,ocu_isco08_3,geo_cov_nat,2017,38.44
esp,sex_m,ocu_isco08_3,geo_cov_nat,2018,39.17
esp,sex_m,ocu_isco08_3,geo_cov_nat,2019,38.91
esp,sex_m,ocu_isco08_3,geo_cov_nat,2020,37.06
esp,sex_m,ocu_isco08_3,geo_cov_nat,2021,38
esp,sex_m,ocu_isco08_3,geo_cov_nat,2022,37.69
esp,sex_m,ocu_isco08_3,geo_cov_nat,2023,37.66
esp,sex_m,ocu_isco08_3,geo_cov_rur,2011,39.88
esp,sex_m,ocu_isco08_3,geo_cov_rur,2012,40.77
esp,sex_m,ocu_isco08_3,geo_cov_rur,2013,39.94
esp,sex_m,ocu_isco08_3,geo_cov_rur,2014,39.64
esp,sex_m,ocu_isco08_3,geo_cov_rur,2015,39.46
esp,sex_m,ocu_isco08_3,geo_cov_rur,2016,39.51
esp,sex_m,ocu_isco08_3,geo_cov_rur,2017,38.92
esp,sex_m,ocu_isco08_3,geo_cov_rur,2018,38.85
esp,sex_m,ocu_isco08_3,geo_cov_rur,2019,40.23
esp,sex_m,ocu_isco08_3,geo_cov_rur,2020,36.35
esp,sex_m,ocu_isco08_3,geo_cov_rur,2021,38.85
esp,sex_m,ocu_isco08_3,geo_cov_rur,2022,36.95
esp,sex_m,ocu_isco08_3,geo_cov_rur,2023,36.76
esp,sex_m,ocu_isco08_3,geo_cov_urb,2011,39.42
esp,sex_m,ocu_isco08_3,geo_cov_urb,2012,38.89
esp,sex_m,ocu_isco08_3,geo_cov_urb,2013,39.44
esp,sex_m,ocu_isco08_3,geo_cov_urb,2014,39.35
esp,sex_m,ocu_isco08_3,geo_cov_urb,2015,39.66
esp,sex_m,ocu_isco08_3,geo_cov_urb,2016,38.61
esp,sex_m,ocu_isco08_3,geo_cov_urb,2017,38.4
esp,sex_m,ocu_isco08_3,geo_cov_urb,2018,39.2
esp,sex_m,ocu_isco08_3,geo_cov_urb,2019,38.78
esp,sex_m,ocu_isco08_3,geo_cov_urb,2020,37.12
esp,sex_m,ocu_isco08_3,geo_cov_urb,2021,37.91
esp,sex_m,ocu_isco08_3,geo_cov_urb,2022,37.77
esp,sex_m,ocu_isco08_3,geo_cov_urb,2023,37.76
esp,sex_m,ocu_isco08_4,geo_cov_nat,2011,38.57
esp,sex_m,ocu_isco08_4,geo_cov_nat,2012,37.35
esp,sex_m,ocu_isco08_4,geo_cov_nat,2013,38.08
esp,sex_m,ocu_isco08_4,geo_cov_nat,2014,37.63
esp,sex_m,ocu_isco08_4,geo_cov_nat,2015,37.48
esp,sex_m,ocu_isco08_4,geo_cov_nat,2016,37.62
esp,sex_m,ocu_isco08_4,geo_cov_nat,2017,37.3
esp,sex_m,ocu_isco08_4,geo_cov_nat,2018,37.64
esp,sex_m,ocu_isco08_4,geo_cov_nat,2019,36.8
esp,sex_m,ocu_isco08_4,geo_cov_nat,2020,36.52
esp,sex_m,ocu_isco08_4,geo_cov_nat,2021,36.4
esp,sex_m,ocu_isco08_4,geo_cov_nat,2022,36.26
esp,sex_m,ocu_isco08_4,geo_cov_nat,2023,35.98
esp,sex_m,ocu_isco08_4,geo_cov_rur,2011,38.6
esp,sex_m,ocu_isco08_4,geo_cov_rur,2012,37.58
esp,sex_m,ocu_isco08_4,geo_cov_rur,2013,37.72
esp,sex_m,ocu_isco08_4,geo_cov_rur,2014,37.39
esp,sex_m,ocu_isco08_4,geo_cov_rur,2015,36.23
esp,sex_m,ocu_isco08_4,geo_cov_rur,2016,38.05
esp,sex_m,ocu_isco08_4,geo_cov_rur,2017,36.23
esp,sex_m,ocu_isco08_4,geo_cov_rur,2018,37.74
esp,sex_m,ocu_isco08_4,geo_cov_rur,2019,37.37
esp,sex_m,ocu_isco08_4,geo_cov_rur,2020,37.48
esp,sex_m,ocu_isco08_4,geo_cov_rur,2021,36.51
esp,sex_m,ocu_isco08_4,geo_cov_rur,2022,36.19
esp,sex_m,ocu_isco08_4,geo_cov_rur,2023,36.19
esp,sex_m,ocu_isco08_4,geo_cov_urb,2011,38.56
esp,sex_m,ocu_isco08_4,geo_cov_urb,2012,37.3
esp,sex_m,ocu_isco08_4,geo_cov_urb,2013,38.16
esp,sex_m,ocu_isco08_4,geo_cov_urb,2014,37.68
esp,sex_m,ocu_isco08_4,geo_cov_urb,2015,37.75
esp,sex_m,ocu_isco08_4,geo_cov_urb,2016,37.51
esp,sex_m,ocu_isco08_4,geo_cov_urb,2017,37.41
esp,sex_m,ocu_isco08_4,geo_cov_urb,2018,37.63
esp,sex_m,ocu_isco08_4,geo_cov_urb,2019,36.75
esp,sex_m,ocu_isco08_4,geo_cov_urb,2020,36.43
esp,sex_m,ocu_isco08_4,geo_cov_urb,2021,36.39
esp,sex_m,ocu_isco08_4,geo_cov_urb,2022,36.26
esp,sex_m,ocu_isco08_4,geo_cov_urb,2023,35.96
esp,sex_m,ocu_isco08_5,geo_cov_nat,2011,41.18
esp,sex_m,ocu_isco08_5,geo_cov_nat,2012,41.38
esp,sex_m,ocu_isco08_5,geo_cov_nat,2013,41.08
esp,sex_m,ocu_isco08_5,geo_cov_nat,2014,40.9
esp,sex_m,ocu_isco08_5,geo_cov_nat,2015,40.45
esp,sex_m,ocu_isco08_5,geo_cov_nat,2016,40.42
esp,sex_m,ocu_isco08_5,geo_cov_nat,2017,39.81
esp,sex_m,ocu_isco08_5,geo_cov_nat,2018,40.12
esp,sex_m,ocu_isco08_5,geo_cov_nat,2019,39.61
esp,sex_m,ocu_isco08_5,geo_cov_nat,2020,38.9
esp,sex_m,ocu_isco08_5,geo_cov_nat,2021,38.09
esp,sex_m,ocu_isco08_5,geo_cov_nat,2022,39.62
esp,sex_m,ocu_isco08_5,geo_cov_nat,2023,38.84
esp,sex_m,ocu_isco08_5,geo_cov_rur,2011,42.36
esp,sex_m,ocu_isco08_5,geo_cov_rur,2012,42.5
esp,sex_m,ocu_isco08_5,geo_cov_rur,2013,42.58
esp,sex_m,ocu_isco08_5,geo_cov_rur,2014,41.81
esp,sex_m,ocu_isco08_5,geo_cov_rur,2015,41.65
esp,sex_m,ocu_isco08_5,geo_cov_rur,2016,41.8
esp,sex_m,ocu_isco08_5,geo_cov_rur,2017,39.5
esp,sex_m,ocu_isco08_5,geo_cov_rur,2018,41.21
esp,sex_m,ocu_isco08_5,geo_cov_rur,2019,41.3
esp,sex_m,ocu_isco08_5,geo_cov_rur,2020,41.98
esp,sex_m,ocu_isco08_5,geo_cov_rur,2021,39.08
esp,sex_m,ocu_isco08_5,geo_cov_rur,2022,40.69
esp,sex_m,ocu_isco08_5,geo_cov_rur,2023,39.72
esp,sex_m,ocu_isco08_5,geo_cov_urb,2011,40.86
esp,sex_m,ocu_isco08_5,geo_cov_urb,2012,41.06
esp,sex_m,ocu_isco08_5,geo_cov_urb,2013,40.64
esp,sex_m,ocu_isco08_5,geo_cov_urb,2014,40.65
esp,sex_m,ocu_isco08_5,geo_cov_urb,2015,40.1
esp,sex_m,ocu_isco08_5,geo_cov_urb,2016,40.03
esp,sex_m,ocu_isco08_5,geo_cov_urb,2017,39.84
esp,sex_m,ocu_isco08_5,geo_cov_urb,2018,39.99
esp,sex_m,ocu_isco08_5,geo_cov_urb,2019,39.42
esp,sex_m,ocu_isco08_5,geo_cov_urb,2020,38.51
esp,sex_m,ocu_isco08_5,geo_cov_urb,2021,37.97
esp,sex_m,ocu_isco08_5,geo_cov_urb,2022,39.49
esp,sex_m,ocu_isco08_5,geo_cov_urb,2023,38.74
esp,sex_m,ocu_isco08_6,geo_cov_nat,2011,46.71
esp,sex_m,ocu_isco08_6,geo_cov_nat,2012,46.02
esp,sex_m,ocu_isco08_6,geo_cov_nat,2013,46.68
esp,sex_m,ocu_isco08_6,geo_cov_nat,2014,47.11
esp,sex_m,ocu_isco08_6,geo_cov_nat,2015,44.23
esp,sex_m,ocu_isco08_6,geo_cov_nat,2016,44.71
esp,sex_m,ocu_isco08_6,geo_cov_nat,2017,45.04
esp,sex_m,ocu_isco08_6,geo_cov_nat,2018,45.49
esp,sex_m,ocu_isco08_6,geo_cov_nat,2019,45.66
esp,sex_m,ocu_isco08_6,geo_cov_nat,2020,44.96
esp,sex_m,ocu_isco08_6,geo_cov_nat,2021,42.99
esp,sex_m,ocu_isco08_6,geo_cov_nat,2022,44.6
esp,sex_m,ocu_isco08_6,geo_cov_nat,2023,44.58
esp,sex_m,ocu_isco08_6,geo_cov_rur,2011,50.15
esp,sex_m,ocu_isco08_6,geo_cov_rur,2012,47.96
esp,sex_m,ocu_isco08_6,geo_cov_rur,2013,49.7
esp,sex_m,ocu_isco08_6,geo_cov_rur,2014,48.45
esp,sex_m,ocu_isco08_6,geo_cov_rur,2015,46.92
esp,sex_m,ocu_isco08_6,geo_cov_rur,2016,48.14
esp,sex_m,ocu_isco08_6,geo_cov_rur,2017,49.51
esp,sex_m,ocu_isco08_6,geo_cov_rur,2018,49.19
esp,sex_m,ocu_isco08_6,geo_cov_rur,2019,51.99
esp,sex_m,ocu_isco08_6,geo_cov_rur,2020,48.5
esp,sex_m,ocu_isco08_6,geo_cov_rur,2021,47.98
esp,sex_m,ocu_isco08_6,geo_cov_rur,2022,48.14
esp,sex_m,ocu_isco08_6,geo_cov_rur,2023,49.37
esp,sex_m,ocu_isco08_6,geo_cov_urb,2011,41.17
esp,sex_m,ocu_isco08_6,geo_cov_urb,2012,42.09
esp,sex_m,ocu_isco08_6,geo_cov_urb,2013,42.26
esp,sex_m,ocu_isco08_6,geo_cov_urb,2014,44.69
esp,sex_m,ocu_isco08_6,geo_cov_urb,2015,39.62
esp,sex_m,ocu_isco08_6,geo_cov_urb,2016,39
esp,sex_m,ocu_isco08_6,geo_cov_urb,2017,41.54
esp,sex_m,ocu_isco08_6,geo_cov_urb,2018,42.56
esp,sex_m,ocu_isco08_6,geo_cov_urb,2019,41.56
esp,sex_m,ocu_isco08_6,geo_cov_urb,2020,42.58
esp,sex_m,ocu_isco08_6,geo_cov_urb,2021,40.09
esp,sex_m,ocu_isco08_6,geo_cov_urb,2022,41.58
esp,sex_m,ocu_isco08_6,geo_cov_urb,2023,41.14
esp,sex_m,ocu_isco08_7,geo_cov_nat,2011,39.65
esp,sex_m,ocu_isco08_7,geo_cov_nat,2012,39.51
esp,sex_m,ocu_isco08_7,geo_cov_nat,2013,39.76
esp,sex_m,ocu_isco08_7,geo_cov_nat,2014,39.75
esp,sex_m,ocu_isco08_7,geo_cov_nat,2015,40.11
esp,sex_m,ocu_isco08_7,geo_cov_nat,2016,39.76
esp,sex_m,ocu_isco08_7,geo_cov_nat,2017,40.01
esp,sex_m,ocu_isco08_7,geo_cov_nat,2018,40.53
esp,sex_m,ocu_isco08_7,geo_cov_nat,2019,40.24
esp,sex_m,ocu_isco08_7,geo_cov_nat,2020,38.81
esp,sex_m,ocu_isco08_7,geo_cov_nat,2021,39.2
esp,sex_m,ocu_isco08_7,geo_cov_nat,2022,38.9
esp,sex_m,ocu_isco08_7,geo_cov_nat,2023,38.56
esp,sex_m,ocu_isco08_7,geo_cov_rur,2011,40.15
esp,sex_m,ocu_isco08_7,geo_cov_rur,2012,39.99
esp,sex_m,ocu_isco08_7,geo_cov_rur,2013,40.03
esp,sex_m,ocu_isco08_7,geo_cov_rur,2014,40.54
esp,sex_m,ocu_isco08_7,geo_cov_rur,2015,41.07
esp,sex_m,ocu_isco08_7,geo_cov_rur,2016,40.44
esp,sex_m,ocu_isco08_7,geo_cov_rur,2017,40.43
esp,sex_m,ocu_isco08_7,geo_cov_rur,2018,40.95
esp,sex_m,ocu_isco08_7,geo_cov_rur,2019,41.29
esp,sex_m,ocu_isco08_7,geo_cov_rur,2020,39.51
esp,sex_m,ocu_isco08_7,geo_cov_rur,2021,39.18
esp,sex_m,ocu_isco08_7,geo_cov_rur,2022,38.88
esp,sex_m,ocu_isco08_7,geo_cov_rur,2023,39.2
esp,sex_m,ocu_isco08_7,geo_cov_urb,2011,39.44
esp,sex_m,ocu_isco08_7,geo_cov_urb,2012,39.29
esp,sex_m,ocu_isco08_7,geo_cov_urb,2013,39.63
esp,sex_m,ocu_isco08_7,geo_cov_urb,2014,39.4
esp,sex_m,ocu_isco08_7,geo_cov_urb,2015,39.68
esp,sex_m,ocu_isco08_7,geo_cov_urb,2016,39.47
esp,sex_m,ocu_isco08_7,geo_cov_urb,2017,39.93
esp,sex_m,ocu_isco08_7,geo_cov_urb,2018,40.46
esp,sex_m,ocu_isco08_7,geo_cov_urb,2019,40.05
esp,sex_m,ocu_isco08_7,geo_cov_urb,2020,38.68
esp,sex_m,ocu_isco08_7,geo_cov_urb,2021,39.2
esp,sex_m,ocu_isco08_7,geo_cov_urb,2022,38.91
esp,sex_m,ocu_isco08_7,geo_cov_urb,2023,38.43
esp,sex_m,ocu_isco08_8,geo_cov_nat,2011,40.53
esp,sex_m,ocu_isco08_8,geo_cov_nat,2012,40.25
esp,sex_m,ocu_isco08_8,geo_cov_nat,2013,40.76
esp,sex_m,ocu_isco08_8,geo_cov_nat,2014,41.11
esp,sex_m,ocu_isco08_8,geo_cov_nat,2015,41.02
esp,sex_m,ocu_isco08_8,geo_cov_nat,2016,41
esp,sex_m,ocu_isco08_8,geo_cov_nat,2017,40.38
esp,sex_m,ocu_isco08_8,geo_cov_nat,2018,41.35
esp,sex_m,ocu_isco08_8,geo_cov_nat,2019,40.69
esp,sex_m,ocu_isco08_8,geo_cov_nat,2020,39.04
esp,sex_m,ocu_isco08_8,geo_cov_nat,2021,39.08
esp,sex_m,ocu_isco08_8,geo_cov_nat,2022,39.58
esp,sex_m,ocu_isco08_8,geo_cov_nat,2023,40.12
esp,sex_m,ocu_isco08_8,geo_cov_rur,2011,41.2
esp,sex_m,ocu_isco08_8,geo_cov_rur,2012,39.96
esp,sex_m,ocu_isco08_8,geo_cov_rur,2013,40.2
esp,sex_m,ocu_isco08_8,geo_cov_rur,2014,40.4
esp,sex_m,ocu_isco08_8,geo_cov_rur,2015,40.39
esp,sex_m,ocu_isco08_8,geo_cov_rur,2016,41.12
esp,sex_m,ocu_isco08_8,geo_cov_rur,2017,39.56
esp,sex_m,ocu_isco08_8,geo_cov_rur,2018,40.7
esp,sex_m,ocu_isco08_8,geo_cov_rur,2019,41.27
esp,sex_m,ocu_isco08_8,geo_cov_rur,2020,38.87
esp,sex_m,ocu_isco08_8,geo_cov_rur,2021,39.1
esp,sex_m,ocu_isco08_8,geo_cov_rur,2022,39.22
esp,sex_m,ocu_isco08_8,geo_cov_rur,2023,40.08
esp,sex_m,ocu_isco08_8,geo_cov_urb,2011,40.29
esp,sex_m,ocu_isco08_8,geo_cov_urb,2012,40.38
esp,sex_m,ocu_isco08_8,geo_cov_urb,2013,41
esp,sex_m,ocu_isco08_8,geo_cov_urb,2014,41.41
esp,sex_m,ocu_isco08_8,geo_cov_urb,2015,41.27
esp,sex_m,ocu_isco08_8,geo_cov_urb,2016,40.94
esp,sex_m,ocu_isco08_8,geo_cov_urb,2017,40.53
esp,sex_m,ocu_isco08_8,geo_cov_urb,2018,41.47
esp,sex_m,ocu_isco08_8,geo_cov_urb,2019,40.58
esp,sex_m,ocu_isco08_8,geo_cov_urb,2020,39.08
esp,sex_m,ocu_isco08_8,geo_cov_urb,2021,39.07
esp,sex_m,ocu_isco08_8,geo_cov_urb,2022,39.65
esp,sex_m,ocu_isco08_8,geo_cov_urb,2023,40.13
esp,sex_m,ocu_isco08_9,geo_cov_nat,2011,36.98
esp,sex_m,ocu_isco08_9,geo_cov_nat,2012,35.36
esp,sex_m,ocu_isco08_9,geo_cov_nat,2013,35.09
esp,sex_m,ocu_isco08_9,geo_cov_nat,2014,36.16
esp,sex_m,ocu_isco08_9,geo_cov_nat,2015,36.48
esp,sex_m,ocu_isco08_9,geo_cov_nat,2016,36.62
esp,sex_m,ocu_isco08_9,geo_cov_nat,2017,36.29
esp,sex_m,ocu_isco08_9,geo_cov_nat,2018,37.03
esp,sex_m,ocu_isco08_9,geo_cov_nat,2019,37.36
esp,sex_m,ocu_isco08_9,geo_cov_nat,2020,36.24
esp,sex_m,ocu_isco08_9,geo_cov_nat,2021,35.87
esp,sex_m,ocu_isco08_9,geo_cov_nat,2022,36.41
esp,sex_m,ocu_isco08_9,geo_cov_nat,2023,35.74
esp,sex_m,ocu_isco08_9,geo_cov_rur,2011,37.59
esp,sex_m,ocu_isco08_9,geo_cov_rur,2012,35.35
esp,sex_m,ocu_isco08_9,geo_cov_rur,2013,36.16
esp,sex_m,ocu_isco08_9,geo_cov_rur,2014,35.83
esp,sex_m,ocu_isco08_9,geo_cov_rur,2015,37.82
esp,sex_m,ocu_isco08_9,geo_cov_rur,2016,36.43
esp,sex_m,ocu_isco08_9,geo_cov_rur,2017,37.29
esp,sex_m,ocu_isco08_9,geo_cov_rur,2018,37.84
esp,sex_m,ocu_isco08_9,geo_cov_rur,2019,38.86
esp,sex_m,ocu_isco08_9,geo_cov_rur,2020,36.88
esp,sex_m,ocu_isco08_9,geo_cov_rur,2021,36.54
esp,sex_m,ocu_isco08_9,geo_cov_rur,2022,36.64
esp,sex_m,ocu_isco08_9,geo_cov_rur,2023,37.51
esp,sex_m,ocu_isco08_9,geo_cov_urb,2011,36.67
esp,sex_m,ocu_isco08_9,geo_cov_urb,2012,35.36
esp,sex_m,ocu_isco08_9,geo_cov_urb,2013,34.51
esp,sex_m,ocu_isco08_9,geo_cov_urb,2014,36.36
esp,sex_m,ocu_isco08_9,geo_cov_urb,2015,35.7
esp,sex_m,ocu_isco08_9,geo_cov_urb,2016,36.73
esp,sex_m,ocu_isco08_9,geo_cov_urb,2017,36.08
esp,sex_m,ocu_isco08_9,geo_cov_urb,2018,36.88
esp,sex_m,ocu_isco08_9,geo_cov_urb,2019,37.05
esp,sex_m,ocu_isco08_9,geo_cov_urb,2020,36.08
esp,sex_m,ocu_isco08_9,geo_cov_urb,2021,35.73
esp,sex_m,ocu_isco08_9,geo_cov_urb,2022,36.37
esp,sex_m,ocu_isco08_9,geo_cov_urb,2023,35.44
esp,sex_m,ocu_isco08_total,geo_cov_nat,2011,40.17
esp,sex_m,ocu_isco08_total,geo_cov_nat,2012,39.89
esp,sex_m,ocu_isco08_total,geo_cov_nat,2013,40
esp,sex_m,ocu_isco08_total,geo_cov_nat,2014,40.15
esp,sex_m,ocu_isco08_total,geo_cov_nat,2015,39.93
esp,sex_m,ocu_isco08_total,geo_cov_nat,2016,39.68
esp,sex_m,ocu_isco08_total,geo_cov_nat,2017,39.35
esp,sex_m,ocu_isco08_total,geo_cov_nat,2018,39.84
esp,sex_m,ocu_isco08_total,geo_cov_nat,2019,39.47
esp,sex_m,ocu_isco08_total,geo_cov_nat,2020,38.44
esp,sex_m,ocu_isco08_total,geo_cov_nat,2021,38.44
esp,sex_m,ocu_isco08_total,geo_cov_nat,2022,38.66
esp,sex_m,ocu_isco08_total,geo_cov_nat,2023,38.36
esp,sex_m,ocu_isco08_total,geo_cov_rur,2011,41.26
esp,sex_m,ocu_isco08_total,geo_cov_rur,2012,40.44
esp,sex_m,ocu_isco08_total,geo_cov_rur,2013,40.71
esp,sex_m,ocu_isco08_total,geo_cov_rur,2014,40.7
esp,sex_m,ocu_isco08_total,geo_cov_rur,2015,40.7
esp,sex_m,ocu_isco08_total,geo_cov_rur,2016,40.47
esp,sex_m,ocu_isco08_total,geo_cov_rur,2017,40.33
esp,sex_m,ocu_isco08_total,geo_cov_rur,2018,40.96
esp,sex_m,ocu_isco08_total,geo_cov_rur,2019,41.38
esp,sex_m,ocu_isco08_total,geo_cov_rur,2020,39.75
esp,sex_m,ocu_isco08_total,geo_cov_rur,2021,39.54
esp,sex_m,ocu_isco08_total,geo_cov_rur,2022,39.78
esp,sex_m,ocu_isco08_total,geo_cov_rur,2023,39.84
esp,sex_m,ocu_isco08_total,geo_cov_urb,2011,39.82
esp,sex_m,ocu_isco08_total,geo_cov_urb,2012,39.7
esp,sex_m,ocu_isco08_total,geo_cov_urb,2013,39.77
esp,sex_m,ocu_isco08_total,geo_cov_urb,2014,39.97
esp,sex_m,ocu_isco08_total,geo_cov_urb,2015,39.68
esp,sex_m,ocu_isco08_total,geo_cov_urb,2016,39.4
esp,sex_m,ocu_isco08_total,geo_cov_urb,2017,39.21
esp,sex_m,ocu_isco08_total,geo_cov_urb,2018,39.68
esp,sex_m,ocu_isco08_total,geo_cov_urb,2019,39.19
esp,sex_m,ocu_isco08_total,geo_cov_urb,2020,38.24
esp,sex_m,ocu_isco08_total,geo_cov_urb,2021,38.28
esp,sex_m,ocu_isco08_total,geo_cov_urb,2022,38.48
esp,sex_m,ocu_isco08_total,geo_cov_urb,2023,38.15
esp,sex_m,ocu_isco88_0,geo_cov_nat,1992,41.82
esp,sex_m,ocu_isco88_0,geo_cov_nat,1993,40.69
esp,sex_m,ocu_isco88_0,geo_cov_nat,1994,41.45
esp,sex_m,ocu_isco88_0,geo_cov_nat,1995,39.43
esp,sex_m,ocu_isco88_0,geo_cov_nat,1996,38.72
esp,sex_m,ocu_isco88_0,geo_cov_nat,1997,40.55
esp,sex_m,ocu_isco88_0,geo_cov_nat,1998,39.38
esp,sex_m,ocu_isco88_0,geo_cov_nat,1999,40.58
esp,sex_m,ocu_isco88_0,geo_cov_nat,2000,39.82
esp,sex_m,ocu_isco88_0,geo_cov_nat,2001,38.28
esp,sex_m,ocu_isco88_0,geo_cov_nat,2002,39.71
esp,sex_m,ocu_isco88_0,geo_cov_nat,2003,39.18
esp,sex_m,ocu_isco88_0,geo_cov_nat,2004,38.73
esp,sex_m,ocu_isco88_0,geo_cov_nat,2005,39.25
esp,sex_m,ocu_isco88_0,geo_cov_nat,2006,39.41
esp,sex_m,ocu_isco88_0,geo_cov_nat,2007,40.49
esp,sex_m,ocu_isco88_0,geo_cov_nat,2008,40.88
esp,sex_m,ocu_isco88_0,geo_cov_nat,2009,38.28
esp,sex_m,ocu_isco88_0,geo_cov_nat,2010,38.58
esp,sex_m,ocu_isco88_0,geo_cov_rur,1992,46.38
esp,sex_m,ocu_isco88_0,geo_cov_rur,1993,45.02
esp,sex_m,ocu_isco88_0,geo_cov_rur,1994,44.23
esp,sex_m,ocu_isco88_0,geo_cov_rur,1995,42.18
esp,sex_m,ocu_isco88_0,geo_cov_rur,1996,40.91
esp,sex_m,ocu_isco88_0,geo_cov_rur,1997,39.68
esp,sex_m,ocu_isco88_0,geo_cov_rur,1998,39.73
esp,sex_m,ocu_isco88_0,geo_cov_rur,1999,41.02
esp,sex_m,ocu_isco88_0,geo_cov_rur,2000,40.1
esp,sex_m,ocu_isco88_0,geo_cov_rur,2001,39.44
esp,sex_m,ocu_isco88_0,geo_cov_rur,2002,41.93
esp,sex_m,ocu_isco88_0,geo_cov_rur,2003,40.28
esp,sex_m,ocu_isco88_0,geo_cov_rur,2004,38.26
esp,sex_m,ocu_isco88_0,geo_cov_rur,2005,38.27
esp,sex_m,ocu_isco88_0,geo_cov_rur,2006,39.21
esp,sex_m,ocu_isco88_0,geo_cov_rur,2007,39.21
esp,sex_m,ocu_isco88_0,geo_cov_rur,2008,38.88
esp,sex_m,ocu_isco88_0,geo_cov_rur,2009,37.3
esp,sex_m,ocu_isco88_0,geo_cov_rur,2010,38.07
esp,sex_m,ocu_isco88_0,geo_cov_urb,1992,40.53
esp,sex_m,ocu_isco88_0,geo_cov_urb,1993,40.14
esp,sex_m,ocu_isco88_0,geo_cov_urb,1994,41.17
esp,sex_m,ocu_isco88_0,geo_cov_urb,1995,39.03
esp,sex_m,ocu_isco88_0,geo_cov_urb,1996,38.41
esp,sex_m,ocu_isco88_0,geo_cov_urb,1997,40.68
esp,sex_m,ocu_isco88_0,geo_cov_urb,1998,39.33
esp,sex_m,ocu_isco88_0,geo_cov_urb,1999,40.52
esp,sex_m,ocu_isco88_0,geo_cov_urb,2000,39.76
esp,sex_m,ocu_isco88_0,geo_cov_urb,2001,38.01
esp,sex_m,ocu_isco88_0,geo_cov_urb,2002,39.28
esp,sex_m,ocu_isco88_0,geo_cov_urb,2003,39.03
esp,sex_m,ocu_isco88_0,geo_cov_urb,2004,38.82
esp,sex_m,ocu_isco88_0,geo_cov_urb,2005,39.4
esp,sex_m,ocu_isco88_0,geo_cov_urb,2006,39.46
esp,sex_m,ocu_isco88_0,geo_cov_urb,2007,40.74
esp,sex_m,ocu_isco88_0,geo_cov_urb,2008,41.26
esp,sex_m,ocu_isco88_0,geo_cov_urb,2009,38.47
esp,sex_m,ocu_isco88_0,geo_cov_urb,2010,38.68
esp,sex_m,ocu_isco88_1,geo_cov_nat,1992,44.88
esp,sex_m,ocu_isco88_1,geo_cov_nat,1993,46.18
esp,sex_m,ocu_isco88_1,geo_cov_nat,1994,45.32
esp,sex_m,ocu_isco88_1,geo_cov_nat,1995,45.02
esp,sex_m,ocu_isco88_1,geo_cov_nat,1996,45.22
esp,sex_m,ocu_isco88_1,geo_cov_nat,1997,46.15
esp,sex_m,ocu_isco88_1,geo_cov_nat,1998,46.58
esp,sex_m,ocu_isco88_1,geo_cov_nat,1999,47.7
esp,sex_m,ocu_isco88_1,geo_cov_nat,2000,46.74
esp,sex_m,ocu_isco88_1,geo_cov_nat,2001,46.5
esp,sex_m,ocu_isco88_1,geo_cov_nat,2002,46.45
esp,sex_m,ocu_isco88_1,geo_cov_nat,2003,45.65
esp,sex_m,ocu_isco88_1,geo_cov_nat,2004,46.46
esp,sex_m,ocu_isco88_1,geo_cov_nat,2005,47.25
esp,sex_m,ocu_isco88_1,geo_cov_nat,2006,47.79
esp,sex_m,ocu_isco88_1,geo_cov_nat,2007,47.33
esp,sex_m,ocu_isco88_1,geo_cov_nat,2008,47.42
esp,sex_m,ocu_isco88_1,geo_cov_nat,2009,46.97
esp,sex_m,ocu_isco88_1,geo_cov_nat,2010,47.93
esp,sex_m,ocu_isco88_1,geo_cov_rur,1992,46.2
esp,sex_m,ocu_isco88_1,geo_cov_rur,1993,46.51
esp,sex_m,ocu_isco88_1,geo_cov_rur,1994,45.84
esp,sex_m,ocu_isco88_1,geo_cov_rur,1995,45.73
esp,sex_m,ocu_isco88_1,geo_cov_rur,1996,46.29
esp,sex_m,ocu_isco88_1,geo_cov_rur,1997,47.49
esp,sex_m,ocu_isco88_1,geo_cov_rur,1998,47.05
esp,sex_m,ocu_isco88_1,geo_cov_rur,1999,48.51
esp,sex_m,ocu_isco88_1,geo_cov_rur,2000,48.45
esp,sex_m,ocu_isco88_1,geo_cov_rur,2001,48.51
esp,sex_m,ocu_isco88_1,geo_cov_rur,2002,48.32
esp,sex_m,ocu_isco88_1,geo_cov_rur,2003,46.52
esp,sex_m,ocu_isco88_1,geo_cov_rur,2004,47.16
esp,sex_m,ocu_isco88_1,geo_cov_rur,2005,48.84
esp,sex_m,ocu_isco88_1,geo_cov_rur,2006,49.66
esp,sex_m,ocu_isco88_1,geo_cov_rur,2007,48.74
esp,sex_m,ocu_isco88_1,geo_cov_rur,2008,49.01
esp,sex_m,ocu_isco88_1,geo_cov_rur,2009,47.9
esp,sex_m,ocu_isco88_1,geo_cov_rur,2010,49.23
esp,sex_m,ocu_isco88_1,geo_cov_urb,1992,44.38
esp,sex_m,ocu_isco88_1,geo_cov_urb,1993,46.03
esp,sex_m,ocu_isco88_1,geo_cov_urb,1994,45.12
esp,sex_m,ocu_isco88_1,geo_cov_urb,1995,44.77
esp,sex_m,ocu_isco88_1,geo_cov_urb,1996,44.84
esp,sex_m,ocu_isco88_1,geo_cov_urb,1997,45.64
esp,sex_m,ocu_isco88_1,geo_cov_urb,1998,46.41
esp,sex_m,ocu_isco88_1,geo_cov_urb,1999,47.4
esp,sex_m,ocu_isco88_1,geo_cov_urb,2000,46.1
esp,sex_m,ocu_isco88_1,geo_cov_urb,2001,45.75
esp,sex_m,ocu_isco88_1,geo_cov_urb,2002,45.78
esp,sex_m,ocu_isco88_1,geo_cov_urb,2003,45.33
esp,sex_m,ocu_isco88_1,geo_cov_urb,2004,46.2
esp,sex_m,ocu_isco88_1,geo_cov_urb,2005,46.71
esp,sex_m,ocu_isco88_1,geo_cov_urb,2006,47.2
esp,sex_m,ocu_isco88_1,geo_cov_urb,2007,46.88
esp,sex_m,ocu_isco88_1,geo_cov_urb,2008,46.93
esp,sex_m,ocu_isco88_1,geo_cov_urb,2009,46.68
esp,sex_m,ocu_isco88_1,geo_cov_urb,2010,47.53
esp,sex_m,ocu_isco88_2,geo_cov_nat,1992,36.12
esp,sex_m,ocu_isco88_2,geo_cov_nat,1993,37.36
esp,sex_m,ocu_isco88_2,geo_cov_nat,1994,36.64
esp,sex_m,ocu_isco88_2,geo_cov_nat,1995,36.33
esp,sex_m,ocu_isco88_2,geo_cov_nat,1996,36.33
esp,sex_m,ocu_isco88_2,geo_cov_nat,1997,36.42
esp,sex_m,ocu_isco88_2,geo_cov_nat,1998,36.82
esp,sex_m,ocu_isco88_2,geo_cov_nat,1999,38.18
esp,sex_m,ocu_isco88_2,geo_cov_nat,2000,37.27
esp,sex_m,ocu_isco88_2,geo_cov_nat,2001,37.09
esp,sex_m,ocu_isco88_2,geo_cov_nat,2002,37.31
esp,sex_m,ocu_isco88_2,geo_cov_nat,2003,36.66
esp,sex_m,ocu_isco88_2,geo_cov_nat,2004,37.63
esp,sex_m,ocu_isco88_2,geo_cov_nat,2005,38.59
esp,sex_m,ocu_isco88_2,geo_cov_nat,2006,38.89
esp,sex_m,ocu_isco88_2,geo_cov_nat,2007,38.61
esp,sex_m,ocu_isco88_2,geo_cov_nat,2008,38.56
esp,sex_m,ocu_isco88_2,geo_cov_nat,2009,39.53
esp,sex_m,ocu_isco88_2,geo_cov_nat,2010,38.52
esp,sex_m,ocu_isco88_2,geo_cov_rur,1992,36.62
esp,sex_m,ocu_isco88_2,geo_cov_rur,1993,36.83
esp,sex_m,ocu_isco88_2,geo_cov_rur,1994,36.58
esp,sex_m,ocu_isco88_2,geo_cov_rur,1995,36.65
esp,sex_m,ocu_isco88_2,geo_cov_rur,1996,36.66
esp,sex_m,ocu_isco88_2,geo_cov_rur,1997,36.31
esp,sex_m,ocu_isco88_2,geo_cov_rur,1998,36.14
esp,sex_m,ocu_isco88_2,geo_cov_rur,1999,37.77
esp,sex_m,ocu_isco88_2,geo_cov_rur,2000,37.25
esp,sex_m,ocu_isco88_2,geo_cov_rur,2001,37.07
esp,sex_m,ocu_isco88_2,geo_cov_rur,2002,37.29
esp,sex_m,ocu_isco88_2,geo_cov_rur,2003,37.06
esp,sex_m,ocu_isco88_2,geo_cov_rur,2004,36.72
esp,sex_m,ocu_isco88_2,geo_cov_rur,2005,37.82
esp,sex_m,ocu_isco88_2,geo_cov_rur,2006,38.09
esp,sex_m,ocu_isco88_2,geo_cov_rur,2007,37.4
esp,sex_m,ocu_isco88_2,geo_cov_rur,2008,36.45
esp,sex_m,ocu_isco88_2,geo_cov_rur,2009,38.72
esp,sex_m,ocu_isco88_2,geo_cov_rur,2010,37.55
esp,sex_m,ocu_isco88_2,geo_cov_urb,1992,36.01
esp,sex_m,ocu_isco88_2,geo_cov_urb,1993,37.45
esp,sex_m,ocu_isco88_2,geo_cov_urb,1994,36.65
esp,sex_m,ocu_isco88_2,geo_cov_urb,1995,36.28
esp,sex_m,ocu_isco88_2,geo_cov_urb,1996,36.27
esp,sex_m,ocu_isco88_2,geo_cov_urb,1997,36.44
esp,sex_m,ocu_isco88_2,geo_cov_urb,1998,36.93
esp,sex_m,ocu_isco88_2,geo_cov_urb,1999,38.25
esp,sex_m,ocu_isco88_2,geo_cov_urb,2000,37.28
esp,sex_m,ocu_isco88_2,geo_cov_urb,2001,37.09
esp,sex_m,ocu_isco88_2,geo_cov_urb,2002,37.32
esp,sex_m,ocu_isco88_2,geo_cov_urb,2003,36.58
esp,sex_m,ocu_isco88_2,geo_cov_urb,2004,37.78
esp,sex_m,ocu_isco88_2,geo_cov_urb,2005,38.72
esp,sex_m,ocu_isco88_2,geo_cov_urb,2006,39.02
esp,sex_m,ocu_isco88_2,geo_cov_urb,2007,38.78
esp,sex_m,ocu_isco88_2,geo_cov_urb,2008,38.85
esp,sex_m,ocu_isco88_2,geo_cov_urb,2009,39.66
esp,sex_m,ocu_isco88_2,geo_cov_urb,2010,38.67
esp,sex_m,ocu_isco88_3,geo_cov_nat,1992,39.12
esp,sex_m,ocu_isco88_3,geo_cov_nat,1993,39.58
esp,sex_m,ocu_isco88_3,geo_cov_nat,1994,39.49
esp,sex_m,ocu_isco88_3,geo_cov_nat,1995,38.27
esp,sex_m,ocu_isco88_3,geo_cov_nat,1996,38.34
esp,sex_m,ocu_isco88_3,geo_cov_nat,1997,38.76
esp,sex_m,ocu_isco88_3,geo_cov_nat,1998,38.65
esp,sex_m,ocu_isco88_3,geo_cov_nat,1999,40.3
esp,sex_m,ocu_isco88_3,geo_cov_nat,2000,38.69
esp,sex_m,ocu_isco88_3,geo_cov_nat,2001,38.76
esp,sex_m,ocu_isco88_3,geo_cov_nat,2002,39.57
esp,sex_m,ocu_isco88_3,geo_cov_nat,2003,38.48
esp,sex_m,ocu_isco88_3,geo_cov_nat,2004,39.14
esp,sex_m,ocu_isco88_3,geo_cov_nat,2005,39.44
esp,sex_m,ocu_isco88_3,geo_cov_nat,2006,39.39
esp,sex_m,ocu_isco88_3,geo_cov_nat,2007,39.71
esp,sex_m,ocu_isco88_3,geo_cov_nat,2008,39.36
esp,sex_m,ocu_isco88_3,geo_cov_nat,2009,38.77
esp,sex_m,ocu_isco88_3,geo_cov_nat,2010,38.98
esp,sex_m,ocu_isco88_3,geo_cov_rur,1992,40
esp,sex_m,ocu_isco88_3,geo_cov_rur,1993,40.45
esp,sex_m,ocu_isco88_3,geo_cov_rur,1994,39.79
esp,sex_m,ocu_isco88_3,geo_cov_rur,1995,39.62
esp,sex_m,ocu_isco88_3,geo_cov_rur,1996,39.6
esp,sex_m,ocu_isco88_3,geo_cov_rur,1997,39
esp,sex_m,ocu_isco88_3,geo_cov_rur,1998,38.85
esp,sex_m,ocu_isco88_3,geo_cov_rur,1999,40.57
esp,sex_m,ocu_isco88_3,geo_cov_rur,2000,39.49
esp,sex_m,ocu_isco88_3,geo_cov_rur,2001,39.69
esp,sex_m,ocu_isco88_3,geo_cov_rur,2002,40.2
esp,sex_m,ocu_isco88_3,geo_cov_rur,2003,38.72
esp,sex_m,ocu_isco88_3,geo_cov_rur,2004,39.24
esp,sex_m,ocu_isco88_3,geo_cov_rur,2005,39.6
esp,sex_m,ocu_isco88_3,geo_cov_rur,2006,40.93
esp,sex_m,ocu_isco88_3,geo_cov_rur,2007,40.48
esp,sex_m,ocu_isco88_3,geo_cov_rur,2008,40.35
esp,sex_m,ocu_isco88_3,geo_cov_rur,2009,38.82
esp,sex_m,ocu_isco88_3,geo_cov_rur,2010,40.02
esp,sex_m,ocu_isco88_3,geo_cov_urb,1992,38.97
esp,sex_m,ocu_isco88_3,geo_cov_urb,1993,39.43
esp,sex_m,ocu_isco88_3,geo_cov_urb,1994,39.43
esp,sex_m,ocu_isco88_3,geo_cov_urb,1995,38.03
esp,sex_m,ocu_isco88_3,geo_cov_urb,1996,38.12
esp,sex_m,ocu_isco88_3,geo_cov_urb,1997,38.72
esp,sex_m,ocu_isco88_3,geo_cov_urb,1998,38.62
esp,sex_m,ocu_isco88_3,geo_cov_urb,1999,40.25
esp,sex_m,ocu_isco88_3,geo_cov_urb,2000,38.56
esp,sex_m,ocu_isco88_3,geo_cov_urb,2001,38.6
esp,sex_m,ocu_isco88_3,geo_cov_urb,2002,39.45
esp,sex_m,ocu_isco88_3,geo_cov_urb,2003,38.44
esp,sex_m,ocu_isco88_3,geo_cov_urb,2004,39.12
esp,sex_m,ocu_isco88_3,geo_cov_urb,2005,39.41
esp,sex_m,ocu_isco88_3,geo_cov_urb,2006,39.11
esp,sex_m,ocu_isco88_3,geo_cov_urb,2007,39.57
esp,sex_m,ocu_isco88_3,geo_cov_urb,2008,39.18
esp,sex_m,ocu_isco88_3,geo_cov_urb,2009,38.76
esp,sex_m,ocu_isco88_3,geo_cov_urb,2010,38.8
esp,sex_m,ocu_isco88_4,geo_cov_nat,1992,37.45
esp,sex_m,ocu_isco88_4,geo_cov_nat,1993,38.2
esp,sex_m,ocu_isco88_4,geo_cov_nat,1994,37.97
esp,sex_m,ocu_isco88_4,geo_cov_nat,1995,37.42
esp,sex_m,ocu_isco88_4,geo_cov_nat,1996,36.86
esp,sex_m,ocu_isco88_4,geo_cov_nat,1997,37.56
esp,sex_m,ocu_isco88_4,geo_cov_nat,1998,37.41
esp,sex_m,ocu_isco88_4,geo_cov_nat,1999,39.06
esp,sex_m,ocu_isco88_4,geo_cov_nat,2000,37.66
esp,sex_m,ocu_isco88_4,geo_cov_nat,2001,37.52
esp,sex_m,ocu_isco88_4,geo_cov_nat,2002,38.17
esp,sex_m,ocu_isco88_4,geo_cov_nat,2003,37.05
esp,sex_m,ocu_isco88_4,geo_cov_nat,2004,37.93
esp,sex_m,ocu_isco88_4,geo_cov_nat,2005,38.49
esp,sex_m,ocu_isco88_4,geo_cov_nat,2006,39.19
esp,sex_m,ocu_isco88_4,geo_cov_nat,2007,38.64
esp,sex_m,ocu_isco88_4,geo_cov_nat,2008,38.77
esp,sex_m,ocu_isco88_4,geo_cov_nat,2009,37.84
esp,sex_m,ocu_isco88_4,geo_cov_nat,2010,37.59
esp,sex_m,ocu_isco88_4,geo_cov_rur,1992,37.52
esp,sex_m,ocu_isco88_4,geo_cov_rur,1993,38.26
esp,sex_m,ocu_isco88_4,geo_cov_rur,1994,38.1
esp,sex_m,ocu_isco88_4,geo_cov_rur,1995,37.81
esp,sex_m,ocu_isco88_4,geo_cov_rur,1996,37.45
esp,sex_m,ocu_isco88_4,geo_cov_rur,1997,37.62
esp,sex_m,ocu_isco88_4,geo_cov_rur,1998,38.39
esp,sex_m,ocu_isco88_4,geo_cov_rur,1999,39.45
esp,sex_m,ocu_isco88_4,geo_cov_rur,2000,38.32
esp,sex_m,ocu_isco88_4,geo_cov_rur,2001,37.99
esp,sex_m,ocu_isco88_4,geo_cov_rur,2002,39.03
esp,sex_m,ocu_isco88_4,geo_cov_rur,2003,37.82
esp,sex_m,ocu_isco88_4,geo_cov_rur,2004,38.55
esp,sex_m,ocu_isco88_4,geo_cov_rur,2005,38.39
esp,sex_m,ocu_isco88_4,geo_cov_rur,2006,40.32
esp,sex_m,ocu_isco88_4,geo_cov_rur,2007,39.17
esp,sex_m,ocu_isco88_4,geo_cov_rur,2008,39.1
esp,sex_m,ocu_isco88_4,geo_cov_rur,2009,38.73
esp,sex_m,ocu_isco88_4,geo_cov_rur,2010,37.4
esp,sex_m,ocu_isco88_4,geo_cov_urb,1992,37.44
esp,sex_m,ocu_isco88_4,geo_cov_urb,1993,38.18
esp,sex_m,ocu_isco88_4,geo_cov_urb,1994,37.94
esp,sex_m,ocu_isco88_4,geo_cov_urb,1995,37.34
esp,sex_m,ocu_isco88_4,geo_cov_urb,1996,36.73
esp,sex_m,ocu_isco88_4,geo_cov_urb,1997,37.55
esp,sex_m,ocu_isco88_4,geo_cov_urb,1998,37.24
esp,sex_m,ocu_isco88_4,geo_cov_urb,1999,38.98
esp,sex_m,ocu_isco88_4,geo_cov_urb,2000,37.54
esp,sex_m,ocu_isco88_4,geo_cov_urb,2001,37.44
esp,sex_m,ocu_isco88_4,geo_cov_urb,2002,38
esp,sex_m,ocu_isco88_4,geo_cov_urb,2003,36.91
esp,sex_m,ocu_isco88_4,geo_cov_urb,2004,37.81
esp,sex_m,ocu_isco88_4,geo_cov_urb,2005,38.51
esp,sex_m,ocu_isco88_4,geo_cov_urb,2006,38.94
esp,sex_m,ocu_isco88_4,geo_cov_urb,2007,38.53
esp,sex_m,ocu_isco88_4,geo_cov_urb,2008,38.69
esp,sex_m,ocu_isco88_4,geo_cov_urb,2009,37.64
esp,sex_m,ocu_isco88_4,geo_cov_urb,2010,37.62
esp,sex_m,ocu_isco88_5,geo_cov_nat,1992,41.06
esp,sex_m,ocu_isco88_5,geo_cov_nat,1993,41.49
esp,sex_m,ocu_isco88_5,geo_cov_nat,1994,41.91
esp,sex_m,ocu_isco88_5,geo_cov_nat,1995,40.88
esp,sex_m,ocu_isco88_5,geo_cov_nat,1996,40.3
esp,sex_m,ocu_isco88_5,geo_cov_nat,1997,40.62
esp,sex_m,ocu_isco88_5,geo_cov_nat,1998,40.94
esp,sex_m,ocu_isco88_5,geo_cov_nat,1999,41.28
esp,sex_m,ocu_isco88_5,geo_cov_nat,2000,40.48
esp,sex_m,ocu_isco88_5,geo_cov_nat,2001,41.3
esp,sex_m,ocu_isco88_5,geo_cov_nat,2002,40.78
esp,sex_m,ocu_isco88_5,geo_cov_nat,2003,40.08
esp,sex_m,ocu_isco88_5,geo_cov_nat,2004,40.94
esp,sex_m,ocu_isco88_5,geo_cov_nat,2005,41.64
esp,sex_m,ocu_isco88_5,geo_cov_nat,2006,40.95
esp,sex_m,ocu_isco88_5,geo_cov_nat,2007,41.14
esp,sex_m,ocu_isco88_5,geo_cov_nat,2008,40.78
esp,sex_m,ocu_isco88_5,geo_cov_nat,2009,40.73
esp,sex_m,ocu_isco88_5,geo_cov_nat,2010,40.48
esp,sex_m,ocu_isco88_5,geo_cov_rur,1992,41.4
esp,sex_m,ocu_isco88_5,geo_cov_rur,1993,42.56
esp,sex_m,ocu_isco88_5,geo_cov_rur,1994,43.07
esp,sex_m,ocu_isco88_5,geo_cov_rur,1995,41.51
esp,sex_m,ocu_isco88_5,geo_cov_rur,1996,42.06
esp,sex_m,ocu_isco88_5,geo_cov_rur,1997,41.94
esp,sex_m,ocu_isco88_5,geo_cov_rur,1998,42.05
esp,sex_m,ocu_isco88_5,geo_cov_rur,1999,41.81
esp,sex_m,ocu_isco88_5,geo_cov_rur,2000,41.94
esp,sex_m,ocu_isco88_5,geo_cov_rur,2001,42.47
esp,sex_m,ocu_isco88_5,geo_cov_rur,2002,41.25
esp,sex_m,ocu_isco88_5,geo_cov_rur,2003,40.82
esp,sex_m,ocu_isco88_5,geo_cov_rur,2004,42.02
esp,sex_m,ocu_isco88_5,geo_cov_rur,2005,41.46
esp,sex_m,ocu_isco88_5,geo_cov_rur,2006,41.76
esp,sex_m,ocu_isco88_5,geo_cov_rur,2007,41.03
esp,sex_m,ocu_isco88_5,geo_cov_rur,2008,41.3
esp,sex_m,ocu_isco88_5,geo_cov_rur,2009,41.9
esp,sex_m,ocu_isco88_5,geo_cov_rur,2010,40.41
esp,sex_m,ocu_isco88_5,geo_cov_urb,1992,40.96
esp,sex_m,ocu_isco88_5,geo_cov_urb,1993,41.2
esp,sex_m,ocu_isco88_5,geo_cov_urb,1994,41.52
esp,sex_m,ocu_isco88_5,geo_cov_urb,1995,40.69
esp,sex_m,ocu_isco88_5,geo_cov_urb,1996,39.78
esp,sex_m,ocu_isco88_5,geo_cov_urb,1997,40.24
esp,sex_m,ocu_isco88_5,geo_cov_urb,1998,40.62
esp,sex_m,ocu_isco88_5,geo_cov_urb,1999,41.13
esp,sex_m,ocu_isco88_5,geo_cov_urb,2000,40.04
esp,sex_m,ocu_isco88_5,geo_cov_urb,2001,40.98
esp,sex_m,ocu_isco88_5,geo_cov_urb,2002,40.64
esp,sex_m,ocu_isco88_5,geo_cov_urb,2003,39.87
esp,sex_m,ocu_isco88_5,geo_cov_urb,2004,40.64
esp,sex_m,ocu_isco88_5,geo_cov_urb,2005,41.69
esp,sex_m,ocu_isco88_5,geo_cov_urb,2006,40.75
esp,sex_m,ocu_isco88_5,geo_cov_urb,2007,41.17
esp,sex_m,ocu_isco88_5,geo_cov_urb,2008,40.67
esp,sex_m,ocu_isco88_5,geo_cov_urb,2009,40.36
esp,sex_m,ocu_isco88_5,geo_cov_urb,2010,40.49
esp,sex_m,ocu_isco88_6,geo_cov_nat,1992,48.47
esp,sex_m,ocu_isco88_6,geo_cov_nat,1993,46.62
esp,sex_m,ocu_isco88_6,geo_cov_nat,1994,47.27
esp,sex_m,ocu_isco88_6,geo_cov_nat,1995,47.15
esp,sex_m,ocu_isco88_6,geo_cov_nat,1996,46.34
esp,sex_m,ocu_isco88_6,geo_cov_nat,1997,47.44
esp,sex_m,ocu_isco88_6,geo_cov_nat,1998,47.54
esp,sex_m,ocu_isco88_6,geo_cov_nat,1999,48.8
esp,sex_m,ocu_isco88_6,geo_cov_nat,2000,47.82
esp,sex_m,ocu_isco88_6,geo_cov_nat,2001,48.54
esp,sex_m,ocu_isco88_6,geo_cov_nat,2002,47.28
esp,sex_m,ocu_isco88_6,geo_cov_nat,2003,45.77
esp,sex_m,ocu_isco88_6,geo_cov_nat,2004,46.31
esp,sex_m,ocu_isco88_6,geo_cov_nat,2005,46.8
esp,sex_m,ocu_isco88_6,geo_cov_nat,2006,47.61
esp,sex_m,ocu_isco88_6,geo_cov_nat,2007,46.42
esp,sex_m,ocu_isco88_6,geo_cov_nat,2008,47.53
esp,sex_m,ocu_isco88_6,geo_cov_nat,2009,47.3
esp,sex_m,ocu_isco88_6,geo_cov_nat,2010,46.97
esp,sex_m,ocu_isco88_6,geo_cov_rur,1992,49.25
esp,sex_m,ocu_isco88_6,geo_cov_rur,1993,47.65
esp,sex_m,ocu_isco88_6,geo_cov_rur,1994,48.14
esp,sex_m,ocu_isco88_6,geo_cov_rur,1995,48.02
esp,sex_m,ocu_isco88_6,geo_cov_rur,1996,47.25
esp,sex_m,ocu_isco88_6,geo_cov_rur,1997,49.18
esp,sex_m,ocu_isco88_6,geo_cov_rur,1998,48.65
esp,sex_m,ocu_isco88_6,geo_cov_rur,1999,50.33
esp,sex_m,ocu_isco88_6,geo_cov_rur,2000,49.03
esp,sex_m,ocu_isco88_6,geo_cov_rur,2001,49.86
esp,sex_m,ocu_isco88_6,geo_cov_rur,2002,49.11
esp,sex_m,ocu_isco88_6,geo_cov_rur,2003,47.53
esp,sex_m,ocu_isco88_6,geo_cov_rur,2004,48.46
esp,sex_m,ocu_isco88_6,geo_cov_rur,2005,49.3
esp,sex_m,ocu_isco88_6,geo_cov_rur,2006,51.06
esp,sex_m,ocu_isco88_6,geo_cov_rur,2007,49.44
esp,sex_m,ocu_isco88_6,geo_cov_rur,2008,50.74
esp,sex_m,ocu_isco88_6,geo_cov_rur,2009,51.07
esp,sex_m,ocu_isco88_6,geo_cov_rur,2010,50.34
esp,sex_m,ocu_isco88_6,geo_cov_urb,1992,46.13
esp,sex_m,ocu_isco88_6,geo_cov_urb,1993,43.84
esp,sex_m,ocu_isco88_6,geo_cov_urb,1994,44.91
esp,sex_m,ocu_isco88_6,geo_cov_urb,1995,44.7
esp,sex_m,ocu_isco88_6,geo_cov_urb,1996,43.8
esp,sex_m,ocu_isco88_6,geo_cov_urb,1997,42.56
esp,sex_m,ocu_isco88_6,geo_cov_urb,1998,44.31
esp,sex_m,ocu_isco88_6,geo_cov_urb,1999,44.83
esp,sex_m,ocu_isco88_6,geo_cov_urb,2000,44.62
esp,sex_m,ocu_isco88_6,geo_cov_urb,2001,45.31
esp,sex_m,ocu_isco88_6,geo_cov_urb,2002,43.22
esp,sex_m,ocu_isco88_6,geo_cov_urb,2003,41.51
esp,sex_m,ocu_isco88_6,geo_cov_urb,2004,41.48
esp,sex_m,ocu_isco88_6,geo_cov_urb,2005,41.42
esp,sex_m,ocu_isco88_6,geo_cov_urb,2006,41.04
esp,sex_m,ocu_isco88_6,geo_cov_urb,2007,40.59
esp,sex_m,ocu_isco88_6,geo_cov_urb,2008,42.2
esp,sex_m,ocu_isco88_6,geo_cov_urb,2009,40.96
esp,sex_m,ocu_isco88_6,geo_cov_urb,2010,40.56
esp,sex_m,ocu_isco88_7,geo_cov_nat,1992,38.22
esp,sex_m,ocu_isco88_7,geo_cov_nat,1993,39.31
esp,sex_m,ocu_isco88_7,geo_cov_nat,1994,38.93
esp,sex_m,ocu_isco88_7,geo_cov_nat,1995,38.58
esp,sex_m,ocu_isco88_7,geo_cov_nat,1996,38.28
esp,sex_m,ocu_isco88_7,geo_cov_nat,1997,38.91
esp,sex_m,ocu_isco88_7,geo_cov_nat,1998,39.11
esp,sex_m,ocu_isco88_7,geo_cov_nat,1999,40.52
esp,sex_m,ocu_isco88_7,geo_cov_nat,2000,39.43
esp,sex_m,ocu_isco88_7,geo_cov_nat,2001,39.16
esp,sex_m,ocu_isco88_7,geo_cov_nat,2002,39.63
esp,sex_m,ocu_isco88_7,geo_cov_nat,2003,38.84
esp,sex_m,ocu_isco88_7,geo_cov_nat,2004,39.85
esp,sex_m,ocu_isco88_7,geo_cov_nat,2005,41.18
esp,sex_m,ocu_isco88_7,geo_cov_nat,2006,41.43
esp,sex_m,ocu_isco88_7,geo_cov_nat,2007,41.29
esp,sex_m,ocu_isco88_7,geo_cov_nat,2008,40.93
esp,sex_m,ocu_isco88_7,geo_cov_nat,2009,40.08
esp,sex_m,ocu_isco88_7,geo_cov_nat,2010,39.9
esp,sex_m,ocu_isco88_7,geo_cov_rur,1992,39.08
esp,sex_m,ocu_isco88_7,geo_cov_rur,1993,39.88
esp,sex_m,ocu_isco88_7,geo_cov_rur,1994,39.47
esp,sex_m,ocu_isco88_7,geo_cov_rur,1995,39.34
esp,sex_m,ocu_isco88_7,geo_cov_rur,1996,38.86
esp,sex_m,ocu_isco88_7,geo_cov_rur,1997,39.6
esp,sex_m,ocu_isco88_7,geo_cov_rur,1998,39.68
esp,sex_m,ocu_isco88_7,geo_cov_rur,1999,40.93
esp,sex_m,ocu_isco88_7,geo_cov_rur,2000,40.16
esp,sex_m,ocu_isco88_7,geo_cov_rur,2001,39.87
esp,sex_m,ocu_isco88_7,geo_cov_rur,2002,40.22
esp,sex_m,ocu_isco88_7,geo_cov_rur,2003,39.73
esp,sex_m,ocu_isco88_7,geo_cov_rur,2004,40.34
esp,sex_m,ocu_isco88_7,geo_cov_rur,2005,41.34
esp,sex_m,ocu_isco88_7,geo_cov_rur,2006,41.89
esp,sex_m,ocu_isco88_7,geo_cov_rur,2007,40.97
esp,sex_m,ocu_isco88_7,geo_cov_rur,2008,41.45
esp,sex_m,ocu_isco88_7,geo_cov_rur,2009,40.34
esp,sex_m,ocu_isco88_7,geo_cov_rur,2010,40.08
esp,sex_m,ocu_isco88_7,geo_cov_urb,1992,37.88
esp,sex_m,ocu_isco88_7,geo_cov_urb,1993,39.06
esp,sex_m,ocu_isco88_7,geo_cov_urb,1994,38.68
esp,sex_m,ocu_isco88_7,geo_cov_urb,1995,38.24
esp,sex_m,ocu_isco88_7,geo_cov_urb,1996,38.02
esp,sex_m,ocu_isco88_7,geo_cov_urb,1997,38.61
esp,sex_m,ocu_isco88_7,geo_cov_urb,1998,38.86
esp,sex_m,ocu_isco88_7,geo_cov_urb,1999,40.35
esp,sex_m,ocu_isco88_7,geo_cov_urb,2000,39.14
esp,sex_m,ocu_isco88_7,geo_cov_urb,2001,38.87
esp,sex_m,ocu_isco88_7,geo_cov_urb,2002,39.38
esp,sex_m,ocu_isco88_7,geo_cov_urb,2003,38.48
esp,sex_m,ocu_isco88_7,geo_cov_urb,2004,39.65
esp,sex_m,ocu_isco88_7,geo_cov_urb,2005,41.11
esp,sex_m,ocu_isco88_7,geo_cov_urb,2006,41.24
esp,sex_m,ocu_isco88_7,geo_cov_urb,2007,41.41
esp,sex_m,ocu_isco88_7,geo_cov_urb,2008,40.72
esp,sex_m,ocu_isco88_7,geo_cov_urb,2009,39.97
esp,sex_m,ocu_isco88_7,geo_cov_urb,2010,39.82
esp,sex_m,ocu_isco88_8,geo_cov_nat,1992,40.02
esp,sex_m,ocu_isco88_8,geo_cov_nat,1993,40.86
esp,sex_m,ocu_isco88_8,geo_cov_nat,1994,40.43
esp,sex_m,ocu_isco88_8,geo_cov_nat,1995,39.93
esp,sex_m,ocu_isco88_8,geo_cov_nat,1996,39.79
esp,sex_m,ocu_isco88_8,geo_cov_nat,1997,40.2
esp,sex_m,ocu_isco88_8,geo_cov_nat,1998,40.24
esp,sex_m,ocu_isco88_8,geo_cov_nat,1999,41.96
esp,sex_m,ocu_isco88_8,geo_cov_nat,2000,40.84
esp,sex_m,ocu_isco88_8,geo_cov_nat,2001,40.67
esp,sex_m,ocu_isco88_8,geo_cov_nat,2002,40.7
esp,sex_m,ocu_isco88_8,geo_cov_nat,2003,40.16
esp,sex_m,ocu_isco88_8,geo_cov_nat,2004,41.07
esp,sex_m,ocu_isco88_8,geo_cov_nat,2005,42.29
esp,sex_m,ocu_isco88_8,geo_cov_nat,2006,42.72
esp,sex_m,ocu_isco88_8,geo_cov_nat,2007,41.9
esp,sex_m,ocu_isco88_8,geo_cov_nat,2008,41.49
esp,sex_m,ocu_isco88_8,geo_cov_nat,2009,40.84
esp,sex_m,ocu_isco88_8,geo_cov_nat,2010,41.23
esp,sex_m,ocu_isco88_8,geo_cov_rur,1992,40.41
esp,sex_m,ocu_isco88_8,geo_cov_rur,1993,41.52
esp,sex_m,ocu_isco88_8,geo_cov_rur,1994,40.86
esp,sex_m,ocu_isco88_8,geo_cov_rur,1995,40.75
esp,sex_m,ocu_isco88_8,geo_cov_rur,1996,40.23
esp,sex_m,ocu_isco88_8,geo_cov_rur,1997,40.88
esp,sex_m,ocu_isco88_8,geo_cov_rur,1998,40.18
esp,sex_m,ocu_isco88_8,geo_cov_rur,1999,42.03
esp,sex_m,ocu_isco88_8,geo_cov_rur,2000,40.78
esp,sex_m,ocu_isco88_8,geo_cov_rur,2001,41.23
esp,sex_m,ocu_isco88_8,geo_cov_rur,2002,40.87
esp,sex_m,ocu_isco88_8,geo_cov_rur,2003,40.83
esp,sex_m,ocu_isco88_8,geo_cov_rur,2004,41.22
esp,sex_m,ocu_isco88_8,geo_cov_rur,2005,42.28
esp,sex_m,ocu_isco88_8,geo_cov_rur,2006,43.36
esp,sex_m,ocu_isco88_8,geo_cov_rur,2007,42.54
esp,sex_m,ocu_isco88_8,geo_cov_rur,2008,41.73
esp,sex_m,ocu_isco88_8,geo_cov_rur,2009,41.43
esp,sex_m,ocu_isco88_8,geo_cov_rur,2010,40.67
esp,sex_m,ocu_isco88_8,geo_cov_urb,1992,39.86
esp,sex_m,ocu_isco88_8,geo_cov_urb,1993,40.6
esp,sex_m,ocu_isco88_8,geo_cov_urb,1994,40.25
esp,sex_m,ocu_isco88_8,geo_cov_urb,1995,39.61
esp,sex_m,ocu_isco88_8,geo_cov_urb,1996,39.62
esp,sex_m,ocu_isco88_8,geo_cov_urb,1997,39.94
esp,sex_m,ocu_isco88_8,geo_cov_urb,1998,40.27
esp,sex_m,ocu_isco88_8,geo_cov_urb,1999,41.94
esp,sex_m,ocu_isco88_8,geo_cov_urb,2000,40.87
esp,sex_m,ocu_isco88_8,geo_cov_urb,2001,40.45
esp,sex_m,ocu_isco88_8,geo_cov_urb,2002,40.63
esp,sex_m,ocu_isco88_8,geo_cov_urb,2003,39.88
esp,sex_m,ocu_isco88_8,geo_cov_urb,2004,41.01
esp,sex_m,ocu_isco88_8,geo_cov_urb,2005,42.29
esp,sex_m,ocu_isco88_8,geo_cov_urb,2006,42.46
esp,sex_m,ocu_isco88_8,geo_cov_urb,2007,41.69
esp,sex_m,ocu_isco88_8,geo_cov_urb,2008,41.4
esp,sex_m,ocu_isco88_8,geo_cov_urb,2009,40.6
esp,sex_m,ocu_isco88_8,geo_cov_urb,2010,41.45
esp,sex_m,ocu_isco88_9,geo_cov_nat,1992,37.87
esp,sex_m,ocu_isco88_9,geo_cov_nat,1993,38.8
esp,sex_m,ocu_isco88_9,geo_cov_nat,1994,38.2
esp,sex_m,ocu_isco88_9,geo_cov_nat,1995,37.94
esp,sex_m,ocu_isco88_9,geo_cov_nat,1996,37.48
esp,sex_m,ocu_isco88_9,geo_cov_nat,1997,37.79
esp,sex_m,ocu_isco88_9,geo_cov_nat,1998,38.1
esp,sex_m,ocu_isco88_9,geo_cov_nat,1999,39.32
esp,sex_m,ocu_isco88_9,geo_cov_nat,2000,38.07
esp,sex_m,ocu_isco88_9,geo_cov_nat,2001,38.39
esp,sex_m,ocu_isco88_9,geo_cov_nat,2002,38.22
esp,sex_m,ocu_isco88_9,geo_cov_nat,2003,38.01
esp,sex_m,ocu_isco88_9,geo_cov_nat,2004,37.93
esp,sex_m,ocu_isco88_9,geo_cov_nat,2005,39.17
esp,sex_m,ocu_isco88_9,geo_cov_nat,2006,39.1
esp,sex_m,ocu_isco88_9,geo_cov_nat,2007,38.17
esp,sex_m,ocu_isco88_9,geo_cov_nat,2008,38.44
esp,sex_m,ocu_isco88_9,geo_cov_nat,2009,38.03
esp,sex_m,ocu_isco88_9,geo_cov_nat,2010,37.18
esp,sex_m,ocu_isco88_9,geo_cov_rur,1992,39.04
esp,sex_m,ocu_isco88_9,geo_cov_rur,1993,39.5
esp,sex_m,ocu_isco88_9,geo_cov_rur,1994,38.63
esp,sex_m,ocu_isco88_9,geo_cov_rur,1995,38.58
esp,sex_m,ocu_isco88_9,geo_cov_rur,1996,38.3
esp,sex_m,ocu_isco88_9,geo_cov_rur,1997,38.3
esp,sex_m,ocu_isco88_9,geo_cov_rur,1998,38.94
esp,sex_m,ocu_isco88_9,geo_cov_rur,1999,39.8
esp,sex_m,ocu_isco88_9,geo_cov_rur,2000,38.59
esp,sex_m,ocu_isco88_9,geo_cov_rur,2001,39.13
esp,sex_m,ocu_isco88_9,geo_cov_rur,2002,38.96
esp,sex_m,ocu_isco88_9,geo_cov_rur,2003,39.01
esp,sex_m,ocu_isco88_9,geo_cov_rur,2004,38.51
esp,sex_m,ocu_isco88_9,geo_cov_rur,2005,39.05
esp,sex_m,ocu_isco88_9,geo_cov_rur,2006,39.19
esp,sex_m,ocu_isco88_9,geo_cov_rur,2007,37.61
esp,sex_m,ocu_isco88_9,geo_cov_rur,2008,38.5
esp,sex_m,ocu_isco88_9,geo_cov_rur,2009,38.35
esp,sex_m,ocu_isco88_9,geo_cov_rur,2010,37
esp,sex_m,ocu_isco88_9,geo_cov_urb,1992,37.23
esp,sex_m,ocu_isco88_9,geo_cov_urb,1993,38.43
esp,sex_m,ocu_isco88_9,geo_cov_urb,1994,37.95
esp,sex_m,ocu_isco88_9,geo_cov_urb,1995,37.57
esp,sex_m,ocu_isco88_9,geo_cov_urb,1996,37.05
esp,sex_m,ocu_isco88_9,geo_cov_urb,1997,37.51
esp,sex_m,ocu_isco88_9,geo_cov_urb,1998,37.67
esp,sex_m,ocu_isco88_9,geo_cov_urb,1999,39.06
esp,sex_m,ocu_isco88_9,geo_cov_urb,2000,37.79
esp,sex_m,ocu_isco88_9,geo_cov_urb,2001,37.99
esp,sex_m,ocu_isco88_9,geo_cov_urb,2002,37.83
esp,sex_m,ocu_isco88_9,geo_cov_urb,2003,37.5
esp,sex_m,ocu_isco88_9,geo_cov_urb,2004,37.64
esp,sex_m,ocu_isco88_9,geo_cov_urb,2005,39.22
esp,sex_m,ocu_isco88_9,geo_cov_urb,2006,39.06
esp,sex_m,ocu_isco88_9,geo_cov_urb,2007,38.43
esp,sex_m,ocu_isco88_9,geo_cov_urb,2008,38.42
esp,sex_m,ocu_isco88_9,geo_cov_urb,2009,37.89
esp,sex_m,ocu_isco88_9,geo_cov_urb,2010,37.25
esp,sex_m,ocu_isco88_total,geo_cov_nat,1992,39.82
esp,sex_m,ocu_isco88_total,geo_cov_nat,1993,40.67
esp,sex_m,ocu_isco88_total,geo_cov_nat,1994,40.31
esp,sex_m,ocu_isco88_total,geo_cov_nat,1995,39.86
esp,sex_m,ocu_isco88_total,geo_cov_nat,1996,39.52
esp,sex_m,ocu_isco88_total,geo_cov_nat,1997,40.03
esp,sex_m,ocu_isco88_total,geo_cov_nat,1998,40.18
esp,sex_m,ocu_isco88_total,geo_cov_nat,1999,41.44
esp,sex_m,ocu_isco88_total,geo_cov_nat,2000,40.26
esp,sex_m,ocu_isco88_total,geo_cov_nat,2001,40.24
esp,sex_m,ocu_isco88_total,geo_cov_nat,2002,40.32
esp,sex_m,ocu_isco88_total,geo_cov_nat,2003,39.57
esp,sex_m,ocu_isco88_total,geo_cov_nat,2004,40.3
esp,sex_m,ocu_isco88_total,geo_cov_nat,2005,41.2
esp,sex_m,ocu_isco88_total,geo_cov_nat,2006,41.4
esp,sex_m,ocu_isco88_total,geo_cov_nat,2007,41.07
esp,sex_m,ocu_isco88_total,geo_cov_nat,2008,40.98
esp,sex_m,ocu_isco88_total,geo_cov_nat,2009,40.56
esp,sex_m,ocu_isco88_total,geo_cov_nat,2010,40.44
esp,sex_m,ocu_isco88_total,geo_cov_rur,1992,41.7
esp,sex_m,ocu_isco88_total,geo_cov_rur,1993,42.28
esp,sex_m,ocu_isco88_total,geo_cov_rur,1994,41.72
esp,sex_m,ocu_isco88_total,geo_cov_rur,1995,41.56
esp,sex_m,ocu_isco88_total,geo_cov_rur,1996,41.21
esp,sex_m,ocu_isco88_total,geo_cov_rur,1997,41.82
esp,sex_m,ocu_isco88_total,geo_cov_rur,1998,41.69
esp,sex_m,ocu_isco88_total,geo_cov_rur,1999,42.83
esp,sex_m,ocu_isco88_total,geo_cov_rur,2000,41.86
esp,sex_m,ocu_isco88_total,geo_cov_rur,2001,41.98
esp,sex_m,ocu_isco88_total,geo_cov_rur,2002,41.71
esp,sex_m,ocu_isco88_total,geo_cov_rur,2003,41.08
esp,sex_m,ocu_isco88_total,geo_cov_rur,2004,41.47
esp,sex_m,ocu_isco88_total,geo_cov_rur,2005,42.09
esp,sex_m,ocu_isco88_total,geo_cov_rur,2006,42.72
esp,sex_m,ocu_isco88_total,geo_cov_rur,2007,41.78
esp,sex_m,ocu_isco88_total,geo_cov_rur,2008,42.04
esp,sex_m,ocu_isco88_total,geo_cov_rur,2009,41.64
esp,sex_m,ocu_isco88_total,geo_cov_rur,2010,41.31
esp,sex_m,ocu_isco88_total,geo_cov_urb,1992,39.03
esp,sex_m,ocu_isco88_total,geo_cov_urb,1993,39.97
esp,sex_m,ocu_isco88_total,geo_cov_urb,1994,39.68
esp,sex_m,ocu_isco88_total,geo_cov_urb,1995,39.14
esp,sex_m,ocu_isco88_total,geo_cov_urb,1996,38.84
esp,sex_m,ocu_isco88_total,geo_cov_urb,1997,39.31
esp,sex_m,ocu_isco88_total,geo_cov_urb,1998,39.58
esp,sex_m,ocu_isco88_total,geo_cov_urb,1999,40.9
esp,sex_m,ocu_isco88_total,geo_cov_urb,2000,39.66
esp,sex_m,ocu_isco88_total,geo_cov_urb,2001,39.58
esp,sex_m,ocu_isco88_total,geo_cov_urb,2002,39.79
esp,sex_m,ocu_isco88_total,geo_cov_urb,2003,39
esp,sex_m,ocu_isco88_total,geo_cov_urb,2004,39.87
esp,sex_m,ocu_isco88_total,geo_cov_urb,2005,40.89
esp,sex_m,ocu_isco88_total,geo_cov_urb,2006,40.95
esp,sex_m,ocu_isco88_total,geo_cov_urb,2007,40.85
esp,sex_m,ocu_isco88_total,geo_cov_urb,2008,40.63
esp,sex_m,ocu_isco88_total,geo_cov_urb,2009,40.19
esp,sex_m,ocu_isco88_total,geo_cov_urb,2010,40.17
esp,sex_m,ocu_skill_l1,geo_cov_nat,1992,37.87
esp,sex_m,ocu_skill_l1,geo_cov_nat,1993,38.8
esp,sex_m,ocu_skill_l1,geo_cov_nat,1994,38.2
esp,sex_m,ocu_skill_l1,geo_cov_nat,1995,37.94
esp,sex_m,ocu_skill_l1,geo_cov_nat,1996,37.48
esp,sex_m,ocu_skill_l1,geo_cov_nat,1997,37.79
esp,sex_m,ocu_skill_l1,geo_cov_nat,1998,38.1
esp,sex_m,ocu_skill_l1,geo_cov_nat,1999,39.32
esp,sex_m,ocu_skill_l1,geo_cov_nat,2000,38.07
esp,sex_m,ocu_skill_l1,geo_cov_nat,2001,38.39
esp,sex_m,ocu_skill_l1,geo_cov_nat,2002,38.22
esp,sex_m,ocu_skill_l1,geo_cov_nat,2003,38.01
esp,sex_m,ocu_skill_l1,geo_cov_nat,2004,37.93
esp,sex_m,ocu_skill_l1,geo_cov_nat,2005,39.17
esp,sex_m,ocu_skill_l1,geo_cov_nat,2006,39.1
esp,sex_m,ocu_skill_l1,geo_cov_nat,2007,38.17
esp,sex_m,ocu_skill_l1,geo_cov_nat,2008,38.44
esp,sex_m,ocu_skill_l1,geo_cov_nat,2009,38.03
esp,sex_m,ocu_skill_l1,geo_cov_nat,2010,37.18
esp,sex_m,ocu_skill_l1,geo_cov_nat,2011,36.98
esp,sex_m,ocu_skill_l1,geo_cov_nat,2012,35.36
esp,sex_m,ocu_skill_l1,geo_cov_nat,2013,35.09
esp,sex_m,ocu_skill_l1,geo_cov_nat,2014,36.16
esp,sex_m,ocu_skill_l1,geo_cov_nat,2015,36.48
esp,sex_m,ocu_skill_l1,geo_cov_nat,2016,36.62
esp,sex_m,ocu_skill_l1,geo_cov_nat,2017,36.29
esp,sex_m,ocu_skill_l1,geo_cov_nat,2018,37.03
esp,sex_m,ocu_skill_l1,geo_cov_nat,2019,37.36
esp,sex_m,ocu_skill_l1,geo_cov_nat,2020,36.24
esp,sex_m,ocu_skill_l1,geo_cov_nat,2021,35.87
esp,sex_m,ocu_skill_l1,geo_cov_nat,2022,36.41
esp,sex_m,ocu_skill_l1,geo_cov_nat,2023,35.74
esp,sex_m,ocu_skill_l1,geo_cov_rur,1992,39.04
esp,sex_m,ocu_skill_l1,geo_cov_rur,1993,39.5
esp,sex_m,ocu_skill_l1,geo_cov_rur,1994,38.63
esp,sex_m,ocu_skill_l1,geo_cov_rur,1995,38.58
esp,sex_m,ocu_skill_l1,geo_cov_rur,1996,38.3
esp,sex_m,ocu_skill_l1,geo_cov_rur,1997,38.3
esp,sex_m,ocu_skill_l1,geo_cov_rur,1998,38.94
esp,sex_m,ocu_skill_l1,geo_cov_rur,1999,39.8
esp,sex_m,ocu_skill_l1,geo_cov_rur,2000,38.59
esp,sex_m,ocu_skill_l1,geo_cov_rur,2001,39.13
esp,sex_m,ocu_skill_l1,geo_cov_rur,2002,38.96
esp,sex_m,ocu_skill_l1,geo_cov_rur,2003,39.01
esp,sex_m,ocu_skill_l1,geo_cov_rur,2004,38.51
esp,sex_m,ocu_skill_l1,geo_cov_rur,2005,39.05
esp,sex_m,ocu_skill_l1,geo_cov_rur,2006,39.19
esp,sex_m,ocu_skill_l1,geo_cov_rur,2007,37.61
esp,sex_m,ocu_skill_l1,geo_cov_rur,2008,38.5
esp,sex_m,ocu_skill_l1,geo_cov_rur,2009,38.35
esp,sex_m,ocu_skill_l1,geo_cov_rur,2010,37
esp,sex_m,ocu_skill_l1,geo_cov_rur,2011,37.59
esp,sex_m,ocu_skill_l1,geo_cov_rur,2012,35.35
esp,sex_m,ocu_skill_l1,geo_cov_rur,2013,36.16
esp,sex_m,ocu_skill_l1,geo_cov_rur,2014,35.83
esp,sex_m,ocu_skill_l1,geo_cov_rur,2015,37.82
esp,sex_m,ocu_skill_l1,geo_cov_rur,2016,36.43
esp,sex_m,ocu_skill_l1,geo_cov_rur,2017,37.29
esp,sex_m,ocu_skill_l1,geo_cov_rur,2018,37.84
esp,sex_m,ocu_skill_l1,geo_cov_rur,2019,38.86
esp,sex_m,ocu_skill_l1,geo_cov_rur,2020,36.88
esp,sex_m,ocu_skill_l1,geo_cov_rur,2021,36.54
esp,sex_m,ocu_skill_l1,geo_cov_rur,2022,36.64
esp,sex_m,ocu_skill_l1,geo_cov_rur,2023,37.51
esp,sex_m,ocu_skill_l1,geo_cov_urb,1992,37.23
esp,sex_m,ocu_skill_l1,geo_cov_urb,1993,38.43
esp,sex_m,ocu_skill_l1,geo_cov_urb,1994,37.95
esp,sex_m,ocu_skill_l1,geo_cov_urb,1995,37.57
esp,sex_m,ocu_skill_l1,geo_cov_urb,1996,37.05
esp,sex_m,ocu_skill_l1,geo_cov_urb,1997,37.51
esp,sex_m,ocu_skill_l1,geo_cov_urb,1998,37.67
esp,sex_m,ocu_skill_l1,geo_cov_urb,1999,39.06
esp,sex_m,ocu_skill_l1,geo_cov_urb,2000,37.79
esp,sex_m,ocu_skill_l1,geo_cov_urb,2001,37.99
esp,sex_m,ocu_skill_l1,geo_cov_urb,2002,37.83
esp,sex_m,ocu_skill_l1,geo_cov_urb,2003,37.5
esp,sex_m,ocu_skill_l1,geo_cov_urb,2004,37.64
esp,sex_m,ocu_skill_l1,geo_cov_urb,2005,39.22
esp,sex_m,ocu_skill_l1,geo_cov_urb,2006,39.06
esp,sex_m,ocu_skill_l1,geo_cov_urb,2007,38.43
esp,sex_m,ocu_skill_l1,geo_cov_urb,2008,38.42
esp,sex_m,ocu_skill_l1,geo_cov_urb,2009,37.89
esp,sex_m,ocu_skill_l1,geo_cov_urb,2010,37.25
esp,sex_m,ocu_skill_l1,geo_cov_urb,2011,36.67
esp,sex_m,ocu_skill_l1,geo_cov_urb,2012,35.36
esp,sex_m,ocu_skill_l1,geo_cov_urb,2013,34.51
esp,sex_m,ocu_skill_l1,geo_cov_urb,2014,36.36
esp,sex_m,ocu_skill_l1,geo_cov_urb,2015,35.7
esp,sex_m,ocu_skill_l1,geo_cov_urb,2016,36.73
esp,sex_m,ocu_skill_l1,geo_cov_urb,2017,36.08
esp,sex_m,ocu_skill_l1,geo_cov_urb,2018,36.88
esp,sex_m,ocu_skill_l1,geo_cov_urb,2019,37.05
esp,sex_m,ocu_skill_l1,geo_cov_urb,2020,36.08
esp,sex_m,ocu_skill_l1,geo_cov_urb,2021,35.73
esp,sex_m,ocu_skill_l1,geo_cov_urb,2022,36.37
esp,sex_m,ocu_skill_l1,geo_cov_urb,2023,35.44
esp,sex_m,ocu_skill_l2,geo_cov_nat,1992,40.04
esp,sex_m,ocu_skill_l2,geo_cov_nat,1993,40.78
esp,sex_m,ocu_skill_l2,geo_cov_nat,1994,40.57
esp,sex_m,ocu_skill_l2,geo_cov_nat,1995,40.13
esp,sex_m,ocu_skill_l2,geo_cov_nat,1996,39.7
esp,sex_m,ocu_skill_l2,geo_cov_nat,1997,40.22
esp,sex_m,ocu_skill_l2,geo_cov_nat,1998,40.36
esp,sex_m,ocu_skill_l2,geo_cov_nat,1999,41.63
esp,sex_m,ocu_skill_l2,geo_cov_nat,2000,40.49
esp,sex_m,ocu_skill_l2,geo_cov_nat,2001,40.48
esp,sex_m,ocu_skill_l2,geo_cov_nat,2002,40.51
esp,sex_m,ocu_skill_l2,geo_cov_nat,2003,39.68
esp,sex_m,ocu_skill_l2,geo_cov_nat,2004,40.63
esp,sex_m,ocu_skill_l2,geo_cov_nat,2005,41.61
esp,sex_m,ocu_skill_l2,geo_cov_nat,2006,41.76
esp,sex_m,ocu_skill_l2,geo_cov_nat,2007,41.41
esp,sex_m,ocu_skill_l2,geo_cov_nat,2008,41.18
esp,sex_m,ocu_skill_l2,geo_cov_nat,2009,40.59
esp,sex_m,ocu_skill_l2,geo_cov_nat,2010,40.49
esp,sex_m,ocu_skill_l2,geo_cov_nat,2011,40.5
esp,sex_m,ocu_skill_l2,geo_cov_nat,2012,40.29
esp,sex_m,ocu_skill_l2,geo_cov_nat,2013,40.54
esp,sex_m,ocu_skill_l2,geo_cov_nat,2014,40.58
esp,sex_m,ocu_skill_l2,geo_cov_nat,2015,40.33
esp,sex_m,ocu_skill_l2,geo_cov_nat,2016,40.2
esp,sex_m,ocu_skill_l2,geo_cov_nat,2017,39.99
esp,sex_m,ocu_skill_l2,geo_cov_nat,2018,40.5
esp,sex_m,ocu_skill_l2,geo_cov_nat,2019,40.01
esp,sex_m,ocu_skill_l2,geo_cov_nat,2020,38.94
esp,sex_m,ocu_skill_l2,geo_cov_nat,2021,38.78
esp,sex_m,ocu_skill_l2,geo_cov_nat,2022,39.29
esp,sex_m,ocu_skill_l2,geo_cov_nat,2023,39.04
esp,sex_m,ocu_skill_l2,geo_cov_rur,1992,42.16
esp,sex_m,ocu_skill_l2,geo_cov_rur,1993,42.63
esp,sex_m,ocu_skill_l2,geo_cov_rur,1994,42.3
esp,sex_m,ocu_skill_l2,geo_cov_rur,1995,42.08
esp,sex_m,ocu_skill_l2,geo_cov_rur,1996,41.58
esp,sex_m,ocu_skill_l2,geo_cov_rur,1997,42.41
esp,sex_m,ocu_skill_l2,geo_cov_rur,1998,42.19
esp,sex_m,ocu_skill_l2,geo_cov_rur,1999,43.31
esp,sex_m,ocu_skill_l2,geo_cov_rur,2000,42.29
esp,sex_m,ocu_skill_l2,geo_cov_rur,2001,42.38
esp,sex_m,ocu_skill_l2,geo_cov_rur,2002,42.01
esp,sex_m,ocu_skill_l2,geo_cov_rur,2003,41.4
esp,sex_m,ocu_skill_l2,geo_cov_rur,2004,42.07
esp,sex_m,ocu_skill_l2,geo_cov_rur,2005,42.57
esp,sex_m,ocu_skill_l2,geo_cov_rur,2006,43.23
esp,sex_m,ocu_skill_l2,geo_cov_rur,2007,42.28
esp,sex_m,ocu_skill_l2,geo_cov_rur,2008,42.46
esp,sex_m,ocu_skill_l2,geo_cov_rur,2009,42.1
esp,sex_m,ocu_skill_l2,geo_cov_rur,2010,41.5
esp,sex_m,ocu_skill_l2,geo_cov_rur,2011,41.94
esp,sex_m,ocu_skill_l2,geo_cov_rur,2012,41.36
esp,sex_m,ocu_skill_l2,geo_cov_rur,2013,41.64
esp,sex_m,ocu_skill_l2,geo_cov_rur,2014,41.69
esp,sex_m,ocu_skill_l2,geo_cov_rur,2015,41.46
esp,sex_m,ocu_skill_l2,geo_cov_rur,2016,41.55
esp,sex_m,ocu_skill_l2,geo_cov_rur,2017,41.17
esp,sex_m,ocu_skill_l2,geo_cov_rur,2018,41.92
esp,sex_m,ocu_skill_l2,geo_cov_rur,2019,42.44
esp,sex_m,ocu_skill_l2,geo_cov_rur,2020,40.96
esp,sex_m,ocu_skill_l2,geo_cov_rur,2021,40.22
esp,sex_m,ocu_skill_l2,geo_cov_rur,2022,40.71
esp,sex_m,ocu_skill_l2,geo_cov_rur,2023,40.9
esp,sex_m,ocu_skill_l2,geo_cov_urb,1992,39.07
esp,sex_m,ocu_skill_l2,geo_cov_urb,1993,39.88
esp,sex_m,ocu_skill_l2,geo_cov_urb,1994,39.72
esp,sex_m,ocu_skill_l2,geo_cov_urb,1995,39.18
esp,sex_m,ocu_skill_l2,geo_cov_urb,1996,38.81
esp,sex_m,ocu_skill_l2,geo_cov_urb,1997,39.22
esp,sex_m,ocu_skill_l2,geo_cov_urb,1998,39.51
esp,sex_m,ocu_skill_l2,geo_cov_urb,1999,40.88
esp,sex_m,ocu_skill_l2,geo_cov_urb,2000,39.71
esp,sex_m,ocu_skill_l2,geo_cov_urb,2001,39.66
esp,sex_m,ocu_skill_l2,geo_cov_urb,2002,39.86
esp,sex_m,ocu_skill_l2,geo_cov_urb,2003,38.95
esp,sex_m,ocu_skill_l2,geo_cov_urb,2004,40.01
esp,sex_m,ocu_skill_l2,geo_cov_urb,2005,41.21
esp,sex_m,ocu_skill_l2,geo_cov_urb,2006,41.17
esp,sex_m,ocu_skill_l2,geo_cov_urb,2007,41.08
esp,sex_m,ocu_skill_l2,geo_cov_urb,2008,40.7
esp,sex_m,ocu_skill_l2,geo_cov_urb,2009,39.96
esp,sex_m,ocu_skill_l2,geo_cov_urb,2010,40.09
esp,sex_m,ocu_skill_l2,geo_cov_urb,2011,39.96
esp,sex_m,ocu_skill_l2,geo_cov_urb,2012,39.86
esp,sex_m,ocu_skill_l2,geo_cov_urb,2013,40.11
esp,sex_m,ocu_skill_l2,geo_cov_urb,2014,40.15
esp,sex_m,ocu_skill_l2,geo_cov_urb,2015,39.89
esp,sex_m,ocu_skill_l2,geo_cov_urb,2016,39.67
esp,sex_m,ocu_skill_l2,geo_cov_urb,2017,39.78
esp,sex_m,ocu_skill_l2,geo_cov_urb,2018,40.25
esp,sex_m,ocu_skill_l2,geo_cov_urb,2019,39.6
esp,sex_m,ocu_skill_l2,geo_cov_urb,2020,38.58
esp,sex_m,ocu_skill_l2,geo_cov_urb,2021,38.52
esp,sex_m,ocu_skill_l2,geo_cov_urb,2022,39.03
esp,sex_m,ocu_skill_l2,geo_cov_urb,2023,38.7
esp,sex_m,ocu_skill_l3_4,geo_cov_nat,1992,40.35
esp,sex_m,ocu_skill_l3_4,geo_cov_nat,1993,41.26
esp,sex_m,ocu_skill_l3_4,geo_cov_nat,1994,40.6
esp,sex_m,ocu_skill_l3_4,geo_cov_nat,1995,40.11
esp,sex_m,ocu_skill_l3_4,geo_cov_nat,1996,40.01
esp,sex_m,ocu_skill_l3_4,geo_cov_nat,1997,40.53
esp,sex_m,ocu_skill_l3_4,geo_cov_nat,1998,40.7
esp,sex_m,ocu_skill_l3_4,geo_cov_nat,1999,41.98
esp,sex_m,ocu_skill_l3_4,geo_cov_nat,2000,40.75
esp,sex_m,ocu_skill_l3_4,geo_cov_nat,2001,40.57
esp,sex_m,ocu_skill_l3_4,geo_cov_nat,2002,40.83
esp,sex_m,ocu_skill_l3_4,geo_cov_nat,2003,40.03
esp,sex_m,ocu_skill_l3_4,geo_cov_nat,2004,40.69
esp,sex_m,ocu_skill_l3_4,geo_cov_nat,2005,41.28
esp,sex_m,ocu_skill_l3_4,geo_cov_nat,2006,41.67
esp,sex_m,ocu_skill_l3_4,geo_cov_nat,2007,41.55
esp,sex_m,ocu_skill_l3_4,geo_cov_nat,2008,41.46
esp,sex_m,ocu_skill_l3_4,geo_cov_nat,2009,41.37
esp,sex_m,ocu_skill_l3_4,geo_cov_nat,2010,41.49
esp,sex_m,ocu_skill_l3_4,geo_cov_nat,2011,40.49
esp,sex_m,ocu_skill_l3_4,geo_cov_nat,2012,40.44
esp,sex_m,ocu_skill_l3_4,geo_cov_nat,2013,40.52
esp,sex_m,ocu_skill_l3_4,geo_cov_nat,2014,40.46
esp,sex_m,ocu_skill_l3_4,geo_cov_nat,2015,40.19
esp,sex_m,ocu_skill_l3_4,geo_cov_nat,2016,39.75
esp,sex_m,ocu_skill_l3_4,geo_cov_nat,2017,39.22
esp,sex_m,ocu_skill_l3_4,geo_cov_nat,2018,39.55
esp,sex_m,ocu_skill_l3_4,geo_cov_nat,2019,39.2
esp,sex_m,ocu_skill_l3_4,geo_cov_nat,2020,38.22
esp,sex_m,ocu_skill_l3_4,geo_cov_nat,2021,38.56
esp,sex_m,ocu_skill_l3_4,geo_cov_nat,2022,38.32
esp,sex_m,ocu_skill_l3_4,geo_cov_nat,2023,38.01
esp,sex_m,ocu_skill_l3_4,geo_cov_rur,1992,42.33
esp,sex_m,ocu_skill_l3_4,geo_cov_rur,1993,42.85
esp,sex_m,ocu_skill_l3_4,geo_cov_rur,1994,41.92
esp,sex_m,ocu_skill_l3_4,geo_cov_rur,1995,42.02
esp,sex_m,ocu_skill_l3_4,geo_cov_rur,1996,41.98
esp,sex_m,ocu_skill_l3_4,geo_cov_rur,1997,42.43
esp,sex_m,ocu_skill_l3_4,geo_cov_rur,1998,42
esp,sex_m,ocu_skill_l3_4,geo_cov_rur,1999,43.61
esp,sex_m,ocu_skill_l3_4,geo_cov_rur,2000,43
esp,sex_m,ocu_skill_l3_4,geo_cov_rur,2001,42.98
esp,sex_m,ocu_skill_l3_4,geo_cov_rur,2002,42.88
esp,sex_m,ocu_skill_l3_4,geo_cov_rur,2003,41.7
esp,sex_m,ocu_skill_l3_4,geo_cov_rur,2004,41.87
esp,sex_m,ocu_skill_l3_4,geo_cov_rur,2005,42.79
esp,sex_m,ocu_skill_l3_4,geo_cov_rur,2006,43.75
esp,sex_m,ocu_skill_l3_4,geo_cov_rur,2007,43.12
esp,sex_m,ocu_skill_l3_4,geo_cov_rur,2008,42.99
esp,sex_m,ocu_skill_l3_4,geo_cov_rur,2009,42.18
esp,sex_m,ocu_skill_l3_4,geo_cov_rur,2010,43.26
esp,sex_m,ocu_skill_l3_4,geo_cov_rur,2011,41.4
esp,sex_m,ocu_skill_l3_4,geo_cov_rur,2012,40.63
esp,sex_m,ocu_skill_l3_4,geo_cov_rur,2013,40.76
esp,sex_m,ocu_skill_l3_4,geo_cov_rur,2014,40.65
esp,sex_m,ocu_skill_l3_4,geo_cov_rur,2015,40.1
esp,sex_m,ocu_skill_l3_4,geo_cov_rur,2016,40.11
esp,sex_m,ocu_skill_l3_4,geo_cov_rur,2017,39.67
esp,sex_m,ocu_skill_l3_4,geo_cov_rur,2018,39.54
esp,sex_m,ocu_skill_l3_4,geo_cov_rur,2019,39.8
esp,sex_m,ocu_skill_l3_4,geo_cov_rur,2020,38.02
esp,sex_m,ocu_skill_l3_4,geo_cov_rur,2021,39.29
esp,sex_m,ocu_skill_l3_4,geo_cov_rur,2022,38.78
esp,sex_m,ocu_skill_l3_4,geo_cov_rur,2023,37.81
esp,sex_m,ocu_skill_l3_4,geo_cov_urb,1992,39.83
esp,sex_m,ocu_skill_l3_4,geo_cov_urb,1993,40.84
esp,sex_m,ocu_skill_l3_4,geo_cov_urb,1994,40.27
esp,sex_m,ocu_skill_l3_4,geo_cov_urb,1995,39.67
esp,sex_m,ocu_skill_l3_4,geo_cov_urb,1996,39.55
esp,sex_m,ocu_skill_l3_4,geo_cov_urb,1997,40.07
esp,sex_m,ocu_skill_l3_4,geo_cov_urb,1998,40.39
esp,sex_m,ocu_skill_l3_4,geo_cov_urb,1999,41.61
esp,sex_m,ocu_skill_l3_4,geo_cov_urb,2000,40.23
esp,sex_m,ocu_skill_l3_4,geo_cov_urb,2001,40.03
esp,sex_m,ocu_skill_l3_4,geo_cov_urb,2002,40.36
esp,sex_m,ocu_skill_l3_4,geo_cov_urb,2003,39.65
esp,sex_m,ocu_skill_l3_4,geo_cov_urb,2004,40.42
esp,sex_m,ocu_skill_l3_4,geo_cov_urb,2005,40.96
esp,sex_m,ocu_skill_l3_4,geo_cov_urb,2006,41.23
esp,sex_m,ocu_skill_l3_4,geo_cov_urb,2007,41.22
esp,sex_m,ocu_skill_l3_4,geo_cov_urb,2008,41.15
esp,sex_m,ocu_skill_l3_4,geo_cov_urb,2009,41.19
esp,sex_m,ocu_skill_l3_4,geo_cov_urb,2010,41.14
esp,sex_m,ocu_skill_l3_4,geo_cov_urb,2011,40.31
esp,sex_m,ocu_skill_l3_4,geo_cov_urb,2012,40.4
esp,sex_m,ocu_skill_l3_4,geo_cov_urb,2013,40.47
esp,sex_m,ocu_skill_l3_4,geo_cov_urb,2014,40.43
esp,sex_m,ocu_skill_l3_4,geo_cov_urb,2015,40.2
esp,sex_m,ocu_skill_l3_4,geo_cov_urb,2016,39.68
esp,sex_m,ocu_skill_l3_4,geo_cov_urb,2017,39.18
esp,sex_m,ocu_skill_l3_4,geo_cov_urb,2018,39.55
esp,sex_m,ocu_skill_l3_4,geo_cov_urb,2019,39.15
esp,sex_m,ocu_skill_l3_4,geo_cov_urb,2020,38.24
esp,sex_m,ocu_skill_l3_4,geo_cov_urb,2021,38.49
esp,sex_m,ocu_skill_l3_4,geo_cov_urb,2022,38.28
esp,sex_m,ocu_skill_l3_4,geo_cov_urb,2023,38.03
esp,sex_m,ocu_skill_total,geo_cov_nat,1992,39.82
esp,sex_m,ocu_skill_total,geo_cov_nat,1993,40.67
esp,sex_m,ocu_skill_total,geo_cov_nat,1994,40.31
esp,sex_m,ocu_skill_total,geo_cov_nat,1995,39.86
esp,sex_m,ocu_skill_total,geo_cov_nat,1996,39.52
esp,sex_m,ocu_skill_total,geo_cov_nat,1997,40.03
esp,sex_m,ocu_skill_total,geo_cov_nat,1998,40.18
esp,sex_m,ocu_skill_total,geo_cov_nat,1999,41.44
esp,sex_m,ocu_skill_total,geo_cov_nat,2000,40.26
esp,sex_m,ocu_skill_total,geo_cov_nat,2001,40.24
esp,sex_m,ocu_skill_total,geo_cov_nat,2002,40.32
esp,sex_m,ocu_skill_total,geo_cov_nat,2003,39.57
esp,sex_m,ocu_skill_total,geo_cov_nat,2004,40.3
esp,sex_m,ocu_skill_total,geo_cov_nat,2005,41.2
esp,sex_m,ocu_skill_total,geo_cov_nat,2006,41.4
esp,sex_m,ocu_skill_total,geo_cov_nat,2007,41.07
esp,sex_m,ocu_skill_total,geo_cov_nat,2008,40.98
esp,sex_m,ocu_skill_total,geo_cov_nat,2009,40.56
esp,sex_m,ocu_skill_total,geo_cov_nat,2010,40.44
esp,sex_m,ocu_skill_total,geo_cov_nat,2011,40.17
esp,sex_m,ocu_skill_total,geo_cov_nat,2012,39.89
esp,sex_m,ocu_skill_total,geo_cov_nat,2013,40
esp,sex_m,ocu_skill_total,geo_cov_nat,2014,40.15
esp,sex_m,ocu_skill_total,geo_cov_nat,2015,39.93
esp,sex_m,ocu_skill_total,geo_cov_nat,2016,39.68
esp,sex_m,ocu_skill_total,geo_cov_nat,2017,39.35
esp,sex_m,ocu_skill_total,geo_cov_nat,2018,39.84
esp,sex_m,ocu_skill_total,geo_cov_nat,2019,39.47
esp,sex_m,ocu_skill_total,geo_cov_nat,2020,38.44
esp,sex_m,ocu_skill_total,geo_cov_nat,2021,38.44
esp,sex_m,ocu_skill_total,geo_cov_nat,2022,38.66
esp,sex_m,ocu_skill_total,geo_cov_nat,2023,38.36
esp,sex_m,ocu_skill_total,geo_cov_rur,1992,41.7
esp,sex_m,ocu_skill_total,geo_cov_rur,1993,42.28
esp,sex_m,ocu_skill_total,geo_cov_rur,1994,41.72
esp,sex_m,ocu_skill_total,geo_cov_rur,1995,41.56
esp,sex_m,ocu_skill_total,geo_cov_rur,1996,41.21
esp,sex_m,ocu_skill_total,geo_cov_rur,1997,41.82
esp,sex_m,ocu_skill_total,geo_cov_rur,1998,41.69
esp,sex_m,ocu_skill_total,geo_cov_rur,1999,42.83
esp,sex_m,ocu_skill_total,geo_cov_rur,2000,41.86
esp,sex_m,ocu_skill_total,geo_cov_rur,2001,41.98
esp,sex_m,ocu_skill_total,geo_cov_rur,2002,41.71
esp,sex_m,ocu_skill_total,geo_cov_rur,2003,41.08
esp,sex_m,ocu_skill_total,geo_cov_rur,2004,41.47
esp,sex_m,ocu_skill_total,geo_cov_rur,2005,42.09
esp,sex_m,ocu_skill_total,geo_cov_rur,2006,42.72
esp,sex_m,ocu_skill_total,geo_cov_rur,2007,41.78
esp,sex_m,ocu_skill_total,geo_cov_rur,2008,42.04
esp,sex_m,ocu_skill_total,geo_cov_rur,2009,41.64
esp,sex_m,ocu_skill_total,geo_cov_rur,2010,41.31
esp,sex_m,ocu_skill_total,geo_cov_rur,2011,41.26
esp,sex_m,ocu_skill_total,geo_cov_rur,2012,40.44
esp,sex_m,ocu_skill_total,geo_cov_rur,2013,40.71
esp,sex_m,ocu_skill_total,geo_cov_rur,2014,40.7
esp,sex_m,ocu_skill_total,geo_cov_rur,2015,40.7
esp,sex_m,ocu_skill_total,geo_cov_rur,2016,40.47
esp,sex_m,ocu_skill_total,geo_cov_rur,2017,40.33
esp,sex_m,ocu_skill_total,geo_cov_rur,2018,40.96
esp,sex_m,ocu_skill_total,geo_cov_rur,2019,41.38
esp,sex_m,ocu_skill_total,geo_cov_rur,2020,39.75
esp,sex_m,ocu_skill_total,geo_cov_rur,2021,39.54
esp,sex_m,ocu_skill_total,geo_cov_rur,2022,39.78
esp,sex_m,ocu_skill_total,geo_cov_rur,2023,39.84
esp,sex_m,ocu_skill_total,geo_cov_urb,1992,39.03
esp,sex_m,ocu_skill_total,geo_cov_urb,1993,39.97
esp,sex_m,ocu_skill_total,geo_cov_urb,1994,39.68
esp,sex_m,ocu_skill_total,geo_cov_urb,1995,39.14
esp,sex_m,ocu_skill_total,geo_cov_urb,1996,38.84
esp,sex_m,ocu_skill_total,geo_cov_urb,1997,39.31
esp,sex_m,ocu_skill_total,geo_cov_urb,1998,39.58
esp,sex_m,ocu_skill_total,geo_cov_urb,1999,40.9
esp,sex_m,ocu_skill_total,geo_cov_urb,2000,39.66
esp,sex_m,ocu_skill_total,geo_cov_urb,2001,39.58
esp,sex_m,ocu_skill_total,geo_cov_urb,2002,39.79
esp,sex_m,ocu_skill_total,geo_cov_urb,2003,39
esp,sex_m,ocu_skill_total,geo_cov_urb,2004,39.87
esp,sex_m,ocu_skill_total,geo_cov_urb,2005,40.89
esp,sex_m,ocu_skill_total,geo_cov_urb,2006,40.95
esp,sex_m,ocu_skill_total,geo_cov_urb,2007,40.85
esp,sex_m,ocu_skill_total,geo_cov_urb,2008,40.63
esp,sex_m,ocu_skill_total,geo_cov_urb,2009,40.19
esp,sex_m,ocu_skill_total,geo_cov_urb,2010,40.17
esp,sex_m,ocu_skill_total,geo_cov_urb,2011,39.82
esp,sex_m,ocu_skill_total,geo_cov_urb,2012,39.7
esp,sex_m,ocu_skill_total,geo_cov_urb,2013,39.77
esp,sex_m,ocu_skill_total,geo_cov_urb,2014,39.97
esp,sex_m,ocu_skill_total,geo_cov_urb,2015,39.68
esp,sex_m,ocu_skill_total,geo_cov_urb,2016,39.4
esp,sex_m,ocu_skill_total,geo_cov_urb,2017,39.21
esp,sex_m,ocu_skill_total,geo_cov_urb,2018,39.68
esp,sex_m,ocu_skill_total,geo_cov_urb,2019,39.19
esp,sex_m,ocu_skill_total,geo_cov_urb,2020,38.24
esp,sex_m,ocu_skill_total,geo_cov_urb,2021,38.28
esp,sex_m,ocu_skill_total,geo_cov_urb,2022,38.48
esp,sex_m,ocu_skill_total,geo_cov_urb,2023,38.15
esp,sex_m,ocu_skill_x,geo_cov_nat,1992,41.82
esp,sex_m,ocu_skill_x,geo_cov_nat,1993,40.69
esp,sex_m,ocu_skill_x,geo_cov_nat,1994,41.45
esp,sex_m,ocu_skill_x,geo_cov_nat,1995,39.43
esp,sex_m,ocu_skill_x,geo_cov_nat,1996,38.72
esp,sex_m,ocu_skill_x,geo_cov_nat,1997,40.55
esp,sex_m,ocu_skill_x,geo_cov_nat,1998,39.38
esp,sex_m,ocu_skill_x,geo_cov_nat,1999,40.58
esp,sex_m,ocu_skill_x,geo_cov_nat,2000,39.82
esp,sex_m,ocu_skill_x,geo_cov_nat,2001,38.28
esp,sex_m,ocu_skill_x,geo_cov_nat,2002,39.71
esp,sex_m,ocu_skill_x,geo_cov_nat,2003,39.18
esp,sex_m,ocu_skill_x,geo_cov_nat,2004,38.73
esp,sex_m,ocu_skill_x,geo_cov_nat,2005,39.25
esp,sex_m,ocu_skill_x,geo_cov_nat,2006,39.41
esp,sex_m,ocu_skill_x,geo_cov_nat,2007,40.49
esp,sex_m,ocu_skill_x,geo_cov_nat,2008,40.88
esp,sex_m,ocu_skill_x,geo_cov_nat,2009,38.28
esp,sex_m,ocu_skill_x,geo_cov_nat,2010,38.58
esp,sex_m,ocu_skill_x,geo_cov_nat,2011,39.23
esp,sex_m,ocu_skill_x,geo_cov_nat,2012,38.39
esp,sex_m,ocu_skill_x,geo_cov_nat,2013,38.59
esp,sex_m,ocu_skill_x,geo_cov_nat,2014,40.1
esp,sex_m,ocu_skill_x,geo_cov_nat,2015,38.25
esp,sex_m,ocu_skill_x,geo_cov_nat,2016,37.54
esp,sex_m,ocu_skill_x,geo_cov_nat,2017,37.95
esp,sex_m,ocu_skill_x,geo_cov_nat,2018,38.6
esp,sex_m,ocu_skill_x,geo_cov_nat,2019,39.3
esp,sex_m,ocu_skill_x,geo_cov_nat,2020,38.65
esp,sex_m,ocu_skill_x,geo_cov_nat,2021,38.65
esp,sex_m,ocu_skill_x,geo_cov_nat,2022,37
esp,sex_m,ocu_skill_x,geo_cov_nat,2023,38.24
esp,sex_m,ocu_skill_x,geo_cov_rur,1992,46.38
esp,sex_m,ocu_skill_x,geo_cov_rur,1993,45.02
esp,sex_m,ocu_skill_x,geo_cov_rur,1994,44.23
esp,sex_m,ocu_skill_x,geo_cov_rur,1995,42.18
esp,sex_m,ocu_skill_x,geo_cov_rur,1996,40.91
esp,sex_m,ocu_skill_x,geo_cov_rur,1997,39.68
esp,sex_m,ocu_skill_x,geo_cov_rur,1998,39.73
esp,sex_m,ocu_skill_x,geo_cov_rur,1999,41.02
esp,sex_m,ocu_skill_x,geo_cov_rur,2000,40.1
esp,sex_m,ocu_skill_x,geo_cov_rur,2001,39.44
esp,sex_m,ocu_skill_x,geo_cov_rur,2002,41.93
esp,sex_m,ocu_skill_x,geo_cov_rur,2003,40.28
esp,sex_m,ocu_skill_x,geo_cov_rur,2004,38.26
esp,sex_m,ocu_skill_x,geo_cov_rur,2005,38.27
esp,sex_m,ocu_skill_x,geo_cov_rur,2006,39.21
esp,sex_m,ocu_skill_x,geo_cov_rur,2007,39.21
esp,sex_m,ocu_skill_x,geo_cov_rur,2008,38.88
esp,sex_m,ocu_skill_x,geo_cov_rur,2009,37.3
esp,sex_m,ocu_skill_x,geo_cov_rur,2010,38.07
esp,sex_m,ocu_skill_x,geo_cov_rur,2011,38.71
esp,sex_m,ocu_skill_x,geo_cov_rur,2012,38.09
esp,sex_m,ocu_skill_x,geo_cov_rur,2013,38.25
esp,sex_m,ocu_skill_x,geo_cov_rur,2014,39.86
esp,sex_m,ocu_skill_x,geo_cov_rur,2015,37.93
esp,sex_m,ocu_skill_x,geo_cov_rur,2016,37.33
esp,sex_m,ocu_skill_x,geo_cov_rur,2017,38.38
esp,sex_m,ocu_skill_x,geo_cov_rur,2018,38.16
esp,sex_m,ocu_skill_x,geo_cov_rur,2019,39.19
esp,sex_m,ocu_skill_x,geo_cov_rur,2020,38.98
esp,sex_m,ocu_skill_x,geo_cov_rur,2021,30.49
esp,sex_m,ocu_skill_x,geo_cov_rur,2022,38.41
esp,sex_m,ocu_skill_x,geo_cov_rur,2023,36.55
esp,sex_m,ocu_skill_x,geo_cov_urb,1992,40.53
esp,sex_m,ocu_skill_x,geo_cov_urb,1993,40.14
esp,sex_m,ocu_skill_x,geo_cov_urb,1994,41.17
esp,sex_m,ocu_skill_x,geo_cov_urb,1995,39.03
esp,sex_m,ocu_skill_x,geo_cov_urb,1996,38.41
esp,sex_m,ocu_skill_x,geo_cov_urb,1997,40.68
esp,sex_m,ocu_skill_x,geo_cov_urb,1998,39.33
esp,sex_m,ocu_skill_x,geo_cov_urb,1999,40.52
esp,sex_m,ocu_skill_x,geo_cov_urb,2000,39.76
esp,sex_m,ocu_skill_x,geo_cov_urb,2001,38.01
esp,sex_m,ocu_skill_x,geo_cov_urb,2002,39.28
esp,sex_m,ocu_skill_x,geo_cov_urb,2003,39.03
esp,sex_m,ocu_skill_x,geo_cov_urb,2004,38.82
esp,sex_m,ocu_skill_x,geo_cov_urb,2005,39.4
esp,sex_m,ocu_skill_x,geo_cov_urb,2006,39.46
esp,sex_m,ocu_skill_x,geo_cov_urb,2007,40.74
esp,sex_m,ocu_skill_x,geo_cov_urb,2008,41.26
esp,sex_m,ocu_skill_x,geo_cov_urb,2009,38.47
esp,sex_m,ocu_skill_x,geo_cov_urb,2010,38.68
esp,sex_m,ocu_skill_x,geo_cov_urb,2011,39.35
esp,sex_m,ocu_skill_x,geo_cov_urb,2012,38.45
esp,sex_m,ocu_skill_x,geo_cov_urb,2013,38.66
esp,sex_m,ocu_skill_x,geo_cov_urb,2014,40.14
esp,sex_m,ocu_skill_x,geo_cov_urb,2015,38.3
esp,sex_m,ocu_skill_x,geo_cov_urb,2016,37.57
esp,sex_m,ocu_skill_x,geo_cov_urb,2017,37.92
esp,sex_m,ocu_skill_x,geo_cov_urb,2018,38.62
esp,sex_m,ocu_skill_x,geo_cov_urb,2019,39.3
esp,sex_m,ocu_skill_x,geo_cov_urb,2020,38.62
esp,sex_m,ocu_skill_x,geo_cov_urb,2021,38.98
esp,sex_m,ocu_skill_x,geo_cov_urb,2022,36.82
esp,sex_m,ocu_skill_x,geo_cov_urb,2023,38.35
esp,sex_t,ocu_isco08_0,geo_cov_nat,2011,39.13
esp,sex_t,ocu_isco08_0,geo_cov_nat,2012,38.41
esp,sex_t,ocu_isco08_0,geo_cov_nat,2013,38.32
esp,sex_t,ocu_isco08_0,geo_cov_nat,2014,39.91
esp,sex_t,ocu_isco08_0,geo_cov_nat,2015,38.09
esp,sex_t,ocu_isco08_0,geo_cov_nat,2016,37.93
esp,sex_t,ocu_isco08_0,geo_cov_nat,2017,37.83
esp,sex_t,ocu_isco08_0,geo_cov_nat,2018,38.37
esp,sex_t,ocu_isco08_0,geo_cov_nat,2019,39.5
esp,sex_t,ocu_isco08_0,geo_cov_nat,2020,38.4
esp,sex_t,ocu_isco08_0,geo_cov_nat,2021,38.57
esp,sex_t,ocu_isco08_0,geo_cov_nat,2022,36.94
esp,sex_t,ocu_isco08_0,geo_cov_nat,2023,38.41
esp,sex_t,ocu_isco08_0,geo_cov_rur,2011,38.73
esp,sex_t,ocu_isco08_0,geo_cov_rur,2012,39.15
esp,sex_t,ocu_isco08_0,geo_cov_rur,2013,38.46
esp,sex_t,ocu_isco08_0,geo_cov_rur,2014,39.87
esp,sex_t,ocu_isco08_0,geo_cov_rur,2015,37.68
esp,sex_t,ocu_isco08_0,geo_cov_rur,2016,37.3
esp,sex_t,ocu_isco08_0,geo_cov_rur,2017,37.99
esp,sex_t,ocu_isco08_0,geo_cov_rur,2018,38.16
esp,sex_t,ocu_isco08_0,geo_cov_rur,2019,38.22
esp,sex_t,ocu_isco08_0,geo_cov_rur,2020,37.97
esp,sex_t,ocu_isco08_0,geo_cov_rur,2021,31.95
esp,sex_t,ocu_isco08_0,geo_cov_rur,2022,37.89
esp,sex_t,ocu_isco08_0,geo_cov_rur,2023,35.01
esp,sex_t,ocu_isco08_0,geo_cov_urb,2011,39.23
esp,sex_t,ocu_isco08_0,geo_cov_urb,2012,38.23
esp,sex_t,ocu_isco08_0,geo_cov_urb,2013,38.29
esp,sex_t,ocu_isco08_0,geo_cov_urb,2014,39.92
esp,sex_t,ocu_isco08_0,geo_cov_urb,2015,38.16
esp,sex_t,ocu_isco08_0,geo_cov_urb,2016,38.03
esp,sex_t,ocu_isco08_0,geo_cov_urb,2017,37.81
esp,sex_t,ocu_isco08_0,geo_cov_urb,2018,38.38
esp,sex_t,ocu_isco08_0,geo_cov_urb,2019,39.55
esp,sex_t,ocu_isco08_0,geo_cov_urb,2020,38.46
esp,sex_t,ocu_isco08_0,geo_cov_urb,2021,38.88
esp,sex_t,ocu_isco08_0,geo_cov_urb,2022,36.82
esp,sex_t,ocu_isco08_0,geo_cov_urb,2023,38.7
esp,sex_t,ocu_isco08_1,geo_cov_nat,2011,44.9
esp,sex_t,ocu_isco08_1,geo_cov_nat,2012,44.81
esp,sex_t,ocu_isco08_1,geo_cov_nat,2013,44.41
esp,sex_t,ocu_isco08_1,geo_cov_nat,2014,45.18
esp,sex_t,ocu_isco08_1,geo_cov_nat,2015,44.15
esp,sex_t,ocu_isco08_1,geo_cov_nat,2016,43.49
esp,sex_t,ocu_isco08_1,geo_cov_nat,2017,42.61
esp,sex_t,ocu_isco08_1,geo_cov_nat,2018,42.92
esp,sex_t,ocu_isco08_1,geo_cov_nat,2019,43.43
esp,sex_t,ocu_isco08_1,geo_cov_nat,2020,40.48
esp,sex_t,ocu_isco08_1,geo_cov_nat,2021,41.36
esp,sex_t,ocu_isco08_1,geo_cov_nat,2022,41.29
esp,sex_t,ocu_isco08_1,geo_cov_nat,2023,41.48
esp,sex_t,ocu_isco08_1,geo_cov_rur,2011,46.22
esp,sex_t,ocu_isco08_1,geo_cov_rur,2012,45.25
esp,sex_t,ocu_isco08_1,geo_cov_rur,2013,43.95
esp,sex_t,ocu_isco08_1,geo_cov_rur,2014,46.03
esp,sex_t,ocu_isco08_1,geo_cov_rur,2015,43.73
esp,sex_t,ocu_isco08_1,geo_cov_rur,2016,44.18
esp,sex_t,ocu_isco08_1,geo_cov_rur,2017,43.06
esp,sex_t,ocu_isco08_1,geo_cov_rur,2018,43.22
esp,sex_t,ocu_isco08_1,geo_cov_rur,2019,43.61
esp,sex_t,ocu_isco08_1,geo_cov_rur,2020,43.86
esp,sex_t,ocu_isco08_1,geo_cov_rur,2021,41.47
esp,sex_t,ocu_isco08_1,geo_cov_rur,2022,42.12
esp,sex_t,ocu_isco08_1,geo_cov_rur,2023,43.45
esp,sex_t,ocu_isco08_1,geo_cov_urb,2011,44.53
esp,sex_t,ocu_isco08_1,geo_cov_urb,2012,44.72
esp,sex_t,ocu_isco08_1,geo_cov_urb,2013,44.54
esp,sex_t,ocu_isco08_1,geo_cov_urb,2014,44.96
esp,sex_t,ocu_isco08_1,geo_cov_urb,2015,44.23
esp,sex_t,ocu_isco08_1,geo_cov_urb,2016,43.29
esp,sex_t,ocu_isco08_1,geo_cov_urb,2017,42.56
esp,sex_t,ocu_isco08_1,geo_cov_urb,2018,42.9
esp,sex_t,ocu_isco08_1,geo_cov_urb,2019,43.41
esp,sex_t,ocu_isco08_1,geo_cov_urb,2020,40.1
esp,sex_t,ocu_isco08_1,geo_cov_urb,2021,41.35
esp,sex_t,ocu_isco08_1,geo_cov_urb,2022,41.2
esp,sex_t,ocu_isco08_1,geo_cov_urb,2023,41.29
esp,sex_t,ocu_isco08_2,geo_cov_nat,2011,36.65
esp,sex_t,ocu_isco08_2,geo_cov_nat,2012,36.74
esp,sex_t,ocu_isco08_2,geo_cov_nat,2013,36.94
esp,sex_t,ocu_isco08_2,geo_cov_nat,2014,37.01
esp,sex_t,ocu_isco08_2,geo_cov_nat,2015,36.49
esp,sex_t,ocu_isco08_2,geo_cov_nat,2016,36.54
esp,sex_t,ocu_isco08_2,geo_cov_nat,2017,36.55
esp,sex_t,ocu_isco08_2,geo_cov_nat,2018,36.62
esp,sex_t,ocu_isco08_2,geo_cov_nat,2019,36.1
esp,sex_t,ocu_isco08_2,geo_cov_nat,2020,36.52
esp,sex_t,ocu_isco08_2,geo_cov_nat,2021,35.81
esp,sex_t,ocu_isco08_2,geo_cov_nat,2022,35.87
esp,sex_t,ocu_isco08_2,geo_cov_nat,2023,35.39
esp,sex_t,ocu_isco08_2,geo_cov_rur,2011,35.51
esp,sex_t,ocu_isco08_2,geo_cov_rur,2012,35.38
esp,sex_t,ocu_isco08_2,geo_cov_rur,2013,34.92
esp,sex_t,ocu_isco08_2,geo_cov_rur,2014,35.63
esp,sex_t,ocu_isco08_2,geo_cov_rur,2015,35.5
esp,sex_t,ocu_isco08_2,geo_cov_rur,2016,34.78
esp,sex_t,ocu_isco08_2,geo_cov_rur,2017,35.6
esp,sex_t,ocu_isco08_2,geo_cov_rur,2018,34.88
esp,sex_t,ocu_isco08_2,geo_cov_rur,2019,35.62
esp,sex_t,ocu_isco08_2,geo_cov_rur,2020,35.33
esp,sex_t,ocu_isco08_2,geo_cov_rur,2021,34.77
esp,sex_t,ocu_isco08_2,geo_cov_rur,2022,36.24
esp,sex_t,ocu_isco08_2,geo_cov_rur,2023,34.8
esp,sex_t,ocu_isco08_2,geo_cov_urb,2011,36.84
esp,sex_t,ocu_isco08_2,geo_cov_urb,2012,36.96
esp,sex_t,ocu_isco08_2,geo_cov_urb,2013,37.26
esp,sex_t,ocu_isco08_2,geo_cov_urb,2014,37.26
esp,sex_t,ocu_isco08_2,geo_cov_urb,2015,36.64
esp,sex_t,ocu_isco08_2,geo_cov_urb,2016,36.83
esp,sex_t,ocu_isco08_2,geo_cov_urb,2017,36.62
esp,sex_t,ocu_isco08_2,geo_cov_urb,2018,36.76
esp,sex_t,ocu_isco08_2,geo_cov_urb,2019,36.14
esp,sex_t,ocu_isco08_2,geo_cov_urb,2020,36.63
esp,sex_t,ocu_isco08_2,geo_cov_urb,2021,35.89
esp,sex_t,ocu_isco08_2,geo_cov_urb,2022,35.83
esp,sex_t,ocu_isco08_2,geo_cov_urb,2023,35.44
esp,sex_t,ocu_isco08_3,geo_cov_nat,2011,37.9
esp,sex_t,ocu_isco08_3,geo_cov_nat,2012,37.24
esp,sex_t,ocu_isco08_3,geo_cov_nat,2013,37.72
esp,sex_t,ocu_isco08_3,geo_cov_nat,2014,37.73
esp,sex_t,ocu_isco08_3,geo_cov_nat,2015,37.77
esp,sex_t,ocu_isco08_3,geo_cov_nat,2016,37.72
esp,sex_t,ocu_isco08_3,geo_cov_nat,2017,36.97
esp,sex_t,ocu_isco08_3,geo_cov_nat,2018,37.49
esp,sex_t,ocu_isco08_3,geo_cov_nat,2019,37.24
esp,sex_t,ocu_isco08_3,geo_cov_nat,2020,36.06
esp,sex_t,ocu_isco08_3,geo_cov_nat,2021,36.54
esp,sex_t,ocu_isco08_3,geo_cov_nat,2022,36.68
esp,sex_t,ocu_isco08_3,geo_cov_nat,2023,36.62
esp,sex_t,ocu_isco08_3,geo_cov_rur,2011,37.74
esp,sex_t,ocu_isco08_3,geo_cov_rur,2012,38.3
esp,sex_t,ocu_isco08_3,geo_cov_rur,2013,38.2
esp,sex_t,ocu_isco08_3,geo_cov_rur,2014,37.89
esp,sex_t,ocu_isco08_3,geo_cov_rur,2015,37.47
esp,sex_t,ocu_isco08_3,geo_cov_rur,2016,37.67
esp,sex_t,ocu_isco08_3,geo_cov_rur,2017,36.04
esp,sex_t,ocu_isco08_3,geo_cov_rur,2018,37.03
esp,sex_t,ocu_isco08_3,geo_cov_rur,2019,38.28
esp,sex_t,ocu_isco08_3,geo_cov_rur,2020,35.44
esp,sex_t,ocu_isco08_3,geo_cov_rur,2021,36.55
esp,sex_t,ocu_isco08_3,geo_cov_rur,2022,36.83
esp,sex_t,ocu_isco08_3,geo_cov_rur,2023,35.88
esp,sex_t,ocu_isco08_3,geo_cov_urb,2011,37.93
esp,sex_t,ocu_isco08_3,geo_cov_urb,2012,37.02
esp,sex_t,ocu_isco08_3,geo_cov_urb,2013,37.62
esp,sex_t,ocu_isco08_3,geo_cov_urb,2014,37.7
esp,sex_t,ocu_isco08_3,geo_cov_urb,2015,37.83
esp,sex_t,ocu_isco08_3,geo_cov_urb,2016,37.73
esp,sex_t,ocu_isco08_3,geo_cov_urb,2017,37.06
esp,sex_t,ocu_isco08_3,geo_cov_urb,2018,37.52
esp,sex_t,ocu_isco08_3,geo_cov_urb,2019,37.13
esp,sex_t,ocu_isco08_3,geo_cov_urb,2020,36.12
esp,sex_t,ocu_isco08_3,geo_cov_urb,2021,36.54
esp,sex_t,ocu_isco08_3,geo_cov_urb,2022,36.66
esp,sex_t,ocu_isco08_3,geo_cov_urb,2023,36.7
esp,sex_t,ocu_isco08_4,geo_cov_nat,2011,36.13
esp,sex_t,ocu_isco08_4,geo_cov_nat,2012,35.29
esp,sex_t,ocu_isco08_4,geo_cov_nat,2013,35.75
esp,sex_t,ocu_isco08_4,geo_cov_nat,2014,35.44
esp,sex_t,ocu_isco08_4,geo_cov_nat,2015,35.65
esp,sex_t,ocu_isco08_4,geo_cov_nat,2016,35.63
esp,sex_t,ocu_isco08_4,geo_cov_nat,2017,35.43
esp,sex_t,ocu_isco08_4,geo_cov_nat,2018,35.67
esp,sex_t,ocu_isco08_4,geo_cov_nat,2019,35.26
esp,sex_t,ocu_isco08_4,geo_cov_nat,2020,34.78
esp,sex_t,ocu_isco08_4,geo_cov_nat,2021,34.69
esp,sex_t,ocu_isco08_4,geo_cov_nat,2022,34.73
esp,sex_t,ocu_isco08_4,geo_cov_nat,2023,34.77
esp,sex_t,ocu_isco08_4,geo_cov_rur,2011,35.76
esp,sex_t,ocu_isco08_4,geo_cov_rur,2012,35.21
esp,sex_t,ocu_isco08_4,geo_cov_rur,2013,35.04
esp,sex_t,ocu_isco08_4,geo_cov_rur,2014,34.89
esp,sex_t,ocu_isco08_4,geo_cov_rur,2015,35.22
esp,sex_t,ocu_isco08_4,geo_cov_rur,2016,35.12
esp,sex_t,ocu_isco08_4,geo_cov_rur,2017,34.67
esp,sex_t,ocu_isco08_4,geo_cov_rur,2018,34.69
esp,sex_t,ocu_isco08_4,geo_cov_rur,2019,34.96
esp,sex_t,ocu_isco08_4,geo_cov_rur,2020,33.17
esp,sex_t,ocu_isco08_4,geo_cov_rur,2021,33.92
esp,sex_t,ocu_isco08_4,geo_cov_rur,2022,34.49
esp,sex_t,ocu_isco08_4,geo_cov_rur,2023,34.78
esp,sex_t,ocu_isco08_4,geo_cov_urb,2011,36.22
esp,sex_t,ocu_isco08_4,geo_cov_urb,2012,35.31
esp,sex_t,ocu_isco08_4,geo_cov_urb,2013,35.91
esp,sex_t,ocu_isco08_4,geo_cov_urb,2014,35.57
esp,sex_t,ocu_isco08_4,geo_cov_urb,2015,35.74
esp,sex_t,ocu_isco08_4,geo_cov_urb,2016,35.77
esp,sex_t,ocu_isco08_4,geo_cov_urb,2017,35.52
esp,sex_t,ocu_isco08_4,geo_cov_urb,2018,35.77
esp,sex_t,ocu_isco08_4,geo_cov_urb,2019,35.29
esp,sex_t,ocu_isco08_4,geo_cov_urb,2020,34.95
esp,sex_t,ocu_isco08_4,geo_cov_urb,2021,34.78
esp,sex_t,ocu_isco08_4,geo_cov_urb,2022,34.76
esp,sex_t,ocu_isco08_4,geo_cov_urb,2023,34.77
esp,sex_t,ocu_isco08_5,geo_cov_nat,2011,37.35
esp,sex_t,ocu_isco08_5,geo_cov_nat,2012,37.69
esp,sex_t,ocu_isco08_5,geo_cov_nat,2013,37.14
esp,sex_t,ocu_isco08_5,geo_cov_nat,2014,37.48
esp,sex_t,ocu_isco08_5,geo_cov_nat,2015,37.09
esp,sex_t,ocu_isco08_5,geo_cov_nat,2016,36.86
esp,sex_t,ocu_isco08_5,geo_cov_nat,2017,36.58
esp,sex_t,ocu_isco08_5,geo_cov_nat,2018,36.58
esp,sex_t,ocu_isco08_5,geo_cov_nat,2019,36.31
esp,sex_t,ocu_isco08_5,geo_cov_nat,2020,35.82
esp,sex_t,ocu_isco08_5,geo_cov_nat,2021,35.39
esp,sex_t,ocu_isco08_5,geo_cov_nat,2022,36.16
esp,sex_t,ocu_isco08_5,geo_cov_nat,2023,35.71
esp,sex_t,ocu_isco08_5,geo_cov_rur,2011,38.37
esp,sex_t,ocu_isco08_5,geo_cov_rur,2012,38.37
esp,sex_t,ocu_isco08_5,geo_cov_rur,2013,37.88
esp,sex_t,ocu_isco08_5,geo_cov_rur,2014,37.75
esp,sex_t,ocu_isco08_5,geo_cov_rur,2015,37.83
esp,sex_t,ocu_isco08_5,geo_cov_rur,2016,37.17
esp,sex_t,ocu_isco08_5,geo_cov_rur,2017,36.45
esp,sex_t,ocu_isco08_5,geo_cov_rur,2018,37.4
esp,sex_t,ocu_isco08_5,geo_cov_rur,2019,36.83
esp,sex_t,ocu_isco08_5,geo_cov_rur,2020,37.59
esp,sex_t,ocu_isco08_5,geo_cov_rur,2021,36.4
esp,sex_t,ocu_isco08_5,geo_cov_rur,2022,36.1
esp,sex_t,ocu_isco08_5,geo_cov_rur,2023,36.5
esp,sex_t,ocu_isco08_5,geo_cov_urb,2011,37.04
esp,sex_t,ocu_isco08_5,geo_cov_urb,2012,37.48
esp,sex_t,ocu_isco08_5,geo_cov_urb,2013,36.91
esp,sex_t,ocu_isco08_5,geo_cov_urb,2014,37.4
esp,sex_t,ocu_isco08_5,geo_cov_urb,2015,36.86
esp,sex_t,ocu_isco08_5,geo_cov_urb,2016,36.77
esp,sex_t,ocu_isco08_5,geo_cov_urb,2017,36.6
esp,sex_t,ocu_isco08_5,geo_cov_urb,2018,36.47
esp,sex_t,ocu_isco08_5,geo_cov_urb,2019,36.25
esp,sex_t,ocu_isco08_5,geo_cov_urb,2020,35.57
esp,sex_t,ocu_isco08_5,geo_cov_urb,2021,35.25
esp,sex_t,ocu_isco08_5,geo_cov_urb,2022,36.17
esp,sex_t,ocu_isco08_5,geo_cov_urb,2023,35.6
esp,sex_t,ocu_isco08_6,geo_cov_nat,2011,46.22
esp,sex_t,ocu_isco08_6,geo_cov_nat,2012,45.14
esp,sex_t,ocu_isco08_6,geo_cov_nat,2013,45.77
esp,sex_t,ocu_isco08_6,geo_cov_nat,2014,46.65
esp,sex_t,ocu_isco08_6,geo_cov_nat,2015,43.72
esp,sex_t,ocu_isco08_6,geo_cov_nat,2016,44.42
esp,sex_t,ocu_isco08_6,geo_cov_nat,2017,44.63
esp,sex_t,ocu_isco08_6,geo_cov_nat,2018,44.39
esp,sex_t,ocu_isco08_6,geo_cov_nat,2019,44.98
esp,sex_t,ocu_isco08_6,geo_cov_nat,2020,44.74
esp,sex_t,ocu_isco08_6,geo_cov_nat,2021,42.83
esp,sex_t,ocu_isco08_6,geo_cov_nat,2022,44.52
esp,sex_t,ocu_isco08_6,geo_cov_nat,2023,44.13
esp,sex_t,ocu_isco08_6,geo_cov_rur,2011,49.26
esp,sex_t,ocu_isco08_6,geo_cov_rur,2012,46.76
esp,sex_t,ocu_isco08_6,geo_cov_rur,2013,48.62
esp,sex_t,ocu_isco08_6,geo_cov_rur,2014,48.17
esp,sex_t,ocu_isco08_6,geo_cov_rur,2015,46.24
esp,sex_t,ocu_isco08_6,geo_cov_rur,2016,47.61
esp,sex_t,ocu_isco08_6,geo_cov_rur,2017,49.35
esp,sex_t,ocu_isco08_6,geo_cov_rur,2018,48.02
esp,sex_t,ocu_isco08_6,geo_cov_rur,2019,50.25
esp,sex_t,ocu_isco08_6,geo_cov_rur,2020,48.23
esp,sex_t,ocu_isco08_6,geo_cov_rur,2021,47.47
esp,sex_t,ocu_isco08_6,geo_cov_rur,2022,48.2
esp,sex_t,ocu_isco08_6,geo_cov_rur,2023,49.45
esp,sex_t,ocu_isco08_6,geo_cov_urb,2011,41.02
esp,sex_t,ocu_isco08_6,geo_cov_urb,2012,41.46
esp,sex_t,ocu_isco08_6,geo_cov_urb,2013,41.07
esp,sex_t,ocu_isco08_6,geo_cov_urb,2014,43.61
esp,sex_t,ocu_isco08_6,geo_cov_urb,2015,39.55
esp,sex_t,ocu_isco08_6,geo_cov_urb,2016,38.59
esp,sex_t,ocu_isco08_6,geo_cov_urb,2017,40.92
esp,sex_t,ocu_isco08_6,geo_cov_urb,2018,41.53
esp,sex_t,ocu_isco08_6,geo_cov_urb,2019,41.03
esp,sex_t,ocu_isco08_6,geo_cov_urb,2020,42.21
esp,sex_t,ocu_isco08_6,geo_cov_urb,2021,39.78
esp,sex_t,ocu_isco08_6,geo_cov_urb,2022,41.17
esp,sex_t,ocu_isco08_6,geo_cov_urb,2023,40.08
esp,sex_t,ocu_isco08_7,geo_cov_nat,2011,39.48
esp,sex_t,ocu_isco08_7,geo_cov_nat,2012,39.17
esp,sex_t,ocu_isco08_7,geo_cov_nat,2013,39.38
esp,sex_t,ocu_isco08_7,geo_cov_nat,2014,39.52
esp,sex_t,ocu_isco08_7,geo_cov_nat,2015,39.86
esp,sex_t,ocu_isco08_7,geo_cov_nat,2016,39.55
esp,sex_t,ocu_isco08_7,geo_cov_nat,2017,39.76
esp,sex_t,ocu_isco08_7,geo_cov_nat,2018,40.29
esp,sex_t,ocu_isco08_7,geo_cov_nat,2019,40.15
esp,sex_t,ocu_isco08_7,geo_cov_nat,2020,38.46
esp,sex_t,ocu_isco08_7,geo_cov_nat,2021,38.99
esp,sex_t,ocu_isco08_7,geo_cov_nat,2022,38.69
esp,sex_t,ocu_isco08_7,geo_cov_nat,2023,38.41
esp,sex_t,ocu_isco08_7,geo_cov_rur,2011,40.03
esp,sex_t,ocu_isco08_7,geo_cov_rur,2012,39.59
esp,sex_t,ocu_isco08_7,geo_cov_rur,2013,39.63
esp,sex_t,ocu_isco08_7,geo_cov_rur,2014,40.27
esp,sex_t,ocu_isco08_7,geo_cov_rur,2015,40.8
esp,sex_t,ocu_isco08_7,geo_cov_rur,2016,40.04
esp,sex_t,ocu_isco08_7,geo_cov_rur,2017,40.11
esp,sex_t,ocu_isco08_7,geo_cov_rur,2018,40.42
esp,sex_t,ocu_isco08_7,geo_cov_rur,2019,41.15
esp,sex_t,ocu_isco08_7,geo_cov_rur,2020,39.08
esp,sex_t,ocu_isco08_7,geo_cov_rur,2021,38.84
esp,sex_t,ocu_isco08_7,geo_cov_rur,2022,38.66
esp,sex_t,ocu_isco08_7,geo_cov_rur,2023,38.92
esp,sex_t,ocu_isco08_7,geo_cov_urb,2011,39.25
esp,sex_t,ocu_isco08_7,geo_cov_urb,2012,38.98
esp,sex_t,ocu_isco08_7,geo_cov_urb,2013,39.27
esp,sex_t,ocu_isco08_7,geo_cov_urb,2014,39.18
esp,sex_t,ocu_isco08_7,geo_cov_urb,2015,39.43
esp,sex_t,ocu_isco08_7,geo_cov_urb,2016,39.34
esp,sex_t,ocu_isco08_7,geo_cov_urb,2017,39.69
esp,sex_t,ocu_isco08_7,geo_cov_urb,2018,40.27
esp,sex_t,ocu_isco08_7,geo_cov_urb,2019,39.96
esp,sex_t,ocu_isco08_7,geo_cov_urb,2020,38.35
esp,sex_t,ocu_isco08_7,geo_cov_urb,2021,39.02
esp,sex_t,ocu_isco08_7,geo_cov_urb,2022,38.69
esp,sex_t,ocu_isco08_7,geo_cov_urb,2023,38.31
esp,sex_t,ocu_isco08_8,geo_cov_nat,2011,40.08
esp,sex_t,ocu_isco08_8,geo_cov_nat,2012,39.74
esp,sex_t,ocu_isco08_8,geo_cov_nat,2013,40.2
esp,sex_t,ocu_isco08_8,geo_cov_nat,2014,40.4
esp,sex_t,ocu_isco08_8,geo_cov_nat,2015,40.33
esp,sex_t,ocu_isco08_8,geo_cov_nat,2016,40.48
esp,sex_t,ocu_isco08_8,geo_cov_nat,2017,40.02
esp,sex_t,ocu_isco08_8,geo_cov_nat,2018,40.82
esp,sex_t,ocu_isco08_8,geo_cov_nat,2019,40.16
esp,sex_t,ocu_isco08_8,geo_cov_nat,2020,38.85
esp,sex_t,ocu_isco08_8,geo_cov_nat,2021,38.74
esp,sex_t,ocu_isco08_8,geo_cov_nat,2022,39.18
esp,sex_t,ocu_isco08_8,geo_cov_nat,2023,39.7
esp,sex_t,ocu_isco08_8,geo_cov_rur,2011,40.73
esp,sex_t,ocu_isco08_8,geo_cov_rur,2012,39.25
esp,sex_t,ocu_isco08_8,geo_cov_rur,2013,39.51
esp,sex_t,ocu_isco08_8,geo_cov_rur,2014,39.73
esp,sex_t,ocu_isco08_8,geo_cov_rur,2015,39.6
esp,sex_t,ocu_isco08_8,geo_cov_rur,2016,40.32
esp,sex_t,ocu_isco08_8,geo_cov_rur,2017,39.15
esp,sex_t,ocu_isco08_8,geo_cov_rur,2018,40.13
esp,sex_t,ocu_isco08_8,geo_cov_rur,2019,40.37
esp,sex_t,ocu_isco08_8,geo_cov_rur,2020,38.38
esp,sex_t,ocu_isco08_8,geo_cov_rur,2021,38.36
esp,sex_t,ocu_isco08_8,geo_cov_rur,2022,38.69
esp,sex_t,ocu_isco08_8,geo_cov_rur,2023,39.73
esp,sex_t,ocu_isco08_8,geo_cov_urb,2011,39.84
esp,sex_t,ocu_isco08_8,geo_cov_urb,2012,39.97
esp,sex_t,ocu_isco08_8,geo_cov_urb,2013,40.5
esp,sex_t,ocu_isco08_8,geo_cov_urb,2014,40.68
esp,sex_t,ocu_isco08_8,geo_cov_urb,2015,40.63
esp,sex_t,ocu_isco08_8,geo_cov_urb,2016,40.55
esp,sex_t,ocu_isco08_8,geo_cov_urb,2017,40.18
esp,sex_t,ocu_isco08_8,geo_cov_urb,2018,40.95
esp,sex_t,ocu_isco08_8,geo_cov_urb,2019,40.11
esp,sex_t,ocu_isco08_8,geo_cov_urb,2020,38.94
esp,sex_t,ocu_isco08_8,geo_cov_urb,2021,38.82
esp,sex_t,ocu_isco08_8,geo_cov_urb,2022,39.29
esp,sex_t,ocu_isco08_8,geo_cov_urb,2023,39.69
esp,sex_t,ocu_isco08_9,geo_cov_nat,2011,31.65
esp,sex_t,ocu_isco08_9,geo_cov_nat,2012,30.76
esp,sex_t,ocu_isco08_9,geo_cov_nat,2013,30.16
esp,sex_t,ocu_isco08_9,geo_cov_nat,2014,30.71
esp,sex_t,ocu_isco08_9,geo_cov_nat,2015,30.94
esp,sex_t,ocu_isco08_9,geo_cov_nat,2016,31.7
esp,sex_t,ocu_isco08_9,geo_cov_nat,2017,31.83
esp,sex_t,ocu_isco08_9,geo_cov_nat,2018,32.31
esp,sex_t,ocu_isco08_9,geo_cov_nat,2019,32.39
esp,sex_t,ocu_isco08_9,geo_cov_nat,2020,31.59
esp,sex_t,ocu_isco08_9,geo_cov_nat,2021,31.14
esp,sex_t,ocu_isco08_9,geo_cov_nat,2022,31.91
esp,sex_t,ocu_isco08_9,geo_cov_nat,2023,31.75
esp,sex_t,ocu_isco08_9,geo_cov_rur,2011,32.93
esp,sex_t,ocu_isco08_9,geo_cov_rur,2012,31.85
esp,sex_t,ocu_isco08_9,geo_cov_rur,2013,32.28
esp,sex_t,ocu_isco08_9,geo_cov_rur,2014,31.97
esp,sex_t,ocu_isco08_9,geo_cov_rur,2015,33.42
esp,sex_t,ocu_isco08_9,geo_cov_rur,2016,32.93
esp,sex_t,ocu_isco08_9,geo_cov_rur,2017,33.81
esp,sex_t,ocu_isco08_9,geo_cov_rur,2018,33.77
esp,sex_t,ocu_isco08_9,geo_cov_rur,2019,34.97
esp,sex_t,ocu_isco08_9,geo_cov_rur,2020,33.19
esp,sex_t,ocu_isco08_9,geo_cov_rur,2021,32.71
esp,sex_t,ocu_isco08_9,geo_cov_rur,2022,33.51
esp,sex_t,ocu_isco08_9,geo_cov_rur,2023,32.86
esp,sex_t,ocu_isco08_9,geo_cov_urb,2011,31.16
esp,sex_t,ocu_isco08_9,geo_cov_urb,2012,30.34
esp,sex_t,ocu_isco08_9,geo_cov_urb,2013,29.31
esp,sex_t,ocu_isco08_9,geo_cov_urb,2014,30.19
esp,sex_t,ocu_isco08_9,geo_cov_urb,2015,29.94
esp,sex_t,ocu_isco08_9,geo_cov_urb,2016,31.18
esp,sex_t,ocu_isco08_9,geo_cov_urb,2017,31.52
esp,sex_t,ocu_isco08_9,geo_cov_urb,2018,32.09
esp,sex_t,ocu_isco08_9,geo_cov_urb,2019,31.96
esp,sex_t,ocu_isco08_9,geo_cov_urb,2020,31.29
esp,sex_t,ocu_isco08_9,geo_cov_urb,2021,30.89
esp,sex_t,ocu_isco08_9,geo_cov_urb,2022,31.65
esp,sex_t,ocu_isco08_9,geo_cov_urb,2023,31.58
esp,sex_t,ocu_isco08_total,geo_cov_nat,2011,37.49
esp,sex_t,ocu_isco08_total,geo_cov_nat,2012,37.17
esp,sex_t,ocu_isco08_total,geo_cov_nat,2013,37.14
esp,sex_t,ocu_isco08_total,geo_cov_nat,2014,37.33
esp,sex_t,ocu_isco08_total,geo_cov_nat,2015,37.13
esp,sex_t,ocu_isco08_total,geo_cov_nat,2016,37.05
esp,sex_t,ocu_isco08_total,geo_cov_nat,2017,36.87
esp,sex_t,ocu_isco08_total,geo_cov_nat,2018,37.18
esp,sex_t,ocu_isco08_total,geo_cov_nat,2019,36.9
esp,sex_t,ocu_isco08_total,geo_cov_nat,2020,36.27
esp,sex_t,ocu_isco08_total,geo_cov_nat,2021,36.12
esp,sex_t,ocu_isco08_total,geo_cov_nat,2022,36.38
esp,sex_t,ocu_isco08_total,geo_cov_nat,2023,36.24
esp,sex_t,ocu_isco08_total,geo_cov_rur,2011,38.47
esp,sex_t,ocu_isco08_total,geo_cov_rur,2012,37.86
esp,sex_t,ocu_isco08_total,geo_cov_rur,2013,37.82
esp,sex_t,ocu_isco08_total,geo_cov_rur,2014,37.91
esp,sex_t,ocu_isco08_total,geo_cov_rur,2015,37.94
esp,sex_t,ocu_isco08_total,geo_cov_rur,2016,37.58
esp,sex_t,ocu_isco08_total,geo_cov_rur,2017,37.73
esp,sex_t,ocu_isco08_total,geo_cov_rur,2018,38
esp,sex_t,ocu_isco08_total,geo_cov_rur,2019,38.4
esp,sex_t,ocu_isco08_total,geo_cov_rur,2020,37.25
esp,sex_t,ocu_isco08_total,geo_cov_rur,2021,37.06
esp,sex_t,ocu_isco08_total,geo_cov_rur,2022,37.49
esp,sex_t,ocu_isco08_total,geo_cov_rur,2023,37.5
esp,sex_t,ocu_isco08_total,geo_cov_urb,2011,37.2
esp,sex_t,ocu_isco08_total,geo_cov_urb,2012,36.96
esp,sex_t,ocu_isco08_total,geo_cov_urb,2013,36.93
esp,sex_t,ocu_isco08_total,geo_cov_urb,2014,37.15
esp,sex_t,ocu_isco08_total,geo_cov_urb,2015,36.89
esp,sex_t,ocu_isco08_total,geo_cov_urb,2016,36.88
esp,sex_t,ocu_isco08_total,geo_cov_urb,2017,36.75
esp,sex_t,ocu_isco08_total,geo_cov_urb,2018,37.07
esp,sex_t,ocu_isco08_total,geo_cov_urb,2019,36.69
esp,sex_t,ocu_isco08_total,geo_cov_urb,2020,36.13
esp,sex_t,ocu_isco08_total,geo_cov_urb,2021,35.99
esp,sex_t,ocu_isco08_total,geo_cov_urb,2022,36.22
esp,sex_t,ocu_isco08_total,geo_cov_urb,2023,36.07
esp,sex_t,ocu_isco88_0,geo_cov_nat,1992,41.82
esp,sex_t,ocu_isco88_0,geo_cov_nat,1993,40.69
esp,sex_t,ocu_isco88_0,geo_cov_nat,1994,41.45
esp,sex_t,ocu_isco88_0,geo_cov_nat,1995,39.36
esp,sex_t,ocu_isco88_0,geo_cov_nat,1996,38.73
esp,sex_t,ocu_isco88_0,geo_cov_nat,1997,40.55
esp,sex_t,ocu_isco88_0,geo_cov_nat,1998,39.61
esp,sex_t,ocu_isco88_0,geo_cov_nat,1999,40.55
esp,sex_t,ocu_isco88_0,geo_cov_nat,2000,39.86
esp,sex_t,ocu_isco88_0,geo_cov_nat,2001,38.4
esp,sex_t,ocu_isco88_0,geo_cov_nat,2002,39.5
esp,sex_t,ocu_isco88_0,geo_cov_nat,2003,39.08
esp,sex_t,ocu_isco88_0,geo_cov_nat,2004,38.98
esp,sex_t,ocu_isco88_0,geo_cov_nat,2005,39.45
esp,sex_t,ocu_isco88_0,geo_cov_nat,2006,39.78
esp,sex_t,ocu_isco88_0,geo_cov_nat,2007,40.38
esp,sex_t,ocu_isco88_0,geo_cov_nat,2008,41.16
esp,sex_t,ocu_isco88_0,geo_cov_nat,2009,38.69
esp,sex_t,ocu_isco88_0,geo_cov_nat,2010,38.59
esp,sex_t,ocu_isco88_0,geo_cov_rur,1992,46.38
esp,sex_t,ocu_isco88_0,geo_cov_rur,1993,45.02
esp,sex_t,ocu_isco88_0,geo_cov_rur,1994,44.23
esp,sex_t,ocu_isco88_0,geo_cov_rur,1995,42.05
esp,sex_t,ocu_isco88_0,geo_cov_rur,1996,40.91
esp,sex_t,ocu_isco88_0,geo_cov_rur,1997,39.68
esp,sex_t,ocu_isco88_0,geo_cov_rur,1998,39.73
esp,sex_t,ocu_isco88_0,geo_cov_rur,1999,41.02
esp,sex_t,ocu_isco88_0,geo_cov_rur,2000,39.84
esp,sex_t,ocu_isco88_0,geo_cov_rur,2001,39.97
esp,sex_t,ocu_isco88_0,geo_cov_rur,2002,41.5
esp,sex_t,ocu_isco88_0,geo_cov_rur,2003,39.96
esp,sex_t,ocu_isco88_0,geo_cov_rur,2004,38.76
esp,sex_t,ocu_isco88_0,geo_cov_rur,2005,38.29
esp,sex_t,ocu_isco88_0,geo_cov_rur,2006,39.11
esp,sex_t,ocu_isco88_0,geo_cov_rur,2007,39.21
esp,sex_t,ocu_isco88_0,geo_cov_rur,2008,38.92
esp,sex_t,ocu_isco88_0,geo_cov_rur,2009,37.6
esp,sex_t,ocu_isco88_0,geo_cov_rur,2010,38.83
esp,sex_t,ocu_isco88_0,geo_cov_urb,1992,40.53
esp,sex_t,ocu_isco88_0,geo_cov_urb,1993,40.14
esp,sex_t,ocu_isco88_0,geo_cov_urb,1994,41.17
esp,sex_t,ocu_isco88_0,geo_cov_urb,1995,38.96
esp,sex_t,ocu_isco88_0,geo_cov_urb,1996,38.42
esp,sex_t,ocu_isco88_0,geo_cov_urb,1997,40.68
esp,sex_t,ocu_isco88_0,geo_cov_urb,1998,39.59
esp,sex_t,ocu_isco88_0,geo_cov_urb,1999,40.49
esp,sex_t,ocu_isco88_0,geo_cov_urb,2000,39.86
esp,sex_t,ocu_isco88_0,geo_cov_urb,2001,38.04
esp,sex_t,ocu_isco88_0,geo_cov_urb,2002,39.12
esp,sex_t,ocu_isco88_0,geo_cov_urb,2003,38.96
esp,sex_t,ocu_isco88_0,geo_cov_urb,2004,39.02
esp,sex_t,ocu_isco88_0,geo_cov_urb,2005,39.63
esp,sex_t,ocu_isco88_0,geo_cov_urb,2006,39.95
esp,sex_t,ocu_isco88_0,geo_cov_urb,2007,40.62
esp,sex_t,ocu_isco88_0,geo_cov_urb,2008,41.58
esp,sex_t,ocu_isco88_0,geo_cov_urb,2009,38.89
esp,sex_t,ocu_isco88_0,geo_cov_urb,2010,38.53
esp,sex_t,ocu_isco88_1,geo_cov_nat,1992,44.35
esp,sex_t,ocu_isco88_1,geo_cov_nat,1993,45.31
esp,sex_t,ocu_isco88_1,geo_cov_nat,1994,44.78
esp,sex_t,ocu_isco88_1,geo_cov_nat,1995,44.26
esp,sex_t,ocu_isco88_1,geo_cov_nat,1996,44.29
esp,sex_t,ocu_isco88_1,geo_cov_nat,1997,45.19
esp,sex_t,ocu_isco88_1,geo_cov_nat,1998,45.48
esp,sex_t,ocu_isco88_1,geo_cov_nat,1999,46.65
esp,sex_t,ocu_isco88_1,geo_cov_nat,2000,45.69
esp,sex_t,ocu_isco88_1,geo_cov_nat,2001,45.57
esp,sex_t,ocu_isco88_1,geo_cov_nat,2002,45.58
esp,sex_t,ocu_isco88_1,geo_cov_nat,2003,44.87
esp,sex_t,ocu_isco88_1,geo_cov_nat,2004,45.48
esp,sex_t,ocu_isco88_1,geo_cov_nat,2005,45.99
esp,sex_t,ocu_isco88_1,geo_cov_nat,2006,46.3
esp,sex_t,ocu_isco88_1,geo_cov_nat,2007,46.18
esp,sex_t,ocu_isco88_1,geo_cov_nat,2008,46.47
esp,sex_t,ocu_isco88_1,geo_cov_nat,2009,45.78
esp,sex_t,ocu_isco88_1,geo_cov_nat,2010,46.91
esp,sex_t,ocu_isco88_1,geo_cov_rur,1992,45.3
esp,sex_t,ocu_isco88_1,geo_cov_rur,1993,45.39
esp,sex_t,ocu_isco88_1,geo_cov_rur,1994,45.28
esp,sex_t,ocu_isco88_1,geo_cov_rur,1995,45.11
esp,sex_t,ocu_isco88_1,geo_cov_rur,1996,45.51
esp,sex_t,ocu_isco88_1,geo_cov_rur,1997,46.29
esp,sex_t,ocu_isco88_1,geo_cov_rur,1998,45.97
esp,sex_t,ocu_isco88_1,geo_cov_rur,1999,47.21
esp,sex_t,ocu_isco88_1,geo_cov_rur,2000,46.97
esp,sex_t,ocu_isco88_1,geo_cov_rur,2001,47.51
esp,sex_t,ocu_isco88_1,geo_cov_rur,2002,46.87
esp,sex_t,ocu_isco88_1,geo_cov_rur,2003,45.66
esp,sex_t,ocu_isco88_1,geo_cov_rur,2004,46.24
esp,sex_t,ocu_isco88_1,geo_cov_rur,2005,47.71
esp,sex_t,ocu_isco88_1,geo_cov_rur,2006,48.12
esp,sex_t,ocu_isco88_1,geo_cov_rur,2007,47.66
esp,sex_t,ocu_isco88_1,geo_cov_rur,2008,48.26
esp,sex_t,ocu_isco88_1,geo_cov_rur,2009,47.13
esp,sex_t,ocu_isco88_1,geo_cov_rur,2010,48.22
esp,sex_t,ocu_isco88_1,geo_cov_urb,1992,43.93
esp,sex_t,ocu_isco88_1,geo_cov_urb,1993,45.26
esp,sex_t,ocu_isco88_1,geo_cov_urb,1994,44.57
esp,sex_t,ocu_isco88_1,geo_cov_urb,1995,43.93
esp,sex_t,ocu_isco88_1,geo_cov_urb,1996,43.82
esp,sex_t,ocu_isco88_1,geo_cov_urb,1997,44.74
esp,sex_t,ocu_isco88_1,geo_cov_urb,1998,45.3
esp,sex_t,ocu_isco88_1,geo_cov_urb,1999,46.44
esp,sex_t,ocu_isco88_1,geo_cov_urb,2000,45.18
esp,sex_t,ocu_isco88_1,geo_cov_urb,2001,44.79
esp,sex_t,ocu_isco88_1,geo_cov_urb,2002,45.08
esp,sex_t,ocu_isco88_1,geo_cov_urb,2003,44.56
esp,sex_t,ocu_isco88_1,geo_cov_urb,2004,45.18
esp,sex_t,ocu_isco88_1,geo_cov_urb,2005,45.37
esp,sex_t,ocu_isco88_1,geo_cov_urb,2006,45.69
esp,sex_t,ocu_isco88_1,geo_cov_urb,2007,45.66
esp,sex_t,ocu_isco88_1,geo_cov_urb,2008,45.9
esp,sex_t,ocu_isco88_1,geo_cov_urb,2009,45.33
esp,sex_t,ocu_isco88_1,geo_cov_urb,2010,46.49
esp,sex_t,ocu_isco88_2,geo_cov_nat,1992,35.01
esp,sex_t,ocu_isco88_2,geo_cov_nat,1993,36.03
esp,sex_t,ocu_isco88_2,geo_cov_nat,1994,35.21
esp,sex_t,ocu_isco88_2,geo_cov_nat,1995,34.87
esp,sex_t,ocu_isco88_2,geo_cov_nat,1996,34.72
esp,sex_t,ocu_isco88_2,geo_cov_nat,1997,34.83
esp,sex_t,ocu_isco88_2,geo_cov_nat,1998,35.24
esp,sex_t,ocu_isco88_2,geo_cov_nat,1999,36.38
esp,sex_t,ocu_isco88_2,geo_cov_nat,2000,35.67
esp,sex_t,ocu_isco88_2,geo_cov_nat,2001,35.38
esp,sex_t,ocu_isco88_2,geo_cov_nat,2002,35.73
esp,sex_t,ocu_isco88_2,geo_cov_nat,2003,35.13
esp,sex_t,ocu_isco88_2,geo_cov_nat,2004,36.08
esp,sex_t,ocu_isco88_2,geo_cov_nat,2005,36.33
esp,sex_t,ocu_isco88_2,geo_cov_nat,2006,36.6
esp,sex_t,ocu_isco88_2,geo_cov_nat,2007,36.67
esp,sex_t,ocu_isco88_2,geo_cov_nat,2008,36.53
esp,sex_t,ocu_isco88_2,geo_cov_nat,2009,36.9
esp,sex_t,ocu_isco88_2,geo_cov_nat,2010,36.23
esp,sex_t,ocu_isco88_2,geo_cov_rur,1992,35.11
esp,sex_t,ocu_isco88_2,geo_cov_rur,1993,35.43
esp,sex_t,ocu_isco88_2,geo_cov_rur,1994,34.84
esp,sex_t,ocu_isco88_2,geo_cov_rur,1995,34.5
esp,sex_t,ocu_isco88_2,geo_cov_rur,1996,34.78
esp,sex_t,ocu_isco88_2,geo_cov_rur,1997,34.35
esp,sex_t,ocu_isco88_2,geo_cov_rur,1998,34.1
esp,sex_t,ocu_isco88_2,geo_cov_rur,1999,35.3
esp,sex_t,ocu_isco88_2,geo_cov_rur,2000,34.73
esp,sex_t,ocu_isco88_2,geo_cov_rur,2001,34.69
esp,sex_t,ocu_isco88_2,geo_cov_rur,2002,35.14
esp,sex_t,ocu_isco88_2,geo_cov_rur,2003,34.47
esp,sex_t,ocu_isco88_2,geo_cov_rur,2004,34.63
esp,sex_t,ocu_isco88_2,geo_cov_rur,2005,35.4
esp,sex_t,ocu_isco88_2,geo_cov_rur,2006,35.53
esp,sex_t,ocu_isco88_2,geo_cov_rur,2007,35.09
esp,sex_t,ocu_isco88_2,geo_cov_rur,2008,34.66
esp,sex_t,ocu_isco88_2,geo_cov_rur,2009,35.67
esp,sex_t,ocu_isco88_2,geo_cov_rur,2010,35.03
esp,sex_t,ocu_isco88_2,geo_cov_urb,1992,34.99
esp,sex_t,ocu_isco88_2,geo_cov_urb,1993,36.15
esp,sex_t,ocu_isco88_2,geo_cov_urb,1994,35.28
esp,sex_t,ocu_isco88_2,geo_cov_urb,1995,34.94
esp,sex_t,ocu_isco88_2,geo_cov_urb,1996,34.71
esp,sex_t,ocu_isco88_2,geo_cov_urb,1997,34.93
esp,sex_t,ocu_isco88_2,geo_cov_urb,1998,35.46
esp,sex_t,ocu_isco88_2,geo_cov_urb,1999,36.58
esp,sex_t,ocu_isco88_2,geo_cov_urb,2000,35.85
esp,sex_t,ocu_isco88_2,geo_cov_urb,2001,35.51
esp,sex_t,ocu_isco88_2,geo_cov_urb,2002,35.84
esp,sex_t,ocu_isco88_2,geo_cov_urb,2003,35.26
esp,sex_t,ocu_isco88_2,geo_cov_urb,2004,36.34
esp,sex_t,ocu_isco88_2,geo_cov_urb,2005,36.49
esp,sex_t,ocu_isco88_2,geo_cov_urb,2006,36.79
esp,sex_t,ocu_isco88_2,geo_cov_urb,2007,36.92
esp,sex_t,ocu_isco88_2,geo_cov_urb,2008,36.83
esp,sex_t,ocu_isco88_2,geo_cov_urb,2009,37.13
esp,sex_t,ocu_isco88_2,geo_cov_urb,2010,36.43
esp,sex_t,ocu_isco88_3,geo_cov_nat,1992,38.13
esp,sex_t,ocu_isco88_3,geo_cov_nat,1993,38.58
esp,sex_t,ocu_isco88_3,geo_cov_nat,1994,38.43
esp,sex_t,ocu_isco88_3,geo_cov_nat,1995,37.14
esp,sex_t,ocu_isco88_3,geo_cov_nat,1996,37.18
esp,sex_t,ocu_isco88_3,geo_cov_nat,1997,37.37
esp,sex_t,ocu_isco88_3,geo_cov_nat,1998,37.56
esp,sex_t,ocu_isco88_3,geo_cov_nat,1999,39.03
esp,sex_t,ocu_isco88_3,geo_cov_nat,2000,37.34
esp,sex_t,ocu_isco88_3,geo_cov_nat,2001,37.32
esp,sex_t,ocu_isco88_3,geo_cov_nat,2002,38.01
esp,sex_t,ocu_isco88_3,geo_cov_nat,2003,36.97
esp,sex_t,ocu_isco88_3,geo_cov_nat,2004,37.57
esp,sex_t,ocu_isco88_3,geo_cov_nat,2005,37.48
esp,sex_t,ocu_isco88_3,geo_cov_nat,2006,37.34
esp,sex_t,ocu_isco88_3,geo_cov_nat,2007,37.69
esp,sex_t,ocu_isco88_3,geo_cov_nat,2008,37.6
esp,sex_t,ocu_isco88_3,geo_cov_nat,2009,36.81
esp,sex_t,ocu_isco88_3,geo_cov_nat,2010,37.31
esp,sex_t,ocu_isco88_3,geo_cov_rur,1992,38.93
esp,sex_t,ocu_isco88_3,geo_cov_rur,1993,38.94
esp,sex_t,ocu_isco88_3,geo_cov_rur,1994,38.67
esp,sex_t,ocu_isco88_3,geo_cov_rur,1995,38.45
esp,sex_t,ocu_isco88_3,geo_cov_rur,1996,38.2
esp,sex_t,ocu_isco88_3,geo_cov_rur,1997,37.55
esp,sex_t,ocu_isco88_3,geo_cov_rur,1998,37.6
esp,sex_t,ocu_isco88_3,geo_cov_rur,1999,39.14
esp,sex_t,ocu_isco88_3,geo_cov_rur,2000,37.48
esp,sex_t,ocu_isco88_3,geo_cov_rur,2001,37.56
esp,sex_t,ocu_isco88_3,geo_cov_rur,2002,38.2
esp,sex_t,ocu_isco88_3,geo_cov_rur,2003,36.98
esp,sex_t,ocu_isco88_3,geo_cov_rur,2004,37.06
esp,sex_t,ocu_isco88_3,geo_cov_rur,2005,36.97
esp,sex_t,ocu_isco88_3,geo_cov_rur,2006,38.12
esp,sex_t,ocu_isco88_3,geo_cov_rur,2007,37.96
esp,sex_t,ocu_isco88_3,geo_cov_rur,2008,37.68
esp,sex_t,ocu_isco88_3,geo_cov_rur,2009,36.2
esp,sex_t,ocu_isco88_3,geo_cov_rur,2010,36.79
esp,sex_t,ocu_isco88_3,geo_cov_urb,1992,38
esp,sex_t,ocu_isco88_3,geo_cov_urb,1993,38.52
esp,sex_t,ocu_isco88_3,geo_cov_urb,1994,38.39
esp,sex_t,ocu_isco88_3,geo_cov_urb,1995,36.93
esp,sex_t,ocu_isco88_3,geo_cov_urb,1996,37.01
esp,sex_t,ocu_isco88_3,geo_cov_urb,1997,37.34
esp,sex_t,ocu_isco88_3,geo_cov_urb,1998,37.55
esp,sex_t,ocu_isco88_3,geo_cov_urb,1999,39.01
esp,sex_t,ocu_isco88_3,geo_cov_urb,2000,37.31
esp,sex_t,ocu_isco88_3,geo_cov_urb,2001,37.28
esp,sex_t,ocu_isco88_3,geo_cov_urb,2002,37.97
esp,sex_t,ocu_isco88_3,geo_cov_urb,2003,36.97
esp,sex_t,ocu_isco88_3,geo_cov_urb,2004,37.67
esp,sex_t,ocu_isco88_3,geo_cov_urb,2005,37.58
esp,sex_t,ocu_isco88_3,geo_cov_urb,2006,37.19
esp,sex_t,ocu_isco88_3,geo_cov_urb,2007,37.65
esp,sex_t,ocu_isco88_3,geo_cov_urb,2008,37.59
esp,sex_t,ocu_isco88_3,geo_cov_urb,2009,36.94
esp,sex_t,ocu_isco88_3,geo_cov_urb,2010,37.4
esp,sex_t,ocu_isco88_4,geo_cov_nat,1992,36.67
esp,sex_t,ocu_isco88_4,geo_cov_nat,1993,37.34
esp,sex_t,ocu_isco88_4,geo_cov_nat,1994,36.93
esp,sex_t,ocu_isco88_4,geo_cov_nat,1995,36.15
esp,sex_t,ocu_isco88_4,geo_cov_nat,1996,35.9
esp,sex_t,ocu_isco88_4,geo_cov_nat,1997,36.15
esp,sex_t,ocu_isco88_4,geo_cov_nat,1998,36.11
esp,sex_t,ocu_isco88_4,geo_cov_nat,1999,37.74
esp,sex_t,ocu_isco88_4,geo_cov_nat,2000,36.54
esp,sex_t,ocu_isco88_4,geo_cov_nat,2001,36.17
esp,sex_t,ocu_isco88_4,geo_cov_nat,2002,36.66
esp,sex_t,ocu_isco88_4,geo_cov_nat,2003,35.68
esp,sex_t,ocu_isco88_4,geo_cov_nat,2004,36.33
esp,sex_t,ocu_isco88_4,geo_cov_nat,2005,36.1
esp,sex_t,ocu_isco88_4,geo_cov_nat,2006,36.41
esp,sex_t,ocu_isco88_4,geo_cov_nat,2007,35.93
esp,sex_t,ocu_isco88_4,geo_cov_nat,2008,35.92
esp,sex_t,ocu_isco88_4,geo_cov_nat,2009,35.52
esp,sex_t,ocu_isco88_4,geo_cov_nat,2010,35.34
esp,sex_t,ocu_isco88_4,geo_cov_rur,1992,36.95
esp,sex_t,ocu_isco88_4,geo_cov_rur,1993,37.38
esp,sex_t,ocu_isco88_4,geo_cov_rur,1994,37.11
esp,sex_t,ocu_isco88_4,geo_cov_rur,1995,36.46
esp,sex_t,ocu_isco88_4,geo_cov_rur,1996,36.1
esp,sex_t,ocu_isco88_4,geo_cov_rur,1997,36.31
esp,sex_t,ocu_isco88_4,geo_cov_rur,1998,36.26
esp,sex_t,ocu_isco88_4,geo_cov_rur,1999,37.52
esp,sex_t,ocu_isco88_4,geo_cov_rur,2000,36.82
esp,sex_t,ocu_isco88_4,geo_cov_rur,2001,35.99
esp,sex_t,ocu_isco88_4,geo_cov_rur,2002,36.97
esp,sex_t,ocu_isco88_4,geo_cov_rur,2003,35.85
esp,sex_t,ocu_isco88_4,geo_cov_rur,2004,36.23
esp,sex_t,ocu_isco88_4,geo_cov_rur,2005,35.55
esp,sex_t,ocu_isco88_4,geo_cov_rur,2006,36.25
esp,sex_t,ocu_isco88_4,geo_cov_rur,2007,35.47
esp,sex_t,ocu_isco88_4,geo_cov_rur,2008,36.27
esp,sex_t,ocu_isco88_4,geo_cov_rur,2009,35.28
esp,sex_t,ocu_isco88_4,geo_cov_rur,2010,34.98
esp,sex_t,ocu_isco88_4,geo_cov_urb,1992,36.62
esp,sex_t,ocu_isco88_4,geo_cov_urb,1993,37.33
esp,sex_t,ocu_isco88_4,geo_cov_urb,1994,36.89
esp,sex_t,ocu_isco88_4,geo_cov_urb,1995,36.09
esp,sex_t,ocu_isco88_4,geo_cov_urb,1996,35.86
esp,sex_t,ocu_isco88_4,geo_cov_urb,1997,36.13
esp,sex_t,ocu_isco88_4,geo_cov_urb,1998,36.08
esp,sex_t,ocu_isco88_4,geo_cov_urb,1999,37.78
esp,sex_t,ocu_isco88_4,geo_cov_urb,2000,36.49
esp,sex_t,ocu_isco88_4,geo_cov_urb,2001,36.21
esp,sex_t,ocu_isco88_4,geo_cov_urb,2002,36.6
esp,sex_t,ocu_isco88_4,geo_cov_urb,2003,35.65
esp,sex_t,ocu_isco88_4,geo_cov_urb,2004,36.35
esp,sex_t,ocu_isco88_4,geo_cov_urb,2005,36.22
esp,sex_t,ocu_isco88_4,geo_cov_urb,2006,36.44
esp,sex_t,ocu_isco88_4,geo_cov_urb,2007,36.02
esp,sex_t,ocu_isco88_4,geo_cov_urb,2008,35.84
esp,sex_t,ocu_isco88_4,geo_cov_urb,2009,35.57
esp,sex_t,ocu_isco88_4,geo_cov_urb,2010,35.41
esp,sex_t,ocu_isco88_5,geo_cov_nat,1992,39.34
esp,sex_t,ocu_isco88_5,geo_cov_nat,1993,39.35
esp,sex_t,ocu_isco88_5,geo_cov_nat,1994,39.41
esp,sex_t,ocu_isco88_5,geo_cov_nat,1995,38.46
esp,sex_t,ocu_isco88_5,geo_cov_nat,1996,38
esp,sex_t,ocu_isco88_5,geo_cov_nat,1997,38.02
esp,sex_t,ocu_isco88_5,geo_cov_nat,1998,38.31
esp,sex_t,ocu_isco88_5,geo_cov_nat,1999,38.57
esp,sex_t,ocu_isco88_5,geo_cov_nat,2000,37.89
esp,sex_t,ocu_isco88_5,geo_cov_nat,2001,37.86
esp,sex_t,ocu_isco88_5,geo_cov_nat,2002,37.99
esp,sex_t,ocu_isco88_5,geo_cov_nat,2003,37.34
esp,sex_t,ocu_isco88_5,geo_cov_nat,2004,37.81
esp,sex_t,ocu_isco88_5,geo_cov_nat,2005,37.88
esp,sex_t,ocu_isco88_5,geo_cov_nat,2006,37.56
esp,sex_t,ocu_isco88_5,geo_cov_nat,2007,37.38
esp,sex_t,ocu_isco88_5,geo_cov_nat,2008,36.96
esp,sex_t,ocu_isco88_5,geo_cov_nat,2009,36.89
esp,sex_t,ocu_isco88_5,geo_cov_nat,2010,36.75
esp,sex_t,ocu_isco88_5,geo_cov_rur,1992,39.44
esp,sex_t,ocu_isco88_5,geo_cov_rur,1993,39.95
esp,sex_t,ocu_isco88_5,geo_cov_rur,1994,40.57
esp,sex_t,ocu_isco88_5,geo_cov_rur,1995,38.93
esp,sex_t,ocu_isco88_5,geo_cov_rur,1996,39.19
esp,sex_t,ocu_isco88_5,geo_cov_rur,1997,38.86
esp,sex_t,ocu_isco88_5,geo_cov_rur,1998,39.34
esp,sex_t,ocu_isco88_5,geo_cov_rur,1999,39.2
esp,sex_t,ocu_isco88_5,geo_cov_rur,2000,38.45
esp,sex_t,ocu_isco88_5,geo_cov_rur,2001,38.77
esp,sex_t,ocu_isco88_5,geo_cov_rur,2002,38.47
esp,sex_t,ocu_isco88_5,geo_cov_rur,2003,37.94
esp,sex_t,ocu_isco88_5,geo_cov_rur,2004,38.36
esp,sex_t,ocu_isco88_5,geo_cov_rur,2005,37.59
esp,sex_t,ocu_isco88_5,geo_cov_rur,2006,38.28
esp,sex_t,ocu_isco88_5,geo_cov_rur,2007,36.7
esp,sex_t,ocu_isco88_5,geo_cov_rur,2008,37.52
esp,sex_t,ocu_isco88_5,geo_cov_rur,2009,37.36
esp,sex_t,ocu_isco88_5,geo_cov_rur,2010,36.29
esp,sex_t,ocu_isco88_5,geo_cov_urb,1992,39.31
esp,sex_t,ocu_isco88_5,geo_cov_urb,1993,39.16
esp,sex_t,ocu_isco88_5,geo_cov_urb,1994,39.03
esp,sex_t,ocu_isco88_5,geo_cov_urb,1995,38.31
esp,sex_t,ocu_isco88_5,geo_cov_urb,1996,37.65
esp,sex_t,ocu_isco88_5,geo_cov_urb,1997,37.77
esp,sex_t,ocu_isco88_5,geo_cov_urb,1998,38
esp,sex_t,ocu_isco88_5,geo_cov_urb,1999,38.38
esp,sex_t,ocu_isco88_5,geo_cov_urb,2000,37.72
esp,sex_t,ocu_isco88_5,geo_cov_urb,2001,37.61
esp,sex_t,ocu_isco88_5,geo_cov_urb,2002,37.84
esp,sex_t,ocu_isco88_5,geo_cov_urb,2003,37.17
esp,sex_t,ocu_isco88_5,geo_cov_urb,2004,37.65
esp,sex_t,ocu_isco88_5,geo_cov_urb,2005,37.96
esp,sex_t,ocu_isco88_5,geo_cov_urb,2006,37.35
esp,sex_t,ocu_isco88_5,geo_cov_urb,2007,37.58
esp,sex_t,ocu_isco88_5,geo_cov_urb,2008,36.81
esp,sex_t,ocu_isco88_5,geo_cov_urb,2009,36.74
esp,sex_t,ocu_isco88_5,geo_cov_urb,2010,36.88
esp,sex_t,ocu_isco88_6,geo_cov_nat,1992,47.38
esp,sex_t,ocu_isco88_6,geo_cov_nat,1993,46.01
esp,sex_t,ocu_isco88_6,geo_cov_nat,1994,46.62
esp,sex_t,ocu_isco88_6,geo_cov_nat,1995,46.39
esp,sex_t,ocu_isco88_6,geo_cov_nat,1996,45.61
esp,sex_t,ocu_isco88_6,geo_cov_nat,1997,46.97
esp,sex_t,ocu_isco88_6,geo_cov_nat,1998,47.21
esp,sex_t,ocu_isco88_6,geo_cov_nat,1999,47.93
esp,sex_t,ocu_isco88_6,geo_cov_nat,2000,46.74
esp,sex_t,ocu_isco88_6,geo_cov_nat,2001,47.17
esp,sex_t,ocu_isco88_6,geo_cov_nat,2002,46.67
esp,sex_t,ocu_isco88_6,geo_cov_nat,2003,45.05
esp,sex_t,ocu_isco88_6,geo_cov_nat,2004,45.42
esp,sex_t,ocu_isco88_6,geo_cov_nat,2005,45.94
esp,sex_t,ocu_isco88_6,geo_cov_nat,2006,46.61
esp,sex_t,ocu_isco88_6,geo_cov_nat,2007,45.77
esp,sex_t,ocu_isco88_6,geo_cov_nat,2008,46.38
esp,sex_t,ocu_isco88_6,geo_cov_nat,2009,46.79
esp,sex_t,ocu_isco88_6,geo_cov_nat,2010,46.93
esp,sex_t,ocu_isco88_6,geo_cov_rur,1992,48.34
esp,sex_t,ocu_isco88_6,geo_cov_rur,1993,47.15
esp,sex_t,ocu_isco88_6,geo_cov_rur,1994,47.62
esp,sex_t,ocu_isco88_6,geo_cov_rur,1995,47.29
esp,sex_t,ocu_isco88_6,geo_cov_rur,1996,46.38
esp,sex_t,ocu_isco88_6,geo_cov_rur,1997,48.56
esp,sex_t,ocu_isco88_6,geo_cov_rur,1998,48.23
esp,sex_t,ocu_isco88_6,geo_cov_rur,1999,49.56
esp,sex_t,ocu_isco88_6,geo_cov_rur,2000,47.87
esp,sex_t,ocu_isco88_6,geo_cov_rur,2001,48.17
esp,sex_t,ocu_isco88_6,geo_cov_rur,2002,48.26
esp,sex_t,ocu_isco88_6,geo_cov_rur,2003,46.77
esp,sex_t,ocu_isco88_6,geo_cov_rur,2004,47.23
esp,sex_t,ocu_isco88_6,geo_cov_rur,2005,48.48
esp,sex_t,ocu_isco88_6,geo_cov_rur,2006,49.21
esp,sex_t,ocu_isco88_6,geo_cov_rur,2007,48.53
esp,sex_t,ocu_isco88_6,geo_cov_rur,2008,49.67
esp,sex_t,ocu_isco88_6,geo_cov_rur,2009,50.07
esp,sex_t,ocu_isco88_6,geo_cov_rur,2010,50.19
esp,sex_t,ocu_isco88_6,geo_cov_urb,1992,44.46
esp,sex_t,ocu_isco88_6,geo_cov_urb,1993,42.74
esp,sex_t,ocu_isco88_6,geo_cov_urb,1994,43.78
esp,sex_t,ocu_isco88_6,geo_cov_urb,1995,43.48
esp,sex_t,ocu_isco88_6,geo_cov_urb,1996,43.22
esp,sex_t,ocu_isco88_6,geo_cov_urb,1997,42.01
esp,sex_t,ocu_isco88_6,geo_cov_urb,1998,43.91
esp,sex_t,ocu_isco88_6,geo_cov_urb,1999,43.32
esp,sex_t,ocu_isco88_6,geo_cov_urb,2000,43.38
esp,sex_t,ocu_isco88_6,geo_cov_urb,2001,44.41
esp,sex_t,ocu_isco88_6,geo_cov_urb,2002,42.82
esp,sex_t,ocu_isco88_6,geo_cov_urb,2003,40.62
esp,sex_t,ocu_isco88_6,geo_cov_urb,2004,40.74
esp,sex_t,ocu_isco88_6,geo_cov_urb,2005,40.27
esp,sex_t,ocu_isco88_6,geo_cov_urb,2006,40.99
esp,sex_t,ocu_isco88_6,geo_cov_urb,2007,39.88
esp,sex_t,ocu_isco88_6,geo_cov_urb,2008,40.7
esp,sex_t,ocu_isco88_6,geo_cov_urb,2009,40.85
esp,sex_t,ocu_isco88_6,geo_cov_urb,2010,40.41
esp,sex_t,ocu_isco88_7,geo_cov_nat,1992,37.94
esp,sex_t,ocu_isco88_7,geo_cov_nat,1993,39.09
esp,sex_t,ocu_isco88_7,geo_cov_nat,1994,38.69
esp,sex_t,ocu_isco88_7,geo_cov_nat,1995,38.4
esp,sex_t,ocu_isco88_7,geo_cov_nat,1996,38.07
esp,sex_t,ocu_isco88_7,geo_cov_nat,1997,38.64
esp,sex_t,ocu_isco88_7,geo_cov_nat,1998,38.86
esp,sex_t,ocu_isco88_7,geo_cov_nat,1999,40.27
esp,sex_t,ocu_isco88_7,geo_cov_nat,2000,39.18
esp,sex_t,ocu_isco88_7,geo_cov_nat,2001,39
esp,sex_t,ocu_isco88_7,geo_cov_nat,2002,39.37
esp,sex_t,ocu_isco88_7,geo_cov_nat,2003,38.63
esp,sex_t,ocu_isco88_7,geo_cov_nat,2004,39.62
esp,sex_t,ocu_isco88_7,geo_cov_nat,2005,40.87
esp,sex_t,ocu_isco88_7,geo_cov_nat,2006,41.18
esp,sex_t,ocu_isco88_7,geo_cov_nat,2007,41.14
esp,sex_t,ocu_isco88_7,geo_cov_nat,2008,40.68
esp,sex_t,ocu_isco88_7,geo_cov_nat,2009,39.92
esp,sex_t,ocu_isco88_7,geo_cov_nat,2010,39.71
esp,sex_t,ocu_isco88_7,geo_cov_rur,1992,38.58
esp,sex_t,ocu_isco88_7,geo_cov_rur,1993,39.55
esp,sex_t,ocu_isco88_7,geo_cov_rur,1994,39.23
esp,sex_t,ocu_isco88_7,geo_cov_rur,1995,39.09
esp,sex_t,ocu_isco88_7,geo_cov_rur,1996,38.58
esp,sex_t,ocu_isco88_7,geo_cov_rur,1997,39.23
esp,sex_t,ocu_isco88_7,geo_cov_rur,1998,39.34
esp,sex_t,ocu_isco88_7,geo_cov_rur,1999,40.52
esp,sex_t,ocu_isco88_7,geo_cov_rur,2000,39.76
esp,sex_t,ocu_isco88_7,geo_cov_rur,2001,39.64
esp,sex_t,ocu_isco88_7,geo_cov_rur,2002,39.83
esp,sex_t,ocu_isco88_7,geo_cov_rur,2003,39.43
esp,sex_t,ocu_isco88_7,geo_cov_rur,2004,40.11
esp,sex_t,ocu_isco88_7,geo_cov_rur,2005,40.94
esp,sex_t,ocu_isco88_7,geo_cov_rur,2006,41.55
esp,sex_t,ocu_isco88_7,geo_cov_rur,2007,40.82
esp,sex_t,ocu_isco88_7,geo_cov_rur,2008,41.15
esp,sex_t,ocu_isco88_7,geo_cov_rur,2009,40.18
esp,sex_t,ocu_isco88_7,geo_cov_rur,2010,39.69
esp,sex_t,ocu_isco88_7,geo_cov_urb,1992,37.68
esp,sex_t,ocu_isco88_7,geo_cov_urb,1993,38.87
esp,sex_t,ocu_isco88_7,geo_cov_urb,1994,38.43
esp,sex_t,ocu_isco88_7,geo_cov_urb,1995,38.08
esp,sex_t,ocu_isco88_7,geo_cov_urb,1996,37.84
esp,sex_t,ocu_isco88_7,geo_cov_urb,1997,38.38
esp,sex_t,ocu_isco88_7,geo_cov_urb,1998,38.64
esp,sex_t,ocu_isco88_7,geo_cov_urb,1999,40.15
esp,sex_t,ocu_isco88_7,geo_cov_urb,2000,38.94
esp,sex_t,ocu_isco88_7,geo_cov_urb,2001,38.74
esp,sex_t,ocu_isco88_7,geo_cov_urb,2002,39.17
esp,sex_t,ocu_isco88_7,geo_cov_urb,2003,38.31
esp,sex_t,ocu_isco88_7,geo_cov_urb,2004,39.41
esp,sex_t,ocu_isco88_7,geo_cov_urb,2005,40.84
esp,sex_t,ocu_isco88_7,geo_cov_urb,2006,41.03
esp,sex_t,ocu_isco88_7,geo_cov_urb,2007,41.27
esp,sex_t,ocu_isco88_7,geo_cov_urb,2008,40.48
esp,sex_t,ocu_isco88_7,geo_cov_urb,2009,39.8
esp,sex_t,ocu_isco88_7,geo_cov_urb,2010,39.71
esp,sex_t,ocu_isco88_8,geo_cov_nat,1992,39.66
esp,sex_t,ocu_isco88_8,geo_cov_nat,1993,40.43
esp,sex_t,ocu_isco88_8,geo_cov_nat,1994,39.98
esp,sex_t,ocu_isco88_8,geo_cov_nat,1995,39.42
esp,sex_t,ocu_isco88_8,geo_cov_nat,1996,39.26
esp,sex_t,ocu_isco88_8,geo_cov_nat,1997,39.7
esp,sex_t,ocu_isco88_8,geo_cov_nat,1998,39.7
esp,sex_t,ocu_isco88_8,geo_cov_nat,1999,41.43
esp,sex_t,ocu_isco88_8,geo_cov_nat,2000,40.31
esp,sex_t,ocu_isco88_8,geo_cov_nat,2001,40.15
esp,sex_t,ocu_isco88_8,geo_cov_nat,2002,40.17
esp,sex_t,ocu_isco88_8,geo_cov_nat,2003,39.68
esp,sex_t,ocu_isco88_8,geo_cov_nat,2004,40.63
esp,sex_t,ocu_isco88_8,geo_cov_nat,2005,41.65
esp,sex_t,ocu_isco88_8,geo_cov_nat,2006,42.08
esp,sex_t,ocu_isco88_8,geo_cov_nat,2007,41.43
esp,sex_t,ocu_isco88_8,geo_cov_nat,2008,41
esp,sex_t,ocu_isco88_8,geo_cov_nat,2009,40.32
esp,sex_t,ocu_isco88_8,geo_cov_nat,2010,40.82
esp,sex_t,ocu_isco88_8,geo_cov_rur,1992,39.94
esp,sex_t,ocu_isco88_8,geo_cov_rur,1993,40.89
esp,sex_t,ocu_isco88_8,geo_cov_rur,1994,40.26
esp,sex_t,ocu_isco88_8,geo_cov_rur,1995,39.92
esp,sex_t,ocu_isco88_8,geo_cov_rur,1996,39.64
esp,sex_t,ocu_isco88_8,geo_cov_rur,1997,40.16
esp,sex_t,ocu_isco88_8,geo_cov_rur,1998,39.49
esp,sex_t,ocu_isco88_8,geo_cov_rur,1999,41.2
esp,sex_t,ocu_isco88_8,geo_cov_rur,2000,40.12
esp,sex_t,ocu_isco88_8,geo_cov_rur,2001,40.53
esp,sex_t,ocu_isco88_8,geo_cov_rur,2002,40.03
esp,sex_t,ocu_isco88_8,geo_cov_rur,2003,40.19
esp,sex_t,ocu_isco88_8,geo_cov_rur,2004,40.63
esp,sex_t,ocu_isco88_8,geo_cov_rur,2005,41.58
esp,sex_t,ocu_isco88_8,geo_cov_rur,2006,42.5
esp,sex_t,ocu_isco88_8,geo_cov_rur,2007,41.86
esp,sex_t,ocu_isco88_8,geo_cov_rur,2008,41.14
esp,sex_t,ocu_isco88_8,geo_cov_rur,2009,40.78
esp,sex_t,ocu_isco88_8,geo_cov_rur,2010,40.3
esp,sex_t,ocu_isco88_8,geo_cov_urb,1992,39.53
esp,sex_t,ocu_isco88_8,geo_cov_urb,1993,40.24
esp,sex_t,ocu_isco88_8,geo_cov_urb,1994,39.84
esp,sex_t,ocu_isco88_8,geo_cov_urb,1995,39.21
esp,sex_t,ocu_isco88_8,geo_cov_urb,1996,39.11
esp,sex_t,ocu_isco88_8,geo_cov_urb,1997,39.52
esp,sex_t,ocu_isco88_8,geo_cov_urb,1998,39.79
esp,sex_t,ocu_isco88_8,geo_cov_urb,1999,41.52
esp,sex_t,ocu_isco88_8,geo_cov_urb,2000,40.39
esp,sex_t,ocu_isco88_8,geo_cov_urb,2001,39.98
esp,sex_t,ocu_isco88_8,geo_cov_urb,2002,40.23
esp,sex_t,ocu_isco88_8,geo_cov_urb,2003,39.45
esp,sex_t,ocu_isco88_8,geo_cov_urb,2004,40.63
esp,sex_t,ocu_isco88_8,geo_cov_urb,2005,41.68
esp,sex_t,ocu_isco88_8,geo_cov_urb,2006,41.9
esp,sex_t,ocu_isco88_8,geo_cov_urb,2007,41.29
esp,sex_t,ocu_isco88_8,geo_cov_urb,2008,40.95
esp,sex_t,ocu_isco88_8,geo_cov_urb,2009,40.13
esp,sex_t,ocu_isco88_8,geo_cov_urb,2010,41.02
esp,sex_t,ocu_isco88_9,geo_cov_nat,1992,35.21
esp,sex_t,ocu_isco88_9,geo_cov_nat,1993,35.26
esp,sex_t,ocu_isco88_9,geo_cov_nat,1994,34.8
esp,sex_t,ocu_isco88_9,geo_cov_nat,1995,34.34
esp,sex_t,ocu_isco88_9,geo_cov_nat,1996,33.93
esp,sex_t,ocu_isco88_9,geo_cov_nat,1997,34.1
esp,sex_t,ocu_isco88_9,geo_cov_nat,1998,34.3
esp,sex_t,ocu_isco88_9,geo_cov_nat,1999,35.27
esp,sex_t,ocu_isco88_9,geo_cov_nat,2000,34.2
esp,sex_t,ocu_isco88_9,geo_cov_nat,2001,34.47
esp,sex_t,ocu_isco88_9,geo_cov_nat,2002,34.68
esp,sex_t,ocu_isco88_9,geo_cov_nat,2003,34.12
esp,sex_t,ocu_isco88_9,geo_cov_nat,2004,34.15
esp,sex_t,ocu_isco88_9,geo_cov_nat,2005,34.31
esp,sex_t,ocu_isco88_9,geo_cov_nat,2006,34.1
esp,sex_t,ocu_isco88_9,geo_cov_nat,2007,33.74
esp,sex_t,ocu_isco88_9,geo_cov_nat,2008,33.27
esp,sex_t,ocu_isco88_9,geo_cov_nat,2009,32.16
esp,sex_t,ocu_isco88_9,geo_cov_nat,2010,32.27
esp,sex_t,ocu_isco88_9,geo_cov_rur,1992,36.82
esp,sex_t,ocu_isco88_9,geo_cov_rur,1993,36.45
esp,sex_t,ocu_isco88_9,geo_cov_rur,1994,35.97
esp,sex_t,ocu_isco88_9,geo_cov_rur,1995,35.73
esp,sex_t,ocu_isco88_9,geo_cov_rur,1996,35.02
esp,sex_t,ocu_isco88_9,geo_cov_rur,1997,35.55
esp,sex_t,ocu_isco88_9,geo_cov_rur,1998,35.76
esp,sex_t,ocu_isco88_9,geo_cov_rur,1999,36.33
esp,sex_t,ocu_isco88_9,geo_cov_rur,2000,35.52
esp,sex_t,ocu_isco88_9,geo_cov_rur,2001,35.8
esp,sex_t,ocu_isco88_9,geo_cov_rur,2002,35.76
esp,sex_t,ocu_isco88_9,geo_cov_rur,2003,35.69
esp,sex_t,ocu_isco88_9,geo_cov_rur,2004,35.17
esp,sex_t,ocu_isco88_9,geo_cov_rur,2005,34.68
esp,sex_t,ocu_isco88_9,geo_cov_rur,2006,34.6
esp,sex_t,ocu_isco88_9,geo_cov_rur,2007,34.2
esp,sex_t,ocu_isco88_9,geo_cov_rur,2008,33.46
esp,sex_t,ocu_isco88_9,geo_cov_rur,2009,33.19
esp,sex_t,ocu_isco88_9,geo_cov_rur,2010,31.71
esp,sex_t,ocu_isco88_9,geo_cov_urb,1992,34.44
esp,sex_t,ocu_isco88_9,geo_cov_urb,1993,34.73
esp,sex_t,ocu_isco88_9,geo_cov_urb,1994,34.25
esp,sex_t,ocu_isco88_9,geo_cov_urb,1995,33.72
esp,sex_t,ocu_isco88_9,geo_cov_urb,1996,33.48
esp,sex_t,ocu_isco88_9,geo_cov_urb,1997,33.41
esp,sex_t,ocu_isco88_9,geo_cov_urb,1998,33.65
esp,sex_t,ocu_isco88_9,geo_cov_urb,1999,34.78
esp,sex_t,ocu_isco88_9,geo_cov_urb,2000,33.62
esp,sex_t,ocu_isco88_9,geo_cov_urb,2001,33.88
esp,sex_t,ocu_isco88_9,geo_cov_urb,2002,34.22
esp,sex_t,ocu_isco88_9,geo_cov_urb,2003,33.47
esp,sex_t,ocu_isco88_9,geo_cov_urb,2004,33.74
esp,sex_t,ocu_isco88_9,geo_cov_urb,2005,34.17
esp,sex_t,ocu_isco88_9,geo_cov_urb,2006,33.92
esp,sex_t,ocu_isco88_9,geo_cov_urb,2007,33.57
esp,sex_t,ocu_isco88_9,geo_cov_urb,2008,33.21
esp,sex_t,ocu_isco88_9,geo_cov_urb,2009,31.8
esp,sex_t,ocu_isco88_9,geo_cov_urb,2010,32.47
esp,sex_t,ocu_isco88_total,geo_cov_nat,1992,38.59
esp,sex_t,ocu_isco88_total,geo_cov_nat,1993,39.27
esp,sex_t,ocu_isco88_total,geo_cov_nat,1994,38.85
esp,sex_t,ocu_isco88_total,geo_cov_nat,1995,38.3
esp,sex_t,ocu_isco88_total,geo_cov_nat,1996,37.96
esp,sex_t,ocu_isco88_total,geo_cov_nat,1997,38.29
esp,sex_t,ocu_isco88_total,geo_cov_nat,1998,38.46
esp,sex_t,ocu_isco88_total,geo_cov_nat,1999,39.53
esp,sex_t,ocu_isco88_total,geo_cov_nat,2000,38.43
esp,sex_t,ocu_isco88_total,geo_cov_nat,2001,38.32
esp,sex_t,ocu_isco88_total,geo_cov_nat,2002,38.47
esp,sex_t,ocu_isco88_total,geo_cov_nat,2003,37.69
esp,sex_t,ocu_isco88_total,geo_cov_nat,2004,38.29
esp,sex_t,ocu_isco88_total,geo_cov_nat,2005,38.59
esp,sex_t,ocu_isco88_total,geo_cov_nat,2006,38.68
esp,sex_t,ocu_isco88_total,geo_cov_nat,2007,38.54
esp,sex_t,ocu_isco88_total,geo_cov_nat,2008,38.29
esp,sex_t,ocu_isco88_total,geo_cov_nat,2009,37.77
esp,sex_t,ocu_isco88_total,geo_cov_nat,2010,37.8
esp,sex_t,ocu_isco88_total,geo_cov_rur,1992,40.47
esp,sex_t,ocu_isco88_total,geo_cov_rur,1993,40.99
esp,sex_t,ocu_isco88_total,geo_cov_rur,1994,40.5
esp,sex_t,ocu_isco88_total,geo_cov_rur,1995,40.22
esp,sex_t,ocu_isco88_total,geo_cov_rur,1996,39.78
esp,sex_t,ocu_isco88_total,geo_cov_rur,1997,40.21
esp,sex_t,ocu_isco88_total,geo_cov_rur,1998,40.11
esp,sex_t,ocu_isco88_total,geo_cov_rur,1999,40.96
esp,sex_t,ocu_isco88_total,geo_cov_rur,2000,39.95
esp,sex_t,ocu_isco88_total,geo_cov_rur,2001,40.04
esp,sex_t,ocu_isco88_total,geo_cov_rur,2002,39.84
esp,sex_t,ocu_isco88_total,geo_cov_rur,2003,39.2
esp,sex_t,ocu_isco88_total,geo_cov_rur,2004,39.44
esp,sex_t,ocu_isco88_total,geo_cov_rur,2005,39.51
esp,sex_t,ocu_isco88_total,geo_cov_rur,2006,39.94
esp,sex_t,ocu_isco88_total,geo_cov_rur,2007,39.32
esp,sex_t,ocu_isco88_total,geo_cov_rur,2008,39.35
esp,sex_t,ocu_isco88_total,geo_cov_rur,2009,38.77
esp,sex_t,ocu_isco88_total,geo_cov_rur,2010,38.37
esp,sex_t,ocu_isco88_total,geo_cov_urb,1992,37.82
esp,sex_t,ocu_isco88_total,geo_cov_urb,1993,38.56
esp,sex_t,ocu_isco88_total,geo_cov_urb,1994,38.17
esp,sex_t,ocu_isco88_total,geo_cov_urb,1995,37.53
esp,sex_t,ocu_isco88_total,geo_cov_urb,1996,37.27
esp,sex_t,ocu_isco88_total,geo_cov_urb,1997,37.56
esp,sex_t,ocu_isco88_total,geo_cov_urb,1998,37.84
esp,sex_t,ocu_isco88_total,geo_cov_urb,1999,39.01
esp,sex_t,ocu_isco88_total,geo_cov_urb,2000,37.89
esp,sex_t,ocu_isco88_total,geo_cov_urb,2001,37.72
esp,sex_t,ocu_isco88_total,geo_cov_urb,2002,38
esp,sex_t,ocu_isco88_total,geo_cov_urb,2003,37.17
esp,sex_t,ocu_isco88_total,geo_cov_urb,2004,37.9
esp,sex_t,ocu_isco88_total,geo_cov_urb,2005,38.29
esp,sex_t,ocu_isco88_total,geo_cov_urb,2006,38.28
esp,sex_t,ocu_isco88_total,geo_cov_urb,2007,38.31
esp,sex_t,ocu_isco88_total,geo_cov_urb,2008,37.97
esp,sex_t,ocu_isco88_total,geo_cov_urb,2009,37.44
esp,sex_t,ocu_isco88_total,geo_cov_urb,2010,37.63
esp,sex_t,ocu_skill_l1,geo_cov_nat,1992,35.21
esp,sex_t,ocu_skill_l1,geo_cov_nat,1993,35.26
esp,sex_t,ocu_skill_l1,geo_cov_nat,1994,34.8
esp,sex_t,ocu_skill_l1,geo_cov_nat,1995,34.34
esp,sex_t,ocu_skill_l1,geo_cov_nat,1996,33.93
esp,sex_t,ocu_skill_l1,geo_cov_nat,1997,34.1
esp,sex_t,ocu_skill_l1,geo_cov_nat,1998,34.3
esp,sex_t,ocu_skill_l1,geo_cov_nat,1999,35.27
esp,sex_t,ocu_skill_l1,geo_cov_nat,2000,34.2
esp,sex_t,ocu_skill_l1,geo_cov_nat,2001,34.47
esp,sex_t,ocu_skill_l1,geo_cov_nat,2002,34.68
esp,sex_t,ocu_skill_l1,geo_cov_nat,2003,34.12
esp,sex_t,ocu_skill_l1,geo_cov_nat,2004,34.15
esp,sex_t,ocu_skill_l1,geo_cov_nat,2005,34.31
esp,sex_t,ocu_skill_l1,geo_cov_nat,2006,34.1
esp,sex_t,ocu_skill_l1,geo_cov_nat,2007,33.74
esp,sex_t,ocu_skill_l1,geo_cov_nat,2008,33.27
esp,sex_t,ocu_skill_l1,geo_cov_nat,2009,32.16
esp,sex_t,ocu_skill_l1,geo_cov_nat,2010,32.27
esp,sex_t,ocu_skill_l1,geo_cov_nat,2011,31.65
esp,sex_t,ocu_skill_l1,geo_cov_nat,2012,30.76
esp,sex_t,ocu_skill_l1,geo_cov_nat,2013,30.16
esp,sex_t,ocu_skill_l1,geo_cov_nat,2014,30.71
esp,sex_t,ocu_skill_l1,geo_cov_nat,2015,30.94
esp,sex_t,ocu_skill_l1,geo_cov_nat,2016,31.7
esp,sex_t,ocu_skill_l1,geo_cov_nat,2017,31.83
esp,sex_t,ocu_skill_l1,geo_cov_nat,2018,32.31
esp,sex_t,ocu_skill_l1,geo_cov_nat,2019,32.39
esp,sex_t,ocu_skill_l1,geo_cov_nat,2020,31.59
esp,sex_t,ocu_skill_l1,geo_cov_nat,2021,31.14
esp,sex_t,ocu_skill_l1,geo_cov_nat,2022,31.91
esp,sex_t,ocu_skill_l1,geo_cov_nat,2023,31.75
esp,sex_t,ocu_skill_l1,geo_cov_rur,1992,36.82
esp,sex_t,ocu_skill_l1,geo_cov_rur,1993,36.45
esp,sex_t,ocu_skill_l1,geo_cov_rur,1994,35.97
esp,sex_t,ocu_skill_l1,geo_cov_rur,1995,35.73
esp,sex_t,ocu_skill_l1,geo_cov_rur,1996,35.02
esp,sex_t,ocu_skill_l1,geo_cov_rur,1997,35.55
esp,sex_t,ocu_skill_l1,geo_cov_rur,1998,35.76
esp,sex_t,ocu_skill_l1,geo_cov_rur,1999,36.33
esp,sex_t,ocu_skill_l1,geo_cov_rur,2000,35.52
esp,sex_t,ocu_skill_l1,geo_cov_rur,2001,35.8
esp,sex_t,ocu_skill_l1,geo_cov_rur,2002,35.76
esp,sex_t,ocu_skill_l1,geo_cov_rur,2003,35.69
esp,sex_t,ocu_skill_l1,geo_cov_rur,2004,35.17
esp,sex_t,ocu_skill_l1,geo_cov_rur,2005,34.68
esp,sex_t,ocu_skill_l1,geo_cov_rur,2006,34.6
esp,sex_t,ocu_skill_l1,geo_cov_rur,2007,34.2
esp,sex_t,ocu_skill_l1,geo_cov_rur,2008,33.46
esp,sex_t,ocu_skill_l1,geo_cov_rur,2009,33.19
esp,sex_t,ocu_skill_l1,geo_cov_rur,2010,31.71
esp,sex_t,ocu_skill_l1,geo_cov_rur,2011,32.93
esp,sex_t,ocu_skill_l1,geo_cov_rur,2012,31.85
esp,sex_t,ocu_skill_l1,geo_cov_rur,2013,32.28
esp,sex_t,ocu_skill_l1,geo_cov_rur,2014,31.97
esp,sex_t,ocu_skill_l1,geo_cov_rur,2015,33.42
esp,sex_t,ocu_skill_l1,geo_cov_rur,2016,32.93
esp,sex_t,ocu_skill_l1,geo_cov_rur,2017,33.81
esp,sex_t,ocu_skill_l1,geo_cov_rur,2018,33.77
esp,sex_t,ocu_skill_l1,geo_cov_rur,2019,34.97
esp,sex_t,ocu_skill_l1,geo_cov_rur,2020,33.19
esp,sex_t,ocu_skill_l1,geo_cov_rur,2021,32.71
esp,sex_t,ocu_skill_l1,geo_cov_rur,2022,33.51
esp,sex_t,ocu_skill_l1,geo_cov_rur,2023,32.86
esp,sex_t,ocu_skill_l1,geo_cov_urb,1992,34.44
esp,sex_t,ocu_skill_l1,geo_cov_urb,1993,34.73
esp,sex_t,ocu_skill_l1,geo_cov_urb,1994,34.25
esp,sex_t,ocu_skill_l1,geo_cov_urb,1995,33.72
esp,sex_t,ocu_skill_l1,geo_cov_urb,1996,33.48
esp,sex_t,ocu_skill_l1,geo_cov_urb,1997,33.41
esp,sex_t,ocu_skill_l1,geo_cov_urb,1998,33.65
esp,sex_t,ocu_skill_l1,geo_cov_urb,1999,34.78
esp,sex_t,ocu_skill_l1,geo_cov_urb,2000,33.62
esp,sex_t,ocu_skill_l1,geo_cov_urb,2001,33.88
esp,sex_t,ocu_skill_l1,geo_cov_urb,2002,34.22
esp,sex_t,ocu_skill_l1,geo_cov_urb,2003,33.47
esp,sex_t,ocu_skill_l1,geo_cov_urb,2004,33.74
esp,sex_t,ocu_skill_l1,geo_cov_urb,2005,34.17
esp,sex_t,ocu_skill_l1,geo_cov_urb,2006,33.92
esp,sex_t,ocu_skill_l1,geo_cov_urb,2007,33.57
esp,sex_t,ocu_skill_l1,geo_cov_urb,2008,33.21
esp,sex_t,ocu_skill_l1,geo_cov_urb,2009,31.8
esp,sex_t,ocu_skill_l1,geo_cov_urb,2010,32.47
esp,sex_t,ocu_skill_l1,geo_cov_urb,2011,31.16
esp,sex_t,ocu_skill_l1,geo_cov_urb,2012,30.34
esp,sex_t,ocu_skill_l1,geo_cov_urb,2013,29.31
esp,sex_t,ocu_skill_l1,geo_cov_urb,2014,30.19
esp,sex_t,ocu_skill_l1,geo_cov_urb,2015,29.94
esp,sex_t,ocu_skill_l1,geo_cov_urb,2016,31.18
esp,sex_t,ocu_skill_l1,geo_cov_urb,2017,31.52
esp,sex_t,ocu_skill_l1,geo_cov_urb,2018,32.09
esp,sex_t,ocu_skill_l1,geo_cov_urb,2019,31.96
esp,sex_t,ocu_skill_l1,geo_cov_urb,2020,31.29
esp,sex_t,ocu_skill_l1,geo_cov_urb,2021,30.89
esp,sex_t,ocu_skill_l1,geo_cov_urb,2022,31.65
esp,sex_t,ocu_skill_l1,geo_cov_urb,2023,31.58
esp,sex_t,ocu_skill_l2,geo_cov_nat,1992,39.27
esp,sex_t,ocu_skill_l2,geo_cov_nat,1993,39.93
esp,sex_t,ocu_skill_l2,geo_cov_nat,1994,39.61
esp,sex_t,ocu_skill_l2,geo_cov_nat,1995,39.13
esp,sex_t,ocu_skill_l2,geo_cov_nat,1996,38.7
esp,sex_t,ocu_skill_l2,geo_cov_nat,1997,39.06
esp,sex_t,ocu_skill_l2,geo_cov_nat,1998,39.2
esp,sex_t,ocu_skill_l2,geo_cov_nat,1999,40.3
esp,sex_t,ocu_skill_l2,geo_cov_nat,2000,39.2
esp,sex_t,ocu_skill_l2,geo_cov_nat,2001,39.05
esp,sex_t,ocu_skill_l2,geo_cov_nat,2002,39.18
esp,sex_t,ocu_skill_l2,geo_cov_nat,2003,38.38
esp,sex_t,ocu_skill_l2,geo_cov_nat,2004,39.13
esp,sex_t,ocu_skill_l2,geo_cov_nat,2005,39.58
esp,sex_t,ocu_skill_l2,geo_cov_nat,2006,39.67
esp,sex_t,ocu_skill_l2,geo_cov_nat,2007,39.33
esp,sex_t,ocu_skill_l2,geo_cov_nat,2008,39
esp,sex_t,ocu_skill_l2,geo_cov_nat,2009,38.49
esp,sex_t,ocu_skill_l2,geo_cov_nat,2010,38.39
esp,sex_t,ocu_skill_l2,geo_cov_nat,2011,38.34
esp,sex_t,ocu_skill_l2,geo_cov_nat,2012,38.11
esp,sex_t,ocu_skill_l2,geo_cov_nat,2013,38.14
esp,sex_t,ocu_skill_l2,geo_cov_nat,2014,38.29
esp,sex_t,ocu_skill_l2,geo_cov_nat,2015,38.08
esp,sex_t,ocu_skill_l2,geo_cov_nat,2016,37.94
esp,sex_t,ocu_skill_l2,geo_cov_nat,2017,37.82
esp,sex_t,ocu_skill_l2,geo_cov_nat,2018,38.07
esp,sex_t,ocu_skill_l2,geo_cov_nat,2019,37.72
esp,sex_t,ocu_skill_l2,geo_cov_nat,2020,37
esp,sex_t,ocu_skill_l2,geo_cov_nat,2021,36.83
esp,sex_t,ocu_skill_l2,geo_cov_nat,2022,37.18
esp,sex_t,ocu_skill_l2,geo_cov_nat,2023,37.02
esp,sex_t,ocu_skill_l2,geo_cov_rur,1992,41.31
esp,sex_t,ocu_skill_l2,geo_cov_rur,1993,41.9
esp,sex_t,ocu_skill_l2,geo_cov_rur,1994,41.52
esp,sex_t,ocu_skill_l2,geo_cov_rur,1995,41.19
esp,sex_t,ocu_skill_l2,geo_cov_rur,1996,40.69
esp,sex_t,ocu_skill_l2,geo_cov_rur,1997,41.37
esp,sex_t,ocu_skill_l2,geo_cov_rur,1998,41.22
esp,sex_t,ocu_skill_l2,geo_cov_rur,1999,42.09
esp,sex_t,ocu_skill_l2,geo_cov_rur,2000,40.97
esp,sex_t,ocu_skill_l2,geo_cov_rur,2001,40.95
esp,sex_t,ocu_skill_l2,geo_cov_rur,2002,40.73
esp,sex_t,ocu_skill_l2,geo_cov_rur,2003,40.14
esp,sex_t,ocu_skill_l2,geo_cov_rur,2004,40.62
esp,sex_t,ocu_skill_l2,geo_cov_rur,2005,40.62
esp,sex_t,ocu_skill_l2,geo_cov_rur,2006,41.17
esp,sex_t,ocu_skill_l2,geo_cov_rur,2007,40.21
esp,sex_t,ocu_skill_l2,geo_cov_rur,2008,40.54
esp,sex_t,ocu_skill_l2,geo_cov_rur,2009,39.86
esp,sex_t,ocu_skill_l2,geo_cov_rur,2010,39.44
esp,sex_t,ocu_skill_l2,geo_cov_rur,2011,39.86
esp,sex_t,ocu_skill_l2,geo_cov_rur,2012,39.25
esp,sex_t,ocu_skill_l2,geo_cov_rur,2013,39.24
esp,sex_t,ocu_skill_l2,geo_cov_rur,2014,39.38
esp,sex_t,ocu_skill_l2,geo_cov_rur,2015,39.25
esp,sex_t,ocu_skill_l2,geo_cov_rur,2016,38.92
esp,sex_t,ocu_skill_l2,geo_cov_rur,2017,38.96
esp,sex_t,ocu_skill_l2,geo_cov_rur,2018,39.4
esp,sex_t,ocu_skill_l2,geo_cov_rur,2019,39.54
esp,sex_t,ocu_skill_l2,geo_cov_rur,2020,38.64
esp,sex_t,ocu_skill_l2,geo_cov_rur,2021,38.26
esp,sex_t,ocu_skill_l2,geo_cov_rur,2022,38.51
esp,sex_t,ocu_skill_l2,geo_cov_rur,2023,38.92
esp,sex_t,ocu_skill_l2,geo_cov_urb,1992,38.36
esp,sex_t,ocu_skill_l2,geo_cov_urb,1993,39.01
esp,sex_t,ocu_skill_l2,geo_cov_urb,1994,38.71
esp,sex_t,ocu_skill_l2,geo_cov_urb,1995,38.15
esp,sex_t,ocu_skill_l2,geo_cov_urb,1996,37.81
esp,sex_t,ocu_skill_l2,geo_cov_urb,1997,38.06
esp,sex_t,ocu_skill_l2,geo_cov_urb,1998,38.32
esp,sex_t,ocu_skill_l2,geo_cov_urb,1999,39.54
esp,sex_t,ocu_skill_l2,geo_cov_urb,2000,38.49
esp,sex_t,ocu_skill_l2,geo_cov_urb,2001,38.29
esp,sex_t,ocu_skill_l2,geo_cov_urb,2002,38.56
esp,sex_t,ocu_skill_l2,geo_cov_urb,2003,37.69
esp,sex_t,ocu_skill_l2,geo_cov_urb,2004,38.54
esp,sex_t,ocu_skill_l2,geo_cov_urb,2005,39.18
esp,sex_t,ocu_skill_l2,geo_cov_urb,2006,39.11
esp,sex_t,ocu_skill_l2,geo_cov_urb,2007,39.03
esp,sex_t,ocu_skill_l2,geo_cov_urb,2008,38.46
esp,sex_t,ocu_skill_l2,geo_cov_urb,2009,37.96
esp,sex_t,ocu_skill_l2,geo_cov_urb,2010,38.02
esp,sex_t,ocu_skill_l2,geo_cov_urb,2011,37.82
esp,sex_t,ocu_skill_l2,geo_cov_urb,2012,37.69
esp,sex_t,ocu_skill_l2,geo_cov_urb,2013,37.73
esp,sex_t,ocu_skill_l2,geo_cov_urb,2014,37.9
esp,sex_t,ocu_skill_l2,geo_cov_urb,2015,37.66
esp,sex_t,ocu_skill_l2,geo_cov_urb,2016,37.58
esp,sex_t,ocu_skill_l2,geo_cov_urb,2017,37.63
esp,sex_t,ocu_skill_l2,geo_cov_urb,2018,37.85
esp,sex_t,ocu_skill_l2,geo_cov_urb,2019,37.43
esp,sex_t,ocu_skill_l2,geo_cov_urb,2020,36.72
esp,sex_t,ocu_skill_l2,geo_cov_urb,2021,36.59
esp,sex_t,ocu_skill_l2,geo_cov_urb,2022,36.95
esp,sex_t,ocu_skill_l2,geo_cov_urb,2023,36.69
esp,sex_t,ocu_skill_l3_4,geo_cov_nat,1992,39.09
esp,sex_t,ocu_skill_l3_4,geo_cov_nat,1993,39.87
esp,sex_t,ocu_skill_l3_4,geo_cov_nat,1994,39.26
esp,sex_t,ocu_skill_l3_4,geo_cov_nat,1995,38.57
esp,sex_t,ocu_skill_l3_4,geo_cov_nat,1996,38.38
esp,sex_t,ocu_skill_l3_4,geo_cov_nat,1997,38.73
esp,sex_t,ocu_skill_l3_4,geo_cov_nat,1998,39
esp,sex_t,ocu_skill_l3_4,geo_cov_nat,1999,40.14
esp,sex_t,ocu_skill_l3_4,geo_cov_nat,2000,38.98
esp,sex_t,ocu_skill_l3_4,geo_cov_nat,2001,38.78
esp,sex_t,ocu_skill_l3_4,geo_cov_nat,2002,39
esp,sex_t,ocu_skill_l3_4,geo_cov_nat,2003,38.21
esp,sex_t,ocu_skill_l3_4,geo_cov_nat,2004,38.84
esp,sex_t,ocu_skill_l3_4,geo_cov_nat,2005,38.93
esp,sex_t,ocu_skill_l3_4,geo_cov_nat,2006,39.17
esp,sex_t,ocu_skill_l3_4,geo_cov_nat,2007,39.35
esp,sex_t,ocu_skill_l3_4,geo_cov_nat,2008,39.34
esp,sex_t,ocu_skill_l3_4,geo_cov_nat,2009,38.94
esp,sex_t,ocu_skill_l3_4,geo_cov_nat,2010,39.15
esp,sex_t,ocu_skill_l3_4,geo_cov_nat,2011,38.37
esp,sex_t,ocu_skill_l3_4,geo_cov_nat,2012,38.19
esp,sex_t,ocu_skill_l3_4,geo_cov_nat,2013,38.27
esp,sex_t,ocu_skill_l3_4,geo_cov_nat,2014,38.34
esp,sex_t,ocu_skill_l3_4,geo_cov_nat,2015,37.93
esp,sex_t,ocu_skill_l3_4,geo_cov_nat,2016,37.75
esp,sex_t,ocu_skill_l3_4,geo_cov_nat,2017,37.41
esp,sex_t,ocu_skill_l3_4,geo_cov_nat,2018,37.68
esp,sex_t,ocu_skill_l3_4,geo_cov_nat,2019,37.32
esp,sex_t,ocu_skill_l3_4,geo_cov_nat,2020,36.8
esp,sex_t,ocu_skill_l3_4,geo_cov_nat,2021,36.71
esp,sex_t,ocu_skill_l3_4,geo_cov_nat,2022,36.83
esp,sex_t,ocu_skill_l3_4,geo_cov_nat,2023,36.56
esp,sex_t,ocu_skill_l3_4,geo_cov_rur,1992,40.99
esp,sex_t,ocu_skill_l3_4,geo_cov_rur,1993,41.24
esp,sex_t,ocu_skill_l3_4,geo_cov_rur,1994,40.64
esp,sex_t,ocu_skill_l3_4,geo_cov_rur,1995,40.52
esp,sex_t,ocu_skill_l3_4,geo_cov_rur,1996,40.29
esp,sex_t,ocu_skill_l3_4,geo_cov_rur,1997,40.3
esp,sex_t,ocu_skill_l3_4,geo_cov_rur,1998,40.05
esp,sex_t,ocu_skill_l3_4,geo_cov_rur,1999,41.34
esp,sex_t,ocu_skill_l3_4,geo_cov_rur,2000,40.48
esp,sex_t,ocu_skill_l3_4,geo_cov_rur,2001,40.72
esp,sex_t,ocu_skill_l3_4,geo_cov_rur,2002,40.5
esp,sex_t,ocu_skill_l3_4,geo_cov_rur,2003,39.4
esp,sex_t,ocu_skill_l3_4,geo_cov_rur,2004,39.59
esp,sex_t,ocu_skill_l3_4,geo_cov_rur,2005,40.05
esp,sex_t,ocu_skill_l3_4,geo_cov_rur,2006,40.6
esp,sex_t,ocu_skill_l3_4,geo_cov_rur,2007,40.57
esp,sex_t,ocu_skill_l3_4,geo_cov_rur,2008,40.34
esp,sex_t,ocu_skill_l3_4,geo_cov_rur,2009,39.46
esp,sex_t,ocu_skill_l3_4,geo_cov_rur,2010,40.07
esp,sex_t,ocu_skill_l3_4,geo_cov_rur,2011,38.53
esp,sex_t,ocu_skill_l3_4,geo_cov_rur,2012,38.18
esp,sex_t,ocu_skill_l3_4,geo_cov_rur,2013,37.87
esp,sex_t,ocu_skill_l3_4,geo_cov_rur,2014,38.19
esp,sex_t,ocu_skill_l3_4,geo_cov_rur,2015,37.52
esp,sex_t,ocu_skill_l3_4,geo_cov_rur,2016,37.4
esp,sex_t,ocu_skill_l3_4,geo_cov_rur,2017,36.91
esp,sex_t,ocu_skill_l3_4,geo_cov_rur,2018,36.78
esp,sex_t,ocu_skill_l3_4,geo_cov_rur,2019,37.64
esp,sex_t,ocu_skill_l3_4,geo_cov_rur,2020,36.46
esp,sex_t,ocu_skill_l3_4,geo_cov_rur,2021,36.43
esp,sex_t,ocu_skill_l3_4,geo_cov_rur,2022,37.22
esp,sex_t,ocu_skill_l3_4,geo_cov_rur,2023,36.33
esp,sex_t,ocu_skill_l3_4,geo_cov_urb,1992,38.57
esp,sex_t,ocu_skill_l3_4,geo_cov_urb,1993,39.5
esp,sex_t,ocu_skill_l3_4,geo_cov_urb,1994,38.9
esp,sex_t,ocu_skill_l3_4,geo_cov_urb,1995,38.13
esp,sex_t,ocu_skill_l3_4,geo_cov_urb,1996,37.92
esp,sex_t,ocu_skill_l3_4,geo_cov_urb,1997,38.34
esp,sex_t,ocu_skill_l3_4,geo_cov_urb,1998,38.75
esp,sex_t,ocu_skill_l3_4,geo_cov_urb,1999,39.87
esp,sex_t,ocu_skill_l3_4,geo_cov_urb,2000,38.63
esp,sex_t,ocu_skill_l3_4,geo_cov_urb,2001,38.33
esp,sex_t,ocu_skill_l3_4,geo_cov_urb,2002,38.66
esp,sex_t,ocu_skill_l3_4,geo_cov_urb,2003,37.94
esp,sex_t,ocu_skill_l3_4,geo_cov_urb,2004,38.67
esp,sex_t,ocu_skill_l3_4,geo_cov_urb,2005,38.69
esp,sex_t,ocu_skill_l3_4,geo_cov_urb,2006,38.85
esp,sex_t,ocu_skill_l3_4,geo_cov_urb,2007,39.1
esp,sex_t,ocu_skill_l3_4,geo_cov_urb,2008,39.13
esp,sex_t,ocu_skill_l3_4,geo_cov_urb,2009,38.82
esp,sex_t,ocu_skill_l3_4,geo_cov_urb,2010,38.96
esp,sex_t,ocu_skill_l3_4,geo_cov_urb,2011,38.34
esp,sex_t,ocu_skill_l3_4,geo_cov_urb,2012,38.19
esp,sex_t,ocu_skill_l3_4,geo_cov_urb,2013,38.34
esp,sex_t,ocu_skill_l3_4,geo_cov_urb,2014,38.37
esp,sex_t,ocu_skill_l3_4,geo_cov_urb,2015,38
esp,sex_t,ocu_skill_l3_4,geo_cov_urb,2016,37.82
esp,sex_t,ocu_skill_l3_4,geo_cov_urb,2017,37.45
esp,sex_t,ocu_skill_l3_4,geo_cov_urb,2018,37.75
esp,sex_t,ocu_skill_l3_4,geo_cov_urb,2019,37.29
esp,sex_t,ocu_skill_l3_4,geo_cov_urb,2020,36.83
esp,sex_t,ocu_skill_l3_4,geo_cov_urb,2021,36.74
esp,sex_t,ocu_skill_l3_4,geo_cov_urb,2022,36.79
esp,sex_t,ocu_skill_l3_4,geo_cov_urb,2023,36.59
esp,sex_t,ocu_skill_total,geo_cov_nat,1992,38.59
esp,sex_t,ocu_skill_total,geo_cov_nat,1993,39.27
esp,sex_t,ocu_skill_total,geo_cov_nat,1994,38.85
esp,sex_t,ocu_skill_total,geo_cov_nat,1995,38.3
esp,sex_t,ocu_skill_total,geo_cov_nat,1996,37.96
esp,sex_t,ocu_skill_total,geo_cov_nat,1997,38.29
esp,sex_t,ocu_skill_total,geo_cov_nat,1998,38.46
esp,sex_t,ocu_skill_total,geo_cov_nat,1999,39.53
esp,sex_t,ocu_skill_total,geo_cov_nat,2000,38.43
esp,sex_t,ocu_skill_total,geo_cov_nat,2001,38.32
esp,sex_t,ocu_skill_total,geo_cov_nat,2002,38.47
esp,sex_t,ocu_skill_total,geo_cov_nat,2003,37.69
esp,sex_t,ocu_skill_total,geo_cov_nat,2004,38.29
esp,sex_t,ocu_skill_total,geo_cov_nat,2005,38.59
esp,sex_t,ocu_skill_total,geo_cov_nat,2006,38.68
esp,sex_t,ocu_skill_total,geo_cov_nat,2007,38.54
esp,sex_t,ocu_skill_total,geo_cov_nat,2008,38.29
esp,sex_t,ocu_skill_total,geo_cov_nat,2009,37.77
esp,sex_t,ocu_skill_total,geo_cov_nat,2010,37.8
esp,sex_t,ocu_skill_total,geo_cov_nat,2011,37.49
esp,sex_t,ocu_skill_total,geo_cov_nat,2012,37.17
esp,sex_t,ocu_skill_total,geo_cov_nat,2013,37.14
esp,sex_t,ocu_skill_total,geo_cov_nat,2014,37.33
esp,sex_t,ocu_skill_total,geo_cov_nat,2015,37.13
esp,sex_t,ocu_skill_total,geo_cov_nat,2016,37.05
esp,sex_t,ocu_skill_total,geo_cov_nat,2017,36.87
esp,sex_t,ocu_skill_total,geo_cov_nat,2018,37.18
esp,sex_t,ocu_skill_total,geo_cov_nat,2019,36.9
esp,sex_t,ocu_skill_total,geo_cov_nat,2020,36.27
esp,sex_t,ocu_skill_total,geo_cov_nat,2021,36.12
esp,sex_t,ocu_skill_total,geo_cov_nat,2022,36.38
esp,sex_t,ocu_skill_total,geo_cov_nat,2023,36.24
esp,sex_t,ocu_skill_total,geo_cov_rur,1992,40.47
esp,sex_t,ocu_skill_total,geo_cov_rur,1993,40.99
esp,sex_t,ocu_skill_total,geo_cov_rur,1994,40.5
esp,sex_t,ocu_skill_total,geo_cov_rur,1995,40.22
esp,sex_t,ocu_skill_total,geo_cov_rur,1996,39.78
esp,sex_t,ocu_skill_total,geo_cov_rur,1997,40.21
esp,sex_t,ocu_skill_total,geo_cov_rur,1998,40.11
esp,sex_t,ocu_skill_total,geo_cov_rur,1999,40.96
esp,sex_t,ocu_skill_total,geo_cov_rur,2000,39.95
esp,sex_t,ocu_skill_total,geo_cov_rur,2001,40.04
esp,sex_t,ocu_skill_total,geo_cov_rur,2002,39.84
esp,sex_t,ocu_skill_total,geo_cov_rur,2003,39.2
esp,sex_t,ocu_skill_total,geo_cov_rur,2004,39.44
esp,sex_t,ocu_skill_total,geo_cov_rur,2005,39.51
esp,sex_t,ocu_skill_total,geo_cov_rur,2006,39.94
esp,sex_t,ocu_skill_total,geo_cov_rur,2007,39.32
esp,sex_t,ocu_skill_total,geo_cov_rur,2008,39.35
esp,sex_t,ocu_skill_total,geo_cov_rur,2009,38.77
esp,sex_t,ocu_skill_total,geo_cov_rur,2010,38.37
esp,sex_t,ocu_skill_total,geo_cov_rur,2011,38.47
esp,sex_t,ocu_skill_total,geo_cov_rur,2012,37.86
esp,sex_t,ocu_skill_total,geo_cov_rur,2013,37.82
esp,sex_t,ocu_skill_total,geo_cov_rur,2014,37.91
esp,sex_t,ocu_skill_total,geo_cov_rur,2015,37.94
esp,sex_t,ocu_skill_total,geo_cov_rur,2016,37.58
esp,sex_t,ocu_skill_total,geo_cov_rur,2017,37.73
esp,sex_t,ocu_skill_total,geo_cov_rur,2018,38
esp,sex_t,ocu_skill_total,geo_cov_rur,2019,38.4
esp,sex_t,ocu_skill_total,geo_cov_rur,2020,37.25
esp,sex_t,ocu_skill_total,geo_cov_rur,2021,37.06
esp,sex_t,ocu_skill_total,geo_cov_rur,2022,37.49
esp,sex_t,ocu_skill_total,geo_cov_rur,2023,37.5
esp,sex_t,ocu_skill_total,geo_cov_urb,1992,37.82
esp,sex_t,ocu_skill_total,geo_cov_urb,1993,38.56
esp,sex_t,ocu_skill_total,geo_cov_urb,1994,38.17
esp,sex_t,ocu_skill_total,geo_cov_urb,1995,37.53
esp,sex_t,ocu_skill_total,geo_cov_urb,1996,37.27
esp,sex_t,ocu_skill_total,geo_cov_urb,1997,37.56
esp,sex_t,ocu_skill_total,geo_cov_urb,1998,37.84
esp,sex_t,ocu_skill_total,geo_cov_urb,1999,39.01
esp,sex_t,ocu_skill_total,geo_cov_urb,2000,37.89
esp,sex_t,ocu_skill_total,geo_cov_urb,2001,37.72
esp,sex_t,ocu_skill_total,geo_cov_urb,2002,38
esp,sex_t,ocu_skill_total,geo_cov_urb,2003,37.17
esp,sex_t,ocu_skill_total,geo_cov_urb,2004,37.9
esp,sex_t,ocu_skill_total,geo_cov_urb,2005,38.29
esp,sex_t,ocu_skill_total,geo_cov_urb,2006,38.28
esp,sex_t,ocu_skill_total,geo_cov_urb,2007,38.31
esp,sex_t,ocu_skill_total,geo_cov_urb,2008,37.97
esp,sex_t,ocu_skill_total,geo_cov_urb,2009,37.44
esp,sex_t,ocu_skill_total,geo_cov_urb,2010,37.63
esp,sex_t,ocu_skill_total,geo_cov_urb,2011,37.2
esp,sex_t,ocu_skill_total,geo_cov_urb,2012,36.96
esp,sex_t,ocu_skill_total,geo_cov_urb,2013,36.93
esp,sex_t,ocu_skill_total,geo_cov_urb,2014,37.15
esp,sex_t,ocu_skill_total,geo_cov_urb,2015,36.89
esp,sex_t,ocu_skill_total,geo_cov_urb,2016,36.88
esp,sex_t,ocu_skill_total,geo_cov_urb,2017,36.75
esp,sex_t,ocu_skill_total,geo_cov_urb,2018,37.07
esp,sex_t,ocu_skill_total,geo_cov_urb,2019,36.69
esp,sex_t,ocu_skill_total,geo_cov_urb,2020,36.13
esp,sex_t,ocu_skill_total,geo_cov_urb,2021,35.99
esp,sex_t,ocu_skill_total,geo_cov_urb,2022,36.22
esp,sex_t,ocu_skill_total,geo_cov_urb,2023,36.07
esp,sex_t,ocu_skill_x,geo_cov_nat,1992,41.82
esp,sex_t,ocu_skill_x,geo_cov_nat,1993,40.69
esp,sex_t,ocu_skill_x,geo_cov_nat,1994,41.45
esp,sex_t,ocu_skill_x,geo_cov_nat,1995,39.36
esp,sex_t,ocu_skill_x,geo_cov_nat,1996,38.73
esp,sex_t,ocu_skill_x,geo_cov_nat,1997,40.55
esp,sex_t,ocu_skill_x,geo_cov_nat,1998,39.61
esp,sex_t,ocu_skill_x,geo_cov_nat,1999,40.55
esp,sex_t,ocu_skill_x,geo_cov_nat,2000,39.86
esp,sex_t,ocu_skill_x,geo_cov_nat,2001,38.4
esp,sex_t,ocu_skill_x,geo_cov_nat,2002,39.5
esp,sex_t,ocu_skill_x,geo_cov_nat,2003,39.08
esp,sex_t,ocu_skill_x,geo_cov_nat,2004,38.98
esp,sex_t,ocu_skill_x,geo_cov_nat,2005,39.45
esp,sex_t,ocu_skill_x,geo_cov_nat,2006,39.78
esp,sex_t,ocu_skill_x,geo_cov_nat,2007,40.38
esp,sex_t,ocu_skill_x,geo_cov_nat,2008,41.16
esp,sex_t,ocu_skill_x,geo_cov_nat,2009,38.69
esp,sex_t,ocu_skill_x,geo_cov_nat,2010,38.59
esp,sex_t,ocu_skill_x,geo_cov_nat,2011,39.13
esp,sex_t,ocu_skill_x,geo_cov_nat,2012,38.41
esp,sex_t,ocu_skill_x,geo_cov_nat,2013,38.32
esp,sex_t,ocu_skill_x,geo_cov_nat,2014,39.91
esp,sex_t,ocu_skill_x,geo_cov_nat,2015,38.09
esp,sex_t,ocu_skill_x,geo_cov_nat,2016,37.93
esp,sex_t,ocu_skill_x,geo_cov_nat,2017,37.83
esp,sex_t,ocu_skill_x,geo_cov_nat,2018,38.37
esp,sex_t,ocu_skill_x,geo_cov_nat,2019,39.5
esp,sex_t,ocu_skill_x,geo_cov_nat,2020,38.4
esp,sex_t,ocu_skill_x,geo_cov_nat,2021,38.57
esp,sex_t,ocu_skill_x,geo_cov_nat,2022,36.94
esp,sex_t,ocu_skill_x,geo_cov_nat,2023,38.41
esp,sex_t,ocu_skill_x,geo_cov_rur,1992,46.38
esp,sex_t,ocu_skill_x,geo_cov_rur,1993,45.02
esp,sex_t,ocu_skill_x,geo_cov_rur,1994,44.23
esp,sex_t,ocu_skill_x,geo_cov_rur,1995,42.05
esp,sex_t,ocu_skill_x,geo_cov_rur,1996,40.91
esp,sex_t,ocu_skill_x,geo_cov_rur,1997,39.68
esp,sex_t,ocu_skill_x,geo_cov_rur,1998,39.73
esp,sex_t,ocu_skill_x,geo_cov_rur,1999,41.02
esp,sex_t,ocu_skill_x,geo_cov_rur,2000,39.84
esp,sex_t,ocu_skill_x,geo_cov_rur,2001,39.97
esp,sex_t,ocu_skill_x,geo_cov_rur,2002,41.5
esp,sex_t,ocu_skill_x,geo_cov_rur,2003,39.96
esp,sex_t,ocu_skill_x,geo_cov_rur,2004,38.76
esp,sex_t,ocu_skill_x,geo_cov_rur,2005,38.29
esp,sex_t,ocu_skill_x,geo_cov_rur,2006,39.11
esp,sex_t,ocu_skill_x,geo_cov_rur,2007,39.21
esp,sex_t,ocu_skill_x,geo_cov_rur,2008,38.92
esp,sex_t,ocu_skill_x,geo_cov_rur,2009,37.6
esp,sex_t,ocu_skill_x,geo_cov_rur,2010,38.83
esp,sex_t,ocu_skill_x,geo_cov_rur,2011,38.73
esp,sex_t,ocu_skill_x,geo_cov_rur,2012,39.15
esp,sex_t,ocu_skill_x,geo_cov_rur,2013,38.46
esp,sex_t,ocu_skill_x,geo_cov_rur,2014,39.87
esp,sex_t,ocu_skill_x,geo_cov_rur,2015,37.68
esp,sex_t,ocu_skill_x,geo_cov_rur,2016,37.3
esp,sex_t,ocu_skill_x,geo_cov_rur,2017,37.99
esp,sex_t,ocu_skill_x,geo_cov_rur,2018,38.16
esp,sex_t,ocu_skill_x,geo_cov_rur,2019,38.22
esp,sex_t,ocu_skill_x,geo_cov_rur,2020,37.97
esp,sex_t,ocu_skill_x,geo_cov_rur,2021,31.95
esp,sex_t,ocu_skill_x,geo_cov_rur,2022,37.89
esp,sex_t,ocu_skill_x,geo_cov_rur,2023,35.01
esp,sex_t,ocu_skill_x,geo_cov_urb,1992,40.53
esp,sex_t,ocu_skill_x,geo_cov_urb,1993,40.14
esp,sex_t,ocu_skill_x,geo_cov_urb,1994,41.17
esp,sex_t,ocu_skill_x,geo_cov_urb,1995,38.96
esp,sex_t,ocu_skill_x,geo_cov_urb,1996,38.42
esp,sex_t,ocu_skill_x,geo_cov_urb,1997,40.68
esp,sex_t,ocu_skill_x,geo_cov_urb,1998,39.59
esp,sex_t,ocu_skill_x,geo_cov_urb,1999,40.49
esp,sex_t,ocu_skill_x,geo_cov_urb,2000,39.86
esp,sex_t,ocu_skill_x,geo_cov_urb,2001,38.04
esp,sex_t,ocu_skill_x,geo_cov_urb,2002,39.12
esp,sex_t,ocu_skill_x,geo_cov_urb,2003,38.96
esp,sex_t,ocu_skill_x,geo_cov_urb,2004,39.02
esp,sex_t,ocu_skill_x,geo_cov_urb,2005,39.63
esp,sex_t,ocu_skill_x,geo_cov_urb,2006,39.95
esp,sex_t,ocu_skill_x,geo_cov_urb,2007,40.62
esp,sex_t,ocu_skill_x,geo_cov_urb,2008,41.58
esp,sex_t,ocu_skill_x,geo_cov_urb,2009,38.89
esp,sex_t,ocu_skill_x,geo_cov_urb,2010,38.53
esp,sex_t,ocu_skill_x,geo_cov_urb,2011,39.23
esp,sex_t,ocu_skill_x,geo_cov_urb,2012,38.23
esp,sex_t,ocu_skill_x,geo_cov_urb,2013,38.29
esp,sex_t,ocu_skill_x,geo_cov_urb,2014,39.92
esp,sex_t,ocu_skill_x,geo_cov_urb,2015,38.16
esp,sex_t,ocu_skill_x,geo_cov_urb,2016,38.03
esp,sex_t,ocu_skill_x,geo_cov_urb,2017,37.81
esp,sex_t,ocu_skill_x,geo_cov_urb,2018,38.38
esp,sex_t,ocu_skill_x,geo_cov_urb,2019,39.55
esp,sex_t,ocu_skill_x,geo_cov_urb,2020,38.46
esp,sex_t,ocu_skill_x,geo_cov_urb,2021,38.88
esp,sex_t,ocu_skill_x,geo_cov_urb,2022,36.82
esp,sex_t,ocu_skill_x,geo_cov_urb,2023,38.7
