ref_area,sex,classif1,classif2,time,ees_tees_sex_age_eco_nb
svn,sex_f,age_10yrbands_total,eco_aggregate_agr,1996,5.305
svn,sex_f,age_10yrbands_total,eco_aggregate_agr,1997,4.691
svn,sex_f,age_10yrbands_total,eco_aggregate_agr,1998,4.914
svn,sex_f,age_10yrbands_total,eco_aggregate_agr,1999,2.654
svn,sex_f,age_10yrbands_total,eco_aggregate_agr,2000,3.544
svn,sex_f,age_10yrbands_total,eco_aggregate_agr,2001,2.156
svn,sex_f,age_10yrbands_total,eco_aggregate_agr,2002,3.281
svn,sex_f,age_10yrbands_total,eco_aggregate_agr,2003,3.878
svn,sex_f,age_10yrbands_total,eco_aggregate_agr,2004,5.197
svn,sex_f,age_10yrbands_total,eco_aggregate_agr,2005,3.529
svn,sex_f,age_10yrbands_total,eco_aggregate_agr,2006,3.084
svn,sex_f,age_10yrbands_total,eco_aggregate_agr,2007,5.258
svn,sex_f,age_10yrbands_total,eco_aggregate_agr,2008,4.164
svn,sex_f,age_10yrbands_total,eco_aggregate_agr,2009,3.345
svn,sex_f,age_10yrbands_total,eco_aggregate_agr,2010,2.912
svn,sex_f,age_10yrbands_total,eco_aggregate_agr,2011,3.161
svn,sex_f,age_10yrbands_total,eco_aggregate_agr,2012,3.278
svn,sex_f,age_10yrbands_total,eco_aggregate_agr,2013,2.731
svn,sex_f,age_10yrbands_total,eco_aggregate_agr,2014,3.048
svn,sex_f,age_10yrbands_total,eco_aggregate_agr,2015,2.596
svn,sex_f,age_10yrbands_total,eco_aggregate_agr,2016,2.444
svn,sex_f,age_10yrbands_total,eco_aggregate_agr,2017,3.18
svn,sex_f,age_10yrbands_total,eco_aggregate_agr,2018,2.84
svn,sex_f,age_10yrbands_total,eco_aggregate_agr,2019,3.135
svn,sex_f,age_10yrbands_total,eco_aggregate_agr,2020,2.938
svn,sex_f,age_10yrbands_total,eco_aggregate_agr,2021,3.486
svn,sex_f,age_10yrbands_total,eco_aggregate_agr,2022,3.868
svn,sex_f,age_10yrbands_total,eco_aggregate_agr,2023,2.95
svn,sex_f,age_10yrbands_total,eco_aggregate_con,1996,5.541
svn,sex_f,age_10yrbands_total,eco_aggregate_con,1997,5.73
svn,sex_f,age_10yrbands_total,eco_aggregate_con,1998,5.056
svn,sex_f,age_10yrbands_total,eco_aggregate_con,1999,3.6
svn,sex_f,age_10yrbands_total,eco_aggregate_con,2000,4.631
svn,sex_f,age_10yrbands_total,eco_aggregate_con,2001,5.586
svn,sex_f,age_10yrbands_total,eco_aggregate_con,2002,4.855
svn,sex_f,age_10yrbands_total,eco_aggregate_con,2003,4.816
svn,sex_f,age_10yrbands_total,eco_aggregate_con,2004,4.248
svn,sex_f,age_10yrbands_total,eco_aggregate_con,2005,3.658
svn,sex_f,age_10yrbands_total,eco_aggregate_con,2006,4.141
svn,sex_f,age_10yrbands_total,eco_aggregate_con,2007,4.421
svn,sex_f,age_10yrbands_total,eco_aggregate_con,2008,6.508
svn,sex_f,age_10yrbands_total,eco_aggregate_con,2009,6.798
svn,sex_f,age_10yrbands_total,eco_aggregate_con,2010,5.327
svn,sex_f,age_10yrbands_total,eco_aggregate_con,2011,4.619
svn,sex_f,age_10yrbands_total,eco_aggregate_con,2012,4.92
svn,sex_f,age_10yrbands_total,eco_aggregate_con,2013,5.522
svn,sex_f,age_10yrbands_total,eco_aggregate_con,2014,2.99
svn,sex_f,age_10yrbands_total,eco_aggregate_con,2015,3.603
svn,sex_f,age_10yrbands_total,eco_aggregate_con,2016,3.865
svn,sex_f,age_10yrbands_total,eco_aggregate_con,2017,4.279
svn,sex_f,age_10yrbands_total,eco_aggregate_con,2018,4.502
svn,sex_f,age_10yrbands_total,eco_aggregate_con,2019,4.85
svn,sex_f,age_10yrbands_total,eco_aggregate_con,2020,4.748
svn,sex_f,age_10yrbands_total,eco_aggregate_con,2021,5.722
svn,sex_f,age_10yrbands_total,eco_aggregate_con,2022,6.01
svn,sex_f,age_10yrbands_total,eco_aggregate_con,2023,5.364
svn,sex_f,age_10yrbands_total,eco_aggregate_man,1996,118.42
svn,sex_f,age_10yrbands_total,eco_aggregate_man,1997,113.826
svn,sex_f,age_10yrbands_total,eco_aggregate_man,1998,112.587
svn,sex_f,age_10yrbands_total,eco_aggregate_man,1999,103.884
svn,sex_f,age_10yrbands_total,eco_aggregate_man,2000,105.416
svn,sex_f,age_10yrbands_total,eco_aggregate_man,2001,108.062
svn,sex_f,age_10yrbands_total,eco_aggregate_man,2002,110.25
svn,sex_f,age_10yrbands_total,eco_aggregate_man,2003,97.061
svn,sex_f,age_10yrbands_total,eco_aggregate_man,2004,98.352
svn,sex_f,age_10yrbands_total,eco_aggregate_man,2005,99.414
svn,sex_f,age_10yrbands_total,eco_aggregate_man,2006,92.261
svn,sex_f,age_10yrbands_total,eco_aggregate_man,2007,90.322
svn,sex_f,age_10yrbands_total,eco_aggregate_man,2008,89.931
svn,sex_f,age_10yrbands_total,eco_aggregate_man,2009,83.245
svn,sex_f,age_10yrbands_total,eco_aggregate_man,2010,78.077
svn,sex_f,age_10yrbands_total,eco_aggregate_man,2011,66.751
svn,sex_f,age_10yrbands_total,eco_aggregate_man,2012,64.234
svn,sex_f,age_10yrbands_total,eco_aggregate_man,2013,61.899
svn,sex_f,age_10yrbands_total,eco_aggregate_man,2014,62.35
svn,sex_f,age_10yrbands_total,eco_aggregate_man,2015,64.337
svn,sex_f,age_10yrbands_total,eco_aggregate_man,2016,70.223
svn,sex_f,age_10yrbands_total,eco_aggregate_man,2017,71.118
svn,sex_f,age_10yrbands_total,eco_aggregate_man,2018,78.438
svn,sex_f,age_10yrbands_total,eco_aggregate_man,2019,78.969
svn,sex_f,age_10yrbands_total,eco_aggregate_man,2020,72.406
svn,sex_f,age_10yrbands_total,eco_aggregate_man,2021,61.012
svn,sex_f,age_10yrbands_total,eco_aggregate_man,2022,62.408
svn,sex_f,age_10yrbands_total,eco_aggregate_man,2023,68.253
svn,sex_f,age_10yrbands_total,eco_aggregate_mel,1996,2.909
svn,sex_f,age_10yrbands_total,eco_aggregate_mel,1997,2.015
svn,sex_f,age_10yrbands_total,eco_aggregate_mel,1998,1.932
svn,sex_f,age_10yrbands_total,eco_aggregate_mel,1999,1.71
svn,sex_f,age_10yrbands_total,eco_aggregate_mel,2000,2.898
svn,sex_f,age_10yrbands_total,eco_aggregate_mel,2001,1.787
svn,sex_f,age_10yrbands_total,eco_aggregate_mel,2002,1.64
svn,sex_f,age_10yrbands_total,eco_aggregate_mel,2003,1.758
svn,sex_f,age_10yrbands_total,eco_aggregate_mel,2004,1.984
svn,sex_f,age_10yrbands_total,eco_aggregate_mel,2005,2.689
svn,sex_f,age_10yrbands_total,eco_aggregate_mel,2006,2.846
svn,sex_f,age_10yrbands_total,eco_aggregate_mel,2007,2.519
svn,sex_f,age_10yrbands_total,eco_aggregate_mel,2008,3.747
svn,sex_f,age_10yrbands_total,eco_aggregate_mel,2009,4.42
svn,sex_f,age_10yrbands_total,eco_aggregate_mel,2010,3.403
svn,sex_f,age_10yrbands_total,eco_aggregate_mel,2011,4.203
svn,sex_f,age_10yrbands_total,eco_aggregate_mel,2012,4.344
svn,sex_f,age_10yrbands_total,eco_aggregate_mel,2013,4.258
svn,sex_f,age_10yrbands_total,eco_aggregate_mel,2014,4.276
svn,sex_f,age_10yrbands_total,eco_aggregate_mel,2015,3.529
svn,sex_f,age_10yrbands_total,eco_aggregate_mel,2016,3.149
svn,sex_f,age_10yrbands_total,eco_aggregate_mel,2017,4.14
svn,sex_f,age_10yrbands_total,eco_aggregate_mel,2018,4.186
svn,sex_f,age_10yrbands_total,eco_aggregate_mel,2019,4.168
svn,sex_f,age_10yrbands_total,eco_aggregate_mel,2020,4.905
svn,sex_f,age_10yrbands_total,eco_aggregate_mel,2021,4.723
svn,sex_f,age_10yrbands_total,eco_aggregate_mel,2022,5.228
svn,sex_f,age_10yrbands_total,eco_aggregate_mel,2023,5.292
svn,sex_f,age_10yrbands_total,eco_aggregate_mkt,1996,105.979
svn,sex_f,age_10yrbands_total,eco_aggregate_mkt,1997,110.754
svn,sex_f,age_10yrbands_total,eco_aggregate_mkt,1998,112.474
svn,sex_f,age_10yrbands_total,eco_aggregate_mkt,1999,112.849
svn,sex_f,age_10yrbands_total,eco_aggregate_mkt,2000,118.026
svn,sex_f,age_10yrbands_total,eco_aggregate_mkt,2001,115.889
svn,sex_f,age_10yrbands_total,eco_aggregate_mkt,2002,122.405
svn,sex_f,age_10yrbands_total,eco_aggregate_mkt,2003,127.336
svn,sex_f,age_10yrbands_total,eco_aggregate_mkt,2004,130.884
svn,sex_f,age_10yrbands_total,eco_aggregate_mkt,2005,127.977
svn,sex_f,age_10yrbands_total,eco_aggregate_mkt,2006,128.755
svn,sex_f,age_10yrbands_total,eco_aggregate_mkt,2007,136.977
svn,sex_f,age_10yrbands_total,eco_aggregate_mkt,2008,150.962
svn,sex_f,age_10yrbands_total,eco_aggregate_mkt,2009,148.018
svn,sex_f,age_10yrbands_total,eco_aggregate_mkt,2010,143.013
svn,sex_f,age_10yrbands_total,eco_aggregate_mkt,2011,142.306
svn,sex_f,age_10yrbands_total,eco_aggregate_mkt,2012,139.023
svn,sex_f,age_10yrbands_total,eco_aggregate_mkt,2013,134.88
svn,sex_f,age_10yrbands_total,eco_aggregate_mkt,2014,133.241
svn,sex_f,age_10yrbands_total,eco_aggregate_mkt,2015,134.499
svn,sex_f,age_10yrbands_total,eco_aggregate_mkt,2016,142.612
svn,sex_f,age_10yrbands_total,eco_aggregate_mkt,2017,143.483
svn,sex_f,age_10yrbands_total,eco_aggregate_mkt,2018,142.562
svn,sex_f,age_10yrbands_total,eco_aggregate_mkt,2019,148.005
svn,sex_f,age_10yrbands_total,eco_aggregate_mkt,2020,144.979
svn,sex_f,age_10yrbands_total,eco_aggregate_mkt,2021,137.7
svn,sex_f,age_10yrbands_total,eco_aggregate_mkt,2022,140.726
svn,sex_f,age_10yrbands_total,eco_aggregate_mkt,2023,148.077
svn,sex_f,age_10yrbands_total,eco_aggregate_pub,1996,113.712
svn,sex_f,age_10yrbands_total,eco_aggregate_pub,1997,108.142
svn,sex_f,age_10yrbands_total,eco_aggregate_pub,1998,113.01
svn,sex_f,age_10yrbands_total,eco_aggregate_pub,1999,120.351
svn,sex_f,age_10yrbands_total,eco_aggregate_pub,2000,122.733
svn,sex_f,age_10yrbands_total,eco_aggregate_pub,2001,122.335
svn,sex_f,age_10yrbands_total,eco_aggregate_pub,2002,122.973
svn,sex_f,age_10yrbands_total,eco_aggregate_pub,2003,126.485
svn,sex_f,age_10yrbands_total,eco_aggregate_pub,2004,133.094
svn,sex_f,age_10yrbands_total,eco_aggregate_pub,2005,140.102
svn,sex_f,age_10yrbands_total,eco_aggregate_pub,2006,146.03
svn,sex_f,age_10yrbands_total,eco_aggregate_pub,2007,142.751
svn,sex_f,age_10yrbands_total,eco_aggregate_pub,2008,144.663
svn,sex_f,age_10yrbands_total,eco_aggregate_pub,2009,144.355
svn,sex_f,age_10yrbands_total,eco_aggregate_pub,2010,146.422
svn,sex_f,age_10yrbands_total,eco_aggregate_pub,2011,148.913
svn,sex_f,age_10yrbands_total,eco_aggregate_pub,2012,151.457
svn,sex_f,age_10yrbands_total,eco_aggregate_pub,2013,144.489
svn,sex_f,age_10yrbands_total,eco_aggregate_pub,2014,142.238
svn,sex_f,age_10yrbands_total,eco_aggregate_pub,2015,147.959
svn,sex_f,age_10yrbands_total,eco_aggregate_pub,2016,154.302
svn,sex_f,age_10yrbands_total,eco_aggregate_pub,2017,162.891
svn,sex_f,age_10yrbands_total,eco_aggregate_pub,2018,161.407
svn,sex_f,age_10yrbands_total,eco_aggregate_pub,2019,165.594
svn,sex_f,age_10yrbands_total,eco_aggregate_pub,2020,171.675
svn,sex_f,age_10yrbands_total,eco_aggregate_pub,2021,184.754
svn,sex_f,age_10yrbands_total,eco_aggregate_pub,2022,185.991
svn,sex_f,age_10yrbands_total,eco_aggregate_pub,2023,173.501
svn,sex_f,age_10yrbands_total,eco_aggregate_total,1996,352.458
svn,sex_f,age_10yrbands_total,eco_aggregate_total,1997,345.764
svn,sex_f,age_10yrbands_total,eco_aggregate_total,1998,351.288
svn,sex_f,age_10yrbands_total,eco_aggregate_total,1999,345.583
svn,sex_f,age_10yrbands_total,eco_aggregate_total,2000,358.634
svn,sex_f,age_10yrbands_total,eco_aggregate_total,2001,358.898
svn,sex_f,age_10yrbands_total,eco_aggregate_total,2002,368.036
svn,sex_f,age_10yrbands_total,eco_aggregate_total,2003,363.538
svn,sex_f,age_10yrbands_total,eco_aggregate_total,2004,377.608
svn,sex_f,age_10yrbands_total,eco_aggregate_total,2005,378.833
svn,sex_f,age_10yrbands_total,eco_aggregate_total,2006,379.321
svn,sex_f,age_10yrbands_total,eco_aggregate_total,2007,386.596
svn,sex_f,age_10yrbands_total,eco_aggregate_total,2008,402.054
svn,sex_f,age_10yrbands_total,eco_aggregate_total,2009,392.232
svn,sex_f,age_10yrbands_total,eco_aggregate_total,2010,380.505
svn,sex_f,age_10yrbands_total,eco_aggregate_total,2011,372.269
svn,sex_f,age_10yrbands_total,eco_aggregate_total,2012,369.738
svn,sex_f,age_10yrbands_total,eco_aggregate_total,2013,355.411
svn,sex_f,age_10yrbands_total,eco_aggregate_total,2014,350.671
svn,sex_f,age_10yrbands_total,eco_aggregate_total,2015,360.593
svn,sex_f,age_10yrbands_total,eco_aggregate_total,2016,378.687
svn,sex_f,age_10yrbands_total,eco_aggregate_total,2017,391.469
svn,sex_f,age_10yrbands_total,eco_aggregate_total,2018,396.688
svn,sex_f,age_10yrbands_total,eco_aggregate_total,2019,406.636
svn,sex_f,age_10yrbands_total,eco_aggregate_total,2020,403.206
svn,sex_f,age_10yrbands_total,eco_aggregate_total,2021,399.149
svn,sex_f,age_10yrbands_total,eco_aggregate_total,2022,405.623
svn,sex_f,age_10yrbands_total,eco_aggregate_total,2023,405.198
svn,sex_f,age_10yrbands_total,eco_aggregate_x,1996,0.591
svn,sex_f,age_10yrbands_total,eco_aggregate_x,1997,0.607
svn,sex_f,age_10yrbands_total,eco_aggregate_x,1998,1.314
svn,sex_f,age_10yrbands_total,eco_aggregate_x,1999,0.535
svn,sex_f,age_10yrbands_total,eco_aggregate_x,2000,1.386
svn,sex_f,age_10yrbands_total,eco_aggregate_x,2001,3.083
svn,sex_f,age_10yrbands_total,eco_aggregate_x,2002,2.631
svn,sex_f,age_10yrbands_total,eco_aggregate_x,2003,2.204
svn,sex_f,age_10yrbands_total,eco_aggregate_x,2004,3.849
svn,sex_f,age_10yrbands_total,eco_aggregate_x,2005,1.465
svn,sex_f,age_10yrbands_total,eco_aggregate_x,2006,2.204
svn,sex_f,age_10yrbands_total,eco_aggregate_x,2007,4.348
svn,sex_f,age_10yrbands_total,eco_aggregate_x,2008,2.079
svn,sex_f,age_10yrbands_total,eco_aggregate_x,2009,2.051
svn,sex_f,age_10yrbands_total,eco_aggregate_x,2010,1.352
svn,sex_f,age_10yrbands_total,eco_aggregate_x,2011,2.316
svn,sex_f,age_10yrbands_total,eco_aggregate_x,2012,2.481
svn,sex_f,age_10yrbands_total,eco_aggregate_x,2013,1.632
svn,sex_f,age_10yrbands_total,eco_aggregate_x,2014,2.527
svn,sex_f,age_10yrbands_total,eco_aggregate_x,2015,4.07
svn,sex_f,age_10yrbands_total,eco_aggregate_x,2016,2.091
svn,sex_f,age_10yrbands_total,eco_aggregate_x,2017,2.379
svn,sex_f,age_10yrbands_total,eco_aggregate_x,2018,2.752
svn,sex_f,age_10yrbands_total,eco_aggregate_x,2019,1.914
svn,sex_f,age_10yrbands_total,eco_aggregate_x,2020,1.556
svn,sex_f,age_10yrbands_total,eco_aggregate_x,2021,1.752
svn,sex_f,age_10yrbands_total,eco_aggregate_x,2022,1.392
svn,sex_f,age_10yrbands_total,eco_aggregate_x,2023,1.76
svn,sex_f,age_10yrbands_total,eco_sector_agr,1996,5.305
svn,sex_f,age_10yrbands_total,eco_sector_agr,1997,4.691
svn,sex_f,age_10yrbands_total,eco_sector_agr,1998,4.914
svn,sex_f,age_10yrbands_total,eco_sector_agr,1999,2.654
svn,sex_f,age_10yrbands_total,eco_sector_agr,2000,3.544
svn,sex_f,age_10yrbands_total,eco_sector_agr,2001,2.156
svn,sex_f,age_10yrbands_total,eco_sector_agr,2002,3.281
svn,sex_f,age_10yrbands_total,eco_sector_agr,2003,3.878
svn,sex_f,age_10yrbands_total,eco_sector_agr,2004,5.197
svn,sex_f,age_10yrbands_total,eco_sector_agr,2005,3.529
svn,sex_f,age_10yrbands_total,eco_sector_agr,2006,3.084
svn,sex_f,age_10yrbands_total,eco_sector_agr,2007,5.258
svn,sex_f,age_10yrbands_total,eco_sector_agr,2008,4.164
svn,sex_f,age_10yrbands_total,eco_sector_agr,2009,3.345
svn,sex_f,age_10yrbands_total,eco_sector_agr,2010,2.912
svn,sex_f,age_10yrbands_total,eco_sector_agr,2011,3.161
svn,sex_f,age_10yrbands_total,eco_sector_agr,2012,3.278
svn,sex_f,age_10yrbands_total,eco_sector_agr,2013,2.731
svn,sex_f,age_10yrbands_total,eco_sector_agr,2014,3.048
svn,sex_f,age_10yrbands_total,eco_sector_agr,2015,2.596
svn,sex_f,age_10yrbands_total,eco_sector_agr,2016,2.444
svn,sex_f,age_10yrbands_total,eco_sector_agr,2017,3.18
svn,sex_f,age_10yrbands_total,eco_sector_agr,2018,2.84
svn,sex_f,age_10yrbands_total,eco_sector_agr,2019,3.135
svn,sex_f,age_10yrbands_total,eco_sector_agr,2020,2.938
svn,sex_f,age_10yrbands_total,eco_sector_agr,2021,3.486
svn,sex_f,age_10yrbands_total,eco_sector_agr,2022,3.868
svn,sex_f,age_10yrbands_total,eco_sector_agr,2023,2.95
svn,sex_f,age_10yrbands_total,eco_sector_ind,1996,126.871
svn,sex_f,age_10yrbands_total,eco_sector_ind,1997,121.571
svn,sex_f,age_10yrbands_total,eco_sector_ind,1998,119.575
svn,sex_f,age_10yrbands_total,eco_sector_ind,1999,109.194
svn,sex_f,age_10yrbands_total,eco_sector_ind,2000,112.945
svn,sex_f,age_10yrbands_total,eco_sector_ind,2001,115.435
svn,sex_f,age_10yrbands_total,eco_sector_ind,2002,116.745
svn,sex_f,age_10yrbands_total,eco_sector_ind,2003,103.635
svn,sex_f,age_10yrbands_total,eco_sector_ind,2004,104.584
svn,sex_f,age_10yrbands_total,eco_sector_ind,2005,105.76
svn,sex_f,age_10yrbands_total,eco_sector_ind,2006,99.249
svn,sex_f,age_10yrbands_total,eco_sector_ind,2007,97.262
svn,sex_f,age_10yrbands_total,eco_sector_ind,2008,100.186
svn,sex_f,age_10yrbands_total,eco_sector_ind,2009,94.463
svn,sex_f,age_10yrbands_total,eco_sector_ind,2010,86.806
svn,sex_f,age_10yrbands_total,eco_sector_ind,2011,75.572
svn,sex_f,age_10yrbands_total,eco_sector_ind,2012,73.498
svn,sex_f,age_10yrbands_total,eco_sector_ind,2013,71.679
svn,sex_f,age_10yrbands_total,eco_sector_ind,2014,69.616
svn,sex_f,age_10yrbands_total,eco_sector_ind,2015,71.47
svn,sex_f,age_10yrbands_total,eco_sector_ind,2016,77.237
svn,sex_f,age_10yrbands_total,eco_sector_ind,2017,79.536
svn,sex_f,age_10yrbands_total,eco_sector_ind,2018,87.127
svn,sex_f,age_10yrbands_total,eco_sector_ind,2019,87.987
svn,sex_f,age_10yrbands_total,eco_sector_ind,2020,82.058
svn,sex_f,age_10yrbands_total,eco_sector_ind,2021,71.458
svn,sex_f,age_10yrbands_total,eco_sector_ind,2022,73.646
svn,sex_f,age_10yrbands_total,eco_sector_ind,2023,78.909
svn,sex_f,age_10yrbands_total,eco_sector_nag,1996,347.153
svn,sex_f,age_10yrbands_total,eco_sector_nag,1997,341.073
svn,sex_f,age_10yrbands_total,eco_sector_nag,1998,346.374
svn,sex_f,age_10yrbands_total,eco_sector_nag,1999,342.929
svn,sex_f,age_10yrbands_total,eco_sector_nag,2000,355.09
svn,sex_f,age_10yrbands_total,eco_sector_nag,2001,356.742
svn,sex_f,age_10yrbands_total,eco_sector_nag,2002,364.754
svn,sex_f,age_10yrbands_total,eco_sector_nag,2003,359.66
svn,sex_f,age_10yrbands_total,eco_sector_nag,2004,372.411
svn,sex_f,age_10yrbands_total,eco_sector_nag,2005,375.304
svn,sex_f,age_10yrbands_total,eco_sector_nag,2006,376.237
svn,sex_f,age_10yrbands_total,eco_sector_nag,2007,381.338
svn,sex_f,age_10yrbands_total,eco_sector_nag,2008,397.89
svn,sex_f,age_10yrbands_total,eco_sector_nag,2009,388.887
svn,sex_f,age_10yrbands_total,eco_sector_nag,2010,377.593
svn,sex_f,age_10yrbands_total,eco_sector_nag,2011,369.108
svn,sex_f,age_10yrbands_total,eco_sector_nag,2012,366.46
svn,sex_f,age_10yrbands_total,eco_sector_nag,2013,352.68
svn,sex_f,age_10yrbands_total,eco_sector_nag,2014,347.623
svn,sex_f,age_10yrbands_total,eco_sector_nag,2015,357.997
svn,sex_f,age_10yrbands_total,eco_sector_nag,2016,376.243
svn,sex_f,age_10yrbands_total,eco_sector_nag,2017,388.289
svn,sex_f,age_10yrbands_total,eco_sector_nag,2018,393.848
svn,sex_f,age_10yrbands_total,eco_sector_nag,2019,403.5
svn,sex_f,age_10yrbands_total,eco_sector_nag,2020,400.268
svn,sex_f,age_10yrbands_total,eco_sector_nag,2021,395.664
svn,sex_f,age_10yrbands_total,eco_sector_nag,2022,401.755
svn,sex_f,age_10yrbands_total,eco_sector_nag,2023,402.248
svn,sex_f,age_10yrbands_total,eco_sector_ser,1996,219.691
svn,sex_f,age_10yrbands_total,eco_sector_ser,1997,218.895
svn,sex_f,age_10yrbands_total,eco_sector_ser,1998,225.485
svn,sex_f,age_10yrbands_total,eco_sector_ser,1999,233.2
svn,sex_f,age_10yrbands_total,eco_sector_ser,2000,240.759
svn,sex_f,age_10yrbands_total,eco_sector_ser,2001,238.224
svn,sex_f,age_10yrbands_total,eco_sector_ser,2002,245.378
svn,sex_f,age_10yrbands_total,eco_sector_ser,2003,253.822
svn,sex_f,age_10yrbands_total,eco_sector_ser,2004,263.978
svn,sex_f,age_10yrbands_total,eco_sector_ser,2005,268.079
svn,sex_f,age_10yrbands_total,eco_sector_ser,2006,274.784
svn,sex_f,age_10yrbands_total,eco_sector_ser,2007,279.728
svn,sex_f,age_10yrbands_total,eco_sector_ser,2008,295.625
svn,sex_f,age_10yrbands_total,eco_sector_ser,2009,292.373
svn,sex_f,age_10yrbands_total,eco_sector_ser,2010,289.435
svn,sex_f,age_10yrbands_total,eco_sector_ser,2011,291.219
svn,sex_f,age_10yrbands_total,eco_sector_ser,2012,290.48
svn,sex_f,age_10yrbands_total,eco_sector_ser,2013,279.369
svn,sex_f,age_10yrbands_total,eco_sector_ser,2014,275.48
svn,sex_f,age_10yrbands_total,eco_sector_ser,2015,282.458
svn,sex_f,age_10yrbands_total,eco_sector_ser,2016,296.914
svn,sex_f,age_10yrbands_total,eco_sector_ser,2017,306.374
svn,sex_f,age_10yrbands_total,eco_sector_ser,2018,303.969
svn,sex_f,age_10yrbands_total,eco_sector_ser,2019,313.599
svn,sex_f,age_10yrbands_total,eco_sector_ser,2020,316.654
svn,sex_f,age_10yrbands_total,eco_sector_ser,2021,322.454
svn,sex_f,age_10yrbands_total,eco_sector_ser,2022,326.717
svn,sex_f,age_10yrbands_total,eco_sector_ser,2023,321.578
svn,sex_f,age_10yrbands_total,eco_sector_total,1996,352.458
svn,sex_f,age_10yrbands_total,eco_sector_total,1997,345.764
svn,sex_f,age_10yrbands_total,eco_sector_total,1998,351.288
svn,sex_f,age_10yrbands_total,eco_sector_total,1999,345.583
svn,sex_f,age_10yrbands_total,eco_sector_total,2000,358.634
svn,sex_f,age_10yrbands_total,eco_sector_total,2001,358.898
svn,sex_f,age_10yrbands_total,eco_sector_total,2002,368.036
svn,sex_f,age_10yrbands_total,eco_sector_total,2003,363.538
svn,sex_f,age_10yrbands_total,eco_sector_total,2004,377.608
svn,sex_f,age_10yrbands_total,eco_sector_total,2005,378.833
svn,sex_f,age_10yrbands_total,eco_sector_total,2006,379.321
svn,sex_f,age_10yrbands_total,eco_sector_total,2007,386.596
svn,sex_f,age_10yrbands_total,eco_sector_total,2008,402.054
svn,sex_f,age_10yrbands_total,eco_sector_total,2009,392.232
svn,sex_f,age_10yrbands_total,eco_sector_total,2010,380.505
svn,sex_f,age_10yrbands_total,eco_sector_total,2011,372.269
svn,sex_f,age_10yrbands_total,eco_sector_total,2012,369.738
svn,sex_f,age_10yrbands_total,eco_sector_total,2013,355.411
svn,sex_f,age_10yrbands_total,eco_sector_total,2014,350.671
svn,sex_f,age_10yrbands_total,eco_sector_total,2015,360.593
svn,sex_f,age_10yrbands_total,eco_sector_total,2016,378.687
svn,sex_f,age_10yrbands_total,eco_sector_total,2017,391.469
svn,sex_f,age_10yrbands_total,eco_sector_total,2018,396.688
svn,sex_f,age_10yrbands_total,eco_sector_total,2019,406.636
svn,sex_f,age_10yrbands_total,eco_sector_total,2020,403.206
svn,sex_f,age_10yrbands_total,eco_sector_total,2021,399.149
svn,sex_f,age_10yrbands_total,eco_sector_total,2022,405.623
svn,sex_f,age_10yrbands_total,eco_sector_total,2023,405.198
svn,sex_f,age_10yrbands_total,eco_sector_x,1996,0.591
svn,sex_f,age_10yrbands_total,eco_sector_x,1997,0.607
svn,sex_f,age_10yrbands_total,eco_sector_x,1998,1.314
svn,sex_f,age_10yrbands_total,eco_sector_x,1999,0.535
svn,sex_f,age_10yrbands_total,eco_sector_x,2000,1.386
svn,sex_f,age_10yrbands_total,eco_sector_x,2001,3.083
svn,sex_f,age_10yrbands_total,eco_sector_x,2002,2.631
svn,sex_f,age_10yrbands_total,eco_sector_x,2003,2.204
svn,sex_f,age_10yrbands_total,eco_sector_x,2004,3.849
svn,sex_f,age_10yrbands_total,eco_sector_x,2005,1.465
svn,sex_f,age_10yrbands_total,eco_sector_x,2006,2.204
svn,sex_f,age_10yrbands_total,eco_sector_x,2007,4.348
svn,sex_f,age_10yrbands_total,eco_sector_x,2008,2.079
svn,sex_f,age_10yrbands_total,eco_sector_x,2009,2.051
svn,sex_f,age_10yrbands_total,eco_sector_x,2010,1.352
svn,sex_f,age_10yrbands_total,eco_sector_x,2011,2.316
svn,sex_f,age_10yrbands_total,eco_sector_x,2012,2.481
svn,sex_f,age_10yrbands_total,eco_sector_x,2013,1.632
svn,sex_f,age_10yrbands_total,eco_sector_x,2014,2.527
svn,sex_f,age_10yrbands_total,eco_sector_x,2015,4.07
svn,sex_f,age_10yrbands_total,eco_sector_x,2016,2.091
svn,sex_f,age_10yrbands_total,eco_sector_x,2017,2.379
svn,sex_f,age_10yrbands_total,eco_sector_x,2018,2.752
svn,sex_f,age_10yrbands_total,eco_sector_x,2019,1.914
svn,sex_f,age_10yrbands_total,eco_sector_x,2020,1.556
svn,sex_f,age_10yrbands_total,eco_sector_x,2021,1.752
svn,sex_f,age_10yrbands_total,eco_sector_x,2022,1.392
svn,sex_f,age_10yrbands_total,eco_sector_x,2023,1.76
svn,sex_f,age_10yrbands_y15_24,eco_aggregate_agr,1996,0.573
svn,sex_f,age_10yrbands_y15_24,eco_aggregate_agr,1997,0.5
svn,sex_f,age_10yrbands_y15_24,eco_aggregate_agr,1998,0.81
svn,sex_f,age_10yrbands_y15_24,eco_aggregate_agr,2005,0.206
svn,sex_f,age_10yrbands_y15_24,eco_aggregate_agr,2006,0.103
svn,sex_f,age_10yrbands_y15_24,eco_aggregate_agr,2007,0.269
svn,sex_f,age_10yrbands_y15_24,eco_aggregate_agr,2008,0.22
svn,sex_f,age_10yrbands_y15_24,eco_aggregate_agr,2009,0.312
svn,sex_f,age_10yrbands_y15_24,eco_aggregate_agr,2010,0.148
svn,sex_f,age_10yrbands_y15_24,eco_aggregate_agr,2011,0.203
svn,sex_f,age_10yrbands_y15_24,eco_aggregate_agr,2015,0.248
svn,sex_f,age_10yrbands_y15_24,eco_aggregate_agr,2018,0.159
svn,sex_f,age_10yrbands_y15_24,eco_aggregate_agr,2019,0.273
svn,sex_f,age_10yrbands_y15_24,eco_aggregate_agr,2020,0.191
svn,sex_f,age_10yrbands_y15_24,eco_aggregate_agr,2021,0.139
svn,sex_f,age_10yrbands_y15_24,eco_aggregate_con,1998,0.524
svn,sex_f,age_10yrbands_y15_24,eco_aggregate_con,1999,0.523
svn,sex_f,age_10yrbands_y15_24,eco_aggregate_con,2002,0.375
svn,sex_f,age_10yrbands_y15_24,eco_aggregate_con,2006,0.329
svn,sex_f,age_10yrbands_y15_24,eco_aggregate_con,2007,0.63
svn,sex_f,age_10yrbands_y15_24,eco_aggregate_con,2008,0.454
svn,sex_f,age_10yrbands_y15_24,eco_aggregate_con,2009,0.4
svn,sex_f,age_10yrbands_y15_24,eco_aggregate_con,2010,0.103
svn,sex_f,age_10yrbands_y15_24,eco_aggregate_con,2011,0.143
svn,sex_f,age_10yrbands_y15_24,eco_aggregate_con,2012,0.509
svn,sex_f,age_10yrbands_y15_24,eco_aggregate_con,2013,0.439
svn,sex_f,age_10yrbands_y15_24,eco_aggregate_con,2015,0.142
svn,sex_f,age_10yrbands_y15_24,eco_aggregate_con,2016,0.562
svn,sex_f,age_10yrbands_y15_24,eco_aggregate_con,2018,0.164
svn,sex_f,age_10yrbands_y15_24,eco_aggregate_con,2019,0.498
svn,sex_f,age_10yrbands_y15_24,eco_aggregate_con,2020,0.18
svn,sex_f,age_10yrbands_y15_24,eco_aggregate_con,2021,0.182
svn,sex_f,age_10yrbands_y15_24,eco_aggregate_con,2022,0.264
svn,sex_f,age_10yrbands_y15_24,eco_aggregate_con,2023,0.382
svn,sex_f,age_10yrbands_y15_24,eco_aggregate_man,1996,14.13
svn,sex_f,age_10yrbands_y15_24,eco_aggregate_man,1997,9.871
svn,sex_f,age_10yrbands_y15_24,eco_aggregate_man,1998,12.578
svn,sex_f,age_10yrbands_y15_24,eco_aggregate_man,1999,12.869
svn,sex_f,age_10yrbands_y15_24,eco_aggregate_man,2000,8.275
svn,sex_f,age_10yrbands_y15_24,eco_aggregate_man,2001,10.107
svn,sex_f,age_10yrbands_y15_24,eco_aggregate_man,2002,8.684
svn,sex_f,age_10yrbands_y15_24,eco_aggregate_man,2003,5.611
svn,sex_f,age_10yrbands_y15_24,eco_aggregate_man,2004,6.507
svn,sex_f,age_10yrbands_y15_24,eco_aggregate_man,2005,7.278
svn,sex_f,age_10yrbands_y15_24,eco_aggregate_man,2006,6.436
svn,sex_f,age_10yrbands_y15_24,eco_aggregate_man,2007,7.333
svn,sex_f,age_10yrbands_y15_24,eco_aggregate_man,2008,5.317
svn,sex_f,age_10yrbands_y15_24,eco_aggregate_man,2009,3.215
svn,sex_f,age_10yrbands_y15_24,eco_aggregate_man,2010,3.184
svn,sex_f,age_10yrbands_y15_24,eco_aggregate_man,2011,2.836
svn,sex_f,age_10yrbands_y15_24,eco_aggregate_man,2012,3.391
svn,sex_f,age_10yrbands_y15_24,eco_aggregate_man,2013,2.372
svn,sex_f,age_10yrbands_y15_24,eco_aggregate_man,2014,2.438
svn,sex_f,age_10yrbands_y15_24,eco_aggregate_man,2015,3.562
svn,sex_f,age_10yrbands_y15_24,eco_aggregate_man,2016,3.261
svn,sex_f,age_10yrbands_y15_24,eco_aggregate_man,2017,3.59
svn,sex_f,age_10yrbands_y15_24,eco_aggregate_man,2018,3.924
svn,sex_f,age_10yrbands_y15_24,eco_aggregate_man,2019,3.447
svn,sex_f,age_10yrbands_y15_24,eco_aggregate_man,2020,2.438
svn,sex_f,age_10yrbands_y15_24,eco_aggregate_man,2021,3.319
svn,sex_f,age_10yrbands_y15_24,eco_aggregate_man,2022,2.563
svn,sex_f,age_10yrbands_y15_24,eco_aggregate_man,2023,3.172
svn,sex_f,age_10yrbands_y15_24,eco_aggregate_mel,2006,0.125
svn,sex_f,age_10yrbands_y15_24,eco_aggregate_mel,2007,0
svn,sex_f,age_10yrbands_y15_24,eco_aggregate_mel,2008,0.222
svn,sex_f,age_10yrbands_y15_24,eco_aggregate_mel,2009,0.204
svn,sex_f,age_10yrbands_y15_24,eco_aggregate_mel,2010,0.279
svn,sex_f,age_10yrbands_y15_24,eco_aggregate_mel,2011,0.334
svn,sex_f,age_10yrbands_y15_24,eco_aggregate_mel,2017,0.278
svn,sex_f,age_10yrbands_y15_24,eco_aggregate_mel,2023,0.184
svn,sex_f,age_10yrbands_y15_24,eco_aggregate_mkt,1996,20.677
svn,sex_f,age_10yrbands_y15_24,eco_aggregate_mkt,1997,22.67
svn,sex_f,age_10yrbands_y15_24,eco_aggregate_mkt,1998,18.509
svn,sex_f,age_10yrbands_y15_24,eco_aggregate_mkt,1999,17.337
svn,sex_f,age_10yrbands_y15_24,eco_aggregate_mkt,2000,17.002
svn,sex_f,age_10yrbands_y15_24,eco_aggregate_mkt,2001,14.322
svn,sex_f,age_10yrbands_y15_24,eco_aggregate_mkt,2002,18.31
svn,sex_f,age_10yrbands_y15_24,eco_aggregate_mkt,2003,15.197
svn,sex_f,age_10yrbands_y15_24,eco_aggregate_mkt,2004,18.714
svn,sex_f,age_10yrbands_y15_24,eco_aggregate_mkt,2005,16.946
svn,sex_f,age_10yrbands_y15_24,eco_aggregate_mkt,2006,17.03
svn,sex_f,age_10yrbands_y15_24,eco_aggregate_mkt,2007,17.804
svn,sex_f,age_10yrbands_y15_24,eco_aggregate_mkt,2008,20.254
svn,sex_f,age_10yrbands_y15_24,eco_aggregate_mkt,2009,18.188
svn,sex_f,age_10yrbands_y15_24,eco_aggregate_mkt,2010,16.279
svn,sex_f,age_10yrbands_y15_24,eco_aggregate_mkt,2011,13.71
svn,sex_f,age_10yrbands_y15_24,eco_aggregate_mkt,2012,10.977
svn,sex_f,age_10yrbands_y15_24,eco_aggregate_mkt,2013,10.03
svn,sex_f,age_10yrbands_y15_24,eco_aggregate_mkt,2014,11.736
svn,sex_f,age_10yrbands_y15_24,eco_aggregate_mkt,2015,12.353
svn,sex_f,age_10yrbands_y15_24,eco_aggregate_mkt,2016,13.21
svn,sex_f,age_10yrbands_y15_24,eco_aggregate_mkt,2017,13.576
svn,sex_f,age_10yrbands_y15_24,eco_aggregate_mkt,2018,14.625
svn,sex_f,age_10yrbands_y15_24,eco_aggregate_mkt,2019,15.547
svn,sex_f,age_10yrbands_y15_24,eco_aggregate_mkt,2020,11.646
svn,sex_f,age_10yrbands_y15_24,eco_aggregate_mkt,2021,11.372
svn,sex_f,age_10yrbands_y15_24,eco_aggregate_mkt,2022,13.243
svn,sex_f,age_10yrbands_y15_24,eco_aggregate_mkt,2023,14.364
svn,sex_f,age_10yrbands_y15_24,eco_aggregate_pub,1996,13.838
svn,sex_f,age_10yrbands_y15_24,eco_aggregate_pub,1997,13.199
svn,sex_f,age_10yrbands_y15_24,eco_aggregate_pub,1998,11.177
svn,sex_f,age_10yrbands_y15_24,eco_aggregate_pub,1999,10.748
svn,sex_f,age_10yrbands_y15_24,eco_aggregate_pub,2000,8.031
svn,sex_f,age_10yrbands_y15_24,eco_aggregate_pub,2001,8.356
svn,sex_f,age_10yrbands_y15_24,eco_aggregate_pub,2002,7.046
svn,sex_f,age_10yrbands_y15_24,eco_aggregate_pub,2003,8.511
svn,sex_f,age_10yrbands_y15_24,eco_aggregate_pub,2004,8.631
svn,sex_f,age_10yrbands_y15_24,eco_aggregate_pub,2005,9.028
svn,sex_f,age_10yrbands_y15_24,eco_aggregate_pub,2006,9.118
svn,sex_f,age_10yrbands_y15_24,eco_aggregate_pub,2007,7.704
svn,sex_f,age_10yrbands_y15_24,eco_aggregate_pub,2008,9.412
svn,sex_f,age_10yrbands_y15_24,eco_aggregate_pub,2009,8.723
svn,sex_f,age_10yrbands_y15_24,eco_aggregate_pub,2010,8.413
svn,sex_f,age_10yrbands_y15_24,eco_aggregate_pub,2011,8.242
svn,sex_f,age_10yrbands_y15_24,eco_aggregate_pub,2012,6.175
svn,sex_f,age_10yrbands_y15_24,eco_aggregate_pub,2013,5.722
svn,sex_f,age_10yrbands_y15_24,eco_aggregate_pub,2014,4.838
svn,sex_f,age_10yrbands_y15_24,eco_aggregate_pub,2015,5.659
svn,sex_f,age_10yrbands_y15_24,eco_aggregate_pub,2016,6.725
svn,sex_f,age_10yrbands_y15_24,eco_aggregate_pub,2017,7.307
svn,sex_f,age_10yrbands_y15_24,eco_aggregate_pub,2018,7.291
svn,sex_f,age_10yrbands_y15_24,eco_aggregate_pub,2019,6.246
svn,sex_f,age_10yrbands_y15_24,eco_aggregate_pub,2020,6.31
svn,sex_f,age_10yrbands_y15_24,eco_aggregate_pub,2021,9.261
svn,sex_f,age_10yrbands_y15_24,eco_aggregate_pub,2022,9.85
svn,sex_f,age_10yrbands_y15_24,eco_aggregate_pub,2023,7.779
svn,sex_f,age_10yrbands_y15_24,eco_aggregate_total,1996,50.024
svn,sex_f,age_10yrbands_y15_24,eco_aggregate_total,1997,46.816
svn,sex_f,age_10yrbands_y15_24,eco_aggregate_total,1998,43.746
svn,sex_f,age_10yrbands_y15_24,eco_aggregate_total,1999,42.088
svn,sex_f,age_10yrbands_y15_24,eco_aggregate_total,2000,34.221
svn,sex_f,age_10yrbands_y15_24,eco_aggregate_total,2001,34.04
svn,sex_f,age_10yrbands_y15_24,eco_aggregate_total,2002,34.86
svn,sex_f,age_10yrbands_y15_24,eco_aggregate_total,2003,30.317
svn,sex_f,age_10yrbands_y15_24,eco_aggregate_total,2004,35.762
svn,sex_f,age_10yrbands_y15_24,eco_aggregate_total,2005,34.027
svn,sex_f,age_10yrbands_y15_24,eco_aggregate_total,2006,33.801
svn,sex_f,age_10yrbands_y15_24,eco_aggregate_total,2007,34.631
svn,sex_f,age_10yrbands_y15_24,eco_aggregate_total,2008,36.441
svn,sex_f,age_10yrbands_y15_24,eco_aggregate_total,2009,31.699
svn,sex_f,age_10yrbands_y15_24,eco_aggregate_total,2010,28.896
svn,sex_f,age_10yrbands_y15_24,eco_aggregate_total,2011,25.787
svn,sex_f,age_10yrbands_y15_24,eco_aggregate_total,2012,21.736
svn,sex_f,age_10yrbands_y15_24,eco_aggregate_total,2013,18.908
svn,sex_f,age_10yrbands_y15_24,eco_aggregate_total,2014,19.52
svn,sex_f,age_10yrbands_y15_24,eco_aggregate_total,2015,22.766
svn,sex_f,age_10yrbands_y15_24,eco_aggregate_total,2016,24.114
svn,sex_f,age_10yrbands_y15_24,eco_aggregate_total,2017,25.252
svn,sex_f,age_10yrbands_y15_24,eco_aggregate_total,2018,26.919
svn,sex_f,age_10yrbands_y15_24,eco_aggregate_total,2019,26.361
svn,sex_f,age_10yrbands_y15_24,eco_aggregate_total,2020,21.085
svn,sex_f,age_10yrbands_y15_24,eco_aggregate_total,2021,24.648
svn,sex_f,age_10yrbands_y15_24,eco_aggregate_total,2022,26.335
svn,sex_f,age_10yrbands_y15_24,eco_aggregate_total,2023,26.341
svn,sex_f,age_10yrbands_y15_24,eco_aggregate_x,2001,0.809
svn,sex_f,age_10yrbands_y15_24,eco_aggregate_x,2002,0.446
svn,sex_f,age_10yrbands_y15_24,eco_aggregate_x,2003,0.517
svn,sex_f,age_10yrbands_y15_24,eco_aggregate_x,2004,1.433
svn,sex_f,age_10yrbands_y15_24,eco_aggregate_x,2005,0.385
svn,sex_f,age_10yrbands_y15_24,eco_aggregate_x,2006,0.66
svn,sex_f,age_10yrbands_y15_24,eco_aggregate_x,2007,0.891
svn,sex_f,age_10yrbands_y15_24,eco_aggregate_x,2008,0.562
svn,sex_f,age_10yrbands_y15_24,eco_aggregate_x,2009,0.656
svn,sex_f,age_10yrbands_y15_24,eco_aggregate_x,2010,0.49
svn,sex_f,age_10yrbands_y15_24,eco_aggregate_x,2011,0.319
svn,sex_f,age_10yrbands_y15_24,eco_aggregate_x,2012,0.312
svn,sex_f,age_10yrbands_y15_24,eco_aggregate_x,2013,0.192
svn,sex_f,age_10yrbands_y15_24,eco_aggregate_x,2014,0.411
svn,sex_f,age_10yrbands_y15_24,eco_aggregate_x,2015,0.706
svn,sex_f,age_10yrbands_y15_24,eco_aggregate_x,2016,0.243
svn,sex_f,age_10yrbands_y15_24,eco_aggregate_x,2017,0.363
svn,sex_f,age_10yrbands_y15_24,eco_aggregate_x,2018,0.718
svn,sex_f,age_10yrbands_y15_24,eco_aggregate_x,2019,0.31
svn,sex_f,age_10yrbands_y15_24,eco_aggregate_x,2020,0.238
svn,sex_f,age_10yrbands_y15_24,eco_aggregate_x,2021,0.307
svn,sex_f,age_10yrbands_y15_24,eco_aggregate_x,2022,0.242
svn,sex_f,age_10yrbands_y15_24,eco_aggregate_x,2023,0.297
svn,sex_f,age_10yrbands_y15_24,eco_sector_agr,1996,0.573
svn,sex_f,age_10yrbands_y15_24,eco_sector_agr,1997,0.5
svn,sex_f,age_10yrbands_y15_24,eco_sector_agr,1998,0.81
svn,sex_f,age_10yrbands_y15_24,eco_sector_agr,2005,0.206
svn,sex_f,age_10yrbands_y15_24,eco_sector_agr,2006,0.103
svn,sex_f,age_10yrbands_y15_24,eco_sector_agr,2007,0.269
svn,sex_f,age_10yrbands_y15_24,eco_sector_agr,2008,0.22
svn,sex_f,age_10yrbands_y15_24,eco_sector_agr,2009,0.312
svn,sex_f,age_10yrbands_y15_24,eco_sector_agr,2010,0.148
svn,sex_f,age_10yrbands_y15_24,eco_sector_agr,2011,0.203
svn,sex_f,age_10yrbands_y15_24,eco_sector_agr,2015,0.248
svn,sex_f,age_10yrbands_y15_24,eco_sector_agr,2018,0.159
svn,sex_f,age_10yrbands_y15_24,eco_sector_agr,2019,0.273
svn,sex_f,age_10yrbands_y15_24,eco_sector_agr,2020,0.191
svn,sex_f,age_10yrbands_y15_24,eco_sector_agr,2021,0.139
svn,sex_f,age_10yrbands_y15_24,eco_sector_ind,1996,14.75
svn,sex_f,age_10yrbands_y15_24,eco_sector_ind,1997,10.225
svn,sex_f,age_10yrbands_y15_24,eco_sector_ind,1998,13.103
svn,sex_f,age_10yrbands_y15_24,eco_sector_ind,1999,13.392
svn,sex_f,age_10yrbands_y15_24,eco_sector_ind,2000,8.572
svn,sex_f,age_10yrbands_y15_24,eco_sector_ind,2001,10.301
svn,sex_f,age_10yrbands_y15_24,eco_sector_ind,2002,9.059
svn,sex_f,age_10yrbands_y15_24,eco_sector_ind,2003,5.944
svn,sex_f,age_10yrbands_y15_24,eco_sector_ind,2004,6.571
svn,sex_f,age_10yrbands_y15_24,eco_sector_ind,2005,7.462
svn,sex_f,age_10yrbands_y15_24,eco_sector_ind,2006,6.89
svn,sex_f,age_10yrbands_y15_24,eco_sector_ind,2007,7.963
svn,sex_f,age_10yrbands_y15_24,eco_sector_ind,2008,5.993
svn,sex_f,age_10yrbands_y15_24,eco_sector_ind,2009,3.82
svn,sex_f,age_10yrbands_y15_24,eco_sector_ind,2010,3.565
svn,sex_f,age_10yrbands_y15_24,eco_sector_ind,2011,3.314
svn,sex_f,age_10yrbands_y15_24,eco_sector_ind,2012,4.056
svn,sex_f,age_10yrbands_y15_24,eco_sector_ind,2013,2.869
svn,sex_f,age_10yrbands_y15_24,eco_sector_ind,2014,2.502
svn,sex_f,age_10yrbands_y15_24,eco_sector_ind,2015,3.8
svn,sex_f,age_10yrbands_y15_24,eco_sector_ind,2016,3.839
svn,sex_f,age_10yrbands_y15_24,eco_sector_ind,2017,3.994
svn,sex_f,age_10yrbands_y15_24,eco_sector_ind,2018,4.125
svn,sex_f,age_10yrbands_y15_24,eco_sector_ind,2019,3.985
svn,sex_f,age_10yrbands_y15_24,eco_sector_ind,2020,2.699
svn,sex_f,age_10yrbands_y15_24,eco_sector_ind,2021,3.569
svn,sex_f,age_10yrbands_y15_24,eco_sector_ind,2022,2.916
svn,sex_f,age_10yrbands_y15_24,eco_sector_ind,2023,3.737
svn,sex_f,age_10yrbands_y15_24,eco_sector_nag,1996,49.45
svn,sex_f,age_10yrbands_y15_24,eco_sector_nag,1997,46.316
svn,sex_f,age_10yrbands_y15_24,eco_sector_nag,1998,42.936
svn,sex_f,age_10yrbands_y15_24,eco_sector_nag,2002,34.86
svn,sex_f,age_10yrbands_y15_24,eco_sector_nag,2005,33.821
svn,sex_f,age_10yrbands_y15_24,eco_sector_nag,2006,33.698
svn,sex_f,age_10yrbands_y15_24,eco_sector_nag,2007,34.362
svn,sex_f,age_10yrbands_y15_24,eco_sector_nag,2008,36.221
svn,sex_f,age_10yrbands_y15_24,eco_sector_nag,2009,31.387
svn,sex_f,age_10yrbands_y15_24,eco_sector_nag,2010,28.749
svn,sex_f,age_10yrbands_y15_24,eco_sector_nag,2011,25.585
svn,sex_f,age_10yrbands_y15_24,eco_sector_nag,2015,22.518
svn,sex_f,age_10yrbands_y15_24,eco_sector_nag,2018,26.76
svn,sex_f,age_10yrbands_y15_24,eco_sector_nag,2019,26.088
svn,sex_f,age_10yrbands_y15_24,eco_sector_nag,2020,20.894
svn,sex_f,age_10yrbands_y15_24,eco_sector_nag,2021,24.508
svn,sex_f,age_10yrbands_y15_24,eco_sector_ser,1996,34.515
svn,sex_f,age_10yrbands_y15_24,eco_sector_ser,1997,35.868
svn,sex_f,age_10yrbands_y15_24,eco_sector_ser,1998,29.685
svn,sex_f,age_10yrbands_y15_24,eco_sector_ser,1999,28.085
svn,sex_f,age_10yrbands_y15_24,eco_sector_ser,2000,25.033
svn,sex_f,age_10yrbands_y15_24,eco_sector_ser,2001,22.678
svn,sex_f,age_10yrbands_y15_24,eco_sector_ser,2002,25.356
svn,sex_f,age_10yrbands_y15_24,eco_sector_ser,2003,23.708
svn,sex_f,age_10yrbands_y15_24,eco_sector_ser,2004,27.346
svn,sex_f,age_10yrbands_y15_24,eco_sector_ser,2005,25.974
svn,sex_f,age_10yrbands_y15_24,eco_sector_ser,2006,26.149
svn,sex_f,age_10yrbands_y15_24,eco_sector_ser,2007,25.508
svn,sex_f,age_10yrbands_y15_24,eco_sector_ser,2008,29.667
svn,sex_f,age_10yrbands_y15_24,eco_sector_ser,2009,26.911
svn,sex_f,age_10yrbands_y15_24,eco_sector_ser,2010,24.693
svn,sex_f,age_10yrbands_y15_24,eco_sector_ser,2011,21.952
svn,sex_f,age_10yrbands_y15_24,eco_sector_ser,2012,17.152
svn,sex_f,age_10yrbands_y15_24,eco_sector_ser,2013,15.752
svn,sex_f,age_10yrbands_y15_24,eco_sector_ser,2014,16.574
svn,sex_f,age_10yrbands_y15_24,eco_sector_ser,2015,18.013
svn,sex_f,age_10yrbands_y15_24,eco_sector_ser,2016,19.935
svn,sex_f,age_10yrbands_y15_24,eco_sector_ser,2017,20.883
svn,sex_f,age_10yrbands_y15_24,eco_sector_ser,2018,21.916
svn,sex_f,age_10yrbands_y15_24,eco_sector_ser,2019,21.793
svn,sex_f,age_10yrbands_y15_24,eco_sector_ser,2020,17.956
svn,sex_f,age_10yrbands_y15_24,eco_sector_ser,2021,20.633
svn,sex_f,age_10yrbands_y15_24,eco_sector_ser,2022,23.093
svn,sex_f,age_10yrbands_y15_24,eco_sector_ser,2023,22.143
svn,sex_f,age_10yrbands_y15_24,eco_sector_total,1996,50.024
svn,sex_f,age_10yrbands_y15_24,eco_sector_total,1997,46.816
svn,sex_f,age_10yrbands_y15_24,eco_sector_total,1998,43.746
svn,sex_f,age_10yrbands_y15_24,eco_sector_total,1999,42.088
svn,sex_f,age_10yrbands_y15_24,eco_sector_total,2000,34.221
svn,sex_f,age_10yrbands_y15_24,eco_sector_total,2001,34.04
svn,sex_f,age_10yrbands_y15_24,eco_sector_total,2002,34.86
svn,sex_f,age_10yrbands_y15_24,eco_sector_total,2003,30.317
svn,sex_f,age_10yrbands_y15_24,eco_sector_total,2004,35.762
svn,sex_f,age_10yrbands_y15_24,eco_sector_total,2005,34.027
svn,sex_f,age_10yrbands_y15_24,eco_sector_total,2006,33.801
svn,sex_f,age_10yrbands_y15_24,eco_sector_total,2007,34.631
svn,sex_f,age_10yrbands_y15_24,eco_sector_total,2008,36.441
svn,sex_f,age_10yrbands_y15_24,eco_sector_total,2009,31.699
svn,sex_f,age_10yrbands_y15_24,eco_sector_total,2010,28.896
svn,sex_f,age_10yrbands_y15_24,eco_sector_total,2011,25.787
svn,sex_f,age_10yrbands_y15_24,eco_sector_total,2012,21.736
svn,sex_f,age_10yrbands_y15_24,eco_sector_total,2013,18.908
svn,sex_f,age_10yrbands_y15_24,eco_sector_total,2014,19.52
svn,sex_f,age_10yrbands_y15_24,eco_sector_total,2015,22.766
svn,sex_f,age_10yrbands_y15_24,eco_sector_total,2016,24.114
svn,sex_f,age_10yrbands_y15_24,eco_sector_total,2017,25.252
svn,sex_f,age_10yrbands_y15_24,eco_sector_total,2018,26.919
svn,sex_f,age_10yrbands_y15_24,eco_sector_total,2019,26.361
svn,sex_f,age_10yrbands_y15_24,eco_sector_total,2020,21.085
svn,sex_f,age_10yrbands_y15_24,eco_sector_total,2021,24.648
svn,sex_f,age_10yrbands_y15_24,eco_sector_total,2022,26.335
svn,sex_f,age_10yrbands_y15_24,eco_sector_total,2023,26.341
svn,sex_f,age_10yrbands_y15_24,eco_sector_x,2001,0.809
svn,sex_f,age_10yrbands_y15_24,eco_sector_x,2002,0.446
svn,sex_f,age_10yrbands_y15_24,eco_sector_x,2003,0.517
svn,sex_f,age_10yrbands_y15_24,eco_sector_x,2004,1.433
svn,sex_f,age_10yrbands_y15_24,eco_sector_x,2005,0.385
svn,sex_f,age_10yrbands_y15_24,eco_sector_x,2006,0.66
svn,sex_f,age_10yrbands_y15_24,eco_sector_x,2007,0.891
svn,sex_f,age_10yrbands_y15_24,eco_sector_x,2008,0.562
svn,sex_f,age_10yrbands_y15_24,eco_sector_x,2009,0.656
svn,sex_f,age_10yrbands_y15_24,eco_sector_x,2010,0.49
svn,sex_f,age_10yrbands_y15_24,eco_sector_x,2011,0.319
svn,sex_f,age_10yrbands_y15_24,eco_sector_x,2012,0.312
svn,sex_f,age_10yrbands_y15_24,eco_sector_x,2013,0.192
svn,sex_f,age_10yrbands_y15_24,eco_sector_x,2014,0.411
svn,sex_f,age_10yrbands_y15_24,eco_sector_x,2015,0.706
svn,sex_f,age_10yrbands_y15_24,eco_sector_x,2016,0.243
svn,sex_f,age_10yrbands_y15_24,eco_sector_x,2017,0.363
svn,sex_f,age_10yrbands_y15_24,eco_sector_x,2018,0.718
svn,sex_f,age_10yrbands_y15_24,eco_sector_x,2019,0.31
svn,sex_f,age_10yrbands_y15_24,eco_sector_x,2020,0.238
svn,sex_f,age_10yrbands_y15_24,eco_sector_x,2021,0.307
svn,sex_f,age_10yrbands_y15_24,eco_sector_x,2022,0.242
svn,sex_f,age_10yrbands_y15_24,eco_sector_x,2023,0.297
svn,sex_f,age_10yrbands_y25_34,eco_aggregate_agr,1996,1.708
svn,sex_f,age_10yrbands_y25_34,eco_aggregate_agr,1997,1.126
svn,sex_f,age_10yrbands_y25_34,eco_aggregate_agr,1998,1.454
svn,sex_f,age_10yrbands_y25_34,eco_aggregate_agr,1999,1.5
svn,sex_f,age_10yrbands_y25_34,eco_aggregate_agr,2000,1.487
svn,sex_f,age_10yrbands_y25_34,eco_aggregate_agr,2002,0.583
svn,sex_f,age_10yrbands_y25_34,eco_aggregate_agr,2003,0.818
svn,sex_f,age_10yrbands_y25_34,eco_aggregate_agr,2004,1.984
svn,sex_f,age_10yrbands_y25_34,eco_aggregate_agr,2005,0.751
svn,sex_f,age_10yrbands_y25_34,eco_aggregate_agr,2006,0.83
svn,sex_f,age_10yrbands_y25_34,eco_aggregate_agr,2007,1.704
svn,sex_f,age_10yrbands_y25_34,eco_aggregate_agr,2008,0.783
svn,sex_f,age_10yrbands_y25_34,eco_aggregate_agr,2009,0.738
svn,sex_f,age_10yrbands_y25_34,eco_aggregate_agr,2010,0.968
svn,sex_f,age_10yrbands_y25_34,eco_aggregate_agr,2011,0.854
svn,sex_f,age_10yrbands_y25_34,eco_aggregate_agr,2012,0.742
svn,sex_f,age_10yrbands_y25_34,eco_aggregate_agr,2013,0.626
svn,sex_f,age_10yrbands_y25_34,eco_aggregate_agr,2014,0.689
svn,sex_f,age_10yrbands_y25_34,eco_aggregate_agr,2015,0.536
svn,sex_f,age_10yrbands_y25_34,eco_aggregate_agr,2016,0.398
svn,sex_f,age_10yrbands_y25_34,eco_aggregate_agr,2017,0.513
svn,sex_f,age_10yrbands_y25_34,eco_aggregate_agr,2018,0.558
svn,sex_f,age_10yrbands_y25_34,eco_aggregate_agr,2019,0.376
svn,sex_f,age_10yrbands_y25_34,eco_aggregate_agr,2020,0.969
svn,sex_f,age_10yrbands_y25_34,eco_aggregate_agr,2021,0.484
svn,sex_f,age_10yrbands_y25_34,eco_aggregate_agr,2022,0.381
svn,sex_f,age_10yrbands_y25_34,eco_aggregate_agr,2023,0.191
svn,sex_f,age_10yrbands_y25_34,eco_aggregate_con,1996,1.479
svn,sex_f,age_10yrbands_y25_34,eco_aggregate_con,1997,1.757
svn,sex_f,age_10yrbands_y25_34,eco_aggregate_con,1998,0.963
svn,sex_f,age_10yrbands_y25_34,eco_aggregate_con,1999,0.474
svn,sex_f,age_10yrbands_y25_34,eco_aggregate_con,2000,1.281
svn,sex_f,age_10yrbands_y25_34,eco_aggregate_con,2001,1.316
svn,sex_f,age_10yrbands_y25_34,eco_aggregate_con,2002,1.909
svn,sex_f,age_10yrbands_y25_34,eco_aggregate_con,2003,1.264
svn,sex_f,age_10yrbands_y25_34,eco_aggregate_con,2004,1.982
svn,sex_f,age_10yrbands_y25_34,eco_aggregate_con,2005,1.122
svn,sex_f,age_10yrbands_y25_34,eco_aggregate_con,2006,1.495
svn,sex_f,age_10yrbands_y25_34,eco_aggregate_con,2007,1.386
svn,sex_f,age_10yrbands_y25_34,eco_aggregate_con,2008,1.769
svn,sex_f,age_10yrbands_y25_34,eco_aggregate_con,2009,2.161
svn,sex_f,age_10yrbands_y25_34,eco_aggregate_con,2010,2.234
svn,sex_f,age_10yrbands_y25_34,eco_aggregate_con,2011,1.521
svn,sex_f,age_10yrbands_y25_34,eco_aggregate_con,2012,1.38
svn,sex_f,age_10yrbands_y25_34,eco_aggregate_con,2013,1.079
svn,sex_f,age_10yrbands_y25_34,eco_aggregate_con,2014,0.719
svn,sex_f,age_10yrbands_y25_34,eco_aggregate_con,2015,0.719
svn,sex_f,age_10yrbands_y25_34,eco_aggregate_con,2016,0.559
svn,sex_f,age_10yrbands_y25_34,eco_aggregate_con,2017,1.096
svn,sex_f,age_10yrbands_y25_34,eco_aggregate_con,2018,0.868
svn,sex_f,age_10yrbands_y25_34,eco_aggregate_con,2019,1.214
svn,sex_f,age_10yrbands_y25_34,eco_aggregate_con,2020,1.193
svn,sex_f,age_10yrbands_y25_34,eco_aggregate_con,2021,0.97
svn,sex_f,age_10yrbands_y25_34,eco_aggregate_con,2022,1.032
svn,sex_f,age_10yrbands_y25_34,eco_aggregate_con,2023,1.089
svn,sex_f,age_10yrbands_y25_34,eco_aggregate_man,1996,34.639
svn,sex_f,age_10yrbands_y25_34,eco_aggregate_man,1997,35.307
svn,sex_f,age_10yrbands_y25_34,eco_aggregate_man,1998,35.384
svn,sex_f,age_10yrbands_y25_34,eco_aggregate_man,1999,32.715
svn,sex_f,age_10yrbands_y25_34,eco_aggregate_man,2000,35.269
svn,sex_f,age_10yrbands_y25_34,eco_aggregate_man,2001,31.84
svn,sex_f,age_10yrbands_y25_34,eco_aggregate_man,2002,31.774
svn,sex_f,age_10yrbands_y25_34,eco_aggregate_man,2003,26.821
svn,sex_f,age_10yrbands_y25_34,eco_aggregate_man,2004,24.728
svn,sex_f,age_10yrbands_y25_34,eco_aggregate_man,2005,26.896
svn,sex_f,age_10yrbands_y25_34,eco_aggregate_man,2006,24.638
svn,sex_f,age_10yrbands_y25_34,eco_aggregate_man,2007,23.624
svn,sex_f,age_10yrbands_y25_34,eco_aggregate_man,2008,22.441
svn,sex_f,age_10yrbands_y25_34,eco_aggregate_man,2009,20.67
svn,sex_f,age_10yrbands_y25_34,eco_aggregate_man,2010,18.593
svn,sex_f,age_10yrbands_y25_34,eco_aggregate_man,2011,14.775
svn,sex_f,age_10yrbands_y25_34,eco_aggregate_man,2012,14.965
svn,sex_f,age_10yrbands_y25_34,eco_aggregate_man,2013,14.979
svn,sex_f,age_10yrbands_y25_34,eco_aggregate_man,2014,13.436
svn,sex_f,age_10yrbands_y25_34,eco_aggregate_man,2015,12.824
svn,sex_f,age_10yrbands_y25_34,eco_aggregate_man,2016,15.504
svn,sex_f,age_10yrbands_y25_34,eco_aggregate_man,2017,16.018
svn,sex_f,age_10yrbands_y25_34,eco_aggregate_man,2018,17.697
svn,sex_f,age_10yrbands_y25_34,eco_aggregate_man,2019,17.049
svn,sex_f,age_10yrbands_y25_34,eco_aggregate_man,2020,14.132
svn,sex_f,age_10yrbands_y25_34,eco_aggregate_man,2021,10.058
svn,sex_f,age_10yrbands_y25_34,eco_aggregate_man,2022,11.441
svn,sex_f,age_10yrbands_y25_34,eco_aggregate_man,2023,13.024
svn,sex_f,age_10yrbands_y25_34,eco_aggregate_mel,1996,0.822
svn,sex_f,age_10yrbands_y25_34,eco_aggregate_mel,1998,0.5
svn,sex_f,age_10yrbands_y25_34,eco_aggregate_mel,2000,0.863
svn,sex_f,age_10yrbands_y25_34,eco_aggregate_mel,2003,0.863
svn,sex_f,age_10yrbands_y25_34,eco_aggregate_mel,2005,0.465
svn,sex_f,age_10yrbands_y25_34,eco_aggregate_mel,2006,0.742
svn,sex_f,age_10yrbands_y25_34,eco_aggregate_mel,2007,0.44
svn,sex_f,age_10yrbands_y25_34,eco_aggregate_mel,2008,0.388
svn,sex_f,age_10yrbands_y25_34,eco_aggregate_mel,2009,0.979
svn,sex_f,age_10yrbands_y25_34,eco_aggregate_mel,2010,0.84
svn,sex_f,age_10yrbands_y25_34,eco_aggregate_mel,2011,0.912
svn,sex_f,age_10yrbands_y25_34,eco_aggregate_mel,2012,1.032
svn,sex_f,age_10yrbands_y25_34,eco_aggregate_mel,2013,0.891
svn,sex_f,age_10yrbands_y25_34,eco_aggregate_mel,2014,1.334
svn,sex_f,age_10yrbands_y25_34,eco_aggregate_mel,2015,1.34
svn,sex_f,age_10yrbands_y25_34,eco_aggregate_mel,2016,0.827
svn,sex_f,age_10yrbands_y25_34,eco_aggregate_mel,2017,0.622
svn,sex_f,age_10yrbands_y25_34,eco_aggregate_mel,2018,0.871
svn,sex_f,age_10yrbands_y25_34,eco_aggregate_mel,2019,0.749
svn,sex_f,age_10yrbands_y25_34,eco_aggregate_mel,2020,1.208
svn,sex_f,age_10yrbands_y25_34,eco_aggregate_mel,2021,0.501
svn,sex_f,age_10yrbands_y25_34,eco_aggregate_mel,2022,0.521
svn,sex_f,age_10yrbands_y25_34,eco_aggregate_mel,2023,0.592
svn,sex_f,age_10yrbands_y25_34,eco_aggregate_mkt,1996,33.035
svn,sex_f,age_10yrbands_y25_34,eco_aggregate_mkt,1997,34.301
svn,sex_f,age_10yrbands_y25_34,eco_aggregate_mkt,1998,35.761
svn,sex_f,age_10yrbands_y25_34,eco_aggregate_mkt,1999,37.531
svn,sex_f,age_10yrbands_y25_34,eco_aggregate_mkt,2000,39.013
svn,sex_f,age_10yrbands_y25_34,eco_aggregate_mkt,2001,38.804
svn,sex_f,age_10yrbands_y25_34,eco_aggregate_mkt,2002,36.08
svn,sex_f,age_10yrbands_y25_34,eco_aggregate_mkt,2003,38.432
svn,sex_f,age_10yrbands_y25_34,eco_aggregate_mkt,2004,40.958
svn,sex_f,age_10yrbands_y25_34,eco_aggregate_mkt,2005,40.916
svn,sex_f,age_10yrbands_y25_34,eco_aggregate_mkt,2006,38.218
svn,sex_f,age_10yrbands_y25_34,eco_aggregate_mkt,2007,42.448
svn,sex_f,age_10yrbands_y25_34,eco_aggregate_mkt,2008,47.667
svn,sex_f,age_10yrbands_y25_34,eco_aggregate_mkt,2009,46.702
svn,sex_f,age_10yrbands_y25_34,eco_aggregate_mkt,2010,46.947
svn,sex_f,age_10yrbands_y25_34,eco_aggregate_mkt,2011,47.044
svn,sex_f,age_10yrbands_y25_34,eco_aggregate_mkt,2012,43.697
svn,sex_f,age_10yrbands_y25_34,eco_aggregate_mkt,2013,40.111
svn,sex_f,age_10yrbands_y25_34,eco_aggregate_mkt,2014,35.374
svn,sex_f,age_10yrbands_y25_34,eco_aggregate_mkt,2015,37.088
svn,sex_f,age_10yrbands_y25_34,eco_aggregate_mkt,2016,39.175
svn,sex_f,age_10yrbands_y25_34,eco_aggregate_mkt,2017,38.394
svn,sex_f,age_10yrbands_y25_34,eco_aggregate_mkt,2018,33.729
svn,sex_f,age_10yrbands_y25_34,eco_aggregate_mkt,2019,34.91
svn,sex_f,age_10yrbands_y25_34,eco_aggregate_mkt,2020,32.092
svn,sex_f,age_10yrbands_y25_34,eco_aggregate_mkt,2021,29.388
svn,sex_f,age_10yrbands_y25_34,eco_aggregate_mkt,2022,29.434
svn,sex_f,age_10yrbands_y25_34,eco_aggregate_mkt,2023,31.405
svn,sex_f,age_10yrbands_y25_34,eco_aggregate_pub,1996,37.501
svn,sex_f,age_10yrbands_y25_34,eco_aggregate_pub,1997,32.509
svn,sex_f,age_10yrbands_y25_34,eco_aggregate_pub,1998,35.395
svn,sex_f,age_10yrbands_y25_34,eco_aggregate_pub,1999,35.742
svn,sex_f,age_10yrbands_y25_34,eco_aggregate_pub,2000,35.734
svn,sex_f,age_10yrbands_y25_34,eco_aggregate_pub,2001,35.617
svn,sex_f,age_10yrbands_y25_34,eco_aggregate_pub,2002,38.975
svn,sex_f,age_10yrbands_y25_34,eco_aggregate_pub,2003,38.334
svn,sex_f,age_10yrbands_y25_34,eco_aggregate_pub,2004,40.926
svn,sex_f,age_10yrbands_y25_34,eco_aggregate_pub,2005,39.645
svn,sex_f,age_10yrbands_y25_34,eco_aggregate_pub,2006,39.738
svn,sex_f,age_10yrbands_y25_34,eco_aggregate_pub,2007,41.284
svn,sex_f,age_10yrbands_y25_34,eco_aggregate_pub,2008,41.373
svn,sex_f,age_10yrbands_y25_34,eco_aggregate_pub,2009,39.025
svn,sex_f,age_10yrbands_y25_34,eco_aggregate_pub,2010,40.781
svn,sex_f,age_10yrbands_y25_34,eco_aggregate_pub,2011,39.638
svn,sex_f,age_10yrbands_y25_34,eco_aggregate_pub,2012,37.774
svn,sex_f,age_10yrbands_y25_34,eco_aggregate_pub,2013,35.361
svn,sex_f,age_10yrbands_y25_34,eco_aggregate_pub,2014,32.701
svn,sex_f,age_10yrbands_y25_34,eco_aggregate_pub,2015,35.236
svn,sex_f,age_10yrbands_y25_34,eco_aggregate_pub,2016,33.403
svn,sex_f,age_10yrbands_y25_34,eco_aggregate_pub,2017,34.82
svn,sex_f,age_10yrbands_y25_34,eco_aggregate_pub,2018,30.33
svn,sex_f,age_10yrbands_y25_34,eco_aggregate_pub,2019,33.487
svn,sex_f,age_10yrbands_y25_34,eco_aggregate_pub,2020,35.694
svn,sex_f,age_10yrbands_y25_34,eco_aggregate_pub,2021,33.293
svn,sex_f,age_10yrbands_y25_34,eco_aggregate_pub,2022,33.549
svn,sex_f,age_10yrbands_y25_34,eco_aggregate_pub,2023,30.408
svn,sex_f,age_10yrbands_y25_34,eco_aggregate_total,1996,109.591
svn,sex_f,age_10yrbands_y25_34,eco_aggregate_total,1997,105.564
svn,sex_f,age_10yrbands_y25_34,eco_aggregate_total,1998,109.9
svn,sex_f,age_10yrbands_y25_34,eco_aggregate_total,1999,108.312
svn,sex_f,age_10yrbands_y25_34,eco_aggregate_total,2000,114.13
svn,sex_f,age_10yrbands_y25_34,eco_aggregate_total,2001,108.854
svn,sex_f,age_10yrbands_y25_34,eco_aggregate_total,2002,110.585
svn,sex_f,age_10yrbands_y25_34,eco_aggregate_total,2003,107.237
svn,sex_f,age_10yrbands_y25_34,eco_aggregate_total,2004,111.817
svn,sex_f,age_10yrbands_y25_34,eco_aggregate_total,2005,110.07
svn,sex_f,age_10yrbands_y25_34,eco_aggregate_total,2006,106.316
svn,sex_f,age_10yrbands_y25_34,eco_aggregate_total,2007,112.96
svn,sex_f,age_10yrbands_y25_34,eco_aggregate_total,2008,115.061
svn,sex_f,age_10yrbands_y25_34,eco_aggregate_total,2009,111.209
svn,sex_f,age_10yrbands_y25_34,eco_aggregate_total,2010,110.817
svn,sex_f,age_10yrbands_y25_34,eco_aggregate_total,2011,105.25
svn,sex_f,age_10yrbands_y25_34,eco_aggregate_total,2012,100.646
svn,sex_f,age_10yrbands_y25_34,eco_aggregate_total,2013,93.443
svn,sex_f,age_10yrbands_y25_34,eco_aggregate_total,2014,84.959
svn,sex_f,age_10yrbands_y25_34,eco_aggregate_total,2015,88.814
svn,sex_f,age_10yrbands_y25_34,eco_aggregate_total,2016,90.228
svn,sex_f,age_10yrbands_y25_34,eco_aggregate_total,2017,92.012
svn,sex_f,age_10yrbands_y25_34,eco_aggregate_total,2018,84.85
svn,sex_f,age_10yrbands_y25_34,eco_aggregate_total,2019,88.373
svn,sex_f,age_10yrbands_y25_34,eco_aggregate_total,2020,85.881
svn,sex_f,age_10yrbands_y25_34,eco_aggregate_total,2021,75.01
svn,sex_f,age_10yrbands_y25_34,eco_aggregate_total,2022,76.716
svn,sex_f,age_10yrbands_y25_34,eco_aggregate_total,2023,76.924
svn,sex_f,age_10yrbands_y25_34,eco_aggregate_x,2000,0.482
svn,sex_f,age_10yrbands_y25_34,eco_aggregate_x,2001,0.701
svn,sex_f,age_10yrbands_y25_34,eco_aggregate_x,2002,1.12
svn,sex_f,age_10yrbands_y25_34,eco_aggregate_x,2003,0.705
svn,sex_f,age_10yrbands_y25_34,eco_aggregate_x,2004,1.046
svn,sex_f,age_10yrbands_y25_34,eco_aggregate_x,2005,0.276
svn,sex_f,age_10yrbands_y25_34,eco_aggregate_x,2006,0.655
svn,sex_f,age_10yrbands_y25_34,eco_aggregate_x,2007,2.075
svn,sex_f,age_10yrbands_y25_34,eco_aggregate_x,2008,0.641
svn,sex_f,age_10yrbands_y25_34,eco_aggregate_x,2009,0.935
svn,sex_f,age_10yrbands_y25_34,eco_aggregate_x,2010,0.455
svn,sex_f,age_10yrbands_y25_34,eco_aggregate_x,2011,0.506
svn,sex_f,age_10yrbands_y25_34,eco_aggregate_x,2012,1.056
svn,sex_f,age_10yrbands_y25_34,eco_aggregate_x,2013,0.396
svn,sex_f,age_10yrbands_y25_34,eco_aggregate_x,2014,0.706
svn,sex_f,age_10yrbands_y25_34,eco_aggregate_x,2015,1.072
svn,sex_f,age_10yrbands_y25_34,eco_aggregate_x,2016,0.362
svn,sex_f,age_10yrbands_y25_34,eco_aggregate_x,2017,0.548
svn,sex_f,age_10yrbands_y25_34,eco_aggregate_x,2018,0.796
svn,sex_f,age_10yrbands_y25_34,eco_aggregate_x,2019,0.588
svn,sex_f,age_10yrbands_y25_34,eco_aggregate_x,2020,0.592
svn,sex_f,age_10yrbands_y25_34,eco_aggregate_x,2021,0.317
svn,sex_f,age_10yrbands_y25_34,eco_aggregate_x,2022,0.358
svn,sex_f,age_10yrbands_y25_34,eco_aggregate_x,2023,0.216
svn,sex_f,age_10yrbands_y25_34,eco_sector_agr,1996,1.708
svn,sex_f,age_10yrbands_y25_34,eco_sector_agr,1997,1.126
svn,sex_f,age_10yrbands_y25_34,eco_sector_agr,1998,1.454
svn,sex_f,age_10yrbands_y25_34,eco_sector_agr,1999,1.5
svn,sex_f,age_10yrbands_y25_34,eco_sector_agr,2000,1.487
svn,sex_f,age_10yrbands_y25_34,eco_sector_agr,2002,0.583
svn,sex_f,age_10yrbands_y25_34,eco_sector_agr,2003,0.818
svn,sex_f,age_10yrbands_y25_34,eco_sector_agr,2004,1.984
svn,sex_f,age_10yrbands_y25_34,eco_sector_agr,2005,0.751
svn,sex_f,age_10yrbands_y25_34,eco_sector_agr,2006,0.83
svn,sex_f,age_10yrbands_y25_34,eco_sector_agr,2007,1.704
svn,sex_f,age_10yrbands_y25_34,eco_sector_agr,2008,0.783
svn,sex_f,age_10yrbands_y25_34,eco_sector_agr,2009,0.738
svn,sex_f,age_10yrbands_y25_34,eco_sector_agr,2010,0.968
svn,sex_f,age_10yrbands_y25_34,eco_sector_agr,2011,0.854
svn,sex_f,age_10yrbands_y25_34,eco_sector_agr,2012,0.742
svn,sex_f,age_10yrbands_y25_34,eco_sector_agr,2013,0.626
svn,sex_f,age_10yrbands_y25_34,eco_sector_agr,2014,0.689
svn,sex_f,age_10yrbands_y25_34,eco_sector_agr,2015,0.536
svn,sex_f,age_10yrbands_y25_34,eco_sector_agr,2016,0.398
svn,sex_f,age_10yrbands_y25_34,eco_sector_agr,2017,0.513
svn,sex_f,age_10yrbands_y25_34,eco_sector_agr,2018,0.558
svn,sex_f,age_10yrbands_y25_34,eco_sector_agr,2019,0.376
svn,sex_f,age_10yrbands_y25_34,eco_sector_agr,2020,0.969
svn,sex_f,age_10yrbands_y25_34,eco_sector_agr,2021,0.484
svn,sex_f,age_10yrbands_y25_34,eco_sector_agr,2022,0.381
svn,sex_f,age_10yrbands_y25_34,eco_sector_agr,2023,0.191
svn,sex_f,age_10yrbands_y25_34,eco_sector_ind,1996,36.941
svn,sex_f,age_10yrbands_y25_34,eco_sector_ind,1997,37.49
svn,sex_f,age_10yrbands_y25_34,eco_sector_ind,1998,36.847
svn,sex_f,age_10yrbands_y25_34,eco_sector_ind,1999,33.389
svn,sex_f,age_10yrbands_y25_34,eco_sector_ind,2000,37.413
svn,sex_f,age_10yrbands_y25_34,eco_sector_ind,2001,33.436
svn,sex_f,age_10yrbands_y25_34,eco_sector_ind,2002,33.826
svn,sex_f,age_10yrbands_y25_34,eco_sector_ind,2003,28.948
svn,sex_f,age_10yrbands_y25_34,eco_sector_ind,2004,26.904
svn,sex_f,age_10yrbands_y25_34,eco_sector_ind,2005,28.483
svn,sex_f,age_10yrbands_y25_34,eco_sector_ind,2006,26.875
svn,sex_f,age_10yrbands_y25_34,eco_sector_ind,2007,25.449
svn,sex_f,age_10yrbands_y25_34,eco_sector_ind,2008,24.598
svn,sex_f,age_10yrbands_y25_34,eco_sector_ind,2009,23.81
svn,sex_f,age_10yrbands_y25_34,eco_sector_ind,2010,21.667
svn,sex_f,age_10yrbands_y25_34,eco_sector_ind,2011,17.208
svn,sex_f,age_10yrbands_y25_34,eco_sector_ind,2012,17.378
svn,sex_f,age_10yrbands_y25_34,eco_sector_ind,2013,16.949
svn,sex_f,age_10yrbands_y25_34,eco_sector_ind,2014,15.489
svn,sex_f,age_10yrbands_y25_34,eco_sector_ind,2015,14.883
svn,sex_f,age_10yrbands_y25_34,eco_sector_ind,2016,16.89
svn,sex_f,age_10yrbands_y25_34,eco_sector_ind,2017,17.736
svn,sex_f,age_10yrbands_y25_34,eco_sector_ind,2018,19.436
svn,sex_f,age_10yrbands_y25_34,eco_sector_ind,2019,19.012
svn,sex_f,age_10yrbands_y25_34,eco_sector_ind,2020,16.534
svn,sex_f,age_10yrbands_y25_34,eco_sector_ind,2021,11.529
svn,sex_f,age_10yrbands_y25_34,eco_sector_ind,2022,12.994
svn,sex_f,age_10yrbands_y25_34,eco_sector_ind,2023,14.705
svn,sex_f,age_10yrbands_y25_34,eco_sector_nag,1996,107.883
svn,sex_f,age_10yrbands_y25_34,eco_sector_nag,1997,104.439
svn,sex_f,age_10yrbands_y25_34,eco_sector_nag,1998,108.446
svn,sex_f,age_10yrbands_y25_34,eco_sector_nag,1999,106.812
svn,sex_f,age_10yrbands_y25_34,eco_sector_nag,2000,112.643
svn,sex_f,age_10yrbands_y25_34,eco_sector_nag,2002,110.002
svn,sex_f,age_10yrbands_y25_34,eco_sector_nag,2003,106.42
svn,sex_f,age_10yrbands_y25_34,eco_sector_nag,2004,109.833
svn,sex_f,age_10yrbands_y25_34,eco_sector_nag,2005,109.32
svn,sex_f,age_10yrbands_y25_34,eco_sector_nag,2006,105.486
svn,sex_f,age_10yrbands_y25_34,eco_sector_nag,2007,111.257
svn,sex_f,age_10yrbands_y25_34,eco_sector_nag,2008,114.278
svn,sex_f,age_10yrbands_y25_34,eco_sector_nag,2009,110.472
svn,sex_f,age_10yrbands_y25_34,eco_sector_nag,2010,109.849
svn,sex_f,age_10yrbands_y25_34,eco_sector_nag,2011,104.396
svn,sex_f,age_10yrbands_y25_34,eco_sector_nag,2012,99.904
svn,sex_f,age_10yrbands_y25_34,eco_sector_nag,2013,92.818
svn,sex_f,age_10yrbands_y25_34,eco_sector_nag,2014,84.27
svn,sex_f,age_10yrbands_y25_34,eco_sector_nag,2015,88.278
svn,sex_f,age_10yrbands_y25_34,eco_sector_nag,2016,89.83
svn,sex_f,age_10yrbands_y25_34,eco_sector_nag,2017,91.498
svn,sex_f,age_10yrbands_y25_34,eco_sector_nag,2018,84.292
svn,sex_f,age_10yrbands_y25_34,eco_sector_nag,2019,87.997
svn,sex_f,age_10yrbands_y25_34,eco_sector_nag,2020,84.912
svn,sex_f,age_10yrbands_y25_34,eco_sector_nag,2021,74.527
svn,sex_f,age_10yrbands_y25_34,eco_sector_nag,2022,76.335
svn,sex_f,age_10yrbands_y25_34,eco_sector_nag,2023,76.733
svn,sex_f,age_10yrbands_y25_34,eco_sector_ser,1996,70.536
svn,sex_f,age_10yrbands_y25_34,eco_sector_ser,1997,66.81
svn,sex_f,age_10yrbands_y25_34,eco_sector_ser,1998,71.156
svn,sex_f,age_10yrbands_y25_34,eco_sector_ser,1999,73.273
svn,sex_f,age_10yrbands_y25_34,eco_sector_ser,2000,74.748
svn,sex_f,age_10yrbands_y25_34,eco_sector_ser,2001,74.422
svn,sex_f,age_10yrbands_y25_34,eco_sector_ser,2002,75.055
svn,sex_f,age_10yrbands_y25_34,eco_sector_ser,2003,76.767
svn,sex_f,age_10yrbands_y25_34,eco_sector_ser,2004,81.883
svn,sex_f,age_10yrbands_y25_34,eco_sector_ser,2005,80.56
svn,sex_f,age_10yrbands_y25_34,eco_sector_ser,2006,77.956
svn,sex_f,age_10yrbands_y25_34,eco_sector_ser,2007,83.733
svn,sex_f,age_10yrbands_y25_34,eco_sector_ser,2008,89.04
svn,sex_f,age_10yrbands_y25_34,eco_sector_ser,2009,85.726
svn,sex_f,age_10yrbands_y25_34,eco_sector_ser,2010,87.727
svn,sex_f,age_10yrbands_y25_34,eco_sector_ser,2011,86.683
svn,sex_f,age_10yrbands_y25_34,eco_sector_ser,2012,81.471
svn,sex_f,age_10yrbands_y25_34,eco_sector_ser,2013,75.472
svn,sex_f,age_10yrbands_y25_34,eco_sector_ser,2014,68.075
svn,sex_f,age_10yrbands_y25_34,eco_sector_ser,2015,72.323
svn,sex_f,age_10yrbands_y25_34,eco_sector_ser,2016,72.578
svn,sex_f,age_10yrbands_y25_34,eco_sector_ser,2017,73.214
svn,sex_f,age_10yrbands_y25_34,eco_sector_ser,2018,64.06
svn,sex_f,age_10yrbands_y25_34,eco_sector_ser,2019,68.397
svn,sex_f,age_10yrbands_y25_34,eco_sector_ser,2020,67.786
svn,sex_f,age_10yrbands_y25_34,eco_sector_ser,2021,62.681
svn,sex_f,age_10yrbands_y25_34,eco_sector_ser,2022,62.983
svn,sex_f,age_10yrbands_y25_34,eco_sector_ser,2023,61.813
svn,sex_f,age_10yrbands_y25_34,eco_sector_total,1996,109.591
svn,sex_f,age_10yrbands_y25_34,eco_sector_total,1997,105.564
svn,sex_f,age_10yrbands_y25_34,eco_sector_total,1998,109.9
svn,sex_f,age_10yrbands_y25_34,eco_sector_total,1999,108.312
svn,sex_f,age_10yrbands_y25_34,eco_sector_total,2000,114.13
svn,sex_f,age_10yrbands_y25_34,eco_sector_total,2001,108.854
svn,sex_f,age_10yrbands_y25_34,eco_sector_total,2002,110.585
svn,sex_f,age_10yrbands_y25_34,eco_sector_total,2003,107.237
svn,sex_f,age_10yrbands_y25_34,eco_sector_total,2004,111.817
svn,sex_f,age_10yrbands_y25_34,eco_sector_total,2005,110.07
svn,sex_f,age_10yrbands_y25_34,eco_sector_total,2006,106.316
svn,sex_f,age_10yrbands_y25_34,eco_sector_total,2007,112.96
svn,sex_f,age_10yrbands_y25_34,eco_sector_total,2008,115.061
svn,sex_f,age_10yrbands_y25_34,eco_sector_total,2009,111.209
svn,sex_f,age_10yrbands_y25_34,eco_sector_total,2010,110.817
svn,sex_f,age_10yrbands_y25_34,eco_sector_total,2011,105.25
svn,sex_f,age_10yrbands_y25_34,eco_sector_total,2012,100.646
svn,sex_f,age_10yrbands_y25_34,eco_sector_total,2013,93.443
svn,sex_f,age_10yrbands_y25_34,eco_sector_total,2014,84.959
svn,sex_f,age_10yrbands_y25_34,eco_sector_total,2015,88.814
svn,sex_f,age_10yrbands_y25_34,eco_sector_total,2016,90.228
svn,sex_f,age_10yrbands_y25_34,eco_sector_total,2017,92.012
svn,sex_f,age_10yrbands_y25_34,eco_sector_total,2018,84.85
svn,sex_f,age_10yrbands_y25_34,eco_sector_total,2019,88.373
svn,sex_f,age_10yrbands_y25_34,eco_sector_total,2020,85.881
svn,sex_f,age_10yrbands_y25_34,eco_sector_total,2021,75.01
svn,sex_f,age_10yrbands_y25_34,eco_sector_total,2022,76.716
svn,sex_f,age_10yrbands_y25_34,eco_sector_total,2023,76.924
svn,sex_f,age_10yrbands_y25_34,eco_sector_x,2000,0.482
svn,sex_f,age_10yrbands_y25_34,eco_sector_x,2001,0.701
svn,sex_f,age_10yrbands_y25_34,eco_sector_x,2002,1.12
svn,sex_f,age_10yrbands_y25_34,eco_sector_x,2003,0.705
svn,sex_f,age_10yrbands_y25_34,eco_sector_x,2004,1.046
svn,sex_f,age_10yrbands_y25_34,eco_sector_x,2005,0.276
svn,sex_f,age_10yrbands_y25_34,eco_sector_x,2006,0.655
svn,sex_f,age_10yrbands_y25_34,eco_sector_x,2007,2.075
svn,sex_f,age_10yrbands_y25_34,eco_sector_x,2008,0.641
svn,sex_f,age_10yrbands_y25_34,eco_sector_x,2009,0.935
svn,sex_f,age_10yrbands_y25_34,eco_sector_x,2010,0.455
svn,sex_f,age_10yrbands_y25_34,eco_sector_x,2011,0.506
svn,sex_f,age_10yrbands_y25_34,eco_sector_x,2012,1.056
svn,sex_f,age_10yrbands_y25_34,eco_sector_x,2013,0.396
svn,sex_f,age_10yrbands_y25_34,eco_sector_x,2014,0.706
svn,sex_f,age_10yrbands_y25_34,eco_sector_x,2015,1.072
svn,sex_f,age_10yrbands_y25_34,eco_sector_x,2016,0.362
svn,sex_f,age_10yrbands_y25_34,eco_sector_x,2017,0.548
svn,sex_f,age_10yrbands_y25_34,eco_sector_x,2018,0.796
svn,sex_f,age_10yrbands_y25_34,eco_sector_x,2019,0.588
svn,sex_f,age_10yrbands_y25_34,eco_sector_x,2020,0.592
svn,sex_f,age_10yrbands_y25_34,eco_sector_x,2021,0.317
svn,sex_f,age_10yrbands_y25_34,eco_sector_x,2022,0.358
svn,sex_f,age_10yrbands_y25_34,eco_sector_x,2023,0.216
svn,sex_f,age_10yrbands_y35_44,eco_aggregate_agr,1996,1.725
svn,sex_f,age_10yrbands_y35_44,eco_aggregate_agr,1997,1.604
svn,sex_f,age_10yrbands_y35_44,eco_aggregate_agr,1998,1.359
svn,sex_f,age_10yrbands_y35_44,eco_aggregate_agr,1999,0.404
svn,sex_f,age_10yrbands_y35_44,eco_aggregate_agr,2000,1.14
svn,sex_f,age_10yrbands_y35_44,eco_aggregate_agr,2001,0.772
svn,sex_f,age_10yrbands_y35_44,eco_aggregate_agr,2002,1.545
svn,sex_f,age_10yrbands_y35_44,eco_aggregate_agr,2003,1.468
svn,sex_f,age_10yrbands_y35_44,eco_aggregate_agr,2004,1.339
svn,sex_f,age_10yrbands_y35_44,eco_aggregate_agr,2005,1.084
svn,sex_f,age_10yrbands_y35_44,eco_aggregate_agr,2006,0.664
svn,sex_f,age_10yrbands_y35_44,eco_aggregate_agr,2007,1.452
svn,sex_f,age_10yrbands_y35_44,eco_aggregate_agr,2008,1.373
svn,sex_f,age_10yrbands_y35_44,eco_aggregate_agr,2009,1.205
svn,sex_f,age_10yrbands_y35_44,eco_aggregate_agr,2010,0.862
svn,sex_f,age_10yrbands_y35_44,eco_aggregate_agr,2011,0.844
svn,sex_f,age_10yrbands_y35_44,eco_aggregate_agr,2012,0.839
svn,sex_f,age_10yrbands_y35_44,eco_aggregate_agr,2013,0.305
svn,sex_f,age_10yrbands_y35_44,eco_aggregate_agr,2014,0.86
svn,sex_f,age_10yrbands_y35_44,eco_aggregate_agr,2015,0.495
svn,sex_f,age_10yrbands_y35_44,eco_aggregate_agr,2016,0.924
svn,sex_f,age_10yrbands_y35_44,eco_aggregate_agr,2017,1.559
svn,sex_f,age_10yrbands_y35_44,eco_aggregate_agr,2018,0.772
svn,sex_f,age_10yrbands_y35_44,eco_aggregate_agr,2019,1.255
svn,sex_f,age_10yrbands_y35_44,eco_aggregate_agr,2020,0.594
svn,sex_f,age_10yrbands_y35_44,eco_aggregate_agr,2021,0.634
svn,sex_f,age_10yrbands_y35_44,eco_aggregate_agr,2022,1.171
svn,sex_f,age_10yrbands_y35_44,eco_aggregate_agr,2023,0.786
svn,sex_f,age_10yrbands_y35_44,eco_aggregate_con,1996,1.896
svn,sex_f,age_10yrbands_y35_44,eco_aggregate_con,1997,1.833
svn,sex_f,age_10yrbands_y35_44,eco_aggregate_con,1998,2.11
svn,sex_f,age_10yrbands_y35_44,eco_aggregate_con,1999,1.393
svn,sex_f,age_10yrbands_y35_44,eco_aggregate_con,2000,1.727
svn,sex_f,age_10yrbands_y35_44,eco_aggregate_con,2001,2.568
svn,sex_f,age_10yrbands_y35_44,eco_aggregate_con,2002,1.146
svn,sex_f,age_10yrbands_y35_44,eco_aggregate_con,2003,1.377
svn,sex_f,age_10yrbands_y35_44,eco_aggregate_con,2004,1.126
svn,sex_f,age_10yrbands_y35_44,eco_aggregate_con,2005,1.123
svn,sex_f,age_10yrbands_y35_44,eco_aggregate_con,2006,0.768
svn,sex_f,age_10yrbands_y35_44,eco_aggregate_con,2007,1.411
svn,sex_f,age_10yrbands_y35_44,eco_aggregate_con,2008,2.505
svn,sex_f,age_10yrbands_y35_44,eco_aggregate_con,2009,1.866
svn,sex_f,age_10yrbands_y35_44,eco_aggregate_con,2010,1.322
svn,sex_f,age_10yrbands_y35_44,eco_aggregate_con,2011,1.629
svn,sex_f,age_10yrbands_y35_44,eco_aggregate_con,2012,1.067
svn,sex_f,age_10yrbands_y35_44,eco_aggregate_con,2013,1.568
svn,sex_f,age_10yrbands_y35_44,eco_aggregate_con,2014,0.965
svn,sex_f,age_10yrbands_y35_44,eco_aggregate_con,2015,1.249
svn,sex_f,age_10yrbands_y35_44,eco_aggregate_con,2016,1.436
svn,sex_f,age_10yrbands_y35_44,eco_aggregate_con,2017,1.336
svn,sex_f,age_10yrbands_y35_44,eco_aggregate_con,2018,1.416
svn,sex_f,age_10yrbands_y35_44,eco_aggregate_con,2019,1.248
svn,sex_f,age_10yrbands_y35_44,eco_aggregate_con,2020,1.097
svn,sex_f,age_10yrbands_y35_44,eco_aggregate_con,2021,2.125
svn,sex_f,age_10yrbands_y35_44,eco_aggregate_con,2022,1.907
svn,sex_f,age_10yrbands_y35_44,eco_aggregate_con,2023,1.364
svn,sex_f,age_10yrbands_y35_44,eco_aggregate_man,1996,46.71
svn,sex_f,age_10yrbands_y35_44,eco_aggregate_man,1997,43.327
svn,sex_f,age_10yrbands_y35_44,eco_aggregate_man,1998,40.807
svn,sex_f,age_10yrbands_y35_44,eco_aggregate_man,1999,35.985
svn,sex_f,age_10yrbands_y35_44,eco_aggregate_man,2000,36.821
svn,sex_f,age_10yrbands_y35_44,eco_aggregate_man,2001,37.724
svn,sex_f,age_10yrbands_y35_44,eco_aggregate_man,2002,40.76
svn,sex_f,age_10yrbands_y35_44,eco_aggregate_man,2003,33.716
svn,sex_f,age_10yrbands_y35_44,eco_aggregate_man,2004,33.392
svn,sex_f,age_10yrbands_y35_44,eco_aggregate_man,2005,34.842
svn,sex_f,age_10yrbands_y35_44,eco_aggregate_man,2006,32.509
svn,sex_f,age_10yrbands_y35_44,eco_aggregate_man,2007,29.933
svn,sex_f,age_10yrbands_y35_44,eco_aggregate_man,2008,30.54
svn,sex_f,age_10yrbands_y35_44,eco_aggregate_man,2009,28.163
svn,sex_f,age_10yrbands_y35_44,eco_aggregate_man,2010,28.103
svn,sex_f,age_10yrbands_y35_44,eco_aggregate_man,2011,25.477
svn,sex_f,age_10yrbands_y35_44,eco_aggregate_man,2012,22.275
svn,sex_f,age_10yrbands_y35_44,eco_aggregate_man,2013,18.174
svn,sex_f,age_10yrbands_y35_44,eco_aggregate_man,2014,18.98
svn,sex_f,age_10yrbands_y35_44,eco_aggregate_man,2015,18.596
svn,sex_f,age_10yrbands_y35_44,eco_aggregate_man,2016,19.335
svn,sex_f,age_10yrbands_y35_44,eco_aggregate_man,2017,19.02
svn,sex_f,age_10yrbands_y35_44,eco_aggregate_man,2018,23.251
svn,sex_f,age_10yrbands_y35_44,eco_aggregate_man,2019,23.574
svn,sex_f,age_10yrbands_y35_44,eco_aggregate_man,2020,20.022
svn,sex_f,age_10yrbands_y35_44,eco_aggregate_man,2021,15.704
svn,sex_f,age_10yrbands_y35_44,eco_aggregate_man,2022,18.602
svn,sex_f,age_10yrbands_y35_44,eco_aggregate_man,2023,20.223
svn,sex_f,age_10yrbands_y35_44,eco_aggregate_mel,1996,1.037
svn,sex_f,age_10yrbands_y35_44,eco_aggregate_mel,1997,0.502
svn,sex_f,age_10yrbands_y35_44,eco_aggregate_mel,1998,0.886
svn,sex_f,age_10yrbands_y35_44,eco_aggregate_mel,1999,1.143
svn,sex_f,age_10yrbands_y35_44,eco_aggregate_mel,2000,1.261
svn,sex_f,age_10yrbands_y35_44,eco_aggregate_mel,2001,1.216
svn,sex_f,age_10yrbands_y35_44,eco_aggregate_mel,2002,0.594
svn,sex_f,age_10yrbands_y35_44,eco_aggregate_mel,2004,1.02
svn,sex_f,age_10yrbands_y35_44,eco_aggregate_mel,2005,1.062
svn,sex_f,age_10yrbands_y35_44,eco_aggregate_mel,2006,0.733
svn,sex_f,age_10yrbands_y35_44,eco_aggregate_mel,2007,0.674
svn,sex_f,age_10yrbands_y35_44,eco_aggregate_mel,2008,1.302
svn,sex_f,age_10yrbands_y35_44,eco_aggregate_mel,2009,1.6
svn,sex_f,age_10yrbands_y35_44,eco_aggregate_mel,2010,1.3
svn,sex_f,age_10yrbands_y35_44,eco_aggregate_mel,2011,1.424
svn,sex_f,age_10yrbands_y35_44,eco_aggregate_mel,2012,2.02
svn,sex_f,age_10yrbands_y35_44,eco_aggregate_mel,2013,1.594
svn,sex_f,age_10yrbands_y35_44,eco_aggregate_mel,2014,1.114
svn,sex_f,age_10yrbands_y35_44,eco_aggregate_mel,2015,0.543
svn,sex_f,age_10yrbands_y35_44,eco_aggregate_mel,2016,0.538
svn,sex_f,age_10yrbands_y35_44,eco_aggregate_mel,2017,1.333
svn,sex_f,age_10yrbands_y35_44,eco_aggregate_mel,2018,0.742
svn,sex_f,age_10yrbands_y35_44,eco_aggregate_mel,2019,0.832
svn,sex_f,age_10yrbands_y35_44,eco_aggregate_mel,2020,1.52
svn,sex_f,age_10yrbands_y35_44,eco_aggregate_mel,2021,1.602
svn,sex_f,age_10yrbands_y35_44,eco_aggregate_mel,2022,1.711
svn,sex_f,age_10yrbands_y35_44,eco_aggregate_mel,2023,1.814
svn,sex_f,age_10yrbands_y35_44,eco_aggregate_mkt,1996,32.538
svn,sex_f,age_10yrbands_y35_44,eco_aggregate_mkt,1997,32.259
svn,sex_f,age_10yrbands_y35_44,eco_aggregate_mkt,1998,34.234
svn,sex_f,age_10yrbands_y35_44,eco_aggregate_mkt,1999,35.892
svn,sex_f,age_10yrbands_y35_44,eco_aggregate_mkt,2000,40.862
svn,sex_f,age_10yrbands_y35_44,eco_aggregate_mkt,2001,37.954
svn,sex_f,age_10yrbands_y35_44,eco_aggregate_mkt,2002,38.813
svn,sex_f,age_10yrbands_y35_44,eco_aggregate_mkt,2003,38.921
svn,sex_f,age_10yrbands_y35_44,eco_aggregate_mkt,2004,36.889
svn,sex_f,age_10yrbands_y35_44,eco_aggregate_mkt,2005,37.487
svn,sex_f,age_10yrbands_y35_44,eco_aggregate_mkt,2006,38.554
svn,sex_f,age_10yrbands_y35_44,eco_aggregate_mkt,2007,40.92
svn,sex_f,age_10yrbands_y35_44,eco_aggregate_mkt,2008,42.501
svn,sex_f,age_10yrbands_y35_44,eco_aggregate_mkt,2009,40.958
svn,sex_f,age_10yrbands_y35_44,eco_aggregate_mkt,2010,36.474
svn,sex_f,age_10yrbands_y35_44,eco_aggregate_mkt,2011,39.047
svn,sex_f,age_10yrbands_y35_44,eco_aggregate_mkt,2012,39.021
svn,sex_f,age_10yrbands_y35_44,eco_aggregate_mkt,2013,40.762
svn,sex_f,age_10yrbands_y35_44,eco_aggregate_mkt,2014,42.637
svn,sex_f,age_10yrbands_y35_44,eco_aggregate_mkt,2015,40.645
svn,sex_f,age_10yrbands_y35_44,eco_aggregate_mkt,2016,41.471
svn,sex_f,age_10yrbands_y35_44,eco_aggregate_mkt,2017,42.447
svn,sex_f,age_10yrbands_y35_44,eco_aggregate_mkt,2018,43.899
svn,sex_f,age_10yrbands_y35_44,eco_aggregate_mkt,2019,43.023
svn,sex_f,age_10yrbands_y35_44,eco_aggregate_mkt,2020,42.512
svn,sex_f,age_10yrbands_y35_44,eco_aggregate_mkt,2021,41.67
svn,sex_f,age_10yrbands_y35_44,eco_aggregate_mkt,2022,40.743
svn,sex_f,age_10yrbands_y35_44,eco_aggregate_mkt,2023,41.475
svn,sex_f,age_10yrbands_y35_44,eco_aggregate_pub,1996,35.452
svn,sex_f,age_10yrbands_y35_44,eco_aggregate_pub,1997,33.909
svn,sex_f,age_10yrbands_y35_44,eco_aggregate_pub,1998,35.104
svn,sex_f,age_10yrbands_y35_44,eco_aggregate_pub,1999,40.934
svn,sex_f,age_10yrbands_y35_44,eco_aggregate_pub,2000,39.457
svn,sex_f,age_10yrbands_y35_44,eco_aggregate_pub,2001,41.641
svn,sex_f,age_10yrbands_y35_44,eco_aggregate_pub,2002,38.869
svn,sex_f,age_10yrbands_y35_44,eco_aggregate_pub,2003,40.352
svn,sex_f,age_10yrbands_y35_44,eco_aggregate_pub,2004,40.064
svn,sex_f,age_10yrbands_y35_44,eco_aggregate_pub,2005,43.819
svn,sex_f,age_10yrbands_y35_44,eco_aggregate_pub,2006,44.74
svn,sex_f,age_10yrbands_y35_44,eco_aggregate_pub,2007,40.514
svn,sex_f,age_10yrbands_y35_44,eco_aggregate_pub,2008,40.419
svn,sex_f,age_10yrbands_y35_44,eco_aggregate_pub,2009,39.24
svn,sex_f,age_10yrbands_y35_44,eco_aggregate_pub,2010,39.537
svn,sex_f,age_10yrbands_y35_44,eco_aggregate_pub,2011,40.683
svn,sex_f,age_10yrbands_y35_44,eco_aggregate_pub,2012,43.362
svn,sex_f,age_10yrbands_y35_44,eco_aggregate_pub,2013,42.102
svn,sex_f,age_10yrbands_y35_44,eco_aggregate_pub,2014,41.016
svn,sex_f,age_10yrbands_y35_44,eco_aggregate_pub,2015,42.128
svn,sex_f,age_10yrbands_y35_44,eco_aggregate_pub,2016,46.2
svn,sex_f,age_10yrbands_y35_44,eco_aggregate_pub,2017,45.501
svn,sex_f,age_10yrbands_y35_44,eco_aggregate_pub,2018,45.076
svn,sex_f,age_10yrbands_y35_44,eco_aggregate_pub,2019,45.852
svn,sex_f,age_10yrbands_y35_44,eco_aggregate_pub,2020,46.952
svn,sex_f,age_10yrbands_y35_44,eco_aggregate_pub,2021,51.364
svn,sex_f,age_10yrbands_y35_44,eco_aggregate_pub,2022,49.703
svn,sex_f,age_10yrbands_y35_44,eco_aggregate_pub,2023,48.831
svn,sex_f,age_10yrbands_y35_44,eco_aggregate_total,1996,119.358
svn,sex_f,age_10yrbands_y35_44,eco_aggregate_total,1997,113.571
svn,sex_f,age_10yrbands_y35_44,eco_aggregate_total,1998,114.854
svn,sex_f,age_10yrbands_y35_44,eco_aggregate_total,1999,115.75
svn,sex_f,age_10yrbands_y35_44,eco_aggregate_total,2000,121.617
svn,sex_f,age_10yrbands_y35_44,eco_aggregate_total,2001,123.014
svn,sex_f,age_10yrbands_y35_44,eco_aggregate_total,2002,122.337
svn,sex_f,age_10yrbands_y35_44,eco_aggregate_total,2003,116.705
svn,sex_f,age_10yrbands_y35_44,eco_aggregate_total,2004,114.528
svn,sex_f,age_10yrbands_y35_44,eco_aggregate_total,2005,119.658
svn,sex_f,age_10yrbands_y35_44,eco_aggregate_total,2006,118.131
svn,sex_f,age_10yrbands_y35_44,eco_aggregate_total,2007,115.723
svn,sex_f,age_10yrbands_y35_44,eco_aggregate_total,2008,119.135
svn,sex_f,age_10yrbands_y35_44,eco_aggregate_total,2009,113.145
svn,sex_f,age_10yrbands_y35_44,eco_aggregate_total,2010,107.701
svn,sex_f,age_10yrbands_y35_44,eco_aggregate_total,2011,109.794
svn,sex_f,age_10yrbands_y35_44,eco_aggregate_total,2012,109.255
svn,sex_f,age_10yrbands_y35_44,eco_aggregate_total,2013,104.823
svn,sex_f,age_10yrbands_y35_44,eco_aggregate_total,2014,106.071
svn,sex_f,age_10yrbands_y35_44,eco_aggregate_total,2015,105.292
svn,sex_f,age_10yrbands_y35_44,eco_aggregate_total,2016,110.652
svn,sex_f,age_10yrbands_y35_44,eco_aggregate_total,2017,111.821
svn,sex_f,age_10yrbands_y35_44,eco_aggregate_total,2018,115.634
svn,sex_f,age_10yrbands_y35_44,eco_aggregate_total,2019,116.311
svn,sex_f,age_10yrbands_y35_44,eco_aggregate_total,2020,112.922
svn,sex_f,age_10yrbands_y35_44,eco_aggregate_total,2021,113.525
svn,sex_f,age_10yrbands_y35_44,eco_aggregate_total,2022,114.256
svn,sex_f,age_10yrbands_y35_44,eco_aggregate_total,2023,114.938
svn,sex_f,age_10yrbands_y35_44,eco_aggregate_x,2001,1.139
svn,sex_f,age_10yrbands_y35_44,eco_aggregate_x,2005,0.24
svn,sex_f,age_10yrbands_y35_44,eco_aggregate_x,2006,0.162
svn,sex_f,age_10yrbands_y35_44,eco_aggregate_x,2007,0.818
svn,sex_f,age_10yrbands_y35_44,eco_aggregate_x,2008,0.496
svn,sex_f,age_10yrbands_y35_44,eco_aggregate_x,2011,0.691
svn,sex_f,age_10yrbands_y35_44,eco_aggregate_x,2012,0.671
svn,sex_f,age_10yrbands_y35_44,eco_aggregate_x,2013,0.319
svn,sex_f,age_10yrbands_y35_44,eco_aggregate_x,2014,0.499
svn,sex_f,age_10yrbands_y35_44,eco_aggregate_x,2015,1.635
svn,sex_f,age_10yrbands_y35_44,eco_aggregate_x,2016,0.749
svn,sex_f,age_10yrbands_y35_44,eco_aggregate_x,2017,0.625
svn,sex_f,age_10yrbands_y35_44,eco_aggregate_x,2018,0.48
svn,sex_f,age_10yrbands_y35_44,eco_aggregate_x,2019,0.528
svn,sex_f,age_10yrbands_y35_44,eco_aggregate_x,2020,0.225
svn,sex_f,age_10yrbands_y35_44,eco_aggregate_x,2021,0.426
svn,sex_f,age_10yrbands_y35_44,eco_aggregate_x,2022,0.418
svn,sex_f,age_10yrbands_y35_44,eco_aggregate_x,2023,0.444
svn,sex_f,age_10yrbands_y35_44,eco_sector_agr,1996,1.725
svn,sex_f,age_10yrbands_y35_44,eco_sector_agr,1997,1.604
svn,sex_f,age_10yrbands_y35_44,eco_sector_agr,1998,1.359
svn,sex_f,age_10yrbands_y35_44,eco_sector_agr,1999,0.404
svn,sex_f,age_10yrbands_y35_44,eco_sector_agr,2000,1.14
svn,sex_f,age_10yrbands_y35_44,eco_sector_agr,2001,0.772
svn,sex_f,age_10yrbands_y35_44,eco_sector_agr,2002,1.545
svn,sex_f,age_10yrbands_y35_44,eco_sector_agr,2003,1.468
svn,sex_f,age_10yrbands_y35_44,eco_sector_agr,2004,1.339
svn,sex_f,age_10yrbands_y35_44,eco_sector_agr,2005,1.084
svn,sex_f,age_10yrbands_y35_44,eco_sector_agr,2006,0.664
svn,sex_f,age_10yrbands_y35_44,eco_sector_agr,2007,1.452
svn,sex_f,age_10yrbands_y35_44,eco_sector_agr,2008,1.373
svn,sex_f,age_10yrbands_y35_44,eco_sector_agr,2009,1.205
svn,sex_f,age_10yrbands_y35_44,eco_sector_agr,2010,0.862
svn,sex_f,age_10yrbands_y35_44,eco_sector_agr,2011,0.844
svn,sex_f,age_10yrbands_y35_44,eco_sector_agr,2012,0.839
svn,sex_f,age_10yrbands_y35_44,eco_sector_agr,2013,0.305
svn,sex_f,age_10yrbands_y35_44,eco_sector_agr,2014,0.86
svn,sex_f,age_10yrbands_y35_44,eco_sector_agr,2015,0.495
svn,sex_f,age_10yrbands_y35_44,eco_sector_agr,2016,0.924
svn,sex_f,age_10yrbands_y35_44,eco_sector_agr,2017,1.559
svn,sex_f,age_10yrbands_y35_44,eco_sector_agr,2018,0.772
svn,sex_f,age_10yrbands_y35_44,eco_sector_agr,2019,1.255
svn,sex_f,age_10yrbands_y35_44,eco_sector_agr,2020,0.594
svn,sex_f,age_10yrbands_y35_44,eco_sector_agr,2021,0.634
svn,sex_f,age_10yrbands_y35_44,eco_sector_agr,2022,1.171
svn,sex_f,age_10yrbands_y35_44,eco_sector_agr,2023,0.786
svn,sex_f,age_10yrbands_y35_44,eco_sector_ind,1996,49.642
svn,sex_f,age_10yrbands_y35_44,eco_sector_ind,1997,45.663
svn,sex_f,age_10yrbands_y35_44,eco_sector_ind,1998,43.804
svn,sex_f,age_10yrbands_y35_44,eco_sector_ind,1999,38.521
svn,sex_f,age_10yrbands_y35_44,eco_sector_ind,2000,39.809
svn,sex_f,age_10yrbands_y35_44,eco_sector_ind,2001,41.509
svn,sex_f,age_10yrbands_y35_44,eco_sector_ind,2002,42.501
svn,sex_f,age_10yrbands_y35_44,eco_sector_ind,2003,35.455
svn,sex_f,age_10yrbands_y35_44,eco_sector_ind,2004,35.538
svn,sex_f,age_10yrbands_y35_44,eco_sector_ind,2005,37.028
svn,sex_f,age_10yrbands_y35_44,eco_sector_ind,2006,34.01
svn,sex_f,age_10yrbands_y35_44,eco_sector_ind,2007,32.018
svn,sex_f,age_10yrbands_y35_44,eco_sector_ind,2008,34.347
svn,sex_f,age_10yrbands_y35_44,eco_sector_ind,2009,31.629
svn,sex_f,age_10yrbands_y35_44,eco_sector_ind,2010,30.726
svn,sex_f,age_10yrbands_y35_44,eco_sector_ind,2011,28.529
svn,sex_f,age_10yrbands_y35_44,eco_sector_ind,2012,25.362
svn,sex_f,age_10yrbands_y35_44,eco_sector_ind,2013,21.335
svn,sex_f,age_10yrbands_y35_44,eco_sector_ind,2014,21.059
svn,sex_f,age_10yrbands_y35_44,eco_sector_ind,2015,20.388
svn,sex_f,age_10yrbands_y35_44,eco_sector_ind,2016,21.309
svn,sex_f,age_10yrbands_y35_44,eco_sector_ind,2017,21.689
svn,sex_f,age_10yrbands_y35_44,eco_sector_ind,2018,25.408
svn,sex_f,age_10yrbands_y35_44,eco_sector_ind,2019,25.653
svn,sex_f,age_10yrbands_y35_44,eco_sector_ind,2020,22.639
svn,sex_f,age_10yrbands_y35_44,eco_sector_ind,2021,19.43
svn,sex_f,age_10yrbands_y35_44,eco_sector_ind,2022,22.22
svn,sex_f,age_10yrbands_y35_44,eco_sector_ind,2023,23.401
svn,sex_f,age_10yrbands_y35_44,eco_sector_nag,1996,117.632
svn,sex_f,age_10yrbands_y35_44,eco_sector_nag,1997,111.967
svn,sex_f,age_10yrbands_y35_44,eco_sector_nag,1998,113.495
svn,sex_f,age_10yrbands_y35_44,eco_sector_nag,1999,115.347
svn,sex_f,age_10yrbands_y35_44,eco_sector_nag,2000,120.477
svn,sex_f,age_10yrbands_y35_44,eco_sector_nag,2001,122.242
svn,sex_f,age_10yrbands_y35_44,eco_sector_nag,2002,120.792
svn,sex_f,age_10yrbands_y35_44,eco_sector_nag,2003,115.237
svn,sex_f,age_10yrbands_y35_44,eco_sector_nag,2004,113.189
svn,sex_f,age_10yrbands_y35_44,eco_sector_nag,2005,118.574
svn,sex_f,age_10yrbands_y35_44,eco_sector_nag,2006,117.467
svn,sex_f,age_10yrbands_y35_44,eco_sector_nag,2007,114.27
svn,sex_f,age_10yrbands_y35_44,eco_sector_nag,2008,117.762
svn,sex_f,age_10yrbands_y35_44,eco_sector_nag,2009,111.94
svn,sex_f,age_10yrbands_y35_44,eco_sector_nag,2010,106.839
svn,sex_f,age_10yrbands_y35_44,eco_sector_nag,2011,108.95
svn,sex_f,age_10yrbands_y35_44,eco_sector_nag,2012,108.416
svn,sex_f,age_10yrbands_y35_44,eco_sector_nag,2013,104.518
svn,sex_f,age_10yrbands_y35_44,eco_sector_nag,2014,105.21
svn,sex_f,age_10yrbands_y35_44,eco_sector_nag,2015,104.797
svn,sex_f,age_10yrbands_y35_44,eco_sector_nag,2016,109.728
svn,sex_f,age_10yrbands_y35_44,eco_sector_nag,2017,110.262
svn,sex_f,age_10yrbands_y35_44,eco_sector_nag,2018,114.863
svn,sex_f,age_10yrbands_y35_44,eco_sector_nag,2019,115.056
svn,sex_f,age_10yrbands_y35_44,eco_sector_nag,2020,112.328
svn,sex_f,age_10yrbands_y35_44,eco_sector_nag,2021,112.891
svn,sex_f,age_10yrbands_y35_44,eco_sector_nag,2022,113.085
svn,sex_f,age_10yrbands_y35_44,eco_sector_nag,2023,114.151
svn,sex_f,age_10yrbands_y35_44,eco_sector_ser,1996,67.99
svn,sex_f,age_10yrbands_y35_44,eco_sector_ser,1997,66.169
svn,sex_f,age_10yrbands_y35_44,eco_sector_ser,1998,69.338
svn,sex_f,age_10yrbands_y35_44,eco_sector_ser,1999,76.826
svn,sex_f,age_10yrbands_y35_44,eco_sector_ser,2000,80.32
svn,sex_f,age_10yrbands_y35_44,eco_sector_ser,2001,79.594
svn,sex_f,age_10yrbands_y35_44,eco_sector_ser,2002,77.682
svn,sex_f,age_10yrbands_y35_44,eco_sector_ser,2003,79.273
svn,sex_f,age_10yrbands_y35_44,eco_sector_ser,2004,76.953
svn,sex_f,age_10yrbands_y35_44,eco_sector_ser,2005,81.306
svn,sex_f,age_10yrbands_y35_44,eco_sector_ser,2006,83.295
svn,sex_f,age_10yrbands_y35_44,eco_sector_ser,2007,81.434
svn,sex_f,age_10yrbands_y35_44,eco_sector_ser,2008,82.919
svn,sex_f,age_10yrbands_y35_44,eco_sector_ser,2009,80.199
svn,sex_f,age_10yrbands_y35_44,eco_sector_ser,2010,76.011
svn,sex_f,age_10yrbands_y35_44,eco_sector_ser,2011,79.73
svn,sex_f,age_10yrbands_y35_44,eco_sector_ser,2012,82.383
svn,sex_f,age_10yrbands_y35_44,eco_sector_ser,2013,82.864
svn,sex_f,age_10yrbands_y35_44,eco_sector_ser,2014,83.652
svn,sex_f,age_10yrbands_y35_44,eco_sector_ser,2015,82.773
svn,sex_f,age_10yrbands_y35_44,eco_sector_ser,2016,87.671
svn,sex_f,age_10yrbands_y35_44,eco_sector_ser,2017,87.948
svn,sex_f,age_10yrbands_y35_44,eco_sector_ser,2018,88.975
svn,sex_f,age_10yrbands_y35_44,eco_sector_ser,2019,88.875
svn,sex_f,age_10yrbands_y35_44,eco_sector_ser,2020,89.464
svn,sex_f,age_10yrbands_y35_44,eco_sector_ser,2021,93.035
svn,sex_f,age_10yrbands_y35_44,eco_sector_ser,2022,90.447
svn,sex_f,age_10yrbands_y35_44,eco_sector_ser,2023,90.307
svn,sex_f,age_10yrbands_y35_44,eco_sector_total,1996,119.358
svn,sex_f,age_10yrbands_y35_44,eco_sector_total,1997,113.571
svn,sex_f,age_10yrbands_y35_44,eco_sector_total,1998,114.854
svn,sex_f,age_10yrbands_y35_44,eco_sector_total,1999,115.75
svn,sex_f,age_10yrbands_y35_44,eco_sector_total,2000,121.617
svn,sex_f,age_10yrbands_y35_44,eco_sector_total,2001,123.014
svn,sex_f,age_10yrbands_y35_44,eco_sector_total,2002,122.337
svn,sex_f,age_10yrbands_y35_44,eco_sector_total,2003,116.705
svn,sex_f,age_10yrbands_y35_44,eco_sector_total,2004,114.528
svn,sex_f,age_10yrbands_y35_44,eco_sector_total,2005,119.658
svn,sex_f,age_10yrbands_y35_44,eco_sector_total,2006,118.131
svn,sex_f,age_10yrbands_y35_44,eco_sector_total,2007,115.723
svn,sex_f,age_10yrbands_y35_44,eco_sector_total,2008,119.135
svn,sex_f,age_10yrbands_y35_44,eco_sector_total,2009,113.145
svn,sex_f,age_10yrbands_y35_44,eco_sector_total,2010,107.701
svn,sex_f,age_10yrbands_y35_44,eco_sector_total,2011,109.794
svn,sex_f,age_10yrbands_y35_44,eco_sector_total,2012,109.255
svn,sex_f,age_10yrbands_y35_44,eco_sector_total,2013,104.823
svn,sex_f,age_10yrbands_y35_44,eco_sector_total,2014,106.071
svn,sex_f,age_10yrbands_y35_44,eco_sector_total,2015,105.292
svn,sex_f,age_10yrbands_y35_44,eco_sector_total,2016,110.652
svn,sex_f,age_10yrbands_y35_44,eco_sector_total,2017,111.821
svn,sex_f,age_10yrbands_y35_44,eco_sector_total,2018,115.634
svn,sex_f,age_10yrbands_y35_44,eco_sector_total,2019,116.311
svn,sex_f,age_10yrbands_y35_44,eco_sector_total,2020,112.922
svn,sex_f,age_10yrbands_y35_44,eco_sector_total,2021,113.525
svn,sex_f,age_10yrbands_y35_44,eco_sector_total,2022,114.256
svn,sex_f,age_10yrbands_y35_44,eco_sector_total,2023,114.938
svn,sex_f,age_10yrbands_y35_44,eco_sector_x,2001,1.139
svn,sex_f,age_10yrbands_y35_44,eco_sector_x,2005,0.24
svn,sex_f,age_10yrbands_y35_44,eco_sector_x,2006,0.162
svn,sex_f,age_10yrbands_y35_44,eco_sector_x,2007,0.818
svn,sex_f,age_10yrbands_y35_44,eco_sector_x,2008,0.496
svn,sex_f,age_10yrbands_y35_44,eco_sector_x,2011,0.691
svn,sex_f,age_10yrbands_y35_44,eco_sector_x,2012,0.671
svn,sex_f,age_10yrbands_y35_44,eco_sector_x,2013,0.319
svn,sex_f,age_10yrbands_y35_44,eco_sector_x,2014,0.499
svn,sex_f,age_10yrbands_y35_44,eco_sector_x,2015,1.635
svn,sex_f,age_10yrbands_y35_44,eco_sector_x,2016,0.749
svn,sex_f,age_10yrbands_y35_44,eco_sector_x,2017,0.625
svn,sex_f,age_10yrbands_y35_44,eco_sector_x,2018,0.48
svn,sex_f,age_10yrbands_y35_44,eco_sector_x,2019,0.528
svn,sex_f,age_10yrbands_y35_44,eco_sector_x,2020,0.225
svn,sex_f,age_10yrbands_y35_44,eco_sector_x,2021,0.426
svn,sex_f,age_10yrbands_y35_44,eco_sector_x,2022,0.418
svn,sex_f,age_10yrbands_y35_44,eco_sector_x,2023,0.444
svn,sex_f,age_10yrbands_y45_54,eco_aggregate_agr,1996,1.096
svn,sex_f,age_10yrbands_y45_54,eco_aggregate_agr,1997,1.297
svn,sex_f,age_10yrbands_y45_54,eco_aggregate_agr,1998,1.257
svn,sex_f,age_10yrbands_y45_54,eco_aggregate_agr,2000,0.5
svn,sex_f,age_10yrbands_y45_54,eco_aggregate_agr,2001,0.53
svn,sex_f,age_10yrbands_y45_54,eco_aggregate_agr,2002,1.061
svn,sex_f,age_10yrbands_y45_54,eco_aggregate_agr,2003,1.331
svn,sex_f,age_10yrbands_y45_54,eco_aggregate_agr,2004,1.243
svn,sex_f,age_10yrbands_y45_54,eco_aggregate_agr,2005,1.008
svn,sex_f,age_10yrbands_y45_54,eco_aggregate_agr,2006,1.206
svn,sex_f,age_10yrbands_y45_54,eco_aggregate_agr,2007,1.452
svn,sex_f,age_10yrbands_y45_54,eco_aggregate_agr,2008,1.485
svn,sex_f,age_10yrbands_y45_54,eco_aggregate_agr,2009,1.015
svn,sex_f,age_10yrbands_y45_54,eco_aggregate_agr,2010,0.816
svn,sex_f,age_10yrbands_y45_54,eco_aggregate_agr,2011,1.116
svn,sex_f,age_10yrbands_y45_54,eco_aggregate_agr,2012,1.164
svn,sex_f,age_10yrbands_y45_54,eco_aggregate_agr,2013,1.264
svn,sex_f,age_10yrbands_y45_54,eco_aggregate_agr,2014,1.274
svn,sex_f,age_10yrbands_y45_54,eco_aggregate_agr,2015,1.218
svn,sex_f,age_10yrbands_y45_54,eco_aggregate_agr,2016,0.769
svn,sex_f,age_10yrbands_y45_54,eco_aggregate_agr,2017,0.754
svn,sex_f,age_10yrbands_y45_54,eco_aggregate_agr,2018,0.634
svn,sex_f,age_10yrbands_y45_54,eco_aggregate_agr,2019,0.629
svn,sex_f,age_10yrbands_y45_54,eco_aggregate_agr,2020,0.884
svn,sex_f,age_10yrbands_y45_54,eco_aggregate_agr,2021,1.749
svn,sex_f,age_10yrbands_y45_54,eco_aggregate_agr,2022,1.743
svn,sex_f,age_10yrbands_y45_54,eco_aggregate_agr,2023,1.1
svn,sex_f,age_10yrbands_y45_54,eco_aggregate_con,1996,1.655
svn,sex_f,age_10yrbands_y45_54,eco_aggregate_con,1997,1.703
svn,sex_f,age_10yrbands_y45_54,eco_aggregate_con,1998,1.372
svn,sex_f,age_10yrbands_y45_54,eco_aggregate_con,1999,1.089
svn,sex_f,age_10yrbands_y45_54,eco_aggregate_con,2000,1.382
svn,sex_f,age_10yrbands_y45_54,eco_aggregate_con,2001,1.382
svn,sex_f,age_10yrbands_y45_54,eco_aggregate_con,2002,1.335
svn,sex_f,age_10yrbands_y45_54,eco_aggregate_con,2003,1.778
svn,sex_f,age_10yrbands_y45_54,eco_aggregate_con,2004,1.077
svn,sex_f,age_10yrbands_y45_54,eco_aggregate_con,2005,1.266
svn,sex_f,age_10yrbands_y45_54,eco_aggregate_con,2006,1.277
svn,sex_f,age_10yrbands_y45_54,eco_aggregate_con,2007,0.869
svn,sex_f,age_10yrbands_y45_54,eco_aggregate_con,2008,1.638
svn,sex_f,age_10yrbands_y45_54,eco_aggregate_con,2009,1.869
svn,sex_f,age_10yrbands_y45_54,eco_aggregate_con,2010,1.396
svn,sex_f,age_10yrbands_y45_54,eco_aggregate_con,2011,1.105
svn,sex_f,age_10yrbands_y45_54,eco_aggregate_con,2012,1.574
svn,sex_f,age_10yrbands_y45_54,eco_aggregate_con,2013,1.869
svn,sex_f,age_10yrbands_y45_54,eco_aggregate_con,2014,1.002
svn,sex_f,age_10yrbands_y45_54,eco_aggregate_con,2015,1.096
svn,sex_f,age_10yrbands_y45_54,eco_aggregate_con,2016,0.849
svn,sex_f,age_10yrbands_y45_54,eco_aggregate_con,2017,1.27
svn,sex_f,age_10yrbands_y45_54,eco_aggregate_con,2018,1.328
svn,sex_f,age_10yrbands_y45_54,eco_aggregate_con,2019,1.214
svn,sex_f,age_10yrbands_y45_54,eco_aggregate_con,2020,1.683
svn,sex_f,age_10yrbands_y45_54,eco_aggregate_con,2021,1.526
svn,sex_f,age_10yrbands_y45_54,eco_aggregate_con,2022,1.942
svn,sex_f,age_10yrbands_y45_54,eco_aggregate_con,2023,1.724
svn,sex_f,age_10yrbands_y45_54,eco_aggregate_man,1996,22.327
svn,sex_f,age_10yrbands_y45_54,eco_aggregate_man,1997,24.114
svn,sex_f,age_10yrbands_y45_54,eco_aggregate_man,1998,23.259
svn,sex_f,age_10yrbands_y45_54,eco_aggregate_man,1999,21.835
svn,sex_f,age_10yrbands_y45_54,eco_aggregate_man,2000,24.727
svn,sex_f,age_10yrbands_y45_54,eco_aggregate_man,2001,27.318
svn,sex_f,age_10yrbands_y45_54,eco_aggregate_man,2002,27.778
svn,sex_f,age_10yrbands_y45_54,eco_aggregate_man,2003,29.214
svn,sex_f,age_10yrbands_y45_54,eco_aggregate_man,2004,32.219
svn,sex_f,age_10yrbands_y45_54,eco_aggregate_man,2005,28.428
svn,sex_f,age_10yrbands_y45_54,eco_aggregate_man,2006,26.511
svn,sex_f,age_10yrbands_y45_54,eco_aggregate_man,2007,26.911
svn,sex_f,age_10yrbands_y45_54,eco_aggregate_man,2008,29.051
svn,sex_f,age_10yrbands_y45_54,eco_aggregate_man,2009,28.645
svn,sex_f,age_10yrbands_y45_54,eco_aggregate_man,2010,26.266
svn,sex_f,age_10yrbands_y45_54,eco_aggregate_man,2011,21.66
svn,sex_f,age_10yrbands_y45_54,eco_aggregate_man,2012,20.538
svn,sex_f,age_10yrbands_y45_54,eco_aggregate_man,2013,24.11
svn,sex_f,age_10yrbands_y45_54,eco_aggregate_man,2014,24.202
svn,sex_f,age_10yrbands_y45_54,eco_aggregate_man,2015,24.352
svn,sex_f,age_10yrbands_y45_54,eco_aggregate_man,2016,26.533
svn,sex_f,age_10yrbands_y45_54,eco_aggregate_man,2017,25.779
svn,sex_f,age_10yrbands_y45_54,eco_aggregate_man,2018,25.905
svn,sex_f,age_10yrbands_y45_54,eco_aggregate_man,2019,24.531
svn,sex_f,age_10yrbands_y45_54,eco_aggregate_man,2020,24.842
svn,sex_f,age_10yrbands_y45_54,eco_aggregate_man,2021,22.648
svn,sex_f,age_10yrbands_y45_54,eco_aggregate_man,2022,20.321
svn,sex_f,age_10yrbands_y45_54,eco_aggregate_man,2023,21.001
svn,sex_f,age_10yrbands_y45_54,eco_aggregate_mel,1996,0.647
svn,sex_f,age_10yrbands_y45_54,eco_aggregate_mel,1997,0.823
svn,sex_f,age_10yrbands_y45_54,eco_aggregate_mel,1998,0.47
svn,sex_f,age_10yrbands_y45_54,eco_aggregate_mel,2001,0.29
svn,sex_f,age_10yrbands_y45_54,eco_aggregate_mel,2002,0.902
svn,sex_f,age_10yrbands_y45_54,eco_aggregate_mel,2004,0.703
svn,sex_f,age_10yrbands_y45_54,eco_aggregate_mel,2005,0.982
svn,sex_f,age_10yrbands_y45_54,eco_aggregate_mel,2006,1.086
svn,sex_f,age_10yrbands_y45_54,eco_aggregate_mel,2007,1.222
svn,sex_f,age_10yrbands_y45_54,eco_aggregate_mel,2008,1.733
svn,sex_f,age_10yrbands_y45_54,eco_aggregate_mel,2009,1.429
svn,sex_f,age_10yrbands_y45_54,eco_aggregate_mel,2010,0.819
svn,sex_f,age_10yrbands_y45_54,eco_aggregate_mel,2011,1.208
svn,sex_f,age_10yrbands_y45_54,eco_aggregate_mel,2012,1.044
svn,sex_f,age_10yrbands_y45_54,eco_aggregate_mel,2013,1.46
svn,sex_f,age_10yrbands_y45_54,eco_aggregate_mel,2014,1.389
svn,sex_f,age_10yrbands_y45_54,eco_aggregate_mel,2015,1.135
svn,sex_f,age_10yrbands_y45_54,eco_aggregate_mel,2016,1.473
svn,sex_f,age_10yrbands_y45_54,eco_aggregate_mel,2017,1.521
svn,sex_f,age_10yrbands_y45_54,eco_aggregate_mel,2018,1.857
svn,sex_f,age_10yrbands_y45_54,eco_aggregate_mel,2019,1.757
svn,sex_f,age_10yrbands_y45_54,eco_aggregate_mel,2020,0.898
svn,sex_f,age_10yrbands_y45_54,eco_aggregate_mel,2021,1.607
svn,sex_f,age_10yrbands_y45_54,eco_aggregate_mel,2022,1.734
svn,sex_f,age_10yrbands_y45_54,eco_aggregate_mel,2023,2.115
svn,sex_f,age_10yrbands_y45_54,eco_aggregate_mkt,1996,17.664
svn,sex_f,age_10yrbands_y45_54,eco_aggregate_mkt,1997,19.457
svn,sex_f,age_10yrbands_y45_54,eco_aggregate_mkt,1998,21.033
svn,sex_f,age_10yrbands_y45_54,eco_aggregate_mkt,1999,20.49
svn,sex_f,age_10yrbands_y45_54,eco_aggregate_mkt,2000,20.198
svn,sex_f,age_10yrbands_y45_54,eco_aggregate_mkt,2001,23.834
svn,sex_f,age_10yrbands_y45_54,eco_aggregate_mkt,2002,28.385
svn,sex_f,age_10yrbands_y45_54,eco_aggregate_mkt,2003,33.258
svn,sex_f,age_10yrbands_y45_54,eco_aggregate_mkt,2004,31.552
svn,sex_f,age_10yrbands_y45_54,eco_aggregate_mkt,2005,29.954
svn,sex_f,age_10yrbands_y45_54,eco_aggregate_mkt,2006,31.849
svn,sex_f,age_10yrbands_y45_54,eco_aggregate_mkt,2007,31.761
svn,sex_f,age_10yrbands_y45_54,eco_aggregate_mkt,2008,35.142
svn,sex_f,age_10yrbands_y45_54,eco_aggregate_mkt,2009,35.073
svn,sex_f,age_10yrbands_y45_54,eco_aggregate_mkt,2010,36.07
svn,sex_f,age_10yrbands_y45_54,eco_aggregate_mkt,2011,36.842
svn,sex_f,age_10yrbands_y45_54,eco_aggregate_mkt,2012,37.86
svn,sex_f,age_10yrbands_y45_54,eco_aggregate_mkt,2013,36.834
svn,sex_f,age_10yrbands_y45_54,eco_aggregate_mkt,2014,34.807
svn,sex_f,age_10yrbands_y45_54,eco_aggregate_mkt,2015,32.488
svn,sex_f,age_10yrbands_y45_54,eco_aggregate_mkt,2016,35.917
svn,sex_f,age_10yrbands_y45_54,eco_aggregate_mkt,2017,36.691
svn,sex_f,age_10yrbands_y45_54,eco_aggregate_mkt,2018,36.857
svn,sex_f,age_10yrbands_y45_54,eco_aggregate_mkt,2019,39.077
svn,sex_f,age_10yrbands_y45_54,eco_aggregate_mkt,2020,40.23
svn,sex_f,age_10yrbands_y45_54,eco_aggregate_mkt,2021,38.251
svn,sex_f,age_10yrbands_y45_54,eco_aggregate_mkt,2022,39.277
svn,sex_f,age_10yrbands_y45_54,eco_aggregate_mkt,2023,38.41
svn,sex_f,age_10yrbands_y45_54,eco_aggregate_pub,1996,24.557
svn,sex_f,age_10yrbands_y45_54,eco_aggregate_pub,1997,24.264
svn,sex_f,age_10yrbands_y45_54,eco_aggregate_pub,1998,27.265
svn,sex_f,age_10yrbands_y45_54,eco_aggregate_pub,1999,28.82
svn,sex_f,age_10yrbands_y45_54,eco_aggregate_pub,2000,34.761
svn,sex_f,age_10yrbands_y45_54,eco_aggregate_pub,2001,33.481
svn,sex_f,age_10yrbands_y45_54,eco_aggregate_pub,2002,32.815
svn,sex_f,age_10yrbands_y45_54,eco_aggregate_pub,2003,34.089
svn,sex_f,age_10yrbands_y45_54,eco_aggregate_pub,2004,37.605
svn,sex_f,age_10yrbands_y45_54,eco_aggregate_pub,2005,41.459
svn,sex_f,age_10yrbands_y45_54,eco_aggregate_pub,2006,44.447
svn,sex_f,age_10yrbands_y45_54,eco_aggregate_pub,2007,44.099
svn,sex_f,age_10yrbands_y45_54,eco_aggregate_pub,2008,44.946
svn,sex_f,age_10yrbands_y45_54,eco_aggregate_pub,2009,46.347
svn,sex_f,age_10yrbands_y45_54,eco_aggregate_pub,2010,45.912
svn,sex_f,age_10yrbands_y45_54,eco_aggregate_pub,2011,47.89
svn,sex_f,age_10yrbands_y45_54,eco_aggregate_pub,2012,49.626
svn,sex_f,age_10yrbands_y45_54,eco_aggregate_pub,2013,45.87
svn,sex_f,age_10yrbands_y45_54,eco_aggregate_pub,2014,47.112
svn,sex_f,age_10yrbands_y45_54,eco_aggregate_pub,2015,46.795
svn,sex_f,age_10yrbands_y45_54,eco_aggregate_pub,2016,45.789
svn,sex_f,age_10yrbands_y45_54,eco_aggregate_pub,2017,48.001
svn,sex_f,age_10yrbands_y45_54,eco_aggregate_pub,2018,47.899
svn,sex_f,age_10yrbands_y45_54,eco_aggregate_pub,2019,49.77
svn,sex_f,age_10yrbands_y45_54,eco_aggregate_pub,2020,50.693
svn,sex_f,age_10yrbands_y45_54,eco_aggregate_pub,2021,53.836
svn,sex_f,age_10yrbands_y45_54,eco_aggregate_pub,2022,54.487
svn,sex_f,age_10yrbands_y45_54,eco_aggregate_pub,2023,50.905
svn,sex_f,age_10yrbands_y45_54,eco_aggregate_total,1996,67.946
svn,sex_f,age_10yrbands_y45_54,eco_aggregate_total,1997,71.767
svn,sex_f,age_10yrbands_y45_54,eco_aggregate_total,1998,75.026
svn,sex_f,age_10yrbands_y45_54,eco_aggregate_total,1999,73.125
svn,sex_f,age_10yrbands_y45_54,eco_aggregate_total,2000,82.252
svn,sex_f,age_10yrbands_y45_54,eco_aggregate_total,2001,87.14
svn,sex_f,age_10yrbands_y45_54,eco_aggregate_total,2002,92.542
svn,sex_f,age_10yrbands_y45_54,eco_aggregate_total,2003,100.277
svn,sex_f,age_10yrbands_y45_54,eco_aggregate_total,2004,104.464
svn,sex_f,age_10yrbands_y45_54,eco_aggregate_total,2005,103.597
svn,sex_f,age_10yrbands_y45_54,eco_aggregate_total,2006,107.066
svn,sex_f,age_10yrbands_y45_54,eco_aggregate_total,2007,106.524
svn,sex_f,age_10yrbands_y45_54,eco_aggregate_total,2008,114.22
svn,sex_f,age_10yrbands_y45_54,eco_aggregate_total,2009,114.562
svn,sex_f,age_10yrbands_y45_54,eco_aggregate_total,2010,111.473
svn,sex_f,age_10yrbands_y45_54,eco_aggregate_total,2011,110.273
svn,sex_f,age_10yrbands_y45_54,eco_aggregate_total,2012,112.11
svn,sex_f,age_10yrbands_y45_54,eco_aggregate_total,2013,111.825
svn,sex_f,age_10yrbands_y45_54,eco_aggregate_total,2014,110.209
svn,sex_f,age_10yrbands_y45_54,eco_aggregate_total,2015,107.523
svn,sex_f,age_10yrbands_y45_54,eco_aggregate_total,2016,111.816
svn,sex_f,age_10yrbands_y45_54,eco_aggregate_total,2017,114.553
svn,sex_f,age_10yrbands_y45_54,eco_aggregate_total,2018,115.086
svn,sex_f,age_10yrbands_y45_54,eco_aggregate_total,2019,117.201
svn,sex_f,age_10yrbands_y45_54,eco_aggregate_total,2020,119.555
svn,sex_f,age_10yrbands_y45_54,eco_aggregate_total,2021,120.02
svn,sex_f,age_10yrbands_y45_54,eco_aggregate_total,2022,119.793
svn,sex_f,age_10yrbands_y45_54,eco_aggregate_total,2023,115.764
svn,sex_f,age_10yrbands_y45_54,eco_aggregate_x,1998,0.37
svn,sex_f,age_10yrbands_y45_54,eco_aggregate_x,2003,0.293
svn,sex_f,age_10yrbands_y45_54,eco_aggregate_x,2005,0.5
svn,sex_f,age_10yrbands_y45_54,eco_aggregate_x,2006,0.69
svn,sex_f,age_10yrbands_y45_54,eco_aggregate_x,2007,0.211
svn,sex_f,age_10yrbands_y45_54,eco_aggregate_x,2008,0.226
svn,sex_f,age_10yrbands_y45_54,eco_aggregate_x,2009,0.184
svn,sex_f,age_10yrbands_y45_54,eco_aggregate_x,2010,0.195
svn,sex_f,age_10yrbands_y45_54,eco_aggregate_x,2011,0.452
svn,sex_f,age_10yrbands_y45_54,eco_aggregate_x,2012,0.304
svn,sex_f,age_10yrbands_y45_54,eco_aggregate_x,2013,0.419
svn,sex_f,age_10yrbands_y45_54,eco_aggregate_x,2014,0.423
svn,sex_f,age_10yrbands_y45_54,eco_aggregate_x,2015,0.439
svn,sex_f,age_10yrbands_y45_54,eco_aggregate_x,2016,0.485
svn,sex_f,age_10yrbands_y45_54,eco_aggregate_x,2017,0.538
svn,sex_f,age_10yrbands_y45_54,eco_aggregate_x,2018,0.605
svn,sex_f,age_10yrbands_y45_54,eco_aggregate_x,2019,0.223
svn,sex_f,age_10yrbands_y45_54,eco_aggregate_x,2020,0.325
svn,sex_f,age_10yrbands_y45_54,eco_aggregate_x,2021,0.404
svn,sex_f,age_10yrbands_y45_54,eco_aggregate_x,2022,0.29
svn,sex_f,age_10yrbands_y45_54,eco_aggregate_x,2023,0.509
svn,sex_f,age_10yrbands_y45_54,eco_sector_agr,1996,1.096
svn,sex_f,age_10yrbands_y45_54,eco_sector_agr,1997,1.297
svn,sex_f,age_10yrbands_y45_54,eco_sector_agr,1998,1.257
svn,sex_f,age_10yrbands_y45_54,eco_sector_agr,2000,0.5
svn,sex_f,age_10yrbands_y45_54,eco_sector_agr,2001,0.53
svn,sex_f,age_10yrbands_y45_54,eco_sector_agr,2002,1.061
svn,sex_f,age_10yrbands_y45_54,eco_sector_agr,2003,1.331
svn,sex_f,age_10yrbands_y45_54,eco_sector_agr,2004,1.243
svn,sex_f,age_10yrbands_y45_54,eco_sector_agr,2005,1.008
svn,sex_f,age_10yrbands_y45_54,eco_sector_agr,2006,1.206
svn,sex_f,age_10yrbands_y45_54,eco_sector_agr,2007,1.452
svn,sex_f,age_10yrbands_y45_54,eco_sector_agr,2008,1.485
svn,sex_f,age_10yrbands_y45_54,eco_sector_agr,2009,1.015
svn,sex_f,age_10yrbands_y45_54,eco_sector_agr,2010,0.816
svn,sex_f,age_10yrbands_y45_54,eco_sector_agr,2011,1.116
svn,sex_f,age_10yrbands_y45_54,eco_sector_agr,2012,1.164
svn,sex_f,age_10yrbands_y45_54,eco_sector_agr,2013,1.264
svn,sex_f,age_10yrbands_y45_54,eco_sector_agr,2014,1.274
svn,sex_f,age_10yrbands_y45_54,eco_sector_agr,2015,1.218
svn,sex_f,age_10yrbands_y45_54,eco_sector_agr,2016,0.769
svn,sex_f,age_10yrbands_y45_54,eco_sector_agr,2017,0.754
svn,sex_f,age_10yrbands_y45_54,eco_sector_agr,2018,0.634
svn,sex_f,age_10yrbands_y45_54,eco_sector_agr,2019,0.629
svn,sex_f,age_10yrbands_y45_54,eco_sector_agr,2020,0.884
svn,sex_f,age_10yrbands_y45_54,eco_sector_agr,2021,1.749
svn,sex_f,age_10yrbands_y45_54,eco_sector_agr,2022,1.743
svn,sex_f,age_10yrbands_y45_54,eco_sector_agr,2023,1.1
svn,sex_f,age_10yrbands_y45_54,eco_sector_ind,1996,24.629
svn,sex_f,age_10yrbands_y45_54,eco_sector_ind,1997,26.64
svn,sex_f,age_10yrbands_y45_54,eco_sector_ind,1998,25.101
svn,sex_f,age_10yrbands_y45_54,eco_sector_ind,1999,23.29
svn,sex_f,age_10yrbands_y45_54,eco_sector_ind,2000,26.622
svn,sex_f,age_10yrbands_y45_54,eco_sector_ind,2001,28.99
svn,sex_f,age_10yrbands_y45_54,eco_sector_ind,2002,30.015
svn,sex_f,age_10yrbands_y45_54,eco_sector_ind,2003,31.306
svn,sex_f,age_10yrbands_y45_54,eco_sector_ind,2004,34
svn,sex_f,age_10yrbands_y45_54,eco_sector_ind,2005,30.676
svn,sex_f,age_10yrbands_y45_54,eco_sector_ind,2006,28.874
svn,sex_f,age_10yrbands_y45_54,eco_sector_ind,2007,29.002
svn,sex_f,age_10yrbands_y45_54,eco_sector_ind,2008,32.421
svn,sex_f,age_10yrbands_y45_54,eco_sector_ind,2009,31.943
svn,sex_f,age_10yrbands_y45_54,eco_sector_ind,2010,28.48
svn,sex_f,age_10yrbands_y45_54,eco_sector_ind,2011,23.972
svn,sex_f,age_10yrbands_y45_54,eco_sector_ind,2012,23.157
svn,sex_f,age_10yrbands_y45_54,eco_sector_ind,2013,27.438
svn,sex_f,age_10yrbands_y45_54,eco_sector_ind,2014,26.593
svn,sex_f,age_10yrbands_y45_54,eco_sector_ind,2015,26.584
svn,sex_f,age_10yrbands_y45_54,eco_sector_ind,2016,28.855
svn,sex_f,age_10yrbands_y45_54,eco_sector_ind,2017,28.57
svn,sex_f,age_10yrbands_y45_54,eco_sector_ind,2018,29.091
svn,sex_f,age_10yrbands_y45_54,eco_sector_ind,2019,27.503
svn,sex_f,age_10yrbands_y45_54,eco_sector_ind,2020,27.423
svn,sex_f,age_10yrbands_y45_54,eco_sector_ind,2021,25.781
svn,sex_f,age_10yrbands_y45_54,eco_sector_ind,2022,23.997
svn,sex_f,age_10yrbands_y45_54,eco_sector_ind,2023,24.84
svn,sex_f,age_10yrbands_y45_54,eco_sector_nag,1996,66.85
svn,sex_f,age_10yrbands_y45_54,eco_sector_nag,1997,70.47
svn,sex_f,age_10yrbands_y45_54,eco_sector_nag,1998,73.769
svn,sex_f,age_10yrbands_y45_54,eco_sector_nag,2000,81.751
svn,sex_f,age_10yrbands_y45_54,eco_sector_nag,2001,86.61
svn,sex_f,age_10yrbands_y45_54,eco_sector_nag,2002,91.481
svn,sex_f,age_10yrbands_y45_54,eco_sector_nag,2003,98.945
svn,sex_f,age_10yrbands_y45_54,eco_sector_nag,2004,103.221
svn,sex_f,age_10yrbands_y45_54,eco_sector_nag,2005,102.589
svn,sex_f,age_10yrbands_y45_54,eco_sector_nag,2006,105.86
svn,sex_f,age_10yrbands_y45_54,eco_sector_nag,2007,105.072
svn,sex_f,age_10yrbands_y45_54,eco_sector_nag,2008,112.735
svn,sex_f,age_10yrbands_y45_54,eco_sector_nag,2009,113.547
svn,sex_f,age_10yrbands_y45_54,eco_sector_nag,2010,110.657
svn,sex_f,age_10yrbands_y45_54,eco_sector_nag,2011,109.157
svn,sex_f,age_10yrbands_y45_54,eco_sector_nag,2012,110.946
svn,sex_f,age_10yrbands_y45_54,eco_sector_nag,2013,110.561
svn,sex_f,age_10yrbands_y45_54,eco_sector_nag,2014,108.935
svn,sex_f,age_10yrbands_y45_54,eco_sector_nag,2015,106.306
svn,sex_f,age_10yrbands_y45_54,eco_sector_nag,2016,111.047
svn,sex_f,age_10yrbands_y45_54,eco_sector_nag,2017,113.8
svn,sex_f,age_10yrbands_y45_54,eco_sector_nag,2018,114.452
svn,sex_f,age_10yrbands_y45_54,eco_sector_nag,2019,116.572
svn,sex_f,age_10yrbands_y45_54,eco_sector_nag,2020,118.671
svn,sex_f,age_10yrbands_y45_54,eco_sector_nag,2021,118.271
svn,sex_f,age_10yrbands_y45_54,eco_sector_nag,2022,118.051
svn,sex_f,age_10yrbands_y45_54,eco_sector_nag,2023,114.664
svn,sex_f,age_10yrbands_y45_54,eco_sector_ser,1996,42.221
svn,sex_f,age_10yrbands_y45_54,eco_sector_ser,1997,43.721
svn,sex_f,age_10yrbands_y45_54,eco_sector_ser,1998,48.298
svn,sex_f,age_10yrbands_y45_54,eco_sector_ser,1999,49.31
svn,sex_f,age_10yrbands_y45_54,eco_sector_ser,2000,54.959
svn,sex_f,age_10yrbands_y45_54,eco_sector_ser,2001,57.315
svn,sex_f,age_10yrbands_y45_54,eco_sector_ser,2002,61.2
svn,sex_f,age_10yrbands_y45_54,eco_sector_ser,2003,67.347
svn,sex_f,age_10yrbands_y45_54,eco_sector_ser,2004,69.157
svn,sex_f,age_10yrbands_y45_54,eco_sector_ser,2005,71.413
svn,sex_f,age_10yrbands_y45_54,eco_sector_ser,2006,76.296
svn,sex_f,age_10yrbands_y45_54,eco_sector_ser,2007,75.86
svn,sex_f,age_10yrbands_y45_54,eco_sector_ser,2008,80.088
svn,sex_f,age_10yrbands_y45_54,eco_sector_ser,2009,81.42
svn,sex_f,age_10yrbands_y45_54,eco_sector_ser,2010,81.981
svn,sex_f,age_10yrbands_y45_54,eco_sector_ser,2011,84.732
svn,sex_f,age_10yrbands_y45_54,eco_sector_ser,2012,87.486
svn,sex_f,age_10yrbands_y45_54,eco_sector_ser,2013,82.704
svn,sex_f,age_10yrbands_y45_54,eco_sector_ser,2014,81.919
svn,sex_f,age_10yrbands_y45_54,eco_sector_ser,2015,79.283
svn,sex_f,age_10yrbands_y45_54,eco_sector_ser,2016,81.707
svn,sex_f,age_10yrbands_y45_54,eco_sector_ser,2017,84.692
svn,sex_f,age_10yrbands_y45_54,eco_sector_ser,2018,84.756
svn,sex_f,age_10yrbands_y45_54,eco_sector_ser,2019,88.847
svn,sex_f,age_10yrbands_y45_54,eco_sector_ser,2020,90.922
svn,sex_f,age_10yrbands_y45_54,eco_sector_ser,2021,92.087
svn,sex_f,age_10yrbands_y45_54,eco_sector_ser,2022,93.765
svn,sex_f,age_10yrbands_y45_54,eco_sector_ser,2023,89.315
svn,sex_f,age_10yrbands_y45_54,eco_sector_total,1996,67.946
svn,sex_f,age_10yrbands_y45_54,eco_sector_total,1997,71.767
svn,sex_f,age_10yrbands_y45_54,eco_sector_total,1998,75.026
svn,sex_f,age_10yrbands_y45_54,eco_sector_total,1999,73.125
svn,sex_f,age_10yrbands_y45_54,eco_sector_total,2000,82.252
svn,sex_f,age_10yrbands_y45_54,eco_sector_total,2001,87.14
svn,sex_f,age_10yrbands_y45_54,eco_sector_total,2002,92.542
svn,sex_f,age_10yrbands_y45_54,eco_sector_total,2003,100.277
svn,sex_f,age_10yrbands_y45_54,eco_sector_total,2004,104.464
svn,sex_f,age_10yrbands_y45_54,eco_sector_total,2005,103.597
svn,sex_f,age_10yrbands_y45_54,eco_sector_total,2006,107.066
svn,sex_f,age_10yrbands_y45_54,eco_sector_total,2007,106.524
svn,sex_f,age_10yrbands_y45_54,eco_sector_total,2008,114.22
svn,sex_f,age_10yrbands_y45_54,eco_sector_total,2009,114.562
svn,sex_f,age_10yrbands_y45_54,eco_sector_total,2010,111.473
svn,sex_f,age_10yrbands_y45_54,eco_sector_total,2011,110.273
svn,sex_f,age_10yrbands_y45_54,eco_sector_total,2012,112.11
svn,sex_f,age_10yrbands_y45_54,eco_sector_total,2013,111.825
svn,sex_f,age_10yrbands_y45_54,eco_sector_total,2014,110.209
svn,sex_f,age_10yrbands_y45_54,eco_sector_total,2015,107.523
svn,sex_f,age_10yrbands_y45_54,eco_sector_total,2016,111.816
svn,sex_f,age_10yrbands_y45_54,eco_sector_total,2017,114.553
svn,sex_f,age_10yrbands_y45_54,eco_sector_total,2018,115.086
svn,sex_f,age_10yrbands_y45_54,eco_sector_total,2019,117.201
svn,sex_f,age_10yrbands_y45_54,eco_sector_total,2020,119.555
svn,sex_f,age_10yrbands_y45_54,eco_sector_total,2021,120.02
svn,sex_f,age_10yrbands_y45_54,eco_sector_total,2022,119.793
svn,sex_f,age_10yrbands_y45_54,eco_sector_total,2023,115.764
svn,sex_f,age_10yrbands_y45_54,eco_sector_x,1998,0.37
svn,sex_f,age_10yrbands_y45_54,eco_sector_x,2003,0.293
svn,sex_f,age_10yrbands_y45_54,eco_sector_x,2005,0.5
svn,sex_f,age_10yrbands_y45_54,eco_sector_x,2006,0.69
svn,sex_f,age_10yrbands_y45_54,eco_sector_x,2007,0.211
svn,sex_f,age_10yrbands_y45_54,eco_sector_x,2008,0.226
svn,sex_f,age_10yrbands_y45_54,eco_sector_x,2009,0.184
svn,sex_f,age_10yrbands_y45_54,eco_sector_x,2010,0.195
svn,sex_f,age_10yrbands_y45_54,eco_sector_x,2011,0.452
svn,sex_f,age_10yrbands_y45_54,eco_sector_x,2012,0.304
svn,sex_f,age_10yrbands_y45_54,eco_sector_x,2013,0.419
svn,sex_f,age_10yrbands_y45_54,eco_sector_x,2014,0.423
svn,sex_f,age_10yrbands_y45_54,eco_sector_x,2015,0.439
svn,sex_f,age_10yrbands_y45_54,eco_sector_x,2016,0.485
svn,sex_f,age_10yrbands_y45_54,eco_sector_x,2017,0.538
svn,sex_f,age_10yrbands_y45_54,eco_sector_x,2018,0.605
svn,sex_f,age_10yrbands_y45_54,eco_sector_x,2019,0.223
svn,sex_f,age_10yrbands_y45_54,eco_sector_x,2020,0.325
svn,sex_f,age_10yrbands_y45_54,eco_sector_x,2021,0.404
svn,sex_f,age_10yrbands_y45_54,eco_sector_x,2022,0.29
svn,sex_f,age_10yrbands_y45_54,eco_sector_x,2023,0.509
svn,sex_f,age_10yrbands_y55_64,eco_aggregate_agr,2005,0.255
svn,sex_f,age_10yrbands_y55_64,eco_aggregate_agr,2006,0.244
svn,sex_f,age_10yrbands_y55_64,eco_aggregate_agr,2007,0.35
svn,sex_f,age_10yrbands_y55_64,eco_aggregate_agr,2008,0.282
svn,sex_f,age_10yrbands_y55_64,eco_aggregate_agr,2010,0.118
svn,sex_f,age_10yrbands_y55_64,eco_aggregate_agr,2011,0.127
svn,sex_f,age_10yrbands_y55_64,eco_aggregate_agr,2012,0.316
svn,sex_f,age_10yrbands_y55_64,eco_aggregate_agr,2013,0.383
svn,sex_f,age_10yrbands_y55_64,eco_aggregate_agr,2014,0.18
svn,sex_f,age_10yrbands_y55_64,eco_aggregate_agr,2016,0.255
svn,sex_f,age_10yrbands_y55_64,eco_aggregate_agr,2017,0.32
svn,sex_f,age_10yrbands_y55_64,eco_aggregate_agr,2018,0.718
svn,sex_f,age_10yrbands_y55_64,eco_aggregate_agr,2019,0.601
svn,sex_f,age_10yrbands_y55_64,eco_aggregate_agr,2020,0.208
svn,sex_f,age_10yrbands_y55_64,eco_aggregate_agr,2021,0.398
svn,sex_f,age_10yrbands_y55_64,eco_aggregate_agr,2022,0.472
svn,sex_f,age_10yrbands_y55_64,eco_aggregate_agr,2023,0.674
svn,sex_f,age_10yrbands_y55_64,eco_aggregate_con,2004,0
svn,sex_f,age_10yrbands_y55_64,eco_aggregate_con,2006,0.272
svn,sex_f,age_10yrbands_y55_64,eco_aggregate_con,2007,0.125
svn,sex_f,age_10yrbands_y55_64,eco_aggregate_con,2008,0.143
svn,sex_f,age_10yrbands_y55_64,eco_aggregate_con,2009,0.502
svn,sex_f,age_10yrbands_y55_64,eco_aggregate_con,2010,0.272
svn,sex_f,age_10yrbands_y55_64,eco_aggregate_con,2011,0.152
svn,sex_f,age_10yrbands_y55_64,eco_aggregate_con,2012,0.39
svn,sex_f,age_10yrbands_y55_64,eco_aggregate_con,2013,0.567
svn,sex_f,age_10yrbands_y55_64,eco_aggregate_con,2014,0.275
svn,sex_f,age_10yrbands_y55_64,eco_aggregate_con,2015,0.398
svn,sex_f,age_10yrbands_y55_64,eco_aggregate_con,2016,0.459
svn,sex_f,age_10yrbands_y55_64,eco_aggregate_con,2017,0.375
svn,sex_f,age_10yrbands_y55_64,eco_aggregate_con,2018,0.727
svn,sex_f,age_10yrbands_y55_64,eco_aggregate_con,2019,0.645
svn,sex_f,age_10yrbands_y55_64,eco_aggregate_con,2020,0.594
svn,sex_f,age_10yrbands_y55_64,eco_aggregate_con,2021,0.92
svn,sex_f,age_10yrbands_y55_64,eco_aggregate_con,2022,0.865
svn,sex_f,age_10yrbands_y55_64,eco_aggregate_con,2023,0.758
svn,sex_f,age_10yrbands_y55_64,eco_aggregate_man,1996,0.462
svn,sex_f,age_10yrbands_y55_64,eco_aggregate_man,1997,0.675
svn,sex_f,age_10yrbands_y55_64,eco_aggregate_man,1998,0.366
svn,sex_f,age_10yrbands_y55_64,eco_aggregate_man,1999,0.393
svn,sex_f,age_10yrbands_y55_64,eco_aggregate_man,2001,0.995
svn,sex_f,age_10yrbands_y55_64,eco_aggregate_man,2002,1.224
svn,sex_f,age_10yrbands_y55_64,eco_aggregate_man,2003,1.614
svn,sex_f,age_10yrbands_y55_64,eco_aggregate_man,2004,1.35
svn,sex_f,age_10yrbands_y55_64,eco_aggregate_man,2005,1.895
svn,sex_f,age_10yrbands_y55_64,eco_aggregate_man,2006,2.094
svn,sex_f,age_10yrbands_y55_64,eco_aggregate_man,2007,2.337
svn,sex_f,age_10yrbands_y55_64,eco_aggregate_man,2008,2.538
svn,sex_f,age_10yrbands_y55_64,eco_aggregate_man,2009,2.536
svn,sex_f,age_10yrbands_y55_64,eco_aggregate_man,2010,1.757
svn,sex_f,age_10yrbands_y55_64,eco_aggregate_man,2011,2.003
svn,sex_f,age_10yrbands_y55_64,eco_aggregate_man,2012,3.015
svn,sex_f,age_10yrbands_y55_64,eco_aggregate_man,2013,2.222
svn,sex_f,age_10yrbands_y55_64,eco_aggregate_man,2014,3.293
svn,sex_f,age_10yrbands_y55_64,eco_aggregate_man,2015,4.98
svn,sex_f,age_10yrbands_y55_64,eco_aggregate_man,2016,5.551
svn,sex_f,age_10yrbands_y55_64,eco_aggregate_man,2017,6.668
svn,sex_f,age_10yrbands_y55_64,eco_aggregate_man,2018,7.477
svn,sex_f,age_10yrbands_y55_64,eco_aggregate_man,2019,10.283
svn,sex_f,age_10yrbands_y55_64,eco_aggregate_man,2020,10.724
svn,sex_f,age_10yrbands_y55_64,eco_aggregate_man,2021,9.17
svn,sex_f,age_10yrbands_y55_64,eco_aggregate_man,2022,9.417
svn,sex_f,age_10yrbands_y55_64,eco_aggregate_man,2023,10.751
svn,sex_f,age_10yrbands_y55_64,eco_aggregate_mel,1997,0
svn,sex_f,age_10yrbands_y55_64,eco_aggregate_mel,2001,0
svn,sex_f,age_10yrbands_y55_64,eco_aggregate_mel,2002,0
svn,sex_f,age_10yrbands_y55_64,eco_aggregate_mel,2005,0.098
svn,sex_f,age_10yrbands_y55_64,eco_aggregate_mel,2006,0.16
svn,sex_f,age_10yrbands_y55_64,eco_aggregate_mel,2007,0.183
svn,sex_f,age_10yrbands_y55_64,eco_aggregate_mel,2008,0.103
svn,sex_f,age_10yrbands_y55_64,eco_aggregate_mel,2009,0.208
svn,sex_f,age_10yrbands_y55_64,eco_aggregate_mel,2010,0.165
svn,sex_f,age_10yrbands_y55_64,eco_aggregate_mel,2011,0.325
svn,sex_f,age_10yrbands_y55_64,eco_aggregate_mel,2013,0.256
svn,sex_f,age_10yrbands_y55_64,eco_aggregate_mel,2014,0.404
svn,sex_f,age_10yrbands_y55_64,eco_aggregate_mel,2015,0.415
svn,sex_f,age_10yrbands_y55_64,eco_aggregate_mel,2016,0.296
svn,sex_f,age_10yrbands_y55_64,eco_aggregate_mel,2017,0.386
svn,sex_f,age_10yrbands_y55_64,eco_aggregate_mel,2018,0.678
svn,sex_f,age_10yrbands_y55_64,eco_aggregate_mel,2019,0.791
svn,sex_f,age_10yrbands_y55_64,eco_aggregate_mel,2020,1.199
svn,sex_f,age_10yrbands_y55_64,eco_aggregate_mel,2021,0.946
svn,sex_f,age_10yrbands_y55_64,eco_aggregate_mel,2022,1.173
svn,sex_f,age_10yrbands_y55_64,eco_aggregate_mel,2023,0.588
svn,sex_f,age_10yrbands_y55_64,eco_aggregate_mkt,1996,1.614
svn,sex_f,age_10yrbands_y55_64,eco_aggregate_mkt,1997,1.546
svn,sex_f,age_10yrbands_y55_64,eco_aggregate_mkt,1998,2.648
svn,sex_f,age_10yrbands_y55_64,eco_aggregate_mkt,1999,1.6
svn,sex_f,age_10yrbands_y55_64,eco_aggregate_mkt,2000,0.95
svn,sex_f,age_10yrbands_y55_64,eco_aggregate_mkt,2001,0.701
svn,sex_f,age_10yrbands_y55_64,eco_aggregate_mkt,2002,0.817
svn,sex_f,age_10yrbands_y55_64,eco_aggregate_mkt,2003,1.419
svn,sex_f,age_10yrbands_y55_64,eco_aggregate_mkt,2004,2.612
svn,sex_f,age_10yrbands_y55_64,eco_aggregate_mkt,2005,2.294
svn,sex_f,age_10yrbands_y55_64,eco_aggregate_mkt,2006,2.932
svn,sex_f,age_10yrbands_y55_64,eco_aggregate_mkt,2007,3.785
svn,sex_f,age_10yrbands_y55_64,eco_aggregate_mkt,2008,5.215
svn,sex_f,age_10yrbands_y55_64,eco_aggregate_mkt,2009,6.878
svn,sex_f,age_10yrbands_y55_64,eco_aggregate_mkt,2010,6.835
svn,sex_f,age_10yrbands_y55_64,eco_aggregate_mkt,2011,5.154
svn,sex_f,age_10yrbands_y55_64,eco_aggregate_mkt,2012,7.127
svn,sex_f,age_10yrbands_y55_64,eco_aggregate_mkt,2013,6.745
svn,sex_f,age_10yrbands_y55_64,eco_aggregate_mkt,2014,8.636
svn,sex_f,age_10yrbands_y55_64,eco_aggregate_mkt,2015,11.618
svn,sex_f,age_10yrbands_y55_64,eco_aggregate_mkt,2016,12.582
svn,sex_f,age_10yrbands_y55_64,eco_aggregate_mkt,2017,11.758
svn,sex_f,age_10yrbands_y55_64,eco_aggregate_mkt,2018,13.025
svn,sex_f,age_10yrbands_y55_64,eco_aggregate_mkt,2019,14.966
svn,sex_f,age_10yrbands_y55_64,eco_aggregate_mkt,2020,17.976
svn,sex_f,age_10yrbands_y55_64,eco_aggregate_mkt,2021,16.312
svn,sex_f,age_10yrbands_y55_64,eco_aggregate_mkt,2022,17.422
svn,sex_f,age_10yrbands_y55_64,eco_aggregate_mkt,2023,21.415
svn,sex_f,age_10yrbands_y55_64,eco_aggregate_pub,1996,2.222
svn,sex_f,age_10yrbands_y55_64,eco_aggregate_pub,1997,3.569
svn,sex_f,age_10yrbands_y55_64,eco_aggregate_pub,1998,4.07
svn,sex_f,age_10yrbands_y55_64,eco_aggregate_pub,1999,3.691
svn,sex_f,age_10yrbands_y55_64,eco_aggregate_pub,2000,4.458
svn,sex_f,age_10yrbands_y55_64,eco_aggregate_pub,2001,3.186
svn,sex_f,age_10yrbands_y55_64,eco_aggregate_pub,2002,5.007
svn,sex_f,age_10yrbands_y55_64,eco_aggregate_pub,2003,4.862
svn,sex_f,age_10yrbands_y55_64,eco_aggregate_pub,2004,5.715
svn,sex_f,age_10yrbands_y55_64,eco_aggregate_pub,2005,5.704
svn,sex_f,age_10yrbands_y55_64,eco_aggregate_pub,2006,7.456
svn,sex_f,age_10yrbands_y55_64,eco_aggregate_pub,2007,8.587
svn,sex_f,age_10yrbands_y55_64,eco_aggregate_pub,2008,8.14
svn,sex_f,age_10yrbands_y55_64,eco_aggregate_pub,2009,10.42
svn,sex_f,age_10yrbands_y55_64,eco_aggregate_pub,2010,11.274
svn,sex_f,age_10yrbands_y55_64,eco_aggregate_pub,2011,11.799
svn,sex_f,age_10yrbands_y55_64,eco_aggregate_pub,2012,14.142
svn,sex_f,age_10yrbands_y55_64,eco_aggregate_pub,2013,14.93
svn,sex_f,age_10yrbands_y55_64,eco_aggregate_pub,2014,15.975
svn,sex_f,age_10yrbands_y55_64,eco_aggregate_pub,2015,17.44
svn,sex_f,age_10yrbands_y55_64,eco_aggregate_pub,2016,21.292
svn,sex_f,age_10yrbands_y55_64,eco_aggregate_pub,2017,26.498
svn,sex_f,age_10yrbands_y55_64,eco_aggregate_pub,2018,30.313
svn,sex_f,age_10yrbands_y55_64,eco_aggregate_pub,2019,29.191
svn,sex_f,age_10yrbands_y55_64,eco_aggregate_pub,2020,30.878
svn,sex_f,age_10yrbands_y55_64,eco_aggregate_pub,2021,35.491
svn,sex_f,age_10yrbands_y55_64,eco_aggregate_pub,2022,36.422
svn,sex_f,age_10yrbands_y55_64,eco_aggregate_pub,2023,34.128
svn,sex_f,age_10yrbands_y55_64,eco_aggregate_total,1996,4.695
svn,sex_f,age_10yrbands_y55_64,eco_aggregate_total,1997,6.012
svn,sex_f,age_10yrbands_y55_64,eco_aggregate_total,1998,7.282
svn,sex_f,age_10yrbands_y55_64,eco_aggregate_total,1999,5.805
svn,sex_f,age_10yrbands_y55_64,eco_aggregate_total,2000,6.122
svn,sex_f,age_10yrbands_y55_64,eco_aggregate_total,2001,5.285
svn,sex_f,age_10yrbands_y55_64,eco_aggregate_total,2002,7.419
svn,sex_f,age_10yrbands_y55_64,eco_aggregate_total,2003,8.291
svn,sex_f,age_10yrbands_y55_64,eco_aggregate_total,2004,10.266
svn,sex_f,age_10yrbands_y55_64,eco_aggregate_total,2005,10.335
svn,sex_f,age_10yrbands_y55_64,eco_aggregate_total,2006,13.195
svn,sex_f,age_10yrbands_y55_64,eco_aggregate_total,2007,15.72
svn,sex_f,age_10yrbands_y55_64,eco_aggregate_total,2008,16.575
svn,sex_f,age_10yrbands_y55_64,eco_aggregate_total,2009,20.72
svn,sex_f,age_10yrbands_y55_64,eco_aggregate_total,2010,20.455
svn,sex_f,age_10yrbands_y55_64,eco_aggregate_total,2011,19.8
svn,sex_f,age_10yrbands_y55_64,eco_aggregate_total,2012,25.198
svn,sex_f,age_10yrbands_y55_64,eco_aggregate_total,2013,25.409
svn,sex_f,age_10yrbands_y55_64,eco_aggregate_total,2014,29.252
svn,sex_f,age_10yrbands_y55_64,eco_aggregate_total,2015,35.151
svn,sex_f,age_10yrbands_y55_64,eco_aggregate_total,2016,40.688
svn,sex_f,age_10yrbands_y55_64,eco_aggregate_total,2017,46.29
svn,sex_f,age_10yrbands_y55_64,eco_aggregate_total,2018,53.046
svn,sex_f,age_10yrbands_y55_64,eco_aggregate_total,2019,56.668
svn,sex_f,age_10yrbands_y55_64,eco_aggregate_total,2020,61.755
svn,sex_f,age_10yrbands_y55_64,eco_aggregate_total,2021,63.494
svn,sex_f,age_10yrbands_y55_64,eco_aggregate_total,2022,65.856
svn,sex_f,age_10yrbands_y55_64,eco_aggregate_total,2023,68.583
svn,sex_f,age_10yrbands_y55_64,eco_aggregate_x,2007,0.353
svn,sex_f,age_10yrbands_y55_64,eco_aggregate_x,2009,0.125
svn,sex_f,age_10yrbands_y55_64,eco_aggregate_x,2011,0.241
svn,sex_f,age_10yrbands_y55_64,eco_aggregate_x,2012,0.115
svn,sex_f,age_10yrbands_y55_64,eco_aggregate_x,2013,0.306
svn,sex_f,age_10yrbands_y55_64,eco_aggregate_x,2014,0.489
svn,sex_f,age_10yrbands_y55_64,eco_aggregate_x,2015,0.217
svn,sex_f,age_10yrbands_y55_64,eco_aggregate_x,2016,0.252
svn,sex_f,age_10yrbands_y55_64,eco_aggregate_x,2017,0.285
svn,sex_f,age_10yrbands_y55_64,eco_aggregate_x,2018,0.109
svn,sex_f,age_10yrbands_y55_64,eco_aggregate_x,2019,0.191
svn,sex_f,age_10yrbands_y55_64,eco_aggregate_x,2020,0.176
svn,sex_f,age_10yrbands_y55_64,eco_aggregate_x,2021,0.257
svn,sex_f,age_10yrbands_y55_64,eco_aggregate_x,2023,0.27
svn,sex_f,age_10yrbands_y55_64,eco_sector_agr,2005,0.255
svn,sex_f,age_10yrbands_y55_64,eco_sector_agr,2006,0.244
svn,sex_f,age_10yrbands_y55_64,eco_sector_agr,2007,0.35
svn,sex_f,age_10yrbands_y55_64,eco_sector_agr,2008,0.282
svn,sex_f,age_10yrbands_y55_64,eco_sector_agr,2010,0.118
svn,sex_f,age_10yrbands_y55_64,eco_sector_agr,2011,0.127
svn,sex_f,age_10yrbands_y55_64,eco_sector_agr,2012,0.316
svn,sex_f,age_10yrbands_y55_64,eco_sector_agr,2013,0.383
svn,sex_f,age_10yrbands_y55_64,eco_sector_agr,2014,0.18
svn,sex_f,age_10yrbands_y55_64,eco_sector_agr,2016,0.255
svn,sex_f,age_10yrbands_y55_64,eco_sector_agr,2017,0.32
svn,sex_f,age_10yrbands_y55_64,eco_sector_agr,2018,0.718
svn,sex_f,age_10yrbands_y55_64,eco_sector_agr,2019,0.601
svn,sex_f,age_10yrbands_y55_64,eco_sector_agr,2020,0.208
svn,sex_f,age_10yrbands_y55_64,eco_sector_agr,2021,0.398
svn,sex_f,age_10yrbands_y55_64,eco_sector_agr,2022,0.472
svn,sex_f,age_10yrbands_y55_64,eco_sector_agr,2023,0.674
svn,sex_f,age_10yrbands_y55_64,eco_sector_ind,1996,0.757
svn,sex_f,age_10yrbands_y55_64,eco_sector_ind,1997,0.82
svn,sex_f,age_10yrbands_y55_64,eco_sector_ind,1998,0.529
svn,sex_f,age_10yrbands_y55_64,eco_sector_ind,1999,0.515
svn,sex_f,age_10yrbands_y55_64,eco_sector_ind,2000,0.529
svn,sex_f,age_10yrbands_y55_64,eco_sector_ind,2001,1.12
svn,sex_f,age_10yrbands_y55_64,eco_sector_ind,2002,1.313
svn,sex_f,age_10yrbands_y55_64,eco_sector_ind,2003,1.897
svn,sex_f,age_10yrbands_y55_64,eco_sector_ind,2004,1.416
svn,sex_f,age_10yrbands_y55_64,eco_sector_ind,2005,2.037
svn,sex_f,age_10yrbands_y55_64,eco_sector_ind,2006,2.527
svn,sex_f,age_10yrbands_y55_64,eco_sector_ind,2007,2.645
svn,sex_f,age_10yrbands_y55_64,eco_sector_ind,2008,2.783
svn,sex_f,age_10yrbands_y55_64,eco_sector_ind,2009,3.246
svn,sex_f,age_10yrbands_y55_64,eco_sector_ind,2010,2.195
svn,sex_f,age_10yrbands_y55_64,eco_sector_ind,2011,2.479
svn,sex_f,age_10yrbands_y55_64,eco_sector_ind,2012,3.497
svn,sex_f,age_10yrbands_y55_64,eco_sector_ind,2013,3.045
svn,sex_f,age_10yrbands_y55_64,eco_sector_ind,2014,3.972
svn,sex_f,age_10yrbands_y55_64,eco_sector_ind,2015,5.792
svn,sex_f,age_10yrbands_y55_64,eco_sector_ind,2016,6.306
svn,sex_f,age_10yrbands_y55_64,eco_sector_ind,2017,7.429
svn,sex_f,age_10yrbands_y55_64,eco_sector_ind,2018,8.882
svn,sex_f,age_10yrbands_y55_64,eco_sector_ind,2019,11.718
svn,sex_f,age_10yrbands_y55_64,eco_sector_ind,2020,12.517
svn,sex_f,age_10yrbands_y55_64,eco_sector_ind,2021,11.036
svn,sex_f,age_10yrbands_y55_64,eco_sector_ind,2022,11.455
svn,sex_f,age_10yrbands_y55_64,eco_sector_ind,2023,12.096
svn,sex_f,age_10yrbands_y55_64,eco_sector_nag,1999,5.805
svn,sex_f,age_10yrbands_y55_64,eco_sector_nag,2005,10.08
svn,sex_f,age_10yrbands_y55_64,eco_sector_nag,2006,12.95
svn,sex_f,age_10yrbands_y55_64,eco_sector_nag,2007,15.37
svn,sex_f,age_10yrbands_y55_64,eco_sector_nag,2008,16.293
svn,sex_f,age_10yrbands_y55_64,eco_sector_nag,2010,20.337
svn,sex_f,age_10yrbands_y55_64,eco_sector_nag,2011,19.673
svn,sex_f,age_10yrbands_y55_64,eco_sector_nag,2012,24.882
svn,sex_f,age_10yrbands_y55_64,eco_sector_nag,2013,25.026
svn,sex_f,age_10yrbands_y55_64,eco_sector_nag,2014,29.072
svn,sex_f,age_10yrbands_y55_64,eco_sector_nag,2016,40.433
svn,sex_f,age_10yrbands_y55_64,eco_sector_nag,2017,45.97
svn,sex_f,age_10yrbands_y55_64,eco_sector_nag,2018,52.329
svn,sex_f,age_10yrbands_y55_64,eco_sector_nag,2019,56.067
svn,sex_f,age_10yrbands_y55_64,eco_sector_nag,2020,61.547
svn,sex_f,age_10yrbands_y55_64,eco_sector_nag,2021,63.096
svn,sex_f,age_10yrbands_y55_64,eco_sector_nag,2022,65.384
svn,sex_f,age_10yrbands_y55_64,eco_sector_nag,2023,67.909
svn,sex_f,age_10yrbands_y55_64,eco_sector_ser,1996,3.836
svn,sex_f,age_10yrbands_y55_64,eco_sector_ser,1997,5.114
svn,sex_f,age_10yrbands_y55_64,eco_sector_ser,1998,6.718
svn,sex_f,age_10yrbands_y55_64,eco_sector_ser,1999,5.29
svn,sex_f,age_10yrbands_y55_64,eco_sector_ser,2000,5.408
svn,sex_f,age_10yrbands_y55_64,eco_sector_ser,2001,3.886
svn,sex_f,age_10yrbands_y55_64,eco_sector_ser,2002,5.824
svn,sex_f,age_10yrbands_y55_64,eco_sector_ser,2003,6.281
svn,sex_f,age_10yrbands_y55_64,eco_sector_ser,2004,8.327
svn,sex_f,age_10yrbands_y55_64,eco_sector_ser,2005,7.998
svn,sex_f,age_10yrbands_y55_64,eco_sector_ser,2006,10.387
svn,sex_f,age_10yrbands_y55_64,eco_sector_ser,2007,12.372
svn,sex_f,age_10yrbands_y55_64,eco_sector_ser,2008,13.355
svn,sex_f,age_10yrbands_y55_64,eco_sector_ser,2009,17.298
svn,sex_f,age_10yrbands_y55_64,eco_sector_ser,2010,18.109
svn,sex_f,age_10yrbands_y55_64,eco_sector_ser,2011,16.953
svn,sex_f,age_10yrbands_y55_64,eco_sector_ser,2012,21.27
svn,sex_f,age_10yrbands_y55_64,eco_sector_ser,2013,21.676
svn,sex_f,age_10yrbands_y55_64,eco_sector_ser,2014,24.611
svn,sex_f,age_10yrbands_y55_64,eco_sector_ser,2015,29.058
svn,sex_f,age_10yrbands_y55_64,eco_sector_ser,2016,33.874
svn,sex_f,age_10yrbands_y55_64,eco_sector_ser,2017,38.256
svn,sex_f,age_10yrbands_y55_64,eco_sector_ser,2018,43.338
svn,sex_f,age_10yrbands_y55_64,eco_sector_ser,2019,44.157
svn,sex_f,age_10yrbands_y55_64,eco_sector_ser,2020,48.855
svn,sex_f,age_10yrbands_y55_64,eco_sector_ser,2021,51.803
svn,sex_f,age_10yrbands_y55_64,eco_sector_ser,2022,53.844
svn,sex_f,age_10yrbands_y55_64,eco_sector_ser,2023,55.543
svn,sex_f,age_10yrbands_y55_64,eco_sector_total,1996,4.695
svn,sex_f,age_10yrbands_y55_64,eco_sector_total,1997,6.012
svn,sex_f,age_10yrbands_y55_64,eco_sector_total,1998,7.282
svn,sex_f,age_10yrbands_y55_64,eco_sector_total,1999,5.805
svn,sex_f,age_10yrbands_y55_64,eco_sector_total,2000,6.122
svn,sex_f,age_10yrbands_y55_64,eco_sector_total,2001,5.285
svn,sex_f,age_10yrbands_y55_64,eco_sector_total,2002,7.419
svn,sex_f,age_10yrbands_y55_64,eco_sector_total,2003,8.291
svn,sex_f,age_10yrbands_y55_64,eco_sector_total,2004,10.266
svn,sex_f,age_10yrbands_y55_64,eco_sector_total,2005,10.335
svn,sex_f,age_10yrbands_y55_64,eco_sector_total,2006,13.195
svn,sex_f,age_10yrbands_y55_64,eco_sector_total,2007,15.72
svn,sex_f,age_10yrbands_y55_64,eco_sector_total,2008,16.575
svn,sex_f,age_10yrbands_y55_64,eco_sector_total,2009,20.72
svn,sex_f,age_10yrbands_y55_64,eco_sector_total,2010,20.455
svn,sex_f,age_10yrbands_y55_64,eco_sector_total,2011,19.8
svn,sex_f,age_10yrbands_y55_64,eco_sector_total,2012,25.198
svn,sex_f,age_10yrbands_y55_64,eco_sector_total,2013,25.409
svn,sex_f,age_10yrbands_y55_64,eco_sector_total,2014,29.252
svn,sex_f,age_10yrbands_y55_64,eco_sector_total,2015,35.151
svn,sex_f,age_10yrbands_y55_64,eco_sector_total,2016,40.688
svn,sex_f,age_10yrbands_y55_64,eco_sector_total,2017,46.29
svn,sex_f,age_10yrbands_y55_64,eco_sector_total,2018,53.046
svn,sex_f,age_10yrbands_y55_64,eco_sector_total,2019,56.668
svn,sex_f,age_10yrbands_y55_64,eco_sector_total,2020,61.755
svn,sex_f,age_10yrbands_y55_64,eco_sector_total,2021,63.494
svn,sex_f,age_10yrbands_y55_64,eco_sector_total,2022,65.856
svn,sex_f,age_10yrbands_y55_64,eco_sector_total,2023,68.583
svn,sex_f,age_10yrbands_y55_64,eco_sector_x,2007,0.353
svn,sex_f,age_10yrbands_y55_64,eco_sector_x,2009,0.125
svn,sex_f,age_10yrbands_y55_64,eco_sector_x,2011,0.241
svn,sex_f,age_10yrbands_y55_64,eco_sector_x,2012,0.115
svn,sex_f,age_10yrbands_y55_64,eco_sector_x,2013,0.306
svn,sex_f,age_10yrbands_y55_64,eco_sector_x,2014,0.489
svn,sex_f,age_10yrbands_y55_64,eco_sector_x,2015,0.217
svn,sex_f,age_10yrbands_y55_64,eco_sector_x,2016,0.252
svn,sex_f,age_10yrbands_y55_64,eco_sector_x,2017,0.285
svn,sex_f,age_10yrbands_y55_64,eco_sector_x,2018,0.109
svn,sex_f,age_10yrbands_y55_64,eco_sector_x,2019,0.191
svn,sex_f,age_10yrbands_y55_64,eco_sector_x,2020,0.176
svn,sex_f,age_10yrbands_y55_64,eco_sector_x,2021,0.257
svn,sex_f,age_10yrbands_y55_64,eco_sector_x,2023,0.27
svn,sex_f,age_10yrbands_yge65,eco_aggregate_agr,2005,0.225
svn,sex_f,age_10yrbands_yge65,eco_aggregate_man,2007,0.184
svn,sex_f,age_10yrbands_yge65,eco_aggregate_man,2010,0.173
svn,sex_f,age_10yrbands_yge65,eco_aggregate_man,2020,0.247
svn,sex_f,age_10yrbands_yge65,eco_aggregate_man,2021,0.114
svn,sex_f,age_10yrbands_yge65,eco_aggregate_mkt,2005,0.38
svn,sex_f,age_10yrbands_yge65,eco_aggregate_mkt,2006,0.172
svn,sex_f,age_10yrbands_yge65,eco_aggregate_mkt,2007,0.259
svn,sex_f,age_10yrbands_yge65,eco_aggregate_mkt,2008,0.183
svn,sex_f,age_10yrbands_yge65,eco_aggregate_mkt,2009,0.218
svn,sex_f,age_10yrbands_yge65,eco_aggregate_mkt,2010,0.408
svn,sex_f,age_10yrbands_yge65,eco_aggregate_mkt,2011,0.509
svn,sex_f,age_10yrbands_yge65,eco_aggregate_mkt,2012,0.34
svn,sex_f,age_10yrbands_yge65,eco_aggregate_mkt,2013,0.398
svn,sex_f,age_10yrbands_yge65,eco_aggregate_mkt,2015,0.307
svn,sex_f,age_10yrbands_yge65,eco_aggregate_mkt,2016,0.257
svn,sex_f,age_10yrbands_yge65,eco_aggregate_mkt,2017,0.617
svn,sex_f,age_10yrbands_yge65,eco_aggregate_mkt,2018,0.426
svn,sex_f,age_10yrbands_yge65,eco_aggregate_mkt,2019,0.483
svn,sex_f,age_10yrbands_yge65,eco_aggregate_mkt,2020,0.522
svn,sex_f,age_10yrbands_yge65,eco_aggregate_mkt,2021,0.707
svn,sex_f,age_10yrbands_yge65,eco_aggregate_mkt,2022,0.606
svn,sex_f,age_10yrbands_yge65,eco_aggregate_mkt,2023,1.008
svn,sex_f,age_10yrbands_yge65,eco_aggregate_pub,2005,0.447
svn,sex_f,age_10yrbands_yge65,eco_aggregate_pub,2006,0.53
svn,sex_f,age_10yrbands_yge65,eco_aggregate_pub,2007,0.563
svn,sex_f,age_10yrbands_yge65,eco_aggregate_pub,2008,0.373
svn,sex_f,age_10yrbands_yge65,eco_aggregate_pub,2009,0.601
svn,sex_f,age_10yrbands_yge65,eco_aggregate_pub,2010,0.505
svn,sex_f,age_10yrbands_yge65,eco_aggregate_pub,2011,0.661
svn,sex_f,age_10yrbands_yge65,eco_aggregate_pub,2012,0.379
svn,sex_f,age_10yrbands_yge65,eco_aggregate_pub,2013,0.504
svn,sex_f,age_10yrbands_yge65,eco_aggregate_pub,2014,0.597
svn,sex_f,age_10yrbands_yge65,eco_aggregate_pub,2015,0.702
svn,sex_f,age_10yrbands_yge65,eco_aggregate_pub,2016,0.892
svn,sex_f,age_10yrbands_yge65,eco_aggregate_pub,2017,0.764
svn,sex_f,age_10yrbands_yge65,eco_aggregate_pub,2018,0.498
svn,sex_f,age_10yrbands_yge65,eco_aggregate_pub,2019,1.048
svn,sex_f,age_10yrbands_yge65,eco_aggregate_pub,2020,1.148
svn,sex_f,age_10yrbands_yge65,eco_aggregate_pub,2021,1.508
svn,sex_f,age_10yrbands_yge65,eco_aggregate_pub,2022,1.98
svn,sex_f,age_10yrbands_yge65,eco_aggregate_pub,2023,1.45
svn,sex_f,age_10yrbands_yge65,eco_aggregate_total,1996,0.845
svn,sex_f,age_10yrbands_yge65,eco_aggregate_total,1997,2.033
svn,sex_f,age_10yrbands_yge65,eco_aggregate_total,2001,0.566
svn,sex_f,age_10yrbands_yge65,eco_aggregate_total,2003,0.711
svn,sex_f,age_10yrbands_yge65,eco_aggregate_total,2004,0.77
svn,sex_f,age_10yrbands_yge65,eco_aggregate_total,2005,1.145
svn,sex_f,age_10yrbands_yge65,eco_aggregate_total,2006,0.812
svn,sex_f,age_10yrbands_yge65,eco_aggregate_total,2007,1.037
svn,sex_f,age_10yrbands_yge65,eco_aggregate_total,2008,0.621
svn,sex_f,age_10yrbands_yge65,eco_aggregate_total,2009,0.897
svn,sex_f,age_10yrbands_yge65,eco_aggregate_total,2010,1.163
svn,sex_f,age_10yrbands_yge65,eco_aggregate_total,2011,1.365
svn,sex_f,age_10yrbands_yge65,eco_aggregate_total,2012,0.792
svn,sex_f,age_10yrbands_yge65,eco_aggregate_total,2013,1.003
svn,sex_f,age_10yrbands_yge65,eco_aggregate_total,2014,0.661
svn,sex_f,age_10yrbands_yge65,eco_aggregate_total,2015,1.046
svn,sex_f,age_10yrbands_yge65,eco_aggregate_total,2016,1.188
svn,sex_f,age_10yrbands_yge65,eco_aggregate_total,2017,1.54
svn,sex_f,age_10yrbands_yge65,eco_aggregate_total,2018,1.153
svn,sex_f,age_10yrbands_yge65,eco_aggregate_total,2019,1.721
svn,sex_f,age_10yrbands_yge65,eco_aggregate_total,2020,2.008
svn,sex_f,age_10yrbands_yge65,eco_aggregate_total,2021,2.453
svn,sex_f,age_10yrbands_yge65,eco_aggregate_total,2022,2.667
svn,sex_f,age_10yrbands_yge65,eco_aggregate_total,2023,2.648
svn,sex_f,age_10yrbands_yge65,eco_sector_agr,2005,0.225
svn,sex_f,age_10yrbands_yge65,eco_sector_ind,1997,0.734
svn,sex_f,age_10yrbands_yge65,eco_sector_ind,2007,0.184
svn,sex_f,age_10yrbands_yge65,eco_sector_ind,2010,0.173
svn,sex_f,age_10yrbands_yge65,eco_sector_ind,2020,0.247
svn,sex_f,age_10yrbands_yge65,eco_sector_ind,2021,0.114
svn,sex_f,age_10yrbands_yge65,eco_sector_nag,2005,0.92
svn,sex_f,age_10yrbands_yge65,eco_sector_ser,1996,0.591
svn,sex_f,age_10yrbands_yge65,eco_sector_ser,1997,1.214
svn,sex_f,age_10yrbands_yge65,eco_sector_ser,2005,0.827
svn,sex_f,age_10yrbands_yge65,eco_sector_ser,2006,0.702
svn,sex_f,age_10yrbands_yge65,eco_sector_ser,2007,0.822
svn,sex_f,age_10yrbands_yge65,eco_sector_ser,2008,0.556
svn,sex_f,age_10yrbands_yge65,eco_sector_ser,2009,0.819
svn,sex_f,age_10yrbands_yge65,eco_sector_ser,2010,0.913
svn,sex_f,age_10yrbands_yge65,eco_sector_ser,2011,1.17
svn,sex_f,age_10yrbands_yge65,eco_sector_ser,2012,0.719
svn,sex_f,age_10yrbands_yge65,eco_sector_ser,2013,0.902
svn,sex_f,age_10yrbands_yge65,eco_sector_ser,2014,0.648
svn,sex_f,age_10yrbands_yge65,eco_sector_ser,2015,1.008
svn,sex_f,age_10yrbands_yge65,eco_sector_ser,2016,1.149
svn,sex_f,age_10yrbands_yge65,eco_sector_ser,2017,1.381
svn,sex_f,age_10yrbands_yge65,eco_sector_ser,2018,0.924
svn,sex_f,age_10yrbands_yge65,eco_sector_ser,2019,1.531
svn,sex_f,age_10yrbands_yge65,eco_sector_ser,2020,1.669
svn,sex_f,age_10yrbands_yge65,eco_sector_ser,2021,2.215
svn,sex_f,age_10yrbands_yge65,eco_sector_ser,2022,2.587
svn,sex_f,age_10yrbands_yge65,eco_sector_ser,2023,2.458
svn,sex_f,age_10yrbands_yge65,eco_sector_total,1996,0.845
svn,sex_f,age_10yrbands_yge65,eco_sector_total,1997,2.033
svn,sex_f,age_10yrbands_yge65,eco_sector_total,2001,0.566
svn,sex_f,age_10yrbands_yge65,eco_sector_total,2003,0.711
svn,sex_f,age_10yrbands_yge65,eco_sector_total,2004,0.77
svn,sex_f,age_10yrbands_yge65,eco_sector_total,2005,1.145
svn,sex_f,age_10yrbands_yge65,eco_sector_total,2006,0.812
svn,sex_f,age_10yrbands_yge65,eco_sector_total,2007,1.037
svn,sex_f,age_10yrbands_yge65,eco_sector_total,2008,0.621
svn,sex_f,age_10yrbands_yge65,eco_sector_total,2009,0.897
svn,sex_f,age_10yrbands_yge65,eco_sector_total,2010,1.163
svn,sex_f,age_10yrbands_yge65,eco_sector_total,2011,1.365
svn,sex_f,age_10yrbands_yge65,eco_sector_total,2012,0.792
svn,sex_f,age_10yrbands_yge65,eco_sector_total,2013,1.003
svn,sex_f,age_10yrbands_yge65,eco_sector_total,2014,0.661
svn,sex_f,age_10yrbands_yge65,eco_sector_total,2015,1.046
svn,sex_f,age_10yrbands_yge65,eco_sector_total,2016,1.188
svn,sex_f,age_10yrbands_yge65,eco_sector_total,2017,1.54
svn,sex_f,age_10yrbands_yge65,eco_sector_total,2018,1.153
svn,sex_f,age_10yrbands_yge65,eco_sector_total,2019,1.721
svn,sex_f,age_10yrbands_yge65,eco_sector_total,2020,2.008
svn,sex_f,age_10yrbands_yge65,eco_sector_total,2021,2.453
svn,sex_f,age_10yrbands_yge65,eco_sector_total,2022,2.667
svn,sex_f,age_10yrbands_yge65,eco_sector_total,2023,2.648
svn,sex_f,age_aggregate_total,eco_aggregate_agr,1996,5.305
svn,sex_f,age_aggregate_total,eco_aggregate_agr,1997,4.691
svn,sex_f,age_aggregate_total,eco_aggregate_agr,1998,4.914
svn,sex_f,age_aggregate_total,eco_aggregate_agr,1999,2.654
svn,sex_f,age_aggregate_total,eco_aggregate_agr,2000,3.544
svn,sex_f,age_aggregate_total,eco_aggregate_agr,2001,2.156
svn,sex_f,age_aggregate_total,eco_aggregate_agr,2002,3.281
svn,sex_f,age_aggregate_total,eco_aggregate_agr,2003,3.878
svn,sex_f,age_aggregate_total,eco_aggregate_agr,2004,5.197
svn,sex_f,age_aggregate_total,eco_aggregate_agr,2005,3.529
svn,sex_f,age_aggregate_total,eco_aggregate_agr,2006,3.084
svn,sex_f,age_aggregate_total,eco_aggregate_agr,2007,5.258
svn,sex_f,age_aggregate_total,eco_aggregate_agr,2008,4.164
svn,sex_f,age_aggregate_total,eco_aggregate_agr,2009,3.345
svn,sex_f,age_aggregate_total,eco_aggregate_agr,2010,2.912
svn,sex_f,age_aggregate_total,eco_aggregate_agr,2011,3.161
svn,sex_f,age_aggregate_total,eco_aggregate_agr,2012,3.278
svn,sex_f,age_aggregate_total,eco_aggregate_agr,2013,2.731
svn,sex_f,age_aggregate_total,eco_aggregate_agr,2014,3.048
svn,sex_f,age_aggregate_total,eco_aggregate_agr,2015,2.596
svn,sex_f,age_aggregate_total,eco_aggregate_agr,2016,2.444
svn,sex_f,age_aggregate_total,eco_aggregate_agr,2017,3.18
svn,sex_f,age_aggregate_total,eco_aggregate_agr,2018,2.84
svn,sex_f,age_aggregate_total,eco_aggregate_agr,2019,3.135
svn,sex_f,age_aggregate_total,eco_aggregate_agr,2020,2.938
svn,sex_f,age_aggregate_total,eco_aggregate_agr,2021,3.486
svn,sex_f,age_aggregate_total,eco_aggregate_agr,2022,3.868
svn,sex_f,age_aggregate_total,eco_aggregate_agr,2023,2.95
svn,sex_f,age_aggregate_total,eco_aggregate_con,1996,5.541
svn,sex_f,age_aggregate_total,eco_aggregate_con,1997,5.73
svn,sex_f,age_aggregate_total,eco_aggregate_con,1998,5.056
svn,sex_f,age_aggregate_total,eco_aggregate_con,1999,3.6
svn,sex_f,age_aggregate_total,eco_aggregate_con,2000,4.631
svn,sex_f,age_aggregate_total,eco_aggregate_con,2001,5.586
svn,sex_f,age_aggregate_total,eco_aggregate_con,2002,4.855
svn,sex_f,age_aggregate_total,eco_aggregate_con,2003,4.816
svn,sex_f,age_aggregate_total,eco_aggregate_con,2004,4.248
svn,sex_f,age_aggregate_total,eco_aggregate_con,2005,3.658
svn,sex_f,age_aggregate_total,eco_aggregate_con,2006,4.141
svn,sex_f,age_aggregate_total,eco_aggregate_con,2007,4.421
svn,sex_f,age_aggregate_total,eco_aggregate_con,2008,6.508
svn,sex_f,age_aggregate_total,eco_aggregate_con,2009,6.798
svn,sex_f,age_aggregate_total,eco_aggregate_con,2010,5.327
svn,sex_f,age_aggregate_total,eco_aggregate_con,2011,4.619
svn,sex_f,age_aggregate_total,eco_aggregate_con,2012,4.92
svn,sex_f,age_aggregate_total,eco_aggregate_con,2013,5.522
svn,sex_f,age_aggregate_total,eco_aggregate_con,2014,2.99
svn,sex_f,age_aggregate_total,eco_aggregate_con,2015,3.603
svn,sex_f,age_aggregate_total,eco_aggregate_con,2016,3.865
svn,sex_f,age_aggregate_total,eco_aggregate_con,2017,4.279
svn,sex_f,age_aggregate_total,eco_aggregate_con,2018,4.502
svn,sex_f,age_aggregate_total,eco_aggregate_con,2019,4.85
svn,sex_f,age_aggregate_total,eco_aggregate_con,2020,4.748
svn,sex_f,age_aggregate_total,eco_aggregate_con,2021,5.722
svn,sex_f,age_aggregate_total,eco_aggregate_con,2022,6.01
svn,sex_f,age_aggregate_total,eco_aggregate_con,2023,5.364
svn,sex_f,age_aggregate_total,eco_aggregate_man,1996,118.42
svn,sex_f,age_aggregate_total,eco_aggregate_man,1997,113.826
svn,sex_f,age_aggregate_total,eco_aggregate_man,1998,112.587
svn,sex_f,age_aggregate_total,eco_aggregate_man,1999,103.884
svn,sex_f,age_aggregate_total,eco_aggregate_man,2000,105.416
svn,sex_f,age_aggregate_total,eco_aggregate_man,2001,108.062
svn,sex_f,age_aggregate_total,eco_aggregate_man,2002,110.25
svn,sex_f,age_aggregate_total,eco_aggregate_man,2003,97.061
svn,sex_f,age_aggregate_total,eco_aggregate_man,2004,98.352
svn,sex_f,age_aggregate_total,eco_aggregate_man,2005,99.414
svn,sex_f,age_aggregate_total,eco_aggregate_man,2006,92.261
svn,sex_f,age_aggregate_total,eco_aggregate_man,2007,90.322
svn,sex_f,age_aggregate_total,eco_aggregate_man,2008,89.931
svn,sex_f,age_aggregate_total,eco_aggregate_man,2009,83.245
svn,sex_f,age_aggregate_total,eco_aggregate_man,2010,78.077
svn,sex_f,age_aggregate_total,eco_aggregate_man,2011,66.751
svn,sex_f,age_aggregate_total,eco_aggregate_man,2012,64.234
svn,sex_f,age_aggregate_total,eco_aggregate_man,2013,61.899
svn,sex_f,age_aggregate_total,eco_aggregate_man,2014,62.35
svn,sex_f,age_aggregate_total,eco_aggregate_man,2015,64.337
svn,sex_f,age_aggregate_total,eco_aggregate_man,2016,70.223
svn,sex_f,age_aggregate_total,eco_aggregate_man,2017,71.118
svn,sex_f,age_aggregate_total,eco_aggregate_man,2018,78.438
svn,sex_f,age_aggregate_total,eco_aggregate_man,2019,78.969
svn,sex_f,age_aggregate_total,eco_aggregate_man,2020,72.406
svn,sex_f,age_aggregate_total,eco_aggregate_man,2021,61.012
svn,sex_f,age_aggregate_total,eco_aggregate_man,2022,62.408
svn,sex_f,age_aggregate_total,eco_aggregate_man,2023,68.253
svn,sex_f,age_aggregate_total,eco_aggregate_mel,1996,2.909
svn,sex_f,age_aggregate_total,eco_aggregate_mel,1997,2.015
svn,sex_f,age_aggregate_total,eco_aggregate_mel,1998,1.932
svn,sex_f,age_aggregate_total,eco_aggregate_mel,1999,1.71
svn,sex_f,age_aggregate_total,eco_aggregate_mel,2000,2.898
svn,sex_f,age_aggregate_total,eco_aggregate_mel,2001,1.787
svn,sex_f,age_aggregate_total,eco_aggregate_mel,2002,1.64
svn,sex_f,age_aggregate_total,eco_aggregate_mel,2003,1.758
svn,sex_f,age_aggregate_total,eco_aggregate_mel,2004,1.984
svn,sex_f,age_aggregate_total,eco_aggregate_mel,2005,2.689
svn,sex_f,age_aggregate_total,eco_aggregate_mel,2006,2.846
svn,sex_f,age_aggregate_total,eco_aggregate_mel,2007,2.519
svn,sex_f,age_aggregate_total,eco_aggregate_mel,2008,3.747
svn,sex_f,age_aggregate_total,eco_aggregate_mel,2009,4.42
svn,sex_f,age_aggregate_total,eco_aggregate_mel,2010,3.403
svn,sex_f,age_aggregate_total,eco_aggregate_mel,2011,4.203
svn,sex_f,age_aggregate_total,eco_aggregate_mel,2012,4.344
svn,sex_f,age_aggregate_total,eco_aggregate_mel,2013,4.258
svn,sex_f,age_aggregate_total,eco_aggregate_mel,2014,4.276
svn,sex_f,age_aggregate_total,eco_aggregate_mel,2015,3.529
svn,sex_f,age_aggregate_total,eco_aggregate_mel,2016,3.149
svn,sex_f,age_aggregate_total,eco_aggregate_mel,2017,4.14
svn,sex_f,age_aggregate_total,eco_aggregate_mel,2018,4.186
svn,sex_f,age_aggregate_total,eco_aggregate_mel,2019,4.168
svn,sex_f,age_aggregate_total,eco_aggregate_mel,2020,4.905
svn,sex_f,age_aggregate_total,eco_aggregate_mel,2021,4.723
svn,sex_f,age_aggregate_total,eco_aggregate_mel,2022,5.228
svn,sex_f,age_aggregate_total,eco_aggregate_mel,2023,5.292
svn,sex_f,age_aggregate_total,eco_aggregate_mkt,1996,105.979
svn,sex_f,age_aggregate_total,eco_aggregate_mkt,1997,110.754
svn,sex_f,age_aggregate_total,eco_aggregate_mkt,1998,112.474
svn,sex_f,age_aggregate_total,eco_aggregate_mkt,1999,112.849
svn,sex_f,age_aggregate_total,eco_aggregate_mkt,2000,118.026
svn,sex_f,age_aggregate_total,eco_aggregate_mkt,2001,115.889
svn,sex_f,age_aggregate_total,eco_aggregate_mkt,2002,122.405
svn,sex_f,age_aggregate_total,eco_aggregate_mkt,2003,127.336
svn,sex_f,age_aggregate_total,eco_aggregate_mkt,2004,130.884
svn,sex_f,age_aggregate_total,eco_aggregate_mkt,2005,127.977
svn,sex_f,age_aggregate_total,eco_aggregate_mkt,2006,128.755
svn,sex_f,age_aggregate_total,eco_aggregate_mkt,2007,136.977
svn,sex_f,age_aggregate_total,eco_aggregate_mkt,2008,150.962
svn,sex_f,age_aggregate_total,eco_aggregate_mkt,2009,148.018
svn,sex_f,age_aggregate_total,eco_aggregate_mkt,2010,143.013
svn,sex_f,age_aggregate_total,eco_aggregate_mkt,2011,142.306
svn,sex_f,age_aggregate_total,eco_aggregate_mkt,2012,139.023
svn,sex_f,age_aggregate_total,eco_aggregate_mkt,2013,134.88
svn,sex_f,age_aggregate_total,eco_aggregate_mkt,2014,133.241
svn,sex_f,age_aggregate_total,eco_aggregate_mkt,2015,134.499
svn,sex_f,age_aggregate_total,eco_aggregate_mkt,2016,142.612
svn,sex_f,age_aggregate_total,eco_aggregate_mkt,2017,143.483
svn,sex_f,age_aggregate_total,eco_aggregate_mkt,2018,142.562
svn,sex_f,age_aggregate_total,eco_aggregate_mkt,2019,148.005
svn,sex_f,age_aggregate_total,eco_aggregate_mkt,2020,144.979
svn,sex_f,age_aggregate_total,eco_aggregate_mkt,2021,137.7
svn,sex_f,age_aggregate_total,eco_aggregate_mkt,2022,140.726
svn,sex_f,age_aggregate_total,eco_aggregate_mkt,2023,148.077
svn,sex_f,age_aggregate_total,eco_aggregate_pub,1996,113.712
svn,sex_f,age_aggregate_total,eco_aggregate_pub,1997,108.142
svn,sex_f,age_aggregate_total,eco_aggregate_pub,1998,113.01
svn,sex_f,age_aggregate_total,eco_aggregate_pub,1999,120.351
svn,sex_f,age_aggregate_total,eco_aggregate_pub,2000,122.733
svn,sex_f,age_aggregate_total,eco_aggregate_pub,2001,122.335
svn,sex_f,age_aggregate_total,eco_aggregate_pub,2002,122.973
svn,sex_f,age_aggregate_total,eco_aggregate_pub,2003,126.485
svn,sex_f,age_aggregate_total,eco_aggregate_pub,2004,133.094
svn,sex_f,age_aggregate_total,eco_aggregate_pub,2005,140.102
svn,sex_f,age_aggregate_total,eco_aggregate_pub,2006,146.03
svn,sex_f,age_aggregate_total,eco_aggregate_pub,2007,142.751
svn,sex_f,age_aggregate_total,eco_aggregate_pub,2008,144.663
svn,sex_f,age_aggregate_total,eco_aggregate_pub,2009,144.355
svn,sex_f,age_aggregate_total,eco_aggregate_pub,2010,146.422
svn,sex_f,age_aggregate_total,eco_aggregate_pub,2011,148.913
svn,sex_f,age_aggregate_total,eco_aggregate_pub,2012,151.457
svn,sex_f,age_aggregate_total,eco_aggregate_pub,2013,144.489
svn,sex_f,age_aggregate_total,eco_aggregate_pub,2014,142.238
svn,sex_f,age_aggregate_total,eco_aggregate_pub,2015,147.959
svn,sex_f,age_aggregate_total,eco_aggregate_pub,2016,154.302
svn,sex_f,age_aggregate_total,eco_aggregate_pub,2017,162.891
svn,sex_f,age_aggregate_total,eco_aggregate_pub,2018,161.407
svn,sex_f,age_aggregate_total,eco_aggregate_pub,2019,165.594
svn,sex_f,age_aggregate_total,eco_aggregate_pub,2020,171.675
svn,sex_f,age_aggregate_total,eco_aggregate_pub,2021,184.754
svn,sex_f,age_aggregate_total,eco_aggregate_pub,2022,185.991
svn,sex_f,age_aggregate_total,eco_aggregate_pub,2023,173.501
svn,sex_f,age_aggregate_total,eco_aggregate_total,1996,352.458
svn,sex_f,age_aggregate_total,eco_aggregate_total,1997,345.764
svn,sex_f,age_aggregate_total,eco_aggregate_total,1998,351.288
svn,sex_f,age_aggregate_total,eco_aggregate_total,1999,345.583
svn,sex_f,age_aggregate_total,eco_aggregate_total,2000,358.634
svn,sex_f,age_aggregate_total,eco_aggregate_total,2001,358.898
svn,sex_f,age_aggregate_total,eco_aggregate_total,2002,368.036
svn,sex_f,age_aggregate_total,eco_aggregate_total,2003,363.538
svn,sex_f,age_aggregate_total,eco_aggregate_total,2004,377.608
svn,sex_f,age_aggregate_total,eco_aggregate_total,2005,378.833
svn,sex_f,age_aggregate_total,eco_aggregate_total,2006,379.321
svn,sex_f,age_aggregate_total,eco_aggregate_total,2007,386.596
svn,sex_f,age_aggregate_total,eco_aggregate_total,2008,402.054
svn,sex_f,age_aggregate_total,eco_aggregate_total,2009,392.232
svn,sex_f,age_aggregate_total,eco_aggregate_total,2010,380.505
svn,sex_f,age_aggregate_total,eco_aggregate_total,2011,372.269
svn,sex_f,age_aggregate_total,eco_aggregate_total,2012,369.738
svn,sex_f,age_aggregate_total,eco_aggregate_total,2013,355.411
svn,sex_f,age_aggregate_total,eco_aggregate_total,2014,350.671
svn,sex_f,age_aggregate_total,eco_aggregate_total,2015,360.593
svn,sex_f,age_aggregate_total,eco_aggregate_total,2016,378.687
svn,sex_f,age_aggregate_total,eco_aggregate_total,2017,391.469
svn,sex_f,age_aggregate_total,eco_aggregate_total,2018,396.688
svn,sex_f,age_aggregate_total,eco_aggregate_total,2019,406.636
svn,sex_f,age_aggregate_total,eco_aggregate_total,2020,403.206
svn,sex_f,age_aggregate_total,eco_aggregate_total,2021,399.149
svn,sex_f,age_aggregate_total,eco_aggregate_total,2022,405.623
svn,sex_f,age_aggregate_total,eco_aggregate_total,2023,405.198
svn,sex_f,age_aggregate_total,eco_aggregate_x,1996,0.591
svn,sex_f,age_aggregate_total,eco_aggregate_x,1997,0.607
svn,sex_f,age_aggregate_total,eco_aggregate_x,1998,1.314
svn,sex_f,age_aggregate_total,eco_aggregate_x,1999,0.535
svn,sex_f,age_aggregate_total,eco_aggregate_x,2000,1.386
svn,sex_f,age_aggregate_total,eco_aggregate_x,2001,3.083
svn,sex_f,age_aggregate_total,eco_aggregate_x,2002,2.631
svn,sex_f,age_aggregate_total,eco_aggregate_x,2003,2.204
svn,sex_f,age_aggregate_total,eco_aggregate_x,2004,3.849
svn,sex_f,age_aggregate_total,eco_aggregate_x,2005,1.465
svn,sex_f,age_aggregate_total,eco_aggregate_x,2006,2.204
svn,sex_f,age_aggregate_total,eco_aggregate_x,2007,4.348
svn,sex_f,age_aggregate_total,eco_aggregate_x,2008,2.079
svn,sex_f,age_aggregate_total,eco_aggregate_x,2009,2.051
svn,sex_f,age_aggregate_total,eco_aggregate_x,2010,1.352
svn,sex_f,age_aggregate_total,eco_aggregate_x,2011,2.316
svn,sex_f,age_aggregate_total,eco_aggregate_x,2012,2.481
svn,sex_f,age_aggregate_total,eco_aggregate_x,2013,1.632
svn,sex_f,age_aggregate_total,eco_aggregate_x,2014,2.527
svn,sex_f,age_aggregate_total,eco_aggregate_x,2015,4.07
svn,sex_f,age_aggregate_total,eco_aggregate_x,2016,2.091
svn,sex_f,age_aggregate_total,eco_aggregate_x,2017,2.379
svn,sex_f,age_aggregate_total,eco_aggregate_x,2018,2.752
svn,sex_f,age_aggregate_total,eco_aggregate_x,2019,1.914
svn,sex_f,age_aggregate_total,eco_aggregate_x,2020,1.556
svn,sex_f,age_aggregate_total,eco_aggregate_x,2021,1.752
svn,sex_f,age_aggregate_total,eco_aggregate_x,2022,1.392
svn,sex_f,age_aggregate_total,eco_aggregate_x,2023,1.76
svn,sex_f,age_aggregate_total,eco_isic3_a,1996,5.252
svn,sex_f,age_aggregate_total,eco_isic3_a,1997,4.691
svn,sex_f,age_aggregate_total,eco_isic3_a,1998,4.837
svn,sex_f,age_aggregate_total,eco_isic3_a,1999,2.494
svn,sex_f,age_aggregate_total,eco_isic3_a,2000,3.544
svn,sex_f,age_aggregate_total,eco_isic3_a,2001,2.156
svn,sex_f,age_aggregate_total,eco_isic3_a,2002,3.281
svn,sex_f,age_aggregate_total,eco_isic3_a,2003,3.878
svn,sex_f,age_aggregate_total,eco_isic3_a,2004,5.12
svn,sex_f,age_aggregate_total,eco_isic3_a,2005,3.518
svn,sex_f,age_aggregate_total,eco_isic3_a,2006,3.032
svn,sex_f,age_aggregate_total,eco_isic3_a,2007,5.185
svn,sex_f,age_aggregate_total,eco_isic3_c,1996,0.836
svn,sex_f,age_aggregate_total,eco_isic3_c,2000,1.028
svn,sex_f,age_aggregate_total,eco_isic3_c,2004,0.965
svn,sex_f,age_aggregate_total,eco_isic3_c,2005,0.855
svn,sex_f,age_aggregate_total,eco_isic3_c,2006,0.667
svn,sex_f,age_aggregate_total,eco_isic3_c,2007,0.467
svn,sex_f,age_aggregate_total,eco_isic3_d,1996,118.42
svn,sex_f,age_aggregate_total,eco_isic3_d,1997,113.826
svn,sex_f,age_aggregate_total,eco_isic3_d,1998,112.587
svn,sex_f,age_aggregate_total,eco_isic3_d,1999,103.884
svn,sex_f,age_aggregate_total,eco_isic3_d,2000,105.416
svn,sex_f,age_aggregate_total,eco_isic3_d,2001,108.062
svn,sex_f,age_aggregate_total,eco_isic3_d,2002,110.25
svn,sex_f,age_aggregate_total,eco_isic3_d,2003,97.061
svn,sex_f,age_aggregate_total,eco_isic3_d,2004,98.352
svn,sex_f,age_aggregate_total,eco_isic3_d,2005,99.414
svn,sex_f,age_aggregate_total,eco_isic3_d,2006,92.261
svn,sex_f,age_aggregate_total,eco_isic3_d,2007,90.322
svn,sex_f,age_aggregate_total,eco_isic3_e,1996,2.073
svn,sex_f,age_aggregate_total,eco_isic3_e,1997,1.539
svn,sex_f,age_aggregate_total,eco_isic3_e,1998,1.41
svn,sex_f,age_aggregate_total,eco_isic3_e,1999,1.468
svn,sex_f,age_aggregate_total,eco_isic3_e,2000,1.87
svn,sex_f,age_aggregate_total,eco_isic3_e,2001,1.246
svn,sex_f,age_aggregate_total,eco_isic3_e,2002,1.5
svn,sex_f,age_aggregate_total,eco_isic3_e,2003,1.41
svn,sex_f,age_aggregate_total,eco_isic3_e,2004,1.019
svn,sex_f,age_aggregate_total,eco_isic3_e,2005,1.834
svn,sex_f,age_aggregate_total,eco_isic3_e,2006,2.179
svn,sex_f,age_aggregate_total,eco_isic3_e,2007,2.051
svn,sex_f,age_aggregate_total,eco_isic3_f,1996,5.541
svn,sex_f,age_aggregate_total,eco_isic3_f,1997,5.73
svn,sex_f,age_aggregate_total,eco_isic3_f,1998,5.056
svn,sex_f,age_aggregate_total,eco_isic3_f,1999,3.6
svn,sex_f,age_aggregate_total,eco_isic3_f,2000,4.631
svn,sex_f,age_aggregate_total,eco_isic3_f,2001,5.586
svn,sex_f,age_aggregate_total,eco_isic3_f,2002,4.855
svn,sex_f,age_aggregate_total,eco_isic3_f,2003,4.816
svn,sex_f,age_aggregate_total,eco_isic3_f,2004,4.248
svn,sex_f,age_aggregate_total,eco_isic3_f,2005,3.658
svn,sex_f,age_aggregate_total,eco_isic3_f,2006,4.141
svn,sex_f,age_aggregate_total,eco_isic3_f,2007,4.421
svn,sex_f,age_aggregate_total,eco_isic3_g,1996,49.328
svn,sex_f,age_aggregate_total,eco_isic3_g,1997,49.306
svn,sex_f,age_aggregate_total,eco_isic3_g,1998,50.943
svn,sex_f,age_aggregate_total,eco_isic3_g,1999,50.897
svn,sex_f,age_aggregate_total,eco_isic3_g,2000,57.832
svn,sex_f,age_aggregate_total,eco_isic3_g,2001,52.425
svn,sex_f,age_aggregate_total,eco_isic3_g,2002,58.392
svn,sex_f,age_aggregate_total,eco_isic3_g,2003,60.85
svn,sex_f,age_aggregate_total,eco_isic3_g,2004,60.177
svn,sex_f,age_aggregate_total,eco_isic3_g,2005,55.658
svn,sex_f,age_aggregate_total,eco_isic3_g,2006,57.434
svn,sex_f,age_aggregate_total,eco_isic3_g,2007,58.616
svn,sex_f,age_aggregate_total,eco_isic3_h,1996,19.67
svn,sex_f,age_aggregate_total,eco_isic3_h,1997,21.268
svn,sex_f,age_aggregate_total,eco_isic3_h,1998,19.783
svn,sex_f,age_aggregate_total,eco_isic3_h,1999,16.592
svn,sex_f,age_aggregate_total,eco_isic3_h,2000,16.896
svn,sex_f,age_aggregate_total,eco_isic3_h,2001,19.041
svn,sex_f,age_aggregate_total,eco_isic3_h,2002,20.726
svn,sex_f,age_aggregate_total,eco_isic3_h,2003,19.351
svn,sex_f,age_aggregate_total,eco_isic3_h,2004,21.063
svn,sex_f,age_aggregate_total,eco_isic3_h,2005,22.181
svn,sex_f,age_aggregate_total,eco_isic3_h,2006,22.302
svn,sex_f,age_aggregate_total,eco_isic3_h,2007,23.262
svn,sex_f,age_aggregate_total,eco_isic3_i,1996,9.497
svn,sex_f,age_aggregate_total,eco_isic3_i,1997,9.074
svn,sex_f,age_aggregate_total,eco_isic3_i,1998,11.875
svn,sex_f,age_aggregate_total,eco_isic3_i,1999,10.685
svn,sex_f,age_aggregate_total,eco_isic3_i,2000,13.401
svn,sex_f,age_aggregate_total,eco_isic3_i,2001,13.191
svn,sex_f,age_aggregate_total,eco_isic3_i,2002,11.823
svn,sex_f,age_aggregate_total,eco_isic3_i,2003,11.759
svn,sex_f,age_aggregate_total,eco_isic3_i,2004,12.415
svn,sex_f,age_aggregate_total,eco_isic3_i,2005,12.11
svn,sex_f,age_aggregate_total,eco_isic3_i,2006,12.396
svn,sex_f,age_aggregate_total,eco_isic3_i,2007,12.488
svn,sex_f,age_aggregate_total,eco_isic3_j,1996,14.102
svn,sex_f,age_aggregate_total,eco_isic3_j,1997,14.085
svn,sex_f,age_aggregate_total,eco_isic3_j,1998,12.655
svn,sex_f,age_aggregate_total,eco_isic3_j,1999,15.042
svn,sex_f,age_aggregate_total,eco_isic3_j,2000,14.533
svn,sex_f,age_aggregate_total,eco_isic3_j,2001,15.234
svn,sex_f,age_aggregate_total,eco_isic3_j,2002,13.584
svn,sex_f,age_aggregate_total,eco_isic3_j,2003,15.032
svn,sex_f,age_aggregate_total,eco_isic3_j,2004,14.644
svn,sex_f,age_aggregate_total,eco_isic3_j,2005,14.73
svn,sex_f,age_aggregate_total,eco_isic3_j,2006,13.983
svn,sex_f,age_aggregate_total,eco_isic3_j,2007,16.047
svn,sex_f,age_aggregate_total,eco_isic3_k,1996,13.382
svn,sex_f,age_aggregate_total,eco_isic3_k,1997,17.02
svn,sex_f,age_aggregate_total,eco_isic3_k,1998,17.218
svn,sex_f,age_aggregate_total,eco_isic3_k,1999,19.633
svn,sex_f,age_aggregate_total,eco_isic3_k,2000,15.365
svn,sex_f,age_aggregate_total,eco_isic3_k,2001,15.998
svn,sex_f,age_aggregate_total,eco_isic3_k,2002,17.88
svn,sex_f,age_aggregate_total,eco_isic3_k,2003,20.344
svn,sex_f,age_aggregate_total,eco_isic3_k,2004,22.584
svn,sex_f,age_aggregate_total,eco_isic3_k,2005,23.298
svn,sex_f,age_aggregate_total,eco_isic3_k,2006,22.639
svn,sex_f,age_aggregate_total,eco_isic3_k,2007,26.564
svn,sex_f,age_aggregate_total,eco_isic3_l,1996,20.513
svn,sex_f,age_aggregate_total,eco_isic3_l,1997,18.979
svn,sex_f,age_aggregate_total,eco_isic3_l,1998,21.917
svn,sex_f,age_aggregate_total,eco_isic3_l,1999,23.609
svn,sex_f,age_aggregate_total,eco_isic3_l,2000,26.494
svn,sex_f,age_aggregate_total,eco_isic3_l,2001,24.922
svn,sex_f,age_aggregate_total,eco_isic3_l,2002,25.18
svn,sex_f,age_aggregate_total,eco_isic3_l,2003,26.368
svn,sex_f,age_aggregate_total,eco_isic3_l,2004,28.737
svn,sex_f,age_aggregate_total,eco_isic3_l,2005,28.526
svn,sex_f,age_aggregate_total,eco_isic3_l,2006,28.368
svn,sex_f,age_aggregate_total,eco_isic3_l,2007,25.727
svn,sex_f,age_aggregate_total,eco_isic3_m,1996,43.578
svn,sex_f,age_aggregate_total,eco_isic3_m,1997,41.306
svn,sex_f,age_aggregate_total,eco_isic3_m,1998,46.079
svn,sex_f,age_aggregate_total,eco_isic3_m,1999,45.334
svn,sex_f,age_aggregate_total,eco_isic3_m,2000,44.86
svn,sex_f,age_aggregate_total,eco_isic3_m,2001,46.831
svn,sex_f,age_aggregate_total,eco_isic3_m,2002,46.088
svn,sex_f,age_aggregate_total,eco_isic3_m,2003,46.805
svn,sex_f,age_aggregate_total,eco_isic3_m,2004,48.594
svn,sex_f,age_aggregate_total,eco_isic3_m,2005,55.134
svn,sex_f,age_aggregate_total,eco_isic3_m,2006,57.767
svn,sex_f,age_aggregate_total,eco_isic3_m,2007,58.169
svn,sex_f,age_aggregate_total,eco_isic3_n,1996,35.142
svn,sex_f,age_aggregate_total,eco_isic3_n,1997,32.823
svn,sex_f,age_aggregate_total,eco_isic3_n,1998,32.339
svn,sex_f,age_aggregate_total,eco_isic3_n,1999,35.455
svn,sex_f,age_aggregate_total,eco_isic3_n,2000,36.629
svn,sex_f,age_aggregate_total,eco_isic3_n,2001,35.742
svn,sex_f,age_aggregate_total,eco_isic3_n,2002,38.136
svn,sex_f,age_aggregate_total,eco_isic3_n,2003,37.17
svn,sex_f,age_aggregate_total,eco_isic3_n,2004,39.386
svn,sex_f,age_aggregate_total,eco_isic3_n,2005,40.618
svn,sex_f,age_aggregate_total,eco_isic3_n,2006,43.599
svn,sex_f,age_aggregate_total,eco_isic3_n,2007,43.412
svn,sex_f,age_aggregate_total,eco_isic3_o,1996,13.509
svn,sex_f,age_aggregate_total,eco_isic3_o,1997,13.609
svn,sex_f,age_aggregate_total,eco_isic3_o,1998,12.138
svn,sex_f,age_aggregate_total,eco_isic3_o,1999,15.571
svn,sex_f,age_aggregate_total,eco_isic3_o,2000,14.499
svn,sex_f,age_aggregate_total,eco_isic3_o,2001,13.957
svn,sex_f,age_aggregate_total,eco_isic3_o,2002,13.323
svn,sex_f,age_aggregate_total,eco_isic3_o,2003,15.957
svn,sex_f,age_aggregate_total,eco_isic3_o,2004,15.871
svn,sex_f,age_aggregate_total,eco_isic3_o,2005,15.334
svn,sex_f,age_aggregate_total,eco_isic3_o,2006,15.647
svn,sex_f,age_aggregate_total,eco_isic3_o,2007,14.999
svn,sex_f,age_aggregate_total,eco_isic3_p,1996,0.971
svn,sex_f,age_aggregate_total,eco_isic3_p,1997,1.424
svn,sex_f,age_aggregate_total,eco_isic3_p,1998,0.537
svn,sex_f,age_aggregate_total,eco_isic3_p,1999,0.382
svn,sex_f,age_aggregate_total,eco_isic3_p,2001,0.882
svn,sex_f,age_aggregate_total,eco_isic3_p,2004,0.506
svn,sex_f,age_aggregate_total,eco_isic3_p,2005,0.49
svn,sex_f,age_aggregate_total,eco_isic3_p,2006,0.648
svn,sex_f,age_aggregate_total,eco_isic3_p,2007,0.426
svn,sex_f,age_aggregate_total,eco_isic3_total,1996,352.458
svn,sex_f,age_aggregate_total,eco_isic3_total,1997,345.764
svn,sex_f,age_aggregate_total,eco_isic3_total,1998,351.288
svn,sex_f,age_aggregate_total,eco_isic3_total,1999,345.583
svn,sex_f,age_aggregate_total,eco_isic3_total,2000,358.634
svn,sex_f,age_aggregate_total,eco_isic3_total,2001,358.898
svn,sex_f,age_aggregate_total,eco_isic3_total,2002,368.036
svn,sex_f,age_aggregate_total,eco_isic3_total,2003,363.538
svn,sex_f,age_aggregate_total,eco_isic3_total,2004,377.608
svn,sex_f,age_aggregate_total,eco_isic3_total,2005,378.833
svn,sex_f,age_aggregate_total,eco_isic3_total,2006,379.321
svn,sex_f,age_aggregate_total,eco_isic3_total,2007,386.596
svn,sex_f,age_aggregate_total,eco_isic3_x,1996,0.591
svn,sex_f,age_aggregate_total,eco_isic3_x,1997,0.607
svn,sex_f,age_aggregate_total,eco_isic3_x,1998,1.314
svn,sex_f,age_aggregate_total,eco_isic3_x,1999,0.535
svn,sex_f,age_aggregate_total,eco_isic3_x,2000,1.386
svn,sex_f,age_aggregate_total,eco_isic3_x,2001,3.083
svn,sex_f,age_aggregate_total,eco_isic3_x,2002,2.631
svn,sex_f,age_aggregate_total,eco_isic3_x,2003,2.204
svn,sex_f,age_aggregate_total,eco_isic3_x,2004,3.849
svn,sex_f,age_aggregate_total,eco_isic3_x,2005,1.465
svn,sex_f,age_aggregate_total,eco_isic3_x,2006,2.204
svn,sex_f,age_aggregate_total,eco_isic3_x,2007,4.348
svn,sex_f,age_aggregate_total,eco_isic4_a,2008,4.164
svn,sex_f,age_aggregate_total,eco_isic4_a,2009,3.345
svn,sex_f,age_aggregate_total,eco_isic4_a,2010,2.912
svn,sex_f,age_aggregate_total,eco_isic4_a,2011,3.161
svn,sex_f,age_aggregate_total,eco_isic4_a,2012,3.278
svn,sex_f,age_aggregate_total,eco_isic4_a,2013,2.731
svn,sex_f,age_aggregate_total,eco_isic4_a,2014,3.048
svn,sex_f,age_aggregate_total,eco_isic4_a,2015,2.596
svn,sex_f,age_aggregate_total,eco_isic4_a,2016,2.444
svn,sex_f,age_aggregate_total,eco_isic4_a,2017,3.18
svn,sex_f,age_aggregate_total,eco_isic4_a,2018,2.84
svn,sex_f,age_aggregate_total,eco_isic4_a,2019,3.135
svn,sex_f,age_aggregate_total,eco_isic4_a,2020,2.938
svn,sex_f,age_aggregate_total,eco_isic4_a,2021,3.486
svn,sex_f,age_aggregate_total,eco_isic4_a,2022,3.868
svn,sex_f,age_aggregate_total,eco_isic4_a,2023,2.95
svn,sex_f,age_aggregate_total,eco_isic4_b,2008,0.342
svn,sex_f,age_aggregate_total,eco_isic4_b,2009,0.728
svn,sex_f,age_aggregate_total,eco_isic4_b,2010,0.386
svn,sex_f,age_aggregate_total,eco_isic4_b,2011,0.341
svn,sex_f,age_aggregate_total,eco_isic4_b,2012,0.32
svn,sex_f,age_aggregate_total,eco_isic4_b,2013,0.359
svn,sex_f,age_aggregate_total,eco_isic4_b,2014,0.142
svn,sex_f,age_aggregate_total,eco_isic4_b,2015,0.082
svn,sex_f,age_aggregate_total,eco_isic4_b,2016,0.216
svn,sex_f,age_aggregate_total,eco_isic4_b,2017,0.354
svn,sex_f,age_aggregate_total,eco_isic4_b,2018,0.401
svn,sex_f,age_aggregate_total,eco_isic4_b,2019,0.357
svn,sex_f,age_aggregate_total,eco_isic4_b,2020,0.492
svn,sex_f,age_aggregate_total,eco_isic4_b,2021,0.178
svn,sex_f,age_aggregate_total,eco_isic4_b,2022,0.13
svn,sex_f,age_aggregate_total,eco_isic4_b,2023,0.338
svn,sex_f,age_aggregate_total,eco_isic4_c,2008,89.931
svn,sex_f,age_aggregate_total,eco_isic4_c,2009,83.245
svn,sex_f,age_aggregate_total,eco_isic4_c,2010,78.077
svn,sex_f,age_aggregate_total,eco_isic4_c,2011,66.751
svn,sex_f,age_aggregate_total,eco_isic4_c,2012,64.234
svn,sex_f,age_aggregate_total,eco_isic4_c,2013,61.899
svn,sex_f,age_aggregate_total,eco_isic4_c,2014,62.35
svn,sex_f,age_aggregate_total,eco_isic4_c,2015,64.337
svn,sex_f,age_aggregate_total,eco_isic4_c,2016,70.223
svn,sex_f,age_aggregate_total,eco_isic4_c,2017,71.118
svn,sex_f,age_aggregate_total,eco_isic4_c,2018,78.438
svn,sex_f,age_aggregate_total,eco_isic4_c,2019,78.969
svn,sex_f,age_aggregate_total,eco_isic4_c,2020,72.406
svn,sex_f,age_aggregate_total,eco_isic4_c,2021,61.012
svn,sex_f,age_aggregate_total,eco_isic4_c,2022,62.408
svn,sex_f,age_aggregate_total,eco_isic4_c,2023,68.253
svn,sex_f,age_aggregate_total,eco_isic4_d,2008,1.582
svn,sex_f,age_aggregate_total,eco_isic4_d,2009,1.003
svn,sex_f,age_aggregate_total,eco_isic4_d,2010,1.095
svn,sex_f,age_aggregate_total,eco_isic4_d,2011,2.042
svn,sex_f,age_aggregate_total,eco_isic4_d,2012,1.822
svn,sex_f,age_aggregate_total,eco_isic4_d,2013,1.844
svn,sex_f,age_aggregate_total,eco_isic4_d,2014,2.414
svn,sex_f,age_aggregate_total,eco_isic4_d,2015,1.912
svn,sex_f,age_aggregate_total,eco_isic4_d,2016,1.384
svn,sex_f,age_aggregate_total,eco_isic4_d,2017,1.698
svn,sex_f,age_aggregate_total,eco_isic4_d,2018,1.629
svn,sex_f,age_aggregate_total,eco_isic4_d,2019,1.992
svn,sex_f,age_aggregate_total,eco_isic4_d,2020,2.231
svn,sex_f,age_aggregate_total,eco_isic4_d,2021,1.722
svn,sex_f,age_aggregate_total,eco_isic4_d,2022,1.502
svn,sex_f,age_aggregate_total,eco_isic4_d,2023,1.929
svn,sex_f,age_aggregate_total,eco_isic4_e,2008,1.822
svn,sex_f,age_aggregate_total,eco_isic4_e,2009,2.689
svn,sex_f,age_aggregate_total,eco_isic4_e,2010,1.922
svn,sex_f,age_aggregate_total,eco_isic4_e,2011,1.819
svn,sex_f,age_aggregate_total,eco_isic4_e,2012,2.201
svn,sex_f,age_aggregate_total,eco_isic4_e,2013,2.055
svn,sex_f,age_aggregate_total,eco_isic4_e,2014,1.72
svn,sex_f,age_aggregate_total,eco_isic4_e,2015,1.535
svn,sex_f,age_aggregate_total,eco_isic4_e,2016,1.55
svn,sex_f,age_aggregate_total,eco_isic4_e,2017,2.088
svn,sex_f,age_aggregate_total,eco_isic4_e,2018,2.157
svn,sex_f,age_aggregate_total,eco_isic4_e,2019,1.819
svn,sex_f,age_aggregate_total,eco_isic4_e,2020,2.183
svn,sex_f,age_aggregate_total,eco_isic4_e,2021,2.823
svn,sex_f,age_aggregate_total,eco_isic4_e,2022,3.595
svn,sex_f,age_aggregate_total,eco_isic4_e,2023,3.024
svn,sex_f,age_aggregate_total,eco_isic4_f,2008,6.508
svn,sex_f,age_aggregate_total,eco_isic4_f,2009,6.798
svn,sex_f,age_aggregate_total,eco_isic4_f,2010,5.327
svn,sex_f,age_aggregate_total,eco_isic4_f,2011,4.619
svn,sex_f,age_aggregate_total,eco_isic4_f,2012,4.92
svn,sex_f,age_aggregate_total,eco_isic4_f,2013,5.522
svn,sex_f,age_aggregate_total,eco_isic4_f,2014,2.99
svn,sex_f,age_aggregate_total,eco_isic4_f,2015,3.603
svn,sex_f,age_aggregate_total,eco_isic4_f,2016,3.865
svn,sex_f,age_aggregate_total,eco_isic4_f,2017,4.279
svn,sex_f,age_aggregate_total,eco_isic4_f,2018,4.502
svn,sex_f,age_aggregate_total,eco_isic4_f,2019,4.85
svn,sex_f,age_aggregate_total,eco_isic4_f,2020,4.748
svn,sex_f,age_aggregate_total,eco_isic4_f,2021,5.722
svn,sex_f,age_aggregate_total,eco_isic4_f,2022,6.01
svn,sex_f,age_aggregate_total,eco_isic4_f,2023,5.364
svn,sex_f,age_aggregate_total,eco_isic4_g,2008,62.654
svn,sex_f,age_aggregate_total,eco_isic4_g,2009,61.983
svn,sex_f,age_aggregate_total,eco_isic4_g,2010,57.924
svn,sex_f,age_aggregate_total,eco_isic4_g,2011,56.406
svn,sex_f,age_aggregate_total,eco_isic4_g,2012,53.532
svn,sex_f,age_aggregate_total,eco_isic4_g,2013,54.008
svn,sex_f,age_aggregate_total,eco_isic4_g,2014,52.201
svn,sex_f,age_aggregate_total,eco_isic4_g,2015,52.71
svn,sex_f,age_aggregate_total,eco_isic4_g,2016,60.332
svn,sex_f,age_aggregate_total,eco_isic4_g,2017,57.168
svn,sex_f,age_aggregate_total,eco_isic4_g,2018,59.524
svn,sex_f,age_aggregate_total,eco_isic4_g,2019,63.396
svn,sex_f,age_aggregate_total,eco_isic4_g,2020,58.733
svn,sex_f,age_aggregate_total,eco_isic4_g,2021,54.183
svn,sex_f,age_aggregate_total,eco_isic4_g,2022,53.804
svn,sex_f,age_aggregate_total,eco_isic4_g,2023,59.087
svn,sex_f,age_aggregate_total,eco_isic4_h,2008,10.684
svn,sex_f,age_aggregate_total,eco_isic4_h,2009,11.855
svn,sex_f,age_aggregate_total,eco_isic4_h,2010,9.078
svn,sex_f,age_aggregate_total,eco_isic4_h,2011,9.536
svn,sex_f,age_aggregate_total,eco_isic4_h,2012,8.225
svn,sex_f,age_aggregate_total,eco_isic4_h,2013,8.274
svn,sex_f,age_aggregate_total,eco_isic4_h,2014,6.495
svn,sex_f,age_aggregate_total,eco_isic4_h,2015,7.258
svn,sex_f,age_aggregate_total,eco_isic4_h,2016,8.744
svn,sex_f,age_aggregate_total,eco_isic4_h,2017,8.33
svn,sex_f,age_aggregate_total,eco_isic4_h,2018,11.724
svn,sex_f,age_aggregate_total,eco_isic4_h,2019,10.752
svn,sex_f,age_aggregate_total,eco_isic4_h,2020,7.637
svn,sex_f,age_aggregate_total,eco_isic4_h,2021,9.002
svn,sex_f,age_aggregate_total,eco_isic4_h,2022,8.68
svn,sex_f,age_aggregate_total,eco_isic4_h,2023,8.916
svn,sex_f,age_aggregate_total,eco_isic4_i,2008,23.359
svn,sex_f,age_aggregate_total,eco_isic4_i,2009,20.575
svn,sex_f,age_aggregate_total,eco_isic4_i,2010,23.293
svn,sex_f,age_aggregate_total,eco_isic4_i,2011,24.154
svn,sex_f,age_aggregate_total,eco_isic4_i,2012,21.768
svn,sex_f,age_aggregate_total,eco_isic4_i,2013,21.738
svn,sex_f,age_aggregate_total,eco_isic4_i,2014,22.478
svn,sex_f,age_aggregate_total,eco_isic4_i,2015,23.51
svn,sex_f,age_aggregate_total,eco_isic4_i,2016,22.762
svn,sex_f,age_aggregate_total,eco_isic4_i,2017,26.624
svn,sex_f,age_aggregate_total,eco_isic4_i,2018,23.526
svn,sex_f,age_aggregate_total,eco_isic4_i,2019,22.905
svn,sex_f,age_aggregate_total,eco_isic4_i,2020,20.157
svn,sex_f,age_aggregate_total,eco_isic4_i,2021,14.864
svn,sex_f,age_aggregate_total,eco_isic4_i,2022,20.887
svn,sex_f,age_aggregate_total,eco_isic4_i,2023,21.619
svn,sex_f,age_aggregate_total,eco_isic4_j,2008,9.207
svn,sex_f,age_aggregate_total,eco_isic4_j,2009,8.462
svn,sex_f,age_aggregate_total,eco_isic4_j,2010,10.365
svn,sex_f,age_aggregate_total,eco_isic4_j,2011,9.53
svn,sex_f,age_aggregate_total,eco_isic4_j,2012,7.605
svn,sex_f,age_aggregate_total,eco_isic4_j,2013,7.971
svn,sex_f,age_aggregate_total,eco_isic4_j,2014,9.478
svn,sex_f,age_aggregate_total,eco_isic4_j,2015,10.687
svn,sex_f,age_aggregate_total,eco_isic4_j,2016,10.018
svn,sex_f,age_aggregate_total,eco_isic4_j,2017,8.625
svn,sex_f,age_aggregate_total,eco_isic4_j,2018,8.647
svn,sex_f,age_aggregate_total,eco_isic4_j,2019,10.517
svn,sex_f,age_aggregate_total,eco_isic4_j,2020,11.278
svn,sex_f,age_aggregate_total,eco_isic4_j,2021,9.906
svn,sex_f,age_aggregate_total,eco_isic4_j,2022,9.943
svn,sex_f,age_aggregate_total,eco_isic4_j,2023,9.501
svn,sex_f,age_aggregate_total,eco_isic4_k,2008,15.977
svn,sex_f,age_aggregate_total,eco_isic4_k,2009,17.423
svn,sex_f,age_aggregate_total,eco_isic4_k,2010,16.772
svn,sex_f,age_aggregate_total,eco_isic4_k,2011,17.153
svn,sex_f,age_aggregate_total,eco_isic4_k,2012,19.655
svn,sex_f,age_aggregate_total,eco_isic4_k,2013,15.272
svn,sex_f,age_aggregate_total,eco_isic4_k,2014,14.437
svn,sex_f,age_aggregate_total,eco_isic4_k,2015,15.458
svn,sex_f,age_aggregate_total,eco_isic4_k,2016,13.359
svn,sex_f,age_aggregate_total,eco_isic4_k,2017,13.223
svn,sex_f,age_aggregate_total,eco_isic4_k,2018,13.479
svn,sex_f,age_aggregate_total,eco_isic4_k,2019,15.41
svn,sex_f,age_aggregate_total,eco_isic4_k,2020,17.143
svn,sex_f,age_aggregate_total,eco_isic4_k,2021,12.269
svn,sex_f,age_aggregate_total,eco_isic4_k,2022,11.656
svn,sex_f,age_aggregate_total,eco_isic4_k,2023,12.017
svn,sex_f,age_aggregate_total,eco_isic4_l,2008,1.364
svn,sex_f,age_aggregate_total,eco_isic4_l,2009,1.104
svn,sex_f,age_aggregate_total,eco_isic4_l,2010,0.973
svn,sex_f,age_aggregate_total,eco_isic4_l,2011,1.127
svn,sex_f,age_aggregate_total,eco_isic4_l,2012,0.83
svn,sex_f,age_aggregate_total,eco_isic4_l,2013,1.396
svn,sex_f,age_aggregate_total,eco_isic4_l,2014,1.392
svn,sex_f,age_aggregate_total,eco_isic4_l,2015,0.825
svn,sex_f,age_aggregate_total,eco_isic4_l,2016,0.56
svn,sex_f,age_aggregate_total,eco_isic4_l,2017,1.108
svn,sex_f,age_aggregate_total,eco_isic4_l,2018,1.444
svn,sex_f,age_aggregate_total,eco_isic4_l,2019,0.736
svn,sex_f,age_aggregate_total,eco_isic4_l,2020,0.947
svn,sex_f,age_aggregate_total,eco_isic4_l,2021,1.773
svn,sex_f,age_aggregate_total,eco_isic4_l,2022,1.426
svn,sex_f,age_aggregate_total,eco_isic4_l,2023,1.161
svn,sex_f,age_aggregate_total,eco_isic4_m,2008,16.966
svn,sex_f,age_aggregate_total,eco_isic4_m,2009,16.175
svn,sex_f,age_aggregate_total,eco_isic4_m,2010,14.634
svn,sex_f,age_aggregate_total,eco_isic4_m,2011,15.777
svn,sex_f,age_aggregate_total,eco_isic4_m,2012,17.233
svn,sex_f,age_aggregate_total,eco_isic4_m,2013,15.889
svn,sex_f,age_aggregate_total,eco_isic4_m,2014,15.961
svn,sex_f,age_aggregate_total,eco_isic4_m,2015,14.479
svn,sex_f,age_aggregate_total,eco_isic4_m,2016,16.112
svn,sex_f,age_aggregate_total,eco_isic4_m,2017,17.012
svn,sex_f,age_aggregate_total,eco_isic4_m,2018,14.358
svn,sex_f,age_aggregate_total,eco_isic4_m,2019,14.762
svn,sex_f,age_aggregate_total,eco_isic4_m,2020,17.387
svn,sex_f,age_aggregate_total,eco_isic4_m,2021,24.241
svn,sex_f,age_aggregate_total,eco_isic4_m,2022,22.05
svn,sex_f,age_aggregate_total,eco_isic4_m,2023,19.94
svn,sex_f,age_aggregate_total,eco_isic4_n,2008,10.751
svn,sex_f,age_aggregate_total,eco_isic4_n,2009,10.44
svn,sex_f,age_aggregate_total,eco_isic4_n,2010,9.974
svn,sex_f,age_aggregate_total,eco_isic4_n,2011,8.623
svn,sex_f,age_aggregate_total,eco_isic4_n,2012,10.175
svn,sex_f,age_aggregate_total,eco_isic4_n,2013,10.331
svn,sex_f,age_aggregate_total,eco_isic4_n,2014,10.8
svn,sex_f,age_aggregate_total,eco_isic4_n,2015,9.573
svn,sex_f,age_aggregate_total,eco_isic4_n,2016,10.724
svn,sex_f,age_aggregate_total,eco_isic4_n,2017,11.393
svn,sex_f,age_aggregate_total,eco_isic4_n,2018,9.861
svn,sex_f,age_aggregate_total,eco_isic4_n,2019,9.528
svn,sex_f,age_aggregate_total,eco_isic4_n,2020,11.697
svn,sex_f,age_aggregate_total,eco_isic4_n,2021,11.461
svn,sex_f,age_aggregate_total,eco_isic4_n,2022,12.28
svn,sex_f,age_aggregate_total,eco_isic4_n,2023,15.838
svn,sex_f,age_aggregate_total,eco_isic4_o,2008,28.552
svn,sex_f,age_aggregate_total,eco_isic4_o,2009,31.951
svn,sex_f,age_aggregate_total,eco_isic4_o,2010,28.636
svn,sex_f,age_aggregate_total,eco_isic4_o,2011,28.62
svn,sex_f,age_aggregate_total,eco_isic4_o,2012,31.57
svn,sex_f,age_aggregate_total,eco_isic4_o,2013,27.124
svn,sex_f,age_aggregate_total,eco_isic4_o,2014,28.571
svn,sex_f,age_aggregate_total,eco_isic4_o,2015,26.314
svn,sex_f,age_aggregate_total,eco_isic4_o,2016,30.047
svn,sex_f,age_aggregate_total,eco_isic4_o,2017,32.932
svn,sex_f,age_aggregate_total,eco_isic4_o,2018,31.79
svn,sex_f,age_aggregate_total,eco_isic4_o,2019,30.996
svn,sex_f,age_aggregate_total,eco_isic4_o,2020,30.921
svn,sex_f,age_aggregate_total,eco_isic4_o,2021,32.461
svn,sex_f,age_aggregate_total,eco_isic4_o,2022,32.857
svn,sex_f,age_aggregate_total,eco_isic4_o,2023,28.9
svn,sex_f,age_aggregate_total,eco_isic4_p,2008,58.62
svn,sex_f,age_aggregate_total,eco_isic4_p,2009,56.584
svn,sex_f,age_aggregate_total,eco_isic4_p,2010,58.443
svn,sex_f,age_aggregate_total,eco_isic4_p,2011,60.726
svn,sex_f,age_aggregate_total,eco_isic4_p,2012,62.996
svn,sex_f,age_aggregate_total,eco_isic4_p,2013,60.489
svn,sex_f,age_aggregate_total,eco_isic4_p,2014,56.94
svn,sex_f,age_aggregate_total,eco_isic4_p,2015,61.344
svn,sex_f,age_aggregate_total,eco_isic4_p,2016,62.041
svn,sex_f,age_aggregate_total,eco_isic4_p,2017,64.807
svn,sex_f,age_aggregate_total,eco_isic4_p,2018,63.51
svn,sex_f,age_aggregate_total,eco_isic4_p,2019,65.02
svn,sex_f,age_aggregate_total,eco_isic4_p,2020,70.698
svn,sex_f,age_aggregate_total,eco_isic4_p,2021,72.896
svn,sex_f,age_aggregate_total,eco_isic4_p,2022,71.766
svn,sex_f,age_aggregate_total,eco_isic4_p,2023,67.285
svn,sex_f,age_aggregate_total,eco_isic4_q,2008,43.359
svn,sex_f,age_aggregate_total,eco_isic4_q,2009,40.533
svn,sex_f,age_aggregate_total,eco_isic4_q,2010,43.223
svn,sex_f,age_aggregate_total,eco_isic4_q,2011,43.64
svn,sex_f,age_aggregate_total,eco_isic4_q,2012,42.097
svn,sex_f,age_aggregate_total,eco_isic4_q,2013,43.91
svn,sex_f,age_aggregate_total,eco_isic4_q,2014,44.177
svn,sex_f,age_aggregate_total,eco_isic4_q,2015,46.508
svn,sex_f,age_aggregate_total,eco_isic4_q,2016,50.621
svn,sex_f,age_aggregate_total,eco_isic4_q,2017,50.784
svn,sex_f,age_aggregate_total,eco_isic4_q,2018,53.771
svn,sex_f,age_aggregate_total,eco_isic4_q,2019,54.975
svn,sex_f,age_aggregate_total,eco_isic4_q,2020,55.151
svn,sex_f,age_aggregate_total,eco_isic4_q,2021,61.08
svn,sex_f,age_aggregate_total,eco_isic4_q,2022,61.816
svn,sex_f,age_aggregate_total,eco_isic4_q,2023,59.863
svn,sex_f,age_aggregate_total,eco_isic4_r,2008,7.179
svn,sex_f,age_aggregate_total,eco_isic4_r,2009,8.897
svn,sex_f,age_aggregate_total,eco_isic4_r,2010,8.266
svn,sex_f,age_aggregate_total,eco_isic4_r,2011,8.322
svn,sex_f,age_aggregate_total,eco_isic4_r,2012,7.574
svn,sex_f,age_aggregate_total,eco_isic4_r,2013,6.519
svn,sex_f,age_aggregate_total,eco_isic4_r,2014,6.564
svn,sex_f,age_aggregate_total,eco_isic4_r,2015,7.967
svn,sex_f,age_aggregate_total,eco_isic4_r,2016,5.632
svn,sex_f,age_aggregate_total,eco_isic4_r,2017,7.423
svn,sex_f,age_aggregate_total,eco_isic4_r,2018,6.595
svn,sex_f,age_aggregate_total,eco_isic4_r,2019,8.373
svn,sex_f,age_aggregate_total,eco_isic4_r,2020,7.162
svn,sex_f,age_aggregate_total,eco_isic4_r,2021,8.199
svn,sex_f,age_aggregate_total,eco_isic4_r,2022,8.993
svn,sex_f,age_aggregate_total,eco_isic4_r,2023,6.771
svn,sex_f,age_aggregate_total,eco_isic4_s,2008,6.313
svn,sex_f,age_aggregate_total,eco_isic4_s,2009,6.336
svn,sex_f,age_aggregate_total,eco_isic4_s,2010,7.617
svn,sex_f,age_aggregate_total,eco_isic4_s,2011,7.186
svn,sex_f,age_aggregate_total,eco_isic4_s,2012,6.926
svn,sex_f,age_aggregate_total,eco_isic4_s,2013,6.386
svn,sex_f,age_aggregate_total,eco_isic4_s,2014,5.965
svn,sex_f,age_aggregate_total,eco_isic4_s,2015,5.726
svn,sex_f,age_aggregate_total,eco_isic4_s,2016,5.938
svn,sex_f,age_aggregate_total,eco_isic4_s,2017,6.838
svn,sex_f,age_aggregate_total,eco_isic4_s,2018,5.623
svn,sex_f,age_aggregate_total,eco_isic4_s,2019,6.068
svn,sex_f,age_aggregate_total,eco_isic4_s,2020,7.608
svn,sex_f,age_aggregate_total,eco_isic4_s,2021,9.306
svn,sex_f,age_aggregate_total,eco_isic4_s,2022,10.009
svn,sex_f,age_aggregate_total,eco_isic4_s,2023,9.94
svn,sex_f,age_aggregate_total,eco_isic4_t,2008,0.44
svn,sex_f,age_aggregate_total,eco_isic4_t,2010,0.239
svn,sex_f,age_aggregate_total,eco_isic4_t,2011,0.419
svn,sex_f,age_aggregate_total,eco_isic4_t,2012,0.293
svn,sex_f,age_aggregate_total,eco_isic4_t,2017,0.106
svn,sex_f,age_aggregate_total,eco_isic4_t,2021,0.507
svn,sex_f,age_aggregate_total,eco_isic4_t,2022,0.371
svn,sex_f,age_aggregate_total,eco_isic4_t,2023,0.463
svn,sex_f,age_aggregate_total,eco_isic4_total,2008,402.054
svn,sex_f,age_aggregate_total,eco_isic4_total,2009,392.232
svn,sex_f,age_aggregate_total,eco_isic4_total,2010,380.505
svn,sex_f,age_aggregate_total,eco_isic4_total,2011,372.269
svn,sex_f,age_aggregate_total,eco_isic4_total,2012,369.738
svn,sex_f,age_aggregate_total,eco_isic4_total,2013,355.411
svn,sex_f,age_aggregate_total,eco_isic4_total,2014,350.671
svn,sex_f,age_aggregate_total,eco_isic4_total,2015,360.593
svn,sex_f,age_aggregate_total,eco_isic4_total,2016,378.687
svn,sex_f,age_aggregate_total,eco_isic4_total,2017,391.469
svn,sex_f,age_aggregate_total,eco_isic4_total,2018,396.688
svn,sex_f,age_aggregate_total,eco_isic4_total,2019,406.636
svn,sex_f,age_aggregate_total,eco_isic4_total,2020,403.206
svn,sex_f,age_aggregate_total,eco_isic4_total,2021,399.149
svn,sex_f,age_aggregate_total,eco_isic4_total,2022,405.623
svn,sex_f,age_aggregate_total,eco_isic4_total,2023,405.198
svn,sex_f,age_aggregate_total,eco_isic4_u,2008,0.2
svn,sex_f,age_aggregate_total,eco_isic4_u,2021,0.305
svn,sex_f,age_aggregate_total,eco_isic4_u,2022,0.181
svn,sex_f,age_aggregate_total,eco_isic4_u,2023,0.278
svn,sex_f,age_aggregate_total,eco_isic4_x,2008,2.079
svn,sex_f,age_aggregate_total,eco_isic4_x,2009,2.051
svn,sex_f,age_aggregate_total,eco_isic4_x,2010,1.352
svn,sex_f,age_aggregate_total,eco_isic4_x,2011,2.316
svn,sex_f,age_aggregate_total,eco_isic4_x,2012,2.481
svn,sex_f,age_aggregate_total,eco_isic4_x,2013,1.632
svn,sex_f,age_aggregate_total,eco_isic4_x,2014,2.527
svn,sex_f,age_aggregate_total,eco_isic4_x,2015,4.07
svn,sex_f,age_aggregate_total,eco_isic4_x,2016,2.091
svn,sex_f,age_aggregate_total,eco_isic4_x,2017,2.379
svn,sex_f,age_aggregate_total,eco_isic4_x,2018,2.752
svn,sex_f,age_aggregate_total,eco_isic4_x,2019,1.914
svn,sex_f,age_aggregate_total,eco_isic4_x,2020,1.556
svn,sex_f,age_aggregate_total,eco_isic4_x,2021,1.752
svn,sex_f,age_aggregate_total,eco_isic4_x,2022,1.392
svn,sex_f,age_aggregate_total,eco_isic4_x,2023,1.76
svn,sex_f,age_aggregate_total,eco_sector_agr,1996,5.305
svn,sex_f,age_aggregate_total,eco_sector_agr,1997,4.691
svn,sex_f,age_aggregate_total,eco_sector_agr,1998,4.914
svn,sex_f,age_aggregate_total,eco_sector_agr,1999,2.654
svn,sex_f,age_aggregate_total,eco_sector_agr,2000,3.544
svn,sex_f,age_aggregate_total,eco_sector_agr,2001,2.156
svn,sex_f,age_aggregate_total,eco_sector_agr,2002,3.281
svn,sex_f,age_aggregate_total,eco_sector_agr,2003,3.878
svn,sex_f,age_aggregate_total,eco_sector_agr,2004,5.197
svn,sex_f,age_aggregate_total,eco_sector_agr,2005,3.529
svn,sex_f,age_aggregate_total,eco_sector_agr,2006,3.084
svn,sex_f,age_aggregate_total,eco_sector_agr,2007,5.258
svn,sex_f,age_aggregate_total,eco_sector_agr,2008,4.164
svn,sex_f,age_aggregate_total,eco_sector_agr,2009,3.345
svn,sex_f,age_aggregate_total,eco_sector_agr,2010,2.912
svn,sex_f,age_aggregate_total,eco_sector_agr,2011,3.161
svn,sex_f,age_aggregate_total,eco_sector_agr,2012,3.278
svn,sex_f,age_aggregate_total,eco_sector_agr,2013,2.731
svn,sex_f,age_aggregate_total,eco_sector_agr,2014,3.048
svn,sex_f,age_aggregate_total,eco_sector_agr,2015,2.596
svn,sex_f,age_aggregate_total,eco_sector_agr,2016,2.444
svn,sex_f,age_aggregate_total,eco_sector_agr,2017,3.18
svn,sex_f,age_aggregate_total,eco_sector_agr,2018,2.84
svn,sex_f,age_aggregate_total,eco_sector_agr,2019,3.135
svn,sex_f,age_aggregate_total,eco_sector_agr,2020,2.938
svn,sex_f,age_aggregate_total,eco_sector_agr,2021,3.486
svn,sex_f,age_aggregate_total,eco_sector_agr,2022,3.868
svn,sex_f,age_aggregate_total,eco_sector_agr,2023,2.95
svn,sex_f,age_aggregate_total,eco_sector_ind,1996,126.871
svn,sex_f,age_aggregate_total,eco_sector_ind,1997,121.571
svn,sex_f,age_aggregate_total,eco_sector_ind,1998,119.575
svn,sex_f,age_aggregate_total,eco_sector_ind,1999,109.194
svn,sex_f,age_aggregate_total,eco_sector_ind,2000,112.945
svn,sex_f,age_aggregate_total,eco_sector_ind,2001,115.435
svn,sex_f,age_aggregate_total,eco_sector_ind,2002,116.745
svn,sex_f,age_aggregate_total,eco_sector_ind,2003,103.635
svn,sex_f,age_aggregate_total,eco_sector_ind,2004,104.584
svn,sex_f,age_aggregate_total,eco_sector_ind,2005,105.76
svn,sex_f,age_aggregate_total,eco_sector_ind,2006,99.249
svn,sex_f,age_aggregate_total,eco_sector_ind,2007,97.262
svn,sex_f,age_aggregate_total,eco_sector_ind,2008,100.186
svn,sex_f,age_aggregate_total,eco_sector_ind,2009,94.463
svn,sex_f,age_aggregate_total,eco_sector_ind,2010,86.806
svn,sex_f,age_aggregate_total,eco_sector_ind,2011,75.572
svn,sex_f,age_aggregate_total,eco_sector_ind,2012,73.498
svn,sex_f,age_aggregate_total,eco_sector_ind,2013,71.679
svn,sex_f,age_aggregate_total,eco_sector_ind,2014,69.616
svn,sex_f,age_aggregate_total,eco_sector_ind,2015,71.47
svn,sex_f,age_aggregate_total,eco_sector_ind,2016,77.237
svn,sex_f,age_aggregate_total,eco_sector_ind,2017,79.536
svn,sex_f,age_aggregate_total,eco_sector_ind,2018,87.127
svn,sex_f,age_aggregate_total,eco_sector_ind,2019,87.987
svn,sex_f,age_aggregate_total,eco_sector_ind,2020,82.058
svn,sex_f,age_aggregate_total,eco_sector_ind,2021,71.458
svn,sex_f,age_aggregate_total,eco_sector_ind,2022,73.646
svn,sex_f,age_aggregate_total,eco_sector_ind,2023,78.909
svn,sex_f,age_aggregate_total,eco_sector_nag,1996,347.153
svn,sex_f,age_aggregate_total,eco_sector_nag,1997,341.073
svn,sex_f,age_aggregate_total,eco_sector_nag,1998,346.374
svn,sex_f,age_aggregate_total,eco_sector_nag,1999,342.929
svn,sex_f,age_aggregate_total,eco_sector_nag,2000,355.09
svn,sex_f,age_aggregate_total,eco_sector_nag,2001,356.742
svn,sex_f,age_aggregate_total,eco_sector_nag,2002,364.754
svn,sex_f,age_aggregate_total,eco_sector_nag,2003,359.66
svn,sex_f,age_aggregate_total,eco_sector_nag,2004,372.411
svn,sex_f,age_aggregate_total,eco_sector_nag,2005,375.304
svn,sex_f,age_aggregate_total,eco_sector_nag,2006,376.237
svn,sex_f,age_aggregate_total,eco_sector_nag,2007,381.338
svn,sex_f,age_aggregate_total,eco_sector_nag,2008,397.89
svn,sex_f,age_aggregate_total,eco_sector_nag,2009,388.887
svn,sex_f,age_aggregate_total,eco_sector_nag,2010,377.593
svn,sex_f,age_aggregate_total,eco_sector_nag,2011,369.108
svn,sex_f,age_aggregate_total,eco_sector_nag,2012,366.46
svn,sex_f,age_aggregate_total,eco_sector_nag,2013,352.68
svn,sex_f,age_aggregate_total,eco_sector_nag,2014,347.623
svn,sex_f,age_aggregate_total,eco_sector_nag,2015,357.997
svn,sex_f,age_aggregate_total,eco_sector_nag,2016,376.243
svn,sex_f,age_aggregate_total,eco_sector_nag,2017,388.289
svn,sex_f,age_aggregate_total,eco_sector_nag,2018,393.848
svn,sex_f,age_aggregate_total,eco_sector_nag,2019,403.5
svn,sex_f,age_aggregate_total,eco_sector_nag,2020,400.268
svn,sex_f,age_aggregate_total,eco_sector_nag,2021,395.664
svn,sex_f,age_aggregate_total,eco_sector_nag,2022,401.755
svn,sex_f,age_aggregate_total,eco_sector_nag,2023,402.248
svn,sex_f,age_aggregate_total,eco_sector_ser,1996,219.691
svn,sex_f,age_aggregate_total,eco_sector_ser,1997,218.895
svn,sex_f,age_aggregate_total,eco_sector_ser,1998,225.485
svn,sex_f,age_aggregate_total,eco_sector_ser,1999,233.2
svn,sex_f,age_aggregate_total,eco_sector_ser,2000,240.759
svn,sex_f,age_aggregate_total,eco_sector_ser,2001,238.224
svn,sex_f,age_aggregate_total,eco_sector_ser,2002,245.378
svn,sex_f,age_aggregate_total,eco_sector_ser,2003,253.822
svn,sex_f,age_aggregate_total,eco_sector_ser,2004,263.978
svn,sex_f,age_aggregate_total,eco_sector_ser,2005,268.079
svn,sex_f,age_aggregate_total,eco_sector_ser,2006,274.784
svn,sex_f,age_aggregate_total,eco_sector_ser,2007,279.728
svn,sex_f,age_aggregate_total,eco_sector_ser,2008,295.625
svn,sex_f,age_aggregate_total,eco_sector_ser,2009,292.373
svn,sex_f,age_aggregate_total,eco_sector_ser,2010,289.435
svn,sex_f,age_aggregate_total,eco_sector_ser,2011,291.219
svn,sex_f,age_aggregate_total,eco_sector_ser,2012,290.48
svn,sex_f,age_aggregate_total,eco_sector_ser,2013,279.369
svn,sex_f,age_aggregate_total,eco_sector_ser,2014,275.48
svn,sex_f,age_aggregate_total,eco_sector_ser,2015,282.458
svn,sex_f,age_aggregate_total,eco_sector_ser,2016,296.914
svn,sex_f,age_aggregate_total,eco_sector_ser,2017,306.374
svn,sex_f,age_aggregate_total,eco_sector_ser,2018,303.969
svn,sex_f,age_aggregate_total,eco_sector_ser,2019,313.599
svn,sex_f,age_aggregate_total,eco_sector_ser,2020,316.654
svn,sex_f,age_aggregate_total,eco_sector_ser,2021,322.454
svn,sex_f,age_aggregate_total,eco_sector_ser,2022,326.717
svn,sex_f,age_aggregate_total,eco_sector_ser,2023,321.578
svn,sex_f,age_aggregate_total,eco_sector_total,1996,352.458
svn,sex_f,age_aggregate_total,eco_sector_total,1997,345.764
svn,sex_f,age_aggregate_total,eco_sector_total,1998,351.288
svn,sex_f,age_aggregate_total,eco_sector_total,1999,345.583
svn,sex_f,age_aggregate_total,eco_sector_total,2000,358.634
svn,sex_f,age_aggregate_total,eco_sector_total,2001,358.898
svn,sex_f,age_aggregate_total,eco_sector_total,2002,368.036
svn,sex_f,age_aggregate_total,eco_sector_total,2003,363.538
svn,sex_f,age_aggregate_total,eco_sector_total,2004,377.608
svn,sex_f,age_aggregate_total,eco_sector_total,2005,378.833
svn,sex_f,age_aggregate_total,eco_sector_total,2006,379.321
svn,sex_f,age_aggregate_total,eco_sector_total,2007,386.596
svn,sex_f,age_aggregate_total,eco_sector_total,2008,402.054
svn,sex_f,age_aggregate_total,eco_sector_total,2009,392.232
svn,sex_f,age_aggregate_total,eco_sector_total,2010,380.505
svn,sex_f,age_aggregate_total,eco_sector_total,2011,372.269
svn,sex_f,age_aggregate_total,eco_sector_total,2012,369.738
svn,sex_f,age_aggregate_total,eco_sector_total,2013,355.411
svn,sex_f,age_aggregate_total,eco_sector_total,2014,350.671
svn,sex_f,age_aggregate_total,eco_sector_total,2015,360.593
svn,sex_f,age_aggregate_total,eco_sector_total,2016,378.687
svn,sex_f,age_aggregate_total,eco_sector_total,2017,391.469
svn,sex_f,age_aggregate_total,eco_sector_total,2018,396.688
svn,sex_f,age_aggregate_total,eco_sector_total,2019,406.636
svn,sex_f,age_aggregate_total,eco_sector_total,2020,403.206
svn,sex_f,age_aggregate_total,eco_sector_total,2021,399.149
svn,sex_f,age_aggregate_total,eco_sector_total,2022,405.623
svn,sex_f,age_aggregate_total,eco_sector_total,2023,405.198
svn,sex_f,age_aggregate_total,eco_sector_x,1996,0.591
svn,sex_f,age_aggregate_total,eco_sector_x,1997,0.607
svn,sex_f,age_aggregate_total,eco_sector_x,1998,1.314
svn,sex_f,age_aggregate_total,eco_sector_x,1999,0.535
svn,sex_f,age_aggregate_total,eco_sector_x,2000,1.386
svn,sex_f,age_aggregate_total,eco_sector_x,2001,3.083
svn,sex_f,age_aggregate_total,eco_sector_x,2002,2.631
svn,sex_f,age_aggregate_total,eco_sector_x,2003,2.204
svn,sex_f,age_aggregate_total,eco_sector_x,2004,3.849
svn,sex_f,age_aggregate_total,eco_sector_x,2005,1.465
svn,sex_f,age_aggregate_total,eco_sector_x,2006,2.204
svn,sex_f,age_aggregate_total,eco_sector_x,2007,4.348
svn,sex_f,age_aggregate_total,eco_sector_x,2008,2.079
svn,sex_f,age_aggregate_total,eco_sector_x,2009,2.051
svn,sex_f,age_aggregate_total,eco_sector_x,2010,1.352
svn,sex_f,age_aggregate_total,eco_sector_x,2011,2.316
svn,sex_f,age_aggregate_total,eco_sector_x,2012,2.481
svn,sex_f,age_aggregate_total,eco_sector_x,2013,1.632
svn,sex_f,age_aggregate_total,eco_sector_x,2014,2.527
svn,sex_f,age_aggregate_total,eco_sector_x,2015,4.07
svn,sex_f,age_aggregate_total,eco_sector_x,2016,2.091
svn,sex_f,age_aggregate_total,eco_sector_x,2017,2.379
svn,sex_f,age_aggregate_total,eco_sector_x,2018,2.752
svn,sex_f,age_aggregate_total,eco_sector_x,2019,1.914
svn,sex_f,age_aggregate_total,eco_sector_x,2020,1.556
svn,sex_f,age_aggregate_total,eco_sector_x,2021,1.752
svn,sex_f,age_aggregate_total,eco_sector_x,2022,1.392
svn,sex_f,age_aggregate_total,eco_sector_x,2023,1.76
svn,sex_f,age_aggregate_y15_24,eco_aggregate_agr,1996,0.573
svn,sex_f,age_aggregate_y15_24,eco_aggregate_agr,1997,0.5
svn,sex_f,age_aggregate_y15_24,eco_aggregate_agr,1998,0.81
svn,sex_f,age_aggregate_y15_24,eco_aggregate_agr,2005,0.206
svn,sex_f,age_aggregate_y15_24,eco_aggregate_agr,2006,0.103
svn,sex_f,age_aggregate_y15_24,eco_aggregate_agr,2007,0.269
svn,sex_f,age_aggregate_y15_24,eco_aggregate_agr,2008,0.22
svn,sex_f,age_aggregate_y15_24,eco_aggregate_agr,2009,0.312
svn,sex_f,age_aggregate_y15_24,eco_aggregate_agr,2010,0.148
svn,sex_f,age_aggregate_y15_24,eco_aggregate_agr,2011,0.203
svn,sex_f,age_aggregate_y15_24,eco_aggregate_agr,2015,0.248
svn,sex_f,age_aggregate_y15_24,eco_aggregate_agr,2018,0.159
svn,sex_f,age_aggregate_y15_24,eco_aggregate_agr,2019,0.273
svn,sex_f,age_aggregate_y15_24,eco_aggregate_agr,2020,0.191
svn,sex_f,age_aggregate_y15_24,eco_aggregate_agr,2021,0.139
svn,sex_f,age_aggregate_y15_24,eco_aggregate_con,1998,0.524
svn,sex_f,age_aggregate_y15_24,eco_aggregate_con,1999,0.523
svn,sex_f,age_aggregate_y15_24,eco_aggregate_con,2002,0.375
svn,sex_f,age_aggregate_y15_24,eco_aggregate_con,2006,0.329
svn,sex_f,age_aggregate_y15_24,eco_aggregate_con,2007,0.63
svn,sex_f,age_aggregate_y15_24,eco_aggregate_con,2008,0.454
svn,sex_f,age_aggregate_y15_24,eco_aggregate_con,2009,0.4
svn,sex_f,age_aggregate_y15_24,eco_aggregate_con,2010,0.103
svn,sex_f,age_aggregate_y15_24,eco_aggregate_con,2011,0.143
svn,sex_f,age_aggregate_y15_24,eco_aggregate_con,2012,0.509
svn,sex_f,age_aggregate_y15_24,eco_aggregate_con,2013,0.439
svn,sex_f,age_aggregate_y15_24,eco_aggregate_con,2015,0.142
svn,sex_f,age_aggregate_y15_24,eco_aggregate_con,2016,0.562
svn,sex_f,age_aggregate_y15_24,eco_aggregate_con,2018,0.164
svn,sex_f,age_aggregate_y15_24,eco_aggregate_con,2019,0.498
svn,sex_f,age_aggregate_y15_24,eco_aggregate_con,2020,0.18
svn,sex_f,age_aggregate_y15_24,eco_aggregate_con,2021,0.182
svn,sex_f,age_aggregate_y15_24,eco_aggregate_con,2022,0.264
svn,sex_f,age_aggregate_y15_24,eco_aggregate_con,2023,0.382
svn,sex_f,age_aggregate_y15_24,eco_aggregate_man,1996,14.13
svn,sex_f,age_aggregate_y15_24,eco_aggregate_man,1997,9.871
svn,sex_f,age_aggregate_y15_24,eco_aggregate_man,1998,12.578
svn,sex_f,age_aggregate_y15_24,eco_aggregate_man,1999,12.869
svn,sex_f,age_aggregate_y15_24,eco_aggregate_man,2000,8.275
svn,sex_f,age_aggregate_y15_24,eco_aggregate_man,2001,10.107
svn,sex_f,age_aggregate_y15_24,eco_aggregate_man,2002,8.684
svn,sex_f,age_aggregate_y15_24,eco_aggregate_man,2003,5.611
svn,sex_f,age_aggregate_y15_24,eco_aggregate_man,2004,6.507
svn,sex_f,age_aggregate_y15_24,eco_aggregate_man,2005,7.278
svn,sex_f,age_aggregate_y15_24,eco_aggregate_man,2006,6.436
svn,sex_f,age_aggregate_y15_24,eco_aggregate_man,2007,7.333
svn,sex_f,age_aggregate_y15_24,eco_aggregate_man,2008,5.317
svn,sex_f,age_aggregate_y15_24,eco_aggregate_man,2009,3.215
svn,sex_f,age_aggregate_y15_24,eco_aggregate_man,2010,3.184
svn,sex_f,age_aggregate_y15_24,eco_aggregate_man,2011,2.836
svn,sex_f,age_aggregate_y15_24,eco_aggregate_man,2012,3.391
svn,sex_f,age_aggregate_y15_24,eco_aggregate_man,2013,2.372
svn,sex_f,age_aggregate_y15_24,eco_aggregate_man,2014,2.438
svn,sex_f,age_aggregate_y15_24,eco_aggregate_man,2015,3.562
svn,sex_f,age_aggregate_y15_24,eco_aggregate_man,2016,3.261
svn,sex_f,age_aggregate_y15_24,eco_aggregate_man,2017,3.59
svn,sex_f,age_aggregate_y15_24,eco_aggregate_man,2018,3.924
svn,sex_f,age_aggregate_y15_24,eco_aggregate_man,2019,3.447
svn,sex_f,age_aggregate_y15_24,eco_aggregate_man,2020,2.438
svn,sex_f,age_aggregate_y15_24,eco_aggregate_man,2021,3.319
svn,sex_f,age_aggregate_y15_24,eco_aggregate_man,2022,2.563
svn,sex_f,age_aggregate_y15_24,eco_aggregate_man,2023,3.172
svn,sex_f,age_aggregate_y15_24,eco_aggregate_mel,2006,0.125
svn,sex_f,age_aggregate_y15_24,eco_aggregate_mel,2007,0
svn,sex_f,age_aggregate_y15_24,eco_aggregate_mel,2008,0.222
svn,sex_f,age_aggregate_y15_24,eco_aggregate_mel,2009,0.204
svn,sex_f,age_aggregate_y15_24,eco_aggregate_mel,2010,0.279
svn,sex_f,age_aggregate_y15_24,eco_aggregate_mel,2011,0.334
svn,sex_f,age_aggregate_y15_24,eco_aggregate_mel,2017,0.278
svn,sex_f,age_aggregate_y15_24,eco_aggregate_mel,2023,0.184
svn,sex_f,age_aggregate_y15_24,eco_aggregate_mkt,1996,20.677
svn,sex_f,age_aggregate_y15_24,eco_aggregate_mkt,1997,22.67
svn,sex_f,age_aggregate_y15_24,eco_aggregate_mkt,1998,18.509
svn,sex_f,age_aggregate_y15_24,eco_aggregate_mkt,1999,17.337
svn,sex_f,age_aggregate_y15_24,eco_aggregate_mkt,2000,17.002
svn,sex_f,age_aggregate_y15_24,eco_aggregate_mkt,2001,14.322
svn,sex_f,age_aggregate_y15_24,eco_aggregate_mkt,2002,18.31
svn,sex_f,age_aggregate_y15_24,eco_aggregate_mkt,2003,15.197
svn,sex_f,age_aggregate_y15_24,eco_aggregate_mkt,2004,18.714
svn,sex_f,age_aggregate_y15_24,eco_aggregate_mkt,2005,16.946
svn,sex_f,age_aggregate_y15_24,eco_aggregate_mkt,2006,17.03
svn,sex_f,age_aggregate_y15_24,eco_aggregate_mkt,2007,17.804
svn,sex_f,age_aggregate_y15_24,eco_aggregate_mkt,2008,20.254
svn,sex_f,age_aggregate_y15_24,eco_aggregate_mkt,2009,18.188
svn,sex_f,age_aggregate_y15_24,eco_aggregate_mkt,2010,16.279
svn,sex_f,age_aggregate_y15_24,eco_aggregate_mkt,2011,13.71
svn,sex_f,age_aggregate_y15_24,eco_aggregate_mkt,2012,10.977
svn,sex_f,age_aggregate_y15_24,eco_aggregate_mkt,2013,10.03
svn,sex_f,age_aggregate_y15_24,eco_aggregate_mkt,2014,11.736
svn,sex_f,age_aggregate_y15_24,eco_aggregate_mkt,2015,12.353
svn,sex_f,age_aggregate_y15_24,eco_aggregate_mkt,2016,13.21
svn,sex_f,age_aggregate_y15_24,eco_aggregate_mkt,2017,13.576
svn,sex_f,age_aggregate_y15_24,eco_aggregate_mkt,2018,14.625
svn,sex_f,age_aggregate_y15_24,eco_aggregate_mkt,2019,15.547
svn,sex_f,age_aggregate_y15_24,eco_aggregate_mkt,2020,11.646
svn,sex_f,age_aggregate_y15_24,eco_aggregate_mkt,2021,11.372
svn,sex_f,age_aggregate_y15_24,eco_aggregate_mkt,2022,13.243
svn,sex_f,age_aggregate_y15_24,eco_aggregate_mkt,2023,14.364
svn,sex_f,age_aggregate_y15_24,eco_aggregate_pub,1996,13.838
svn,sex_f,age_aggregate_y15_24,eco_aggregate_pub,1997,13.199
svn,sex_f,age_aggregate_y15_24,eco_aggregate_pub,1998,11.177
svn,sex_f,age_aggregate_y15_24,eco_aggregate_pub,1999,10.748
svn,sex_f,age_aggregate_y15_24,eco_aggregate_pub,2000,8.031
svn,sex_f,age_aggregate_y15_24,eco_aggregate_pub,2001,8.356
svn,sex_f,age_aggregate_y15_24,eco_aggregate_pub,2002,7.046
svn,sex_f,age_aggregate_y15_24,eco_aggregate_pub,2003,8.511
svn,sex_f,age_aggregate_y15_24,eco_aggregate_pub,2004,8.631
svn,sex_f,age_aggregate_y15_24,eco_aggregate_pub,2005,9.028
svn,sex_f,age_aggregate_y15_24,eco_aggregate_pub,2006,9.118
svn,sex_f,age_aggregate_y15_24,eco_aggregate_pub,2007,7.704
svn,sex_f,age_aggregate_y15_24,eco_aggregate_pub,2008,9.412
svn,sex_f,age_aggregate_y15_24,eco_aggregate_pub,2009,8.723
svn,sex_f,age_aggregate_y15_24,eco_aggregate_pub,2010,8.413
svn,sex_f,age_aggregate_y15_24,eco_aggregate_pub,2011,8.242
svn,sex_f,age_aggregate_y15_24,eco_aggregate_pub,2012,6.175
svn,sex_f,age_aggregate_y15_24,eco_aggregate_pub,2013,5.722
svn,sex_f,age_aggregate_y15_24,eco_aggregate_pub,2014,4.838
svn,sex_f,age_aggregate_y15_24,eco_aggregate_pub,2015,5.659
svn,sex_f,age_aggregate_y15_24,eco_aggregate_pub,2016,6.725
svn,sex_f,age_aggregate_y15_24,eco_aggregate_pub,2017,7.307
svn,sex_f,age_aggregate_y15_24,eco_aggregate_pub,2018,7.291
svn,sex_f,age_aggregate_y15_24,eco_aggregate_pub,2019,6.246
svn,sex_f,age_aggregate_y15_24,eco_aggregate_pub,2020,6.31
svn,sex_f,age_aggregate_y15_24,eco_aggregate_pub,2021,9.261
svn,sex_f,age_aggregate_y15_24,eco_aggregate_pub,2022,9.85
svn,sex_f,age_aggregate_y15_24,eco_aggregate_pub,2023,7.779
svn,sex_f,age_aggregate_y15_24,eco_aggregate_total,1996,50.024
svn,sex_f,age_aggregate_y15_24,eco_aggregate_total,1997,46.816
svn,sex_f,age_aggregate_y15_24,eco_aggregate_total,1998,43.746
svn,sex_f,age_aggregate_y15_24,eco_aggregate_total,1999,42.088
svn,sex_f,age_aggregate_y15_24,eco_aggregate_total,2000,34.221
svn,sex_f,age_aggregate_y15_24,eco_aggregate_total,2001,34.04
svn,sex_f,age_aggregate_y15_24,eco_aggregate_total,2002,34.86
svn,sex_f,age_aggregate_y15_24,eco_aggregate_total,2003,30.317
svn,sex_f,age_aggregate_y15_24,eco_aggregate_total,2004,35.762
svn,sex_f,age_aggregate_y15_24,eco_aggregate_total,2005,34.027
svn,sex_f,age_aggregate_y15_24,eco_aggregate_total,2006,33.801
svn,sex_f,age_aggregate_y15_24,eco_aggregate_total,2007,34.631
svn,sex_f,age_aggregate_y15_24,eco_aggregate_total,2008,36.441
svn,sex_f,age_aggregate_y15_24,eco_aggregate_total,2009,31.699
svn,sex_f,age_aggregate_y15_24,eco_aggregate_total,2010,28.896
svn,sex_f,age_aggregate_y15_24,eco_aggregate_total,2011,25.787
svn,sex_f,age_aggregate_y15_24,eco_aggregate_total,2012,21.736
svn,sex_f,age_aggregate_y15_24,eco_aggregate_total,2013,18.908
svn,sex_f,age_aggregate_y15_24,eco_aggregate_total,2014,19.52
svn,sex_f,age_aggregate_y15_24,eco_aggregate_total,2015,22.766
svn,sex_f,age_aggregate_y15_24,eco_aggregate_total,2016,24.114
svn,sex_f,age_aggregate_y15_24,eco_aggregate_total,2017,25.252
svn,sex_f,age_aggregate_y15_24,eco_aggregate_total,2018,26.919
svn,sex_f,age_aggregate_y15_24,eco_aggregate_total,2019,26.361
svn,sex_f,age_aggregate_y15_24,eco_aggregate_total,2020,21.085
svn,sex_f,age_aggregate_y15_24,eco_aggregate_total,2021,24.648
svn,sex_f,age_aggregate_y15_24,eco_aggregate_total,2022,26.335
svn,sex_f,age_aggregate_y15_24,eco_aggregate_total,2023,26.341
svn,sex_f,age_aggregate_y15_24,eco_aggregate_x,2001,0.809
svn,sex_f,age_aggregate_y15_24,eco_aggregate_x,2002,0.446
svn,sex_f,age_aggregate_y15_24,eco_aggregate_x,2003,0.517
svn,sex_f,age_aggregate_y15_24,eco_aggregate_x,2004,1.433
svn,sex_f,age_aggregate_y15_24,eco_aggregate_x,2005,0.385
svn,sex_f,age_aggregate_y15_24,eco_aggregate_x,2006,0.66
svn,sex_f,age_aggregate_y15_24,eco_aggregate_x,2007,0.891
svn,sex_f,age_aggregate_y15_24,eco_aggregate_x,2008,0.562
svn,sex_f,age_aggregate_y15_24,eco_aggregate_x,2009,0.656
svn,sex_f,age_aggregate_y15_24,eco_aggregate_x,2010,0.49
svn,sex_f,age_aggregate_y15_24,eco_aggregate_x,2011,0.319
svn,sex_f,age_aggregate_y15_24,eco_aggregate_x,2012,0.312
svn,sex_f,age_aggregate_y15_24,eco_aggregate_x,2013,0.192
svn,sex_f,age_aggregate_y15_24,eco_aggregate_x,2014,0.411
svn,sex_f,age_aggregate_y15_24,eco_aggregate_x,2015,0.706
svn,sex_f,age_aggregate_y15_24,eco_aggregate_x,2016,0.243
svn,sex_f,age_aggregate_y15_24,eco_aggregate_x,2017,0.363
svn,sex_f,age_aggregate_y15_24,eco_aggregate_x,2018,0.718
svn,sex_f,age_aggregate_y15_24,eco_aggregate_x,2019,0.31
svn,sex_f,age_aggregate_y15_24,eco_aggregate_x,2020,0.238
svn,sex_f,age_aggregate_y15_24,eco_aggregate_x,2021,0.307
svn,sex_f,age_aggregate_y15_24,eco_aggregate_x,2022,0.242
svn,sex_f,age_aggregate_y15_24,eco_aggregate_x,2023,0.297
svn,sex_f,age_aggregate_y15_24,eco_isic3_a,1996,0.573
svn,sex_f,age_aggregate_y15_24,eco_isic3_a,1997,0.5
svn,sex_f,age_aggregate_y15_24,eco_isic3_a,1998,0.81
svn,sex_f,age_aggregate_y15_24,eco_isic3_a,2005,0.206
svn,sex_f,age_aggregate_y15_24,eco_isic3_a,2006,0.103
svn,sex_f,age_aggregate_y15_24,eco_isic3_a,2007,0.269
svn,sex_f,age_aggregate_y15_24,eco_isic3_c,2006,0
svn,sex_f,age_aggregate_y15_24,eco_isic3_d,1996,14.13
svn,sex_f,age_aggregate_y15_24,eco_isic3_d,1997,9.871
svn,sex_f,age_aggregate_y15_24,eco_isic3_d,1998,12.578
svn,sex_f,age_aggregate_y15_24,eco_isic3_d,1999,12.869
svn,sex_f,age_aggregate_y15_24,eco_isic3_d,2000,8.275
svn,sex_f,age_aggregate_y15_24,eco_isic3_d,2001,10.107
svn,sex_f,age_aggregate_y15_24,eco_isic3_d,2002,8.684
svn,sex_f,age_aggregate_y15_24,eco_isic3_d,2003,5.611
svn,sex_f,age_aggregate_y15_24,eco_isic3_d,2004,6.507
svn,sex_f,age_aggregate_y15_24,eco_isic3_d,2005,7.278
svn,sex_f,age_aggregate_y15_24,eco_isic3_d,2006,6.436
svn,sex_f,age_aggregate_y15_24,eco_isic3_d,2007,7.333
svn,sex_f,age_aggregate_y15_24,eco_isic3_e,2006,0.125
svn,sex_f,age_aggregate_y15_24,eco_isic3_f,1998,0.524
svn,sex_f,age_aggregate_y15_24,eco_isic3_f,1999,0.523
svn,sex_f,age_aggregate_y15_24,eco_isic3_f,2002,0.375
svn,sex_f,age_aggregate_y15_24,eco_isic3_f,2006,0.329
svn,sex_f,age_aggregate_y15_24,eco_isic3_f,2007,0.63
svn,sex_f,age_aggregate_y15_24,eco_isic3_g,1996,9.326
svn,sex_f,age_aggregate_y15_24,eco_isic3_g,1997,10.273
svn,sex_f,age_aggregate_y15_24,eco_isic3_g,1998,8.61
svn,sex_f,age_aggregate_y15_24,eco_isic3_g,1999,7.771
svn,sex_f,age_aggregate_y15_24,eco_isic3_g,2000,8.982
svn,sex_f,age_aggregate_y15_24,eco_isic3_g,2001,5.836
svn,sex_f,age_aggregate_y15_24,eco_isic3_g,2002,8.007
svn,sex_f,age_aggregate_y15_24,eco_isic3_g,2003,7.439
svn,sex_f,age_aggregate_y15_24,eco_isic3_g,2004,8.27
svn,sex_f,age_aggregate_y15_24,eco_isic3_g,2005,6.889
svn,sex_f,age_aggregate_y15_24,eco_isic3_g,2006,6.724
svn,sex_f,age_aggregate_y15_24,eco_isic3_g,2007,7.008
svn,sex_f,age_aggregate_y15_24,eco_isic3_h,1996,6.588
svn,sex_f,age_aggregate_y15_24,eco_isic3_h,1997,6.395
svn,sex_f,age_aggregate_y15_24,eco_isic3_h,1998,5.251
svn,sex_f,age_aggregate_y15_24,eco_isic3_h,1999,5.241
svn,sex_f,age_aggregate_y15_24,eco_isic3_h,2000,4.581
svn,sex_f,age_aggregate_y15_24,eco_isic3_h,2001,4.921
svn,sex_f,age_aggregate_y15_24,eco_isic3_h,2002,4.815
svn,sex_f,age_aggregate_y15_24,eco_isic3_h,2003,4.401
svn,sex_f,age_aggregate_y15_24,eco_isic3_h,2004,5.604
svn,sex_f,age_aggregate_y15_24,eco_isic3_h,2005,5.417
svn,sex_f,age_aggregate_y15_24,eco_isic3_h,2006,5.551
svn,sex_f,age_aggregate_y15_24,eco_isic3_h,2007,5.497
svn,sex_f,age_aggregate_y15_24,eco_isic3_i,1996,1.284
svn,sex_f,age_aggregate_y15_24,eco_isic3_i,1997,1.164
svn,sex_f,age_aggregate_y15_24,eco_isic3_i,1998,1.526
svn,sex_f,age_aggregate_y15_24,eco_isic3_i,1999,0.559
svn,sex_f,age_aggregate_y15_24,eco_isic3_i,2000,1.291
svn,sex_f,age_aggregate_y15_24,eco_isic3_i,2001,1.353
svn,sex_f,age_aggregate_y15_24,eco_isic3_i,2002,1.121
svn,sex_f,age_aggregate_y15_24,eco_isic3_i,2003,0.478
svn,sex_f,age_aggregate_y15_24,eco_isic3_i,2004,0.866
svn,sex_f,age_aggregate_y15_24,eco_isic3_i,2005,1.506
svn,sex_f,age_aggregate_y15_24,eco_isic3_i,2006,1.754
svn,sex_f,age_aggregate_y15_24,eco_isic3_i,2007,1.463
svn,sex_f,age_aggregate_y15_24,eco_isic3_j,1996,1.738
svn,sex_f,age_aggregate_y15_24,eco_isic3_j,1997,1.805
svn,sex_f,age_aggregate_y15_24,eco_isic3_j,1998,1.168
svn,sex_f,age_aggregate_y15_24,eco_isic3_j,1999,1.118
svn,sex_f,age_aggregate_y15_24,eco_isic3_j,2000,0.812
svn,sex_f,age_aggregate_y15_24,eco_isic3_j,2001,0.916
svn,sex_f,age_aggregate_y15_24,eco_isic3_j,2002,1.493
svn,sex_f,age_aggregate_y15_24,eco_isic3_j,2003,0.645
svn,sex_f,age_aggregate_y15_24,eco_isic3_j,2004,1.398
svn,sex_f,age_aggregate_y15_24,eco_isic3_j,2005,1.068
svn,sex_f,age_aggregate_y15_24,eco_isic3_j,2006,0.925
svn,sex_f,age_aggregate_y15_24,eco_isic3_j,2007,0.763
svn,sex_f,age_aggregate_y15_24,eco_isic3_k,1996,1.741
svn,sex_f,age_aggregate_y15_24,eco_isic3_k,1997,3.033
svn,sex_f,age_aggregate_y15_24,eco_isic3_k,1998,1.955
svn,sex_f,age_aggregate_y15_24,eco_isic3_k,1999,2.648
svn,sex_f,age_aggregate_y15_24,eco_isic3_k,2000,1.335
svn,sex_f,age_aggregate_y15_24,eco_isic3_k,2001,1.296
svn,sex_f,age_aggregate_y15_24,eco_isic3_k,2002,2.875
svn,sex_f,age_aggregate_y15_24,eco_isic3_k,2003,2.233
svn,sex_f,age_aggregate_y15_24,eco_isic3_k,2004,2.577
svn,sex_f,age_aggregate_y15_24,eco_isic3_k,2005,2.066
svn,sex_f,age_aggregate_y15_24,eco_isic3_k,2006,2.076
svn,sex_f,age_aggregate_y15_24,eco_isic3_k,2007,3.072
svn,sex_f,age_aggregate_y15_24,eco_isic3_l,1996,2.268
svn,sex_f,age_aggregate_y15_24,eco_isic3_l,1997,2.332
svn,sex_f,age_aggregate_y15_24,eco_isic3_l,1998,2.402
svn,sex_f,age_aggregate_y15_24,eco_isic3_l,1999,2.417
svn,sex_f,age_aggregate_y15_24,eco_isic3_l,2000,2.51
svn,sex_f,age_aggregate_y15_24,eco_isic3_l,2001,1.512
svn,sex_f,age_aggregate_y15_24,eco_isic3_l,2002,1.749
svn,sex_f,age_aggregate_y15_24,eco_isic3_l,2003,1.266
svn,sex_f,age_aggregate_y15_24,eco_isic3_l,2004,1.613
svn,sex_f,age_aggregate_y15_24,eco_isic3_l,2005,1.315
svn,sex_f,age_aggregate_y15_24,eco_isic3_l,2006,1.142
svn,sex_f,age_aggregate_y15_24,eco_isic3_l,2007,1.001
svn,sex_f,age_aggregate_y15_24,eco_isic3_m,1996,3.036
svn,sex_f,age_aggregate_y15_24,eco_isic3_m,1997,2.948
svn,sex_f,age_aggregate_y15_24,eco_isic3_m,1998,3.369
svn,sex_f,age_aggregate_y15_24,eco_isic3_m,1999,2.76
svn,sex_f,age_aggregate_y15_24,eco_isic3_m,2000,0.929
svn,sex_f,age_aggregate_y15_24,eco_isic3_m,2001,1.752
svn,sex_f,age_aggregate_y15_24,eco_isic3_m,2002,0.657
svn,sex_f,age_aggregate_y15_24,eco_isic3_m,2003,2.44
svn,sex_f,age_aggregate_y15_24,eco_isic3_m,2004,2.205
svn,sex_f,age_aggregate_y15_24,eco_isic3_m,2005,1.949
svn,sex_f,age_aggregate_y15_24,eco_isic3_m,2006,1.676
svn,sex_f,age_aggregate_y15_24,eco_isic3_m,2007,1.736
svn,sex_f,age_aggregate_y15_24,eco_isic3_n,1996,4.336
svn,sex_f,age_aggregate_y15_24,eco_isic3_n,1997,4.75
svn,sex_f,age_aggregate_y15_24,eco_isic3_n,1998,3.3
svn,sex_f,age_aggregate_y15_24,eco_isic3_n,1999,2.92
svn,sex_f,age_aggregate_y15_24,eco_isic3_n,2000,2.11
svn,sex_f,age_aggregate_y15_24,eco_isic3_n,2001,1.947
svn,sex_f,age_aggregate_y15_24,eco_isic3_n,2002,1.638
svn,sex_f,age_aggregate_y15_24,eco_isic3_n,2003,2.222
svn,sex_f,age_aggregate_y15_24,eco_isic3_n,2004,1.971
svn,sex_f,age_aggregate_y15_24,eco_isic3_n,2005,2.649
svn,sex_f,age_aggregate_y15_24,eco_isic3_n,2006,2.587
svn,sex_f,age_aggregate_y15_24,eco_isic3_n,2007,1.982
svn,sex_f,age_aggregate_y15_24,eco_isic3_o,1996,3.666
svn,sex_f,age_aggregate_y15_24,eco_isic3_o,1997,2.902
svn,sex_f,age_aggregate_y15_24,eco_isic3_o,1998,1.999
svn,sex_f,age_aggregate_y15_24,eco_isic3_o,1999,2.65
svn,sex_f,age_aggregate_y15_24,eco_isic3_o,2000,2.425
svn,sex_f,age_aggregate_y15_24,eco_isic3_o,2001,2.985
svn,sex_f,age_aggregate_y15_24,eco_isic3_o,2002,3.002
svn,sex_f,age_aggregate_y15_24,eco_isic3_o,2003,2.582
svn,sex_f,age_aggregate_y15_24,eco_isic3_o,2004,2.746
svn,sex_f,age_aggregate_y15_24,eco_isic3_o,2005,3.063
svn,sex_f,age_aggregate_y15_24,eco_isic3_o,2006,3.684
svn,sex_f,age_aggregate_y15_24,eco_isic3_o,2007,2.985
svn,sex_f,age_aggregate_y15_24,eco_isic3_p,1996,0.532
svn,sex_f,age_aggregate_y15_24,eco_isic3_total,1996,50.024
svn,sex_f,age_aggregate_y15_24,eco_isic3_total,1997,46.816
svn,sex_f,age_aggregate_y15_24,eco_isic3_total,1998,43.746
svn,sex_f,age_aggregate_y15_24,eco_isic3_total,1999,42.088
svn,sex_f,age_aggregate_y15_24,eco_isic3_total,2000,34.221
svn,sex_f,age_aggregate_y15_24,eco_isic3_total,2001,34.04
svn,sex_f,age_aggregate_y15_24,eco_isic3_total,2002,34.86
svn,sex_f,age_aggregate_y15_24,eco_isic3_total,2003,30.317
svn,sex_f,age_aggregate_y15_24,eco_isic3_total,2004,35.762
svn,sex_f,age_aggregate_y15_24,eco_isic3_total,2005,34.027
svn,sex_f,age_aggregate_y15_24,eco_isic3_total,2006,33.801
svn,sex_f,age_aggregate_y15_24,eco_isic3_total,2007,34.631
svn,sex_f,age_aggregate_y15_24,eco_isic3_x,2001,0.809
svn,sex_f,age_aggregate_y15_24,eco_isic3_x,2002,0.446
svn,sex_f,age_aggregate_y15_24,eco_isic3_x,2003,0.517
svn,sex_f,age_aggregate_y15_24,eco_isic3_x,2004,1.433
svn,sex_f,age_aggregate_y15_24,eco_isic3_x,2005,0.385
svn,sex_f,age_aggregate_y15_24,eco_isic3_x,2006,0.66
svn,sex_f,age_aggregate_y15_24,eco_isic3_x,2007,0.891
svn,sex_f,age_aggregate_y15_24,eco_isic4_a,2008,0.22
svn,sex_f,age_aggregate_y15_24,eco_isic4_a,2009,0.312
svn,sex_f,age_aggregate_y15_24,eco_isic4_a,2010,0.148
svn,sex_f,age_aggregate_y15_24,eco_isic4_a,2011,0.203
svn,sex_f,age_aggregate_y15_24,eco_isic4_a,2015,0.248
svn,sex_f,age_aggregate_y15_24,eco_isic4_a,2018,0.159
svn,sex_f,age_aggregate_y15_24,eco_isic4_a,2019,0.273
svn,sex_f,age_aggregate_y15_24,eco_isic4_a,2020,0.191
svn,sex_f,age_aggregate_y15_24,eco_isic4_a,2021,0.139
svn,sex_f,age_aggregate_y15_24,eco_isic4_b,2023,0.155
svn,sex_f,age_aggregate_y15_24,eco_isic4_c,2008,5.317
svn,sex_f,age_aggregate_y15_24,eco_isic4_c,2009,3.215
svn,sex_f,age_aggregate_y15_24,eco_isic4_c,2010,3.184
svn,sex_f,age_aggregate_y15_24,eco_isic4_c,2011,2.836
svn,sex_f,age_aggregate_y15_24,eco_isic4_c,2012,3.391
svn,sex_f,age_aggregate_y15_24,eco_isic4_c,2013,2.372
svn,sex_f,age_aggregate_y15_24,eco_isic4_c,2014,2.438
svn,sex_f,age_aggregate_y15_24,eco_isic4_c,2015,3.562
svn,sex_f,age_aggregate_y15_24,eco_isic4_c,2016,3.261
svn,sex_f,age_aggregate_y15_24,eco_isic4_c,2017,3.59
svn,sex_f,age_aggregate_y15_24,eco_isic4_c,2018,3.924
svn,sex_f,age_aggregate_y15_24,eco_isic4_c,2019,3.447
svn,sex_f,age_aggregate_y15_24,eco_isic4_c,2020,2.438
svn,sex_f,age_aggregate_y15_24,eco_isic4_c,2021,3.319
svn,sex_f,age_aggregate_y15_24,eco_isic4_c,2022,2.563
svn,sex_f,age_aggregate_y15_24,eco_isic4_c,2023,3.172
svn,sex_f,age_aggregate_y15_24,eco_isic4_d,2009,0.097
svn,sex_f,age_aggregate_y15_24,eco_isic4_d,2011,0.118
svn,sex_f,age_aggregate_y15_24,eco_isic4_e,2010,0.13
svn,sex_f,age_aggregate_y15_24,eco_isic4_e,2011,0.216
svn,sex_f,age_aggregate_y15_24,eco_isic4_f,2008,0.454
svn,sex_f,age_aggregate_y15_24,eco_isic4_f,2009,0.4
svn,sex_f,age_aggregate_y15_24,eco_isic4_f,2010,0.103
svn,sex_f,age_aggregate_y15_24,eco_isic4_f,2011,0.143
svn,sex_f,age_aggregate_y15_24,eco_isic4_f,2012,0.509
svn,sex_f,age_aggregate_y15_24,eco_isic4_f,2013,0.439
svn,sex_f,age_aggregate_y15_24,eco_isic4_f,2015,0.142
svn,sex_f,age_aggregate_y15_24,eco_isic4_f,2016,0.562
svn,sex_f,age_aggregate_y15_24,eco_isic4_f,2018,0.164
svn,sex_f,age_aggregate_y15_24,eco_isic4_f,2019,0.498
svn,sex_f,age_aggregate_y15_24,eco_isic4_f,2020,0.18
svn,sex_f,age_aggregate_y15_24,eco_isic4_f,2021,0.182
svn,sex_f,age_aggregate_y15_24,eco_isic4_f,2022,0.264
svn,sex_f,age_aggregate_y15_24,eco_isic4_f,2023,0.382
svn,sex_f,age_aggregate_y15_24,eco_isic4_g,2008,7.955
svn,sex_f,age_aggregate_y15_24,eco_isic4_g,2009,7.683
svn,sex_f,age_aggregate_y15_24,eco_isic4_g,2010,6.068
svn,sex_f,age_aggregate_y15_24,eco_isic4_g,2011,5.804
svn,sex_f,age_aggregate_y15_24,eco_isic4_g,2012,4.596
svn,sex_f,age_aggregate_y15_24,eco_isic4_g,2013,4.064
svn,sex_f,age_aggregate_y15_24,eco_isic4_g,2014,4.921
svn,sex_f,age_aggregate_y15_24,eco_isic4_g,2015,4.734
svn,sex_f,age_aggregate_y15_24,eco_isic4_g,2016,5.938
svn,sex_f,age_aggregate_y15_24,eco_isic4_g,2017,4.682
svn,sex_f,age_aggregate_y15_24,eco_isic4_g,2018,6.819
svn,sex_f,age_aggregate_y15_24,eco_isic4_g,2019,7.804
svn,sex_f,age_aggregate_y15_24,eco_isic4_g,2020,6.12
svn,sex_f,age_aggregate_y15_24,eco_isic4_g,2021,4.814
svn,sex_f,age_aggregate_y15_24,eco_isic4_g,2022,5.412
svn,sex_f,age_aggregate_y15_24,eco_isic4_g,2023,6.096
svn,sex_f,age_aggregate_y15_24,eco_isic4_h,2008,0.606
svn,sex_f,age_aggregate_y15_24,eco_isic4_h,2009,0.653
svn,sex_f,age_aggregate_y15_24,eco_isic4_h,2010,0.402
svn,sex_f,age_aggregate_y15_24,eco_isic4_h,2011,0.57
svn,sex_f,age_aggregate_y15_24,eco_isic4_h,2012,0.628
svn,sex_f,age_aggregate_y15_24,eco_isic4_h,2013,0.328
svn,sex_f,age_aggregate_y15_24,eco_isic4_h,2014,0.444
svn,sex_f,age_aggregate_y15_24,eco_isic4_h,2016,0.376
svn,sex_f,age_aggregate_y15_24,eco_isic4_h,2017,0.465
svn,sex_f,age_aggregate_y15_24,eco_isic4_h,2018,0.842
svn,sex_f,age_aggregate_y15_24,eco_isic4_h,2019,0.74
svn,sex_f,age_aggregate_y15_24,eco_isic4_h,2020,0.218
svn,sex_f,age_aggregate_y15_24,eco_isic4_h,2021,0.286
svn,sex_f,age_aggregate_y15_24,eco_isic4_h,2022,0.512
svn,sex_f,age_aggregate_y15_24,eco_isic4_h,2023,0.344
svn,sex_f,age_aggregate_y15_24,eco_isic4_i,2008,7.167
svn,sex_f,age_aggregate_y15_24,eco_isic4_i,2009,5.544
svn,sex_f,age_aggregate_y15_24,eco_isic4_i,2010,5.931
svn,sex_f,age_aggregate_y15_24,eco_isic4_i,2011,4.76
svn,sex_f,age_aggregate_y15_24,eco_isic4_i,2012,3.995
svn,sex_f,age_aggregate_y15_24,eco_isic4_i,2013,3.954
svn,sex_f,age_aggregate_y15_24,eco_isic4_i,2014,4.34
svn,sex_f,age_aggregate_y15_24,eco_isic4_i,2015,5.665
svn,sex_f,age_aggregate_y15_24,eco_isic4_i,2016,4.844
svn,sex_f,age_aggregate_y15_24,eco_isic4_i,2017,6.084
svn,sex_f,age_aggregate_y15_24,eco_isic4_i,2018,4.987
svn,sex_f,age_aggregate_y15_24,eco_isic4_i,2019,4.547
svn,sex_f,age_aggregate_y15_24,eco_isic4_i,2020,3.478
svn,sex_f,age_aggregate_y15_24,eco_isic4_i,2021,3.412
svn,sex_f,age_aggregate_y15_24,eco_isic4_i,2022,4.321
svn,sex_f,age_aggregate_y15_24,eco_isic4_i,2023,4.315
svn,sex_f,age_aggregate_y15_24,eco_isic4_j,2008,1.289
svn,sex_f,age_aggregate_y15_24,eco_isic4_j,2009,1.427
svn,sex_f,age_aggregate_y15_24,eco_isic4_j,2010,1.086
svn,sex_f,age_aggregate_y15_24,eco_isic4_j,2011,0.563
svn,sex_f,age_aggregate_y15_24,eco_isic4_j,2012,0.128
svn,sex_f,age_aggregate_y15_24,eco_isic4_j,2013,0.413
svn,sex_f,age_aggregate_y15_24,eco_isic4_j,2014,0.29
svn,sex_f,age_aggregate_y15_24,eco_isic4_j,2015,0.326
svn,sex_f,age_aggregate_y15_24,eco_isic4_j,2016,0.435
svn,sex_f,age_aggregate_y15_24,eco_isic4_j,2017,0.63
svn,sex_f,age_aggregate_y15_24,eco_isic4_j,2018,0.488
svn,sex_f,age_aggregate_y15_24,eco_isic4_j,2019,0.57
svn,sex_f,age_aggregate_y15_24,eco_isic4_j,2020,0.639
svn,sex_f,age_aggregate_y15_24,eco_isic4_j,2021,0.434
svn,sex_f,age_aggregate_y15_24,eco_isic4_j,2022,0.496
svn,sex_f,age_aggregate_y15_24,eco_isic4_j,2023,0.525
svn,sex_f,age_aggregate_y15_24,eco_isic4_k,2008,0.673
svn,sex_f,age_aggregate_y15_24,eco_isic4_k,2009,0.828
svn,sex_f,age_aggregate_y15_24,eco_isic4_k,2010,0.692
svn,sex_f,age_aggregate_y15_24,eco_isic4_k,2011,0.591
svn,sex_f,age_aggregate_y15_24,eco_isic4_k,2012,0.556
svn,sex_f,age_aggregate_y15_24,eco_isic4_k,2013,0.364
svn,sex_f,age_aggregate_y15_24,eco_isic4_k,2014,0.186
svn,sex_f,age_aggregate_y15_24,eco_isic4_k,2015,0.418
svn,sex_f,age_aggregate_y15_24,eco_isic4_k,2016,0.191
svn,sex_f,age_aggregate_y15_24,eco_isic4_k,2017,0.356
svn,sex_f,age_aggregate_y15_24,eco_isic4_k,2018,0.336
svn,sex_f,age_aggregate_y15_24,eco_isic4_k,2019,0.445
svn,sex_f,age_aggregate_y15_24,eco_isic4_k,2020,0.086
svn,sex_f,age_aggregate_y15_24,eco_isic4_k,2022,0.28
svn,sex_f,age_aggregate_y15_24,eco_isic4_k,2023,0.412
svn,sex_f,age_aggregate_y15_24,eco_isic4_l,2021,0.262
svn,sex_f,age_aggregate_y15_24,eco_isic4_l,2022,0.169
svn,sex_f,age_aggregate_y15_24,eco_isic4_l,2023,0.202
svn,sex_f,age_aggregate_y15_24,eco_isic4_m,2008,1.509
svn,sex_f,age_aggregate_y15_24,eco_isic4_m,2009,0.989
svn,sex_f,age_aggregate_y15_24,eco_isic4_m,2010,1.125
svn,sex_f,age_aggregate_y15_24,eco_isic4_m,2011,0.988
svn,sex_f,age_aggregate_y15_24,eco_isic4_m,2012,0.677
svn,sex_f,age_aggregate_y15_24,eco_isic4_m,2013,0.445
svn,sex_f,age_aggregate_y15_24,eco_isic4_m,2014,0.827
svn,sex_f,age_aggregate_y15_24,eco_isic4_m,2015,0.244
svn,sex_f,age_aggregate_y15_24,eco_isic4_m,2016,0.238
svn,sex_f,age_aggregate_y15_24,eco_isic4_m,2017,0.698
svn,sex_f,age_aggregate_y15_24,eco_isic4_m,2018,0.703
svn,sex_f,age_aggregate_y15_24,eco_isic4_m,2019,0.877
svn,sex_f,age_aggregate_y15_24,eco_isic4_m,2020,0.755
svn,sex_f,age_aggregate_y15_24,eco_isic4_m,2021,1.201
svn,sex_f,age_aggregate_y15_24,eco_isic4_m,2022,1.102
svn,sex_f,age_aggregate_y15_24,eco_isic4_m,2023,1.689
svn,sex_f,age_aggregate_y15_24,eco_isic4_n,2008,0.951
svn,sex_f,age_aggregate_y15_24,eco_isic4_n,2009,1.065
svn,sex_f,age_aggregate_y15_24,eco_isic4_n,2010,0.977
svn,sex_f,age_aggregate_y15_24,eco_isic4_n,2011,0.435
svn,sex_f,age_aggregate_y15_24,eco_isic4_n,2012,0.397
svn,sex_f,age_aggregate_y15_24,eco_isic4_n,2013,0.461
svn,sex_f,age_aggregate_y15_24,eco_isic4_n,2014,0.729
svn,sex_f,age_aggregate_y15_24,eco_isic4_n,2015,0.848
svn,sex_f,age_aggregate_y15_24,eco_isic4_n,2016,1.188
svn,sex_f,age_aggregate_y15_24,eco_isic4_n,2017,0.571
svn,sex_f,age_aggregate_y15_24,eco_isic4_n,2018,0.433
svn,sex_f,age_aggregate_y15_24,eco_isic4_n,2019,0.531
svn,sex_f,age_aggregate_y15_24,eco_isic4_n,2020,0.349
svn,sex_f,age_aggregate_y15_24,eco_isic4_n,2021,0.893
svn,sex_f,age_aggregate_y15_24,eco_isic4_n,2022,0.951
svn,sex_f,age_aggregate_y15_24,eco_isic4_n,2023,0.781
svn,sex_f,age_aggregate_y15_24,eco_isic4_o,2008,1.414
svn,sex_f,age_aggregate_y15_24,eco_isic4_o,2009,1.542
svn,sex_f,age_aggregate_y15_24,eco_isic4_o,2010,1.252
svn,sex_f,age_aggregate_y15_24,eco_isic4_o,2011,0.328
svn,sex_f,age_aggregate_y15_24,eco_isic4_o,2012,0.191
svn,sex_f,age_aggregate_y15_24,eco_isic4_o,2013,0.234
svn,sex_f,age_aggregate_y15_24,eco_isic4_o,2014,0.18
svn,sex_f,age_aggregate_y15_24,eco_isic4_o,2015,0.114
svn,sex_f,age_aggregate_y15_24,eco_isic4_o,2016,0.144
svn,sex_f,age_aggregate_y15_24,eco_isic4_o,2017,0.325
svn,sex_f,age_aggregate_y15_24,eco_isic4_o,2018,0.227
svn,sex_f,age_aggregate_y15_24,eco_isic4_o,2021,0.494
svn,sex_f,age_aggregate_y15_24,eco_isic4_o,2022,0.417
svn,sex_f,age_aggregate_y15_24,eco_isic4_o,2023,0.288
svn,sex_f,age_aggregate_y15_24,eco_isic4_p,2008,2.501
svn,sex_f,age_aggregate_y15_24,eco_isic4_p,2009,2.228
svn,sex_f,age_aggregate_y15_24,eco_isic4_p,2010,1.983
svn,sex_f,age_aggregate_y15_24,eco_isic4_p,2011,2.828
svn,sex_f,age_aggregate_y15_24,eco_isic4_p,2012,2.045
svn,sex_f,age_aggregate_y15_24,eco_isic4_p,2013,1.822
svn,sex_f,age_aggregate_y15_24,eco_isic4_p,2014,1.064
svn,sex_f,age_aggregate_y15_24,eco_isic4_p,2015,1.282
svn,sex_f,age_aggregate_y15_24,eco_isic4_p,2016,1.723
svn,sex_f,age_aggregate_y15_24,eco_isic4_p,2017,1.25
svn,sex_f,age_aggregate_y15_24,eco_isic4_p,2018,1.782
svn,sex_f,age_aggregate_y15_24,eco_isic4_p,2019,1.443
svn,sex_f,age_aggregate_y15_24,eco_isic4_p,2020,2.466
svn,sex_f,age_aggregate_y15_24,eco_isic4_p,2021,1.981
svn,sex_f,age_aggregate_y15_24,eco_isic4_p,2022,2.393
svn,sex_f,age_aggregate_y15_24,eco_isic4_p,2023,2.048
svn,sex_f,age_aggregate_y15_24,eco_isic4_q,2008,2.704
svn,sex_f,age_aggregate_y15_24,eco_isic4_q,2009,2.719
svn,sex_f,age_aggregate_y15_24,eco_isic4_q,2010,3.018
svn,sex_f,age_aggregate_y15_24,eco_isic4_q,2011,2.566
svn,sex_f,age_aggregate_y15_24,eco_isic4_q,2012,2.09
svn,sex_f,age_aggregate_y15_24,eco_isic4_q,2013,1.691
svn,sex_f,age_aggregate_y15_24,eco_isic4_q,2014,1.783
svn,sex_f,age_aggregate_y15_24,eco_isic4_q,2015,2.355
svn,sex_f,age_aggregate_y15_24,eco_isic4_q,2016,2.656
svn,sex_f,age_aggregate_y15_24,eco_isic4_q,2017,2.75
svn,sex_f,age_aggregate_y15_24,eco_isic4_q,2018,2.822
svn,sex_f,age_aggregate_y15_24,eco_isic4_q,2019,2.383
svn,sex_f,age_aggregate_y15_24,eco_isic4_q,2020,2.024
svn,sex_f,age_aggregate_y15_24,eco_isic4_q,2021,3.148
svn,sex_f,age_aggregate_y15_24,eco_isic4_q,2022,3.02
svn,sex_f,age_aggregate_y15_24,eco_isic4_q,2023,2.736
svn,sex_f,age_aggregate_y15_24,eco_isic4_r,2008,1.373
svn,sex_f,age_aggregate_y15_24,eco_isic4_r,2009,1.11
svn,sex_f,age_aggregate_y15_24,eco_isic4_r,2010,0.973
svn,sex_f,age_aggregate_y15_24,eco_isic4_r,2011,1.081
svn,sex_f,age_aggregate_y15_24,eco_isic4_r,2012,0.999
svn,sex_f,age_aggregate_y15_24,eco_isic4_r,2013,1.04
svn,sex_f,age_aggregate_y15_24,eco_isic4_r,2014,1.052
svn,sex_f,age_aggregate_y15_24,eco_isic4_r,2015,1.017
svn,sex_f,age_aggregate_y15_24,eco_isic4_r,2016,1.136
svn,sex_f,age_aggregate_y15_24,eco_isic4_r,2017,1.945
svn,sex_f,age_aggregate_y15_24,eco_isic4_r,2018,1.732
svn,sex_f,age_aggregate_y15_24,eco_isic4_r,2019,1.729
svn,sex_f,age_aggregate_y15_24,eco_isic4_r,2020,0.613
svn,sex_f,age_aggregate_y15_24,eco_isic4_r,2021,1.502
svn,sex_f,age_aggregate_y15_24,eco_isic4_r,2022,1.568
svn,sex_f,age_aggregate_y15_24,eco_isic4_r,2023,1.179
svn,sex_f,age_aggregate_y15_24,eco_isic4_s,2008,1.401
svn,sex_f,age_aggregate_y15_24,eco_isic4_s,2009,1.124
svn,sex_f,age_aggregate_y15_24,eco_isic4_s,2010,1.188
svn,sex_f,age_aggregate_y15_24,eco_isic4_s,2011,1.438
svn,sex_f,age_aggregate_y15_24,eco_isic4_s,2012,0.85
svn,sex_f,age_aggregate_y15_24,eco_isic4_s,2013,0.935
svn,sex_f,age_aggregate_y15_24,eco_isic4_s,2014,0.759
svn,sex_f,age_aggregate_y15_24,eco_isic4_s,2015,0.866
svn,sex_f,age_aggregate_y15_24,eco_isic4_s,2016,1.066
svn,sex_f,age_aggregate_y15_24,eco_isic4_s,2017,1.018
svn,sex_f,age_aggregate_y15_24,eco_isic4_s,2018,0.709
svn,sex_f,age_aggregate_y15_24,eco_isic4_s,2019,0.57
svn,sex_f,age_aggregate_y15_24,eco_isic4_s,2020,1.133
svn,sex_f,age_aggregate_y15_24,eco_isic4_s,2021,2.035
svn,sex_f,age_aggregate_y15_24,eco_isic4_s,2022,2.452
svn,sex_f,age_aggregate_y15_24,eco_isic4_s,2023,1.527
svn,sex_f,age_aggregate_y15_24,eco_isic4_total,2008,36.441
svn,sex_f,age_aggregate_y15_24,eco_isic4_total,2009,31.699
svn,sex_f,age_aggregate_y15_24,eco_isic4_total,2010,28.896
svn,sex_f,age_aggregate_y15_24,eco_isic4_total,2011,25.787
svn,sex_f,age_aggregate_y15_24,eco_isic4_total,2012,21.736
svn,sex_f,age_aggregate_y15_24,eco_isic4_total,2013,18.908
svn,sex_f,age_aggregate_y15_24,eco_isic4_total,2014,19.52
svn,sex_f,age_aggregate_y15_24,eco_isic4_total,2015,22.766
svn,sex_f,age_aggregate_y15_24,eco_isic4_total,2016,24.114
svn,sex_f,age_aggregate_y15_24,eco_isic4_total,2017,25.252
svn,sex_f,age_aggregate_y15_24,eco_isic4_total,2018,26.919
svn,sex_f,age_aggregate_y15_24,eco_isic4_total,2019,26.361
svn,sex_f,age_aggregate_y15_24,eco_isic4_total,2020,21.085
svn,sex_f,age_aggregate_y15_24,eco_isic4_total,2021,24.648
svn,sex_f,age_aggregate_y15_24,eco_isic4_total,2022,26.335
svn,sex_f,age_aggregate_y15_24,eco_isic4_total,2023,26.341
svn,sex_f,age_aggregate_y15_24,eco_isic4_x,2008,0.562
svn,sex_f,age_aggregate_y15_24,eco_isic4_x,2009,0.656
svn,sex_f,age_aggregate_y15_24,eco_isic4_x,2010,0.49
svn,sex_f,age_aggregate_y15_24,eco_isic4_x,2011,0.319
svn,sex_f,age_aggregate_y15_24,eco_isic4_x,2012,0.312
svn,sex_f,age_aggregate_y15_24,eco_isic4_x,2013,0.192
svn,sex_f,age_aggregate_y15_24,eco_isic4_x,2014,0.411
svn,sex_f,age_aggregate_y15_24,eco_isic4_x,2015,0.706
svn,sex_f,age_aggregate_y15_24,eco_isic4_x,2016,0.243
svn,sex_f,age_aggregate_y15_24,eco_isic4_x,2017,0.363
svn,sex_f,age_aggregate_y15_24,eco_isic4_x,2018,0.718
svn,sex_f,age_aggregate_y15_24,eco_isic4_x,2019,0.31
svn,sex_f,age_aggregate_y15_24,eco_isic4_x,2020,0.238
svn,sex_f,age_aggregate_y15_24,eco_isic4_x,2021,0.307
svn,sex_f,age_aggregate_y15_24,eco_isic4_x,2022,0.242
svn,sex_f,age_aggregate_y15_24,eco_isic4_x,2023,0.297
svn,sex_f,age_aggregate_y15_24,eco_sector_agr,1996,0.573
svn,sex_f,age_aggregate_y15_24,eco_sector_agr,1997,0.5
svn,sex_f,age_aggregate_y15_24,eco_sector_agr,1998,0.81
svn,sex_f,age_aggregate_y15_24,eco_sector_agr,2005,0.206
svn,sex_f,age_aggregate_y15_24,eco_sector_agr,2006,0.103
svn,sex_f,age_aggregate_y15_24,eco_sector_agr,2007,0.269
svn,sex_f,age_aggregate_y15_24,eco_sector_agr,2008,0.22
svn,sex_f,age_aggregate_y15_24,eco_sector_agr,2009,0.312
svn,sex_f,age_aggregate_y15_24,eco_sector_agr,2010,0.148
svn,sex_f,age_aggregate_y15_24,eco_sector_agr,2011,0.203
svn,sex_f,age_aggregate_y15_24,eco_sector_agr,2015,0.248
svn,sex_f,age_aggregate_y15_24,eco_sector_agr,2018,0.159
svn,sex_f,age_aggregate_y15_24,eco_sector_agr,2019,0.273
svn,sex_f,age_aggregate_y15_24,eco_sector_agr,2020,0.191
svn,sex_f,age_aggregate_y15_24,eco_sector_agr,2021,0.139
svn,sex_f,age_aggregate_y15_24,eco_sector_ind,1996,14.75
svn,sex_f,age_aggregate_y15_24,eco_sector_ind,1997,10.225
svn,sex_f,age_aggregate_y15_24,eco_sector_ind,1998,13.103
svn,sex_f,age_aggregate_y15_24,eco_sector_ind,1999,13.392
svn,sex_f,age_aggregate_y15_24,eco_sector_ind,2000,8.572
svn,sex_f,age_aggregate_y15_24,eco_sector_ind,2001,10.301
svn,sex_f,age_aggregate_y15_24,eco_sector_ind,2002,9.059
svn,sex_f,age_aggregate_y15_24,eco_sector_ind,2003,5.944
svn,sex_f,age_aggregate_y15_24,eco_sector_ind,2004,6.571
svn,sex_f,age_aggregate_y15_24,eco_sector_ind,2005,7.462
svn,sex_f,age_aggregate_y15_24,eco_sector_ind,2006,6.89
svn,sex_f,age_aggregate_y15_24,eco_sector_ind,2007,7.963
svn,sex_f,age_aggregate_y15_24,eco_sector_ind,2008,5.993
svn,sex_f,age_aggregate_y15_24,eco_sector_ind,2009,3.82
svn,sex_f,age_aggregate_y15_24,eco_sector_ind,2010,3.565
svn,sex_f,age_aggregate_y15_24,eco_sector_ind,2011,3.314
svn,sex_f,age_aggregate_y15_24,eco_sector_ind,2012,4.056
svn,sex_f,age_aggregate_y15_24,eco_sector_ind,2013,2.869
svn,sex_f,age_aggregate_y15_24,eco_sector_ind,2014,2.502
svn,sex_f,age_aggregate_y15_24,eco_sector_ind,2015,3.8
svn,sex_f,age_aggregate_y15_24,eco_sector_ind,2016,3.839
svn,sex_f,age_aggregate_y15_24,eco_sector_ind,2017,3.994
svn,sex_f,age_aggregate_y15_24,eco_sector_ind,2018,4.125
svn,sex_f,age_aggregate_y15_24,eco_sector_ind,2019,3.985
svn,sex_f,age_aggregate_y15_24,eco_sector_ind,2020,2.699
svn,sex_f,age_aggregate_y15_24,eco_sector_ind,2021,3.569
svn,sex_f,age_aggregate_y15_24,eco_sector_ind,2022,2.916
svn,sex_f,age_aggregate_y15_24,eco_sector_ind,2023,3.737
svn,sex_f,age_aggregate_y15_24,eco_sector_nag,1996,49.45
svn,sex_f,age_aggregate_y15_24,eco_sector_nag,1997,46.316
svn,sex_f,age_aggregate_y15_24,eco_sector_nag,1998,42.936
svn,sex_f,age_aggregate_y15_24,eco_sector_nag,2002,34.86
svn,sex_f,age_aggregate_y15_24,eco_sector_nag,2005,33.821
svn,sex_f,age_aggregate_y15_24,eco_sector_nag,2006,33.698
svn,sex_f,age_aggregate_y15_24,eco_sector_nag,2007,34.362
svn,sex_f,age_aggregate_y15_24,eco_sector_nag,2008,36.221
svn,sex_f,age_aggregate_y15_24,eco_sector_nag,2009,31.387
svn,sex_f,age_aggregate_y15_24,eco_sector_nag,2010,28.749
svn,sex_f,age_aggregate_y15_24,eco_sector_nag,2011,25.585
svn,sex_f,age_aggregate_y15_24,eco_sector_nag,2015,22.518
svn,sex_f,age_aggregate_y15_24,eco_sector_nag,2018,26.76
svn,sex_f,age_aggregate_y15_24,eco_sector_nag,2019,26.088
svn,sex_f,age_aggregate_y15_24,eco_sector_nag,2020,20.894
svn,sex_f,age_aggregate_y15_24,eco_sector_nag,2021,24.508
svn,sex_f,age_aggregate_y15_24,eco_sector_ser,1996,34.515
svn,sex_f,age_aggregate_y15_24,eco_sector_ser,1997,35.868
svn,sex_f,age_aggregate_y15_24,eco_sector_ser,1998,29.685
svn,sex_f,age_aggregate_y15_24,eco_sector_ser,1999,28.085
svn,sex_f,age_aggregate_y15_24,eco_sector_ser,2000,25.033
svn,sex_f,age_aggregate_y15_24,eco_sector_ser,2001,22.678
svn,sex_f,age_aggregate_y15_24,eco_sector_ser,2002,25.356
svn,sex_f,age_aggregate_y15_24,eco_sector_ser,2003,23.708
svn,sex_f,age_aggregate_y15_24,eco_sector_ser,2004,27.346
svn,sex_f,age_aggregate_y15_24,eco_sector_ser,2005,25.974
svn,sex_f,age_aggregate_y15_24,eco_sector_ser,2006,26.149
svn,sex_f,age_aggregate_y15_24,eco_sector_ser,2007,25.508
svn,sex_f,age_aggregate_y15_24,eco_sector_ser,2008,29.667
svn,sex_f,age_aggregate_y15_24,eco_sector_ser,2009,26.911
svn,sex_f,age_aggregate_y15_24,eco_sector_ser,2010,24.693
svn,sex_f,age_aggregate_y15_24,eco_sector_ser,2011,21.952
svn,sex_f,age_aggregate_y15_24,eco_sector_ser,2012,17.152
svn,sex_f,age_aggregate_y15_24,eco_sector_ser,2013,15.752
svn,sex_f,age_aggregate_y15_24,eco_sector_ser,2014,16.574
svn,sex_f,age_aggregate_y15_24,eco_sector_ser,2015,18.013
svn,sex_f,age_aggregate_y15_24,eco_sector_ser,2016,19.935
svn,sex_f,age_aggregate_y15_24,eco_sector_ser,2017,20.883
svn,sex_f,age_aggregate_y15_24,eco_sector_ser,2018,21.916
svn,sex_f,age_aggregate_y15_24,eco_sector_ser,2019,21.793
svn,sex_f,age_aggregate_y15_24,eco_sector_ser,2020,17.956
svn,sex_f,age_aggregate_y15_24,eco_sector_ser,2021,20.633
svn,sex_f,age_aggregate_y15_24,eco_sector_ser,2022,23.093
svn,sex_f,age_aggregate_y15_24,eco_sector_ser,2023,22.143
svn,sex_f,age_aggregate_y15_24,eco_sector_total,1996,50.024
svn,sex_f,age_aggregate_y15_24,eco_sector_total,1997,46.816
svn,sex_f,age_aggregate_y15_24,eco_sector_total,1998,43.746
svn,sex_f,age_aggregate_y15_24,eco_sector_total,1999,42.088
svn,sex_f,age_aggregate_y15_24,eco_sector_total,2000,34.221
svn,sex_f,age_aggregate_y15_24,eco_sector_total,2001,34.04
svn,sex_f,age_aggregate_y15_24,eco_sector_total,2002,34.86
svn,sex_f,age_aggregate_y15_24,eco_sector_total,2003,30.317
svn,sex_f,age_aggregate_y15_24,eco_sector_total,2004,35.762
svn,sex_f,age_aggregate_y15_24,eco_sector_total,2005,34.027
svn,sex_f,age_aggregate_y15_24,eco_sector_total,2006,33.801
svn,sex_f,age_aggregate_y15_24,eco_sector_total,2007,34.631
svn,sex_f,age_aggregate_y15_24,eco_sector_total,2008,36.441
svn,sex_f,age_aggregate_y15_24,eco_sector_total,2009,31.699
svn,sex_f,age_aggregate_y15_24,eco_sector_total,2010,28.896
svn,sex_f,age_aggregate_y15_24,eco_sector_total,2011,25.787
svn,sex_f,age_aggregate_y15_24,eco_sector_total,2012,21.736
svn,sex_f,age_aggregate_y15_24,eco_sector_total,2013,18.908
svn,sex_f,age_aggregate_y15_24,eco_sector_total,2014,19.52
svn,sex_f,age_aggregate_y15_24,eco_sector_total,2015,22.766
svn,sex_f,age_aggregate_y15_24,eco_sector_total,2016,24.114
svn,sex_f,age_aggregate_y15_24,eco_sector_total,2017,25.252
svn,sex_f,age_aggregate_y15_24,eco_sector_total,2018,26.919
svn,sex_f,age_aggregate_y15_24,eco_sector_total,2019,26.361
svn,sex_f,age_aggregate_y15_24,eco_sector_total,2020,21.085
svn,sex_f,age_aggregate_y15_24,eco_sector_total,2021,24.648
svn,sex_f,age_aggregate_y15_24,eco_sector_total,2022,26.335
svn,sex_f,age_aggregate_y15_24,eco_sector_total,2023,26.341
svn,sex_f,age_aggregate_y15_24,eco_sector_x,2001,0.809
svn,sex_f,age_aggregate_y15_24,eco_sector_x,2002,0.446
svn,sex_f,age_aggregate_y15_24,eco_sector_x,2003,0.517
svn,sex_f,age_aggregate_y15_24,eco_sector_x,2004,1.433
svn,sex_f,age_aggregate_y15_24,eco_sector_x,2005,0.385
svn,sex_f,age_aggregate_y15_24,eco_sector_x,2006,0.66
svn,sex_f,age_aggregate_y15_24,eco_sector_x,2007,0.891
svn,sex_f,age_aggregate_y15_24,eco_sector_x,2008,0.562
svn,sex_f,age_aggregate_y15_24,eco_sector_x,2009,0.656
svn,sex_f,age_aggregate_y15_24,eco_sector_x,2010,0.49
svn,sex_f,age_aggregate_y15_24,eco_sector_x,2011,0.319
svn,sex_f,age_aggregate_y15_24,eco_sector_x,2012,0.312
svn,sex_f,age_aggregate_y15_24,eco_sector_x,2013,0.192
svn,sex_f,age_aggregate_y15_24,eco_sector_x,2014,0.411
svn,sex_f,age_aggregate_y15_24,eco_sector_x,2015,0.706
svn,sex_f,age_aggregate_y15_24,eco_sector_x,2016,0.243
svn,sex_f,age_aggregate_y15_24,eco_sector_x,2017,0.363
svn,sex_f,age_aggregate_y15_24,eco_sector_x,2018,0.718
svn,sex_f,age_aggregate_y15_24,eco_sector_x,2019,0.31
svn,sex_f,age_aggregate_y15_24,eco_sector_x,2020,0.238
svn,sex_f,age_aggregate_y15_24,eco_sector_x,2021,0.307
svn,sex_f,age_aggregate_y15_24,eco_sector_x,2022,0.242
svn,sex_f,age_aggregate_y15_24,eco_sector_x,2023,0.297
svn,sex_f,age_aggregate_y25_54,eco_aggregate_agr,1996,4.529
svn,sex_f,age_aggregate_y25_54,eco_aggregate_agr,1997,4.027
svn,sex_f,age_aggregate_y25_54,eco_aggregate_agr,1998,4.07
svn,sex_f,age_aggregate_y25_54,eco_aggregate_agr,1999,2.188
svn,sex_f,age_aggregate_y25_54,eco_aggregate_agr,2000,3.127
svn,sex_f,age_aggregate_y25_54,eco_aggregate_agr,2001,1.597
svn,sex_f,age_aggregate_y25_54,eco_aggregate_agr,2002,3.189
svn,sex_f,age_aggregate_y25_54,eco_aggregate_agr,2003,3.616
svn,sex_f,age_aggregate_y25_54,eco_aggregate_agr,2004,4.566
svn,sex_f,age_aggregate_y25_54,eco_aggregate_agr,2005,2.843
svn,sex_f,age_aggregate_y25_54,eco_aggregate_agr,2006,2.7
svn,sex_f,age_aggregate_y25_54,eco_aggregate_agr,2007,4.608
svn,sex_f,age_aggregate_y25_54,eco_aggregate_agr,2008,3.641
svn,sex_f,age_aggregate_y25_54,eco_aggregate_agr,2009,2.957
svn,sex_f,age_aggregate_y25_54,eco_aggregate_agr,2010,2.646
svn,sex_f,age_aggregate_y25_54,eco_aggregate_agr,2011,2.813
svn,sex_f,age_aggregate_y25_54,eco_aggregate_agr,2012,2.745
svn,sex_f,age_aggregate_y25_54,eco_aggregate_agr,2013,2.194
svn,sex_f,age_aggregate_y25_54,eco_aggregate_agr,2014,2.823
svn,sex_f,age_aggregate_y25_54,eco_aggregate_agr,2015,2.249
svn,sex_f,age_aggregate_y25_54,eco_aggregate_agr,2016,2.092
svn,sex_f,age_aggregate_y25_54,eco_aggregate_agr,2017,2.826
svn,sex_f,age_aggregate_y25_54,eco_aggregate_agr,2018,1.964
svn,sex_f,age_aggregate_y25_54,eco_aggregate_agr,2019,2.261
svn,sex_f,age_aggregate_y25_54,eco_aggregate_agr,2020,2.447
svn,sex_f,age_aggregate_y25_54,eco_aggregate_agr,2021,2.867
svn,sex_f,age_aggregate_y25_54,eco_aggregate_agr,2022,3.295
svn,sex_f,age_aggregate_y25_54,eco_aggregate_agr,2023,2.078
svn,sex_f,age_aggregate_y25_54,eco_aggregate_con,1996,5.03
svn,sex_f,age_aggregate_y25_54,eco_aggregate_con,1997,5.293
svn,sex_f,age_aggregate_y25_54,eco_aggregate_con,1998,4.445
svn,sex_f,age_aggregate_y25_54,eco_aggregate_con,1999,2.955
svn,sex_f,age_aggregate_y25_54,eco_aggregate_con,2000,4.389
svn,sex_f,age_aggregate_y25_54,eco_aggregate_con,2001,5.266
svn,sex_f,age_aggregate_y25_54,eco_aggregate_con,2002,4.39
svn,sex_f,age_aggregate_y25_54,eco_aggregate_con,2003,4.419
svn,sex_f,age_aggregate_y25_54,eco_aggregate_con,2004,4.184
svn,sex_f,age_aggregate_y25_54,eco_aggregate_con,2005,3.511
svn,sex_f,age_aggregate_y25_54,eco_aggregate_con,2006,3.54
svn,sex_f,age_aggregate_y25_54,eco_aggregate_con,2007,3.666
svn,sex_f,age_aggregate_y25_54,eco_aggregate_con,2008,5.912
svn,sex_f,age_aggregate_y25_54,eco_aggregate_con,2009,5.896
svn,sex_f,age_aggregate_y25_54,eco_aggregate_con,2010,4.952
svn,sex_f,age_aggregate_y25_54,eco_aggregate_con,2011,4.254
svn,sex_f,age_aggregate_y25_54,eco_aggregate_con,2012,4.022
svn,sex_f,age_aggregate_y25_54,eco_aggregate_con,2013,4.516
svn,sex_f,age_aggregate_y25_54,eco_aggregate_con,2014,2.686
svn,sex_f,age_aggregate_y25_54,eco_aggregate_con,2015,3.064
svn,sex_f,age_aggregate_y25_54,eco_aggregate_con,2016,2.843
svn,sex_f,age_aggregate_y25_54,eco_aggregate_con,2017,3.703
svn,sex_f,age_aggregate_y25_54,eco_aggregate_con,2018,3.611
svn,sex_f,age_aggregate_y25_54,eco_aggregate_con,2019,3.676
svn,sex_f,age_aggregate_y25_54,eco_aggregate_con,2020,3.973
svn,sex_f,age_aggregate_y25_54,eco_aggregate_con,2021,4.62
svn,sex_f,age_aggregate_y25_54,eco_aggregate_con,2022,4.88
svn,sex_f,age_aggregate_y25_54,eco_aggregate_con,2023,4.176
svn,sex_f,age_aggregate_y25_54,eco_aggregate_man,1996,103.676
svn,sex_f,age_aggregate_y25_54,eco_aggregate_man,1997,102.749
svn,sex_f,age_aggregate_y25_54,eco_aggregate_man,1998,99.45
svn,sex_f,age_aggregate_y25_54,eco_aggregate_man,1999,90.535
svn,sex_f,age_aggregate_y25_54,eco_aggregate_man,2000,96.818
svn,sex_f,age_aggregate_y25_54,eco_aggregate_man,2001,96.882
svn,sex_f,age_aggregate_y25_54,eco_aggregate_man,2002,100.312
svn,sex_f,age_aggregate_y25_54,eco_aggregate_man,2003,89.751
svn,sex_f,age_aggregate_y25_54,eco_aggregate_man,2004,90.339
svn,sex_f,age_aggregate_y25_54,eco_aggregate_man,2005,90.167
svn,sex_f,age_aggregate_y25_54,eco_aggregate_man,2006,83.658
svn,sex_f,age_aggregate_y25_54,eco_aggregate_man,2007,80.467
svn,sex_f,age_aggregate_y25_54,eco_aggregate_man,2008,82.032
svn,sex_f,age_aggregate_y25_54,eco_aggregate_man,2009,77.478
svn,sex_f,age_aggregate_y25_54,eco_aggregate_man,2010,72.962
svn,sex_f,age_aggregate_y25_54,eco_aggregate_man,2011,61.911
svn,sex_f,age_aggregate_y25_54,eco_aggregate_man,2012,57.779
svn,sex_f,age_aggregate_y25_54,eco_aggregate_man,2013,57.263
svn,sex_f,age_aggregate_y25_54,eco_aggregate_man,2014,56.618
svn,sex_f,age_aggregate_y25_54,eco_aggregate_man,2015,55.772
svn,sex_f,age_aggregate_y25_54,eco_aggregate_man,2016,61.372
svn,sex_f,age_aggregate_y25_54,eco_aggregate_man,2017,60.816
svn,sex_f,age_aggregate_y25_54,eco_aggregate_man,2018,66.853
svn,sex_f,age_aggregate_y25_54,eco_aggregate_man,2019,65.154
svn,sex_f,age_aggregate_y25_54,eco_aggregate_man,2020,58.996
svn,sex_f,age_aggregate_y25_54,eco_aggregate_man,2021,48.41
svn,sex_f,age_aggregate_y25_54,eco_aggregate_man,2022,50.364
svn,sex_f,age_aggregate_y25_54,eco_aggregate_man,2023,54.249
svn,sex_f,age_aggregate_y25_54,eco_aggregate_mel,1996,2.506
svn,sex_f,age_aggregate_y25_54,eco_aggregate_mel,1997,1.751
svn,sex_f,age_aggregate_y25_54,eco_aggregate_mel,1998,1.856
svn,sex_f,age_aggregate_y25_54,eco_aggregate_mel,1999,1.71
svn,sex_f,age_aggregate_y25_54,eco_aggregate_mel,2000,2.637
svn,sex_f,age_aggregate_y25_54,eco_aggregate_mel,2001,1.787
svn,sex_f,age_aggregate_y25_54,eco_aggregate_mel,2002,1.64
svn,sex_f,age_aggregate_y25_54,eco_aggregate_mel,2003,1.539
svn,sex_f,age_aggregate_y25_54,eco_aggregate_mel,2004,1.918
svn,sex_f,age_aggregate_y25_54,eco_aggregate_mel,2005,2.509
svn,sex_f,age_aggregate_y25_54,eco_aggregate_mel,2006,2.561
svn,sex_f,age_aggregate_y25_54,eco_aggregate_mel,2007,2.336
svn,sex_f,age_aggregate_y25_54,eco_aggregate_mel,2008,3.422
svn,sex_f,age_aggregate_y25_54,eco_aggregate_mel,2009,4.008
svn,sex_f,age_aggregate_y25_54,eco_aggregate_mel,2010,2.958
svn,sex_f,age_aggregate_y25_54,eco_aggregate_mel,2011,3.544
svn,sex_f,age_aggregate_y25_54,eco_aggregate_mel,2012,4.096
svn,sex_f,age_aggregate_y25_54,eco_aggregate_mel,2013,3.944
svn,sex_f,age_aggregate_y25_54,eco_aggregate_mel,2014,3.837
svn,sex_f,age_aggregate_y25_54,eco_aggregate_mel,2015,3.018
svn,sex_f,age_aggregate_y25_54,eco_aggregate_mel,2016,2.837
svn,sex_f,age_aggregate_y25_54,eco_aggregate_mel,2017,3.476
svn,sex_f,age_aggregate_y25_54,eco_aggregate_mel,2018,3.471
svn,sex_f,age_aggregate_y25_54,eco_aggregate_mel,2019,3.337
svn,sex_f,age_aggregate_y25_54,eco_aggregate_mel,2020,3.626
svn,sex_f,age_aggregate_y25_54,eco_aggregate_mel,2021,3.71
svn,sex_f,age_aggregate_y25_54,eco_aggregate_mel,2022,3.966
svn,sex_f,age_aggregate_y25_54,eco_aggregate_mel,2023,4.521
svn,sex_f,age_aggregate_y25_54,eco_aggregate_mkt,1996,83.237
svn,sex_f,age_aggregate_y25_54,eco_aggregate_mkt,1997,86.017
svn,sex_f,age_aggregate_y25_54,eco_aggregate_mkt,1998,91.028
svn,sex_f,age_aggregate_y25_54,eco_aggregate_mkt,1999,93.912
svn,sex_f,age_aggregate_y25_54,eco_aggregate_mkt,2000,100.073
svn,sex_f,age_aggregate_y25_54,eco_aggregate_mkt,2001,100.592
svn,sex_f,age_aggregate_y25_54,eco_aggregate_mkt,2002,103.278
svn,sex_f,age_aggregate_y25_54,eco_aggregate_mkt,2003,110.611
svn,sex_f,age_aggregate_y25_54,eco_aggregate_mkt,2004,109.398
svn,sex_f,age_aggregate_y25_54,eco_aggregate_mkt,2005,108.357
svn,sex_f,age_aggregate_y25_54,eco_aggregate_mkt,2006,108.621
svn,sex_f,age_aggregate_y25_54,eco_aggregate_mkt,2007,115.129
svn,sex_f,age_aggregate_y25_54,eco_aggregate_mkt,2008,125.309
svn,sex_f,age_aggregate_y25_54,eco_aggregate_mkt,2009,122.733
svn,sex_f,age_aggregate_y25_54,eco_aggregate_mkt,2010,119.491
svn,sex_f,age_aggregate_y25_54,eco_aggregate_mkt,2011,122.934
svn,sex_f,age_aggregate_y25_54,eco_aggregate_mkt,2012,120.578
svn,sex_f,age_aggregate_y25_54,eco_aggregate_mkt,2013,117.708
svn,sex_f,age_aggregate_y25_54,eco_aggregate_mkt,2014,112.818
svn,sex_f,age_aggregate_y25_54,eco_aggregate_mkt,2015,110.221
svn,sex_f,age_aggregate_y25_54,eco_aggregate_mkt,2016,116.563
svn,sex_f,age_aggregate_y25_54,eco_aggregate_mkt,2017,117.532
svn,sex_f,age_aggregate_y25_54,eco_aggregate_mkt,2018,114.486
svn,sex_f,age_aggregate_y25_54,eco_aggregate_mkt,2019,117.009
svn,sex_f,age_aggregate_y25_54,eco_aggregate_mkt,2020,114.834
svn,sex_f,age_aggregate_y25_54,eco_aggregate_mkt,2021,109.309
svn,sex_f,age_aggregate_y25_54,eco_aggregate_mkt,2022,109.455
svn,sex_f,age_aggregate_y25_54,eco_aggregate_mkt,2023,111.29
svn,sex_f,age_aggregate_y25_54,eco_aggregate_pub,1996,97.511
svn,sex_f,age_aggregate_y25_54,eco_aggregate_pub,1997,90.682
svn,sex_f,age_aggregate_y25_54,eco_aggregate_pub,1998,97.764
svn,sex_f,age_aggregate_y25_54,eco_aggregate_pub,1999,105.496
svn,sex_f,age_aggregate_y25_54,eco_aggregate_pub,2000,109.952
svn,sex_f,age_aggregate_y25_54,eco_aggregate_pub,2001,110.739
svn,sex_f,age_aggregate_y25_54,eco_aggregate_pub,2002,110.659
svn,sex_f,age_aggregate_y25_54,eco_aggregate_pub,2003,112.776
svn,sex_f,age_aggregate_y25_54,eco_aggregate_pub,2004,118.596
svn,sex_f,age_aggregate_y25_54,eco_aggregate_pub,2005,124.923
svn,sex_f,age_aggregate_y25_54,eco_aggregate_pub,2006,128.926
svn,sex_f,age_aggregate_y25_54,eco_aggregate_pub,2007,125.897
svn,sex_f,age_aggregate_y25_54,eco_aggregate_pub,2008,126.738
svn,sex_f,age_aggregate_y25_54,eco_aggregate_pub,2009,124.612
svn,sex_f,age_aggregate_y25_54,eco_aggregate_pub,2010,126.229
svn,sex_f,age_aggregate_y25_54,eco_aggregate_pub,2011,128.212
svn,sex_f,age_aggregate_y25_54,eco_aggregate_pub,2012,130.762
svn,sex_f,age_aggregate_y25_54,eco_aggregate_pub,2013,123.332
svn,sex_f,age_aggregate_y25_54,eco_aggregate_pub,2014,120.828
svn,sex_f,age_aggregate_y25_54,eco_aggregate_pub,2015,124.158
svn,sex_f,age_aggregate_y25_54,eco_aggregate_pub,2016,125.393
svn,sex_f,age_aggregate_y25_54,eco_aggregate_pub,2017,128.322
svn,sex_f,age_aggregate_y25_54,eco_aggregate_pub,2018,123.305
svn,sex_f,age_aggregate_y25_54,eco_aggregate_pub,2019,129.109
svn,sex_f,age_aggregate_y25_54,eco_aggregate_pub,2020,133.339
svn,sex_f,age_aggregate_y25_54,eco_aggregate_pub,2021,138.494
svn,sex_f,age_aggregate_y25_54,eco_aggregate_pub,2022,137.739
svn,sex_f,age_aggregate_y25_54,eco_aggregate_pub,2023,130.144
svn,sex_f,age_aggregate_y25_54,eco_aggregate_total,1996,296.894
svn,sex_f,age_aggregate_y25_54,eco_aggregate_total,1997,290.902
svn,sex_f,age_aggregate_y25_54,eco_aggregate_total,1998,299.779
svn,sex_f,age_aggregate_y25_54,eco_aggregate_total,1999,297.187
svn,sex_f,age_aggregate_y25_54,eco_aggregate_total,2000,317.999
svn,sex_f,age_aggregate_y25_54,eco_aggregate_total,2001,319.008
svn,sex_f,age_aggregate_y25_54,eco_aggregate_total,2002,325.464
svn,sex_f,age_aggregate_y25_54,eco_aggregate_total,2003,324.218
svn,sex_f,age_aggregate_y25_54,eco_aggregate_total,2004,330.809
svn,sex_f,age_aggregate_y25_54,eco_aggregate_total,2005,333.326
svn,sex_f,age_aggregate_y25_54,eco_aggregate_total,2006,331.512
svn,sex_f,age_aggregate_y25_54,eco_aggregate_total,2007,335.207
svn,sex_f,age_aggregate_y25_54,eco_aggregate_total,2008,348.416
svn,sex_f,age_aggregate_y25_54,eco_aggregate_total,2009,338.916
svn,sex_f,age_aggregate_y25_54,eco_aggregate_total,2010,329.991
svn,sex_f,age_aggregate_y25_54,eco_aggregate_total,2011,325.317
svn,sex_f,age_aggregate_y25_54,eco_aggregate_total,2012,322.011
svn,sex_f,age_aggregate_y25_54,eco_aggregate_total,2013,310.091
svn,sex_f,age_aggregate_y25_54,eco_aggregate_total,2014,301.238
svn,sex_f,age_aggregate_y25_54,eco_aggregate_total,2015,301.629
svn,sex_f,age_aggregate_y25_54,eco_aggregate_total,2016,312.697
svn,sex_f,age_aggregate_y25_54,eco_aggregate_total,2017,318.386
svn,sex_f,age_aggregate_y25_54,eco_aggregate_total,2018,315.571
svn,sex_f,age_aggregate_y25_54,eco_aggregate_total,2019,321.886
svn,sex_f,age_aggregate_y25_54,eco_aggregate_total,2020,318.358
svn,sex_f,age_aggregate_y25_54,eco_aggregate_total,2021,308.556
svn,sex_f,age_aggregate_y25_54,eco_aggregate_total,2022,310.765
svn,sex_f,age_aggregate_y25_54,eco_aggregate_total,2023,307.626
svn,sex_f,age_aggregate_y25_54,eco_aggregate_x,1997,0.384
svn,sex_f,age_aggregate_y25_54,eco_aggregate_x,1998,1.167
svn,sex_f,age_aggregate_y25_54,eco_aggregate_x,2000,1.002
svn,sex_f,age_aggregate_y25_54,eco_aggregate_x,2001,2.145
svn,sex_f,age_aggregate_y25_54,eco_aggregate_x,2002,1.996
svn,sex_f,age_aggregate_y25_54,eco_aggregate_x,2003,1.507
svn,sex_f,age_aggregate_y25_54,eco_aggregate_x,2004,1.808
svn,sex_f,age_aggregate_y25_54,eco_aggregate_x,2005,1.016
svn,sex_f,age_aggregate_y25_54,eco_aggregate_x,2006,1.507
svn,sex_f,age_aggregate_y25_54,eco_aggregate_x,2007,3.103
svn,sex_f,age_aggregate_y25_54,eco_aggregate_x,2008,1.362
svn,sex_f,age_aggregate_y25_54,eco_aggregate_x,2009,1.232
svn,sex_f,age_aggregate_y25_54,eco_aggregate_x,2010,0.752
svn,sex_f,age_aggregate_y25_54,eco_aggregate_x,2011,1.649
svn,sex_f,age_aggregate_y25_54,eco_aggregate_x,2012,2.03
svn,sex_f,age_aggregate_y25_54,eco_aggregate_x,2013,1.134
svn,sex_f,age_aggregate_y25_54,eco_aggregate_x,2014,1.627
svn,sex_f,age_aggregate_y25_54,eco_aggregate_x,2015,3.147
svn,sex_f,age_aggregate_y25_54,eco_aggregate_x,2016,1.596
svn,sex_f,age_aggregate_y25_54,eco_aggregate_x,2017,1.712
svn,sex_f,age_aggregate_y25_54,eco_aggregate_x,2018,1.881
svn,sex_f,age_aggregate_y25_54,eco_aggregate_x,2019,1.339
svn,sex_f,age_aggregate_y25_54,eco_aggregate_x,2020,1.142
svn,sex_f,age_aggregate_y25_54,eco_aggregate_x,2021,1.146
svn,sex_f,age_aggregate_y25_54,eco_aggregate_x,2022,1.065
svn,sex_f,age_aggregate_y25_54,eco_aggregate_x,2023,1.169
svn,sex_f,age_aggregate_y25_54,eco_isic3_a,1996,4.476
svn,sex_f,age_aggregate_y25_54,eco_isic3_a,1997,4.027
svn,sex_f,age_aggregate_y25_54,eco_isic3_a,1998,3.992
svn,sex_f,age_aggregate_y25_54,eco_isic3_a,1999,2.027
svn,sex_f,age_aggregate_y25_54,eco_isic3_a,2000,3.127
svn,sex_f,age_aggregate_y25_54,eco_isic3_a,2001,1.597
svn,sex_f,age_aggregate_y25_54,eco_isic3_a,2002,3.189
svn,sex_f,age_aggregate_y25_54,eco_isic3_a,2003,3.616
svn,sex_f,age_aggregate_y25_54,eco_isic3_a,2004,4.489
svn,sex_f,age_aggregate_y25_54,eco_isic3_a,2005,2.832
svn,sex_f,age_aggregate_y25_54,eco_isic3_a,2006,2.684
svn,sex_f,age_aggregate_y25_54,eco_isic3_a,2007,4.557
svn,sex_f,age_aggregate_y25_54,eco_isic3_c,1996,0.836
svn,sex_f,age_aggregate_y25_54,eco_isic3_c,2000,1.028
svn,sex_f,age_aggregate_y25_54,eco_isic3_c,2004,0.965
svn,sex_f,age_aggregate_y25_54,eco_isic3_c,2005,0.828
svn,sex_f,age_aggregate_y25_54,eco_isic3_c,2006,0.667
svn,sex_f,age_aggregate_y25_54,eco_isic3_c,2007,0.467
svn,sex_f,age_aggregate_y25_54,eco_isic3_d,1996,103.676
svn,sex_f,age_aggregate_y25_54,eco_isic3_d,1997,102.749
svn,sex_f,age_aggregate_y25_54,eco_isic3_d,1998,99.45
svn,sex_f,age_aggregate_y25_54,eco_isic3_d,1999,90.535
svn,sex_f,age_aggregate_y25_54,eco_isic3_d,2000,96.818
svn,sex_f,age_aggregate_y25_54,eco_isic3_d,2001,96.882
svn,sex_f,age_aggregate_y25_54,eco_isic3_d,2002,100.312
svn,sex_f,age_aggregate_y25_54,eco_isic3_d,2003,89.751
svn,sex_f,age_aggregate_y25_54,eco_isic3_d,2004,90.339
svn,sex_f,age_aggregate_y25_54,eco_isic3_d,2005,90.167
svn,sex_f,age_aggregate_y25_54,eco_isic3_d,2006,83.658
svn,sex_f,age_aggregate_y25_54,eco_isic3_d,2007,80.467
svn,sex_f,age_aggregate_y25_54,eco_isic3_e,1996,1.67
svn,sex_f,age_aggregate_y25_54,eco_isic3_e,1997,1.275
svn,sex_f,age_aggregate_y25_54,eco_isic3_e,1998,1.333
svn,sex_f,age_aggregate_y25_54,eco_isic3_e,1999,1.468
svn,sex_f,age_aggregate_y25_54,eco_isic3_e,2000,1.609
svn,sex_f,age_aggregate_y25_54,eco_isic3_e,2001,1.246
svn,sex_f,age_aggregate_y25_54,eco_isic3_e,2002,1.5
svn,sex_f,age_aggregate_y25_54,eco_isic3_e,2003,1.308
svn,sex_f,age_aggregate_y25_54,eco_isic3_e,2004,0.953
svn,sex_f,age_aggregate_y25_54,eco_isic3_e,2005,1.681
svn,sex_f,age_aggregate_y25_54,eco_isic3_e,2006,1.894
svn,sex_f,age_aggregate_y25_54,eco_isic3_e,2007,1.868
svn,sex_f,age_aggregate_y25_54,eco_isic3_f,1996,5.03
svn,sex_f,age_aggregate_y25_54,eco_isic3_f,1997,5.293
svn,sex_f,age_aggregate_y25_54,eco_isic3_f,1998,4.445
svn,sex_f,age_aggregate_y25_54,eco_isic3_f,1999,2.955
svn,sex_f,age_aggregate_y25_54,eco_isic3_f,2000,4.389
svn,sex_f,age_aggregate_y25_54,eco_isic3_f,2001,5.266
svn,sex_f,age_aggregate_y25_54,eco_isic3_f,2002,4.39
svn,sex_f,age_aggregate_y25_54,eco_isic3_f,2003,4.419
svn,sex_f,age_aggregate_y25_54,eco_isic3_f,2004,4.184
svn,sex_f,age_aggregate_y25_54,eco_isic3_f,2005,3.511
svn,sex_f,age_aggregate_y25_54,eco_isic3_f,2006,3.54
svn,sex_f,age_aggregate_y25_54,eco_isic3_f,2007,3.666
svn,sex_f,age_aggregate_y25_54,eco_isic3_g,1996,39.612
svn,sex_f,age_aggregate_y25_54,eco_isic3_g,1997,38.771
svn,sex_f,age_aggregate_y25_54,eco_isic3_g,1998,41.546
svn,sex_f,age_aggregate_y25_54,eco_isic3_g,1999,42.654
svn,sex_f,age_aggregate_y25_54,eco_isic3_g,2000,48.378
svn,sex_f,age_aggregate_y25_54,eco_isic3_g,2001,46.455
svn,sex_f,age_aggregate_y25_54,eco_isic3_g,2002,50.16
svn,sex_f,age_aggregate_y25_54,eco_isic3_g,2003,52.962
svn,sex_f,age_aggregate_y25_54,eco_isic3_g,2004,51.022
svn,sex_f,age_aggregate_y25_54,eco_isic3_g,2005,48.315
svn,sex_f,age_aggregate_y25_54,eco_isic3_g,2006,50.001
svn,sex_f,age_aggregate_y25_54,eco_isic3_g,2007,50.087
svn,sex_f,age_aggregate_y25_54,eco_isic3_h,1996,12.289
svn,sex_f,age_aggregate_y25_54,eco_isic3_h,1997,13.979
svn,sex_f,age_aggregate_y25_54,eco_isic3_h,1998,14.091
svn,sex_f,age_aggregate_y25_54,eco_isic3_h,1999,11.14
svn,sex_f,age_aggregate_y25_54,eco_isic3_h,2000,12.315
svn,sex_f,age_aggregate_y25_54,eco_isic3_h,2001,14.031
svn,sex_f,age_aggregate_y25_54,eco_isic3_h,2002,15.637
svn,sex_f,age_aggregate_y25_54,eco_isic3_h,2003,14.681
svn,sex_f,age_aggregate_y25_54,eco_isic3_h,2004,15.158
svn,sex_f,age_aggregate_y25_54,eco_isic3_h,2005,16.41
svn,sex_f,age_aggregate_y25_54,eco_isic3_h,2006,16.123
svn,sex_f,age_aggregate_y25_54,eco_isic3_h,2007,17.317
svn,sex_f,age_aggregate_y25_54,eco_isic3_i,1996,8.117
svn,sex_f,age_aggregate_y25_54,eco_isic3_i,1997,7.59
svn,sex_f,age_aggregate_y25_54,eco_isic3_i,1998,10.105
svn,sex_f,age_aggregate_y25_54,eco_isic3_i,1999,10.043
svn,sex_f,age_aggregate_y25_54,eco_isic3_i,2000,11.864
svn,sex_f,age_aggregate_y25_54,eco_isic3_i,2001,11.72
svn,sex_f,age_aggregate_y25_54,eco_isic3_i,2002,10.652
svn,sex_f,age_aggregate_y25_54,eco_isic3_i,2003,11.094
svn,sex_f,age_aggregate_y25_54,eco_isic3_i,2004,10.968
svn,sex_f,age_aggregate_y25_54,eco_isic3_i,2005,10.234
svn,sex_f,age_aggregate_y25_54,eco_isic3_i,2006,10.402
svn,sex_f,age_aggregate_y25_54,eco_isic3_i,2007,10.683
svn,sex_f,age_aggregate_y25_54,eco_isic3_j,1996,12.033
svn,sex_f,age_aggregate_y25_54,eco_isic3_j,1997,12.214
svn,sex_f,age_aggregate_y25_54,eco_isic3_j,1998,11.001
svn,sex_f,age_aggregate_y25_54,eco_isic3_j,1999,13.816
svn,sex_f,age_aggregate_y25_54,eco_isic3_j,2000,13.547
svn,sex_f,age_aggregate_y25_54,eco_isic3_j,2001,13.935
svn,sex_f,age_aggregate_y25_54,eco_isic3_j,2002,11.897
svn,sex_f,age_aggregate_y25_54,eco_isic3_j,2003,14.174
svn,sex_f,age_aggregate_y25_54,eco_isic3_j,2004,12.805
svn,sex_f,age_aggregate_y25_54,eco_isic3_j,2005,13.381
svn,sex_f,age_aggregate_y25_54,eco_isic3_j,2006,12.568
svn,sex_f,age_aggregate_y25_54,eco_isic3_j,2007,14.481
svn,sex_f,age_aggregate_y25_54,eco_isic3_k,1996,11.186
svn,sex_f,age_aggregate_y25_54,eco_isic3_k,1997,13.462
svn,sex_f,age_aggregate_y25_54,eco_isic3_k,1998,14.284
svn,sex_f,age_aggregate_y25_54,eco_isic3_k,1999,16.259
svn,sex_f,age_aggregate_y25_54,eco_isic3_k,2000,13.97
svn,sex_f,age_aggregate_y25_54,eco_isic3_k,2001,14.451
svn,sex_f,age_aggregate_y25_54,eco_isic3_k,2002,14.932
svn,sex_f,age_aggregate_y25_54,eco_isic3_k,2003,17.7
svn,sex_f,age_aggregate_y25_54,eco_isic3_k,2004,19.445
svn,sex_f,age_aggregate_y25_54,eco_isic3_k,2005,20.017
svn,sex_f,age_aggregate_y25_54,eco_isic3_k,2006,19.526
svn,sex_f,age_aggregate_y25_54,eco_isic3_k,2007,22.56
svn,sex_f,age_aggregate_y25_54,eco_isic3_l,1996,17.909
svn,sex_f,age_aggregate_y25_54,eco_isic3_l,1997,16.347
svn,sex_f,age_aggregate_y25_54,eco_isic3_l,1998,19.147
svn,sex_f,age_aggregate_y25_54,eco_isic3_l,1999,20.359
svn,sex_f,age_aggregate_y25_54,eco_isic3_l,2000,22.645
svn,sex_f,age_aggregate_y25_54,eco_isic3_l,2001,22.825
svn,sex_f,age_aggregate_y25_54,eco_isic3_l,2002,22.733
svn,sex_f,age_aggregate_y25_54,eco_isic3_l,2003,24.855
svn,sex_f,age_aggregate_y25_54,eco_isic3_l,2004,25.793
svn,sex_f,age_aggregate_y25_54,eco_isic3_l,2005,25.659
svn,sex_f,age_aggregate_y25_54,eco_isic3_l,2006,25.596
svn,sex_f,age_aggregate_y25_54,eco_isic3_l,2007,23.19
svn,sex_f,age_aggregate_y25_54,eco_isic3_m,1996,39.543
svn,sex_f,age_aggregate_y25_54,eco_isic3_m,1997,36.738
svn,sex_f,age_aggregate_y25_54,eco_isic3_m,1998,40.661
svn,sex_f,age_aggregate_y25_54,eco_isic3_m,1999,40.71
svn,sex_f,age_aggregate_y25_54,eco_isic3_m,2000,41.875
svn,sex_f,age_aggregate_y25_54,eco_isic3_m,2001,43.454
svn,sex_f,age_aggregate_y25_54,eco_isic3_m,2002,42.948
svn,sex_f,age_aggregate_y25_54,eco_isic3_m,2003,42.111
svn,sex_f,age_aggregate_y25_54,eco_isic3_m,2004,43.929
svn,sex_f,age_aggregate_y25_54,eco_isic3_m,2005,51.39
svn,sex_f,age_aggregate_y25_54,eco_isic3_m,2006,52.717
svn,sex_f,age_aggregate_y25_54,eco_isic3_m,2007,52.839
svn,sex_f,age_aggregate_y25_54,eco_isic3_n,1996,30.162
svn,sex_f,age_aggregate_y25_54,eco_isic3_n,1997,27.627
svn,sex_f,age_aggregate_y25_54,eco_isic3_n,1998,28.008
svn,sex_f,age_aggregate_y25_54,eco_isic3_n,1999,31.918
svn,sex_f,age_aggregate_y25_54,eco_isic3_n,2000,33.656
svn,sex_f,age_aggregate_y25_54,eco_isic3_n,2001,32.986
svn,sex_f,age_aggregate_y25_54,eco_isic3_n,2002,35.19
svn,sex_f,age_aggregate_y25_54,eco_isic3_n,2003,33.228
svn,sex_f,age_aggregate_y25_54,eco_isic3_n,2004,36.06
svn,sex_f,age_aggregate_y25_54,eco_isic3_n,2005,35.955
svn,sex_f,age_aggregate_y25_54,eco_isic3_n,2006,38.881
svn,sex_f,age_aggregate_y25_54,eco_isic3_n,2007,38.624
svn,sex_f,age_aggregate_y25_54,eco_isic3_o,1996,9.59
svn,sex_f,age_aggregate_y25_54,eco_isic3_o,1997,9.488
svn,sex_f,age_aggregate_y25_54,eco_isic3_o,1998,9.632
svn,sex_f,age_aggregate_y25_54,eco_isic3_o,1999,12.315
svn,sex_f,age_aggregate_y25_54,eco_isic3_o,2000,11.71
svn,sex_f,age_aggregate_y25_54,eco_isic3_o,2001,10.796
svn,sex_f,age_aggregate_y25_54,eco_isic3_o,2002,9.731
svn,sex_f,age_aggregate_y25_54,eco_isic3_o,2003,12.398
svn,sex_f,age_aggregate_y25_54,eco_isic3_o,2004,12.576
svn,sex_f,age_aggregate_y25_54,eco_isic3_o,2005,11.595
svn,sex_f,age_aggregate_y25_54,eco_isic3_o,2006,11.459
svn,sex_f,age_aggregate_y25_54,eco_isic3_o,2007,10.995
svn,sex_f,age_aggregate_y25_54,eco_isic3_p,1996,0.307
svn,sex_f,age_aggregate_y25_54,eco_isic3_p,2005,0.325
svn,sex_f,age_aggregate_y25_54,eco_isic3_p,2006,0.273
svn,sex_f,age_aggregate_y25_54,eco_isic3_p,2007,0.23
svn,sex_f,age_aggregate_y25_54,eco_isic3_total,1996,296.894
svn,sex_f,age_aggregate_y25_54,eco_isic3_total,1997,290.902
svn,sex_f,age_aggregate_y25_54,eco_isic3_total,1998,299.779
svn,sex_f,age_aggregate_y25_54,eco_isic3_total,1999,297.187
svn,sex_f,age_aggregate_y25_54,eco_isic3_total,2000,317.999
svn,sex_f,age_aggregate_y25_54,eco_isic3_total,2001,319.008
svn,sex_f,age_aggregate_y25_54,eco_isic3_total,2002,325.464
svn,sex_f,age_aggregate_y25_54,eco_isic3_total,2003,324.218
svn,sex_f,age_aggregate_y25_54,eco_isic3_total,2004,330.809
svn,sex_f,age_aggregate_y25_54,eco_isic3_total,2005,333.326
svn,sex_f,age_aggregate_y25_54,eco_isic3_total,2006,331.512
svn,sex_f,age_aggregate_y25_54,eco_isic3_total,2007,335.207
svn,sex_f,age_aggregate_y25_54,eco_isic3_x,1997,0.384
svn,sex_f,age_aggregate_y25_54,eco_isic3_x,1998,1.167
svn,sex_f,age_aggregate_y25_54,eco_isic3_x,2000,1.002
svn,sex_f,age_aggregate_y25_54,eco_isic3_x,2001,2.145
svn,sex_f,age_aggregate_y25_54,eco_isic3_x,2002,1.996
svn,sex_f,age_aggregate_y25_54,eco_isic3_x,2003,1.507
svn,sex_f,age_aggregate_y25_54,eco_isic3_x,2004,1.808
svn,sex_f,age_aggregate_y25_54,eco_isic3_x,2005,1.016
svn,sex_f,age_aggregate_y25_54,eco_isic3_x,2006,1.507
svn,sex_f,age_aggregate_y25_54,eco_isic3_x,2007,3.103
svn,sex_f,age_aggregate_y25_54,eco_isic4_a,2008,3.641
svn,sex_f,age_aggregate_y25_54,eco_isic4_a,2009,2.957
svn,sex_f,age_aggregate_y25_54,eco_isic4_a,2010,2.646
svn,sex_f,age_aggregate_y25_54,eco_isic4_a,2011,2.813
svn,sex_f,age_aggregate_y25_54,eco_isic4_a,2012,2.745
svn,sex_f,age_aggregate_y25_54,eco_isic4_a,2013,2.194
svn,sex_f,age_aggregate_y25_54,eco_isic4_a,2014,2.823
svn,sex_f,age_aggregate_y25_54,eco_isic4_a,2015,2.249
svn,sex_f,age_aggregate_y25_54,eco_isic4_a,2016,2.092
svn,sex_f,age_aggregate_y25_54,eco_isic4_a,2017,2.826
svn,sex_f,age_aggregate_y25_54,eco_isic4_a,2018,1.964
svn,sex_f,age_aggregate_y25_54,eco_isic4_a,2019,2.261
svn,sex_f,age_aggregate_y25_54,eco_isic4_a,2020,2.447
svn,sex_f,age_aggregate_y25_54,eco_isic4_a,2021,2.867
svn,sex_f,age_aggregate_y25_54,eco_isic4_a,2022,3.295
svn,sex_f,age_aggregate_y25_54,eco_isic4_a,2023,2.078
svn,sex_f,age_aggregate_y25_54,eco_isic4_b,2008,0.342
svn,sex_f,age_aggregate_y25_54,eco_isic4_b,2009,0.661
svn,sex_f,age_aggregate_y25_54,eco_isic4_b,2010,0.352
svn,sex_f,age_aggregate_y25_54,eco_isic4_b,2011,0.316
svn,sex_f,age_aggregate_y25_54,eco_isic4_b,2012,0.32
svn,sex_f,age_aggregate_y25_54,eco_isic4_b,2013,0.322
svn,sex_f,age_aggregate_y25_54,eco_isic4_b,2014,0.077
svn,sex_f,age_aggregate_y25_54,eco_isic4_b,2015,0.082
svn,sex_f,age_aggregate_y25_54,eco_isic4_b,2016,0.216
svn,sex_f,age_aggregate_y25_54,eco_isic4_b,2017,0.263
svn,sex_f,age_aggregate_y25_54,eco_isic4_b,2018,0.147
svn,sex_f,age_aggregate_y25_54,eco_isic4_b,2019,0.254
svn,sex_f,age_aggregate_y25_54,eco_isic4_b,2020,0.443
svn,sex_f,age_aggregate_y25_54,eco_isic4_b,2021,0.129
svn,sex_f,age_aggregate_y25_54,eco_isic4_b,2023,0.183
svn,sex_f,age_aggregate_y25_54,eco_isic4_c,2008,82.032
svn,sex_f,age_aggregate_y25_54,eco_isic4_c,2009,77.478
svn,sex_f,age_aggregate_y25_54,eco_isic4_c,2010,72.962
svn,sex_f,age_aggregate_y25_54,eco_isic4_c,2011,61.911
svn,sex_f,age_aggregate_y25_54,eco_isic4_c,2012,57.779
svn,sex_f,age_aggregate_y25_54,eco_isic4_c,2013,57.263
svn,sex_f,age_aggregate_y25_54,eco_isic4_c,2014,56.618
svn,sex_f,age_aggregate_y25_54,eco_isic4_c,2015,55.772
svn,sex_f,age_aggregate_y25_54,eco_isic4_c,2016,61.372
svn,sex_f,age_aggregate_y25_54,eco_isic4_c,2017,60.816
svn,sex_f,age_aggregate_y25_54,eco_isic4_c,2018,66.853
svn,sex_f,age_aggregate_y25_54,eco_isic4_c,2019,65.154
svn,sex_f,age_aggregate_y25_54,eco_isic4_c,2020,58.996
svn,sex_f,age_aggregate_y25_54,eco_isic4_c,2021,48.41
svn,sex_f,age_aggregate_y25_54,eco_isic4_c,2022,50.364
svn,sex_f,age_aggregate_y25_54,eco_isic4_c,2023,54.249
svn,sex_f,age_aggregate_y25_54,eco_isic4_d,2008,1.418
svn,sex_f,age_aggregate_y25_54,eco_isic4_d,2009,0.793
svn,sex_f,age_aggregate_y25_54,eco_isic4_d,2010,0.872
svn,sex_f,age_aggregate_y25_54,eco_isic4_d,2011,1.794
svn,sex_f,age_aggregate_y25_54,eco_isic4_d,2012,1.667
svn,sex_f,age_aggregate_y25_54,eco_isic4_d,2013,1.692
svn,sex_f,age_aggregate_y25_54,eco_isic4_d,2014,2.157
svn,sex_f,age_aggregate_y25_54,eco_isic4_d,2015,1.671
svn,sex_f,age_aggregate_y25_54,eco_isic4_d,2016,1.318
svn,sex_f,age_aggregate_y25_54,eco_isic4_d,2017,1.433
svn,sex_f,age_aggregate_y25_54,eco_isic4_d,2018,1.358
svn,sex_f,age_aggregate_y25_54,eco_isic4_d,2019,1.639
svn,sex_f,age_aggregate_y25_54,eco_isic4_d,2020,1.622
svn,sex_f,age_aggregate_y25_54,eco_isic4_d,2021,1.467
svn,sex_f,age_aggregate_y25_54,eco_isic4_d,2022,1.36
svn,sex_f,age_aggregate_y25_54,eco_isic4_d,2023,1.718
svn,sex_f,age_aggregate_y25_54,eco_isic4_e,2008,1.662
svn,sex_f,age_aggregate_y25_54,eco_isic4_e,2009,2.554
svn,sex_f,age_aggregate_y25_54,eco_isic4_e,2010,1.735
svn,sex_f,age_aggregate_y25_54,eco_isic4_e,2011,1.433
svn,sex_f,age_aggregate_y25_54,eco_isic4_e,2012,2.109
svn,sex_f,age_aggregate_y25_54,eco_isic4_e,2013,1.93
svn,sex_f,age_aggregate_y25_54,eco_isic4_e,2014,1.604
svn,sex_f,age_aggregate_y25_54,eco_isic4_e,2015,1.264
svn,sex_f,age_aggregate_y25_54,eco_isic4_e,2016,1.304
svn,sex_f,age_aggregate_y25_54,eco_isic4_e,2017,1.78
svn,sex_f,age_aggregate_y25_54,eco_isic4_e,2018,1.965
svn,sex_f,age_aggregate_y25_54,eco_isic4_e,2019,1.444
svn,sex_f,age_aggregate_y25_54,eco_isic4_e,2020,1.56
svn,sex_f,age_aggregate_y25_54,eco_isic4_e,2021,2.113
svn,sex_f,age_aggregate_y25_54,eco_isic4_e,2022,2.538
svn,sex_f,age_aggregate_y25_54,eco_isic4_e,2023,2.619
svn,sex_f,age_aggregate_y25_54,eco_isic4_f,2008,5.912
svn,sex_f,age_aggregate_y25_54,eco_isic4_f,2009,5.896
svn,sex_f,age_aggregate_y25_54,eco_isic4_f,2010,4.952
svn,sex_f,age_aggregate_y25_54,eco_isic4_f,2011,4.254
svn,sex_f,age_aggregate_y25_54,eco_isic4_f,2012,4.022
svn,sex_f,age_aggregate_y25_54,eco_isic4_f,2013,4.516
svn,sex_f,age_aggregate_y25_54,eco_isic4_f,2014,2.686
svn,sex_f,age_aggregate_y25_54,eco_isic4_f,2015,3.064
svn,sex_f,age_aggregate_y25_54,eco_isic4_f,2016,2.843
svn,sex_f,age_aggregate_y25_54,eco_isic4_f,2017,3.703
svn,sex_f,age_aggregate_y25_54,eco_isic4_f,2018,3.611
svn,sex_f,age_aggregate_y25_54,eco_isic4_f,2019,3.676
svn,sex_f,age_aggregate_y25_54,eco_isic4_f,2020,3.973
svn,sex_f,age_aggregate_y25_54,eco_isic4_f,2021,4.62
svn,sex_f,age_aggregate_y25_54,eco_isic4_f,2022,4.88
svn,sex_f,age_aggregate_y25_54,eco_isic4_f,2023,4.176
svn,sex_f,age_aggregate_y25_54,eco_isic4_g,2008,53.12
svn,sex_f,age_aggregate_y25_54,eco_isic4_g,2009,52.19
svn,sex_f,age_aggregate_y25_54,eco_isic4_g,2010,49.661
svn,sex_f,age_aggregate_y25_54,eco_isic4_g,2011,48.881
svn,sex_f,age_aggregate_y25_54,eco_isic4_g,2012,46.771
svn,sex_f,age_aggregate_y25_54,eco_isic4_g,2013,47.636
svn,sex_f,age_aggregate_y25_54,eco_isic4_g,2014,44.424
svn,sex_f,age_aggregate_y25_54,eco_isic4_g,2015,44.644
svn,sex_f,age_aggregate_y25_54,eco_isic4_g,2016,50.397
svn,sex_f,age_aggregate_y25_54,eco_isic4_g,2017,48.834
svn,sex_f,age_aggregate_y25_54,eco_isic4_g,2018,48.804
svn,sex_f,age_aggregate_y25_54,eco_isic4_g,2019,50.013
svn,sex_f,age_aggregate_y25_54,eco_isic4_g,2020,46.281
svn,sex_f,age_aggregate_y25_54,eco_isic4_g,2021,43.871
svn,sex_f,age_aggregate_y25_54,eco_isic4_g,2022,42.346
svn,sex_f,age_aggregate_y25_54,eco_isic4_g,2023,44.9
svn,sex_f,age_aggregate_y25_54,eco_isic4_h,2008,9.711
svn,sex_f,age_aggregate_y25_54,eco_isic4_h,2009,10.365
svn,sex_f,age_aggregate_y25_54,eco_isic4_h,2010,8.067
svn,sex_f,age_aggregate_y25_54,eco_isic4_h,2011,8.579
svn,sex_f,age_aggregate_y25_54,eco_isic4_h,2012,7.248
svn,sex_f,age_aggregate_y25_54,eco_isic4_h,2013,7.433
svn,sex_f,age_aggregate_y25_54,eco_isic4_h,2014,5.645
svn,sex_f,age_aggregate_y25_54,eco_isic4_h,2015,6.07
svn,sex_f,age_aggregate_y25_54,eco_isic4_h,2016,7.066
svn,sex_f,age_aggregate_y25_54,eco_isic4_h,2017,6.969
svn,sex_f,age_aggregate_y25_54,eco_isic4_h,2018,9.581
svn,sex_f,age_aggregate_y25_54,eco_isic4_h,2019,8.859
svn,sex_f,age_aggregate_y25_54,eco_isic4_h,2020,6.236
svn,sex_f,age_aggregate_y25_54,eco_isic4_h,2021,7.647
svn,sex_f,age_aggregate_y25_54,eco_isic4_h,2022,7.242
svn,sex_f,age_aggregate_y25_54,eco_isic4_h,2023,6.853
svn,sex_f,age_aggregate_y25_54,eco_isic4_i,2008,15.411
svn,sex_f,age_aggregate_y25_54,eco_isic4_i,2009,13.912
svn,sex_f,age_aggregate_y25_54,eco_isic4_i,2010,16.786
svn,sex_f,age_aggregate_y25_54,eco_isic4_i,2011,19.006
svn,sex_f,age_aggregate_y25_54,eco_isic4_i,2012,16.859
svn,sex_f,age_aggregate_y25_54,eco_isic4_i,2013,16.864
svn,sex_f,age_aggregate_y25_54,eco_isic4_i,2014,16.926
svn,sex_f,age_aggregate_y25_54,eco_isic4_i,2015,16.146
svn,sex_f,age_aggregate_y25_54,eco_isic4_i,2016,16.117
svn,sex_f,age_aggregate_y25_54,eco_isic4_i,2017,18.83
svn,sex_f,age_aggregate_y25_54,eco_isic4_i,2018,16.471
svn,sex_f,age_aggregate_y25_54,eco_isic4_i,2019,15.574
svn,sex_f,age_aggregate_y25_54,eco_isic4_i,2020,13.101
svn,sex_f,age_aggregate_y25_54,eco_isic4_i,2021,9.028
svn,sex_f,age_aggregate_y25_54,eco_isic4_i,2022,13.36
svn,sex_f,age_aggregate_y25_54,eco_isic4_i,2023,14.316
svn,sex_f,age_aggregate_y25_54,eco_isic4_j,2008,7.084
svn,sex_f,age_aggregate_y25_54,eco_isic4_j,2009,6.456
svn,sex_f,age_aggregate_y25_54,eco_isic4_j,2010,8.606
svn,sex_f,age_aggregate_y25_54,eco_isic4_j,2011,8.613
svn,sex_f,age_aggregate_y25_54,eco_isic4_j,2012,6.964
svn,sex_f,age_aggregate_y25_54,eco_isic4_j,2013,6.989
svn,sex_f,age_aggregate_y25_54,eco_isic4_j,2014,8.617
svn,sex_f,age_aggregate_y25_54,eco_isic4_j,2015,9.503
svn,sex_f,age_aggregate_y25_54,eco_isic4_j,2016,8.62
svn,sex_f,age_aggregate_y25_54,eco_isic4_j,2017,7.354
svn,sex_f,age_aggregate_y25_54,eco_isic4_j,2018,7.401
svn,sex_f,age_aggregate_y25_54,eco_isic4_j,2019,8.774
svn,sex_f,age_aggregate_y25_54,eco_isic4_j,2020,9.43
svn,sex_f,age_aggregate_y25_54,eco_isic4_j,2021,8.424
svn,sex_f,age_aggregate_y25_54,eco_isic4_j,2022,8.351
svn,sex_f,age_aggregate_y25_54,eco_isic4_j,2023,8.015
svn,sex_f,age_aggregate_y25_54,eco_isic4_k,2008,14.676
svn,sex_f,age_aggregate_y25_54,eco_isic4_k,2009,15.658
svn,sex_f,age_aggregate_y25_54,eco_isic4_k,2010,14.338
svn,sex_f,age_aggregate_y25_54,eco_isic4_k,2011,15.581
svn,sex_f,age_aggregate_y25_54,eco_isic4_k,2012,17.413
svn,sex_f,age_aggregate_y25_54,eco_isic4_k,2013,13.766
svn,sex_f,age_aggregate_y25_54,eco_isic4_k,2014,12.719
svn,sex_f,age_aggregate_y25_54,eco_isic4_k,2015,13.126
svn,sex_f,age_aggregate_y25_54,eco_isic4_k,2016,11.379
svn,sex_f,age_aggregate_y25_54,eco_isic4_k,2017,10.771
svn,sex_f,age_aggregate_y25_54,eco_isic4_k,2018,11.163
svn,sex_f,age_aggregate_y25_54,eco_isic4_k,2019,13.112
svn,sex_f,age_aggregate_y25_54,eco_isic4_k,2020,15.178
svn,sex_f,age_aggregate_y25_54,eco_isic4_k,2021,10.149
svn,sex_f,age_aggregate_y25_54,eco_isic4_k,2022,9.506
svn,sex_f,age_aggregate_y25_54,eco_isic4_k,2023,9.315
svn,sex_f,age_aggregate_y25_54,eco_isic4_l,2008,1.103
svn,sex_f,age_aggregate_y25_54,eco_isic4_l,2009,0.961
svn,sex_f,age_aggregate_y25_54,eco_isic4_l,2010,0.911
svn,sex_f,age_aggregate_y25_54,eco_isic4_l,2011,1.065
svn,sex_f,age_aggregate_y25_54,eco_isic4_l,2012,0.763
svn,sex_f,age_aggregate_y25_54,eco_isic4_l,2013,1.226
svn,sex_f,age_aggregate_y25_54,eco_isic4_l,2014,1.166
svn,sex_f,age_aggregate_y25_54,eco_isic4_l,2015,0.558
svn,sex_f,age_aggregate_y25_54,eco_isic4_l,2016,0.498
svn,sex_f,age_aggregate_y25_54,eco_isic4_l,2017,1
svn,sex_f,age_aggregate_y25_54,eco_isic4_l,2018,1.194
svn,sex_f,age_aggregate_y25_54,eco_isic4_l,2019,0.466
svn,sex_f,age_aggregate_y25_54,eco_isic4_l,2020,0.826
svn,sex_f,age_aggregate_y25_54,eco_isic4_l,2021,1.166
svn,sex_f,age_aggregate_y25_54,eco_isic4_l,2022,0.819
svn,sex_f,age_aggregate_y25_54,eco_isic4_l,2023,0.566
svn,sex_f,age_aggregate_y25_54,eco_isic4_m,2008,14.897
svn,sex_f,age_aggregate_y25_54,eco_isic4_m,2009,14.604
svn,sex_f,age_aggregate_y25_54,eco_isic4_m,2010,12.77
svn,sex_f,age_aggregate_y25_54,eco_isic4_m,2011,13.599
svn,sex_f,age_aggregate_y25_54,eco_isic4_m,2012,15.341
svn,sex_f,age_aggregate_y25_54,eco_isic4_m,2013,14.424
svn,sex_f,age_aggregate_y25_54,eco_isic4_m,2014,13.955
svn,sex_f,age_aggregate_y25_54,eco_isic4_m,2015,12.819
svn,sex_f,age_aggregate_y25_54,eco_isic4_m,2016,14.317
svn,sex_f,age_aggregate_y25_54,eco_isic4_m,2017,14.667
svn,sex_f,age_aggregate_y25_54,eco_isic4_m,2018,11.847
svn,sex_f,age_aggregate_y25_54,eco_isic4_m,2019,12.313
svn,sex_f,age_aggregate_y25_54,eco_isic4_m,2020,14.415
svn,sex_f,age_aggregate_y25_54,eco_isic4_m,2021,20.092
svn,sex_f,age_aggregate_y25_54,eco_isic4_m,2022,18.187
svn,sex_f,age_aggregate_y25_54,eco_isic4_m,2023,15.456
svn,sex_f,age_aggregate_y25_54,eco_isic4_n,2008,9.307
svn,sex_f,age_aggregate_y25_54,eco_isic4_n,2009,8.587
svn,sex_f,age_aggregate_y25_54,eco_isic4_n,2010,8.35
svn,sex_f,age_aggregate_y25_54,eco_isic4_n,2011,7.609
svn,sex_f,age_aggregate_y25_54,eco_isic4_n,2012,9.219
svn,sex_f,age_aggregate_y25_54,eco_isic4_n,2013,9.369
svn,sex_f,age_aggregate_y25_54,eco_isic4_n,2014,9.366
svn,sex_f,age_aggregate_y25_54,eco_isic4_n,2015,7.354
svn,sex_f,age_aggregate_y25_54,eco_isic4_n,2016,8.168
svn,sex_f,age_aggregate_y25_54,eco_isic4_n,2017,9.107
svn,sex_f,age_aggregate_y25_54,eco_isic4_n,2018,8.025
svn,sex_f,age_aggregate_y25_54,eco_isic4_n,2019,7.898
svn,sex_f,age_aggregate_y25_54,eco_isic4_n,2020,9.367
svn,sex_f,age_aggregate_y25_54,eco_isic4_n,2021,8.932
svn,sex_f,age_aggregate_y25_54,eco_isic4_n,2022,9.643
svn,sex_f,age_aggregate_y25_54,eco_isic4_n,2023,11.869
svn,sex_f,age_aggregate_y25_54,eco_isic4_o,2008,25.125
svn,sex_f,age_aggregate_y25_54,eco_isic4_o,2009,27.462
svn,sex_f,age_aggregate_y25_54,eco_isic4_o,2010,25.575
svn,sex_f,age_aggregate_y25_54,eco_isic4_o,2011,26.502
svn,sex_f,age_aggregate_y25_54,eco_isic4_o,2012,29.055
svn,sex_f,age_aggregate_y25_54,eco_isic4_o,2013,24.383
svn,sex_f,age_aggregate_y25_54,eco_isic4_o,2014,25.862
svn,sex_f,age_aggregate_y25_54,eco_isic4_o,2015,23.252
svn,sex_f,age_aggregate_y25_54,eco_isic4_o,2016,25.549
svn,sex_f,age_aggregate_y25_54,eco_isic4_o,2017,27.069
svn,sex_f,age_aggregate_y25_54,eco_isic4_o,2018,24.286
svn,sex_f,age_aggregate_y25_54,eco_isic4_o,2019,24.899
svn,sex_f,age_aggregate_y25_54,eco_isic4_o,2020,24.634
svn,sex_f,age_aggregate_y25_54,eco_isic4_o,2021,24.945
svn,sex_f,age_aggregate_y25_54,eco_isic4_o,2022,24.329
svn,sex_f,age_aggregate_y25_54,eco_isic4_o,2023,22.508
svn,sex_f,age_aggregate_y25_54,eco_isic4_p,2008,52.51
svn,sex_f,age_aggregate_y25_54,eco_isic4_p,2009,50.209
svn,sex_f,age_aggregate_y25_54,eco_isic4_p,2010,50.737
svn,sex_f,age_aggregate_y25_54,eco_isic4_p,2011,52.283
svn,sex_f,age_aggregate_y25_54,eco_isic4_p,2012,54.604
svn,sex_f,age_aggregate_y25_54,eco_isic4_p,2013,51.573
svn,sex_f,age_aggregate_y25_54,eco_isic4_p,2014,48.639
svn,sex_f,age_aggregate_y25_54,eco_isic4_p,2015,51.697
svn,sex_f,age_aggregate_y25_54,eco_isic4_p,2016,50.349
svn,sex_f,age_aggregate_y25_54,eco_isic4_p,2017,52.822
svn,sex_f,age_aggregate_y25_54,eco_isic4_p,2018,49.346
svn,sex_f,age_aggregate_y25_54,eco_isic4_p,2019,50.998
svn,sex_f,age_aggregate_y25_54,eco_isic4_p,2020,55.064
svn,sex_f,age_aggregate_y25_54,eco_isic4_p,2021,56.222
svn,sex_f,age_aggregate_y25_54,eco_isic4_p,2022,54.711
svn,sex_f,age_aggregate_y25_54,eco_isic4_p,2023,51.619
svn,sex_f,age_aggregate_y25_54,eco_isic4_q,2008,38.466
svn,sex_f,age_aggregate_y25_54,eco_isic4_q,2009,34.788
svn,sex_f,age_aggregate_y25_54,eco_isic4_q,2010,37.107
svn,sex_f,age_aggregate_y25_54,eco_isic4_q,2011,37.156
svn,sex_f,age_aggregate_y25_54,eco_isic4_q,2012,35.571
svn,sex_f,age_aggregate_y25_54,eco_isic4_q,2013,37.416
svn,sex_f,age_aggregate_y25_54,eco_isic4_q,2014,36.944
svn,sex_f,age_aggregate_y25_54,eco_isic4_q,2015,38.644
svn,sex_f,age_aggregate_y25_54,eco_isic4_q,2016,41.656
svn,sex_f,age_aggregate_y25_54,eco_isic4_q,2017,39.022
svn,sex_f,age_aggregate_y25_54,eco_isic4_q,2018,41.369
svn,sex_f,age_aggregate_y25_54,eco_isic4_q,2019,42.389
svn,sex_f,age_aggregate_y25_54,eco_isic4_q,2020,42.53
svn,sex_f,age_aggregate_y25_54,eco_isic4_q,2021,46.095
svn,sex_f,age_aggregate_y25_54,eco_isic4_q,2022,46.367
svn,sex_f,age_aggregate_y25_54,eco_isic4_q,2023,44.134
svn,sex_f,age_aggregate_y25_54,eco_isic4_r,2008,5.514
svn,sex_f,age_aggregate_y25_54,eco_isic4_r,2009,7.06
svn,sex_f,age_aggregate_y25_54,eco_isic4_r,2010,6.47
svn,sex_f,age_aggregate_y25_54,eco_isic4_r,2011,6.5
svn,sex_f,age_aggregate_y25_54,eco_isic4_r,2012,5.463
svn,sex_f,age_aggregate_y25_54,eco_isic4_r,2013,4.776
svn,sex_f,age_aggregate_y25_54,eco_isic4_r,2014,4.914
svn,sex_f,age_aggregate_y25_54,eco_isic4_r,2015,6.149
svn,sex_f,age_aggregate_y25_54,eco_isic4_r,2016,3.473
svn,sex_f,age_aggregate_y25_54,eco_isic4_r,2017,4.667
svn,sex_f,age_aggregate_y25_54,eco_isic4_r,2018,4.044
svn,sex_f,age_aggregate_y25_54,eco_isic4_r,2019,5.901
svn,sex_f,age_aggregate_y25_54,eco_isic4_r,2020,5.465
svn,sex_f,age_aggregate_y25_54,eco_isic4_r,2021,5.31
svn,sex_f,age_aggregate_y25_54,eco_isic4_r,2022,6.256
svn,sex_f,age_aggregate_y25_54,eco_isic4_r,2023,4.76
svn,sex_f,age_aggregate_y25_54,eco_isic4_s,2008,4.528
svn,sex_f,age_aggregate_y25_54,eco_isic4_s,2009,5.037
svn,sex_f,age_aggregate_y25_54,eco_isic4_s,2010,6.192
svn,sex_f,age_aggregate_y25_54,eco_isic4_s,2011,5.617
svn,sex_f,age_aggregate_y25_54,eco_isic4_s,2012,5.918
svn,sex_f,age_aggregate_y25_54,eco_isic4_s,2013,5.137
svn,sex_f,age_aggregate_y25_54,eco_isic4_s,2014,4.469
svn,sex_f,age_aggregate_y25_54,eco_isic4_s,2015,4.372
svn,sex_f,age_aggregate_y25_54,eco_isic4_s,2016,4.34
svn,sex_f,age_aggregate_y25_54,eco_isic4_s,2017,4.71
svn,sex_f,age_aggregate_y25_54,eco_isic4_s,2018,4.26
svn,sex_f,age_aggregate_y25_54,eco_isic4_s,2019,4.834
svn,sex_f,age_aggregate_y25_54,eco_isic4_s,2020,5.534
svn,sex_f,age_aggregate_y25_54,eco_isic4_s,2021,5.402
svn,sex_f,age_aggregate_y25_54,eco_isic4_s,2022,5.697
svn,sex_f,age_aggregate_y25_54,eco_isic4_s,2023,6.75
svn,sex_f,age_aggregate_y25_54,eco_isic4_t,2008,0.394
svn,sex_f,age_aggregate_y25_54,eco_isic4_t,2010,0.15
svn,sex_f,age_aggregate_y25_54,eco_isic4_t,2011,0.152
svn,sex_f,age_aggregate_y25_54,eco_isic4_t,2021,0.239
svn,sex_f,age_aggregate_y25_54,eco_isic4_t,2022,0.21
svn,sex_f,age_aggregate_y25_54,eco_isic4_t,2023,0.305
svn,sex_f,age_aggregate_y25_54,eco_isic4_total,2008,348.416
svn,sex_f,age_aggregate_y25_54,eco_isic4_total,2009,338.916
svn,sex_f,age_aggregate_y25_54,eco_isic4_total,2010,329.991
svn,sex_f,age_aggregate_y25_54,eco_isic4_total,2011,325.317
svn,sex_f,age_aggregate_y25_54,eco_isic4_total,2012,322.011
svn,sex_f,age_aggregate_y25_54,eco_isic4_total,2013,310.091
svn,sex_f,age_aggregate_y25_54,eco_isic4_total,2014,301.238
svn,sex_f,age_aggregate_y25_54,eco_isic4_total,2015,301.629
svn,sex_f,age_aggregate_y25_54,eco_isic4_total,2016,312.697
svn,sex_f,age_aggregate_y25_54,eco_isic4_total,2017,318.386
svn,sex_f,age_aggregate_y25_54,eco_isic4_total,2018,315.571
svn,sex_f,age_aggregate_y25_54,eco_isic4_total,2019,321.886
svn,sex_f,age_aggregate_y25_54,eco_isic4_total,2020,318.358
svn,sex_f,age_aggregate_y25_54,eco_isic4_total,2021,308.556
svn,sex_f,age_aggregate_y25_54,eco_isic4_total,2022,310.765
svn,sex_f,age_aggregate_y25_54,eco_isic4_total,2023,307.626
svn,sex_f,age_aggregate_y25_54,eco_isic4_u,2008,0.2
svn,sex_f,age_aggregate_y25_54,eco_isic4_u,2021,0.281
svn,sex_f,age_aggregate_y25_54,eco_isic4_u,2022,0.169
svn,sex_f,age_aggregate_y25_54,eco_isic4_x,2008,1.362
svn,sex_f,age_aggregate_y25_54,eco_isic4_x,2009,1.232
svn,sex_f,age_aggregate_y25_54,eco_isic4_x,2010,0.752
svn,sex_f,age_aggregate_y25_54,eco_isic4_x,2011,1.649
svn,sex_f,age_aggregate_y25_54,eco_isic4_x,2012,2.03
svn,sex_f,age_aggregate_y25_54,eco_isic4_x,2013,1.134
svn,sex_f,age_aggregate_y25_54,eco_isic4_x,2014,1.627
svn,sex_f,age_aggregate_y25_54,eco_isic4_x,2015,3.147
svn,sex_f,age_aggregate_y25_54,eco_isic4_x,2016,1.596
svn,sex_f,age_aggregate_y25_54,eco_isic4_x,2017,1.712
svn,sex_f,age_aggregate_y25_54,eco_isic4_x,2018,1.881
svn,sex_f,age_aggregate_y25_54,eco_isic4_x,2019,1.339
svn,sex_f,age_aggregate_y25_54,eco_isic4_x,2020,1.142
svn,sex_f,age_aggregate_y25_54,eco_isic4_x,2021,1.146
svn,sex_f,age_aggregate_y25_54,eco_isic4_x,2022,1.065
svn,sex_f,age_aggregate_y25_54,eco_isic4_x,2023,1.169
svn,sex_f,age_aggregate_y25_54,eco_sector_agr,1996,4.529
svn,sex_f,age_aggregate_y25_54,eco_sector_agr,1997,4.027
svn,sex_f,age_aggregate_y25_54,eco_sector_agr,1998,4.07
svn,sex_f,age_aggregate_y25_54,eco_sector_agr,1999,2.188
svn,sex_f,age_aggregate_y25_54,eco_sector_agr,2000,3.127
svn,sex_f,age_aggregate_y25_54,eco_sector_agr,2001,1.597
svn,sex_f,age_aggregate_y25_54,eco_sector_agr,2002,3.189
svn,sex_f,age_aggregate_y25_54,eco_sector_agr,2003,3.616
svn,sex_f,age_aggregate_y25_54,eco_sector_agr,2004,4.566
svn,sex_f,age_aggregate_y25_54,eco_sector_agr,2005,2.843
svn,sex_f,age_aggregate_y25_54,eco_sector_agr,2006,2.7
svn,sex_f,age_aggregate_y25_54,eco_sector_agr,2007,4.608
svn,sex_f,age_aggregate_y25_54,eco_sector_agr,2008,3.641
svn,sex_f,age_aggregate_y25_54,eco_sector_agr,2009,2.957
svn,sex_f,age_aggregate_y25_54,eco_sector_agr,2010,2.646
svn,sex_f,age_aggregate_y25_54,eco_sector_agr,2011,2.813
svn,sex_f,age_aggregate_y25_54,eco_sector_agr,2012,2.745
svn,sex_f,age_aggregate_y25_54,eco_sector_agr,2013,2.194
svn,sex_f,age_aggregate_y25_54,eco_sector_agr,2014,2.823
svn,sex_f,age_aggregate_y25_54,eco_sector_agr,2015,2.249
svn,sex_f,age_aggregate_y25_54,eco_sector_agr,2016,2.092
svn,sex_f,age_aggregate_y25_54,eco_sector_agr,2017,2.826
svn,sex_f,age_aggregate_y25_54,eco_sector_agr,2018,1.964
svn,sex_f,age_aggregate_y25_54,eco_sector_agr,2019,2.261
svn,sex_f,age_aggregate_y25_54,eco_sector_agr,2020,2.447
svn,sex_f,age_aggregate_y25_54,eco_sector_agr,2021,2.867
svn,sex_f,age_aggregate_y25_54,eco_sector_agr,2022,3.295
svn,sex_f,age_aggregate_y25_54,eco_sector_agr,2023,2.078
svn,sex_f,age_aggregate_y25_54,eco_sector_ind,1996,111.212
svn,sex_f,age_aggregate_y25_54,eco_sector_ind,1997,109.793
svn,sex_f,age_aggregate_y25_54,eco_sector_ind,1998,105.752
svn,sex_f,age_aggregate_y25_54,eco_sector_ind,1999,95.201
svn,sex_f,age_aggregate_y25_54,eco_sector_ind,2000,103.844
svn,sex_f,age_aggregate_y25_54,eco_sector_ind,2001,103.935
svn,sex_f,age_aggregate_y25_54,eco_sector_ind,2002,106.341
svn,sex_f,age_aggregate_y25_54,eco_sector_ind,2003,95.709
svn,sex_f,age_aggregate_y25_54,eco_sector_ind,2004,96.441
svn,sex_f,age_aggregate_y25_54,eco_sector_ind,2005,96.187
svn,sex_f,age_aggregate_y25_54,eco_sector_ind,2006,89.759
svn,sex_f,age_aggregate_y25_54,eco_sector_ind,2007,86.47
svn,sex_f,age_aggregate_y25_54,eco_sector_ind,2008,91.366
svn,sex_f,age_aggregate_y25_54,eco_sector_ind,2009,87.382
svn,sex_f,age_aggregate_y25_54,eco_sector_ind,2010,80.873
svn,sex_f,age_aggregate_y25_54,eco_sector_ind,2011,69.71
svn,sex_f,age_aggregate_y25_54,eco_sector_ind,2012,65.897
svn,sex_f,age_aggregate_y25_54,eco_sector_ind,2013,65.723
svn,sex_f,age_aggregate_y25_54,eco_sector_ind,2014,63.141
svn,sex_f,age_aggregate_y25_54,eco_sector_ind,2015,61.854
svn,sex_f,age_aggregate_y25_54,eco_sector_ind,2016,67.053
svn,sex_f,age_aggregate_y25_54,eco_sector_ind,2017,67.995
svn,sex_f,age_aggregate_y25_54,eco_sector_ind,2018,73.935
svn,sex_f,age_aggregate_y25_54,eco_sector_ind,2019,72.167
svn,sex_f,age_aggregate_y25_54,eco_sector_ind,2020,66.596
svn,sex_f,age_aggregate_y25_54,eco_sector_ind,2021,56.74
svn,sex_f,age_aggregate_y25_54,eco_sector_ind,2022,59.211
svn,sex_f,age_aggregate_y25_54,eco_sector_ind,2023,62.945
svn,sex_f,age_aggregate_y25_54,eco_sector_nag,1996,292.366
svn,sex_f,age_aggregate_y25_54,eco_sector_nag,1997,286.876
svn,sex_f,age_aggregate_y25_54,eco_sector_nag,1998,295.71
svn,sex_f,age_aggregate_y25_54,eco_sector_nag,1999,294.999
svn,sex_f,age_aggregate_y25_54,eco_sector_nag,2000,314.872
svn,sex_f,age_aggregate_y25_54,eco_sector_nag,2001,317.411
svn,sex_f,age_aggregate_y25_54,eco_sector_nag,2002,322.274
svn,sex_f,age_aggregate_y25_54,eco_sector_nag,2003,320.602
svn,sex_f,age_aggregate_y25_54,eco_sector_nag,2004,326.243
svn,sex_f,age_aggregate_y25_54,eco_sector_nag,2005,330.483
svn,sex_f,age_aggregate_y25_54,eco_sector_nag,2006,328.813
svn,sex_f,age_aggregate_y25_54,eco_sector_nag,2007,330.599
svn,sex_f,age_aggregate_y25_54,eco_sector_nag,2008,344.775
svn,sex_f,age_aggregate_y25_54,eco_sector_nag,2009,335.959
svn,sex_f,age_aggregate_y25_54,eco_sector_nag,2010,327.345
svn,sex_f,age_aggregate_y25_54,eco_sector_nag,2011,322.504
svn,sex_f,age_aggregate_y25_54,eco_sector_nag,2012,319.266
svn,sex_f,age_aggregate_y25_54,eco_sector_nag,2013,307.897
svn,sex_f,age_aggregate_y25_54,eco_sector_nag,2014,298.416
svn,sex_f,age_aggregate_y25_54,eco_sector_nag,2015,299.38
svn,sex_f,age_aggregate_y25_54,eco_sector_nag,2016,310.605
svn,sex_f,age_aggregate_y25_54,eco_sector_nag,2017,315.56
svn,sex_f,age_aggregate_y25_54,eco_sector_nag,2018,313.607
svn,sex_f,age_aggregate_y25_54,eco_sector_nag,2019,319.625
svn,sex_f,age_aggregate_y25_54,eco_sector_nag,2020,315.91
svn,sex_f,age_aggregate_y25_54,eco_sector_nag,2021,305.689
svn,sex_f,age_aggregate_y25_54,eco_sector_nag,2022,307.47
svn,sex_f,age_aggregate_y25_54,eco_sector_nag,2023,305.548
svn,sex_f,age_aggregate_y25_54,eco_sector_ser,1996,180.748
svn,sex_f,age_aggregate_y25_54,eco_sector_ser,1997,176.699
svn,sex_f,age_aggregate_y25_54,eco_sector_ser,1998,188.791
svn,sex_f,age_aggregate_y25_54,eco_sector_ser,1999,199.408
svn,sex_f,age_aggregate_y25_54,eco_sector_ser,2000,210.026
svn,sex_f,age_aggregate_y25_54,eco_sector_ser,2001,211.331
svn,sex_f,age_aggregate_y25_54,eco_sector_ser,2002,213.937
svn,sex_f,age_aggregate_y25_54,eco_sector_ser,2003,223.387
svn,sex_f,age_aggregate_y25_54,eco_sector_ser,2004,227.994
svn,sex_f,age_aggregate_y25_54,eco_sector_ser,2005,233.28
svn,sex_f,age_aggregate_y25_54,eco_sector_ser,2006,237.546
svn,sex_f,age_aggregate_y25_54,eco_sector_ser,2007,241.026
svn,sex_f,age_aggregate_y25_54,eco_sector_ser,2008,252.047
svn,sex_f,age_aggregate_y25_54,eco_sector_ser,2009,247.345
svn,sex_f,age_aggregate_y25_54,eco_sector_ser,2010,245.72
svn,sex_f,age_aggregate_y25_54,eco_sector_ser,2011,251.145
svn,sex_f,age_aggregate_y25_54,eco_sector_ser,2012,251.34
svn,sex_f,age_aggregate_y25_54,eco_sector_ser,2013,241.04
svn,sex_f,age_aggregate_y25_54,eco_sector_ser,2014,233.647
svn,sex_f,age_aggregate_y25_54,eco_sector_ser,2015,234.379
svn,sex_f,age_aggregate_y25_54,eco_sector_ser,2016,241.956
svn,sex_f,age_aggregate_y25_54,eco_sector_ser,2017,245.854
svn,sex_f,age_aggregate_y25_54,eco_sector_ser,2018,237.791
svn,sex_f,age_aggregate_y25_54,eco_sector_ser,2019,246.118
svn,sex_f,age_aggregate_y25_54,eco_sector_ser,2020,248.173
svn,sex_f,age_aggregate_y25_54,eco_sector_ser,2021,247.803
svn,sex_f,age_aggregate_y25_54,eco_sector_ser,2022,247.194
svn,sex_f,age_aggregate_y25_54,eco_sector_ser,2023,241.434
svn,sex_f,age_aggregate_y25_54,eco_sector_total,1996,296.894
svn,sex_f,age_aggregate_y25_54,eco_sector_total,1997,290.902
svn,sex_f,age_aggregate_y25_54,eco_sector_total,1998,299.779
svn,sex_f,age_aggregate_y25_54,eco_sector_total,1999,297.187
svn,sex_f,age_aggregate_y25_54,eco_sector_total,2000,317.999
svn,sex_f,age_aggregate_y25_54,eco_sector_total,2001,319.008
svn,sex_f,age_aggregate_y25_54,eco_sector_total,2002,325.464
svn,sex_f,age_aggregate_y25_54,eco_sector_total,2003,324.218
svn,sex_f,age_aggregate_y25_54,eco_sector_total,2004,330.809
svn,sex_f,age_aggregate_y25_54,eco_sector_total,2005,333.326
svn,sex_f,age_aggregate_y25_54,eco_sector_total,2006,331.512
svn,sex_f,age_aggregate_y25_54,eco_sector_total,2007,335.207
svn,sex_f,age_aggregate_y25_54,eco_sector_total,2008,348.416
svn,sex_f,age_aggregate_y25_54,eco_sector_total,2009,338.916
svn,sex_f,age_aggregate_y25_54,eco_sector_total,2010,329.991
svn,sex_f,age_aggregate_y25_54,eco_sector_total,2011,325.317
svn,sex_f,age_aggregate_y25_54,eco_sector_total,2012,322.011
svn,sex_f,age_aggregate_y25_54,eco_sector_total,2013,310.091
svn,sex_f,age_aggregate_y25_54,eco_sector_total,2014,301.238
svn,sex_f,age_aggregate_y25_54,eco_sector_total,2015,301.629
svn,sex_f,age_aggregate_y25_54,eco_sector_total,2016,312.697
svn,sex_f,age_aggregate_y25_54,eco_sector_total,2017,318.386
svn,sex_f,age_aggregate_y25_54,eco_sector_total,2018,315.571
svn,sex_f,age_aggregate_y25_54,eco_sector_total,2019,321.886
svn,sex_f,age_aggregate_y25_54,eco_sector_total,2020,318.358
svn,sex_f,age_aggregate_y25_54,eco_sector_total,2021,308.556
svn,sex_f,age_aggregate_y25_54,eco_sector_total,2022,310.765
svn,sex_f,age_aggregate_y25_54,eco_sector_total,2023,307.626
svn,sex_f,age_aggregate_y25_54,eco_sector_x,1997,0.384
svn,sex_f,age_aggregate_y25_54,eco_sector_x,1998,1.167
svn,sex_f,age_aggregate_y25_54,eco_sector_x,2000,1.002
svn,sex_f,age_aggregate_y25_54,eco_sector_x,2001,2.145
svn,sex_f,age_aggregate_y25_54,eco_sector_x,2002,1.996
svn,sex_f,age_aggregate_y25_54,eco_sector_x,2003,1.507
svn,sex_f,age_aggregate_y25_54,eco_sector_x,2004,1.808
svn,sex_f,age_aggregate_y25_54,eco_sector_x,2005,1.016
svn,sex_f,age_aggregate_y25_54,eco_sector_x,2006,1.507
svn,sex_f,age_aggregate_y25_54,eco_sector_x,2007,3.103
svn,sex_f,age_aggregate_y25_54,eco_sector_x,2008,1.362
svn,sex_f,age_aggregate_y25_54,eco_sector_x,2009,1.232
svn,sex_f,age_aggregate_y25_54,eco_sector_x,2010,0.752
svn,sex_f,age_aggregate_y25_54,eco_sector_x,2011,1.649
svn,sex_f,age_aggregate_y25_54,eco_sector_x,2012,2.03
svn,sex_f,age_aggregate_y25_54,eco_sector_x,2013,1.134
svn,sex_f,age_aggregate_y25_54,eco_sector_x,2014,1.627
svn,sex_f,age_aggregate_y25_54,eco_sector_x,2015,3.147
svn,sex_f,age_aggregate_y25_54,eco_sector_x,2016,1.596
svn,sex_f,age_aggregate_y25_54,eco_sector_x,2017,1.712
svn,sex_f,age_aggregate_y25_54,eco_sector_x,2018,1.881
svn,sex_f,age_aggregate_y25_54,eco_sector_x,2019,1.339
svn,sex_f,age_aggregate_y25_54,eco_sector_x,2020,1.142
svn,sex_f,age_aggregate_y25_54,eco_sector_x,2021,1.146
svn,sex_f,age_aggregate_y25_54,eco_sector_x,2022,1.065
svn,sex_f,age_aggregate_y25_54,eco_sector_x,2023,1.169
svn,sex_f,age_aggregate_y55_64,eco_aggregate_agr,2005,0.255
svn,sex_f,age_aggregate_y55_64,eco_aggregate_agr,2006,0.244
svn,sex_f,age_aggregate_y55_64,eco_aggregate_agr,2007,0.35
svn,sex_f,age_aggregate_y55_64,eco_aggregate_agr,2008,0.282
svn,sex_f,age_aggregate_y55_64,eco_aggregate_agr,2010,0.118
svn,sex_f,age_aggregate_y55_64,eco_aggregate_agr,2011,0.127
svn,sex_f,age_aggregate_y55_64,eco_aggregate_agr,2012,0.316
svn,sex_f,age_aggregate_y55_64,eco_aggregate_agr,2013,0.383
svn,sex_f,age_aggregate_y55_64,eco_aggregate_agr,2014,0.18
svn,sex_f,age_aggregate_y55_64,eco_aggregate_agr,2016,0.255
svn,sex_f,age_aggregate_y55_64,eco_aggregate_agr,2017,0.32
svn,sex_f,age_aggregate_y55_64,eco_aggregate_agr,2018,0.718
svn,sex_f,age_aggregate_y55_64,eco_aggregate_agr,2019,0.601
svn,sex_f,age_aggregate_y55_64,eco_aggregate_agr,2020,0.208
svn,sex_f,age_aggregate_y55_64,eco_aggregate_agr,2021,0.398
svn,sex_f,age_aggregate_y55_64,eco_aggregate_agr,2022,0.472
svn,sex_f,age_aggregate_y55_64,eco_aggregate_agr,2023,0.674
svn,sex_f,age_aggregate_y55_64,eco_aggregate_con,2004,0
svn,sex_f,age_aggregate_y55_64,eco_aggregate_con,2006,0.272
svn,sex_f,age_aggregate_y55_64,eco_aggregate_con,2007,0.125
svn,sex_f,age_aggregate_y55_64,eco_aggregate_con,2008,0.143
svn,sex_f,age_aggregate_y55_64,eco_aggregate_con,2009,0.502
svn,sex_f,age_aggregate_y55_64,eco_aggregate_con,2010,0.272
svn,sex_f,age_aggregate_y55_64,eco_aggregate_con,2011,0.152
svn,sex_f,age_aggregate_y55_64,eco_aggregate_con,2012,0.39
svn,sex_f,age_aggregate_y55_64,eco_aggregate_con,2013,0.567
svn,sex_f,age_aggregate_y55_64,eco_aggregate_con,2014,0.275
svn,sex_f,age_aggregate_y55_64,eco_aggregate_con,2015,0.398
svn,sex_f,age_aggregate_y55_64,eco_aggregate_con,2016,0.459
svn,sex_f,age_aggregate_y55_64,eco_aggregate_con,2017,0.375
svn,sex_f,age_aggregate_y55_64,eco_aggregate_con,2018,0.727
svn,sex_f,age_aggregate_y55_64,eco_aggregate_con,2019,0.645
svn,sex_f,age_aggregate_y55_64,eco_aggregate_con,2020,0.594
svn,sex_f,age_aggregate_y55_64,eco_aggregate_con,2021,0.92
svn,sex_f,age_aggregate_y55_64,eco_aggregate_con,2022,0.865
svn,sex_f,age_aggregate_y55_64,eco_aggregate_con,2023,0.758
svn,sex_f,age_aggregate_y55_64,eco_aggregate_man,1996,0.462
svn,sex_f,age_aggregate_y55_64,eco_aggregate_man,1997,0.675
svn,sex_f,age_aggregate_y55_64,eco_aggregate_man,1998,0.366
svn,sex_f,age_aggregate_y55_64,eco_aggregate_man,1999,0.393
svn,sex_f,age_aggregate_y55_64,eco_aggregate_man,2001,0.995
svn,sex_f,age_aggregate_y55_64,eco_aggregate_man,2002,1.224
svn,sex_f,age_aggregate_y55_64,eco_aggregate_man,2003,1.614
svn,sex_f,age_aggregate_y55_64,eco_aggregate_man,2004,1.35
svn,sex_f,age_aggregate_y55_64,eco_aggregate_man,2005,1.895
svn,sex_f,age_aggregate_y55_64,eco_aggregate_man,2006,2.094
svn,sex_f,age_aggregate_y55_64,eco_aggregate_man,2007,2.337
svn,sex_f,age_aggregate_y55_64,eco_aggregate_man,2008,2.538
svn,sex_f,age_aggregate_y55_64,eco_aggregate_man,2009,2.536
svn,sex_f,age_aggregate_y55_64,eco_aggregate_man,2010,1.757
svn,sex_f,age_aggregate_y55_64,eco_aggregate_man,2011,2.003
svn,sex_f,age_aggregate_y55_64,eco_aggregate_man,2012,3.015
svn,sex_f,age_aggregate_y55_64,eco_aggregate_man,2013,2.222
svn,sex_f,age_aggregate_y55_64,eco_aggregate_man,2014,3.293
svn,sex_f,age_aggregate_y55_64,eco_aggregate_man,2015,4.98
svn,sex_f,age_aggregate_y55_64,eco_aggregate_man,2016,5.551
svn,sex_f,age_aggregate_y55_64,eco_aggregate_man,2017,6.668
svn,sex_f,age_aggregate_y55_64,eco_aggregate_man,2018,7.477
svn,sex_f,age_aggregate_y55_64,eco_aggregate_man,2019,10.283
svn,sex_f,age_aggregate_y55_64,eco_aggregate_man,2020,10.724
svn,sex_f,age_aggregate_y55_64,eco_aggregate_man,2021,9.17
svn,sex_f,age_aggregate_y55_64,eco_aggregate_man,2022,9.417
svn,sex_f,age_aggregate_y55_64,eco_aggregate_man,2023,10.751
svn,sex_f,age_aggregate_y55_64,eco_aggregate_mel,1997,0
svn,sex_f,age_aggregate_y55_64,eco_aggregate_mel,2001,0
svn,sex_f,age_aggregate_y55_64,eco_aggregate_mel,2002,0
svn,sex_f,age_aggregate_y55_64,eco_aggregate_mel,2005,0.098
svn,sex_f,age_aggregate_y55_64,eco_aggregate_mel,2006,0.16
svn,sex_f,age_aggregate_y55_64,eco_aggregate_mel,2007,0.183
svn,sex_f,age_aggregate_y55_64,eco_aggregate_mel,2008,0.103
svn,sex_f,age_aggregate_y55_64,eco_aggregate_mel,2009,0.208
svn,sex_f,age_aggregate_y55_64,eco_aggregate_mel,2010,0.165
svn,sex_f,age_aggregate_y55_64,eco_aggregate_mel,2011,0.325
svn,sex_f,age_aggregate_y55_64,eco_aggregate_mel,2013,0.256
svn,sex_f,age_aggregate_y55_64,eco_aggregate_mel,2014,0.404
svn,sex_f,age_aggregate_y55_64,eco_aggregate_mel,2015,0.415
svn,sex_f,age_aggregate_y55_64,eco_aggregate_mel,2016,0.296
svn,sex_f,age_aggregate_y55_64,eco_aggregate_mel,2017,0.386
svn,sex_f,age_aggregate_y55_64,eco_aggregate_mel,2018,0.678
svn,sex_f,age_aggregate_y55_64,eco_aggregate_mel,2019,0.791
svn,sex_f,age_aggregate_y55_64,eco_aggregate_mel,2020,1.199
svn,sex_f,age_aggregate_y55_64,eco_aggregate_mel,2021,0.946
svn,sex_f,age_aggregate_y55_64,eco_aggregate_mel,2022,1.173
svn,sex_f,age_aggregate_y55_64,eco_aggregate_mel,2023,0.588
svn,sex_f,age_aggregate_y55_64,eco_aggregate_mkt,1996,1.614
svn,sex_f,age_aggregate_y55_64,eco_aggregate_mkt,1997,1.546
svn,sex_f,age_aggregate_y55_64,eco_aggregate_mkt,1998,2.648
svn,sex_f,age_aggregate_y55_64,eco_aggregate_mkt,1999,1.6
svn,sex_f,age_aggregate_y55_64,eco_aggregate_mkt,2000,0.95
svn,sex_f,age_aggregate_y55_64,eco_aggregate_mkt,2001,0.701
svn,sex_f,age_aggregate_y55_64,eco_aggregate_mkt,2002,0.817
svn,sex_f,age_aggregate_y55_64,eco_aggregate_mkt,2003,1.419
svn,sex_f,age_aggregate_y55_64,eco_aggregate_mkt,2004,2.612
svn,sex_f,age_aggregate_y55_64,eco_aggregate_mkt,2005,2.294
svn,sex_f,age_aggregate_y55_64,eco_aggregate_mkt,2006,2.932
svn,sex_f,age_aggregate_y55_64,eco_aggregate_mkt,2007,3.785
svn,sex_f,age_aggregate_y55_64,eco_aggregate_mkt,2008,5.215
svn,sex_f,age_aggregate_y55_64,eco_aggregate_mkt,2009,6.878
svn,sex_f,age_aggregate_y55_64,eco_aggregate_mkt,2010,6.835
svn,sex_f,age_aggregate_y55_64,eco_aggregate_mkt,2011,5.154
svn,sex_f,age_aggregate_y55_64,eco_aggregate_mkt,2012,7.127
svn,sex_f,age_aggregate_y55_64,eco_aggregate_mkt,2013,6.745
svn,sex_f,age_aggregate_y55_64,eco_aggregate_mkt,2014,8.636
svn,sex_f,age_aggregate_y55_64,eco_aggregate_mkt,2015,11.618
svn,sex_f,age_aggregate_y55_64,eco_aggregate_mkt,2016,12.582
svn,sex_f,age_aggregate_y55_64,eco_aggregate_mkt,2017,11.758
svn,sex_f,age_aggregate_y55_64,eco_aggregate_mkt,2018,13.025
svn,sex_f,age_aggregate_y55_64,eco_aggregate_mkt,2019,14.966
svn,sex_f,age_aggregate_y55_64,eco_aggregate_mkt,2020,17.976
svn,sex_f,age_aggregate_y55_64,eco_aggregate_mkt,2021,16.312
svn,sex_f,age_aggregate_y55_64,eco_aggregate_mkt,2022,17.422
svn,sex_f,age_aggregate_y55_64,eco_aggregate_mkt,2023,21.415
svn,sex_f,age_aggregate_y55_64,eco_aggregate_pub,1996,2.222
svn,sex_f,age_aggregate_y55_64,eco_aggregate_pub,1997,3.569
svn,sex_f,age_aggregate_y55_64,eco_aggregate_pub,1998,4.07
svn,sex_f,age_aggregate_y55_64,eco_aggregate_pub,1999,3.691
svn,sex_f,age_aggregate_y55_64,eco_aggregate_pub,2000,4.458
svn,sex_f,age_aggregate_y55_64,eco_aggregate_pub,2001,3.186
svn,sex_f,age_aggregate_y55_64,eco_aggregate_pub,2002,5.007
svn,sex_f,age_aggregate_y55_64,eco_aggregate_pub,2003,4.862
svn,sex_f,age_aggregate_y55_64,eco_aggregate_pub,2004,5.715
svn,sex_f,age_aggregate_y55_64,eco_aggregate_pub,2005,5.704
svn,sex_f,age_aggregate_y55_64,eco_aggregate_pub,2006,7.456
svn,sex_f,age_aggregate_y55_64,eco_aggregate_pub,2007,8.587
svn,sex_f,age_aggregate_y55_64,eco_aggregate_pub,2008,8.14
svn,sex_f,age_aggregate_y55_64,eco_aggregate_pub,2009,10.42
svn,sex_f,age_aggregate_y55_64,eco_aggregate_pub,2010,11.274
svn,sex_f,age_aggregate_y55_64,eco_aggregate_pub,2011,11.799
svn,sex_f,age_aggregate_y55_64,eco_aggregate_pub,2012,14.142
svn,sex_f,age_aggregate_y55_64,eco_aggregate_pub,2013,14.93
svn,sex_f,age_aggregate_y55_64,eco_aggregate_pub,2014,15.975
svn,sex_f,age_aggregate_y55_64,eco_aggregate_pub,2015,17.44
svn,sex_f,age_aggregate_y55_64,eco_aggregate_pub,2016,21.292
svn,sex_f,age_aggregate_y55_64,eco_aggregate_pub,2017,26.498
svn,sex_f,age_aggregate_y55_64,eco_aggregate_pub,2018,30.313
svn,sex_f,age_aggregate_y55_64,eco_aggregate_pub,2019,29.191
svn,sex_f,age_aggregate_y55_64,eco_aggregate_pub,2020,30.878
svn,sex_f,age_aggregate_y55_64,eco_aggregate_pub,2021,35.491
svn,sex_f,age_aggregate_y55_64,eco_aggregate_pub,2022,36.422
svn,sex_f,age_aggregate_y55_64,eco_aggregate_pub,2023,34.128
svn,sex_f,age_aggregate_y55_64,eco_aggregate_total,1996,4.695
svn,sex_f,age_aggregate_y55_64,eco_aggregate_total,1997,6.012
svn,sex_f,age_aggregate_y55_64,eco_aggregate_total,1998,7.282
svn,sex_f,age_aggregate_y55_64,eco_aggregate_total,1999,5.805
svn,sex_f,age_aggregate_y55_64,eco_aggregate_total,2000,6.122
svn,sex_f,age_aggregate_y55_64,eco_aggregate_total,2001,5.285
svn,sex_f,age_aggregate_y55_64,eco_aggregate_total,2002,7.419
svn,sex_f,age_aggregate_y55_64,eco_aggregate_total,2003,8.291
svn,sex_f,age_aggregate_y55_64,eco_aggregate_total,2004,10.266
svn,sex_f,age_aggregate_y55_64,eco_aggregate_total,2005,10.335
svn,sex_f,age_aggregate_y55_64,eco_aggregate_total,2006,13.195
svn,sex_f,age_aggregate_y55_64,eco_aggregate_total,2007,15.72
svn,sex_f,age_aggregate_y55_64,eco_aggregate_total,2008,16.575
svn,sex_f,age_aggregate_y55_64,eco_aggregate_total,2009,20.72
svn,sex_f,age_aggregate_y55_64,eco_aggregate_total,2010,20.455
svn,sex_f,age_aggregate_y55_64,eco_aggregate_total,2011,19.8
svn,sex_f,age_aggregate_y55_64,eco_aggregate_total,2012,25.198
svn,sex_f,age_aggregate_y55_64,eco_aggregate_total,2013,25.409
svn,sex_f,age_aggregate_y55_64,eco_aggregate_total,2014,29.252
svn,sex_f,age_aggregate_y55_64,eco_aggregate_total,2015,35.151
svn,sex_f,age_aggregate_y55_64,eco_aggregate_total,2016,40.688
svn,sex_f,age_aggregate_y55_64,eco_aggregate_total,2017,46.29
svn,sex_f,age_aggregate_y55_64,eco_aggregate_total,2018,53.046
svn,sex_f,age_aggregate_y55_64,eco_aggregate_total,2019,56.668
svn,sex_f,age_aggregate_y55_64,eco_aggregate_total,2020,61.755
svn,sex_f,age_aggregate_y55_64,eco_aggregate_total,2021,63.494
svn,sex_f,age_aggregate_y55_64,eco_aggregate_total,2022,65.856
svn,sex_f,age_aggregate_y55_64,eco_aggregate_total,2023,68.583
svn,sex_f,age_aggregate_y55_64,eco_aggregate_x,2007,0.353
svn,sex_f,age_aggregate_y55_64,eco_aggregate_x,2009,0.125
svn,sex_f,age_aggregate_y55_64,eco_aggregate_x,2011,0.241
svn,sex_f,age_aggregate_y55_64,eco_aggregate_x,2012,0.115
svn,sex_f,age_aggregate_y55_64,eco_aggregate_x,2013,0.306
svn,sex_f,age_aggregate_y55_64,eco_aggregate_x,2014,0.489
svn,sex_f,age_aggregate_y55_64,eco_aggregate_x,2015,0.217
svn,sex_f,age_aggregate_y55_64,eco_aggregate_x,2016,0.252
svn,sex_f,age_aggregate_y55_64,eco_aggregate_x,2017,0.285
svn,sex_f,age_aggregate_y55_64,eco_aggregate_x,2018,0.109
svn,sex_f,age_aggregate_y55_64,eco_aggregate_x,2019,0.191
svn,sex_f,age_aggregate_y55_64,eco_aggregate_x,2020,0.176
svn,sex_f,age_aggregate_y55_64,eco_aggregate_x,2021,0.257
svn,sex_f,age_aggregate_y55_64,eco_aggregate_x,2023,0.27
svn,sex_f,age_aggregate_y55_64,eco_isic3_a,2005,0.255
svn,sex_f,age_aggregate_y55_64,eco_isic3_a,2006,0.207
svn,sex_f,age_aggregate_y55_64,eco_isic3_a,2007,0.328
svn,sex_f,age_aggregate_y55_64,eco_isic3_d,1996,0.462
svn,sex_f,age_aggregate_y55_64,eco_isic3_d,1997,0.675
svn,sex_f,age_aggregate_y55_64,eco_isic3_d,1998,0.366
svn,sex_f,age_aggregate_y55_64,eco_isic3_d,1999,0.393
svn,sex_f,age_aggregate_y55_64,eco_isic3_d,2001,0.995
svn,sex_f,age_aggregate_y55_64,eco_isic3_d,2002,1.224
svn,sex_f,age_aggregate_y55_64,eco_isic3_d,2003,1.614
svn,sex_f,age_aggregate_y55_64,eco_isic3_d,2004,1.35
svn,sex_f,age_aggregate_y55_64,eco_isic3_d,2005,1.895
svn,sex_f,age_aggregate_y55_64,eco_isic3_d,2006,2.094
svn,sex_f,age_aggregate_y55_64,eco_isic3_d,2007,2.337
svn,sex_f,age_aggregate_y55_64,eco_isic3_e,2001,0
svn,sex_f,age_aggregate_y55_64,eco_isic3_e,2005,0.098
svn,sex_f,age_aggregate_y55_64,eco_isic3_e,2006,0.16
svn,sex_f,age_aggregate_y55_64,eco_isic3_e,2007,0.183
svn,sex_f,age_aggregate_y55_64,eco_isic3_f,2004,0
svn,sex_f,age_aggregate_y55_64,eco_isic3_f,2006,0.272
svn,sex_f,age_aggregate_y55_64,eco_isic3_f,2007,0.125
svn,sex_f,age_aggregate_y55_64,eco_isic3_g,1996,0.39
svn,sex_f,age_aggregate_y55_64,eco_isic3_g,1998,0.497
svn,sex_f,age_aggregate_y55_64,eco_isic3_g,1999,0.473
svn,sex_f,age_aggregate_y55_64,eco_isic3_g,2000,0.471
svn,sex_f,age_aggregate_y55_64,eco_isic3_g,2004,0.775
svn,sex_f,age_aggregate_y55_64,eco_isic3_g,2005,0.446
svn,sex_f,age_aggregate_y55_64,eco_isic3_g,2006,0.708
svn,sex_f,age_aggregate_y55_64,eco_isic3_g,2007,1.336
svn,sex_f,age_aggregate_y55_64,eco_isic3_h,1996,0.721
svn,sex_f,age_aggregate_y55_64,eco_isic3_h,1997,0.531
svn,sex_f,age_aggregate_y55_64,eco_isic3_h,2005,0.354
svn,sex_f,age_aggregate_y55_64,eco_isic3_h,2006,0.506
svn,sex_f,age_aggregate_y55_64,eco_isic3_h,2007,0.448
svn,sex_f,age_aggregate_y55_64,eco_isic3_i,1997,0.32
svn,sex_f,age_aggregate_y55_64,eco_isic3_i,2005,0.37
svn,sex_f,age_aggregate_y55_64,eco_isic3_i,2006,0.24
svn,sex_f,age_aggregate_y55_64,eco_isic3_i,2007,0.342
svn,sex_f,age_aggregate_y55_64,eco_isic3_j,2005,0.218
svn,sex_f,age_aggregate_y55_64,eco_isic3_j,2006,0.468
svn,sex_f,age_aggregate_y55_64,eco_isic3_j,2007,0.772
svn,sex_f,age_aggregate_y55_64,eco_isic3_k,1998,0.98
svn,sex_f,age_aggregate_y55_64,eco_isic3_k,1999,0.726
svn,sex_f,age_aggregate_y55_64,eco_isic3_k,2003,0.411
svn,sex_f,age_aggregate_y55_64,eco_isic3_k,2004,0.514
svn,sex_f,age_aggregate_y55_64,eco_isic3_k,2005,0.905
svn,sex_f,age_aggregate_y55_64,eco_isic3_k,2006,1.011
svn,sex_f,age_aggregate_y55_64,eco_isic3_k,2007,0.886
svn,sex_f,age_aggregate_y55_64,eco_isic3_l,1998,0.368
svn,sex_f,age_aggregate_y55_64,eco_isic3_l,1999,0.833
svn,sex_f,age_aggregate_y55_64,eco_isic3_l,2000,1.173
svn,sex_f,age_aggregate_y55_64,eco_isic3_l,2001,0.585
svn,sex_f,age_aggregate_y55_64,eco_isic3_l,2002,0.618
svn,sex_f,age_aggregate_y55_64,eco_isic3_l,2004,1.277
svn,sex_f,age_aggregate_y55_64,eco_isic3_l,2005,1.285
svn,sex_f,age_aggregate_y55_64,eco_isic3_l,2006,1.379
svn,sex_f,age_aggregate_y55_64,eco_isic3_l,2007,1.3
svn,sex_f,age_aggregate_y55_64,eco_isic3_m,1996,0.968
svn,sex_f,age_aggregate_y55_64,eco_isic3_m,1997,1.62
svn,sex_f,age_aggregate_y55_64,eco_isic3_m,1998,2.048
svn,sex_f,age_aggregate_y55_64,eco_isic3_m,1999,1.864
svn,sex_f,age_aggregate_y55_64,eco_isic3_m,2000,2.057
svn,sex_f,age_aggregate_y55_64,eco_isic3_m,2001,1.625
svn,sex_f,age_aggregate_y55_64,eco_isic3_m,2002,2.389
svn,sex_f,age_aggregate_y55_64,eco_isic3_m,2003,2.254
svn,sex_f,age_aggregate_y55_64,eco_isic3_m,2004,2.459
svn,sex_f,age_aggregate_y55_64,eco_isic3_m,2005,1.762
svn,sex_f,age_aggregate_y55_64,eco_isic3_m,2006,3.352
svn,sex_f,age_aggregate_y55_64,eco_isic3_m,2007,3.481
svn,sex_f,age_aggregate_y55_64,eco_isic3_n,1996,0.565
svn,sex_f,age_aggregate_y55_64,eco_isic3_n,1997,0.446
svn,sex_f,age_aggregate_y55_64,eco_isic3_n,1998,1.031
svn,sex_f,age_aggregate_y55_64,eco_isic3_n,1999,0.616
svn,sex_f,age_aggregate_y55_64,eco_isic3_n,2000,0.864
svn,sex_f,age_aggregate_y55_64,eco_isic3_n,2001,0.809
svn,sex_f,age_aggregate_y55_64,eco_isic3_n,2002,1.307
svn,sex_f,age_aggregate_y55_64,eco_isic3_n,2003,1.614
svn,sex_f,age_aggregate_y55_64,eco_isic3_n,2004,1.355
svn,sex_f,age_aggregate_y55_64,eco_isic3_n,2005,1.994
svn,sex_f,age_aggregate_y55_64,eco_isic3_n,2006,2.09
svn,sex_f,age_aggregate_y55_64,eco_isic3_n,2007,2.669
svn,sex_f,age_aggregate_y55_64,eco_isic3_o,1997,0.885
svn,sex_f,age_aggregate_y55_64,eco_isic3_o,2002,0.59
svn,sex_f,age_aggregate_y55_64,eco_isic3_o,2003,0.827
svn,sex_f,age_aggregate_y55_64,eco_isic3_o,2005,0.549
svn,sex_f,age_aggregate_y55_64,eco_isic3_o,2006,0.433
svn,sex_f,age_aggregate_y55_64,eco_isic3_o,2007,0.998
svn,sex_f,age_aggregate_y55_64,eco_isic3_total,1996,4.695
svn,sex_f,age_aggregate_y55_64,eco_isic3_total,1997,6.012
svn,sex_f,age_aggregate_y55_64,eco_isic3_total,1998,7.282
svn,sex_f,age_aggregate_y55_64,eco_isic3_total,1999,5.805
svn,sex_f,age_aggregate_y55_64,eco_isic3_total,2000,6.122
svn,sex_f,age_aggregate_y55_64,eco_isic3_total,2001,5.285
svn,sex_f,age_aggregate_y55_64,eco_isic3_total,2002,7.419
svn,sex_f,age_aggregate_y55_64,eco_isic3_total,2003,8.291
svn,sex_f,age_aggregate_y55_64,eco_isic3_total,2004,10.266
svn,sex_f,age_aggregate_y55_64,eco_isic3_total,2005,10.335
svn,sex_f,age_aggregate_y55_64,eco_isic3_total,2006,13.195
svn,sex_f,age_aggregate_y55_64,eco_isic3_total,2007,15.72
svn,sex_f,age_aggregate_y55_64,eco_isic3_x,2007,0.353
svn,sex_f,age_aggregate_y55_64,eco_isic4_a,2008,0.282
svn,sex_f,age_aggregate_y55_64,eco_isic4_a,2010,0.118
svn,sex_f,age_aggregate_y55_64,eco_isic4_a,2011,0.127
svn,sex_f,age_aggregate_y55_64,eco_isic4_a,2012,0.316
svn,sex_f,age_aggregate_y55_64,eco_isic4_a,2013,0.383
svn,sex_f,age_aggregate_y55_64,eco_isic4_a,2014,0.18
svn,sex_f,age_aggregate_y55_64,eco_isic4_a,2016,0.255
svn,sex_f,age_aggregate_y55_64,eco_isic4_a,2017,0.32
svn,sex_f,age_aggregate_y55_64,eco_isic4_a,2018,0.718
svn,sex_f,age_aggregate_y55_64,eco_isic4_a,2019,0.601
svn,sex_f,age_aggregate_y55_64,eco_isic4_a,2020,0.208
svn,sex_f,age_aggregate_y55_64,eco_isic4_a,2021,0.398
svn,sex_f,age_aggregate_y55_64,eco_isic4_a,2022,0.472
svn,sex_f,age_aggregate_y55_64,eco_isic4_a,2023,0.674
svn,sex_f,age_aggregate_y55_64,eco_isic4_b,2018,0.254
svn,sex_f,age_aggregate_y55_64,eco_isic4_c,2008,2.538
svn,sex_f,age_aggregate_y55_64,eco_isic4_c,2009,2.536
svn,sex_f,age_aggregate_y55_64,eco_isic4_c,2010,1.757
svn,sex_f,age_aggregate_y55_64,eco_isic4_c,2011,2.003
svn,sex_f,age_aggregate_y55_64,eco_isic4_c,2012,3.015
svn,sex_f,age_aggregate_y55_64,eco_isic4_c,2013,2.222
svn,sex_f,age_aggregate_y55_64,eco_isic4_c,2014,3.293
svn,sex_f,age_aggregate_y55_64,eco_isic4_c,2015,4.98
svn,sex_f,age_aggregate_y55_64,eco_isic4_c,2016,5.551
svn,sex_f,age_aggregate_y55_64,eco_isic4_c,2017,6.668
svn,sex_f,age_aggregate_y55_64,eco_isic4_c,2018,7.477
svn,sex_f,age_aggregate_y55_64,eco_isic4_c,2019,10.283
svn,sex_f,age_aggregate_y55_64,eco_isic4_c,2020,10.724
svn,sex_f,age_aggregate_y55_64,eco_isic4_c,2021,9.17
svn,sex_f,age_aggregate_y55_64,eco_isic4_c,2022,9.417
svn,sex_f,age_aggregate_y55_64,eco_isic4_c,2023,10.751
svn,sex_f,age_aggregate_y55_64,eco_isic4_d,2009,0.113
svn,sex_f,age_aggregate_y55_64,eco_isic4_d,2012,0
svn,sex_f,age_aggregate_y55_64,eco_isic4_d,2014,0.24
svn,sex_f,age_aggregate_y55_64,eco_isic4_d,2017,0.209
svn,sex_f,age_aggregate_y55_64,eco_isic4_d,2018,0.271
svn,sex_f,age_aggregate_y55_64,eco_isic4_d,2019,0.313
svn,sex_f,age_aggregate_y55_64,eco_isic4_d,2020,0.562
svn,sex_f,age_aggregate_y55_64,eco_isic4_d,2021,0.233
svn,sex_f,age_aggregate_y55_64,eco_isic4_d,2022,0.142
svn,sex_f,age_aggregate_y55_64,eco_isic4_d,2023,0.182
svn,sex_f,age_aggregate_y55_64,eco_isic4_e,2011,0.169
svn,sex_f,age_aggregate_y55_64,eco_isic4_e,2014,0.099
svn,sex_f,age_aggregate_y55_64,eco_isic4_e,2015,0.271
svn,sex_f,age_aggregate_y55_64,eco_isic4_e,2016,0.246
svn,sex_f,age_aggregate_y55_64,eco_isic4_e,2018,0.154
svn,sex_f,age_aggregate_y55_64,eco_isic4_e,2019,0.375
svn,sex_f,age_aggregate_y55_64,eco_isic4_e,2020,0.589
svn,sex_f,age_aggregate_y55_64,eco_isic4_e,2021,0.664
svn,sex_f,age_aggregate_y55_64,eco_isic4_e,2022,1
svn,sex_f,age_aggregate_y55_64,eco_isic4_e,2023,0.405
svn,sex_f,age_aggregate_y55_64,eco_isic4_f,2008,0.143
svn,sex_f,age_aggregate_y55_64,eco_isic4_f,2009,0.502
svn,sex_f,age_aggregate_y55_64,eco_isic4_f,2010,0.272
svn,sex_f,age_aggregate_y55_64,eco_isic4_f,2011,0.152
svn,sex_f,age_aggregate_y55_64,eco_isic4_f,2012,0.39
svn,sex_f,age_aggregate_y55_64,eco_isic4_f,2013,0.567
svn,sex_f,age_aggregate_y55_64,eco_isic4_f,2014,0.275
svn,sex_f,age_aggregate_y55_64,eco_isic4_f,2015,0.398
svn,sex_f,age_aggregate_y55_64,eco_isic4_f,2016,0.459
svn,sex_f,age_aggregate_y55_64,eco_isic4_f,2017,0.375
svn,sex_f,age_aggregate_y55_64,eco_isic4_f,2018,0.727
svn,sex_f,age_aggregate_y55_64,eco_isic4_f,2019,0.645
svn,sex_f,age_aggregate_y55_64,eco_isic4_f,2020,0.594
svn,sex_f,age_aggregate_y55_64,eco_isic4_f,2021,0.92
svn,sex_f,age_aggregate_y55_64,eco_isic4_f,2022,0.865
svn,sex_f,age_aggregate_y55_64,eco_isic4_f,2023,0.758
svn,sex_f,age_aggregate_y55_64,eco_isic4_g,2008,1.564
svn,sex_f,age_aggregate_y55_64,eco_isic4_g,2009,2.11
svn,sex_f,age_aggregate_y55_64,eco_isic4_g,2010,2.108
svn,sex_f,age_aggregate_y55_64,eco_isic4_g,2011,1.52
svn,sex_f,age_aggregate_y55_64,eco_isic4_g,2012,2.032
svn,sex_f,age_aggregate_y55_64,eco_isic4_g,2013,2.308
svn,sex_f,age_aggregate_y55_64,eco_isic4_g,2014,2.805
svn,sex_f,age_aggregate_y55_64,eco_isic4_g,2015,3.09
svn,sex_f,age_aggregate_y55_64,eco_isic4_g,2016,3.997
svn,sex_f,age_aggregate_y55_64,eco_isic4_g,2017,3.576
svn,sex_f,age_aggregate_y55_64,eco_isic4_g,2018,3.809
svn,sex_f,age_aggregate_y55_64,eco_isic4_g,2019,5.392
svn,sex_f,age_aggregate_y55_64,eco_isic4_g,2020,6.25
svn,sex_f,age_aggregate_y55_64,eco_isic4_g,2021,5.469
svn,sex_f,age_aggregate_y55_64,eco_isic4_g,2022,5.962
svn,sex_f,age_aggregate_y55_64,eco_isic4_g,2023,7.9
svn,sex_f,age_aggregate_y55_64,eco_isic4_h,2008,0.367
svn,sex_f,age_aggregate_y55_64,eco_isic4_h,2009,0.838
svn,sex_f,age_aggregate_y55_64,eco_isic4_h,2010,0.609
svn,sex_f,age_aggregate_y55_64,eco_isic4_h,2011,0.387
svn,sex_f,age_aggregate_y55_64,eco_isic4_h,2012,0.312
svn,sex_f,age_aggregate_y55_64,eco_isic4_h,2013,0.513
svn,sex_f,age_aggregate_y55_64,eco_isic4_h,2014,0.406
svn,sex_f,age_aggregate_y55_64,eco_isic4_h,2015,1.081
svn,sex_f,age_aggregate_y55_64,eco_isic4_h,2016,1.302
svn,sex_f,age_aggregate_y55_64,eco_isic4_h,2017,0.884
svn,sex_f,age_aggregate_y55_64,eco_isic4_h,2018,1.285
svn,sex_f,age_aggregate_y55_64,eco_isic4_h,2019,1.111
svn,sex_f,age_aggregate_y55_64,eco_isic4_h,2020,1.183
svn,sex_f,age_aggregate_y55_64,eco_isic4_h,2021,1.07
svn,sex_f,age_aggregate_y55_64,eco_isic4_h,2022,0.909
svn,sex_f,age_aggregate_y55_64,eco_isic4_h,2023,1.691
svn,sex_f,age_aggregate_y55_64,eco_isic4_i,2008,0.781
svn,sex_f,age_aggregate_y55_64,eco_isic4_i,2009,1.119
svn,sex_f,age_aggregate_y55_64,eco_isic4_i,2010,0.576
svn,sex_f,age_aggregate_y55_64,eco_isic4_i,2011,0.332
svn,sex_f,age_aggregate_y55_64,eco_isic4_i,2012,0.856
svn,sex_f,age_aggregate_y55_64,eco_isic4_i,2013,0.92
svn,sex_f,age_aggregate_y55_64,eco_isic4_i,2014,1.212
svn,sex_f,age_aggregate_y55_64,eco_isic4_i,2015,1.688
svn,sex_f,age_aggregate_y55_64,eco_isic4_i,2016,1.752
svn,sex_f,age_aggregate_y55_64,eco_isic4_i,2017,1.641
svn,sex_f,age_aggregate_y55_64,eco_isic4_i,2018,1.972
svn,sex_f,age_aggregate_y55_64,eco_isic4_i,2019,2.758
svn,sex_f,age_aggregate_y55_64,eco_isic4_i,2020,3.546
svn,sex_f,age_aggregate_y55_64,eco_isic4_i,2021,2.311
svn,sex_f,age_aggregate_y55_64,eco_isic4_i,2022,3.034
svn,sex_f,age_aggregate_y55_64,eco_isic4_i,2023,2.754
svn,sex_f,age_aggregate_y55_64,eco_isic4_j,2008,0.772
svn,sex_f,age_aggregate_y55_64,eco_isic4_j,2009,0.549
svn,sex_f,age_aggregate_y55_64,eco_isic4_j,2010,0.466
svn,sex_f,age_aggregate_y55_64,eco_isic4_j,2011,0.31
svn,sex_f,age_aggregate_y55_64,eco_isic4_j,2012,0.431
svn,sex_f,age_aggregate_y55_64,eco_isic4_j,2013,0.41
svn,sex_f,age_aggregate_y55_64,eco_isic4_j,2014,0.571
svn,sex_f,age_aggregate_y55_64,eco_isic4_j,2015,0.858
svn,sex_f,age_aggregate_y55_64,eco_isic4_j,2016,0.889
svn,sex_f,age_aggregate_y55_64,eco_isic4_j,2017,0.641
svn,sex_f,age_aggregate_y55_64,eco_isic4_j,2018,0.74
svn,sex_f,age_aggregate_y55_64,eco_isic4_j,2019,1.172
svn,sex_f,age_aggregate_y55_64,eco_isic4_j,2020,1.064
svn,sex_f,age_aggregate_y55_64,eco_isic4_j,2021,0.981
svn,sex_f,age_aggregate_y55_64,eco_isic4_j,2022,1.064
svn,sex_f,age_aggregate_y55_64,eco_isic4_j,2023,0.961
svn,sex_f,age_aggregate_y55_64,eco_isic4_k,2008,0.628
svn,sex_f,age_aggregate_y55_64,eco_isic4_k,2009,0.937
svn,sex_f,age_aggregate_y55_64,eco_isic4_k,2010,1.743
svn,sex_f,age_aggregate_y55_64,eco_isic4_k,2011,0.958
svn,sex_f,age_aggregate_y55_64,eco_isic4_k,2012,1.687
svn,sex_f,age_aggregate_y55_64,eco_isic4_k,2013,1.143
svn,sex_f,age_aggregate_y55_64,eco_isic4_k,2014,1.532
svn,sex_f,age_aggregate_y55_64,eco_isic4_k,2015,1.914
svn,sex_f,age_aggregate_y55_64,eco_isic4_k,2016,1.789
svn,sex_f,age_aggregate_y55_64,eco_isic4_k,2017,2.046
svn,sex_f,age_aggregate_y55_64,eco_isic4_k,2018,1.948
svn,sex_f,age_aggregate_y55_64,eco_isic4_k,2019,1.715
svn,sex_f,age_aggregate_y55_64,eco_isic4_k,2020,1.8
svn,sex_f,age_aggregate_y55_64,eco_isic4_k,2021,2.032
svn,sex_f,age_aggregate_y55_64,eco_isic4_k,2022,1.836
svn,sex_f,age_aggregate_y55_64,eco_isic4_k,2023,2.26
svn,sex_f,age_aggregate_y55_64,eco_isic4_l,2009,0.144
svn,sex_f,age_aggregate_y55_64,eco_isic4_l,2013,0.171
svn,sex_f,age_aggregate_y55_64,eco_isic4_l,2014,0.225
svn,sex_f,age_aggregate_y55_64,eco_isic4_l,2015,0.255
svn,sex_f,age_aggregate_y55_64,eco_isic4_l,2018,0.192
svn,sex_f,age_aggregate_y55_64,eco_isic4_l,2019,0.222
svn,sex_f,age_aggregate_y55_64,eco_isic4_l,2020,0.121
svn,sex_f,age_aggregate_y55_64,eco_isic4_l,2021,0.346
svn,sex_f,age_aggregate_y55_64,eco_isic4_l,2022,0.437
svn,sex_f,age_aggregate_y55_64,eco_isic4_l,2023,0.392
svn,sex_f,age_aggregate_y55_64,eco_isic4_m,2008,0.494
svn,sex_f,age_aggregate_y55_64,eco_isic4_m,2009,0.562
svn,sex_f,age_aggregate_y55_64,eco_isic4_m,2010,0.702
svn,sex_f,age_aggregate_y55_64,eco_isic4_m,2011,1.151
svn,sex_f,age_aggregate_y55_64,eco_isic4_m,2012,1.185
svn,sex_f,age_aggregate_y55_64,eco_isic4_m,2013,0.781
svn,sex_f,age_aggregate_y55_64,eco_isic4_m,2014,1.18
svn,sex_f,age_aggregate_y55_64,eco_isic4_m,2015,1.384
svn,sex_f,age_aggregate_y55_64,eco_isic4_m,2016,1.509
svn,sex_f,age_aggregate_y55_64,eco_isic4_m,2017,1.434
svn,sex_f,age_aggregate_y55_64,eco_isic4_m,2018,1.787
svn,sex_f,age_aggregate_y55_64,eco_isic4_m,2019,1.513
svn,sex_f,age_aggregate_y55_64,eco_isic4_m,2020,2.086
svn,sex_f,age_aggregate_y55_64,eco_isic4_m,2021,2.484
svn,sex_f,age_aggregate_y55_64,eco_isic4_m,2022,2.558
svn,sex_f,age_aggregate_y55_64,eco_isic4_m,2023,2.497
svn,sex_f,age_aggregate_y55_64,eco_isic4_n,2008,0.494
svn,sex_f,age_aggregate_y55_64,eco_isic4_n,2009,0.619
svn,sex_f,age_aggregate_y55_64,eco_isic4_n,2010,0.569
svn,sex_f,age_aggregate_y55_64,eco_isic4_n,2011,0.433
svn,sex_f,age_aggregate_y55_64,eco_isic4_n,2012,0.559
svn,sex_f,age_aggregate_y55_64,eco_isic4_n,2013,0.501
svn,sex_f,age_aggregate_y55_64,eco_isic4_n,2014,0.705
svn,sex_f,age_aggregate_y55_64,eco_isic4_n,2015,1.349
svn,sex_f,age_aggregate_y55_64,eco_isic4_n,2016,1.283
svn,sex_f,age_aggregate_y55_64,eco_isic4_n,2017,1.519
svn,sex_f,age_aggregate_y55_64,eco_isic4_n,2018,1.292
svn,sex_f,age_aggregate_y55_64,eco_isic4_n,2019,1.081
svn,sex_f,age_aggregate_y55_64,eco_isic4_n,2020,1.926
svn,sex_f,age_aggregate_y55_64,eco_isic4_n,2021,1.62
svn,sex_f,age_aggregate_y55_64,eco_isic4_n,2022,1.622
svn,sex_f,age_aggregate_y55_64,eco_isic4_n,2023,2.959
svn,sex_f,age_aggregate_y55_64,eco_isic4_o,2008,1.921
svn,sex_f,age_aggregate_y55_64,eco_isic4_o,2009,2.909
svn,sex_f,age_aggregate_y55_64,eco_isic4_o,2010,1.81
svn,sex_f,age_aggregate_y55_64,eco_isic4_o,2011,1.761
svn,sex_f,age_aggregate_y55_64,eco_isic4_o,2012,2.324
svn,sex_f,age_aggregate_y55_64,eco_isic4_o,2013,2.439
svn,sex_f,age_aggregate_y55_64,eco_isic4_o,2014,2.418
svn,sex_f,age_aggregate_y55_64,eco_isic4_o,2015,2.949
svn,sex_f,age_aggregate_y55_64,eco_isic4_o,2016,4.353
svn,sex_f,age_aggregate_y55_64,eco_isic4_o,2017,5.518
svn,sex_f,age_aggregate_y55_64,eco_isic4_o,2018,7.216
svn,sex_f,age_aggregate_y55_64,eco_isic4_o,2019,5.608
svn,sex_f,age_aggregate_y55_64,eco_isic4_o,2020,5.883
svn,sex_f,age_aggregate_y55_64,eco_isic4_o,2021,6.806
svn,sex_f,age_aggregate_y55_64,eco_isic4_o,2022,7.842
svn,sex_f,age_aggregate_y55_64,eco_isic4_o,2023,5.818
svn,sex_f,age_aggregate_y55_64,eco_isic4_p,2008,3.61
svn,sex_f,age_aggregate_y55_64,eco_isic4_p,2009,3.922
svn,sex_f,age_aggregate_y55_64,eco_isic4_p,2010,5.499
svn,sex_f,age_aggregate_y55_64,eco_isic4_p,2011,5.44
svn,sex_f,age_aggregate_y55_64,eco_isic4_p,2012,6.187
svn,sex_f,age_aggregate_y55_64,eco_isic4_p,2013,6.989
svn,sex_f,age_aggregate_y55_64,eco_isic4_p,2014,7.157
svn,sex_f,age_aggregate_y55_64,eco_isic4_p,2015,8.197
svn,sex_f,age_aggregate_y55_64,eco_isic4_p,2016,9.818
svn,sex_f,age_aggregate_y55_64,eco_isic4_p,2017,10.532
svn,sex_f,age_aggregate_y55_64,eco_isic4_p,2018,12.321
svn,sex_f,age_aggregate_y55_64,eco_isic4_p,2019,12.278
svn,sex_f,age_aggregate_y55_64,eco_isic4_p,2020,12.555
svn,sex_f,age_aggregate_y55_64,eco_isic4_p,2021,14.304
svn,sex_f,age_aggregate_y55_64,eco_isic4_p,2022,14.033
svn,sex_f,age_aggregate_y55_64,eco_isic4_p,2023,13.198
svn,sex_f,age_aggregate_y55_64,eco_isic4_q,2008,2.002
svn,sex_f,age_aggregate_y55_64,eco_isic4_q,2009,2.82
svn,sex_f,age_aggregate_y55_64,eco_isic4_q,2010,2.883
svn,sex_f,age_aggregate_y55_64,eco_isic4_q,2011,3.554
svn,sex_f,age_aggregate_y55_64,eco_isic4_q,2012,4.245
svn,sex_f,age_aggregate_y55_64,eco_isic4_q,2013,4.488
svn,sex_f,age_aggregate_y55_64,eco_isic4_q,2014,5.253
svn,sex_f,age_aggregate_y55_64,eco_isic4_q,2015,5.133
svn,sex_f,age_aggregate_y55_64,eco_isic4_q,2016,5.855
svn,sex_f,age_aggregate_y55_64,eco_isic4_q,2017,8.701
svn,sex_f,age_aggregate_y55_64,eco_isic4_q,2018,9.398
svn,sex_f,age_aggregate_y55_64,eco_isic4_q,2019,9.904
svn,sex_f,age_aggregate_y55_64,eco_isic4_q,2020,10.416
svn,sex_f,age_aggregate_y55_64,eco_isic4_q,2021,11.291
svn,sex_f,age_aggregate_y55_64,eco_isic4_q,2022,11.775
svn,sex_f,age_aggregate_y55_64,eco_isic4_q,2023,12.482
svn,sex_f,age_aggregate_y55_64,eco_isic4_r,2008,0.216
svn,sex_f,age_aggregate_y55_64,eco_isic4_r,2009,0.594
svn,sex_f,age_aggregate_y55_64,eco_isic4_r,2010,0.757
svn,sex_f,age_aggregate_y55_64,eco_isic4_r,2011,0.685
svn,sex_f,age_aggregate_y55_64,eco_isic4_r,2012,1.112
svn,sex_f,age_aggregate_y55_64,eco_isic4_r,2013,0.686
svn,sex_f,age_aggregate_y55_64,eco_isic4_r,2014,0.554
svn,sex_f,age_aggregate_y55_64,eco_isic4_r,2015,0.673
svn,sex_f,age_aggregate_y55_64,eco_isic4_r,2016,0.735
svn,sex_f,age_aggregate_y55_64,eco_isic4_r,2017,0.738
svn,sex_f,age_aggregate_y55_64,eco_isic4_r,2018,0.737
svn,sex_f,age_aggregate_y55_64,eco_isic4_r,2019,0.7
svn,sex_f,age_aggregate_y55_64,eco_isic4_r,2020,1.061
svn,sex_f,age_aggregate_y55_64,eco_isic4_r,2021,1.358
svn,sex_f,age_aggregate_y55_64,eco_isic4_r,2022,1.074
svn,sex_f,age_aggregate_y55_64,eco_isic4_r,2023,0.782
svn,sex_f,age_aggregate_y55_64,eco_isic4_s,2008,0.384
svn,sex_f,age_aggregate_y55_64,eco_isic4_s,2009,0.174
svn,sex_f,age_aggregate_y55_64,eco_isic4_s,2010,0.236
svn,sex_f,age_aggregate_y55_64,eco_isic4_s,2011,0.13
svn,sex_f,age_aggregate_y55_64,eco_isic4_s,2013,0.315
svn,sex_f,age_aggregate_y55_64,eco_isic4_s,2014,0.574
svn,sex_f,age_aggregate_y55_64,eco_isic4_s,2015,0.488
svn,sex_f,age_aggregate_y55_64,eco_isic4_s,2016,0.531
svn,sex_f,age_aggregate_y55_64,eco_isic4_s,2017,0.954
svn,sex_f,age_aggregate_y55_64,eco_isic4_s,2018,0.542
svn,sex_f,age_aggregate_y55_64,eco_isic4_s,2019,0.646
svn,sex_f,age_aggregate_y55_64,eco_isic4_s,2020,0.941
svn,sex_f,age_aggregate_y55_64,eco_isic4_s,2021,1.54
svn,sex_f,age_aggregate_y55_64,eco_isic4_s,2022,1.584
svn,sex_f,age_aggregate_y55_64,eco_isic4_s,2023,1.478
svn,sex_f,age_aggregate_y55_64,eco_isic4_t,2011,0.229
svn,sex_f,age_aggregate_y55_64,eco_isic4_t,2012,0.143
svn,sex_f,age_aggregate_y55_64,eco_isic4_t,2021,0.167
svn,sex_f,age_aggregate_y55_64,eco_isic4_total,2008,16.575
svn,sex_f,age_aggregate_y55_64,eco_isic4_total,2009,20.72
svn,sex_f,age_aggregate_y55_64,eco_isic4_total,2010,20.455
svn,sex_f,age_aggregate_y55_64,eco_isic4_total,2011,19.8
svn,sex_f,age_aggregate_y55_64,eco_isic4_total,2012,25.198
svn,sex_f,age_aggregate_y55_64,eco_isic4_total,2013,25.409
svn,sex_f,age_aggregate_y55_64,eco_isic4_total,2014,29.252
svn,sex_f,age_aggregate_y55_64,eco_isic4_total,2015,35.151
svn,sex_f,age_aggregate_y55_64,eco_isic4_total,2016,40.688
svn,sex_f,age_aggregate_y55_64,eco_isic4_total,2017,46.29
svn,sex_f,age_aggregate_y55_64,eco_isic4_total,2018,53.046
svn,sex_f,age_aggregate_y55_64,eco_isic4_total,2019,56.668
svn,sex_f,age_aggregate_y55_64,eco_isic4_total,2020,61.755
svn,sex_f,age_aggregate_y55_64,eco_isic4_total,2021,63.494
svn,sex_f,age_aggregate_y55_64,eco_isic4_total,2022,65.856
svn,sex_f,age_aggregate_y55_64,eco_isic4_total,2023,68.583
svn,sex_f,age_aggregate_y55_64,eco_isic4_u,2023,0.211
svn,sex_f,age_aggregate_y55_64,eco_isic4_x,2009,0.125
svn,sex_f,age_aggregate_y55_64,eco_isic4_x,2011,0.241
svn,sex_f,age_aggregate_y55_64,eco_isic4_x,2012,0.115
svn,sex_f,age_aggregate_y55_64,eco_isic4_x,2013,0.306
svn,sex_f,age_aggregate_y55_64,eco_isic4_x,2014,0.489
svn,sex_f,age_aggregate_y55_64,eco_isic4_x,2015,0.217
svn,sex_f,age_aggregate_y55_64,eco_isic4_x,2016,0.252
svn,sex_f,age_aggregate_y55_64,eco_isic4_x,2017,0.285
svn,sex_f,age_aggregate_y55_64,eco_isic4_x,2018,0.109
svn,sex_f,age_aggregate_y55_64,eco_isic4_x,2019,0.191
svn,sex_f,age_aggregate_y55_64,eco_isic4_x,2020,0.176
svn,sex_f,age_aggregate_y55_64,eco_isic4_x,2021,0.257
svn,sex_f,age_aggregate_y55_64,eco_isic4_x,2023,0.27
svn,sex_f,age_aggregate_y55_64,eco_sector_agr,2005,0.255
svn,sex_f,age_aggregate_y55_64,eco_sector_agr,2006,0.244
svn,sex_f,age_aggregate_y55_64,eco_sector_agr,2007,0.35
svn,sex_f,age_aggregate_y55_64,eco_sector_agr,2008,0.282
svn,sex_f,age_aggregate_y55_64,eco_sector_agr,2010,0.118
svn,sex_f,age_aggregate_y55_64,eco_sector_agr,2011,0.127
svn,sex_f,age_aggregate_y55_64,eco_sector_agr,2012,0.316
svn,sex_f,age_aggregate_y55_64,eco_sector_agr,2013,0.383
svn,sex_f,age_aggregate_y55_64,eco_sector_agr,2014,0.18
svn,sex_f,age_aggregate_y55_64,eco_sector_agr,2016,0.255
svn,sex_f,age_aggregate_y55_64,eco_sector_agr,2017,0.32
svn,sex_f,age_aggregate_y55_64,eco_sector_agr,2018,0.718
svn,sex_f,age_aggregate_y55_64,eco_sector_agr,2019,0.601
svn,sex_f,age_aggregate_y55_64,eco_sector_agr,2020,0.208
svn,sex_f,age_aggregate_y55_64,eco_sector_agr,2021,0.398
svn,sex_f,age_aggregate_y55_64,eco_sector_agr,2022,0.472
svn,sex_f,age_aggregate_y55_64,eco_sector_agr,2023,0.674
svn,sex_f,age_aggregate_y55_64,eco_sector_ind,1996,0.757
svn,sex_f,age_aggregate_y55_64,eco_sector_ind,1997,0.82
svn,sex_f,age_aggregate_y55_64,eco_sector_ind,1998,0.529
svn,sex_f,age_aggregate_y55_64,eco_sector_ind,1999,0.515
svn,sex_f,age_aggregate_y55_64,eco_sector_ind,2000,0.529
svn,sex_f,age_aggregate_y55_64,eco_sector_ind,2001,1.12
svn,sex_f,age_aggregate_y55_64,eco_sector_ind,2002,1.313
svn,sex_f,age_aggregate_y55_64,eco_sector_ind,2003,1.897
svn,sex_f,age_aggregate_y55_64,eco_sector_ind,2004,1.416
svn,sex_f,age_aggregate_y55_64,eco_sector_ind,2005,2.037
svn,sex_f,age_aggregate_y55_64,eco_sector_ind,2006,2.527
svn,sex_f,age_aggregate_y55_64,eco_sector_ind,2007,2.645
svn,sex_f,age_aggregate_y55_64,eco_sector_ind,2008,2.783
svn,sex_f,age_aggregate_y55_64,eco_sector_ind,2009,3.246
svn,sex_f,age_aggregate_y55_64,eco_sector_ind,2010,2.195
svn,sex_f,age_aggregate_y55_64,eco_sector_ind,2011,2.479
svn,sex_f,age_aggregate_y55_64,eco_sector_ind,2012,3.497
svn,sex_f,age_aggregate_y55_64,eco_sector_ind,2013,3.045
svn,sex_f,age_aggregate_y55_64,eco_sector_ind,2014,3.972
svn,sex_f,age_aggregate_y55_64,eco_sector_ind,2015,5.792
svn,sex_f,age_aggregate_y55_64,eco_sector_ind,2016,6.306
svn,sex_f,age_aggregate_y55_64,eco_sector_ind,2017,7.429
svn,sex_f,age_aggregate_y55_64,eco_sector_ind,2018,8.882
svn,sex_f,age_aggregate_y55_64,eco_sector_ind,2019,11.718
svn,sex_f,age_aggregate_y55_64,eco_sector_ind,2020,12.517
svn,sex_f,age_aggregate_y55_64,eco_sector_ind,2021,11.036
svn,sex_f,age_aggregate_y55_64,eco_sector_ind,2022,11.455
svn,sex_f,age_aggregate_y55_64,eco_sector_ind,2023,12.096
svn,sex_f,age_aggregate_y55_64,eco_sector_nag,1999,5.805
svn,sex_f,age_aggregate_y55_64,eco_sector_nag,2005,10.08
svn,sex_f,age_aggregate_y55_64,eco_sector_nag,2006,12.95
svn,sex_f,age_aggregate_y55_64,eco_sector_nag,2007,15.37
svn,sex_f,age_aggregate_y55_64,eco_sector_nag,2008,16.293
svn,sex_f,age_aggregate_y55_64,eco_sector_nag,2010,20.337
svn,sex_f,age_aggregate_y55_64,eco_sector_nag,2011,19.673
svn,sex_f,age_aggregate_y55_64,eco_sector_nag,2012,24.882
svn,sex_f,age_aggregate_y55_64,eco_sector_nag,2013,25.026
svn,sex_f,age_aggregate_y55_64,eco_sector_nag,2014,29.072
svn,sex_f,age_aggregate_y55_64,eco_sector_nag,2016,40.433
svn,sex_f,age_aggregate_y55_64,eco_sector_nag,2017,45.97
svn,sex_f,age_aggregate_y55_64,eco_sector_nag,2018,52.329
svn,sex_f,age_aggregate_y55_64,eco_sector_nag,2019,56.067
svn,sex_f,age_aggregate_y55_64,eco_sector_nag,2020,61.547
svn,sex_f,age_aggregate_y55_64,eco_sector_nag,2021,63.096
svn,sex_f,age_aggregate_y55_64,eco_sector_nag,2022,65.384
svn,sex_f,age_aggregate_y55_64,eco_sector_nag,2023,67.909
svn,sex_f,age_aggregate_y55_64,eco_sector_ser,1996,3.836
svn,sex_f,age_aggregate_y55_64,eco_sector_ser,1997,5.114
svn,sex_f,age_aggregate_y55_64,eco_sector_ser,1998,6.718
svn,sex_f,age_aggregate_y55_64,eco_sector_ser,1999,5.29
svn,sex_f,age_aggregate_y55_64,eco_sector_ser,2000,5.408
svn,sex_f,age_aggregate_y55_64,eco_sector_ser,2001,3.886
svn,sex_f,age_aggregate_y55_64,eco_sector_ser,2002,5.824
svn,sex_f,age_aggregate_y55_64,eco_sector_ser,2003,6.281
svn,sex_f,age_aggregate_y55_64,eco_sector_ser,2004,8.327
svn,sex_f,age_aggregate_y55_64,eco_sector_ser,2005,7.998
svn,sex_f,age_aggregate_y55_64,eco_sector_ser,2006,10.387
svn,sex_f,age_aggregate_y55_64,eco_sector_ser,2007,12.372
svn,sex_f,age_aggregate_y55_64,eco_sector_ser,2008,13.355
svn,sex_f,age_aggregate_y55_64,eco_sector_ser,2009,17.298
svn,sex_f,age_aggregate_y55_64,eco_sector_ser,2010,18.109
svn,sex_f,age_aggregate_y55_64,eco_sector_ser,2011,16.953
svn,sex_f,age_aggregate_y55_64,eco_sector_ser,2012,21.27
svn,sex_f,age_aggregate_y55_64,eco_sector_ser,2013,21.676
svn,sex_f,age_aggregate_y55_64,eco_sector_ser,2014,24.611
svn,sex_f,age_aggregate_y55_64,eco_sector_ser,2015,29.058
svn,sex_f,age_aggregate_y55_64,eco_sector_ser,2016,33.874
svn,sex_f,age_aggregate_y55_64,eco_sector_ser,2017,38.256
svn,sex_f,age_aggregate_y55_64,eco_sector_ser,2018,43.338
svn,sex_f,age_aggregate_y55_64,eco_sector_ser,2019,44.157
svn,sex_f,age_aggregate_y55_64,eco_sector_ser,2020,48.855
svn,sex_f,age_aggregate_y55_64,eco_sector_ser,2021,51.803
svn,sex_f,age_aggregate_y55_64,eco_sector_ser,2022,53.844
svn,sex_f,age_aggregate_y55_64,eco_sector_ser,2023,55.543
svn,sex_f,age_aggregate_y55_64,eco_sector_total,1996,4.695
svn,sex_f,age_aggregate_y55_64,eco_sector_total,1997,6.012
svn,sex_f,age_aggregate_y55_64,eco_sector_total,1998,7.282
svn,sex_f,age_aggregate_y55_64,eco_sector_total,1999,5.805
svn,sex_f,age_aggregate_y55_64,eco_sector_total,2000,6.122
svn,sex_f,age_aggregate_y55_64,eco_sector_total,2001,5.285
svn,sex_f,age_aggregate_y55_64,eco_sector_total,2002,7.419
svn,sex_f,age_aggregate_y55_64,eco_sector_total,2003,8.291
svn,sex_f,age_aggregate_y55_64,eco_sector_total,2004,10.266
svn,sex_f,age_aggregate_y55_64,eco_sector_total,2005,10.335
svn,sex_f,age_aggregate_y55_64,eco_sector_total,2006,13.195
svn,sex_f,age_aggregate_y55_64,eco_sector_total,2007,15.72
svn,sex_f,age_aggregate_y55_64,eco_sector_total,2008,16.575
svn,sex_f,age_aggregate_y55_64,eco_sector_total,2009,20.72
svn,sex_f,age_aggregate_y55_64,eco_sector_total,2010,20.455
svn,sex_f,age_aggregate_y55_64,eco_sector_total,2011,19.8
svn,sex_f,age_aggregate_y55_64,eco_sector_total,2012,25.198
svn,sex_f,age_aggregate_y55_64,eco_sector_total,2013,25.409
svn,sex_f,age_aggregate_y55_64,eco_sector_total,2014,29.252
svn,sex_f,age_aggregate_y55_64,eco_sector_total,2015,35.151
svn,sex_f,age_aggregate_y55_64,eco_sector_total,2016,40.688
svn,sex_f,age_aggregate_y55_64,eco_sector_total,2017,46.29
svn,sex_f,age_aggregate_y55_64,eco_sector_total,2018,53.046
svn,sex_f,age_aggregate_y55_64,eco_sector_total,2019,56.668
svn,sex_f,age_aggregate_y55_64,eco_sector_total,2020,61.755
svn,sex_f,age_aggregate_y55_64,eco_sector_total,2021,63.494
svn,sex_f,age_aggregate_y55_64,eco_sector_total,2022,65.856
svn,sex_f,age_aggregate_y55_64,eco_sector_total,2023,68.583
svn,sex_f,age_aggregate_y55_64,eco_sector_x,2007,0.353
svn,sex_f,age_aggregate_y55_64,eco_sector_x,2009,0.125
svn,sex_f,age_aggregate_y55_64,eco_sector_x,2011,0.241
svn,sex_f,age_aggregate_y55_64,eco_sector_x,2012,0.115
svn,sex_f,age_aggregate_y55_64,eco_sector_x,2013,0.306
svn,sex_f,age_aggregate_y55_64,eco_sector_x,2014,0.489
svn,sex_f,age_aggregate_y55_64,eco_sector_x,2015,0.217
svn,sex_f,age_aggregate_y55_64,eco_sector_x,2016,0.252
svn,sex_f,age_aggregate_y55_64,eco_sector_x,2017,0.285
svn,sex_f,age_aggregate_y55_64,eco_sector_x,2018,0.109
svn,sex_f,age_aggregate_y55_64,eco_sector_x,2019,0.191
svn,sex_f,age_aggregate_y55_64,eco_sector_x,2020,0.176
svn,sex_f,age_aggregate_y55_64,eco_sector_x,2021,0.257
svn,sex_f,age_aggregate_y55_64,eco_sector_x,2023,0.27
svn,sex_f,age_aggregate_yge65,eco_aggregate_agr,2005,0.225
svn,sex_f,age_aggregate_yge65,eco_aggregate_man,2007,0.184
svn,sex_f,age_aggregate_yge65,eco_aggregate_man,2010,0.173
svn,sex_f,age_aggregate_yge65,eco_aggregate_man,2020,0.247
svn,sex_f,age_aggregate_yge65,eco_aggregate_man,2021,0.114
svn,sex_f,age_aggregate_yge65,eco_aggregate_mkt,2005,0.38
svn,sex_f,age_aggregate_yge65,eco_aggregate_mkt,2006,0.172
svn,sex_f,age_aggregate_yge65,eco_aggregate_mkt,2007,0.259
svn,sex_f,age_aggregate_yge65,eco_aggregate_mkt,2008,0.183
svn,sex_f,age_aggregate_yge65,eco_aggregate_mkt,2009,0.218
svn,sex_f,age_aggregate_yge65,eco_aggregate_mkt,2010,0.408
svn,sex_f,age_aggregate_yge65,eco_aggregate_mkt,2011,0.509
svn,sex_f,age_aggregate_yge65,eco_aggregate_mkt,2012,0.34
svn,sex_f,age_aggregate_yge65,eco_aggregate_mkt,2013,0.398
svn,sex_f,age_aggregate_yge65,eco_aggregate_mkt,2015,0.307
svn,sex_f,age_aggregate_yge65,eco_aggregate_mkt,2016,0.257
svn,sex_f,age_aggregate_yge65,eco_aggregate_mkt,2017,0.617
svn,sex_f,age_aggregate_yge65,eco_aggregate_mkt,2018,0.426
svn,sex_f,age_aggregate_yge65,eco_aggregate_mkt,2019,0.483
svn,sex_f,age_aggregate_yge65,eco_aggregate_mkt,2020,0.522
svn,sex_f,age_aggregate_yge65,eco_aggregate_mkt,2021,0.707
svn,sex_f,age_aggregate_yge65,eco_aggregate_mkt,2022,0.606
svn,sex_f,age_aggregate_yge65,eco_aggregate_mkt,2023,1.008
svn,sex_f,age_aggregate_yge65,eco_aggregate_pub,2005,0.447
svn,sex_f,age_aggregate_yge65,eco_aggregate_pub,2006,0.53
svn,sex_f,age_aggregate_yge65,eco_aggregate_pub,2007,0.563
svn,sex_f,age_aggregate_yge65,eco_aggregate_pub,2008,0.373
svn,sex_f,age_aggregate_yge65,eco_aggregate_pub,2009,0.601
svn,sex_f,age_aggregate_yge65,eco_aggregate_pub,2010,0.505
svn,sex_f,age_aggregate_yge65,eco_aggregate_pub,2011,0.661
svn,sex_f,age_aggregate_yge65,eco_aggregate_pub,2012,0.379
svn,sex_f,age_aggregate_yge65,eco_aggregate_pub,2013,0.504
svn,sex_f,age_aggregate_yge65,eco_aggregate_pub,2014,0.597
svn,sex_f,age_aggregate_yge65,eco_aggregate_pub,2015,0.702
svn,sex_f,age_aggregate_yge65,eco_aggregate_pub,2016,0.892
svn,sex_f,age_aggregate_yge65,eco_aggregate_pub,2017,0.764
svn,sex_f,age_aggregate_yge65,eco_aggregate_pub,2018,0.498
svn,sex_f,age_aggregate_yge65,eco_aggregate_pub,2019,1.048
svn,sex_f,age_aggregate_yge65,eco_aggregate_pub,2020,1.148
svn,sex_f,age_aggregate_yge65,eco_aggregate_pub,2021,1.508
svn,sex_f,age_aggregate_yge65,eco_aggregate_pub,2022,1.98
svn,sex_f,age_aggregate_yge65,eco_aggregate_pub,2023,1.45
svn,sex_f,age_aggregate_yge65,eco_aggregate_total,1996,0.845
svn,sex_f,age_aggregate_yge65,eco_aggregate_total,1997,2.033
svn,sex_f,age_aggregate_yge65,eco_aggregate_total,2001,0.566
svn,sex_f,age_aggregate_yge65,eco_aggregate_total,2003,0.711
svn,sex_f,age_aggregate_yge65,eco_aggregate_total,2004,0.77
svn,sex_f,age_aggregate_yge65,eco_aggregate_total,2005,1.145
svn,sex_f,age_aggregate_yge65,eco_aggregate_total,2006,0.812
svn,sex_f,age_aggregate_yge65,eco_aggregate_total,2007,1.037
svn,sex_f,age_aggregate_yge65,eco_aggregate_total,2008,0.621
svn,sex_f,age_aggregate_yge65,eco_aggregate_total,2009,0.897
svn,sex_f,age_aggregate_yge65,eco_aggregate_total,2010,1.163
svn,sex_f,age_aggregate_yge65,eco_aggregate_total,2011,1.365
svn,sex_f,age_aggregate_yge65,eco_aggregate_total,2012,0.792
svn,sex_f,age_aggregate_yge65,eco_aggregate_total,2013,1.003
svn,sex_f,age_aggregate_yge65,eco_aggregate_total,2014,0.661
svn,sex_f,age_aggregate_yge65,eco_aggregate_total,2015,1.046
svn,sex_f,age_aggregate_yge65,eco_aggregate_total,2016,1.188
svn,sex_f,age_aggregate_yge65,eco_aggregate_total,2017,1.54
svn,sex_f,age_aggregate_yge65,eco_aggregate_total,2018,1.153
svn,sex_f,age_aggregate_yge65,eco_aggregate_total,2019,1.721
svn,sex_f,age_aggregate_yge65,eco_aggregate_total,2020,2.008
svn,sex_f,age_aggregate_yge65,eco_aggregate_total,2021,2.453
svn,sex_f,age_aggregate_yge65,eco_aggregate_total,2022,2.667
svn,sex_f,age_aggregate_yge65,eco_aggregate_total,2023,2.648
svn,sex_f,age_aggregate_yge65,eco_isic3_a,2005,0.225
svn,sex_f,age_aggregate_yge65,eco_isic3_d,2007,0.184
svn,sex_f,age_aggregate_yge65,eco_isic3_g,2007,0.184
svn,sex_f,age_aggregate_yge65,eco_isic3_k,2005,0.31
svn,sex_f,age_aggregate_yge65,eco_isic3_l,2005,0.267
svn,sex_f,age_aggregate_yge65,eco_isic3_l,2006,0.251
svn,sex_f,age_aggregate_yge65,eco_isic3_l,2007,0.235
svn,sex_f,age_aggregate_yge65,eco_isic3_n,2007,0.137
svn,sex_f,age_aggregate_yge65,eco_isic3_total,1996,0.845
svn,sex_f,age_aggregate_yge65,eco_isic3_total,1997,2.033
svn,sex_f,age_aggregate_yge65,eco_isic3_total,2001,0.566
svn,sex_f,age_aggregate_yge65,eco_isic3_total,2003,0.711
svn,sex_f,age_aggregate_yge65,eco_isic3_total,2004,0.77
svn,sex_f,age_aggregate_yge65,eco_isic3_total,2005,1.145
svn,sex_f,age_aggregate_yge65,eco_isic3_total,2006,0.812
svn,sex_f,age_aggregate_yge65,eco_isic3_total,2007,1.037
svn,sex_f,age_aggregate_yge65,eco_isic4_c,2010,0.173
svn,sex_f,age_aggregate_yge65,eco_isic4_c,2020,0.247
svn,sex_f,age_aggregate_yge65,eco_isic4_c,2021,0.114
svn,sex_f,age_aggregate_yge65,eco_isic4_g,2019,0.187
svn,sex_f,age_aggregate_yge65,eco_isic4_g,2023,0.191
svn,sex_f,age_aggregate_yge65,eco_isic4_i,2022,0.172
svn,sex_f,age_aggregate_yge65,eco_isic4_i,2023,0.233
svn,sex_f,age_aggregate_yge65,eco_isic4_j,2010,0.207
svn,sex_f,age_aggregate_yge65,eco_isic4_j,2020,0.145
svn,sex_f,age_aggregate_yge65,eco_isic4_m,2013,0.238
svn,sex_f,age_aggregate_yge65,eco_isic4_m,2017,0.212
svn,sex_f,age_aggregate_yge65,eco_isic4_m,2021,0.464
svn,sex_f,age_aggregate_yge65,eco_isic4_m,2022,0.204
svn,sex_f,age_aggregate_yge65,eco_isic4_m,2023,0.298
svn,sex_f,age_aggregate_yge65,eco_isic4_n,2017,0.197
svn,sex_f,age_aggregate_yge65,eco_isic4_n,2023,0.229
svn,sex_f,age_aggregate_yge65,eco_isic4_o,2019,0.368
svn,sex_f,age_aggregate_yge65,eco_isic4_o,2020,0.33
svn,sex_f,age_aggregate_yge65,eco_isic4_o,2021,0.216
svn,sex_f,age_aggregate_yge65,eco_isic4_o,2022,0.269
svn,sex_f,age_aggregate_yge65,eco_isic4_o,2023,0.285
svn,sex_f,age_aggregate_yge65,eco_isic4_p,2009,0.224
svn,sex_f,age_aggregate_yge65,eco_isic4_p,2010,0.223
svn,sex_f,age_aggregate_yge65,eco_isic4_p,2011,0.176
svn,sex_f,age_aggregate_yge65,eco_isic4_p,2012,0.16
svn,sex_f,age_aggregate_yge65,eco_isic4_p,2015,0.167
svn,sex_f,age_aggregate_yge65,eco_isic4_p,2017,0.203
svn,sex_f,age_aggregate_yge65,eco_isic4_p,2019,0.301
svn,sex_f,age_aggregate_yge65,eco_isic4_p,2020,0.613
svn,sex_f,age_aggregate_yge65,eco_isic4_p,2021,0.389
svn,sex_f,age_aggregate_yge65,eco_isic4_p,2022,0.629
svn,sex_f,age_aggregate_yge65,eco_isic4_p,2023,0.42
svn,sex_f,age_aggregate_yge65,eco_isic4_q,2008,0.187
svn,sex_f,age_aggregate_yge65,eco_isic4_q,2009,0.205
svn,sex_f,age_aggregate_yge65,eco_isic4_q,2010,0.216
svn,sex_f,age_aggregate_yge65,eco_isic4_q,2011,0.363
svn,sex_f,age_aggregate_yge65,eco_isic4_q,2012,0.191
svn,sex_f,age_aggregate_yge65,eco_isic4_q,2013,0.315
svn,sex_f,age_aggregate_yge65,eco_isic4_q,2014,0.197
svn,sex_f,age_aggregate_yge65,eco_isic4_q,2015,0.375
svn,sex_f,age_aggregate_yge65,eco_isic4_q,2016,0.454
svn,sex_f,age_aggregate_yge65,eco_isic4_q,2017,0.31
svn,sex_f,age_aggregate_yge65,eco_isic4_q,2018,0.181
svn,sex_f,age_aggregate_yge65,eco_isic4_q,2019,0.299
svn,sex_f,age_aggregate_yge65,eco_isic4_q,2020,0.182
svn,sex_f,age_aggregate_yge65,eco_isic4_q,2021,0.544
svn,sex_f,age_aggregate_yge65,eco_isic4_q,2022,0.653
svn,sex_f,age_aggregate_yge65,eco_isic4_q,2023,0.511
svn,sex_f,age_aggregate_yge65,eco_isic4_s,2017,0.156
svn,sex_f,age_aggregate_yge65,eco_isic4_s,2021,0.33
svn,sex_f,age_aggregate_yge65,eco_isic4_s,2022,0.276
svn,sex_f,age_aggregate_yge65,eco_isic4_s,2023,0.185
svn,sex_f,age_aggregate_yge65,eco_isic4_total,2008,0.621
svn,sex_f,age_aggregate_yge65,eco_isic4_total,2009,0.897
svn,sex_f,age_aggregate_yge65,eco_isic4_total,2010,1.163
svn,sex_f,age_aggregate_yge65,eco_isic4_total,2011,1.365
svn,sex_f,age_aggregate_yge65,eco_isic4_total,2012,0.792
svn,sex_f,age_aggregate_yge65,eco_isic4_total,2013,1.003
svn,sex_f,age_aggregate_yge65,eco_isic4_total,2014,0.661
svn,sex_f,age_aggregate_yge65,eco_isic4_total,2015,1.046
svn,sex_f,age_aggregate_yge65,eco_isic4_total,2016,1.188
svn,sex_f,age_aggregate_yge65,eco_isic4_total,2017,1.54
svn,sex_f,age_aggregate_yge65,eco_isic4_total,2018,1.153
svn,sex_f,age_aggregate_yge65,eco_isic4_total,2019,1.721
svn,sex_f,age_aggregate_yge65,eco_isic4_total,2020,2.008
svn,sex_f,age_aggregate_yge65,eco_isic4_total,2021,2.453
svn,sex_f,age_aggregate_yge65,eco_isic4_total,2022,2.667
svn,sex_f,age_aggregate_yge65,eco_isic4_total,2023,2.648
svn,sex_f,age_aggregate_yge65,eco_sector_agr,2005,0.225
svn,sex_f,age_aggregate_yge65,eco_sector_ind,1997,0.734
svn,sex_f,age_aggregate_yge65,eco_sector_ind,2007,0.184
svn,sex_f,age_aggregate_yge65,eco_sector_ind,2010,0.173
svn,sex_f,age_aggregate_yge65,eco_sector_ind,2020,0.247
svn,sex_f,age_aggregate_yge65,eco_sector_ind,2021,0.114
svn,sex_f,age_aggregate_yge65,eco_sector_nag,2005,0.92
svn,sex_f,age_aggregate_yge65,eco_sector_ser,1996,0.591
svn,sex_f,age_aggregate_yge65,eco_sector_ser,1997,1.214
svn,sex_f,age_aggregate_yge65,eco_sector_ser,2005,0.827
svn,sex_f,age_aggregate_yge65,eco_sector_ser,2006,0.702
svn,sex_f,age_aggregate_yge65,eco_sector_ser,2007,0.822
svn,sex_f,age_aggregate_yge65,eco_sector_ser,2008,0.556
svn,sex_f,age_aggregate_yge65,eco_sector_ser,2009,0.819
svn,sex_f,age_aggregate_yge65,eco_sector_ser,2010,0.913
svn,sex_f,age_aggregate_yge65,eco_sector_ser,2011,1.17
svn,sex_f,age_aggregate_yge65,eco_sector_ser,2012,0.719
svn,sex_f,age_aggregate_yge65,eco_sector_ser,2013,0.902
svn,sex_f,age_aggregate_yge65,eco_sector_ser,2014,0.648
svn,sex_f,age_aggregate_yge65,eco_sector_ser,2015,1.008
svn,sex_f,age_aggregate_yge65,eco_sector_ser,2016,1.149
svn,sex_f,age_aggregate_yge65,eco_sector_ser,2017,1.381
svn,sex_f,age_aggregate_yge65,eco_sector_ser,2018,0.924
svn,sex_f,age_aggregate_yge65,eco_sector_ser,2019,1.531
svn,sex_f,age_aggregate_yge65,eco_sector_ser,2020,1.669
svn,sex_f,age_aggregate_yge65,eco_sector_ser,2021,2.215
svn,sex_f,age_aggregate_yge65,eco_sector_ser,2022,2.587
svn,sex_f,age_aggregate_yge65,eco_sector_ser,2023,2.458
svn,sex_f,age_aggregate_yge65,eco_sector_total,1996,0.845
svn,sex_f,age_aggregate_yge65,eco_sector_total,1997,2.033
svn,sex_f,age_aggregate_yge65,eco_sector_total,2001,0.566
svn,sex_f,age_aggregate_yge65,eco_sector_total,2003,0.711
svn,sex_f,age_aggregate_yge65,eco_sector_total,2004,0.77
svn,sex_f,age_aggregate_yge65,eco_sector_total,2005,1.145
svn,sex_f,age_aggregate_yge65,eco_sector_total,2006,0.812
svn,sex_f,age_aggregate_yge65,eco_sector_total,2007,1.037
svn,sex_f,age_aggregate_yge65,eco_sector_total,2008,0.621
svn,sex_f,age_aggregate_yge65,eco_sector_total,2009,0.897
svn,sex_f,age_aggregate_yge65,eco_sector_total,2010,1.163
svn,sex_f,age_aggregate_yge65,eco_sector_total,2011,1.365
svn,sex_f,age_aggregate_yge65,eco_sector_total,2012,0.792
svn,sex_f,age_aggregate_yge65,eco_sector_total,2013,1.003
svn,sex_f,age_aggregate_yge65,eco_sector_total,2014,0.661
svn,sex_f,age_aggregate_yge65,eco_sector_total,2015,1.046
svn,sex_f,age_aggregate_yge65,eco_sector_total,2016,1.188
svn,sex_f,age_aggregate_yge65,eco_sector_total,2017,1.54
svn,sex_f,age_aggregate_yge65,eco_sector_total,2018,1.153
svn,sex_f,age_aggregate_yge65,eco_sector_total,2019,1.721
svn,sex_f,age_aggregate_yge65,eco_sector_total,2020,2.008
svn,sex_f,age_aggregate_yge65,eco_sector_total,2021,2.453
svn,sex_f,age_aggregate_yge65,eco_sector_total,2022,2.667
svn,sex_f,age_aggregate_yge65,eco_sector_total,2023,2.648
svn,sex_f,age_ythadult_y15_24,eco_aggregate_agr,1996,0.573
svn,sex_f,age_ythadult_y15_24,eco_aggregate_agr,1997,0.5
svn,sex_f,age_ythadult_y15_24,eco_aggregate_agr,1998,0.81
svn,sex_f,age_ythadult_y15_24,eco_aggregate_agr,2005,0.206
svn,sex_f,age_ythadult_y15_24,eco_aggregate_agr,2006,0.103
svn,sex_f,age_ythadult_y15_24,eco_aggregate_agr,2007,0.269
svn,sex_f,age_ythadult_y15_24,eco_aggregate_agr,2008,0.22
svn,sex_f,age_ythadult_y15_24,eco_aggregate_agr,2009,0.312
svn,sex_f,age_ythadult_y15_24,eco_aggregate_agr,2010,0.148
svn,sex_f,age_ythadult_y15_24,eco_aggregate_agr,2011,0.203
svn,sex_f,age_ythadult_y15_24,eco_aggregate_agr,2015,0.248
svn,sex_f,age_ythadult_y15_24,eco_aggregate_agr,2018,0.159
svn,sex_f,age_ythadult_y15_24,eco_aggregate_agr,2019,0.273
svn,sex_f,age_ythadult_y15_24,eco_aggregate_agr,2020,0.191
svn,sex_f,age_ythadult_y15_24,eco_aggregate_agr,2021,0.139
svn,sex_f,age_ythadult_y15_24,eco_aggregate_con,1998,0.524
svn,sex_f,age_ythadult_y15_24,eco_aggregate_con,1999,0.523
svn,sex_f,age_ythadult_y15_24,eco_aggregate_con,2002,0.375
svn,sex_f,age_ythadult_y15_24,eco_aggregate_con,2006,0.329
svn,sex_f,age_ythadult_y15_24,eco_aggregate_con,2007,0.63
svn,sex_f,age_ythadult_y15_24,eco_aggregate_con,2008,0.454
svn,sex_f,age_ythadult_y15_24,eco_aggregate_con,2009,0.4
svn,sex_f,age_ythadult_y15_24,eco_aggregate_con,2010,0.103
svn,sex_f,age_ythadult_y15_24,eco_aggregate_con,2011,0.143
svn,sex_f,age_ythadult_y15_24,eco_aggregate_con,2012,0.509
svn,sex_f,age_ythadult_y15_24,eco_aggregate_con,2013,0.439
svn,sex_f,age_ythadult_y15_24,eco_aggregate_con,2015,0.142
svn,sex_f,age_ythadult_y15_24,eco_aggregate_con,2016,0.562
svn,sex_f,age_ythadult_y15_24,eco_aggregate_con,2018,0.164
svn,sex_f,age_ythadult_y15_24,eco_aggregate_con,2019,0.498
svn,sex_f,age_ythadult_y15_24,eco_aggregate_con,2020,0.18
svn,sex_f,age_ythadult_y15_24,eco_aggregate_con,2021,0.182
svn,sex_f,age_ythadult_y15_24,eco_aggregate_con,2022,0.264
svn,sex_f,age_ythadult_y15_24,eco_aggregate_con,2023,0.382
svn,sex_f,age_ythadult_y15_24,eco_aggregate_man,1996,14.13
svn,sex_f,age_ythadult_y15_24,eco_aggregate_man,1997,9.871
svn,sex_f,age_ythadult_y15_24,eco_aggregate_man,1998,12.578
svn,sex_f,age_ythadult_y15_24,eco_aggregate_man,1999,12.869
svn,sex_f,age_ythadult_y15_24,eco_aggregate_man,2000,8.275
svn,sex_f,age_ythadult_y15_24,eco_aggregate_man,2001,10.107
svn,sex_f,age_ythadult_y15_24,eco_aggregate_man,2002,8.684
svn,sex_f,age_ythadult_y15_24,eco_aggregate_man,2003,5.611
svn,sex_f,age_ythadult_y15_24,eco_aggregate_man,2004,6.507
svn,sex_f,age_ythadult_y15_24,eco_aggregate_man,2005,7.278
svn,sex_f,age_ythadult_y15_24,eco_aggregate_man,2006,6.436
svn,sex_f,age_ythadult_y15_24,eco_aggregate_man,2007,7.333
svn,sex_f,age_ythadult_y15_24,eco_aggregate_man,2008,5.317
svn,sex_f,age_ythadult_y15_24,eco_aggregate_man,2009,3.215
svn,sex_f,age_ythadult_y15_24,eco_aggregate_man,2010,3.184
svn,sex_f,age_ythadult_y15_24,eco_aggregate_man,2011,2.836
svn,sex_f,age_ythadult_y15_24,eco_aggregate_man,2012,3.391
svn,sex_f,age_ythadult_y15_24,eco_aggregate_man,2013,2.372
svn,sex_f,age_ythadult_y15_24,eco_aggregate_man,2014,2.438
svn,sex_f,age_ythadult_y15_24,eco_aggregate_man,2015,3.562
svn,sex_f,age_ythadult_y15_24,eco_aggregate_man,2016,3.261
svn,sex_f,age_ythadult_y15_24,eco_aggregate_man,2017,3.59
svn,sex_f,age_ythadult_y15_24,eco_aggregate_man,2018,3.924
svn,sex_f,age_ythadult_y15_24,eco_aggregate_man,2019,3.447
svn,sex_f,age_ythadult_y15_24,eco_aggregate_man,2020,2.438
svn,sex_f,age_ythadult_y15_24,eco_aggregate_man,2021,3.319
svn,sex_f,age_ythadult_y15_24,eco_aggregate_man,2022,2.563
svn,sex_f,age_ythadult_y15_24,eco_aggregate_man,2023,3.172
svn,sex_f,age_ythadult_y15_24,eco_aggregate_mel,2006,0.125
svn,sex_f,age_ythadult_y15_24,eco_aggregate_mel,2007,0
svn,sex_f,age_ythadult_y15_24,eco_aggregate_mel,2008,0.222
svn,sex_f,age_ythadult_y15_24,eco_aggregate_mel,2009,0.204
svn,sex_f,age_ythadult_y15_24,eco_aggregate_mel,2010,0.279
svn,sex_f,age_ythadult_y15_24,eco_aggregate_mel,2011,0.334
svn,sex_f,age_ythadult_y15_24,eco_aggregate_mel,2017,0.278
svn,sex_f,age_ythadult_y15_24,eco_aggregate_mel,2023,0.184
svn,sex_f,age_ythadult_y15_24,eco_aggregate_mkt,1996,20.677
svn,sex_f,age_ythadult_y15_24,eco_aggregate_mkt,1997,22.67
svn,sex_f,age_ythadult_y15_24,eco_aggregate_mkt,1998,18.509
svn,sex_f,age_ythadult_y15_24,eco_aggregate_mkt,1999,17.337
svn,sex_f,age_ythadult_y15_24,eco_aggregate_mkt,2000,17.002
svn,sex_f,age_ythadult_y15_24,eco_aggregate_mkt,2001,14.322
svn,sex_f,age_ythadult_y15_24,eco_aggregate_mkt,2002,18.31
svn,sex_f,age_ythadult_y15_24,eco_aggregate_mkt,2003,15.197
svn,sex_f,age_ythadult_y15_24,eco_aggregate_mkt,2004,18.714
svn,sex_f,age_ythadult_y15_24,eco_aggregate_mkt,2005,16.946
svn,sex_f,age_ythadult_y15_24,eco_aggregate_mkt,2006,17.03
svn,sex_f,age_ythadult_y15_24,eco_aggregate_mkt,2007,17.804
svn,sex_f,age_ythadult_y15_24,eco_aggregate_mkt,2008,20.254
svn,sex_f,age_ythadult_y15_24,eco_aggregate_mkt,2009,18.188
svn,sex_f,age_ythadult_y15_24,eco_aggregate_mkt,2010,16.279
svn,sex_f,age_ythadult_y15_24,eco_aggregate_mkt,2011,13.71
svn,sex_f,age_ythadult_y15_24,eco_aggregate_mkt,2012,10.977
svn,sex_f,age_ythadult_y15_24,eco_aggregate_mkt,2013,10.03
svn,sex_f,age_ythadult_y15_24,eco_aggregate_mkt,2014,11.736
svn,sex_f,age_ythadult_y15_24,eco_aggregate_mkt,2015,12.353
svn,sex_f,age_ythadult_y15_24,eco_aggregate_mkt,2016,13.21
svn,sex_f,age_ythadult_y15_24,eco_aggregate_mkt,2017,13.576
svn,sex_f,age_ythadult_y15_24,eco_aggregate_mkt,2018,14.625
svn,sex_f,age_ythadult_y15_24,eco_aggregate_mkt,2019,15.547
svn,sex_f,age_ythadult_y15_24,eco_aggregate_mkt,2020,11.646
svn,sex_f,age_ythadult_y15_24,eco_aggregate_mkt,2021,11.372
svn,sex_f,age_ythadult_y15_24,eco_aggregate_mkt,2022,13.243
svn,sex_f,age_ythadult_y15_24,eco_aggregate_mkt,2023,14.364
svn,sex_f,age_ythadult_y15_24,eco_aggregate_pub,1996,13.838
svn,sex_f,age_ythadult_y15_24,eco_aggregate_pub,1997,13.199
svn,sex_f,age_ythadult_y15_24,eco_aggregate_pub,1998,11.177
svn,sex_f,age_ythadult_y15_24,eco_aggregate_pub,1999,10.748
svn,sex_f,age_ythadult_y15_24,eco_aggregate_pub,2000,8.031
svn,sex_f,age_ythadult_y15_24,eco_aggregate_pub,2001,8.356
svn,sex_f,age_ythadult_y15_24,eco_aggregate_pub,2002,7.046
svn,sex_f,age_ythadult_y15_24,eco_aggregate_pub,2003,8.511
svn,sex_f,age_ythadult_y15_24,eco_aggregate_pub,2004,8.631
svn,sex_f,age_ythadult_y15_24,eco_aggregate_pub,2005,9.028
svn,sex_f,age_ythadult_y15_24,eco_aggregate_pub,2006,9.118
svn,sex_f,age_ythadult_y15_24,eco_aggregate_pub,2007,7.704
svn,sex_f,age_ythadult_y15_24,eco_aggregate_pub,2008,9.412
svn,sex_f,age_ythadult_y15_24,eco_aggregate_pub,2009,8.723
svn,sex_f,age_ythadult_y15_24,eco_aggregate_pub,2010,8.413
svn,sex_f,age_ythadult_y15_24,eco_aggregate_pub,2011,8.242
svn,sex_f,age_ythadult_y15_24,eco_aggregate_pub,2012,6.175
svn,sex_f,age_ythadult_y15_24,eco_aggregate_pub,2013,5.722
svn,sex_f,age_ythadult_y15_24,eco_aggregate_pub,2014,4.838
svn,sex_f,age_ythadult_y15_24,eco_aggregate_pub,2015,5.659
svn,sex_f,age_ythadult_y15_24,eco_aggregate_pub,2016,6.725
svn,sex_f,age_ythadult_y15_24,eco_aggregate_pub,2017,7.307
svn,sex_f,age_ythadult_y15_24,eco_aggregate_pub,2018,7.291
svn,sex_f,age_ythadult_y15_24,eco_aggregate_pub,2019,6.246
svn,sex_f,age_ythadult_y15_24,eco_aggregate_pub,2020,6.31
svn,sex_f,age_ythadult_y15_24,eco_aggregate_pub,2021,9.261
svn,sex_f,age_ythadult_y15_24,eco_aggregate_pub,2022,9.85
svn,sex_f,age_ythadult_y15_24,eco_aggregate_pub,2023,7.779
svn,sex_f,age_ythadult_y15_24,eco_aggregate_total,1996,50.024
svn,sex_f,age_ythadult_y15_24,eco_aggregate_total,1997,46.816
svn,sex_f,age_ythadult_y15_24,eco_aggregate_total,1998,43.746
svn,sex_f,age_ythadult_y15_24,eco_aggregate_total,1999,42.088
svn,sex_f,age_ythadult_y15_24,eco_aggregate_total,2000,34.221
svn,sex_f,age_ythadult_y15_24,eco_aggregate_total,2001,34.04
svn,sex_f,age_ythadult_y15_24,eco_aggregate_total,2002,34.86
svn,sex_f,age_ythadult_y15_24,eco_aggregate_total,2003,30.317
svn,sex_f,age_ythadult_y15_24,eco_aggregate_total,2004,35.762
svn,sex_f,age_ythadult_y15_24,eco_aggregate_total,2005,34.027
svn,sex_f,age_ythadult_y15_24,eco_aggregate_total,2006,33.801
svn,sex_f,age_ythadult_y15_24,eco_aggregate_total,2007,34.631
svn,sex_f,age_ythadult_y15_24,eco_aggregate_total,2008,36.441
svn,sex_f,age_ythadult_y15_24,eco_aggregate_total,2009,31.699
svn,sex_f,age_ythadult_y15_24,eco_aggregate_total,2010,28.896
svn,sex_f,age_ythadult_y15_24,eco_aggregate_total,2011,25.787
svn,sex_f,age_ythadult_y15_24,eco_aggregate_total,2012,21.736
svn,sex_f,age_ythadult_y15_24,eco_aggregate_total,2013,18.908
svn,sex_f,age_ythadult_y15_24,eco_aggregate_total,2014,19.52
svn,sex_f,age_ythadult_y15_24,eco_aggregate_total,2015,22.766
svn,sex_f,age_ythadult_y15_24,eco_aggregate_total,2016,24.114
svn,sex_f,age_ythadult_y15_24,eco_aggregate_total,2017,25.252
svn,sex_f,age_ythadult_y15_24,eco_aggregate_total,2018,26.919
svn,sex_f,age_ythadult_y15_24,eco_aggregate_total,2019,26.361
svn,sex_f,age_ythadult_y15_24,eco_aggregate_total,2020,21.085
svn,sex_f,age_ythadult_y15_24,eco_aggregate_total,2021,24.648
svn,sex_f,age_ythadult_y15_24,eco_aggregate_total,2022,26.335
svn,sex_f,age_ythadult_y15_24,eco_aggregate_total,2023,26.341
svn,sex_f,age_ythadult_y15_24,eco_aggregate_x,2001,0.809
svn,sex_f,age_ythadult_y15_24,eco_aggregate_x,2002,0.446
svn,sex_f,age_ythadult_y15_24,eco_aggregate_x,2003,0.517
svn,sex_f,age_ythadult_y15_24,eco_aggregate_x,2004,1.433
svn,sex_f,age_ythadult_y15_24,eco_aggregate_x,2005,0.385
svn,sex_f,age_ythadult_y15_24,eco_aggregate_x,2006,0.66
svn,sex_f,age_ythadult_y15_24,eco_aggregate_x,2007,0.891
svn,sex_f,age_ythadult_y15_24,eco_aggregate_x,2008,0.562
svn,sex_f,age_ythadult_y15_24,eco_aggregate_x,2009,0.656
svn,sex_f,age_ythadult_y15_24,eco_aggregate_x,2010,0.49
svn,sex_f,age_ythadult_y15_24,eco_aggregate_x,2011,0.319
svn,sex_f,age_ythadult_y15_24,eco_aggregate_x,2012,0.312
svn,sex_f,age_ythadult_y15_24,eco_aggregate_x,2013,0.192
svn,sex_f,age_ythadult_y15_24,eco_aggregate_x,2014,0.411
svn,sex_f,age_ythadult_y15_24,eco_aggregate_x,2015,0.706
svn,sex_f,age_ythadult_y15_24,eco_aggregate_x,2016,0.243
svn,sex_f,age_ythadult_y15_24,eco_aggregate_x,2017,0.363
svn,sex_f,age_ythadult_y15_24,eco_aggregate_x,2018,0.718
svn,sex_f,age_ythadult_y15_24,eco_aggregate_x,2019,0.31
svn,sex_f,age_ythadult_y15_24,eco_aggregate_x,2020,0.238
svn,sex_f,age_ythadult_y15_24,eco_aggregate_x,2021,0.307
svn,sex_f,age_ythadult_y15_24,eco_aggregate_x,2022,0.242
svn,sex_f,age_ythadult_y15_24,eco_aggregate_x,2023,0.297
svn,sex_f,age_ythadult_y15_24,eco_isic3_a,1996,0.573
svn,sex_f,age_ythadult_y15_24,eco_isic3_a,1997,0.5
svn,sex_f,age_ythadult_y15_24,eco_isic3_a,1998,0.81
svn,sex_f,age_ythadult_y15_24,eco_isic3_a,2005,0.206
svn,sex_f,age_ythadult_y15_24,eco_isic3_a,2006,0.103
svn,sex_f,age_ythadult_y15_24,eco_isic3_a,2007,0.269
svn,sex_f,age_ythadult_y15_24,eco_isic3_c,2006,0
svn,sex_f,age_ythadult_y15_24,eco_isic3_d,1996,14.13
svn,sex_f,age_ythadult_y15_24,eco_isic3_d,1997,9.871
svn,sex_f,age_ythadult_y15_24,eco_isic3_d,1998,12.578
svn,sex_f,age_ythadult_y15_24,eco_isic3_d,1999,12.869
svn,sex_f,age_ythadult_y15_24,eco_isic3_d,2000,8.275
svn,sex_f,age_ythadult_y15_24,eco_isic3_d,2001,10.107
svn,sex_f,age_ythadult_y15_24,eco_isic3_d,2002,8.684
svn,sex_f,age_ythadult_y15_24,eco_isic3_d,2003,5.611
svn,sex_f,age_ythadult_y15_24,eco_isic3_d,2004,6.507
svn,sex_f,age_ythadult_y15_24,eco_isic3_d,2005,7.278
svn,sex_f,age_ythadult_y15_24,eco_isic3_d,2006,6.436
svn,sex_f,age_ythadult_y15_24,eco_isic3_d,2007,7.333
svn,sex_f,age_ythadult_y15_24,eco_isic3_e,2006,0.125
svn,sex_f,age_ythadult_y15_24,eco_isic3_f,1998,0.524
svn,sex_f,age_ythadult_y15_24,eco_isic3_f,1999,0.523
svn,sex_f,age_ythadult_y15_24,eco_isic3_f,2002,0.375
svn,sex_f,age_ythadult_y15_24,eco_isic3_f,2006,0.329
svn,sex_f,age_ythadult_y15_24,eco_isic3_f,2007,0.63
svn,sex_f,age_ythadult_y15_24,eco_isic3_g,1996,9.326
svn,sex_f,age_ythadult_y15_24,eco_isic3_g,1997,10.273
svn,sex_f,age_ythadult_y15_24,eco_isic3_g,1998,8.61
svn,sex_f,age_ythadult_y15_24,eco_isic3_g,1999,7.771
svn,sex_f,age_ythadult_y15_24,eco_isic3_g,2000,8.982
svn,sex_f,age_ythadult_y15_24,eco_isic3_g,2001,5.836
svn,sex_f,age_ythadult_y15_24,eco_isic3_g,2002,8.007
svn,sex_f,age_ythadult_y15_24,eco_isic3_g,2003,7.439
svn,sex_f,age_ythadult_y15_24,eco_isic3_g,2004,8.27
svn,sex_f,age_ythadult_y15_24,eco_isic3_g,2005,6.889
svn,sex_f,age_ythadult_y15_24,eco_isic3_g,2006,6.724
svn,sex_f,age_ythadult_y15_24,eco_isic3_g,2007,7.008
svn,sex_f,age_ythadult_y15_24,eco_isic3_h,1996,6.588
svn,sex_f,age_ythadult_y15_24,eco_isic3_h,1997,6.395
svn,sex_f,age_ythadult_y15_24,eco_isic3_h,1998,5.251
svn,sex_f,age_ythadult_y15_24,eco_isic3_h,1999,5.241
svn,sex_f,age_ythadult_y15_24,eco_isic3_h,2000,4.581
svn,sex_f,age_ythadult_y15_24,eco_isic3_h,2001,4.921
svn,sex_f,age_ythadult_y15_24,eco_isic3_h,2002,4.815
svn,sex_f,age_ythadult_y15_24,eco_isic3_h,2003,4.401
svn,sex_f,age_ythadult_y15_24,eco_isic3_h,2004,5.604
svn,sex_f,age_ythadult_y15_24,eco_isic3_h,2005,5.417
svn,sex_f,age_ythadult_y15_24,eco_isic3_h,2006,5.551
svn,sex_f,age_ythadult_y15_24,eco_isic3_h,2007,5.497
svn,sex_f,age_ythadult_y15_24,eco_isic3_i,1996,1.284
svn,sex_f,age_ythadult_y15_24,eco_isic3_i,1997,1.164
svn,sex_f,age_ythadult_y15_24,eco_isic3_i,1998,1.526
svn,sex_f,age_ythadult_y15_24,eco_isic3_i,1999,0.559
svn,sex_f,age_ythadult_y15_24,eco_isic3_i,2000,1.291
svn,sex_f,age_ythadult_y15_24,eco_isic3_i,2001,1.353
svn,sex_f,age_ythadult_y15_24,eco_isic3_i,2002,1.121
svn,sex_f,age_ythadult_y15_24,eco_isic3_i,2003,0.478
svn,sex_f,age_ythadult_y15_24,eco_isic3_i,2004,0.866
svn,sex_f,age_ythadult_y15_24,eco_isic3_i,2005,1.506
svn,sex_f,age_ythadult_y15_24,eco_isic3_i,2006,1.754
svn,sex_f,age_ythadult_y15_24,eco_isic3_i,2007,1.463
svn,sex_f,age_ythadult_y15_24,eco_isic3_j,1996,1.738
svn,sex_f,age_ythadult_y15_24,eco_isic3_j,1997,1.805
svn,sex_f,age_ythadult_y15_24,eco_isic3_j,1998,1.168
svn,sex_f,age_ythadult_y15_24,eco_isic3_j,1999,1.118
svn,sex_f,age_ythadult_y15_24,eco_isic3_j,2000,0.812
svn,sex_f,age_ythadult_y15_24,eco_isic3_j,2001,0.916
svn,sex_f,age_ythadult_y15_24,eco_isic3_j,2002,1.493
svn,sex_f,age_ythadult_y15_24,eco_isic3_j,2003,0.645
svn,sex_f,age_ythadult_y15_24,eco_isic3_j,2004,1.398
svn,sex_f,age_ythadult_y15_24,eco_isic3_j,2005,1.068
svn,sex_f,age_ythadult_y15_24,eco_isic3_j,2006,0.925
svn,sex_f,age_ythadult_y15_24,eco_isic3_j,2007,0.763
svn,sex_f,age_ythadult_y15_24,eco_isic3_k,1996,1.741
svn,sex_f,age_ythadult_y15_24,eco_isic3_k,1997,3.033
svn,sex_f,age_ythadult_y15_24,eco_isic3_k,1998,1.955
svn,sex_f,age_ythadult_y15_24,eco_isic3_k,1999,2.648
svn,sex_f,age_ythadult_y15_24,eco_isic3_k,2000,1.335
svn,sex_f,age_ythadult_y15_24,eco_isic3_k,2001,1.296
svn,sex_f,age_ythadult_y15_24,eco_isic3_k,2002,2.875
svn,sex_f,age_ythadult_y15_24,eco_isic3_k,2003,2.233
svn,sex_f,age_ythadult_y15_24,eco_isic3_k,2004,2.577
svn,sex_f,age_ythadult_y15_24,eco_isic3_k,2005,2.066
svn,sex_f,age_ythadult_y15_24,eco_isic3_k,2006,2.076
svn,sex_f,age_ythadult_y15_24,eco_isic3_k,2007,3.072
svn,sex_f,age_ythadult_y15_24,eco_isic3_l,1996,2.268
svn,sex_f,age_ythadult_y15_24,eco_isic3_l,1997,2.332
svn,sex_f,age_ythadult_y15_24,eco_isic3_l,1998,2.402
svn,sex_f,age_ythadult_y15_24,eco_isic3_l,1999,2.417
svn,sex_f,age_ythadult_y15_24,eco_isic3_l,2000,2.51
svn,sex_f,age_ythadult_y15_24,eco_isic3_l,2001,1.512
svn,sex_f,age_ythadult_y15_24,eco_isic3_l,2002,1.749
svn,sex_f,age_ythadult_y15_24,eco_isic3_l,2003,1.266
svn,sex_f,age_ythadult_y15_24,eco_isic3_l,2004,1.613
svn,sex_f,age_ythadult_y15_24,eco_isic3_l,2005,1.315
svn,sex_f,age_ythadult_y15_24,eco_isic3_l,2006,1.142
svn,sex_f,age_ythadult_y15_24,eco_isic3_l,2007,1.001
svn,sex_f,age_ythadult_y15_24,eco_isic3_m,1996,3.036
svn,sex_f,age_ythadult_y15_24,eco_isic3_m,1997,2.948
svn,sex_f,age_ythadult_y15_24,eco_isic3_m,1998,3.369
svn,sex_f,age_ythadult_y15_24,eco_isic3_m,1999,2.76
svn,sex_f,age_ythadult_y15_24,eco_isic3_m,2000,0.929
svn,sex_f,age_ythadult_y15_24,eco_isic3_m,2001,1.752
svn,sex_f,age_ythadult_y15_24,eco_isic3_m,2002,0.657
svn,sex_f,age_ythadult_y15_24,eco_isic3_m,2003,2.44
svn,sex_f,age_ythadult_y15_24,eco_isic3_m,2004,2.205
svn,sex_f,age_ythadult_y15_24,eco_isic3_m,2005,1.949
svn,sex_f,age_ythadult_y15_24,eco_isic3_m,2006,1.676
svn,sex_f,age_ythadult_y15_24,eco_isic3_m,2007,1.736
svn,sex_f,age_ythadult_y15_24,eco_isic3_n,1996,4.336
svn,sex_f,age_ythadult_y15_24,eco_isic3_n,1997,4.75
svn,sex_f,age_ythadult_y15_24,eco_isic3_n,1998,3.3
svn,sex_f,age_ythadult_y15_24,eco_isic3_n,1999,2.92
svn,sex_f,age_ythadult_y15_24,eco_isic3_n,2000,2.11
svn,sex_f,age_ythadult_y15_24,eco_isic3_n,2001,1.947
svn,sex_f,age_ythadult_y15_24,eco_isic3_n,2002,1.638
svn,sex_f,age_ythadult_y15_24,eco_isic3_n,2003,2.222
svn,sex_f,age_ythadult_y15_24,eco_isic3_n,2004,1.971
svn,sex_f,age_ythadult_y15_24,eco_isic3_n,2005,2.649
svn,sex_f,age_ythadult_y15_24,eco_isic3_n,2006,2.587
svn,sex_f,age_ythadult_y15_24,eco_isic3_n,2007,1.982
svn,sex_f,age_ythadult_y15_24,eco_isic3_o,1996,3.666
svn,sex_f,age_ythadult_y15_24,eco_isic3_o,1997,2.902
svn,sex_f,age_ythadult_y15_24,eco_isic3_o,1998,1.999
svn,sex_f,age_ythadult_y15_24,eco_isic3_o,1999,2.65
svn,sex_f,age_ythadult_y15_24,eco_isic3_o,2000,2.425
svn,sex_f,age_ythadult_y15_24,eco_isic3_o,2001,2.985
svn,sex_f,age_ythadult_y15_24,eco_isic3_o,2002,3.002
svn,sex_f,age_ythadult_y15_24,eco_isic3_o,2003,2.582
svn,sex_f,age_ythadult_y15_24,eco_isic3_o,2004,2.746
svn,sex_f,age_ythadult_y15_24,eco_isic3_o,2005,3.063
svn,sex_f,age_ythadult_y15_24,eco_isic3_o,2006,3.684
svn,sex_f,age_ythadult_y15_24,eco_isic3_o,2007,2.985
svn,sex_f,age_ythadult_y15_24,eco_isic3_p,1996,0.532
svn,sex_f,age_ythadult_y15_24,eco_isic3_total,1996,50.024
svn,sex_f,age_ythadult_y15_24,eco_isic3_total,1997,46.816
svn,sex_f,age_ythadult_y15_24,eco_isic3_total,1998,43.746
svn,sex_f,age_ythadult_y15_24,eco_isic3_total,1999,42.088
svn,sex_f,age_ythadult_y15_24,eco_isic3_total,2000,34.221
svn,sex_f,age_ythadult_y15_24,eco_isic3_total,2001,34.04
svn,sex_f,age_ythadult_y15_24,eco_isic3_total,2002,34.86
svn,sex_f,age_ythadult_y15_24,eco_isic3_total,2003,30.317
svn,sex_f,age_ythadult_y15_24,eco_isic3_total,2004,35.762
svn,sex_f,age_ythadult_y15_24,eco_isic3_total,2005,34.027
svn,sex_f,age_ythadult_y15_24,eco_isic3_total,2006,33.801
svn,sex_f,age_ythadult_y15_24,eco_isic3_total,2007,34.631
svn,sex_f,age_ythadult_y15_24,eco_isic3_x,2001,0.809
svn,sex_f,age_ythadult_y15_24,eco_isic3_x,2002,0.446
svn,sex_f,age_ythadult_y15_24,eco_isic3_x,2003,0.517
svn,sex_f,age_ythadult_y15_24,eco_isic3_x,2004,1.433
svn,sex_f,age_ythadult_y15_24,eco_isic3_x,2005,0.385
svn,sex_f,age_ythadult_y15_24,eco_isic3_x,2006,0.66
svn,sex_f,age_ythadult_y15_24,eco_isic3_x,2007,0.891
svn,sex_f,age_ythadult_y15_24,eco_isic4_a,2008,0.22
svn,sex_f,age_ythadult_y15_24,eco_isic4_a,2009,0.312
svn,sex_f,age_ythadult_y15_24,eco_isic4_a,2010,0.148
svn,sex_f,age_ythadult_y15_24,eco_isic4_a,2011,0.203
svn,sex_f,age_ythadult_y15_24,eco_isic4_a,2015,0.248
svn,sex_f,age_ythadult_y15_24,eco_isic4_a,2018,0.159
svn,sex_f,age_ythadult_y15_24,eco_isic4_a,2019,0.273
svn,sex_f,age_ythadult_y15_24,eco_isic4_a,2020,0.191
svn,sex_f,age_ythadult_y15_24,eco_isic4_a,2021,0.139
svn,sex_f,age_ythadult_y15_24,eco_isic4_b,2023,0.155
svn,sex_f,age_ythadult_y15_24,eco_isic4_c,2008,5.317
svn,sex_f,age_ythadult_y15_24,eco_isic4_c,2009,3.215
svn,sex_f,age_ythadult_y15_24,eco_isic4_c,2010,3.184
svn,sex_f,age_ythadult_y15_24,eco_isic4_c,2011,2.836
svn,sex_f,age_ythadult_y15_24,eco_isic4_c,2012,3.391
svn,sex_f,age_ythadult_y15_24,eco_isic4_c,2013,2.372
svn,sex_f,age_ythadult_y15_24,eco_isic4_c,2014,2.438
svn,sex_f,age_ythadult_y15_24,eco_isic4_c,2015,3.562
svn,sex_f,age_ythadult_y15_24,eco_isic4_c,2016,3.261
svn,sex_f,age_ythadult_y15_24,eco_isic4_c,2017,3.59
svn,sex_f,age_ythadult_y15_24,eco_isic4_c,2018,3.924
svn,sex_f,age_ythadult_y15_24,eco_isic4_c,2019,3.447
svn,sex_f,age_ythadult_y15_24,eco_isic4_c,2020,2.438
svn,sex_f,age_ythadult_y15_24,eco_isic4_c,2021,3.319
svn,sex_f,age_ythadult_y15_24,eco_isic4_c,2022,2.563
svn,sex_f,age_ythadult_y15_24,eco_isic4_c,2023,3.172
svn,sex_f,age_ythadult_y15_24,eco_isic4_d,2009,0.097
svn,sex_f,age_ythadult_y15_24,eco_isic4_d,2011,0.118
svn,sex_f,age_ythadult_y15_24,eco_isic4_e,2010,0.13
svn,sex_f,age_ythadult_y15_24,eco_isic4_e,2011,0.216
svn,sex_f,age_ythadult_y15_24,eco_isic4_f,2008,0.454
svn,sex_f,age_ythadult_y15_24,eco_isic4_f,2009,0.4
svn,sex_f,age_ythadult_y15_24,eco_isic4_f,2010,0.103
svn,sex_f,age_ythadult_y15_24,eco_isic4_f,2011,0.143
svn,sex_f,age_ythadult_y15_24,eco_isic4_f,2012,0.509
svn,sex_f,age_ythadult_y15_24,eco_isic4_f,2013,0.439
svn,sex_f,age_ythadult_y15_24,eco_isic4_f,2015,0.142
svn,sex_f,age_ythadult_y15_24,eco_isic4_f,2016,0.562
svn,sex_f,age_ythadult_y15_24,eco_isic4_f,2018,0.164
svn,sex_f,age_ythadult_y15_24,eco_isic4_f,2019,0.498
svn,sex_f,age_ythadult_y15_24,eco_isic4_f,2020,0.18
svn,sex_f,age_ythadult_y15_24,eco_isic4_f,2021,0.182
svn,sex_f,age_ythadult_y15_24,eco_isic4_f,2022,0.264
svn,sex_f,age_ythadult_y15_24,eco_isic4_f,2023,0.382
svn,sex_f,age_ythadult_y15_24,eco_isic4_g,2008,7.955
svn,sex_f,age_ythadult_y15_24,eco_isic4_g,2009,7.683
svn,sex_f,age_ythadult_y15_24,eco_isic4_g,2010,6.068
svn,sex_f,age_ythadult_y15_24,eco_isic4_g,2011,5.804
svn,sex_f,age_ythadult_y15_24,eco_isic4_g,2012,4.596
svn,sex_f,age_ythadult_y15_24,eco_isic4_g,2013,4.064
svn,sex_f,age_ythadult_y15_24,eco_isic4_g,2014,4.921
svn,sex_f,age_ythadult_y15_24,eco_isic4_g,2015,4.734
svn,sex_f,age_ythadult_y15_24,eco_isic4_g,2016,5.938
svn,sex_f,age_ythadult_y15_24,eco_isic4_g,2017,4.682
svn,sex_f,age_ythadult_y15_24,eco_isic4_g,2018,6.819
svn,sex_f,age_ythadult_y15_24,eco_isic4_g,2019,7.804
svn,sex_f,age_ythadult_y15_24,eco_isic4_g,2020,6.12
svn,sex_f,age_ythadult_y15_24,eco_isic4_g,2021,4.814
svn,sex_f,age_ythadult_y15_24,eco_isic4_g,2022,5.412
svn,sex_f,age_ythadult_y15_24,eco_isic4_g,2023,6.096
svn,sex_f,age_ythadult_y15_24,eco_isic4_h,2008,0.606
svn,sex_f,age_ythadult_y15_24,eco_isic4_h,2009,0.653
svn,sex_f,age_ythadult_y15_24,eco_isic4_h,2010,0.402
svn,sex_f,age_ythadult_y15_24,eco_isic4_h,2011,0.57
svn,sex_f,age_ythadult_y15_24,eco_isic4_h,2012,0.628
svn,sex_f,age_ythadult_y15_24,eco_isic4_h,2013,0.328
svn,sex_f,age_ythadult_y15_24,eco_isic4_h,2014,0.444
svn,sex_f,age_ythadult_y15_24,eco_isic4_h,2016,0.376
svn,sex_f,age_ythadult_y15_24,eco_isic4_h,2017,0.465
svn,sex_f,age_ythadult_y15_24,eco_isic4_h,2018,0.842
svn,sex_f,age_ythadult_y15_24,eco_isic4_h,2019,0.74
svn,sex_f,age_ythadult_y15_24,eco_isic4_h,2020,0.218
svn,sex_f,age_ythadult_y15_24,eco_isic4_h,2021,0.286
svn,sex_f,age_ythadult_y15_24,eco_isic4_h,2022,0.512
svn,sex_f,age_ythadult_y15_24,eco_isic4_h,2023,0.344
svn,sex_f,age_ythadult_y15_24,eco_isic4_i,2008,7.167
svn,sex_f,age_ythadult_y15_24,eco_isic4_i,2009,5.544
svn,sex_f,age_ythadult_y15_24,eco_isic4_i,2010,5.931
svn,sex_f,age_ythadult_y15_24,eco_isic4_i,2011,4.76
svn,sex_f,age_ythadult_y15_24,eco_isic4_i,2012,3.995
svn,sex_f,age_ythadult_y15_24,eco_isic4_i,2013,3.954
svn,sex_f,age_ythadult_y15_24,eco_isic4_i,2014,4.34
svn,sex_f,age_ythadult_y15_24,eco_isic4_i,2015,5.665
svn,sex_f,age_ythadult_y15_24,eco_isic4_i,2016,4.844
svn,sex_f,age_ythadult_y15_24,eco_isic4_i,2017,6.084
svn,sex_f,age_ythadult_y15_24,eco_isic4_i,2018,4.987
svn,sex_f,age_ythadult_y15_24,eco_isic4_i,2019,4.547
svn,sex_f,age_ythadult_y15_24,eco_isic4_i,2020,3.478
svn,sex_f,age_ythadult_y15_24,eco_isic4_i,2021,3.412
svn,sex_f,age_ythadult_y15_24,eco_isic4_i,2022,4.321
svn,sex_f,age_ythadult_y15_24,eco_isic4_i,2023,4.315
svn,sex_f,age_ythadult_y15_24,eco_isic4_j,2008,1.289
svn,sex_f,age_ythadult_y15_24,eco_isic4_j,2009,1.427
svn,sex_f,age_ythadult_y15_24,eco_isic4_j,2010,1.086
svn,sex_f,age_ythadult_y15_24,eco_isic4_j,2011,0.563
svn,sex_f,age_ythadult_y15_24,eco_isic4_j,2012,0.128
svn,sex_f,age_ythadult_y15_24,eco_isic4_j,2013,0.413
svn,sex_f,age_ythadult_y15_24,eco_isic4_j,2014,0.29
svn,sex_f,age_ythadult_y15_24,eco_isic4_j,2015,0.326
svn,sex_f,age_ythadult_y15_24,eco_isic4_j,2016,0.435
svn,sex_f,age_ythadult_y15_24,eco_isic4_j,2017,0.63
svn,sex_f,age_ythadult_y15_24,eco_isic4_j,2018,0.488
svn,sex_f,age_ythadult_y15_24,eco_isic4_j,2019,0.57
svn,sex_f,age_ythadult_y15_24,eco_isic4_j,2020,0.639
svn,sex_f,age_ythadult_y15_24,eco_isic4_j,2021,0.434
svn,sex_f,age_ythadult_y15_24,eco_isic4_j,2022,0.496
svn,sex_f,age_ythadult_y15_24,eco_isic4_j,2023,0.525
svn,sex_f,age_ythadult_y15_24,eco_isic4_k,2008,0.673
svn,sex_f,age_ythadult_y15_24,eco_isic4_k,2009,0.828
svn,sex_f,age_ythadult_y15_24,eco_isic4_k,2010,0.692
svn,sex_f,age_ythadult_y15_24,eco_isic4_k,2011,0.591
svn,sex_f,age_ythadult_y15_24,eco_isic4_k,2012,0.556
svn,sex_f,age_ythadult_y15_24,eco_isic4_k,2013,0.364
svn,sex_f,age_ythadult_y15_24,eco_isic4_k,2014,0.186
svn,sex_f,age_ythadult_y15_24,eco_isic4_k,2015,0.418
svn,sex_f,age_ythadult_y15_24,eco_isic4_k,2016,0.191
svn,sex_f,age_ythadult_y15_24,eco_isic4_k,2017,0.356
svn,sex_f,age_ythadult_y15_24,eco_isic4_k,2018,0.336
svn,sex_f,age_ythadult_y15_24,eco_isic4_k,2019,0.445
svn,sex_f,age_ythadult_y15_24,eco_isic4_k,2020,0.086
svn,sex_f,age_ythadult_y15_24,eco_isic4_k,2022,0.28
svn,sex_f,age_ythadult_y15_24,eco_isic4_k,2023,0.412
svn,sex_f,age_ythadult_y15_24,eco_isic4_l,2021,0.262
svn,sex_f,age_ythadult_y15_24,eco_isic4_l,2022,0.169
svn,sex_f,age_ythadult_y15_24,eco_isic4_l,2023,0.202
svn,sex_f,age_ythadult_y15_24,eco_isic4_m,2008,1.509
svn,sex_f,age_ythadult_y15_24,eco_isic4_m,2009,0.989
svn,sex_f,age_ythadult_y15_24,eco_isic4_m,2010,1.125
svn,sex_f,age_ythadult_y15_24,eco_isic4_m,2011,0.988
svn,sex_f,age_ythadult_y15_24,eco_isic4_m,2012,0.677
svn,sex_f,age_ythadult_y15_24,eco_isic4_m,2013,0.445
svn,sex_f,age_ythadult_y15_24,eco_isic4_m,2014,0.827
svn,sex_f,age_ythadult_y15_24,eco_isic4_m,2015,0.244
svn,sex_f,age_ythadult_y15_24,eco_isic4_m,2016,0.238
svn,sex_f,age_ythadult_y15_24,eco_isic4_m,2017,0.698
svn,sex_f,age_ythadult_y15_24,eco_isic4_m,2018,0.703
svn,sex_f,age_ythadult_y15_24,eco_isic4_m,2019,0.877
svn,sex_f,age_ythadult_y15_24,eco_isic4_m,2020,0.755
svn,sex_f,age_ythadult_y15_24,eco_isic4_m,2021,1.201
svn,sex_f,age_ythadult_y15_24,eco_isic4_m,2022,1.102
svn,sex_f,age_ythadult_y15_24,eco_isic4_m,2023,1.689
svn,sex_f,age_ythadult_y15_24,eco_isic4_n,2008,0.951
svn,sex_f,age_ythadult_y15_24,eco_isic4_n,2009,1.065
svn,sex_f,age_ythadult_y15_24,eco_isic4_n,2010,0.977
svn,sex_f,age_ythadult_y15_24,eco_isic4_n,2011,0.435
svn,sex_f,age_ythadult_y15_24,eco_isic4_n,2012,0.397
svn,sex_f,age_ythadult_y15_24,eco_isic4_n,2013,0.461
svn,sex_f,age_ythadult_y15_24,eco_isic4_n,2014,0.729
svn,sex_f,age_ythadult_y15_24,eco_isic4_n,2015,0.848
svn,sex_f,age_ythadult_y15_24,eco_isic4_n,2016,1.188
svn,sex_f,age_ythadult_y15_24,eco_isic4_n,2017,0.571
svn,sex_f,age_ythadult_y15_24,eco_isic4_n,2018,0.433
svn,sex_f,age_ythadult_y15_24,eco_isic4_n,2019,0.531
svn,sex_f,age_ythadult_y15_24,eco_isic4_n,2020,0.349
svn,sex_f,age_ythadult_y15_24,eco_isic4_n,2021,0.893
svn,sex_f,age_ythadult_y15_24,eco_isic4_n,2022,0.951
svn,sex_f,age_ythadult_y15_24,eco_isic4_n,2023,0.781
svn,sex_f,age_ythadult_y15_24,eco_isic4_o,2008,1.414
svn,sex_f,age_ythadult_y15_24,eco_isic4_o,2009,1.542
svn,sex_f,age_ythadult_y15_24,eco_isic4_o,2010,1.252
svn,sex_f,age_ythadult_y15_24,eco_isic4_o,2011,0.328
svn,sex_f,age_ythadult_y15_24,eco_isic4_o,2012,0.191
svn,sex_f,age_ythadult_y15_24,eco_isic4_o,2013,0.234
svn,sex_f,age_ythadult_y15_24,eco_isic4_o,2014,0.18
svn,sex_f,age_ythadult_y15_24,eco_isic4_o,2015,0.114
svn,sex_f,age_ythadult_y15_24,eco_isic4_o,2016,0.144
svn,sex_f,age_ythadult_y15_24,eco_isic4_o,2017,0.325
svn,sex_f,age_ythadult_y15_24,eco_isic4_o,2018,0.227
svn,sex_f,age_ythadult_y15_24,eco_isic4_o,2021,0.494
svn,sex_f,age_ythadult_y15_24,eco_isic4_o,2022,0.417
svn,sex_f,age_ythadult_y15_24,eco_isic4_o,2023,0.288
svn,sex_f,age_ythadult_y15_24,eco_isic4_p,2008,2.501
svn,sex_f,age_ythadult_y15_24,eco_isic4_p,2009,2.228
svn,sex_f,age_ythadult_y15_24,eco_isic4_p,2010,1.983
svn,sex_f,age_ythadult_y15_24,eco_isic4_p,2011,2.828
svn,sex_f,age_ythadult_y15_24,eco_isic4_p,2012,2.045
svn,sex_f,age_ythadult_y15_24,eco_isic4_p,2013,1.822
svn,sex_f,age_ythadult_y15_24,eco_isic4_p,2014,1.064
svn,sex_f,age_ythadult_y15_24,eco_isic4_p,2015,1.282
svn,sex_f,age_ythadult_y15_24,eco_isic4_p,2016,1.723
svn,sex_f,age_ythadult_y15_24,eco_isic4_p,2017,1.25
svn,sex_f,age_ythadult_y15_24,eco_isic4_p,2018,1.782
svn,sex_f,age_ythadult_y15_24,eco_isic4_p,2019,1.443
svn,sex_f,age_ythadult_y15_24,eco_isic4_p,2020,2.466
svn,sex_f,age_ythadult_y15_24,eco_isic4_p,2021,1.981
svn,sex_f,age_ythadult_y15_24,eco_isic4_p,2022,2.393
svn,sex_f,age_ythadult_y15_24,eco_isic4_p,2023,2.048
svn,sex_f,age_ythadult_y15_24,eco_isic4_q,2008,2.704
svn,sex_f,age_ythadult_y15_24,eco_isic4_q,2009,2.719
svn,sex_f,age_ythadult_y15_24,eco_isic4_q,2010,3.018
svn,sex_f,age_ythadult_y15_24,eco_isic4_q,2011,2.566
svn,sex_f,age_ythadult_y15_24,eco_isic4_q,2012,2.09
svn,sex_f,age_ythadult_y15_24,eco_isic4_q,2013,1.691
svn,sex_f,age_ythadult_y15_24,eco_isic4_q,2014,1.783
svn,sex_f,age_ythadult_y15_24,eco_isic4_q,2015,2.355
svn,sex_f,age_ythadult_y15_24,eco_isic4_q,2016,2.656
svn,sex_f,age_ythadult_y15_24,eco_isic4_q,2017,2.75
svn,sex_f,age_ythadult_y15_24,eco_isic4_q,2018,2.822
svn,sex_f,age_ythadult_y15_24,eco_isic4_q,2019,2.383
svn,sex_f,age_ythadult_y15_24,eco_isic4_q,2020,2.024
svn,sex_f,age_ythadult_y15_24,eco_isic4_q,2021,3.148
svn,sex_f,age_ythadult_y15_24,eco_isic4_q,2022,3.02
svn,sex_f,age_ythadult_y15_24,eco_isic4_q,2023,2.736
svn,sex_f,age_ythadult_y15_24,eco_isic4_r,2008,1.373
svn,sex_f,age_ythadult_y15_24,eco_isic4_r,2009,1.11
svn,sex_f,age_ythadult_y15_24,eco_isic4_r,2010,0.973
svn,sex_f,age_ythadult_y15_24,eco_isic4_r,2011,1.081
svn,sex_f,age_ythadult_y15_24,eco_isic4_r,2012,0.999
svn,sex_f,age_ythadult_y15_24,eco_isic4_r,2013,1.04
svn,sex_f,age_ythadult_y15_24,eco_isic4_r,2014,1.052
svn,sex_f,age_ythadult_y15_24,eco_isic4_r,2015,1.017
svn,sex_f,age_ythadult_y15_24,eco_isic4_r,2016,1.136
svn,sex_f,age_ythadult_y15_24,eco_isic4_r,2017,1.945
svn,sex_f,age_ythadult_y15_24,eco_isic4_r,2018,1.732
svn,sex_f,age_ythadult_y15_24,eco_isic4_r,2019,1.729
svn,sex_f,age_ythadult_y15_24,eco_isic4_r,2020,0.613
svn,sex_f,age_ythadult_y15_24,eco_isic4_r,2021,1.502
svn,sex_f,age_ythadult_y15_24,eco_isic4_r,2022,1.568
svn,sex_f,age_ythadult_y15_24,eco_isic4_r,2023,1.179
svn,sex_f,age_ythadult_y15_24,eco_isic4_s,2008,1.401
svn,sex_f,age_ythadult_y15_24,eco_isic4_s,2009,1.124
svn,sex_f,age_ythadult_y15_24,eco_isic4_s,2010,1.188
svn,sex_f,age_ythadult_y15_24,eco_isic4_s,2011,1.438
svn,sex_f,age_ythadult_y15_24,eco_isic4_s,2012,0.85
svn,sex_f,age_ythadult_y15_24,eco_isic4_s,2013,0.935
svn,sex_f,age_ythadult_y15_24,eco_isic4_s,2014,0.759
svn,sex_f,age_ythadult_y15_24,eco_isic4_s,2015,0.866
svn,sex_f,age_ythadult_y15_24,eco_isic4_s,2016,1.066
svn,sex_f,age_ythadult_y15_24,eco_isic4_s,2017,1.018
svn,sex_f,age_ythadult_y15_24,eco_isic4_s,2018,0.709
svn,sex_f,age_ythadult_y15_24,eco_isic4_s,2019,0.57
svn,sex_f,age_ythadult_y15_24,eco_isic4_s,2020,1.133
svn,sex_f,age_ythadult_y15_24,eco_isic4_s,2021,2.035
svn,sex_f,age_ythadult_y15_24,eco_isic4_s,2022,2.452
svn,sex_f,age_ythadult_y15_24,eco_isic4_s,2023,1.527
svn,sex_f,age_ythadult_y15_24,eco_isic4_total,2008,36.441
svn,sex_f,age_ythadult_y15_24,eco_isic4_total,2009,31.699
svn,sex_f,age_ythadult_y15_24,eco_isic4_total,2010,28.896
svn,sex_f,age_ythadult_y15_24,eco_isic4_total,2011,25.787
svn,sex_f,age_ythadult_y15_24,eco_isic4_total,2012,21.736
svn,sex_f,age_ythadult_y15_24,eco_isic4_total,2013,18.908
svn,sex_f,age_ythadult_y15_24,eco_isic4_total,2014,19.52
svn,sex_f,age_ythadult_y15_24,eco_isic4_total,2015,22.766
svn,sex_f,age_ythadult_y15_24,eco_isic4_total,2016,24.114
svn,sex_f,age_ythadult_y15_24,eco_isic4_total,2017,25.252
svn,sex_f,age_ythadult_y15_24,eco_isic4_total,2018,26.919
svn,sex_f,age_ythadult_y15_24,eco_isic4_total,2019,26.361
svn,sex_f,age_ythadult_y15_24,eco_isic4_total,2020,21.085
svn,sex_f,age_ythadult_y15_24,eco_isic4_total,2021,24.648
svn,sex_f,age_ythadult_y15_24,eco_isic4_total,2022,26.335
svn,sex_f,age_ythadult_y15_24,eco_isic4_total,2023,26.341
svn,sex_f,age_ythadult_y15_24,eco_isic4_x,2008,0.562
svn,sex_f,age_ythadult_y15_24,eco_isic4_x,2009,0.656
svn,sex_f,age_ythadult_y15_24,eco_isic4_x,2010,0.49
svn,sex_f,age_ythadult_y15_24,eco_isic4_x,2011,0.319
svn,sex_f,age_ythadult_y15_24,eco_isic4_x,2012,0.312
svn,sex_f,age_ythadult_y15_24,eco_isic4_x,2013,0.192
svn,sex_f,age_ythadult_y15_24,eco_isic4_x,2014,0.411
svn,sex_f,age_ythadult_y15_24,eco_isic4_x,2015,0.706
svn,sex_f,age_ythadult_y15_24,eco_isic4_x,2016,0.243
svn,sex_f,age_ythadult_y15_24,eco_isic4_x,2017,0.363
svn,sex_f,age_ythadult_y15_24,eco_isic4_x,2018,0.718
svn,sex_f,age_ythadult_y15_24,eco_isic4_x,2019,0.31
svn,sex_f,age_ythadult_y15_24,eco_isic4_x,2020,0.238
svn,sex_f,age_ythadult_y15_24,eco_isic4_x,2021,0.307
svn,sex_f,age_ythadult_y15_24,eco_isic4_x,2022,0.242
svn,sex_f,age_ythadult_y15_24,eco_isic4_x,2023,0.297
svn,sex_f,age_ythadult_y15_24,eco_sector_agr,1996,0.573
svn,sex_f,age_ythadult_y15_24,eco_sector_agr,1997,0.5
svn,sex_f,age_ythadult_y15_24,eco_sector_agr,1998,0.81
svn,sex_f,age_ythadult_y15_24,eco_sector_agr,2005,0.206
svn,sex_f,age_ythadult_y15_24,eco_sector_agr,2006,0.103
svn,sex_f,age_ythadult_y15_24,eco_sector_agr,2007,0.269
svn,sex_f,age_ythadult_y15_24,eco_sector_agr,2008,0.22
svn,sex_f,age_ythadult_y15_24,eco_sector_agr,2009,0.312
svn,sex_f,age_ythadult_y15_24,eco_sector_agr,2010,0.148
svn,sex_f,age_ythadult_y15_24,eco_sector_agr,2011,0.203
svn,sex_f,age_ythadult_y15_24,eco_sector_agr,2015,0.248
svn,sex_f,age_ythadult_y15_24,eco_sector_agr,2018,0.159
svn,sex_f,age_ythadult_y15_24,eco_sector_agr,2019,0.273
svn,sex_f,age_ythadult_y15_24,eco_sector_agr,2020,0.191
svn,sex_f,age_ythadult_y15_24,eco_sector_agr,2021,0.139
svn,sex_f,age_ythadult_y15_24,eco_sector_ind,1996,14.75
svn,sex_f,age_ythadult_y15_24,eco_sector_ind,1997,10.225
svn,sex_f,age_ythadult_y15_24,eco_sector_ind,1998,13.103
svn,sex_f,age_ythadult_y15_24,eco_sector_ind,1999,13.392
svn,sex_f,age_ythadult_y15_24,eco_sector_ind,2000,8.572
svn,sex_f,age_ythadult_y15_24,eco_sector_ind,2001,10.301
svn,sex_f,age_ythadult_y15_24,eco_sector_ind,2002,9.059
svn,sex_f,age_ythadult_y15_24,eco_sector_ind,2003,5.944
svn,sex_f,age_ythadult_y15_24,eco_sector_ind,2004,6.571
svn,sex_f,age_ythadult_y15_24,eco_sector_ind,2005,7.462
svn,sex_f,age_ythadult_y15_24,eco_sector_ind,2006,6.89
svn,sex_f,age_ythadult_y15_24,eco_sector_ind,2007,7.963
svn,sex_f,age_ythadult_y15_24,eco_sector_ind,2008,5.993
svn,sex_f,age_ythadult_y15_24,eco_sector_ind,2009,3.82
svn,sex_f,age_ythadult_y15_24,eco_sector_ind,2010,3.565
svn,sex_f,age_ythadult_y15_24,eco_sector_ind,2011,3.314
svn,sex_f,age_ythadult_y15_24,eco_sector_ind,2012,4.056
svn,sex_f,age_ythadult_y15_24,eco_sector_ind,2013,2.869
svn,sex_f,age_ythadult_y15_24,eco_sector_ind,2014,2.502
svn,sex_f,age_ythadult_y15_24,eco_sector_ind,2015,3.8
svn,sex_f,age_ythadult_y15_24,eco_sector_ind,2016,3.839
svn,sex_f,age_ythadult_y15_24,eco_sector_ind,2017,3.994
svn,sex_f,age_ythadult_y15_24,eco_sector_ind,2018,4.125
svn,sex_f,age_ythadult_y15_24,eco_sector_ind,2019,3.985
svn,sex_f,age_ythadult_y15_24,eco_sector_ind,2020,2.699
svn,sex_f,age_ythadult_y15_24,eco_sector_ind,2021,3.569
svn,sex_f,age_ythadult_y15_24,eco_sector_ind,2022,2.916
svn,sex_f,age_ythadult_y15_24,eco_sector_ind,2023,3.737
svn,sex_f,age_ythadult_y15_24,eco_sector_nag,1996,49.45
svn,sex_f,age_ythadult_y15_24,eco_sector_nag,1997,46.316
svn,sex_f,age_ythadult_y15_24,eco_sector_nag,1998,42.936
svn,sex_f,age_ythadult_y15_24,eco_sector_nag,2002,34.86
svn,sex_f,age_ythadult_y15_24,eco_sector_nag,2005,33.821
svn,sex_f,age_ythadult_y15_24,eco_sector_nag,2006,33.698
svn,sex_f,age_ythadult_y15_24,eco_sector_nag,2007,34.362
svn,sex_f,age_ythadult_y15_24,eco_sector_nag,2008,36.221
svn,sex_f,age_ythadult_y15_24,eco_sector_nag,2009,31.387
svn,sex_f,age_ythadult_y15_24,eco_sector_nag,2010,28.749
svn,sex_f,age_ythadult_y15_24,eco_sector_nag,2011,25.585
svn,sex_f,age_ythadult_y15_24,eco_sector_nag,2015,22.518
svn,sex_f,age_ythadult_y15_24,eco_sector_nag,2018,26.76
svn,sex_f,age_ythadult_y15_24,eco_sector_nag,2019,26.088
svn,sex_f,age_ythadult_y15_24,eco_sector_nag,2020,20.894
svn,sex_f,age_ythadult_y15_24,eco_sector_nag,2021,24.508
svn,sex_f,age_ythadult_y15_24,eco_sector_ser,1996,34.515
svn,sex_f,age_ythadult_y15_24,eco_sector_ser,1997,35.868
svn,sex_f,age_ythadult_y15_24,eco_sector_ser,1998,29.685
svn,sex_f,age_ythadult_y15_24,eco_sector_ser,1999,28.085
svn,sex_f,age_ythadult_y15_24,eco_sector_ser,2000,25.033
svn,sex_f,age_ythadult_y15_24,eco_sector_ser,2001,22.678
svn,sex_f,age_ythadult_y15_24,eco_sector_ser,2002,25.356
svn,sex_f,age_ythadult_y15_24,eco_sector_ser,2003,23.708
svn,sex_f,age_ythadult_y15_24,eco_sector_ser,2004,27.346
svn,sex_f,age_ythadult_y15_24,eco_sector_ser,2005,25.974
svn,sex_f,age_ythadult_y15_24,eco_sector_ser,2006,26.149
svn,sex_f,age_ythadult_y15_24,eco_sector_ser,2007,25.508
svn,sex_f,age_ythadult_y15_24,eco_sector_ser,2008,29.667
svn,sex_f,age_ythadult_y15_24,eco_sector_ser,2009,26.911
svn,sex_f,age_ythadult_y15_24,eco_sector_ser,2010,24.693
svn,sex_f,age_ythadult_y15_24,eco_sector_ser,2011,21.952
svn,sex_f,age_ythadult_y15_24,eco_sector_ser,2012,17.152
svn,sex_f,age_ythadult_y15_24,eco_sector_ser,2013,15.752
svn,sex_f,age_ythadult_y15_24,eco_sector_ser,2014,16.574
svn,sex_f,age_ythadult_y15_24,eco_sector_ser,2015,18.013
svn,sex_f,age_ythadult_y15_24,eco_sector_ser,2016,19.935
svn,sex_f,age_ythadult_y15_24,eco_sector_ser,2017,20.883
svn,sex_f,age_ythadult_y15_24,eco_sector_ser,2018,21.916
svn,sex_f,age_ythadult_y15_24,eco_sector_ser,2019,21.793
svn,sex_f,age_ythadult_y15_24,eco_sector_ser,2020,17.956
svn,sex_f,age_ythadult_y15_24,eco_sector_ser,2021,20.633
svn,sex_f,age_ythadult_y15_24,eco_sector_ser,2022,23.093
svn,sex_f,age_ythadult_y15_24,eco_sector_ser,2023,22.143
svn,sex_f,age_ythadult_y15_24,eco_sector_total,1996,50.024
svn,sex_f,age_ythadult_y15_24,eco_sector_total,1997,46.816
svn,sex_f,age_ythadult_y15_24,eco_sector_total,1998,43.746
svn,sex_f,age_ythadult_y15_24,eco_sector_total,1999,42.088
svn,sex_f,age_ythadult_y15_24,eco_sector_total,2000,34.221
svn,sex_f,age_ythadult_y15_24,eco_sector_total,2001,34.04
svn,sex_f,age_ythadult_y15_24,eco_sector_total,2002,34.86
svn,sex_f,age_ythadult_y15_24,eco_sector_total,2003,30.317
svn,sex_f,age_ythadult_y15_24,eco_sector_total,2004,35.762
svn,sex_f,age_ythadult_y15_24,eco_sector_total,2005,34.027
svn,sex_f,age_ythadult_y15_24,eco_sector_total,2006,33.801
svn,sex_f,age_ythadult_y15_24,eco_sector_total,2007,34.631
svn,sex_f,age_ythadult_y15_24,eco_sector_total,2008,36.441
svn,sex_f,age_ythadult_y15_24,eco_sector_total,2009,31.699
svn,sex_f,age_ythadult_y15_24,eco_sector_total,2010,28.896
svn,sex_f,age_ythadult_y15_24,eco_sector_total,2011,25.787
svn,sex_f,age_ythadult_y15_24,eco_sector_total,2012,21.736
svn,sex_f,age_ythadult_y15_24,eco_sector_total,2013,18.908
svn,sex_f,age_ythadult_y15_24,eco_sector_total,2014,19.52
svn,sex_f,age_ythadult_y15_24,eco_sector_total,2015,22.766
svn,sex_f,age_ythadult_y15_24,eco_sector_total,2016,24.114
svn,sex_f,age_ythadult_y15_24,eco_sector_total,2017,25.252
svn,sex_f,age_ythadult_y15_24,eco_sector_total,2018,26.919
svn,sex_f,age_ythadult_y15_24,eco_sector_total,2019,26.361
svn,sex_f,age_ythadult_y15_24,eco_sector_total,2020,21.085
svn,sex_f,age_ythadult_y15_24,eco_sector_total,2021,24.648
svn,sex_f,age_ythadult_y15_24,eco_sector_total,2022,26.335
svn,sex_f,age_ythadult_y15_24,eco_sector_total,2023,26.341
svn,sex_f,age_ythadult_y15_24,eco_sector_x,2001,0.809
svn,sex_f,age_ythadult_y15_24,eco_sector_x,2002,0.446
svn,sex_f,age_ythadult_y15_24,eco_sector_x,2003,0.517
svn,sex_f,age_ythadult_y15_24,eco_sector_x,2004,1.433
svn,sex_f,age_ythadult_y15_24,eco_sector_x,2005,0.385
svn,sex_f,age_ythadult_y15_24,eco_sector_x,2006,0.66
svn,sex_f,age_ythadult_y15_24,eco_sector_x,2007,0.891
svn,sex_f,age_ythadult_y15_24,eco_sector_x,2008,0.562
svn,sex_f,age_ythadult_y15_24,eco_sector_x,2009,0.656
svn,sex_f,age_ythadult_y15_24,eco_sector_x,2010,0.49
svn,sex_f,age_ythadult_y15_24,eco_sector_x,2011,0.319
svn,sex_f,age_ythadult_y15_24,eco_sector_x,2012,0.312
svn,sex_f,age_ythadult_y15_24,eco_sector_x,2013,0.192
svn,sex_f,age_ythadult_y15_24,eco_sector_x,2014,0.411
svn,sex_f,age_ythadult_y15_24,eco_sector_x,2015,0.706
svn,sex_f,age_ythadult_y15_24,eco_sector_x,2016,0.243
svn,sex_f,age_ythadult_y15_24,eco_sector_x,2017,0.363
svn,sex_f,age_ythadult_y15_24,eco_sector_x,2018,0.718
svn,sex_f,age_ythadult_y15_24,eco_sector_x,2019,0.31
svn,sex_f,age_ythadult_y15_24,eco_sector_x,2020,0.238
svn,sex_f,age_ythadult_y15_24,eco_sector_x,2021,0.307
svn,sex_f,age_ythadult_y15_24,eco_sector_x,2022,0.242
svn,sex_f,age_ythadult_y15_24,eco_sector_x,2023,0.297
svn,sex_f,age_ythadult_y15_64,eco_aggregate_agr,1996,5.204
svn,sex_f,age_ythadult_y15_64,eco_aggregate_agr,1997,4.605
svn,sex_f,age_ythadult_y15_64,eco_aggregate_agr,1998,4.914
svn,sex_f,age_ythadult_y15_64,eco_aggregate_agr,1999,2.654
svn,sex_f,age_ythadult_y15_64,eco_aggregate_agr,2000,3.544
svn,sex_f,age_ythadult_y15_64,eco_aggregate_agr,2001,1.999
svn,sex_f,age_ythadult_y15_64,eco_aggregate_agr,2002,3.281
svn,sex_f,age_ythadult_y15_64,eco_aggregate_agr,2003,3.878
svn,sex_f,age_ythadult_y15_64,eco_aggregate_agr,2004,5.197
svn,sex_f,age_ythadult_y15_64,eco_aggregate_agr,2005,3.304
svn,sex_f,age_ythadult_y15_64,eco_aggregate_agr,2006,3.047
svn,sex_f,age_ythadult_y15_64,eco_aggregate_agr,2007,5.227
svn,sex_f,age_ythadult_y15_64,eco_aggregate_agr,2008,4.144
svn,sex_f,age_ythadult_y15_64,eco_aggregate_agr,2009,3.321
svn,sex_f,age_ythadult_y15_64,eco_aggregate_agr,2010,2.912
svn,sex_f,age_ythadult_y15_64,eco_aggregate_agr,2011,3.142
svn,sex_f,age_ythadult_y15_64,eco_aggregate_agr,2012,3.278
svn,sex_f,age_ythadult_y15_64,eco_aggregate_agr,2013,2.673
svn,sex_f,age_ythadult_y15_64,eco_aggregate_agr,2014,3.035
svn,sex_f,age_ythadult_y15_64,eco_aggregate_agr,2015,2.581
svn,sex_f,age_ythadult_y15_64,eco_aggregate_agr,2016,2.444
svn,sex_f,age_ythadult_y15_64,eco_aggregate_agr,2017,3.157
svn,sex_f,age_ythadult_y15_64,eco_aggregate_agr,2018,2.84
svn,sex_f,age_ythadult_y15_64,eco_aggregate_agr,2019,3.135
svn,sex_f,age_ythadult_y15_64,eco_aggregate_agr,2020,2.846
svn,sex_f,age_ythadult_y15_64,eco_aggregate_agr,2021,3.404
svn,sex_f,age_ythadult_y15_64,eco_aggregate_agr,2022,3.851
svn,sex_f,age_ythadult_y15_64,eco_aggregate_agr,2023,2.916
svn,sex_f,age_ythadult_y15_64,eco_aggregate_con,1996,5.541
svn,sex_f,age_ythadult_y15_64,eco_aggregate_con,1997,5.73
svn,sex_f,age_ythadult_y15_64,eco_aggregate_con,1998,5.056
svn,sex_f,age_ythadult_y15_64,eco_aggregate_con,1999,3.6
svn,sex_f,age_ythadult_y15_64,eco_aggregate_con,2000,4.631
svn,sex_f,age_ythadult_y15_64,eco_aggregate_con,2001,5.586
svn,sex_f,age_ythadult_y15_64,eco_aggregate_con,2002,4.855
svn,sex_f,age_ythadult_y15_64,eco_aggregate_con,2003,4.816
svn,sex_f,age_ythadult_y15_64,eco_aggregate_con,2004,4.248
svn,sex_f,age_ythadult_y15_64,eco_aggregate_con,2005,3.658
svn,sex_f,age_ythadult_y15_64,eco_aggregate_con,2006,4.141
svn,sex_f,age_ythadult_y15_64,eco_aggregate_con,2007,4.421
svn,sex_f,age_ythadult_y15_64,eco_aggregate_con,2008,6.508
svn,sex_f,age_ythadult_y15_64,eco_aggregate_con,2009,6.798
svn,sex_f,age_ythadult_y15_64,eco_aggregate_con,2010,5.327
svn,sex_f,age_ythadult_y15_64,eco_aggregate_con,2011,4.549
svn,sex_f,age_ythadult_y15_64,eco_aggregate_con,2012,4.92
svn,sex_f,age_ythadult_y15_64,eco_aggregate_con,2013,5.522
svn,sex_f,age_ythadult_y15_64,eco_aggregate_con,2014,2.99
svn,sex_f,age_ythadult_y15_64,eco_aggregate_con,2015,3.603
svn,sex_f,age_ythadult_y15_64,eco_aggregate_con,2016,3.865
svn,sex_f,age_ythadult_y15_64,eco_aggregate_con,2017,4.205
svn,sex_f,age_ythadult_y15_64,eco_aggregate_con,2018,4.502
svn,sex_f,age_ythadult_y15_64,eco_aggregate_con,2019,4.82
svn,sex_f,age_ythadult_y15_64,eco_aggregate_con,2020,4.748
svn,sex_f,age_ythadult_y15_64,eco_aggregate_con,2021,5.722
svn,sex_f,age_ythadult_y15_64,eco_aggregate_con,2022,6.01
svn,sex_f,age_ythadult_y15_64,eco_aggregate_con,2023,5.316
svn,sex_f,age_ythadult_y15_64,eco_aggregate_man,1996,118.268
svn,sex_f,age_ythadult_y15_64,eco_aggregate_man,1997,113.294
svn,sex_f,age_ythadult_y15_64,eco_aggregate_man,1998,112.395
svn,sex_f,age_ythadult_y15_64,eco_aggregate_man,1999,103.797
svn,sex_f,age_ythadult_y15_64,eco_aggregate_man,2000,105.416
svn,sex_f,age_ythadult_y15_64,eco_aggregate_man,2001,107.983
svn,sex_f,age_ythadult_y15_64,eco_aggregate_man,2002,110.219
svn,sex_f,age_ythadult_y15_64,eco_aggregate_man,2003,96.976
svn,sex_f,age_ythadult_y15_64,eco_aggregate_man,2004,98.196
svn,sex_f,age_ythadult_y15_64,eco_aggregate_man,2005,99.34
svn,sex_f,age_ythadult_y15_64,eco_aggregate_man,2006,92.188
svn,sex_f,age_ythadult_y15_64,eco_aggregate_man,2007,90.137
svn,sex_f,age_ythadult_y15_64,eco_aggregate_man,2008,89.886
svn,sex_f,age_ythadult_y15_64,eco_aggregate_man,2009,83.229
svn,sex_f,age_ythadult_y15_64,eco_aggregate_man,2010,77.903
svn,sex_f,age_ythadult_y15_64,eco_aggregate_man,2011,66.751
svn,sex_f,age_ythadult_y15_64,eco_aggregate_man,2012,64.186
svn,sex_f,age_ythadult_y15_64,eco_aggregate_man,2013,61.857
svn,sex_f,age_ythadult_y15_64,eco_aggregate_man,2014,62.35
svn,sex_f,age_ythadult_y15_64,eco_aggregate_man,2015,64.314
svn,sex_f,age_ythadult_y15_64,eco_aggregate_man,2016,70.184
svn,sex_f,age_ythadult_y15_64,eco_aggregate_man,2017,71.074
svn,sex_f,age_ythadult_y15_64,eco_aggregate_man,2018,78.253
svn,sex_f,age_ythadult_y15_64,eco_aggregate_man,2019,78.884
svn,sex_f,age_ythadult_y15_64,eco_aggregate_man,2020,72.159
svn,sex_f,age_ythadult_y15_64,eco_aggregate_man,2021,60.899
svn,sex_f,age_ythadult_y15_64,eco_aggregate_man,2022,62.345
svn,sex_f,age_ythadult_y15_64,eco_aggregate_man,2023,68.172
svn,sex_f,age_ythadult_y15_64,eco_aggregate_mel,1996,2.909
svn,sex_f,age_ythadult_y15_64,eco_aggregate_mel,1997,1.813
svn,sex_f,age_ythadult_y15_64,eco_aggregate_mel,1998,1.932
svn,sex_f,age_ythadult_y15_64,eco_aggregate_mel,1999,1.71
svn,sex_f,age_ythadult_y15_64,eco_aggregate_mel,2000,2.898
svn,sex_f,age_ythadult_y15_64,eco_aggregate_mel,2001,1.787
svn,sex_f,age_ythadult_y15_64,eco_aggregate_mel,2002,1.64
svn,sex_f,age_ythadult_y15_64,eco_aggregate_mel,2003,1.758
svn,sex_f,age_ythadult_y15_64,eco_aggregate_mel,2004,1.984
svn,sex_f,age_ythadult_y15_64,eco_aggregate_mel,2005,2.689
svn,sex_f,age_ythadult_y15_64,eco_aggregate_mel,2006,2.846
svn,sex_f,age_ythadult_y15_64,eco_aggregate_mel,2007,2.519
svn,sex_f,age_ythadult_y15_64,eco_aggregate_mel,2008,3.747
svn,sex_f,age_ythadult_y15_64,eco_aggregate_mel,2009,4.42
svn,sex_f,age_ythadult_y15_64,eco_aggregate_mel,2010,3.403
svn,sex_f,age_ythadult_y15_64,eco_aggregate_mel,2011,4.203
svn,sex_f,age_ythadult_y15_64,eco_aggregate_mel,2012,4.344
svn,sex_f,age_ythadult_y15_64,eco_aggregate_mel,2013,4.258
svn,sex_f,age_ythadult_y15_64,eco_aggregate_mel,2014,4.276
svn,sex_f,age_ythadult_y15_64,eco_aggregate_mel,2015,3.529
svn,sex_f,age_ythadult_y15_64,eco_aggregate_mel,2016,3.149
svn,sex_f,age_ythadult_y15_64,eco_aggregate_mel,2017,4.14
svn,sex_f,age_ythadult_y15_64,eco_aggregate_mel,2018,4.186
svn,sex_f,age_ythadult_y15_64,eco_aggregate_mel,2019,4.168
svn,sex_f,age_ythadult_y15_64,eco_aggregate_mel,2020,4.905
svn,sex_f,age_ythadult_y15_64,eco_aggregate_mel,2021,4.723
svn,sex_f,age_ythadult_y15_64,eco_aggregate_mel,2022,5.228
svn,sex_f,age_ythadult_y15_64,eco_aggregate_mel,2023,5.292
svn,sex_f,age_ythadult_y15_64,eco_aggregate_mkt,1996,105.529
svn,sex_f,age_ythadult_y15_64,eco_aggregate_mkt,1997,110.232
svn,sex_f,age_ythadult_y15_64,eco_aggregate_mkt,1998,112.184
svn,sex_f,age_ythadult_y15_64,eco_aggregate_mkt,1999,112.849
svn,sex_f,age_ythadult_y15_64,eco_aggregate_mkt,2000,118.026
svn,sex_f,age_ythadult_y15_64,eco_aggregate_mkt,2001,115.614
svn,sex_f,age_ythadult_y15_64,eco_aggregate_mkt,2002,122.405
svn,sex_f,age_ythadult_y15_64,eco_aggregate_mkt,2003,127.227
svn,sex_f,age_ythadult_y15_64,eco_aggregate_mkt,2004,130.725
svn,sex_f,age_ythadult_y15_64,eco_aggregate_mkt,2005,127.597
svn,sex_f,age_ythadult_y15_64,eco_aggregate_mkt,2006,128.583
svn,sex_f,age_ythadult_y15_64,eco_aggregate_mkt,2007,136.718
svn,sex_f,age_ythadult_y15_64,eco_aggregate_mkt,2008,150.778
svn,sex_f,age_ythadult_y15_64,eco_aggregate_mkt,2009,147.799
svn,sex_f,age_ythadult_y15_64,eco_aggregate_mkt,2010,142.605
svn,sex_f,age_ythadult_y15_64,eco_aggregate_mkt,2011,141.797
svn,sex_f,age_ythadult_y15_64,eco_aggregate_mkt,2012,138.683
svn,sex_f,age_ythadult_y15_64,eco_aggregate_mkt,2013,134.482
svn,sex_f,age_ythadult_y15_64,eco_aggregate_mkt,2014,133.19
svn,sex_f,age_ythadult_y15_64,eco_aggregate_mkt,2015,134.192
svn,sex_f,age_ythadult_y15_64,eco_aggregate_mkt,2016,142.355
svn,sex_f,age_ythadult_y15_64,eco_aggregate_mkt,2017,142.866
svn,sex_f,age_ythadult_y15_64,eco_aggregate_mkt,2018,142.136
svn,sex_f,age_ythadult_y15_64,eco_aggregate_mkt,2019,147.522
svn,sex_f,age_ythadult_y15_64,eco_aggregate_mkt,2020,144.457
svn,sex_f,age_ythadult_y15_64,eco_aggregate_mkt,2021,136.993
svn,sex_f,age_ythadult_y15_64,eco_aggregate_mkt,2022,140.12
svn,sex_f,age_ythadult_y15_64,eco_aggregate_mkt,2023,147.069
svn,sex_f,age_ythadult_y15_64,eco_aggregate_pub,1996,113.571
svn,sex_f,age_ythadult_y15_64,eco_aggregate_pub,1997,107.45
svn,sex_f,age_ythadult_y15_64,eco_aggregate_pub,1998,113.01
svn,sex_f,age_ythadult_y15_64,eco_aggregate_pub,1999,119.934
svn,sex_f,age_ythadult_y15_64,eco_aggregate_pub,2000,122.441
svn,sex_f,age_ythadult_y15_64,eco_aggregate_pub,2001,122.28
svn,sex_f,age_ythadult_y15_64,eco_aggregate_pub,2002,122.712
svn,sex_f,age_ythadult_y15_64,eco_aggregate_pub,2003,126.148
svn,sex_f,age_ythadult_y15_64,eco_aggregate_pub,2004,132.942
svn,sex_f,age_ythadult_y15_64,eco_aggregate_pub,2005,139.656
svn,sex_f,age_ythadult_y15_64,eco_aggregate_pub,2006,145.5
svn,sex_f,age_ythadult_y15_64,eco_aggregate_pub,2007,142.188
svn,sex_f,age_ythadult_y15_64,eco_aggregate_pub,2008,144.291
svn,sex_f,age_ythadult_y15_64,eco_aggregate_pub,2009,143.755
svn,sex_f,age_ythadult_y15_64,eco_aggregate_pub,2010,145.917
svn,sex_f,age_ythadult_y15_64,eco_aggregate_pub,2011,148.252
svn,sex_f,age_ythadult_y15_64,eco_aggregate_pub,2012,151.079
svn,sex_f,age_ythadult_y15_64,eco_aggregate_pub,2013,143.985
svn,sex_f,age_ythadult_y15_64,eco_aggregate_pub,2014,141.641
svn,sex_f,age_ythadult_y15_64,eco_aggregate_pub,2015,147.257
svn,sex_f,age_ythadult_y15_64,eco_aggregate_pub,2016,153.41
svn,sex_f,age_ythadult_y15_64,eco_aggregate_pub,2017,162.127
svn,sex_f,age_ythadult_y15_64,eco_aggregate_pub,2018,160.91
svn,sex_f,age_ythadult_y15_64,eco_aggregate_pub,2019,164.546
svn,sex_f,age_ythadult_y15_64,eco_aggregate_pub,2020,170.527
svn,sex_f,age_ythadult_y15_64,eco_aggregate_pub,2021,183.246
svn,sex_f,age_ythadult_y15_64,eco_aggregate_pub,2022,184.011
svn,sex_f,age_ythadult_y15_64,eco_aggregate_pub,2023,172.051
svn,sex_f,age_ythadult_y15_64,eco_aggregate_total,1996,351.613
svn,sex_f,age_ythadult_y15_64,eco_aggregate_total,1997,343.731
svn,sex_f,age_ythadult_y15_64,eco_aggregate_total,1998,350.807
svn,sex_f,age_ythadult_y15_64,eco_aggregate_total,1999,345.08
svn,sex_f,age_ythadult_y15_64,eco_aggregate_total,2000,358.341
svn,sex_f,age_ythadult_y15_64,eco_aggregate_total,2001,358.332
svn,sex_f,age_ythadult_y15_64,eco_aggregate_total,2002,367.743
svn,sex_f,age_ythadult_y15_64,eco_aggregate_total,2003,362.827
svn,sex_f,age_ythadult_y15_64,eco_aggregate_total,2004,376.837
svn,sex_f,age_ythadult_y15_64,eco_aggregate_total,2005,377.688
svn,sex_f,age_ythadult_y15_64,eco_aggregate_total,2006,378.509
svn,sex_f,age_ythadult_y15_64,eco_aggregate_total,2007,385.559
svn,sex_f,age_ythadult_y15_64,eco_aggregate_total,2008,401.433
svn,sex_f,age_ythadult_y15_64,eco_aggregate_total,2009,391.335
svn,sex_f,age_ythadult_y15_64,eco_aggregate_total,2010,379.343
svn,sex_f,age_ythadult_y15_64,eco_aggregate_total,2011,370.904
svn,sex_f,age_ythadult_y15_64,eco_aggregate_total,2012,368.946
svn,sex_f,age_ythadult_y15_64,eco_aggregate_total,2013,354.408
svn,sex_f,age_ythadult_y15_64,eco_aggregate_total,2014,350.01
svn,sex_f,age_ythadult_y15_64,eco_aggregate_total,2015,359.547
svn,sex_f,age_ythadult_y15_64,eco_aggregate_total,2016,377.499
svn,sex_f,age_ythadult_y15_64,eco_aggregate_total,2017,389.928
svn,sex_f,age_ythadult_y15_64,eco_aggregate_total,2018,395.535
svn,sex_f,age_ythadult_y15_64,eco_aggregate_total,2019,404.915
svn,sex_f,age_ythadult_y15_64,eco_aggregate_total,2020,401.197
svn,sex_f,age_ythadult_y15_64,eco_aggregate_total,2021,396.697
svn,sex_f,age_ythadult_y15_64,eco_aggregate_total,2022,402.956
svn,sex_f,age_ythadult_y15_64,eco_aggregate_total,2023,402.55
svn,sex_f,age_ythadult_y15_64,eco_aggregate_x,1997,0.607
svn,sex_f,age_ythadult_y15_64,eco_aggregate_x,1998,1.314
svn,sex_f,age_ythadult_y15_64,eco_aggregate_x,1999,0.535
svn,sex_f,age_ythadult_y15_64,eco_aggregate_x,2000,1.386
svn,sex_f,age_ythadult_y15_64,eco_aggregate_x,2001,3.083
svn,sex_f,age_ythadult_y15_64,eco_aggregate_x,2002,2.631
svn,sex_f,age_ythadult_y15_64,eco_aggregate_x,2003,2.024
svn,sex_f,age_ythadult_y15_64,eco_aggregate_x,2004,3.546
svn,sex_f,age_ythadult_y15_64,eco_aggregate_x,2005,1.446
svn,sex_f,age_ythadult_y15_64,eco_aggregate_x,2006,2.204
svn,sex_f,age_ythadult_y15_64,eco_aggregate_x,2007,4.348
svn,sex_f,age_ythadult_y15_64,eco_aggregate_x,2008,2.079
svn,sex_f,age_ythadult_y15_64,eco_aggregate_x,2009,2.012
svn,sex_f,age_ythadult_y15_64,eco_aggregate_x,2010,1.276
svn,sex_f,age_ythadult_y15_64,eco_aggregate_x,2011,2.209
svn,sex_f,age_ythadult_y15_64,eco_aggregate_x,2012,2.457
svn,sex_f,age_ythadult_y15_64,eco_aggregate_x,2013,1.632
svn,sex_f,age_ythadult_y15_64,eco_aggregate_x,2014,2.527
svn,sex_f,age_ythadult_y15_64,eco_aggregate_x,2015,4.07
svn,sex_f,age_ythadult_y15_64,eco_aggregate_x,2016,2.091
svn,sex_f,age_ythadult_y15_64,eco_aggregate_x,2017,2.36
svn,sex_f,age_ythadult_y15_64,eco_aggregate_x,2018,2.708
svn,sex_f,age_ythadult_y15_64,eco_aggregate_x,2019,1.841
svn,sex_f,age_ythadult_y15_64,eco_aggregate_x,2020,1.556
svn,sex_f,age_ythadult_y15_64,eco_aggregate_x,2021,1.71
svn,sex_f,age_ythadult_y15_64,eco_aggregate_x,2022,1.392
svn,sex_f,age_ythadult_y15_64,eco_aggregate_x,2023,1.735
svn,sex_f,age_ythadult_y15_64,eco_isic3_a,1996,5.151
svn,sex_f,age_ythadult_y15_64,eco_isic3_a,1997,4.605
svn,sex_f,age_ythadult_y15_64,eco_isic3_a,1998,4.837
svn,sex_f,age_ythadult_y15_64,eco_isic3_a,1999,2.494
svn,sex_f,age_ythadult_y15_64,eco_isic3_a,2000,3.544
svn,sex_f,age_ythadult_y15_64,eco_isic3_a,2001,1.999
svn,sex_f,age_ythadult_y15_64,eco_isic3_a,2002,3.281
svn,sex_f,age_ythadult_y15_64,eco_isic3_a,2003,3.878
svn,sex_f,age_ythadult_y15_64,eco_isic3_a,2004,5.12
svn,sex_f,age_ythadult_y15_64,eco_isic3_a,2005,3.293
svn,sex_f,age_ythadult_y15_64,eco_isic3_a,2006,2.994
svn,sex_f,age_ythadult_y15_64,eco_isic3_a,2007,5.154
svn,sex_f,age_ythadult_y15_64,eco_isic3_b,2007,0.073
svn,sex_f,age_ythadult_y15_64,eco_isic3_c,1996,0.836
svn,sex_f,age_ythadult_y15_64,eco_isic3_c,1997,0.476
svn,sex_f,age_ythadult_y15_64,eco_isic3_c,1998,0.523
svn,sex_f,age_ythadult_y15_64,eco_isic3_c,1999,0.241
svn,sex_f,age_ythadult_y15_64,eco_isic3_c,2000,1.028
svn,sex_f,age_ythadult_y15_64,eco_isic3_c,2002,0.14
svn,sex_f,age_ythadult_y15_64,eco_isic3_c,2005,0.855
svn,sex_f,age_ythadult_y15_64,eco_isic3_c,2006,0.667
svn,sex_f,age_ythadult_y15_64,eco_isic3_c,2007,0.467
svn,sex_f,age_ythadult_y15_64,eco_isic3_d,1996,118.268
svn,sex_f,age_ythadult_y15_64,eco_isic3_d,1997,113.294
svn,sex_f,age_ythadult_y15_64,eco_isic3_d,1998,112.395
svn,sex_f,age_ythadult_y15_64,eco_isic3_d,1999,103.797
svn,sex_f,age_ythadult_y15_64,eco_isic3_d,2000,105.416
svn,sex_f,age_ythadult_y15_64,eco_isic3_d,2001,107.983
svn,sex_f,age_ythadult_y15_64,eco_isic3_d,2002,110.219
svn,sex_f,age_ythadult_y15_64,eco_isic3_d,2003,96.976
svn,sex_f,age_ythadult_y15_64,eco_isic3_d,2004,98.196
svn,sex_f,age_ythadult_y15_64,eco_isic3_d,2005,99.34
svn,sex_f,age_ythadult_y15_64,eco_isic3_d,2006,92.188
svn,sex_f,age_ythadult_y15_64,eco_isic3_d,2007,90.137
svn,sex_f,age_ythadult_y15_64,eco_isic3_e,1996,2.073
svn,sex_f,age_ythadult_y15_64,eco_isic3_e,1997,1.337
svn,sex_f,age_ythadult_y15_64,eco_isic3_e,1998,1.41
svn,sex_f,age_ythadult_y15_64,eco_isic3_e,1999,1.468
svn,sex_f,age_ythadult_y15_64,eco_isic3_e,2000,1.87
svn,sex_f,age_ythadult_y15_64,eco_isic3_e,2001,1.246
svn,sex_f,age_ythadult_y15_64,eco_isic3_e,2002,1.5
svn,sex_f,age_ythadult_y15_64,eco_isic3_e,2003,1.41
svn,sex_f,age_ythadult_y15_64,eco_isic3_e,2004,1.019
svn,sex_f,age_ythadult_y15_64,eco_isic3_e,2005,1.834
svn,sex_f,age_ythadult_y15_64,eco_isic3_e,2006,2.179
svn,sex_f,age_ythadult_y15_64,eco_isic3_e,2007,2.051
svn,sex_f,age_ythadult_y15_64,eco_isic3_f,1996,5.541
svn,sex_f,age_ythadult_y15_64,eco_isic3_f,1997,5.73
svn,sex_f,age_ythadult_y15_64,eco_isic3_f,1998,5.056
svn,sex_f,age_ythadult_y15_64,eco_isic3_f,1999,3.6
svn,sex_f,age_ythadult_y15_64,eco_isic3_f,2000,4.631
svn,sex_f,age_ythadult_y15_64,eco_isic3_f,2001,5.586
svn,sex_f,age_ythadult_y15_64,eco_isic3_f,2002,4.855
svn,sex_f,age_ythadult_y15_64,eco_isic3_f,2003,4.816
svn,sex_f,age_ythadult_y15_64,eco_isic3_f,2004,4.248
svn,sex_f,age_ythadult_y15_64,eco_isic3_f,2005,3.658
svn,sex_f,age_ythadult_y15_64,eco_isic3_f,2006,4.141
svn,sex_f,age_ythadult_y15_64,eco_isic3_f,2007,4.421
svn,sex_f,age_ythadult_y15_64,eco_isic3_g,1996,49.328
svn,sex_f,age_ythadult_y15_64,eco_isic3_g,1997,49.246
svn,sex_f,age_ythadult_y15_64,eco_isic3_g,1998,50.653
svn,sex_f,age_ythadult_y15_64,eco_isic3_g,1999,50.897
svn,sex_f,age_ythadult_y15_64,eco_isic3_g,2000,57.832
svn,sex_f,age_ythadult_y15_64,eco_isic3_g,2001,52.336
svn,sex_f,age_ythadult_y15_64,eco_isic3_g,2002,58.392
svn,sex_f,age_ythadult_y15_64,eco_isic3_g,2003,60.741
svn,sex_f,age_ythadult_y15_64,eco_isic3_g,2004,60.067
svn,sex_f,age_ythadult_y15_64,eco_isic3_g,2005,55.649
svn,sex_f,age_ythadult_y15_64,eco_isic3_g,2006,57.434
svn,sex_f,age_ythadult_y15_64,eco_isic3_g,2007,58.432
svn,sex_f,age_ythadult_y15_64,eco_isic3_h,1996,19.598
svn,sex_f,age_ythadult_y15_64,eco_isic3_h,1997,20.905
svn,sex_f,age_ythadult_y15_64,eco_isic3_h,1998,19.783
svn,sex_f,age_ythadult_y15_64,eco_isic3_h,1999,16.592
svn,sex_f,age_ythadult_y15_64,eco_isic3_h,2000,16.896
svn,sex_f,age_ythadult_y15_64,eco_isic3_h,2001,19.041
svn,sex_f,age_ythadult_y15_64,eco_isic3_h,2002,20.726
svn,sex_f,age_ythadult_y15_64,eco_isic3_h,2003,19.351
svn,sex_f,age_ythadult_y15_64,eco_isic3_h,2004,21.063
svn,sex_f,age_ythadult_y15_64,eco_isic3_h,2005,22.181
svn,sex_f,age_ythadult_y15_64,eco_isic3_h,2006,22.179
svn,sex_f,age_ythadult_y15_64,eco_isic3_h,2007,23.262
svn,sex_f,age_ythadult_y15_64,eco_isic3_i,1996,9.497
svn,sex_f,age_ythadult_y15_64,eco_isic3_i,1997,9.074
svn,sex_f,age_ythadult_y15_64,eco_isic3_i,1998,11.875
svn,sex_f,age_ythadult_y15_64,eco_isic3_i,1999,10.685
svn,sex_f,age_ythadult_y15_64,eco_isic3_i,2000,13.401
svn,sex_f,age_ythadult_y15_64,eco_isic3_i,2001,13.191
svn,sex_f,age_ythadult_y15_64,eco_isic3_i,2002,11.823
svn,sex_f,age_ythadult_y15_64,eco_isic3_i,2003,11.759
svn,sex_f,age_ythadult_y15_64,eco_isic3_i,2004,12.415
svn,sex_f,age_ythadult_y15_64,eco_isic3_i,2005,12.11
svn,sex_f,age_ythadult_y15_64,eco_isic3_i,2006,12.396
svn,sex_f,age_ythadult_y15_64,eco_isic3_i,2007,12.488
svn,sex_f,age_ythadult_y15_64,eco_isic3_j,1996,13.825
svn,sex_f,age_ythadult_y15_64,eco_isic3_j,1997,14.085
svn,sex_f,age_ythadult_y15_64,eco_isic3_j,1998,12.655
svn,sex_f,age_ythadult_y15_64,eco_isic3_j,1999,15.042
svn,sex_f,age_ythadult_y15_64,eco_isic3_j,2000,14.533
svn,sex_f,age_ythadult_y15_64,eco_isic3_j,2001,15.048
svn,sex_f,age_ythadult_y15_64,eco_isic3_j,2002,13.584
svn,sex_f,age_ythadult_y15_64,eco_isic3_j,2003,15.032
svn,sex_f,age_ythadult_y15_64,eco_isic3_j,2004,14.644
svn,sex_f,age_ythadult_y15_64,eco_isic3_j,2005,14.667
svn,sex_f,age_ythadult_y15_64,eco_isic3_j,2006,13.961
svn,sex_f,age_ythadult_y15_64,eco_isic3_j,2007,16.017
svn,sex_f,age_ythadult_y15_64,eco_isic3_k,1996,13.28
svn,sex_f,age_ythadult_y15_64,eco_isic3_k,1997,16.921
svn,sex_f,age_ythadult_y15_64,eco_isic3_k,1998,17.218
svn,sex_f,age_ythadult_y15_64,eco_isic3_k,1999,19.633
svn,sex_f,age_ythadult_y15_64,eco_isic3_k,2000,15.365
svn,sex_f,age_ythadult_y15_64,eco_isic3_k,2001,15.998
svn,sex_f,age_ythadult_y15_64,eco_isic3_k,2002,17.88
svn,sex_f,age_ythadult_y15_64,eco_isic3_k,2003,20.344
svn,sex_f,age_ythadult_y15_64,eco_isic3_k,2004,22.536
svn,sex_f,age_ythadult_y15_64,eco_isic3_k,2005,22.988
svn,sex_f,age_ythadult_y15_64,eco_isic3_k,2006,22.613
svn,sex_f,age_ythadult_y15_64,eco_isic3_k,2007,26.519
svn,sex_f,age_ythadult_y15_64,eco_isic3_l,1996,20.482
svn,sex_f,age_ythadult_y15_64,eco_isic3_l,1997,18.979
svn,sex_f,age_ythadult_y15_64,eco_isic3_l,1998,21.917
svn,sex_f,age_ythadult_y15_64,eco_isic3_l,1999,23.609
svn,sex_f,age_ythadult_y15_64,eco_isic3_l,2000,26.328
svn,sex_f,age_ythadult_y15_64,eco_isic3_l,2001,24.922
svn,sex_f,age_ythadult_y15_64,eco_isic3_l,2002,25.1
svn,sex_f,age_ythadult_y15_64,eco_isic3_l,2003,26.288
svn,sex_f,age_ythadult_y15_64,eco_isic3_l,2004,28.683
svn,sex_f,age_ythadult_y15_64,eco_isic3_l,2005,28.259
svn,sex_f,age_ythadult_y15_64,eco_isic3_l,2006,28.116
svn,sex_f,age_ythadult_y15_64,eco_isic3_l,2007,25.491
svn,sex_f,age_ythadult_y15_64,eco_isic3_m,1996,43.547
svn,sex_f,age_ythadult_y15_64,eco_isic3_m,1997,41.306
svn,sex_f,age_ythadult_y15_64,eco_isic3_m,1998,46.079
svn,sex_f,age_ythadult_y15_64,eco_isic3_m,1999,45.334
svn,sex_f,age_ythadult_y15_64,eco_isic3_m,2000,44.86
svn,sex_f,age_ythadult_y15_64,eco_isic3_m,2001,46.831
svn,sex_f,age_ythadult_y15_64,eco_isic3_m,2002,45.995
svn,sex_f,age_ythadult_y15_64,eco_isic3_m,2003,46.805
svn,sex_f,age_ythadult_y15_64,eco_isic3_m,2004,48.594
svn,sex_f,age_ythadult_y15_64,eco_isic3_m,2005,55.102
svn,sex_f,age_ythadult_y15_64,eco_isic3_m,2006,57.746
svn,sex_f,age_ythadult_y15_64,eco_isic3_m,2007,58.056
svn,sex_f,age_ythadult_y15_64,eco_isic3_n,1996,35.063
svn,sex_f,age_ythadult_y15_64,eco_isic3_n,1997,32.823
svn,sex_f,age_ythadult_y15_64,eco_isic3_n,1998,32.339
svn,sex_f,age_ythadult_y15_64,eco_isic3_n,1999,35.455
svn,sex_f,age_ythadult_y15_64,eco_isic3_n,2000,36.629
svn,sex_f,age_ythadult_y15_64,eco_isic3_n,2001,35.742
svn,sex_f,age_ythadult_y15_64,eco_isic3_n,2002,38.136
svn,sex_f,age_ythadult_y15_64,eco_isic3_n,2003,37.064
svn,sex_f,age_ythadult_y15_64,eco_isic3_n,2004,39.386
svn,sex_f,age_ythadult_y15_64,eco_isic3_n,2005,40.598
svn,sex_f,age_ythadult_y15_64,eco_isic3_n,2006,43.558
svn,sex_f,age_ythadult_y15_64,eco_isic3_n,2007,43.275
svn,sex_f,age_ythadult_y15_64,eco_isic3_o,1996,13.509
svn,sex_f,age_ythadult_y15_64,eco_isic3_o,1997,13.275
svn,sex_f,age_ythadult_y15_64,eco_isic3_o,1998,12.138
svn,sex_f,age_ythadult_y15_64,eco_isic3_o,1999,15.226
svn,sex_f,age_ythadult_y15_64,eco_isic3_o,2000,14.499
svn,sex_f,age_ythadult_y15_64,eco_isic3_o,2001,13.902
svn,sex_f,age_ythadult_y15_64,eco_isic3_o,2002,13.323
svn,sex_f,age_ythadult_y15_64,eco_isic3_o,2003,15.807
svn,sex_f,age_ythadult_y15_64,eco_isic3_o,2004,15.774
svn,sex_f,age_ythadult_y15_64,eco_isic3_o,2005,15.207
svn,sex_f,age_ythadult_y15_64,eco_isic3_o,2006,15.575
svn,sex_f,age_ythadult_y15_64,eco_isic3_o,2007,14.977
svn,sex_f,age_ythadult_y15_64,eco_isic3_p,1996,0.971
svn,sex_f,age_ythadult_y15_64,eco_isic3_p,1997,1.066
svn,sex_f,age_ythadult_y15_64,eco_isic3_p,1998,0.537
svn,sex_f,age_ythadult_y15_64,eco_isic3_p,2001,0.882
svn,sex_f,age_ythadult_y15_64,eco_isic3_p,2004,0.506
svn,sex_f,age_ythadult_y15_64,eco_isic3_p,2005,0.49
svn,sex_f,age_ythadult_y15_64,eco_isic3_p,2006,0.504
svn,sex_f,age_ythadult_y15_64,eco_isic3_total,1996,351.613
svn,sex_f,age_ythadult_y15_64,eco_isic3_total,1997,343.731
svn,sex_f,age_ythadult_y15_64,eco_isic3_total,1998,350.807
svn,sex_f,age_ythadult_y15_64,eco_isic3_total,1999,345.08
svn,sex_f,age_ythadult_y15_64,eco_isic3_total,2000,358.341
svn,sex_f,age_ythadult_y15_64,eco_isic3_total,2001,358.332
svn,sex_f,age_ythadult_y15_64,eco_isic3_total,2002,367.743
svn,sex_f,age_ythadult_y15_64,eco_isic3_total,2003,362.827
svn,sex_f,age_ythadult_y15_64,eco_isic3_total,2004,376.837
svn,sex_f,age_ythadult_y15_64,eco_isic3_total,2005,377.688
svn,sex_f,age_ythadult_y15_64,eco_isic3_total,2006,378.509
svn,sex_f,age_ythadult_y15_64,eco_isic3_total,2007,385.559
svn,sex_f,age_ythadult_y15_64,eco_isic3_x,1997,0.607
svn,sex_f,age_ythadult_y15_64,eco_isic3_x,1998,1.314
svn,sex_f,age_ythadult_y15_64,eco_isic3_x,1999,0.535
svn,sex_f,age_ythadult_y15_64,eco_isic3_x,2000,1.386
svn,sex_f,age_ythadult_y15_64,eco_isic3_x,2001,3.083
svn,sex_f,age_ythadult_y15_64,eco_isic3_x,2002,2.631
svn,sex_f,age_ythadult_y15_64,eco_isic3_x,2003,2.024
svn,sex_f,age_ythadult_y15_64,eco_isic3_x,2004,3.546
svn,sex_f,age_ythadult_y15_64,eco_isic3_x,2005,1.446
svn,sex_f,age_ythadult_y15_64,eco_isic3_x,2006,2.204
svn,sex_f,age_ythadult_y15_64,eco_isic3_x,2007,4.348
svn,sex_f,age_ythadult_y15_64,eco_isic4_a,2008,4.144
svn,sex_f,age_ythadult_y15_64,eco_isic4_a,2009,3.321
svn,sex_f,age_ythadult_y15_64,eco_isic4_a,2010,2.912
svn,sex_f,age_ythadult_y15_64,eco_isic4_a,2011,3.142
svn,sex_f,age_ythadult_y15_64,eco_isic4_a,2012,3.278
svn,sex_f,age_ythadult_y15_64,eco_isic4_a,2013,2.673
svn,sex_f,age_ythadult_y15_64,eco_isic4_a,2014,3.035
svn,sex_f,age_ythadult_y15_64,eco_isic4_a,2015,2.581
svn,sex_f,age_ythadult_y15_64,eco_isic4_a,2016,2.444
svn,sex_f,age_ythadult_y15_64,eco_isic4_a,2017,3.157
svn,sex_f,age_ythadult_y15_64,eco_isic4_a,2018,2.84
svn,sex_f,age_ythadult_y15_64,eco_isic4_a,2019,3.135
svn,sex_f,age_ythadult_y15_64,eco_isic4_a,2020,2.846
svn,sex_f,age_ythadult_y15_64,eco_isic4_a,2021,3.404
svn,sex_f,age_ythadult_y15_64,eco_isic4_a,2022,3.851
svn,sex_f,age_ythadult_y15_64,eco_isic4_a,2023,2.916
svn,sex_f,age_ythadult_y15_64,eco_isic4_b,2008,0.342
svn,sex_f,age_ythadult_y15_64,eco_isic4_b,2009,0.728
svn,sex_f,age_ythadult_y15_64,eco_isic4_b,2010,0.386
svn,sex_f,age_ythadult_y15_64,eco_isic4_b,2011,0.341
svn,sex_f,age_ythadult_y15_64,eco_isic4_b,2012,0.32
svn,sex_f,age_ythadult_y15_64,eco_isic4_b,2013,0.359
svn,sex_f,age_ythadult_y15_64,eco_isic4_b,2014,0.142
svn,sex_f,age_ythadult_y15_64,eco_isic4_b,2015,0.082
svn,sex_f,age_ythadult_y15_64,eco_isic4_b,2016,0.216
svn,sex_f,age_ythadult_y15_64,eco_isic4_b,2017,0.354
svn,sex_f,age_ythadult_y15_64,eco_isic4_b,2018,0.401
svn,sex_f,age_ythadult_y15_64,eco_isic4_b,2019,0.357
svn,sex_f,age_ythadult_y15_64,eco_isic4_b,2020,0.492
svn,sex_f,age_ythadult_y15_64,eco_isic4_b,2021,0.178
svn,sex_f,age_ythadult_y15_64,eco_isic4_b,2022,0.13
svn,sex_f,age_ythadult_y15_64,eco_isic4_b,2023,0.338
svn,sex_f,age_ythadult_y15_64,eco_isic4_c,2008,89.886
svn,sex_f,age_ythadult_y15_64,eco_isic4_c,2009,83.229
svn,sex_f,age_ythadult_y15_64,eco_isic4_c,2010,77.903
svn,sex_f,age_ythadult_y15_64,eco_isic4_c,2011,66.751
svn,sex_f,age_ythadult_y15_64,eco_isic4_c,2012,64.186
svn,sex_f,age_ythadult_y15_64,eco_isic4_c,2013,61.857
svn,sex_f,age_ythadult_y15_64,eco_isic4_c,2014,62.35
svn,sex_f,age_ythadult_y15_64,eco_isic4_c,2015,64.314
svn,sex_f,age_ythadult_y15_64,eco_isic4_c,2016,70.184
svn,sex_f,age_ythadult_y15_64,eco_isic4_c,2017,71.074
svn,sex_f,age_ythadult_y15_64,eco_isic4_c,2018,78.253
svn,sex_f,age_ythadult_y15_64,eco_isic4_c,2019,78.884
svn,sex_f,age_ythadult_y15_64,eco_isic4_c,2020,72.159
svn,sex_f,age_ythadult_y15_64,eco_isic4_c,2021,60.899
svn,sex_f,age_ythadult_y15_64,eco_isic4_c,2022,62.345
svn,sex_f,age_ythadult_y15_64,eco_isic4_c,2023,68.172
svn,sex_f,age_ythadult_y15_64,eco_isic4_d,2008,1.582
svn,sex_f,age_ythadult_y15_64,eco_isic4_d,2009,1.003
svn,sex_f,age_ythadult_y15_64,eco_isic4_d,2010,1.095
svn,sex_f,age_ythadult_y15_64,eco_isic4_d,2011,2.042
svn,sex_f,age_ythadult_y15_64,eco_isic4_d,2012,1.822
svn,sex_f,age_ythadult_y15_64,eco_isic4_d,2013,1.844
svn,sex_f,age_ythadult_y15_64,eco_isic4_d,2014,2.414
svn,sex_f,age_ythadult_y15_64,eco_isic4_d,2015,1.912
svn,sex_f,age_ythadult_y15_64,eco_isic4_d,2016,1.384
svn,sex_f,age_ythadult_y15_64,eco_isic4_d,2017,1.698
svn,sex_f,age_ythadult_y15_64,eco_isic4_d,2018,1.629
svn,sex_f,age_ythadult_y15_64,eco_isic4_d,2019,1.992
svn,sex_f,age_ythadult_y15_64,eco_isic4_d,2020,2.231
svn,sex_f,age_ythadult_y15_64,eco_isic4_d,2021,1.722
svn,sex_f,age_ythadult_y15_64,eco_isic4_d,2022,1.502
svn,sex_f,age_ythadult_y15_64,eco_isic4_d,2023,1.929
svn,sex_f,age_ythadult_y15_64,eco_isic4_e,2008,1.822
svn,sex_f,age_ythadult_y15_64,eco_isic4_e,2009,2.689
svn,sex_f,age_ythadult_y15_64,eco_isic4_e,2010,1.922
svn,sex_f,age_ythadult_y15_64,eco_isic4_e,2011,1.819
svn,sex_f,age_ythadult_y15_64,eco_isic4_e,2012,2.201
svn,sex_f,age_ythadult_y15_64,eco_isic4_e,2013,2.055
svn,sex_f,age_ythadult_y15_64,eco_isic4_e,2014,1.72
svn,sex_f,age_ythadult_y15_64,eco_isic4_e,2015,1.535
svn,sex_f,age_ythadult_y15_64,eco_isic4_e,2016,1.55
svn,sex_f,age_ythadult_y15_64,eco_isic4_e,2017,2.088
svn,sex_f,age_ythadult_y15_64,eco_isic4_e,2018,2.157
svn,sex_f,age_ythadult_y15_64,eco_isic4_e,2019,1.819
svn,sex_f,age_ythadult_y15_64,eco_isic4_e,2020,2.183
svn,sex_f,age_ythadult_y15_64,eco_isic4_e,2021,2.823
svn,sex_f,age_ythadult_y15_64,eco_isic4_e,2022,3.595
svn,sex_f,age_ythadult_y15_64,eco_isic4_e,2023,3.024
svn,sex_f,age_ythadult_y15_64,eco_isic4_f,2008,6.508
svn,sex_f,age_ythadult_y15_64,eco_isic4_f,2009,6.798
svn,sex_f,age_ythadult_y15_64,eco_isic4_f,2010,5.327
svn,sex_f,age_ythadult_y15_64,eco_isic4_f,2011,4.549
svn,sex_f,age_ythadult_y15_64,eco_isic4_f,2012,4.92
svn,sex_f,age_ythadult_y15_64,eco_isic4_f,2013,5.522
svn,sex_f,age_ythadult_y15_64,eco_isic4_f,2014,2.99
svn,sex_f,age_ythadult_y15_64,eco_isic4_f,2015,3.603
svn,sex_f,age_ythadult_y15_64,eco_isic4_f,2016,3.865
svn,sex_f,age_ythadult_y15_64,eco_isic4_f,2017,4.205
svn,sex_f,age_ythadult_y15_64,eco_isic4_f,2018,4.502
svn,sex_f,age_ythadult_y15_64,eco_isic4_f,2019,4.82
svn,sex_f,age_ythadult_y15_64,eco_isic4_f,2020,4.748
svn,sex_f,age_ythadult_y15_64,eco_isic4_f,2021,5.722
svn,sex_f,age_ythadult_y15_64,eco_isic4_f,2022,6.01
svn,sex_f,age_ythadult_y15_64,eco_isic4_f,2023,5.316
svn,sex_f,age_ythadult_y15_64,eco_isic4_g,2008,62.638
svn,sex_f,age_ythadult_y15_64,eco_isic4_g,2009,61.983
svn,sex_f,age_ythadult_y15_64,eco_isic4_g,2010,57.837
svn,sex_f,age_ythadult_y15_64,eco_isic4_g,2011,56.205
svn,sex_f,age_ythadult_y15_64,eco_isic4_g,2012,53.399
svn,sex_f,age_ythadult_y15_64,eco_isic4_g,2013,54.008
svn,sex_f,age_ythadult_y15_64,eco_isic4_g,2014,52.15
svn,sex_f,age_ythadult_y15_64,eco_isic4_g,2015,52.467
svn,sex_f,age_ythadult_y15_64,eco_isic4_g,2016,60.332
svn,sex_f,age_ythadult_y15_64,eco_isic4_g,2017,57.091
svn,sex_f,age_ythadult_y15_64,eco_isic4_g,2018,59.432
svn,sex_f,age_ythadult_y15_64,eco_isic4_g,2019,63.209
svn,sex_f,age_ythadult_y15_64,eco_isic4_g,2020,58.652
svn,sex_f,age_ythadult_y15_64,eco_isic4_g,2021,54.154
svn,sex_f,age_ythadult_y15_64,eco_isic4_g,2022,53.72
svn,sex_f,age_ythadult_y15_64,eco_isic4_g,2023,58.896
svn,sex_f,age_ythadult_y15_64,eco_isic4_h,2008,10.684
svn,sex_f,age_ythadult_y15_64,eco_isic4_h,2009,11.855
svn,sex_f,age_ythadult_y15_64,eco_isic4_h,2010,9.078
svn,sex_f,age_ythadult_y15_64,eco_isic4_h,2011,9.536
svn,sex_f,age_ythadult_y15_64,eco_isic4_h,2012,8.188
svn,sex_f,age_ythadult_y15_64,eco_isic4_h,2013,8.274
svn,sex_f,age_ythadult_y15_64,eco_isic4_h,2014,6.495
svn,sex_f,age_ythadult_y15_64,eco_isic4_h,2015,7.258
svn,sex_f,age_ythadult_y15_64,eco_isic4_h,2016,8.744
svn,sex_f,age_ythadult_y15_64,eco_isic4_h,2017,8.318
svn,sex_f,age_ythadult_y15_64,eco_isic4_h,2018,11.708
svn,sex_f,age_ythadult_y15_64,eco_isic4_h,2019,10.711
svn,sex_f,age_ythadult_y15_64,eco_isic4_h,2020,7.637
svn,sex_f,age_ythadult_y15_64,eco_isic4_h,2021,9.002
svn,sex_f,age_ythadult_y15_64,eco_isic4_h,2022,8.663
svn,sex_f,age_ythadult_y15_64,eco_isic4_h,2023,8.888
svn,sex_f,age_ythadult_y15_64,eco_isic4_i,2008,23.359
svn,sex_f,age_ythadult_y15_64,eco_isic4_i,2009,20.575
svn,sex_f,age_ythadult_y15_64,eco_isic4_i,2010,23.293
svn,sex_f,age_ythadult_y15_64,eco_isic4_i,2011,24.098
svn,sex_f,age_ythadult_y15_64,eco_isic4_i,2012,21.71
svn,sex_f,age_ythadult_y15_64,eco_isic4_i,2013,21.738
svn,sex_f,age_ythadult_y15_64,eco_isic4_i,2014,22.478
svn,sex_f,age_ythadult_y15_64,eco_isic4_i,2015,23.498
svn,sex_f,age_ythadult_y15_64,eco_isic4_i,2016,22.712
svn,sex_f,age_ythadult_y15_64,eco_isic4_i,2017,26.555
svn,sex_f,age_ythadult_y15_64,eco_isic4_i,2018,23.43
svn,sex_f,age_ythadult_y15_64,eco_isic4_i,2019,22.879
svn,sex_f,age_ythadult_y15_64,eco_isic4_i,2020,20.125
svn,sex_f,age_ythadult_y15_64,eco_isic4_i,2021,14.751
svn,sex_f,age_ythadult_y15_64,eco_isic4_i,2022,20.714
svn,sex_f,age_ythadult_y15_64,eco_isic4_i,2023,21.385
svn,sex_f,age_ythadult_y15_64,eco_isic4_j,2008,9.145
svn,sex_f,age_ythadult_y15_64,eco_isic4_j,2009,8.433
svn,sex_f,age_ythadult_y15_64,eco_isic4_j,2010,10.158
svn,sex_f,age_ythadult_y15_64,eco_isic4_j,2011,9.486
svn,sex_f,age_ythadult_y15_64,eco_isic4_j,2012,7.523
svn,sex_f,age_ythadult_y15_64,eco_isic4_j,2013,7.812
svn,sex_f,age_ythadult_y15_64,eco_isic4_j,2014,9.478
svn,sex_f,age_ythadult_y15_64,eco_isic4_j,2015,10.687
svn,sex_f,age_ythadult_y15_64,eco_isic4_j,2016,9.944
svn,sex_f,age_ythadult_y15_64,eco_isic4_j,2017,8.625
svn,sex_f,age_ythadult_y15_64,eco_isic4_j,2018,8.629
svn,sex_f,age_ythadult_y15_64,eco_isic4_j,2019,10.517
svn,sex_f,age_ythadult_y15_64,eco_isic4_j,2020,11.133
svn,sex_f,age_ythadult_y15_64,eco_isic4_j,2021,9.839
svn,sex_f,age_ythadult_y15_64,eco_isic4_j,2022,9.912
svn,sex_f,age_ythadult_y15_64,eco_isic4_j,2023,9.501
svn,sex_f,age_ythadult_y15_64,eco_isic4_k,2008,15.977
svn,sex_f,age_ythadult_y15_64,eco_isic4_k,2009,17.423
svn,sex_f,age_ythadult_y15_64,eco_isic4_k,2010,16.772
svn,sex_f,age_ythadult_y15_64,eco_isic4_k,2011,17.13
svn,sex_f,age_ythadult_y15_64,eco_isic4_k,2012,19.655
svn,sex_f,age_ythadult_y15_64,eco_isic4_k,2013,15.272
svn,sex_f,age_ythadult_y15_64,eco_isic4_k,2014,14.437
svn,sex_f,age_ythadult_y15_64,eco_isic4_k,2015,15.458
svn,sex_f,age_ythadult_y15_64,eco_isic4_k,2016,13.359
svn,sex_f,age_ythadult_y15_64,eco_isic4_k,2017,13.174
svn,sex_f,age_ythadult_y15_64,eco_isic4_k,2018,13.448
svn,sex_f,age_ythadult_y15_64,eco_isic4_k,2019,15.271
svn,sex_f,age_ythadult_y15_64,eco_isic4_k,2020,17.064
svn,sex_f,age_ythadult_y15_64,eco_isic4_k,2021,12.252
svn,sex_f,age_ythadult_y15_64,eco_isic4_k,2022,11.622
svn,sex_f,age_ythadult_y15_64,eco_isic4_k,2023,11.986
svn,sex_f,age_ythadult_y15_64,eco_isic4_l,2008,1.323
svn,sex_f,age_ythadult_y15_64,eco_isic4_l,2009,1.104
svn,sex_f,age_ythadult_y15_64,eco_isic4_l,2010,0.973
svn,sex_f,age_ythadult_y15_64,eco_isic4_l,2011,1.127
svn,sex_f,age_ythadult_y15_64,eco_isic4_l,2012,0.83
svn,sex_f,age_ythadult_y15_64,eco_isic4_l,2013,1.396
svn,sex_f,age_ythadult_y15_64,eco_isic4_l,2015,0.825
svn,sex_f,age_ythadult_y15_64,eco_isic4_l,2016,0.56
svn,sex_f,age_ythadult_y15_64,eco_isic4_l,2017,1.108
svn,sex_f,age_ythadult_y15_64,eco_isic4_l,2018,1.403
svn,sex_f,age_ythadult_y15_64,eco_isic4_l,2019,0.722
svn,sex_f,age_ythadult_y15_64,eco_isic4_l,2020,0.947
svn,sex_f,age_ythadult_y15_64,eco_isic4_l,2021,1.773
svn,sex_f,age_ythadult_y15_64,eco_isic4_l,2022,1.426
svn,sex_f,age_ythadult_y15_64,eco_isic4_l,2023,1.161
svn,sex_f,age_ythadult_y15_64,eco_isic4_m,2008,16.901
svn,sex_f,age_ythadult_y15_64,eco_isic4_m,2009,16.155
svn,sex_f,age_ythadult_y15_64,eco_isic4_m,2010,14.598
svn,sex_f,age_ythadult_y15_64,eco_isic4_m,2011,15.738
svn,sex_f,age_ythadult_y15_64,eco_isic4_m,2012,17.203
svn,sex_f,age_ythadult_y15_64,eco_isic4_m,2013,15.65
svn,sex_f,age_ythadult_y15_64,eco_isic4_m,2014,15.961
svn,sex_f,age_ythadult_y15_64,eco_isic4_m,2015,14.448
svn,sex_f,age_ythadult_y15_64,eco_isic4_m,2016,16.064
svn,sex_f,age_ythadult_y15_64,eco_isic4_m,2017,16.799
svn,sex_f,age_ythadult_y15_64,eco_isic4_m,2018,14.337
svn,sex_f,age_ythadult_y15_64,eco_isic4_m,2019,14.703
svn,sex_f,age_ythadult_y15_64,eco_isic4_m,2020,17.257
svn,sex_f,age_ythadult_y15_64,eco_isic4_m,2021,23.777
svn,sex_f,age_ythadult_y15_64,eco_isic4_m,2022,21.847
svn,sex_f,age_ythadult_y15_64,eco_isic4_m,2023,19.643
svn,sex_f,age_ythadult_y15_64,eco_isic4_n,2008,10.751
svn,sex_f,age_ythadult_y15_64,eco_isic4_n,2009,10.271
svn,sex_f,age_ythadult_y15_64,eco_isic4_n,2010,9.895
svn,sex_f,age_ythadult_y15_64,eco_isic4_n,2011,8.476
svn,sex_f,age_ythadult_y15_64,eco_isic4_n,2012,10.175
svn,sex_f,age_ythadult_y15_64,eco_isic4_n,2013,10.331
svn,sex_f,age_ythadult_y15_64,eco_isic4_n,2014,10.8
svn,sex_f,age_ythadult_y15_64,eco_isic4_n,2015,9.552
svn,sex_f,age_ythadult_y15_64,eco_isic4_n,2016,10.639
svn,sex_f,age_ythadult_y15_64,eco_isic4_n,2017,11.196
svn,sex_f,age_ythadult_y15_64,eco_isic4_n,2018,9.75
svn,sex_f,age_ythadult_y15_64,eco_isic4_n,2019,9.51
svn,sex_f,age_ythadult_y15_64,eco_isic4_n,2020,11.642
svn,sex_f,age_ythadult_y15_64,eco_isic4_n,2021,11.445
svn,sex_f,age_ythadult_y15_64,eco_isic4_n,2022,12.216
svn,sex_f,age_ythadult_y15_64,eco_isic4_n,2023,15.609
svn,sex_f,age_ythadult_y15_64,eco_isic4_o,2008,28.461
svn,sex_f,age_ythadult_y15_64,eco_isic4_o,2009,31.913
svn,sex_f,age_ythadult_y15_64,eco_isic4_o,2010,28.636
svn,sex_f,age_ythadult_y15_64,eco_isic4_o,2011,28.591
svn,sex_f,age_ythadult_y15_64,eco_isic4_o,2012,31.57
svn,sex_f,age_ythadult_y15_64,eco_isic4_o,2013,27.056
svn,sex_f,age_ythadult_y15_64,eco_isic4_o,2014,28.459
svn,sex_f,age_ythadult_y15_64,eco_isic4_o,2015,26.314
svn,sex_f,age_ythadult_y15_64,eco_isic4_o,2016,30.047
svn,sex_f,age_ythadult_y15_64,eco_isic4_o,2017,32.912
svn,sex_f,age_ythadult_y15_64,eco_isic4_o,2018,31.729
svn,sex_f,age_ythadult_y15_64,eco_isic4_o,2019,30.628
svn,sex_f,age_ythadult_y15_64,eco_isic4_o,2020,30.59
svn,sex_f,age_ythadult_y15_64,eco_isic4_o,2021,32.245
svn,sex_f,age_ythadult_y15_64,eco_isic4_o,2022,32.588
svn,sex_f,age_ythadult_y15_64,eco_isic4_o,2023,28.614
svn,sex_f,age_ythadult_y15_64,eco_isic4_p,2008,58.62
svn,sex_f,age_ythadult_y15_64,eco_isic4_p,2009,56.359
svn,sex_f,age_ythadult_y15_64,eco_isic4_p,2010,58.219
svn,sex_f,age_ythadult_y15_64,eco_isic4_p,2011,60.551
svn,sex_f,age_ythadult_y15_64,eco_isic4_p,2012,62.836
svn,sex_f,age_ythadult_y15_64,eco_isic4_p,2013,60.385
svn,sex_f,age_ythadult_y15_64,eco_isic4_p,2014,56.86
svn,sex_f,age_ythadult_y15_64,eco_isic4_p,2015,61.177
svn,sex_f,age_ythadult_y15_64,eco_isic4_p,2016,61.89
svn,sex_f,age_ythadult_y15_64,eco_isic4_p,2017,64.604
svn,sex_f,age_ythadult_y15_64,eco_isic4_p,2018,63.449
svn,sex_f,age_ythadult_y15_64,eco_isic4_p,2019,64.719
svn,sex_f,age_ythadult_y15_64,eco_isic4_p,2020,70.086
svn,sex_f,age_ythadult_y15_64,eco_isic4_p,2021,72.507
svn,sex_f,age_ythadult_y15_64,eco_isic4_p,2022,71.137
svn,sex_f,age_ythadult_y15_64,eco_isic4_p,2023,66.865
svn,sex_f,age_ythadult_y15_64,eco_isic4_q,2008,43.172
svn,sex_f,age_ythadult_y15_64,eco_isic4_q,2009,40.328
svn,sex_f,age_ythadult_y15_64,eco_isic4_q,2010,43.008
svn,sex_f,age_ythadult_y15_64,eco_isic4_q,2011,43.276
svn,sex_f,age_ythadult_y15_64,eco_isic4_q,2012,41.906
svn,sex_f,age_ythadult_y15_64,eco_isic4_q,2013,43.594
svn,sex_f,age_ythadult_y15_64,eco_isic4_q,2014,43.98
svn,sex_f,age_ythadult_y15_64,eco_isic4_q,2015,46.133
svn,sex_f,age_ythadult_y15_64,eco_isic4_q,2016,50.167
svn,sex_f,age_ythadult_y15_64,eco_isic4_q,2017,50.474
svn,sex_f,age_ythadult_y15_64,eco_isic4_q,2018,53.59
svn,sex_f,age_ythadult_y15_64,eco_isic4_q,2019,54.675
svn,sex_f,age_ythadult_y15_64,eco_isic4_q,2020,54.97
svn,sex_f,age_ythadult_y15_64,eco_isic4_q,2021,60.535
svn,sex_f,age_ythadult_y15_64,eco_isic4_q,2022,61.162
svn,sex_f,age_ythadult_y15_64,eco_isic4_q,2023,59.353
svn,sex_f,age_ythadult_y15_64,eco_isic4_r,2008,7.103
svn,sex_f,age_ythadult_y15_64,eco_isic4_r,2009,8.764
svn,sex_f,age_ythadult_y15_64,eco_isic4_r,2010,8.199
svn,sex_f,age_ythadult_y15_64,eco_isic4_r,2011,8.266
svn,sex_f,age_ythadult_y15_64,eco_isic4_r,2012,7.574
svn,sex_f,age_ythadult_y15_64,eco_isic4_r,2013,6.502
svn,sex_f,age_ythadult_y15_64,eco_isic4_r,2014,6.52
svn,sex_f,age_ythadult_y15_64,eco_isic4_r,2015,7.838
svn,sex_f,age_ythadult_y15_64,eco_isic4_r,2016,5.344
svn,sex_f,age_ythadult_y15_64,eco_isic4_r,2017,7.349
svn,sex_f,age_ythadult_y15_64,eco_isic4_r,2018,6.513
svn,sex_f,age_ythadult_y15_64,eco_isic4_r,2019,8.331
svn,sex_f,age_ythadult_y15_64,eco_isic4_r,2020,7.139
svn,sex_f,age_ythadult_y15_64,eco_isic4_r,2021,8.169
svn,sex_f,age_ythadult_y15_64,eco_isic4_r,2022,8.898
svn,sex_f,age_ythadult_y15_64,eco_isic4_r,2023,6.721
svn,sex_f,age_ythadult_y15_64,eco_isic4_s,2008,6.313
svn,sex_f,age_ythadult_y15_64,eco_isic4_s,2009,6.336
svn,sex_f,age_ythadult_y15_64,eco_isic4_s,2010,7.617
svn,sex_f,age_ythadult_y15_64,eco_isic4_s,2011,7.186
svn,sex_f,age_ythadult_y15_64,eco_isic4_s,2012,6.899
svn,sex_f,age_ythadult_y15_64,eco_isic4_s,2013,6.386
svn,sex_f,age_ythadult_y15_64,eco_isic4_s,2014,5.802
svn,sex_f,age_ythadult_y15_64,eco_isic4_s,2015,5.726
svn,sex_f,age_ythadult_y15_64,eco_isic4_s,2016,5.938
svn,sex_f,age_ythadult_y15_64,eco_isic4_s,2017,6.682
svn,sex_f,age_ythadult_y15_64,eco_isic4_s,2018,5.512
svn,sex_f,age_ythadult_y15_64,eco_isic4_s,2019,6.05
svn,sex_f,age_ythadult_y15_64,eco_isic4_s,2020,7.608
svn,sex_f,age_ythadult_y15_64,eco_isic4_s,2021,8.977
svn,sex_f,age_ythadult_y15_64,eco_isic4_s,2022,9.733
svn,sex_f,age_ythadult_y15_64,eco_isic4_s,2023,9.755
svn,sex_f,age_ythadult_y15_64,eco_isic4_t,2008,0.421
svn,sex_f,age_ythadult_y15_64,eco_isic4_t,2013,0.061
svn,sex_f,age_ythadult_y15_64,eco_isic4_t,2017,0.106
svn,sex_f,age_ythadult_y15_64,eco_isic4_t,2021,0.507
svn,sex_f,age_ythadult_y15_64,eco_isic4_t,2022,0.312
svn,sex_f,age_ythadult_y15_64,eco_isic4_t,2023,0.463
svn,sex_f,age_ythadult_y15_64,eco_isic4_total,2008,401.433
svn,sex_f,age_ythadult_y15_64,eco_isic4_total,2009,391.335
svn,sex_f,age_ythadult_y15_64,eco_isic4_total,2010,379.343
svn,sex_f,age_ythadult_y15_64,eco_isic4_total,2011,370.904
svn,sex_f,age_ythadult_y15_64,eco_isic4_total,2012,368.946
svn,sex_f,age_ythadult_y15_64,eco_isic4_total,2013,354.408
svn,sex_f,age_ythadult_y15_64,eco_isic4_total,2014,350.01
svn,sex_f,age_ythadult_y15_64,eco_isic4_total,2015,359.547
svn,sex_f,age_ythadult_y15_64,eco_isic4_total,2016,377.499
svn,sex_f,age_ythadult_y15_64,eco_isic4_total,2017,389.928
svn,sex_f,age_ythadult_y15_64,eco_isic4_total,2018,395.535
svn,sex_f,age_ythadult_y15_64,eco_isic4_total,2019,404.915
svn,sex_f,age_ythadult_y15_64,eco_isic4_total,2020,401.197
svn,sex_f,age_ythadult_y15_64,eco_isic4_total,2021,396.697
svn,sex_f,age_ythadult_y15_64,eco_isic4_total,2022,402.956
svn,sex_f,age_ythadult_y15_64,eco_isic4_total,2023,402.55
svn,sex_f,age_ythadult_y15_64,eco_isic4_x,2008,2.079
svn,sex_f,age_ythadult_y15_64,eco_isic4_x,2009,2.012
svn,sex_f,age_ythadult_y15_64,eco_isic4_x,2010,1.276
svn,sex_f,age_ythadult_y15_64,eco_isic4_x,2011,2.209
svn,sex_f,age_ythadult_y15_64,eco_isic4_x,2012,2.457
svn,sex_f,age_ythadult_y15_64,eco_isic4_x,2013,1.632
svn,sex_f,age_ythadult_y15_64,eco_isic4_x,2014,2.527
svn,sex_f,age_ythadult_y15_64,eco_isic4_x,2015,4.07
svn,sex_f,age_ythadult_y15_64,eco_isic4_x,2016,2.091
svn,sex_f,age_ythadult_y15_64,eco_isic4_x,2017,2.36
svn,sex_f,age_ythadult_y15_64,eco_isic4_x,2018,2.708
svn,sex_f,age_ythadult_y15_64,eco_isic4_x,2019,1.841
svn,sex_f,age_ythadult_y15_64,eco_isic4_x,2020,1.556
svn,sex_f,age_ythadult_y15_64,eco_isic4_x,2021,1.71
svn,sex_f,age_ythadult_y15_64,eco_isic4_x,2022,1.392
svn,sex_f,age_ythadult_y15_64,eco_isic4_x,2023,1.735
svn,sex_f,age_ythadult_y15_64,eco_sector_agr,1996,5.204
svn,sex_f,age_ythadult_y15_64,eco_sector_agr,1997,4.605
svn,sex_f,age_ythadult_y15_64,eco_sector_agr,1998,4.914
svn,sex_f,age_ythadult_y15_64,eco_sector_agr,1999,2.654
svn,sex_f,age_ythadult_y15_64,eco_sector_agr,2000,3.544
svn,sex_f,age_ythadult_y15_64,eco_sector_agr,2001,1.999
svn,sex_f,age_ythadult_y15_64,eco_sector_agr,2002,3.281
svn,sex_f,age_ythadult_y15_64,eco_sector_agr,2003,3.878
svn,sex_f,age_ythadult_y15_64,eco_sector_agr,2004,5.197
svn,sex_f,age_ythadult_y15_64,eco_sector_agr,2005,3.304
svn,sex_f,age_ythadult_y15_64,eco_sector_agr,2006,3.047
svn,sex_f,age_ythadult_y15_64,eco_sector_agr,2007,5.227
svn,sex_f,age_ythadult_y15_64,eco_sector_agr,2008,4.144
svn,sex_f,age_ythadult_y15_64,eco_sector_agr,2009,3.321
svn,sex_f,age_ythadult_y15_64,eco_sector_agr,2010,2.912
svn,sex_f,age_ythadult_y15_64,eco_sector_agr,2011,3.142
svn,sex_f,age_ythadult_y15_64,eco_sector_agr,2012,3.278
svn,sex_f,age_ythadult_y15_64,eco_sector_agr,2013,2.673
svn,sex_f,age_ythadult_y15_64,eco_sector_agr,2014,3.035
svn,sex_f,age_ythadult_y15_64,eco_sector_agr,2015,2.581
svn,sex_f,age_ythadult_y15_64,eco_sector_agr,2016,2.444
svn,sex_f,age_ythadult_y15_64,eco_sector_agr,2017,3.157
svn,sex_f,age_ythadult_y15_64,eco_sector_agr,2018,2.84
svn,sex_f,age_ythadult_y15_64,eco_sector_agr,2019,3.135
svn,sex_f,age_ythadult_y15_64,eco_sector_agr,2020,2.846
svn,sex_f,age_ythadult_y15_64,eco_sector_agr,2021,3.404
svn,sex_f,age_ythadult_y15_64,eco_sector_agr,2022,3.851
svn,sex_f,age_ythadult_y15_64,eco_sector_agr,2023,2.916
svn,sex_f,age_ythadult_y15_64,eco_sector_ind,1996,126.718
svn,sex_f,age_ythadult_y15_64,eco_sector_ind,1997,120.837
svn,sex_f,age_ythadult_y15_64,eco_sector_ind,1998,119.384
svn,sex_f,age_ythadult_y15_64,eco_sector_ind,1999,109.108
svn,sex_f,age_ythadult_y15_64,eco_sector_ind,2000,112.945
svn,sex_f,age_ythadult_y15_64,eco_sector_ind,2001,115.356
svn,sex_f,age_ythadult_y15_64,eco_sector_ind,2002,116.714
svn,sex_f,age_ythadult_y15_64,eco_sector_ind,2003,103.55
svn,sex_f,age_ythadult_y15_64,eco_sector_ind,2004,104.428
svn,sex_f,age_ythadult_y15_64,eco_sector_ind,2005,105.686
svn,sex_f,age_ythadult_y15_64,eco_sector_ind,2006,99.176
svn,sex_f,age_ythadult_y15_64,eco_sector_ind,2007,97.078
svn,sex_f,age_ythadult_y15_64,eco_sector_ind,2008,100.141
svn,sex_f,age_ythadult_y15_64,eco_sector_ind,2009,94.448
svn,sex_f,age_ythadult_y15_64,eco_sector_ind,2010,86.633
svn,sex_f,age_ythadult_y15_64,eco_sector_ind,2011,75.503
svn,sex_f,age_ythadult_y15_64,eco_sector_ind,2012,73.45
svn,sex_f,age_ythadult_y15_64,eco_sector_ind,2013,71.637
svn,sex_f,age_ythadult_y15_64,eco_sector_ind,2014,69.616
svn,sex_f,age_ythadult_y15_64,eco_sector_ind,2015,71.446
svn,sex_f,age_ythadult_y15_64,eco_sector_ind,2016,77.198
svn,sex_f,age_ythadult_y15_64,eco_sector_ind,2017,79.418
svn,sex_f,age_ythadult_y15_64,eco_sector_ind,2018,86.942
svn,sex_f,age_ythadult_y15_64,eco_sector_ind,2019,87.871
svn,sex_f,age_ythadult_y15_64,eco_sector_ind,2020,81.811
svn,sex_f,age_ythadult_y15_64,eco_sector_ind,2021,71.344
svn,sex_f,age_ythadult_y15_64,eco_sector_ind,2022,73.582
svn,sex_f,age_ythadult_y15_64,eco_sector_ind,2023,78.779
svn,sex_f,age_ythadult_y15_64,eco_sector_nag,1996,346.409
svn,sex_f,age_ythadult_y15_64,eco_sector_nag,1997,339.126
svn,sex_f,age_ythadult_y15_64,eco_sector_nag,1998,345.893
svn,sex_f,age_ythadult_y15_64,eco_sector_nag,1999,342.426
svn,sex_f,age_ythadult_y15_64,eco_sector_nag,2000,354.798
svn,sex_f,age_ythadult_y15_64,eco_sector_nag,2001,356.334
svn,sex_f,age_ythadult_y15_64,eco_sector_nag,2002,364.462
svn,sex_f,age_ythadult_y15_64,eco_sector_nag,2003,358.949
svn,sex_f,age_ythadult_y15_64,eco_sector_nag,2004,371.64
svn,sex_f,age_ythadult_y15_64,eco_sector_nag,2005,374.384
svn,sex_f,age_ythadult_y15_64,eco_sector_nag,2006,375.462
svn,sex_f,age_ythadult_y15_64,eco_sector_nag,2007,380.332
svn,sex_f,age_ythadult_y15_64,eco_sector_nag,2008,397.289
svn,sex_f,age_ythadult_y15_64,eco_sector_nag,2009,388.014
svn,sex_f,age_ythadult_y15_64,eco_sector_nag,2010,376.43
svn,sex_f,age_ythadult_y15_64,eco_sector_nag,2011,367.762
svn,sex_f,age_ythadult_y15_64,eco_sector_nag,2012,365.668
svn,sex_f,age_ythadult_y15_64,eco_sector_nag,2013,351.736
svn,sex_f,age_ythadult_y15_64,eco_sector_nag,2014,346.975
svn,sex_f,age_ythadult_y15_64,eco_sector_nag,2015,356.966
svn,sex_f,age_ythadult_y15_64,eco_sector_nag,2016,375.055
svn,sex_f,age_ythadult_y15_64,eco_sector_nag,2017,386.771
svn,sex_f,age_ythadult_y15_64,eco_sector_nag,2018,392.695
svn,sex_f,age_ythadult_y15_64,eco_sector_nag,2019,401.78
svn,sex_f,age_ythadult_y15_64,eco_sector_nag,2020,398.351
svn,sex_f,age_ythadult_y15_64,eco_sector_nag,2021,393.293
svn,sex_f,age_ythadult_y15_64,eco_sector_nag,2022,399.105
svn,sex_f,age_ythadult_y15_64,eco_sector_nag,2023,399.634
svn,sex_f,age_ythadult_y15_64,eco_sector_ser,1996,219.1
svn,sex_f,age_ythadult_y15_64,eco_sector_ser,1997,217.682
svn,sex_f,age_ythadult_y15_64,eco_sector_ser,1998,225.195
svn,sex_f,age_ythadult_y15_64,eco_sector_ser,1999,232.783
svn,sex_f,age_ythadult_y15_64,eco_sector_ser,2000,240.467
svn,sex_f,age_ythadult_y15_64,eco_sector_ser,2001,237.895
svn,sex_f,age_ythadult_y15_64,eco_sector_ser,2002,245.117
svn,sex_f,age_ythadult_y15_64,eco_sector_ser,2003,253.375
svn,sex_f,age_ythadult_y15_64,eco_sector_ser,2004,263.667
svn,sex_f,age_ythadult_y15_64,eco_sector_ser,2005,267.252
svn,sex_f,age_ythadult_y15_64,eco_sector_ser,2006,274.082
svn,sex_f,age_ythadult_y15_64,eco_sector_ser,2007,278.906
svn,sex_f,age_ythadult_y15_64,eco_sector_ser,2008,295.069
svn,sex_f,age_ythadult_y15_64,eco_sector_ser,2009,291.554
svn,sex_f,age_ythadult_y15_64,eco_sector_ser,2010,288.522
svn,sex_f,age_ythadult_y15_64,eco_sector_ser,2011,290.05
svn,sex_f,age_ythadult_y15_64,eco_sector_ser,2012,289.761
svn,sex_f,age_ythadult_y15_64,eco_sector_ser,2013,278.467
svn,sex_f,age_ythadult_y15_64,eco_sector_ser,2014,274.832
svn,sex_f,age_ythadult_y15_64,eco_sector_ser,2015,281.45
svn,sex_f,age_ythadult_y15_64,eco_sector_ser,2016,295.765
svn,sex_f,age_ythadult_y15_64,eco_sector_ser,2017,304.993
svn,sex_f,age_ythadult_y15_64,eco_sector_ser,2018,303.046
svn,sex_f,age_ythadult_y15_64,eco_sector_ser,2019,312.068
svn,sex_f,age_ythadult_y15_64,eco_sector_ser,2020,314.984
svn,sex_f,age_ythadult_y15_64,eco_sector_ser,2021,320.239
svn,sex_f,age_ythadult_y15_64,eco_sector_ser,2022,324.131
svn,sex_f,age_ythadult_y15_64,eco_sector_ser,2023,319.12
svn,sex_f,age_ythadult_y15_64,eco_sector_total,1996,351.613
svn,sex_f,age_ythadult_y15_64,eco_sector_total,1997,343.731
svn,sex_f,age_ythadult_y15_64,eco_sector_total,1998,350.807
svn,sex_f,age_ythadult_y15_64,eco_sector_total,1999,345.08
svn,sex_f,age_ythadult_y15_64,eco_sector_total,2000,358.341
svn,sex_f,age_ythadult_y15_64,eco_sector_total,2001,358.332
svn,sex_f,age_ythadult_y15_64,eco_sector_total,2002,367.743
svn,sex_f,age_ythadult_y15_64,eco_sector_total,2003,362.827
svn,sex_f,age_ythadult_y15_64,eco_sector_total,2004,376.837
svn,sex_f,age_ythadult_y15_64,eco_sector_total,2005,377.688
svn,sex_f,age_ythadult_y15_64,eco_sector_total,2006,378.509
svn,sex_f,age_ythadult_y15_64,eco_sector_total,2007,385.559
svn,sex_f,age_ythadult_y15_64,eco_sector_total,2008,401.433
svn,sex_f,age_ythadult_y15_64,eco_sector_total,2009,391.335
svn,sex_f,age_ythadult_y15_64,eco_sector_total,2010,379.343
svn,sex_f,age_ythadult_y15_64,eco_sector_total,2011,370.904
svn,sex_f,age_ythadult_y15_64,eco_sector_total,2012,368.946
svn,sex_f,age_ythadult_y15_64,eco_sector_total,2013,354.408
svn,sex_f,age_ythadult_y15_64,eco_sector_total,2014,350.01
svn,sex_f,age_ythadult_y15_64,eco_sector_total,2015,359.547
svn,sex_f,age_ythadult_y15_64,eco_sector_total,2016,377.499
svn,sex_f,age_ythadult_y15_64,eco_sector_total,2017,389.928
svn,sex_f,age_ythadult_y15_64,eco_sector_total,2018,395.535
svn,sex_f,age_ythadult_y15_64,eco_sector_total,2019,404.915
svn,sex_f,age_ythadult_y15_64,eco_sector_total,2020,401.197
svn,sex_f,age_ythadult_y15_64,eco_sector_total,2021,396.697
svn,sex_f,age_ythadult_y15_64,eco_sector_total,2022,402.956
svn,sex_f,age_ythadult_y15_64,eco_sector_total,2023,402.55
svn,sex_f,age_ythadult_y15_64,eco_sector_x,1997,0.607
svn,sex_f,age_ythadult_y15_64,eco_sector_x,1998,1.314
svn,sex_f,age_ythadult_y15_64,eco_sector_x,1999,0.535
svn,sex_f,age_ythadult_y15_64,eco_sector_x,2000,1.386
svn,sex_f,age_ythadult_y15_64,eco_sector_x,2001,3.083
svn,sex_f,age_ythadult_y15_64,eco_sector_x,2002,2.631
svn,sex_f,age_ythadult_y15_64,eco_sector_x,2003,2.024
svn,sex_f,age_ythadult_y15_64,eco_sector_x,2004,3.546
svn,sex_f,age_ythadult_y15_64,eco_sector_x,2005,1.446
svn,sex_f,age_ythadult_y15_64,eco_sector_x,2006,2.204
svn,sex_f,age_ythadult_y15_64,eco_sector_x,2007,4.348
svn,sex_f,age_ythadult_y15_64,eco_sector_x,2008,2.079
svn,sex_f,age_ythadult_y15_64,eco_sector_x,2009,2.012
svn,sex_f,age_ythadult_y15_64,eco_sector_x,2010,1.276
svn,sex_f,age_ythadult_y15_64,eco_sector_x,2011,2.209
svn,sex_f,age_ythadult_y15_64,eco_sector_x,2012,2.457
svn,sex_f,age_ythadult_y15_64,eco_sector_x,2013,1.632
svn,sex_f,age_ythadult_y15_64,eco_sector_x,2014,2.527
svn,sex_f,age_ythadult_y15_64,eco_sector_x,2015,4.07
svn,sex_f,age_ythadult_y15_64,eco_sector_x,2016,2.091
svn,sex_f,age_ythadult_y15_64,eco_sector_x,2017,2.36
svn,sex_f,age_ythadult_y15_64,eco_sector_x,2018,2.708
svn,sex_f,age_ythadult_y15_64,eco_sector_x,2019,1.841
svn,sex_f,age_ythadult_y15_64,eco_sector_x,2020,1.556
svn,sex_f,age_ythadult_y15_64,eco_sector_x,2021,1.71
svn,sex_f,age_ythadult_y15_64,eco_sector_x,2022,1.392
svn,sex_f,age_ythadult_y15_64,eco_sector_x,2023,1.735
svn,sex_f,age_ythadult_yge15,eco_aggregate_agr,1996,5.305
svn,sex_f,age_ythadult_yge15,eco_aggregate_agr,1997,4.691
svn,sex_f,age_ythadult_yge15,eco_aggregate_agr,1998,4.914
svn,sex_f,age_ythadult_yge15,eco_aggregate_agr,1999,2.654
svn,sex_f,age_ythadult_yge15,eco_aggregate_agr,2000,3.544
svn,sex_f,age_ythadult_yge15,eco_aggregate_agr,2001,2.156
svn,sex_f,age_ythadult_yge15,eco_aggregate_agr,2002,3.281
svn,sex_f,age_ythadult_yge15,eco_aggregate_agr,2003,3.878
svn,sex_f,age_ythadult_yge15,eco_aggregate_agr,2004,5.197
svn,sex_f,age_ythadult_yge15,eco_aggregate_agr,2005,3.529
svn,sex_f,age_ythadult_yge15,eco_aggregate_agr,2006,3.084
svn,sex_f,age_ythadult_yge15,eco_aggregate_agr,2007,5.258
svn,sex_f,age_ythadult_yge15,eco_aggregate_agr,2008,4.164
svn,sex_f,age_ythadult_yge15,eco_aggregate_agr,2009,3.345
svn,sex_f,age_ythadult_yge15,eco_aggregate_agr,2010,2.912
svn,sex_f,age_ythadult_yge15,eco_aggregate_agr,2011,3.161
svn,sex_f,age_ythadult_yge15,eco_aggregate_agr,2012,3.278
svn,sex_f,age_ythadult_yge15,eco_aggregate_agr,2013,2.731
svn,sex_f,age_ythadult_yge15,eco_aggregate_agr,2014,3.048
svn,sex_f,age_ythadult_yge15,eco_aggregate_agr,2015,2.596
svn,sex_f,age_ythadult_yge15,eco_aggregate_agr,2016,2.444
svn,sex_f,age_ythadult_yge15,eco_aggregate_agr,2017,3.18
svn,sex_f,age_ythadult_yge15,eco_aggregate_agr,2018,2.84
svn,sex_f,age_ythadult_yge15,eco_aggregate_agr,2019,3.135
svn,sex_f,age_ythadult_yge15,eco_aggregate_agr,2020,2.938
svn,sex_f,age_ythadult_yge15,eco_aggregate_agr,2021,3.486
svn,sex_f,age_ythadult_yge15,eco_aggregate_agr,2022,3.868
svn,sex_f,age_ythadult_yge15,eco_aggregate_agr,2023,2.95
svn,sex_f,age_ythadult_yge15,eco_aggregate_con,1996,5.541
svn,sex_f,age_ythadult_yge15,eco_aggregate_con,1997,5.73
svn,sex_f,age_ythadult_yge15,eco_aggregate_con,1998,5.056
svn,sex_f,age_ythadult_yge15,eco_aggregate_con,1999,3.6
svn,sex_f,age_ythadult_yge15,eco_aggregate_con,2000,4.631
svn,sex_f,age_ythadult_yge15,eco_aggregate_con,2001,5.586
svn,sex_f,age_ythadult_yge15,eco_aggregate_con,2002,4.855
svn,sex_f,age_ythadult_yge15,eco_aggregate_con,2003,4.816
svn,sex_f,age_ythadult_yge15,eco_aggregate_con,2004,4.248
svn,sex_f,age_ythadult_yge15,eco_aggregate_con,2005,3.658
svn,sex_f,age_ythadult_yge15,eco_aggregate_con,2006,4.141
svn,sex_f,age_ythadult_yge15,eco_aggregate_con,2007,4.421
svn,sex_f,age_ythadult_yge15,eco_aggregate_con,2008,6.508
svn,sex_f,age_ythadult_yge15,eco_aggregate_con,2009,6.798
svn,sex_f,age_ythadult_yge15,eco_aggregate_con,2010,5.327
svn,sex_f,age_ythadult_yge15,eco_aggregate_con,2011,4.619
svn,sex_f,age_ythadult_yge15,eco_aggregate_con,2012,4.92
svn,sex_f,age_ythadult_yge15,eco_aggregate_con,2013,5.522
svn,sex_f,age_ythadult_yge15,eco_aggregate_con,2014,2.99
svn,sex_f,age_ythadult_yge15,eco_aggregate_con,2015,3.603
svn,sex_f,age_ythadult_yge15,eco_aggregate_con,2016,3.865
svn,sex_f,age_ythadult_yge15,eco_aggregate_con,2017,4.279
svn,sex_f,age_ythadult_yge15,eco_aggregate_con,2018,4.502
svn,sex_f,age_ythadult_yge15,eco_aggregate_con,2019,4.85
svn,sex_f,age_ythadult_yge15,eco_aggregate_con,2020,4.748
svn,sex_f,age_ythadult_yge15,eco_aggregate_con,2021,5.722
svn,sex_f,age_ythadult_yge15,eco_aggregate_con,2022,6.01
svn,sex_f,age_ythadult_yge15,eco_aggregate_con,2023,5.364
svn,sex_f,age_ythadult_yge15,eco_aggregate_man,1996,118.42
svn,sex_f,age_ythadult_yge15,eco_aggregate_man,1997,113.826
svn,sex_f,age_ythadult_yge15,eco_aggregate_man,1998,112.587
svn,sex_f,age_ythadult_yge15,eco_aggregate_man,1999,103.884
svn,sex_f,age_ythadult_yge15,eco_aggregate_man,2000,105.416
svn,sex_f,age_ythadult_yge15,eco_aggregate_man,2001,108.062
svn,sex_f,age_ythadult_yge15,eco_aggregate_man,2002,110.25
svn,sex_f,age_ythadult_yge15,eco_aggregate_man,2003,97.061
svn,sex_f,age_ythadult_yge15,eco_aggregate_man,2004,98.352
svn,sex_f,age_ythadult_yge15,eco_aggregate_man,2005,99.414
svn,sex_f,age_ythadult_yge15,eco_aggregate_man,2006,92.261
svn,sex_f,age_ythadult_yge15,eco_aggregate_man,2007,90.322
svn,sex_f,age_ythadult_yge15,eco_aggregate_man,2008,89.931
svn,sex_f,age_ythadult_yge15,eco_aggregate_man,2009,83.245
svn,sex_f,age_ythadult_yge15,eco_aggregate_man,2010,78.077
svn,sex_f,age_ythadult_yge15,eco_aggregate_man,2011,66.751
svn,sex_f,age_ythadult_yge15,eco_aggregate_man,2012,64.234
svn,sex_f,age_ythadult_yge15,eco_aggregate_man,2013,61.899
svn,sex_f,age_ythadult_yge15,eco_aggregate_man,2014,62.35
svn,sex_f,age_ythadult_yge15,eco_aggregate_man,2015,64.337
svn,sex_f,age_ythadult_yge15,eco_aggregate_man,2016,70.223
svn,sex_f,age_ythadult_yge15,eco_aggregate_man,2017,71.118
svn,sex_f,age_ythadult_yge15,eco_aggregate_man,2018,78.438
svn,sex_f,age_ythadult_yge15,eco_aggregate_man,2019,78.969
svn,sex_f,age_ythadult_yge15,eco_aggregate_man,2020,72.406
svn,sex_f,age_ythadult_yge15,eco_aggregate_man,2021,61.012
svn,sex_f,age_ythadult_yge15,eco_aggregate_man,2022,62.408
svn,sex_f,age_ythadult_yge15,eco_aggregate_man,2023,68.253
svn,sex_f,age_ythadult_yge15,eco_aggregate_mel,1996,2.909
svn,sex_f,age_ythadult_yge15,eco_aggregate_mel,1997,2.015
svn,sex_f,age_ythadult_yge15,eco_aggregate_mel,1998,1.932
svn,sex_f,age_ythadult_yge15,eco_aggregate_mel,1999,1.71
svn,sex_f,age_ythadult_yge15,eco_aggregate_mel,2000,2.898
svn,sex_f,age_ythadult_yge15,eco_aggregate_mel,2001,1.787
svn,sex_f,age_ythadult_yge15,eco_aggregate_mel,2002,1.64
svn,sex_f,age_ythadult_yge15,eco_aggregate_mel,2003,1.758
svn,sex_f,age_ythadult_yge15,eco_aggregate_mel,2004,1.984
svn,sex_f,age_ythadult_yge15,eco_aggregate_mel,2005,2.689
svn,sex_f,age_ythadult_yge15,eco_aggregate_mel,2006,2.846
svn,sex_f,age_ythadult_yge15,eco_aggregate_mel,2007,2.519
svn,sex_f,age_ythadult_yge15,eco_aggregate_mel,2008,3.747
svn,sex_f,age_ythadult_yge15,eco_aggregate_mel,2009,4.42
svn,sex_f,age_ythadult_yge15,eco_aggregate_mel,2010,3.403
svn,sex_f,age_ythadult_yge15,eco_aggregate_mel,2011,4.203
svn,sex_f,age_ythadult_yge15,eco_aggregate_mel,2012,4.344
svn,sex_f,age_ythadult_yge15,eco_aggregate_mel,2013,4.258
svn,sex_f,age_ythadult_yge15,eco_aggregate_mel,2014,4.276
svn,sex_f,age_ythadult_yge15,eco_aggregate_mel,2015,3.529
svn,sex_f,age_ythadult_yge15,eco_aggregate_mel,2016,3.149
svn,sex_f,age_ythadult_yge15,eco_aggregate_mel,2017,4.14
svn,sex_f,age_ythadult_yge15,eco_aggregate_mel,2018,4.186
svn,sex_f,age_ythadult_yge15,eco_aggregate_mel,2019,4.168
svn,sex_f,age_ythadult_yge15,eco_aggregate_mel,2020,4.905
svn,sex_f,age_ythadult_yge15,eco_aggregate_mel,2021,4.723
svn,sex_f,age_ythadult_yge15,eco_aggregate_mel,2022,5.228
svn,sex_f,age_ythadult_yge15,eco_aggregate_mel,2023,5.292
svn,sex_f,age_ythadult_yge15,eco_aggregate_mkt,1996,105.979
svn,sex_f,age_ythadult_yge15,eco_aggregate_mkt,1997,110.754
svn,sex_f,age_ythadult_yge15,eco_aggregate_mkt,1998,112.474
svn,sex_f,age_ythadult_yge15,eco_aggregate_mkt,1999,112.849
svn,sex_f,age_ythadult_yge15,eco_aggregate_mkt,2000,118.026
svn,sex_f,age_ythadult_yge15,eco_aggregate_mkt,2001,115.889
svn,sex_f,age_ythadult_yge15,eco_aggregate_mkt,2002,122.405
svn,sex_f,age_ythadult_yge15,eco_aggregate_mkt,2003,127.336
svn,sex_f,age_ythadult_yge15,eco_aggregate_mkt,2004,130.884
svn,sex_f,age_ythadult_yge15,eco_aggregate_mkt,2005,127.977
svn,sex_f,age_ythadult_yge15,eco_aggregate_mkt,2006,128.755
svn,sex_f,age_ythadult_yge15,eco_aggregate_mkt,2007,136.977
svn,sex_f,age_ythadult_yge15,eco_aggregate_mkt,2008,150.962
svn,sex_f,age_ythadult_yge15,eco_aggregate_mkt,2009,148.018
svn,sex_f,age_ythadult_yge15,eco_aggregate_mkt,2010,143.013
svn,sex_f,age_ythadult_yge15,eco_aggregate_mkt,2011,142.306
svn,sex_f,age_ythadult_yge15,eco_aggregate_mkt,2012,139.023
svn,sex_f,age_ythadult_yge15,eco_aggregate_mkt,2013,134.88
svn,sex_f,age_ythadult_yge15,eco_aggregate_mkt,2014,133.241
svn,sex_f,age_ythadult_yge15,eco_aggregate_mkt,2015,134.499
svn,sex_f,age_ythadult_yge15,eco_aggregate_mkt,2016,142.612
svn,sex_f,age_ythadult_yge15,eco_aggregate_mkt,2017,143.483
svn,sex_f,age_ythadult_yge15,eco_aggregate_mkt,2018,142.562
svn,sex_f,age_ythadult_yge15,eco_aggregate_mkt,2019,148.005
svn,sex_f,age_ythadult_yge15,eco_aggregate_mkt,2020,144.979
svn,sex_f,age_ythadult_yge15,eco_aggregate_mkt,2021,137.7
svn,sex_f,age_ythadult_yge15,eco_aggregate_mkt,2022,140.726
svn,sex_f,age_ythadult_yge15,eco_aggregate_mkt,2023,148.077
svn,sex_f,age_ythadult_yge15,eco_aggregate_pub,1996,113.712
svn,sex_f,age_ythadult_yge15,eco_aggregate_pub,1997,108.142
svn,sex_f,age_ythadult_yge15,eco_aggregate_pub,1998,113.01
svn,sex_f,age_ythadult_yge15,eco_aggregate_pub,1999,120.351
svn,sex_f,age_ythadult_yge15,eco_aggregate_pub,2000,122.733
svn,sex_f,age_ythadult_yge15,eco_aggregate_pub,2001,122.335
svn,sex_f,age_ythadult_yge15,eco_aggregate_pub,2002,122.973
svn,sex_f,age_ythadult_yge15,eco_aggregate_pub,2003,126.485
svn,sex_f,age_ythadult_yge15,eco_aggregate_pub,2004,133.094
svn,sex_f,age_ythadult_yge15,eco_aggregate_pub,2005,140.102
svn,sex_f,age_ythadult_yge15,eco_aggregate_pub,2006,146.03
svn,sex_f,age_ythadult_yge15,eco_aggregate_pub,2007,142.751
svn,sex_f,age_ythadult_yge15,eco_aggregate_pub,2008,144.663
svn,sex_f,age_ythadult_yge15,eco_aggregate_pub,2009,144.355
svn,sex_f,age_ythadult_yge15,eco_aggregate_pub,2010,146.422
svn,sex_f,age_ythadult_yge15,eco_aggregate_pub,2011,148.913
svn,sex_f,age_ythadult_yge15,eco_aggregate_pub,2012,151.457
svn,sex_f,age_ythadult_yge15,eco_aggregate_pub,2013,144.489
svn,sex_f,age_ythadult_yge15,eco_aggregate_pub,2014,142.238
svn,sex_f,age_ythadult_yge15,eco_aggregate_pub,2015,147.959
svn,sex_f,age_ythadult_yge15,eco_aggregate_pub,2016,154.302
svn,sex_f,age_ythadult_yge15,eco_aggregate_pub,2017,162.891
svn,sex_f,age_ythadult_yge15,eco_aggregate_pub,2018,161.407
svn,sex_f,age_ythadult_yge15,eco_aggregate_pub,2019,165.594
svn,sex_f,age_ythadult_yge15,eco_aggregate_pub,2020,171.675
svn,sex_f,age_ythadult_yge15,eco_aggregate_pub,2021,184.754
svn,sex_f,age_ythadult_yge15,eco_aggregate_pub,2022,185.991
svn,sex_f,age_ythadult_yge15,eco_aggregate_pub,2023,173.501
svn,sex_f,age_ythadult_yge15,eco_aggregate_total,1996,352.458
svn,sex_f,age_ythadult_yge15,eco_aggregate_total,1997,345.764
svn,sex_f,age_ythadult_yge15,eco_aggregate_total,1998,351.288
svn,sex_f,age_ythadult_yge15,eco_aggregate_total,1999,345.583
svn,sex_f,age_ythadult_yge15,eco_aggregate_total,2000,358.634
svn,sex_f,age_ythadult_yge15,eco_aggregate_total,2001,358.898
svn,sex_f,age_ythadult_yge15,eco_aggregate_total,2002,368.036
svn,sex_f,age_ythadult_yge15,eco_aggregate_total,2003,363.538
svn,sex_f,age_ythadult_yge15,eco_aggregate_total,2004,377.608
svn,sex_f,age_ythadult_yge15,eco_aggregate_total,2005,378.833
svn,sex_f,age_ythadult_yge15,eco_aggregate_total,2006,379.321
svn,sex_f,age_ythadult_yge15,eco_aggregate_total,2007,386.596
svn,sex_f,age_ythadult_yge15,eco_aggregate_total,2008,402.054
svn,sex_f,age_ythadult_yge15,eco_aggregate_total,2009,392.232
svn,sex_f,age_ythadult_yge15,eco_aggregate_total,2010,380.505
svn,sex_f,age_ythadult_yge15,eco_aggregate_total,2011,372.269
svn,sex_f,age_ythadult_yge15,eco_aggregate_total,2012,369.738
svn,sex_f,age_ythadult_yge15,eco_aggregate_total,2013,355.411
svn,sex_f,age_ythadult_yge15,eco_aggregate_total,2014,350.671
svn,sex_f,age_ythadult_yge15,eco_aggregate_total,2015,360.593
svn,sex_f,age_ythadult_yge15,eco_aggregate_total,2016,378.687
svn,sex_f,age_ythadult_yge15,eco_aggregate_total,2017,391.469
svn,sex_f,age_ythadult_yge15,eco_aggregate_total,2018,396.688
svn,sex_f,age_ythadult_yge15,eco_aggregate_total,2019,406.636
svn,sex_f,age_ythadult_yge15,eco_aggregate_total,2020,403.206
svn,sex_f,age_ythadult_yge15,eco_aggregate_total,2021,399.149
svn,sex_f,age_ythadult_yge15,eco_aggregate_total,2022,405.623
svn,sex_f,age_ythadult_yge15,eco_aggregate_total,2023,405.198
svn,sex_f,age_ythadult_yge15,eco_aggregate_x,1996,0.591
svn,sex_f,age_ythadult_yge15,eco_aggregate_x,1997,0.607
svn,sex_f,age_ythadult_yge15,eco_aggregate_x,1998,1.314
svn,sex_f,age_ythadult_yge15,eco_aggregate_x,1999,0.535
svn,sex_f,age_ythadult_yge15,eco_aggregate_x,2000,1.386
svn,sex_f,age_ythadult_yge15,eco_aggregate_x,2001,3.083
svn,sex_f,age_ythadult_yge15,eco_aggregate_x,2002,2.631
svn,sex_f,age_ythadult_yge15,eco_aggregate_x,2003,2.204
svn,sex_f,age_ythadult_yge15,eco_aggregate_x,2004,3.849
svn,sex_f,age_ythadult_yge15,eco_aggregate_x,2005,1.465
svn,sex_f,age_ythadult_yge15,eco_aggregate_x,2006,2.204
svn,sex_f,age_ythadult_yge15,eco_aggregate_x,2007,4.348
svn,sex_f,age_ythadult_yge15,eco_aggregate_x,2008,2.079
svn,sex_f,age_ythadult_yge15,eco_aggregate_x,2009,2.051
svn,sex_f,age_ythadult_yge15,eco_aggregate_x,2010,1.352
svn,sex_f,age_ythadult_yge15,eco_aggregate_x,2011,2.316
svn,sex_f,age_ythadult_yge15,eco_aggregate_x,2012,2.481
svn,sex_f,age_ythadult_yge15,eco_aggregate_x,2013,1.632
svn,sex_f,age_ythadult_yge15,eco_aggregate_x,2014,2.527
svn,sex_f,age_ythadult_yge15,eco_aggregate_x,2015,4.07
svn,sex_f,age_ythadult_yge15,eco_aggregate_x,2016,2.091
svn,sex_f,age_ythadult_yge15,eco_aggregate_x,2017,2.379
svn,sex_f,age_ythadult_yge15,eco_aggregate_x,2018,2.752
svn,sex_f,age_ythadult_yge15,eco_aggregate_x,2019,1.914
svn,sex_f,age_ythadult_yge15,eco_aggregate_x,2020,1.556
svn,sex_f,age_ythadult_yge15,eco_aggregate_x,2021,1.752
svn,sex_f,age_ythadult_yge15,eco_aggregate_x,2022,1.392
svn,sex_f,age_ythadult_yge15,eco_aggregate_x,2023,1.76
svn,sex_f,age_ythadult_yge15,eco_isic3_a,1996,5.252
svn,sex_f,age_ythadult_yge15,eco_isic3_a,1997,4.691
svn,sex_f,age_ythadult_yge15,eco_isic3_a,1998,4.837
svn,sex_f,age_ythadult_yge15,eco_isic3_a,1999,2.494
svn,sex_f,age_ythadult_yge15,eco_isic3_a,2000,3.544
svn,sex_f,age_ythadult_yge15,eco_isic3_a,2001,2.156
svn,sex_f,age_ythadult_yge15,eco_isic3_a,2002,3.281
svn,sex_f,age_ythadult_yge15,eco_isic3_a,2003,3.878
svn,sex_f,age_ythadult_yge15,eco_isic3_a,2004,5.12
svn,sex_f,age_ythadult_yge15,eco_isic3_a,2005,3.518
svn,sex_f,age_ythadult_yge15,eco_isic3_a,2006,3.032
svn,sex_f,age_ythadult_yge15,eco_isic3_a,2007,5.185
svn,sex_f,age_ythadult_yge15,eco_isic3_c,1996,0.836
svn,sex_f,age_ythadult_yge15,eco_isic3_c,2000,1.028
svn,sex_f,age_ythadult_yge15,eco_isic3_c,2004,0.965
svn,sex_f,age_ythadult_yge15,eco_isic3_c,2005,0.855
svn,sex_f,age_ythadult_yge15,eco_isic3_c,2006,0.667
svn,sex_f,age_ythadult_yge15,eco_isic3_c,2007,0.467
svn,sex_f,age_ythadult_yge15,eco_isic3_d,1996,118.42
svn,sex_f,age_ythadult_yge15,eco_isic3_d,1997,113.826
svn,sex_f,age_ythadult_yge15,eco_isic3_d,1998,112.587
svn,sex_f,age_ythadult_yge15,eco_isic3_d,1999,103.884
svn,sex_f,age_ythadult_yge15,eco_isic3_d,2000,105.416
svn,sex_f,age_ythadult_yge15,eco_isic3_d,2001,108.062
svn,sex_f,age_ythadult_yge15,eco_isic3_d,2002,110.25
svn,sex_f,age_ythadult_yge15,eco_isic3_d,2003,97.061
svn,sex_f,age_ythadult_yge15,eco_isic3_d,2004,98.352
svn,sex_f,age_ythadult_yge15,eco_isic3_d,2005,99.414
svn,sex_f,age_ythadult_yge15,eco_isic3_d,2006,92.261
svn,sex_f,age_ythadult_yge15,eco_isic3_d,2007,90.322
svn,sex_f,age_ythadult_yge15,eco_isic3_e,1996,2.073
svn,sex_f,age_ythadult_yge15,eco_isic3_e,1997,1.539
svn,sex_f,age_ythadult_yge15,eco_isic3_e,1998,1.41
svn,sex_f,age_ythadult_yge15,eco_isic3_e,1999,1.468
svn,sex_f,age_ythadult_yge15,eco_isic3_e,2000,1.87
svn,sex_f,age_ythadult_yge15,eco_isic3_e,2001,1.246
svn,sex_f,age_ythadult_yge15,eco_isic3_e,2002,1.5
svn,sex_f,age_ythadult_yge15,eco_isic3_e,2003,1.41
svn,sex_f,age_ythadult_yge15,eco_isic3_e,2004,1.019
svn,sex_f,age_ythadult_yge15,eco_isic3_e,2005,1.834
svn,sex_f,age_ythadult_yge15,eco_isic3_e,2006,2.179
svn,sex_f,age_ythadult_yge15,eco_isic3_e,2007,2.051
svn,sex_f,age_ythadult_yge15,eco_isic3_f,1996,5.541
svn,sex_f,age_ythadult_yge15,eco_isic3_f,1997,5.73
svn,sex_f,age_ythadult_yge15,eco_isic3_f,1998,5.056
svn,sex_f,age_ythadult_yge15,eco_isic3_f,1999,3.6
svn,sex_f,age_ythadult_yge15,eco_isic3_f,2000,4.631
svn,sex_f,age_ythadult_yge15,eco_isic3_f,2001,5.586
svn,sex_f,age_ythadult_yge15,eco_isic3_f,2002,4.855
svn,sex_f,age_ythadult_yge15,eco_isic3_f,2003,4.816
svn,sex_f,age_ythadult_yge15,eco_isic3_f,2004,4.248
svn,sex_f,age_ythadult_yge15,eco_isic3_f,2005,3.658
svn,sex_f,age_ythadult_yge15,eco_isic3_f,2006,4.141
svn,sex_f,age_ythadult_yge15,eco_isic3_f,2007,4.421
svn,sex_f,age_ythadult_yge15,eco_isic3_g,1996,49.328
svn,sex_f,age_ythadult_yge15,eco_isic3_g,1997,49.306
svn,sex_f,age_ythadult_yge15,eco_isic3_g,1998,50.943
svn,sex_f,age_ythadult_yge15,eco_isic3_g,1999,50.897
svn,sex_f,age_ythadult_yge15,eco_isic3_g,2000,57.832
svn,sex_f,age_ythadult_yge15,eco_isic3_g,2001,52.425
svn,sex_f,age_ythadult_yge15,eco_isic3_g,2002,58.392
svn,sex_f,age_ythadult_yge15,eco_isic3_g,2003,60.85
svn,sex_f,age_ythadult_yge15,eco_isic3_g,2004,60.177
svn,sex_f,age_ythadult_yge15,eco_isic3_g,2005,55.658
svn,sex_f,age_ythadult_yge15,eco_isic3_g,2006,57.434
svn,sex_f,age_ythadult_yge15,eco_isic3_g,2007,58.616
svn,sex_f,age_ythadult_yge15,eco_isic3_h,1996,19.67
svn,sex_f,age_ythadult_yge15,eco_isic3_h,1997,21.268
svn,sex_f,age_ythadult_yge15,eco_isic3_h,1998,19.783
svn,sex_f,age_ythadult_yge15,eco_isic3_h,1999,16.592
svn,sex_f,age_ythadult_yge15,eco_isic3_h,2000,16.896
svn,sex_f,age_ythadult_yge15,eco_isic3_h,2001,19.041
svn,sex_f,age_ythadult_yge15,eco_isic3_h,2002,20.726
svn,sex_f,age_ythadult_yge15,eco_isic3_h,2003,19.351
svn,sex_f,age_ythadult_yge15,eco_isic3_h,2004,21.063
svn,sex_f,age_ythadult_yge15,eco_isic3_h,2005,22.181
svn,sex_f,age_ythadult_yge15,eco_isic3_h,2006,22.302
svn,sex_f,age_ythadult_yge15,eco_isic3_h,2007,23.262
svn,sex_f,age_ythadult_yge15,eco_isic3_i,1996,9.497
svn,sex_f,age_ythadult_yge15,eco_isic3_i,1997,9.074
svn,sex_f,age_ythadult_yge15,eco_isic3_i,1998,11.875
svn,sex_f,age_ythadult_yge15,eco_isic3_i,1999,10.685
svn,sex_f,age_ythadult_yge15,eco_isic3_i,2000,13.401
svn,sex_f,age_ythadult_yge15,eco_isic3_i,2001,13.191
svn,sex_f,age_ythadult_yge15,eco_isic3_i,2002,11.823
svn,sex_f,age_ythadult_yge15,eco_isic3_i,2003,11.759
svn,sex_f,age_ythadult_yge15,eco_isic3_i,2004,12.415
svn,sex_f,age_ythadult_yge15,eco_isic3_i,2005,12.11
svn,sex_f,age_ythadult_yge15,eco_isic3_i,2006,12.396
svn,sex_f,age_ythadult_yge15,eco_isic3_i,2007,12.488
svn,sex_f,age_ythadult_yge15,eco_isic3_j,1996,14.102
svn,sex_f,age_ythadult_yge15,eco_isic3_j,1997,14.085
svn,sex_f,age_ythadult_yge15,eco_isic3_j,1998,12.655
svn,sex_f,age_ythadult_yge15,eco_isic3_j,1999,15.042
svn,sex_f,age_ythadult_yge15,eco_isic3_j,2000,14.533
svn,sex_f,age_ythadult_yge15,eco_isic3_j,2001,15.234
svn,sex_f,age_ythadult_yge15,eco_isic3_j,2002,13.584
svn,sex_f,age_ythadult_yge15,eco_isic3_j,2003,15.032
svn,sex_f,age_ythadult_yge15,eco_isic3_j,2004,14.644
svn,sex_f,age_ythadult_yge15,eco_isic3_j,2005,14.73
svn,sex_f,age_ythadult_yge15,eco_isic3_j,2006,13.983
svn,sex_f,age_ythadult_yge15,eco_isic3_j,2007,16.047
svn,sex_f,age_ythadult_yge15,eco_isic3_k,1996,13.382
svn,sex_f,age_ythadult_yge15,eco_isic3_k,1997,17.02
svn,sex_f,age_ythadult_yge15,eco_isic3_k,1998,17.218
svn,sex_f,age_ythadult_yge15,eco_isic3_k,1999,19.633
svn,sex_f,age_ythadult_yge15,eco_isic3_k,2000,15.365
svn,sex_f,age_ythadult_yge15,eco_isic3_k,2001,15.998
svn,sex_f,age_ythadult_yge15,eco_isic3_k,2002,17.88
svn,sex_f,age_ythadult_yge15,eco_isic3_k,2003,20.344
svn,sex_f,age_ythadult_yge15,eco_isic3_k,2004,22.584
svn,sex_f,age_ythadult_yge15,eco_isic3_k,2005,23.298
svn,sex_f,age_ythadult_yge15,eco_isic3_k,2006,22.639
svn,sex_f,age_ythadult_yge15,eco_isic3_k,2007,26.564
svn,sex_f,age_ythadult_yge15,eco_isic3_l,1996,20.513
svn,sex_f,age_ythadult_yge15,eco_isic3_l,1997,18.979
svn,sex_f,age_ythadult_yge15,eco_isic3_l,1998,21.917
svn,sex_f,age_ythadult_yge15,eco_isic3_l,1999,23.609
svn,sex_f,age_ythadult_yge15,eco_isic3_l,2000,26.494
svn,sex_f,age_ythadult_yge15,eco_isic3_l,2001,24.922
svn,sex_f,age_ythadult_yge15,eco_isic3_l,2002,25.18
svn,sex_f,age_ythadult_yge15,eco_isic3_l,2003,26.368
svn,sex_f,age_ythadult_yge15,eco_isic3_l,2004,28.737
svn,sex_f,age_ythadult_yge15,eco_isic3_l,2005,28.526
svn,sex_f,age_ythadult_yge15,eco_isic3_l,2006,28.368
svn,sex_f,age_ythadult_yge15,eco_isic3_l,2007,25.727
svn,sex_f,age_ythadult_yge15,eco_isic3_m,1996,43.578
svn,sex_f,age_ythadult_yge15,eco_isic3_m,1997,41.306
svn,sex_f,age_ythadult_yge15,eco_isic3_m,1998,46.079
svn,sex_f,age_ythadult_yge15,eco_isic3_m,1999,45.334
svn,sex_f,age_ythadult_yge15,eco_isic3_m,2000,44.86
svn,sex_f,age_ythadult_yge15,eco_isic3_m,2001,46.831
svn,sex_f,age_ythadult_yge15,eco_isic3_m,2002,46.088
svn,sex_f,age_ythadult_yge15,eco_isic3_m,2003,46.805
svn,sex_f,age_ythadult_yge15,eco_isic3_m,2004,48.594
svn,sex_f,age_ythadult_yge15,eco_isic3_m,2005,55.134
svn,sex_f,age_ythadult_yge15,eco_isic3_m,2006,57.767
svn,sex_f,age_ythadult_yge15,eco_isic3_m,2007,58.169
svn,sex_f,age_ythadult_yge15,eco_isic3_n,1996,35.142
svn,sex_f,age_ythadult_yge15,eco_isic3_n,1997,32.823
svn,sex_f,age_ythadult_yge15,eco_isic3_n,1998,32.339
svn,sex_f,age_ythadult_yge15,eco_isic3_n,1999,35.455
svn,sex_f,age_ythadult_yge15,eco_isic3_n,2000,36.629
svn,sex_f,age_ythadult_yge15,eco_isic3_n,2001,35.742
svn,sex_f,age_ythadult_yge15,eco_isic3_n,2002,38.136
svn,sex_f,age_ythadult_yge15,eco_isic3_n,2003,37.17
svn,sex_f,age_ythadult_yge15,eco_isic3_n,2004,39.386
svn,sex_f,age_ythadult_yge15,eco_isic3_n,2005,40.618
svn,sex_f,age_ythadult_yge15,eco_isic3_n,2006,43.599
svn,sex_f,age_ythadult_yge15,eco_isic3_n,2007,43.412
svn,sex_f,age_ythadult_yge15,eco_isic3_o,1996,13.509
svn,sex_f,age_ythadult_yge15,eco_isic3_o,1997,13.609
svn,sex_f,age_ythadult_yge15,eco_isic3_o,1998,12.138
svn,sex_f,age_ythadult_yge15,eco_isic3_o,1999,15.571
svn,sex_f,age_ythadult_yge15,eco_isic3_o,2000,14.499
svn,sex_f,age_ythadult_yge15,eco_isic3_o,2001,13.957
svn,sex_f,age_ythadult_yge15,eco_isic3_o,2002,13.323
svn,sex_f,age_ythadult_yge15,eco_isic3_o,2003,15.957
svn,sex_f,age_ythadult_yge15,eco_isic3_o,2004,15.871
svn,sex_f,age_ythadult_yge15,eco_isic3_o,2005,15.334
svn,sex_f,age_ythadult_yge15,eco_isic3_o,2006,15.647
svn,sex_f,age_ythadult_yge15,eco_isic3_o,2007,14.999
svn,sex_f,age_ythadult_yge15,eco_isic3_p,1996,0.971
svn,sex_f,age_ythadult_yge15,eco_isic3_p,1997,1.424
svn,sex_f,age_ythadult_yge15,eco_isic3_p,1998,0.537
svn,sex_f,age_ythadult_yge15,eco_isic3_p,1999,0.382
svn,sex_f,age_ythadult_yge15,eco_isic3_p,2001,0.882
svn,sex_f,age_ythadult_yge15,eco_isic3_p,2004,0.506
svn,sex_f,age_ythadult_yge15,eco_isic3_p,2005,0.49
svn,sex_f,age_ythadult_yge15,eco_isic3_p,2006,0.648
svn,sex_f,age_ythadult_yge15,eco_isic3_p,2007,0.426
svn,sex_f,age_ythadult_yge15,eco_isic3_total,1996,352.458
svn,sex_f,age_ythadult_yge15,eco_isic3_total,1997,345.764
svn,sex_f,age_ythadult_yge15,eco_isic3_total,1998,351.288
svn,sex_f,age_ythadult_yge15,eco_isic3_total,1999,345.583
svn,sex_f,age_ythadult_yge15,eco_isic3_total,2000,358.634
svn,sex_f,age_ythadult_yge15,eco_isic3_total,2001,358.898
svn,sex_f,age_ythadult_yge15,eco_isic3_total,2002,368.036
svn,sex_f,age_ythadult_yge15,eco_isic3_total,2003,363.538
svn,sex_f,age_ythadult_yge15,eco_isic3_total,2004,377.608
svn,sex_f,age_ythadult_yge15,eco_isic3_total,2005,378.833
svn,sex_f,age_ythadult_yge15,eco_isic3_total,2006,379.321
svn,sex_f,age_ythadult_yge15,eco_isic3_total,2007,386.596
svn,sex_f,age_ythadult_yge15,eco_isic3_x,1996,0.591
svn,sex_f,age_ythadult_yge15,eco_isic3_x,1997,0.607
svn,sex_f,age_ythadult_yge15,eco_isic3_x,1998,1.314
svn,sex_f,age_ythadult_yge15,eco_isic3_x,1999,0.535
svn,sex_f,age_ythadult_yge15,eco_isic3_x,2000,1.386
svn,sex_f,age_ythadult_yge15,eco_isic3_x,2001,3.083
svn,sex_f,age_ythadult_yge15,eco_isic3_x,2002,2.631
svn,sex_f,age_ythadult_yge15,eco_isic3_x,2003,2.204
svn,sex_f,age_ythadult_yge15,eco_isic3_x,2004,3.849
svn,sex_f,age_ythadult_yge15,eco_isic3_x,2005,1.465
svn,sex_f,age_ythadult_yge15,eco_isic3_x,2006,2.204
svn,sex_f,age_ythadult_yge15,eco_isic3_x,2007,4.348
svn,sex_f,age_ythadult_yge15,eco_isic4_a,2008,4.164
svn,sex_f,age_ythadult_yge15,eco_isic4_a,2009,3.345
svn,sex_f,age_ythadult_yge15,eco_isic4_a,2010,2.912
svn,sex_f,age_ythadult_yge15,eco_isic4_a,2011,3.161
svn,sex_f,age_ythadult_yge15,eco_isic4_a,2012,3.278
svn,sex_f,age_ythadult_yge15,eco_isic4_a,2013,2.731
svn,sex_f,age_ythadult_yge15,eco_isic4_a,2014,3.048
svn,sex_f,age_ythadult_yge15,eco_isic4_a,2015,2.596
svn,sex_f,age_ythadult_yge15,eco_isic4_a,2016,2.444
svn,sex_f,age_ythadult_yge15,eco_isic4_a,2017,3.18
svn,sex_f,age_ythadult_yge15,eco_isic4_a,2018,2.84
svn,sex_f,age_ythadult_yge15,eco_isic4_a,2019,3.135
svn,sex_f,age_ythadult_yge15,eco_isic4_a,2020,2.938
svn,sex_f,age_ythadult_yge15,eco_isic4_a,2021,3.486
svn,sex_f,age_ythadult_yge15,eco_isic4_a,2022,3.868
svn,sex_f,age_ythadult_yge15,eco_isic4_a,2023,2.95
svn,sex_f,age_ythadult_yge15,eco_isic4_b,2008,0.342
svn,sex_f,age_ythadult_yge15,eco_isic4_b,2009,0.728
svn,sex_f,age_ythadult_yge15,eco_isic4_b,2010,0.386
svn,sex_f,age_ythadult_yge15,eco_isic4_b,2011,0.341
svn,sex_f,age_ythadult_yge15,eco_isic4_b,2012,0.32
svn,sex_f,age_ythadult_yge15,eco_isic4_b,2013,0.359
svn,sex_f,age_ythadult_yge15,eco_isic4_b,2014,0.142
svn,sex_f,age_ythadult_yge15,eco_isic4_b,2015,0.082
svn,sex_f,age_ythadult_yge15,eco_isic4_b,2016,0.216
svn,sex_f,age_ythadult_yge15,eco_isic4_b,2017,0.354
svn,sex_f,age_ythadult_yge15,eco_isic4_b,2018,0.401
svn,sex_f,age_ythadult_yge15,eco_isic4_b,2019,0.357
svn,sex_f,age_ythadult_yge15,eco_isic4_b,2020,0.492
svn,sex_f,age_ythadult_yge15,eco_isic4_b,2021,0.178
svn,sex_f,age_ythadult_yge15,eco_isic4_b,2022,0.13
svn,sex_f,age_ythadult_yge15,eco_isic4_b,2023,0.338
svn,sex_f,age_ythadult_yge15,eco_isic4_c,2008,89.931
svn,sex_f,age_ythadult_yge15,eco_isic4_c,2009,83.245
svn,sex_f,age_ythadult_yge15,eco_isic4_c,2010,78.077
svn,sex_f,age_ythadult_yge15,eco_isic4_c,2011,66.751
svn,sex_f,age_ythadult_yge15,eco_isic4_c,2012,64.234
svn,sex_f,age_ythadult_yge15,eco_isic4_c,2013,61.899
svn,sex_f,age_ythadult_yge15,eco_isic4_c,2014,62.35
svn,sex_f,age_ythadult_yge15,eco_isic4_c,2015,64.337
svn,sex_f,age_ythadult_yge15,eco_isic4_c,2016,70.223
svn,sex_f,age_ythadult_yge15,eco_isic4_c,2017,71.118
svn,sex_f,age_ythadult_yge15,eco_isic4_c,2018,78.438
svn,sex_f,age_ythadult_yge15,eco_isic4_c,2019,78.969
svn,sex_f,age_ythadult_yge15,eco_isic4_c,2020,72.406
svn,sex_f,age_ythadult_yge15,eco_isic4_c,2021,61.012
svn,sex_f,age_ythadult_yge15,eco_isic4_c,2022,62.408
svn,sex_f,age_ythadult_yge15,eco_isic4_c,2023,68.253
svn,sex_f,age_ythadult_yge15,eco_isic4_d,2008,1.582
svn,sex_f,age_ythadult_yge15,eco_isic4_d,2009,1.003
svn,sex_f,age_ythadult_yge15,eco_isic4_d,2010,1.095
svn,sex_f,age_ythadult_yge15,eco_isic4_d,2011,2.042
svn,sex_f,age_ythadult_yge15,eco_isic4_d,2012,1.822
svn,sex_f,age_ythadult_yge15,eco_isic4_d,2013,1.844
svn,sex_f,age_ythadult_yge15,eco_isic4_d,2014,2.414
svn,sex_f,age_ythadult_yge15,eco_isic4_d,2015,1.912
svn,sex_f,age_ythadult_yge15,eco_isic4_d,2016,1.384
svn,sex_f,age_ythadult_yge15,eco_isic4_d,2017,1.698
svn,sex_f,age_ythadult_yge15,eco_isic4_d,2018,1.629
svn,sex_f,age_ythadult_yge15,eco_isic4_d,2019,1.992
svn,sex_f,age_ythadult_yge15,eco_isic4_d,2020,2.231
svn,sex_f,age_ythadult_yge15,eco_isic4_d,2021,1.722
svn,sex_f,age_ythadult_yge15,eco_isic4_d,2022,1.502
svn,sex_f,age_ythadult_yge15,eco_isic4_d,2023,1.929
svn,sex_f,age_ythadult_yge15,eco_isic4_e,2008,1.822
svn,sex_f,age_ythadult_yge15,eco_isic4_e,2009,2.689
svn,sex_f,age_ythadult_yge15,eco_isic4_e,2010,1.922
svn,sex_f,age_ythadult_yge15,eco_isic4_e,2011,1.819
svn,sex_f,age_ythadult_yge15,eco_isic4_e,2012,2.201
svn,sex_f,age_ythadult_yge15,eco_isic4_e,2013,2.055
svn,sex_f,age_ythadult_yge15,eco_isic4_e,2014,1.72
svn,sex_f,age_ythadult_yge15,eco_isic4_e,2015,1.535
svn,sex_f,age_ythadult_yge15,eco_isic4_e,2016,1.55
svn,sex_f,age_ythadult_yge15,eco_isic4_e,2017,2.088
svn,sex_f,age_ythadult_yge15,eco_isic4_e,2018,2.157
svn,sex_f,age_ythadult_yge15,eco_isic4_e,2019,1.819
svn,sex_f,age_ythadult_yge15,eco_isic4_e,2020,2.183
svn,sex_f,age_ythadult_yge15,eco_isic4_e,2021,2.823
svn,sex_f,age_ythadult_yge15,eco_isic4_e,2022,3.595
svn,sex_f,age_ythadult_yge15,eco_isic4_e,2023,3.024
svn,sex_f,age_ythadult_yge15,eco_isic4_f,2008,6.508
svn,sex_f,age_ythadult_yge15,eco_isic4_f,2009,6.798
svn,sex_f,age_ythadult_yge15,eco_isic4_f,2010,5.327
svn,sex_f,age_ythadult_yge15,eco_isic4_f,2011,4.619
svn,sex_f,age_ythadult_yge15,eco_isic4_f,2012,4.92
svn,sex_f,age_ythadult_yge15,eco_isic4_f,2013,5.522
svn,sex_f,age_ythadult_yge15,eco_isic4_f,2014,2.99
svn,sex_f,age_ythadult_yge15,eco_isic4_f,2015,3.603
svn,sex_f,age_ythadult_yge15,eco_isic4_f,2016,3.865
svn,sex_f,age_ythadult_yge15,eco_isic4_f,2017,4.279
svn,sex_f,age_ythadult_yge15,eco_isic4_f,2018,4.502
svn,sex_f,age_ythadult_yge15,eco_isic4_f,2019,4.85
svn,sex_f,age_ythadult_yge15,eco_isic4_f,2020,4.748
svn,sex_f,age_ythadult_yge15,eco_isic4_f,2021,5.722
svn,sex_f,age_ythadult_yge15,eco_isic4_f,2022,6.01
svn,sex_f,age_ythadult_yge15,eco_isic4_f,2023,5.364
svn,sex_f,age_ythadult_yge15,eco_isic4_g,2008,62.654
svn,sex_f,age_ythadult_yge15,eco_isic4_g,2009,61.983
svn,sex_f,age_ythadult_yge15,eco_isic4_g,2010,57.924
svn,sex_f,age_ythadult_yge15,eco_isic4_g,2011,56.406
svn,sex_f,age_ythadult_yge15,eco_isic4_g,2012,53.532
svn,sex_f,age_ythadult_yge15,eco_isic4_g,2013,54.008
svn,sex_f,age_ythadult_yge15,eco_isic4_g,2014,52.201
svn,sex_f,age_ythadult_yge15,eco_isic4_g,2015,52.71
svn,sex_f,age_ythadult_yge15,eco_isic4_g,2016,60.332
svn,sex_f,age_ythadult_yge15,eco_isic4_g,2017,57.168
svn,sex_f,age_ythadult_yge15,eco_isic4_g,2018,59.524
svn,sex_f,age_ythadult_yge15,eco_isic4_g,2019,63.396
svn,sex_f,age_ythadult_yge15,eco_isic4_g,2020,58.733
svn,sex_f,age_ythadult_yge15,eco_isic4_g,2021,54.183
svn,sex_f,age_ythadult_yge15,eco_isic4_g,2022,53.804
svn,sex_f,age_ythadult_yge15,eco_isic4_g,2023,59.087
svn,sex_f,age_ythadult_yge15,eco_isic4_h,2008,10.684
svn,sex_f,age_ythadult_yge15,eco_isic4_h,2009,11.855
svn,sex_f,age_ythadult_yge15,eco_isic4_h,2010,9.078
svn,sex_f,age_ythadult_yge15,eco_isic4_h,2011,9.536
svn,sex_f,age_ythadult_yge15,eco_isic4_h,2012,8.225
svn,sex_f,age_ythadult_yge15,eco_isic4_h,2013,8.274
svn,sex_f,age_ythadult_yge15,eco_isic4_h,2014,6.495
svn,sex_f,age_ythadult_yge15,eco_isic4_h,2015,7.258
svn,sex_f,age_ythadult_yge15,eco_isic4_h,2016,8.744
svn,sex_f,age_ythadult_yge15,eco_isic4_h,2017,8.33
svn,sex_f,age_ythadult_yge15,eco_isic4_h,2018,11.724
svn,sex_f,age_ythadult_yge15,eco_isic4_h,2019,10.752
svn,sex_f,age_ythadult_yge15,eco_isic4_h,2020,7.637
svn,sex_f,age_ythadult_yge15,eco_isic4_h,2021,9.002
svn,sex_f,age_ythadult_yge15,eco_isic4_h,2022,8.68
svn,sex_f,age_ythadult_yge15,eco_isic4_h,2023,8.916
svn,sex_f,age_ythadult_yge15,eco_isic4_i,2008,23.359
svn,sex_f,age_ythadult_yge15,eco_isic4_i,2009,20.575
svn,sex_f,age_ythadult_yge15,eco_isic4_i,2010,23.293
svn,sex_f,age_ythadult_yge15,eco_isic4_i,2011,24.154
svn,sex_f,age_ythadult_yge15,eco_isic4_i,2012,21.768
svn,sex_f,age_ythadult_yge15,eco_isic4_i,2013,21.738
svn,sex_f,age_ythadult_yge15,eco_isic4_i,2014,22.478
svn,sex_f,age_ythadult_yge15,eco_isic4_i,2015,23.51
svn,sex_f,age_ythadult_yge15,eco_isic4_i,2016,22.762
svn,sex_f,age_ythadult_yge15,eco_isic4_i,2017,26.624
svn,sex_f,age_ythadult_yge15,eco_isic4_i,2018,23.526
svn,sex_f,age_ythadult_yge15,eco_isic4_i,2019,22.905
svn,sex_f,age_ythadult_yge15,eco_isic4_i,2020,20.157
svn,sex_f,age_ythadult_yge15,eco_isic4_i,2021,14.864
svn,sex_f,age_ythadult_yge15,eco_isic4_i,2022,20.887
svn,sex_f,age_ythadult_yge15,eco_isic4_i,2023,21.619
svn,sex_f,age_ythadult_yge15,eco_isic4_j,2008,9.207
svn,sex_f,age_ythadult_yge15,eco_isic4_j,2009,8.462
svn,sex_f,age_ythadult_yge15,eco_isic4_j,2010,10.365
svn,sex_f,age_ythadult_yge15,eco_isic4_j,2011,9.53
svn,sex_f,age_ythadult_yge15,eco_isic4_j,2012,7.605
svn,sex_f,age_ythadult_yge15,eco_isic4_j,2013,7.971
svn,sex_f,age_ythadult_yge15,eco_isic4_j,2014,9.478
svn,sex_f,age_ythadult_yge15,eco_isic4_j,2015,10.687
svn,sex_f,age_ythadult_yge15,eco_isic4_j,2016,10.018
svn,sex_f,age_ythadult_yge15,eco_isic4_j,2017,8.625
svn,sex_f,age_ythadult_yge15,eco_isic4_j,2018,8.647
svn,sex_f,age_ythadult_yge15,eco_isic4_j,2019,10.517
svn,sex_f,age_ythadult_yge15,eco_isic4_j,2020,11.278
svn,sex_f,age_ythadult_yge15,eco_isic4_j,2021,9.906
svn,sex_f,age_ythadult_yge15,eco_isic4_j,2022,9.943
svn,sex_f,age_ythadult_yge15,eco_isic4_j,2023,9.501
svn,sex_f,age_ythadult_yge15,eco_isic4_k,2008,15.977
svn,sex_f,age_ythadult_yge15,eco_isic4_k,2009,17.423
svn,sex_f,age_ythadult_yge15,eco_isic4_k,2010,16.772
svn,sex_f,age_ythadult_yge15,eco_isic4_k,2011,17.153
svn,sex_f,age_ythadult_yge15,eco_isic4_k,2012,19.655
svn,sex_f,age_ythadult_yge15,eco_isic4_k,2013,15.272
svn,sex_f,age_ythadult_yge15,eco_isic4_k,2014,14.437
svn,sex_f,age_ythadult_yge15,eco_isic4_k,2015,15.458
svn,sex_f,age_ythadult_yge15,eco_isic4_k,2016,13.359
svn,sex_f,age_ythadult_yge15,eco_isic4_k,2017,13.223
svn,sex_f,age_ythadult_yge15,eco_isic4_k,2018,13.479
svn,sex_f,age_ythadult_yge15,eco_isic4_k,2019,15.41
svn,sex_f,age_ythadult_yge15,eco_isic4_k,2020,17.143
svn,sex_f,age_ythadult_yge15,eco_isic4_k,2021,12.269
svn,sex_f,age_ythadult_yge15,eco_isic4_k,2022,11.656
svn,sex_f,age_ythadult_yge15,eco_isic4_k,2023,12.017
svn,sex_f,age_ythadult_yge15,eco_isic4_l,2008,1.364
svn,sex_f,age_ythadult_yge15,eco_isic4_l,2009,1.104
svn,sex_f,age_ythadult_yge15,eco_isic4_l,2010,0.973
svn,sex_f,age_ythadult_yge15,eco_isic4_l,2011,1.127
svn,sex_f,age_ythadult_yge15,eco_isic4_l,2012,0.83
svn,sex_f,age_ythadult_yge15,eco_isic4_l,2013,1.396
svn,sex_f,age_ythadult_yge15,eco_isic4_l,2014,1.392
svn,sex_f,age_ythadult_yge15,eco_isic4_l,2015,0.825
svn,sex_f,age_ythadult_yge15,eco_isic4_l,2016,0.56
svn,sex_f,age_ythadult_yge15,eco_isic4_l,2017,1.108
svn,sex_f,age_ythadult_yge15,eco_isic4_l,2018,1.444
svn,sex_f,age_ythadult_yge15,eco_isic4_l,2019,0.736
svn,sex_f,age_ythadult_yge15,eco_isic4_l,2020,0.947
svn,sex_f,age_ythadult_yge15,eco_isic4_l,2021,1.773
svn,sex_f,age_ythadult_yge15,eco_isic4_l,2022,1.426
svn,sex_f,age_ythadult_yge15,eco_isic4_l,2023,1.161
svn,sex_f,age_ythadult_yge15,eco_isic4_m,2008,16.966
svn,sex_f,age_ythadult_yge15,eco_isic4_m,2009,16.175
svn,sex_f,age_ythadult_yge15,eco_isic4_m,2010,14.634
svn,sex_f,age_ythadult_yge15,eco_isic4_m,2011,15.777
svn,sex_f,age_ythadult_yge15,eco_isic4_m,2012,17.233
svn,sex_f,age_ythadult_yge15,eco_isic4_m,2013,15.889
svn,sex_f,age_ythadult_yge15,eco_isic4_m,2014,15.961
svn,sex_f,age_ythadult_yge15,eco_isic4_m,2015,14.479
svn,sex_f,age_ythadult_yge15,eco_isic4_m,2016,16.112
svn,sex_f,age_ythadult_yge15,eco_isic4_m,2017,17.012
svn,sex_f,age_ythadult_yge15,eco_isic4_m,2018,14.358
svn,sex_f,age_ythadult_yge15,eco_isic4_m,2019,14.762
svn,sex_f,age_ythadult_yge15,eco_isic4_m,2020,17.387
svn,sex_f,age_ythadult_yge15,eco_isic4_m,2021,24.241
svn,sex_f,age_ythadult_yge15,eco_isic4_m,2022,22.05
svn,sex_f,age_ythadult_yge15,eco_isic4_m,2023,19.94
svn,sex_f,age_ythadult_yge15,eco_isic4_n,2008,10.751
svn,sex_f,age_ythadult_yge15,eco_isic4_n,2009,10.44
svn,sex_f,age_ythadult_yge15,eco_isic4_n,2010,9.974
svn,sex_f,age_ythadult_yge15,eco_isic4_n,2011,8.623
svn,sex_f,age_ythadult_yge15,eco_isic4_n,2012,10.175
svn,sex_f,age_ythadult_yge15,eco_isic4_n,2013,10.331
svn,sex_f,age_ythadult_yge15,eco_isic4_n,2014,10.8
svn,sex_f,age_ythadult_yge15,eco_isic4_n,2015,9.573
svn,sex_f,age_ythadult_yge15,eco_isic4_n,2016,10.724
svn,sex_f,age_ythadult_yge15,eco_isic4_n,2017,11.393
svn,sex_f,age_ythadult_yge15,eco_isic4_n,2018,9.861
svn,sex_f,age_ythadult_yge15,eco_isic4_n,2019,9.528
svn,sex_f,age_ythadult_yge15,eco_isic4_n,2020,11.697
svn,sex_f,age_ythadult_yge15,eco_isic4_n,2021,11.461
svn,sex_f,age_ythadult_yge15,eco_isic4_n,2022,12.28
svn,sex_f,age_ythadult_yge15,eco_isic4_n,2023,15.838
svn,sex_f,age_ythadult_yge15,eco_isic4_o,2008,28.552
svn,sex_f,age_ythadult_yge15,eco_isic4_o,2009,31.951
svn,sex_f,age_ythadult_yge15,eco_isic4_o,2010,28.636
svn,sex_f,age_ythadult_yge15,eco_isic4_o,2011,28.62
svn,sex_f,age_ythadult_yge15,eco_isic4_o,2012,31.57
svn,sex_f,age_ythadult_yge15,eco_isic4_o,2013,27.124
svn,sex_f,age_ythadult_yge15,eco_isic4_o,2014,28.571
svn,sex_f,age_ythadult_yge15,eco_isic4_o,2015,26.314
svn,sex_f,age_ythadult_yge15,eco_isic4_o,2016,30.047
svn,sex_f,age_ythadult_yge15,eco_isic4_o,2017,32.932
svn,sex_f,age_ythadult_yge15,eco_isic4_o,2018,31.79
svn,sex_f,age_ythadult_yge15,eco_isic4_o,2019,30.996
svn,sex_f,age_ythadult_yge15,eco_isic4_o,2020,30.921
svn,sex_f,age_ythadult_yge15,eco_isic4_o,2021,32.461
svn,sex_f,age_ythadult_yge15,eco_isic4_o,2022,32.857
svn,sex_f,age_ythadult_yge15,eco_isic4_o,2023,28.9
svn,sex_f,age_ythadult_yge15,eco_isic4_p,2008,58.62
svn,sex_f,age_ythadult_yge15,eco_isic4_p,2009,56.584
svn,sex_f,age_ythadult_yge15,eco_isic4_p,2010,58.443
svn,sex_f,age_ythadult_yge15,eco_isic4_p,2011,60.726
svn,sex_f,age_ythadult_yge15,eco_isic4_p,2012,62.996
svn,sex_f,age_ythadult_yge15,eco_isic4_p,2013,60.489
svn,sex_f,age_ythadult_yge15,eco_isic4_p,2014,56.94
svn,sex_f,age_ythadult_yge15,eco_isic4_p,2015,61.344
svn,sex_f,age_ythadult_yge15,eco_isic4_p,2016,62.041
svn,sex_f,age_ythadult_yge15,eco_isic4_p,2017,64.807
svn,sex_f,age_ythadult_yge15,eco_isic4_p,2018,63.51
svn,sex_f,age_ythadult_yge15,eco_isic4_p,2019,65.02
svn,sex_f,age_ythadult_yge15,eco_isic4_p,2020,70.698
svn,sex_f,age_ythadult_yge15,eco_isic4_p,2021,72.896
svn,sex_f,age_ythadult_yge15,eco_isic4_p,2022,71.766
svn,sex_f,age_ythadult_yge15,eco_isic4_p,2023,67.285
svn,sex_f,age_ythadult_yge15,eco_isic4_q,2008,43.359
svn,sex_f,age_ythadult_yge15,eco_isic4_q,2009,40.533
svn,sex_f,age_ythadult_yge15,eco_isic4_q,2010,43.223
svn,sex_f,age_ythadult_yge15,eco_isic4_q,2011,43.64
svn,sex_f,age_ythadult_yge15,eco_isic4_q,2012,42.097
svn,sex_f,age_ythadult_yge15,eco_isic4_q,2013,43.91
svn,sex_f,age_ythadult_yge15,eco_isic4_q,2014,44.177
svn,sex_f,age_ythadult_yge15,eco_isic4_q,2015,46.508
svn,sex_f,age_ythadult_yge15,eco_isic4_q,2016,50.621
svn,sex_f,age_ythadult_yge15,eco_isic4_q,2017,50.784
svn,sex_f,age_ythadult_yge15,eco_isic4_q,2018,53.771
svn,sex_f,age_ythadult_yge15,eco_isic4_q,2019,54.975
svn,sex_f,age_ythadult_yge15,eco_isic4_q,2020,55.151
svn,sex_f,age_ythadult_yge15,eco_isic4_q,2021,61.08
svn,sex_f,age_ythadult_yge15,eco_isic4_q,2022,61.816
svn,sex_f,age_ythadult_yge15,eco_isic4_q,2023,59.863
svn,sex_f,age_ythadult_yge15,eco_isic4_r,2008,7.179
svn,sex_f,age_ythadult_yge15,eco_isic4_r,2009,8.897
svn,sex_f,age_ythadult_yge15,eco_isic4_r,2010,8.266
svn,sex_f,age_ythadult_yge15,eco_isic4_r,2011,8.322
svn,sex_f,age_ythadult_yge15,eco_isic4_r,2012,7.574
svn,sex_f,age_ythadult_yge15,eco_isic4_r,2013,6.519
svn,sex_f,age_ythadult_yge15,eco_isic4_r,2014,6.564
svn,sex_f,age_ythadult_yge15,eco_isic4_r,2015,7.967
svn,sex_f,age_ythadult_yge15,eco_isic4_r,2016,5.632
svn,sex_f,age_ythadult_yge15,eco_isic4_r,2017,7.423
svn,sex_f,age_ythadult_yge15,eco_isic4_r,2018,6.595
svn,sex_f,age_ythadult_yge15,eco_isic4_r,2019,8.373
svn,sex_f,age_ythadult_yge15,eco_isic4_r,2020,7.162
svn,sex_f,age_ythadult_yge15,eco_isic4_r,2021,8.199
svn,sex_f,age_ythadult_yge15,eco_isic4_r,2022,8.993
svn,sex_f,age_ythadult_yge15,eco_isic4_r,2023,6.771
svn,sex_f,age_ythadult_yge15,eco_isic4_s,2008,6.313
svn,sex_f,age_ythadult_yge15,eco_isic4_s,2009,6.336
svn,sex_f,age_ythadult_yge15,eco_isic4_s,2010,7.617
svn,sex_f,age_ythadult_yge15,eco_isic4_s,2011,7.186
svn,sex_f,age_ythadult_yge15,eco_isic4_s,2012,6.926
svn,sex_f,age_ythadult_yge15,eco_isic4_s,2013,6.386
svn,sex_f,age_ythadult_yge15,eco_isic4_s,2014,5.965
svn,sex_f,age_ythadult_yge15,eco_isic4_s,2015,5.726
svn,sex_f,age_ythadult_yge15,eco_isic4_s,2016,5.938
svn,sex_f,age_ythadult_yge15,eco_isic4_s,2017,6.838
svn,sex_f,age_ythadult_yge15,eco_isic4_s,2018,5.623
svn,sex_f,age_ythadult_yge15,eco_isic4_s,2019,6.068
svn,sex_f,age_ythadult_yge15,eco_isic4_s,2020,7.608
svn,sex_f,age_ythadult_yge15,eco_isic4_s,2021,9.306
svn,sex_f,age_ythadult_yge15,eco_isic4_s,2022,10.009
svn,sex_f,age_ythadult_yge15,eco_isic4_s,2023,9.94
svn,sex_f,age_ythadult_yge15,eco_isic4_t,2008,0.44
svn,sex_f,age_ythadult_yge15,eco_isic4_t,2010,0.239
svn,sex_f,age_ythadult_yge15,eco_isic4_t,2011,0.419
svn,sex_f,age_ythadult_yge15,eco_isic4_t,2012,0.293
svn,sex_f,age_ythadult_yge15,eco_isic4_t,2017,0.106
svn,sex_f,age_ythadult_yge15,eco_isic4_t,2021,0.507
svn,sex_f,age_ythadult_yge15,eco_isic4_t,2022,0.371
svn,sex_f,age_ythadult_yge15,eco_isic4_t,2023,0.463
svn,sex_f,age_ythadult_yge15,eco_isic4_total,2008,402.054
svn,sex_f,age_ythadult_yge15,eco_isic4_total,2009,392.232
svn,sex_f,age_ythadult_yge15,eco_isic4_total,2010,380.505
svn,sex_f,age_ythadult_yge15,eco_isic4_total,2011,372.269
svn,sex_f,age_ythadult_yge15,eco_isic4_total,2012,369.738
svn,sex_f,age_ythadult_yge15,eco_isic4_total,2013,355.411
svn,sex_f,age_ythadult_yge15,eco_isic4_total,2014,350.671
svn,sex_f,age_ythadult_yge15,eco_isic4_total,2015,360.593
svn,sex_f,age_ythadult_yge15,eco_isic4_total,2016,378.687
svn,sex_f,age_ythadult_yge15,eco_isic4_total,2017,391.469
svn,sex_f,age_ythadult_yge15,eco_isic4_total,2018,396.688
svn,sex_f,age_ythadult_yge15,eco_isic4_total,2019,406.636
svn,sex_f,age_ythadult_yge15,eco_isic4_total,2020,403.206
svn,sex_f,age_ythadult_yge15,eco_isic4_total,2021,399.149
svn,sex_f,age_ythadult_yge15,eco_isic4_total,2022,405.623
svn,sex_f,age_ythadult_yge15,eco_isic4_total,2023,405.198
svn,sex_f,age_ythadult_yge15,eco_isic4_u,2008,0.2
svn,sex_f,age_ythadult_yge15,eco_isic4_u,2021,0.305
svn,sex_f,age_ythadult_yge15,eco_isic4_u,2022,0.181
svn,sex_f,age_ythadult_yge15,eco_isic4_u,2023,0.278
svn,sex_f,age_ythadult_yge15,eco_isic4_x,2008,2.079
svn,sex_f,age_ythadult_yge15,eco_isic4_x,2009,2.051
svn,sex_f,age_ythadult_yge15,eco_isic4_x,2010,1.352
svn,sex_f,age_ythadult_yge15,eco_isic4_x,2011,2.316
svn,sex_f,age_ythadult_yge15,eco_isic4_x,2012,2.481
svn,sex_f,age_ythadult_yge15,eco_isic4_x,2013,1.632
svn,sex_f,age_ythadult_yge15,eco_isic4_x,2014,2.527
svn,sex_f,age_ythadult_yge15,eco_isic4_x,2015,4.07
svn,sex_f,age_ythadult_yge15,eco_isic4_x,2016,2.091
svn,sex_f,age_ythadult_yge15,eco_isic4_x,2017,2.379
svn,sex_f,age_ythadult_yge15,eco_isic4_x,2018,2.752
svn,sex_f,age_ythadult_yge15,eco_isic4_x,2019,1.914
svn,sex_f,age_ythadult_yge15,eco_isic4_x,2020,1.556
svn,sex_f,age_ythadult_yge15,eco_isic4_x,2021,1.752
svn,sex_f,age_ythadult_yge15,eco_isic4_x,2022,1.392
svn,sex_f,age_ythadult_yge15,eco_isic4_x,2023,1.76
svn,sex_f,age_ythadult_yge15,eco_sector_agr,1996,5.305
svn,sex_f,age_ythadult_yge15,eco_sector_agr,1997,4.691
svn,sex_f,age_ythadult_yge15,eco_sector_agr,1998,4.914
svn,sex_f,age_ythadult_yge15,eco_sector_agr,1999,2.654
svn,sex_f,age_ythadult_yge15,eco_sector_agr,2000,3.544
svn,sex_f,age_ythadult_yge15,eco_sector_agr,2001,2.156
svn,sex_f,age_ythadult_yge15,eco_sector_agr,2002,3.281
svn,sex_f,age_ythadult_yge15,eco_sector_agr,2003,3.878
svn,sex_f,age_ythadult_yge15,eco_sector_agr,2004,5.197
svn,sex_f,age_ythadult_yge15,eco_sector_agr,2005,3.529
svn,sex_f,age_ythadult_yge15,eco_sector_agr,2006,3.084
svn,sex_f,age_ythadult_yge15,eco_sector_agr,2007,5.258
svn,sex_f,age_ythadult_yge15,eco_sector_agr,2008,4.164
svn,sex_f,age_ythadult_yge15,eco_sector_agr,2009,3.345
svn,sex_f,age_ythadult_yge15,eco_sector_agr,2010,2.912
svn,sex_f,age_ythadult_yge15,eco_sector_agr,2011,3.161
svn,sex_f,age_ythadult_yge15,eco_sector_agr,2012,3.278
svn,sex_f,age_ythadult_yge15,eco_sector_agr,2013,2.731
svn,sex_f,age_ythadult_yge15,eco_sector_agr,2014,3.048
svn,sex_f,age_ythadult_yge15,eco_sector_agr,2015,2.596
svn,sex_f,age_ythadult_yge15,eco_sector_agr,2016,2.444
svn,sex_f,age_ythadult_yge15,eco_sector_agr,2017,3.18
svn,sex_f,age_ythadult_yge15,eco_sector_agr,2018,2.84
svn,sex_f,age_ythadult_yge15,eco_sector_agr,2019,3.135
svn,sex_f,age_ythadult_yge15,eco_sector_agr,2020,2.938
svn,sex_f,age_ythadult_yge15,eco_sector_agr,2021,3.486
svn,sex_f,age_ythadult_yge15,eco_sector_agr,2022,3.868
svn,sex_f,age_ythadult_yge15,eco_sector_agr,2023,2.95
svn,sex_f,age_ythadult_yge15,eco_sector_ind,1996,126.871
svn,sex_f,age_ythadult_yge15,eco_sector_ind,1997,121.571
svn,sex_f,age_ythadult_yge15,eco_sector_ind,1998,119.575
svn,sex_f,age_ythadult_yge15,eco_sector_ind,1999,109.194
svn,sex_f,age_ythadult_yge15,eco_sector_ind,2000,112.945
svn,sex_f,age_ythadult_yge15,eco_sector_ind,2001,115.435
svn,sex_f,age_ythadult_yge15,eco_sector_ind,2002,116.745
svn,sex_f,age_ythadult_yge15,eco_sector_ind,2003,103.635
svn,sex_f,age_ythadult_yge15,eco_sector_ind,2004,104.584
svn,sex_f,age_ythadult_yge15,eco_sector_ind,2005,105.76
svn,sex_f,age_ythadult_yge15,eco_sector_ind,2006,99.249
svn,sex_f,age_ythadult_yge15,eco_sector_ind,2007,97.262
svn,sex_f,age_ythadult_yge15,eco_sector_ind,2008,100.186
svn,sex_f,age_ythadult_yge15,eco_sector_ind,2009,94.463
svn,sex_f,age_ythadult_yge15,eco_sector_ind,2010,86.806
svn,sex_f,age_ythadult_yge15,eco_sector_ind,2011,75.572
svn,sex_f,age_ythadult_yge15,eco_sector_ind,2012,73.498
svn,sex_f,age_ythadult_yge15,eco_sector_ind,2013,71.679
svn,sex_f,age_ythadult_yge15,eco_sector_ind,2014,69.616
svn,sex_f,age_ythadult_yge15,eco_sector_ind,2015,71.47
svn,sex_f,age_ythadult_yge15,eco_sector_ind,2016,77.237
svn,sex_f,age_ythadult_yge15,eco_sector_ind,2017,79.536
svn,sex_f,age_ythadult_yge15,eco_sector_ind,2018,87.127
svn,sex_f,age_ythadult_yge15,eco_sector_ind,2019,87.987
svn,sex_f,age_ythadult_yge15,eco_sector_ind,2020,82.058
svn,sex_f,age_ythadult_yge15,eco_sector_ind,2021,71.458
svn,sex_f,age_ythadult_yge15,eco_sector_ind,2022,73.646
svn,sex_f,age_ythadult_yge15,eco_sector_ind,2023,78.909
svn,sex_f,age_ythadult_yge15,eco_sector_nag,1996,347.153
svn,sex_f,age_ythadult_yge15,eco_sector_nag,1997,341.073
svn,sex_f,age_ythadult_yge15,eco_sector_nag,1998,346.374
svn,sex_f,age_ythadult_yge15,eco_sector_nag,1999,342.929
svn,sex_f,age_ythadult_yge15,eco_sector_nag,2000,355.09
svn,sex_f,age_ythadult_yge15,eco_sector_nag,2001,356.742
svn,sex_f,age_ythadult_yge15,eco_sector_nag,2002,364.754
svn,sex_f,age_ythadult_yge15,eco_sector_nag,2003,359.66
svn,sex_f,age_ythadult_yge15,eco_sector_nag,2004,372.411
svn,sex_f,age_ythadult_yge15,eco_sector_nag,2005,375.304
svn,sex_f,age_ythadult_yge15,eco_sector_nag,2006,376.237
svn,sex_f,age_ythadult_yge15,eco_sector_nag,2007,381.338
svn,sex_f,age_ythadult_yge15,eco_sector_nag,2008,397.89
svn,sex_f,age_ythadult_yge15,eco_sector_nag,2009,388.887
svn,sex_f,age_ythadult_yge15,eco_sector_nag,2010,377.593
svn,sex_f,age_ythadult_yge15,eco_sector_nag,2011,369.108
svn,sex_f,age_ythadult_yge15,eco_sector_nag,2012,366.46
svn,sex_f,age_ythadult_yge15,eco_sector_nag,2013,352.68
svn,sex_f,age_ythadult_yge15,eco_sector_nag,2014,347.623
svn,sex_f,age_ythadult_yge15,eco_sector_nag,2015,357.997
svn,sex_f,age_ythadult_yge15,eco_sector_nag,2016,376.243
svn,sex_f,age_ythadult_yge15,eco_sector_nag,2017,388.289
svn,sex_f,age_ythadult_yge15,eco_sector_nag,2018,393.848
svn,sex_f,age_ythadult_yge15,eco_sector_nag,2019,403.5
svn,sex_f,age_ythadult_yge15,eco_sector_nag,2020,400.268
svn,sex_f,age_ythadult_yge15,eco_sector_nag,2021,395.664
svn,sex_f,age_ythadult_yge15,eco_sector_nag,2022,401.755
svn,sex_f,age_ythadult_yge15,eco_sector_nag,2023,402.248
svn,sex_f,age_ythadult_yge15,eco_sector_ser,1996,219.691
svn,sex_f,age_ythadult_yge15,eco_sector_ser,1997,218.895
svn,sex_f,age_ythadult_yge15,eco_sector_ser,1998,225.485
svn,sex_f,age_ythadult_yge15,eco_sector_ser,1999,233.2
svn,sex_f,age_ythadult_yge15,eco_sector_ser,2000,240.759
svn,sex_f,age_ythadult_yge15,eco_sector_ser,2001,238.224
svn,sex_f,age_ythadult_yge15,eco_sector_ser,2002,245.378
svn,sex_f,age_ythadult_yge15,eco_sector_ser,2003,253.822
svn,sex_f,age_ythadult_yge15,eco_sector_ser,2004,263.978
svn,sex_f,age_ythadult_yge15,eco_sector_ser,2005,268.079
svn,sex_f,age_ythadult_yge15,eco_sector_ser,2006,274.784
svn,sex_f,age_ythadult_yge15,eco_sector_ser,2007,279.728
svn,sex_f,age_ythadult_yge15,eco_sector_ser,2008,295.625
svn,sex_f,age_ythadult_yge15,eco_sector_ser,2009,292.373
svn,sex_f,age_ythadult_yge15,eco_sector_ser,2010,289.435
svn,sex_f,age_ythadult_yge15,eco_sector_ser,2011,291.219
svn,sex_f,age_ythadult_yge15,eco_sector_ser,2012,290.48
svn,sex_f,age_ythadult_yge15,eco_sector_ser,2013,279.369
svn,sex_f,age_ythadult_yge15,eco_sector_ser,2014,275.48
svn,sex_f,age_ythadult_yge15,eco_sector_ser,2015,282.458
svn,sex_f,age_ythadult_yge15,eco_sector_ser,2016,296.914
svn,sex_f,age_ythadult_yge15,eco_sector_ser,2017,306.374
svn,sex_f,age_ythadult_yge15,eco_sector_ser,2018,303.969
svn,sex_f,age_ythadult_yge15,eco_sector_ser,2019,313.599
svn,sex_f,age_ythadult_yge15,eco_sector_ser,2020,316.654
svn,sex_f,age_ythadult_yge15,eco_sector_ser,2021,322.454
svn,sex_f,age_ythadult_yge15,eco_sector_ser,2022,326.717
svn,sex_f,age_ythadult_yge15,eco_sector_ser,2023,321.578
svn,sex_f,age_ythadult_yge15,eco_sector_total,1996,352.458
svn,sex_f,age_ythadult_yge15,eco_sector_total,1997,345.764
svn,sex_f,age_ythadult_yge15,eco_sector_total,1998,351.288
svn,sex_f,age_ythadult_yge15,eco_sector_total,1999,345.583
svn,sex_f,age_ythadult_yge15,eco_sector_total,2000,358.634
svn,sex_f,age_ythadult_yge15,eco_sector_total,2001,358.898
svn,sex_f,age_ythadult_yge15,eco_sector_total,2002,368.036
svn,sex_f,age_ythadult_yge15,eco_sector_total,2003,363.538
svn,sex_f,age_ythadult_yge15,eco_sector_total,2004,377.608
svn,sex_f,age_ythadult_yge15,eco_sector_total,2005,378.833
svn,sex_f,age_ythadult_yge15,eco_sector_total,2006,379.321
svn,sex_f,age_ythadult_yge15,eco_sector_total,2007,386.596
svn,sex_f,age_ythadult_yge15,eco_sector_total,2008,402.054
svn,sex_f,age_ythadult_yge15,eco_sector_total,2009,392.232
svn,sex_f,age_ythadult_yge15,eco_sector_total,2010,380.505
svn,sex_f,age_ythadult_yge15,eco_sector_total,2011,372.269
svn,sex_f,age_ythadult_yge15,eco_sector_total,2012,369.738
svn,sex_f,age_ythadult_yge15,eco_sector_total,2013,355.411
svn,sex_f,age_ythadult_yge15,eco_sector_total,2014,350.671
svn,sex_f,age_ythadult_yge15,eco_sector_total,2015,360.593
svn,sex_f,age_ythadult_yge15,eco_sector_total,2016,378.687
svn,sex_f,age_ythadult_yge15,eco_sector_total,2017,391.469
svn,sex_f,age_ythadult_yge15,eco_sector_total,2018,396.688
svn,sex_f,age_ythadult_yge15,eco_sector_total,2019,406.636
svn,sex_f,age_ythadult_yge15,eco_sector_total,2020,403.206
svn,sex_f,age_ythadult_yge15,eco_sector_total,2021,399.149
svn,sex_f,age_ythadult_yge15,eco_sector_total,2022,405.623
svn,sex_f,age_ythadult_yge15,eco_sector_total,2023,405.198
svn,sex_f,age_ythadult_yge15,eco_sector_x,1996,0.591
svn,sex_f,age_ythadult_yge15,eco_sector_x,1997,0.607
svn,sex_f,age_ythadult_yge15,eco_sector_x,1998,1.314
svn,sex_f,age_ythadult_yge15,eco_sector_x,1999,0.535
svn,sex_f,age_ythadult_yge15,eco_sector_x,2000,1.386
svn,sex_f,age_ythadult_yge15,eco_sector_x,2001,3.083
svn,sex_f,age_ythadult_yge15,eco_sector_x,2002,2.631
svn,sex_f,age_ythadult_yge15,eco_sector_x,2003,2.204
svn,sex_f,age_ythadult_yge15,eco_sector_x,2004,3.849
svn,sex_f,age_ythadult_yge15,eco_sector_x,2005,1.465
svn,sex_f,age_ythadult_yge15,eco_sector_x,2006,2.204
svn,sex_f,age_ythadult_yge15,eco_sector_x,2007,4.348
svn,sex_f,age_ythadult_yge15,eco_sector_x,2008,2.079
svn,sex_f,age_ythadult_yge15,eco_sector_x,2009,2.051
svn,sex_f,age_ythadult_yge15,eco_sector_x,2010,1.352
svn,sex_f,age_ythadult_yge15,eco_sector_x,2011,2.316
svn,sex_f,age_ythadult_yge15,eco_sector_x,2012,2.481
svn,sex_f,age_ythadult_yge15,eco_sector_x,2013,1.632
svn,sex_f,age_ythadult_yge15,eco_sector_x,2014,2.527
svn,sex_f,age_ythadult_yge15,eco_sector_x,2015,4.07
svn,sex_f,age_ythadult_yge15,eco_sector_x,2016,2.091
svn,sex_f,age_ythadult_yge15,eco_sector_x,2017,2.379
svn,sex_f,age_ythadult_yge15,eco_sector_x,2018,2.752
svn,sex_f,age_ythadult_yge15,eco_sector_x,2019,1.914
svn,sex_f,age_ythadult_yge15,eco_sector_x,2020,1.556
svn,sex_f,age_ythadult_yge15,eco_sector_x,2021,1.752
svn,sex_f,age_ythadult_yge15,eco_sector_x,2022,1.392
svn,sex_f,age_ythadult_yge15,eco_sector_x,2023,1.76
svn,sex_f,age_ythadult_yge25,eco_aggregate_agr,1996,4.732
svn,sex_f,age_ythadult_yge25,eco_aggregate_agr,1997,4.191
svn,sex_f,age_ythadult_yge25,eco_aggregate_agr,1998,4.104
svn,sex_f,age_ythadult_yge25,eco_aggregate_agr,1999,2.188
svn,sex_f,age_ythadult_yge25,eco_aggregate_agr,2000,3.312
svn,sex_f,age_ythadult_yge25,eco_aggregate_agr,2001,1.905
svn,sex_f,age_ythadult_yge25,eco_aggregate_agr,2002,3.281
svn,sex_f,age_ythadult_yge25,eco_aggregate_agr,2003,3.73
svn,sex_f,age_ythadult_yge25,eco_aggregate_agr,2004,4.784
svn,sex_f,age_ythadult_yge25,eco_aggregate_agr,2005,3.323
svn,sex_f,age_ythadult_yge25,eco_aggregate_agr,2006,2.981
svn,sex_f,age_ythadult_yge25,eco_aggregate_agr,2007,4.989
svn,sex_f,age_ythadult_yge25,eco_aggregate_agr,2008,3.943
svn,sex_f,age_ythadult_yge25,eco_aggregate_agr,2009,3.032
svn,sex_f,age_ythadult_yge25,eco_aggregate_agr,2010,2.765
svn,sex_f,age_ythadult_yge25,eco_aggregate_agr,2011,2.959
svn,sex_f,age_ythadult_yge25,eco_aggregate_agr,2012,3.061
svn,sex_f,age_ythadult_yge25,eco_aggregate_agr,2013,2.636
svn,sex_f,age_ythadult_yge25,eco_aggregate_agr,2014,3.015
svn,sex_f,age_ythadult_yge25,eco_aggregate_agr,2015,2.348
svn,sex_f,age_ythadult_yge25,eco_aggregate_agr,2016,2.347
svn,sex_f,age_ythadult_yge25,eco_aggregate_agr,2017,3.168
svn,sex_f,age_ythadult_yge25,eco_aggregate_agr,2018,2.682
svn,sex_f,age_ythadult_yge25,eco_aggregate_agr,2019,2.862
svn,sex_f,age_ythadult_yge25,eco_aggregate_agr,2020,2.747
svn,sex_f,age_ythadult_yge25,eco_aggregate_agr,2021,3.346
svn,sex_f,age_ythadult_yge25,eco_aggregate_agr,2022,3.784
svn,sex_f,age_ythadult_yge25,eco_aggregate_agr,2023,2.786
svn,sex_f,age_ythadult_yge25,eco_aggregate_con,1996,5.172
svn,sex_f,age_ythadult_yge25,eco_aggregate_con,1997,5.438
svn,sex_f,age_ythadult_yge25,eco_aggregate_con,1998,4.531
svn,sex_f,age_ythadult_yge25,eco_aggregate_con,1999,3.078
svn,sex_f,age_ythadult_yge25,eco_aggregate_con,2000,4.522
svn,sex_f,age_ythadult_yge25,eco_aggregate_con,2001,5.391
svn,sex_f,age_ythadult_yge25,eco_aggregate_con,2002,4.48
svn,sex_f,age_ythadult_yge25,eco_aggregate_con,2003,4.6
svn,sex_f,age_ythadult_yge25,eco_aggregate_con,2004,4.184
svn,sex_f,age_ythadult_yge25,eco_aggregate_con,2005,3.555
svn,sex_f,age_ythadult_yge25,eco_aggregate_con,2006,3.812
svn,sex_f,age_ythadult_yge25,eco_aggregate_con,2007,3.791
svn,sex_f,age_ythadult_yge25,eco_aggregate_con,2008,6.055
svn,sex_f,age_ythadult_yge25,eco_aggregate_con,2009,6.398
svn,sex_f,age_ythadult_yge25,eco_aggregate_con,2010,5.224
svn,sex_f,age_ythadult_yge25,eco_aggregate_con,2011,4.475
svn,sex_f,age_ythadult_yge25,eco_aggregate_con,2012,4.412
svn,sex_f,age_ythadult_yge25,eco_aggregate_con,2013,5.083
svn,sex_f,age_ythadult_yge25,eco_aggregate_con,2014,2.961
svn,sex_f,age_ythadult_yge25,eco_aggregate_con,2015,3.462
svn,sex_f,age_ythadult_yge25,eco_aggregate_con,2016,3.303
svn,sex_f,age_ythadult_yge25,eco_aggregate_con,2017,4.152
svn,sex_f,age_ythadult_yge25,eco_aggregate_con,2018,4.338
svn,sex_f,age_ythadult_yge25,eco_aggregate_con,2019,4.352
svn,sex_f,age_ythadult_yge25,eco_aggregate_con,2020,4.567
svn,sex_f,age_ythadult_yge25,eco_aggregate_con,2021,5.54
svn,sex_f,age_ythadult_yge25,eco_aggregate_con,2022,5.745
svn,sex_f,age_ythadult_yge25,eco_aggregate_con,2023,4.982
svn,sex_f,age_ythadult_yge25,eco_aggregate_man,1996,104.29
svn,sex_f,age_ythadult_yge25,eco_aggregate_man,1997,103.955
svn,sex_f,age_ythadult_yge25,eco_aggregate_man,1998,100.008
svn,sex_f,age_ythadult_yge25,eco_aggregate_man,1999,91.014
svn,sex_f,age_ythadult_yge25,eco_aggregate_man,2000,97.14
svn,sex_f,age_ythadult_yge25,eco_aggregate_man,2001,97.956
svn,sex_f,age_ythadult_yge25,eco_aggregate_man,2002,101.567
svn,sex_f,age_ythadult_yge25,eco_aggregate_man,2003,91.45
svn,sex_f,age_ythadult_yge25,eco_aggregate_man,2004,91.845
svn,sex_f,age_ythadult_yge25,eco_aggregate_man,2005,92.136
svn,sex_f,age_ythadult_yge25,eco_aggregate_man,2006,85.825
svn,sex_f,age_ythadult_yge25,eco_aggregate_man,2007,82.989
svn,sex_f,age_ythadult_yge25,eco_aggregate_man,2008,84.614
svn,sex_f,age_ythadult_yge25,eco_aggregate_man,2009,80.029
svn,sex_f,age_ythadult_yge25,eco_aggregate_man,2010,74.893
svn,sex_f,age_ythadult_yge25,eco_aggregate_man,2011,63.914
svn,sex_f,age_ythadult_yge25,eco_aggregate_man,2012,60.843
svn,sex_f,age_ythadult_yge25,eco_aggregate_man,2013,59.527
svn,sex_f,age_ythadult_yge25,eco_aggregate_man,2014,59.911
svn,sex_f,age_ythadult_yge25,eco_aggregate_man,2015,60.775
svn,sex_f,age_ythadult_yge25,eco_aggregate_man,2016,66.962
svn,sex_f,age_ythadult_yge25,eco_aggregate_man,2017,67.528
svn,sex_f,age_ythadult_yge25,eco_aggregate_man,2018,74.515
svn,sex_f,age_ythadult_yge25,eco_aggregate_man,2019,75.522
svn,sex_f,age_ythadult_yge25,eco_aggregate_man,2020,69.967
svn,sex_f,age_ythadult_yge25,eco_aggregate_man,2021,57.693
svn,sex_f,age_ythadult_yge25,eco_aggregate_man,2022,59.845
svn,sex_f,age_ythadult_yge25,eco_aggregate_man,2023,65.081
svn,sex_f,age_ythadult_yge25,eco_aggregate_mel,1996,2.658
svn,sex_f,age_ythadult_yge25,eco_aggregate_mel,1997,1.953
svn,sex_f,age_ythadult_yge25,eco_aggregate_mel,1998,1.932
svn,sex_f,age_ythadult_yge25,eco_aggregate_mel,1999,1.71
svn,sex_f,age_ythadult_yge25,eco_aggregate_mel,2000,2.711
svn,sex_f,age_ythadult_yge25,eco_aggregate_mel,2001,1.787
svn,sex_f,age_ythadult_yge25,eco_aggregate_mel,2002,1.64
svn,sex_f,age_ythadult_yge25,eco_aggregate_mel,2003,1.641
svn,sex_f,age_ythadult_yge25,eco_aggregate_mel,2004,1.984
svn,sex_f,age_ythadult_yge25,eco_aggregate_mel,2005,2.607
svn,sex_f,age_ythadult_yge25,eco_aggregate_mel,2006,2.722
svn,sex_f,age_ythadult_yge25,eco_aggregate_mel,2007,2.519
svn,sex_f,age_ythadult_yge25,eco_aggregate_mel,2008,3.525
svn,sex_f,age_ythadult_yge25,eco_aggregate_mel,2009,4.216
svn,sex_f,age_ythadult_yge25,eco_aggregate_mel,2010,3.124
svn,sex_f,age_ythadult_yge25,eco_aggregate_mel,2011,3.868
svn,sex_f,age_ythadult_yge25,eco_aggregate_mel,2012,4.188
svn,sex_f,age_ythadult_yge25,eco_aggregate_mel,2013,4.2
svn,sex_f,age_ythadult_yge25,eco_aggregate_mel,2014,4.241
svn,sex_f,age_ythadult_yge25,eco_aggregate_mel,2015,3.433
svn,sex_f,age_ythadult_yge25,eco_aggregate_mel,2016,3.134
svn,sex_f,age_ythadult_yge25,eco_aggregate_mel,2017,3.861
svn,sex_f,age_ythadult_yge25,eco_aggregate_mel,2018,4.149
svn,sex_f,age_ythadult_yge25,eco_aggregate_mel,2019,4.128
svn,sex_f,age_ythadult_yge25,eco_aggregate_mel,2020,4.825
svn,sex_f,age_ythadult_yge25,eco_aggregate_mel,2021,4.656
svn,sex_f,age_ythadult_yge25,eco_aggregate_mel,2022,5.139
svn,sex_f,age_ythadult_yge25,eco_aggregate_mel,2023,5.108
svn,sex_f,age_ythadult_yge25,eco_aggregate_mkt,1996,85.302
svn,sex_f,age_ythadult_yge25,eco_aggregate_mkt,1997,88.084
svn,sex_f,age_ythadult_yge25,eco_aggregate_mkt,1998,93.966
svn,sex_f,age_ythadult_yge25,eco_aggregate_mkt,1999,95.512
svn,sex_f,age_ythadult_yge25,eco_aggregate_mkt,2000,101.024
svn,sex_f,age_ythadult_yge25,eco_aggregate_mkt,2001,101.568
svn,sex_f,age_ythadult_yge25,eco_aggregate_mkt,2002,104.095
svn,sex_f,age_ythadult_yge25,eco_aggregate_mkt,2003,112.14
svn,sex_f,age_ythadult_yge25,eco_aggregate_mkt,2004,112.169
svn,sex_f,age_ythadult_yge25,eco_aggregate_mkt,2005,111.031
svn,sex_f,age_ythadult_yge25,eco_aggregate_mkt,2006,111.724
svn,sex_f,age_ythadult_yge25,eco_aggregate_mkt,2007,119.173
svn,sex_f,age_ythadult_yge25,eco_aggregate_mkt,2008,130.707
svn,sex_f,age_ythadult_yge25,eco_aggregate_mkt,2009,129.829
svn,sex_f,age_ythadult_yge25,eco_aggregate_mkt,2010,126.733
svn,sex_f,age_ythadult_yge25,eco_aggregate_mkt,2011,128.596
svn,sex_f,age_ythadult_yge25,eco_aggregate_mkt,2012,128.046
svn,sex_f,age_ythadult_yge25,eco_aggregate_mkt,2013,124.85
svn,sex_f,age_ythadult_yge25,eco_aggregate_mkt,2014,121.506
svn,sex_f,age_ythadult_yge25,eco_aggregate_mkt,2015,122.145
svn,sex_f,age_ythadult_yge25,eco_aggregate_mkt,2016,129.402
svn,sex_f,age_ythadult_yge25,eco_aggregate_mkt,2017,129.907
svn,sex_f,age_ythadult_yge25,eco_aggregate_mkt,2018,127.937
svn,sex_f,age_ythadult_yge25,eco_aggregate_mkt,2019,132.458
svn,sex_f,age_ythadult_yge25,eco_aggregate_mkt,2020,133.332
svn,sex_f,age_ythadult_yge25,eco_aggregate_mkt,2021,126.328
svn,sex_f,age_ythadult_yge25,eco_aggregate_mkt,2022,127.483
svn,sex_f,age_ythadult_yge25,eco_aggregate_mkt,2023,133.713
svn,sex_f,age_ythadult_yge25,eco_aggregate_pub,1996,99.874
svn,sex_f,age_ythadult_yge25,eco_aggregate_pub,1997,94.943
svn,sex_f,age_ythadult_yge25,eco_aggregate_pub,1998,101.834
svn,sex_f,age_ythadult_yge25,eco_aggregate_pub,1999,109.603
svn,sex_f,age_ythadult_yge25,eco_aggregate_pub,2000,114.702
svn,sex_f,age_ythadult_yge25,eco_aggregate_pub,2001,113.979
svn,sex_f,age_ythadult_yge25,eco_aggregate_pub,2002,115.927
svn,sex_f,age_ythadult_yge25,eco_aggregate_pub,2003,117.974
svn,sex_f,age_ythadult_yge25,eco_aggregate_pub,2004,124.463
svn,sex_f,age_ythadult_yge25,eco_aggregate_pub,2005,131.074
svn,sex_f,age_ythadult_yge25,eco_aggregate_pub,2006,136.911
svn,sex_f,age_ythadult_yge25,eco_aggregate_pub,2007,135.048
svn,sex_f,age_ythadult_yge25,eco_aggregate_pub,2008,135.251
svn,sex_f,age_ythadult_yge25,eco_aggregate_pub,2009,135.632
svn,sex_f,age_ythadult_yge25,eco_aggregate_pub,2010,138.009
svn,sex_f,age_ythadult_yge25,eco_aggregate_pub,2011,140.672
svn,sex_f,age_ythadult_yge25,eco_aggregate_pub,2012,145.283
svn,sex_f,age_ythadult_yge25,eco_aggregate_pub,2013,138.767
svn,sex_f,age_ythadult_yge25,eco_aggregate_pub,2014,137.4
svn,sex_f,age_ythadult_yge25,eco_aggregate_pub,2015,142.3
svn,sex_f,age_ythadult_yge25,eco_aggregate_pub,2016,147.577
svn,sex_f,age_ythadult_yge25,eco_aggregate_pub,2017,155.584
svn,sex_f,age_ythadult_yge25,eco_aggregate_pub,2018,154.116
svn,sex_f,age_ythadult_yge25,eco_aggregate_pub,2019,159.348
svn,sex_f,age_ythadult_yge25,eco_aggregate_pub,2020,165.365
svn,sex_f,age_ythadult_yge25,eco_aggregate_pub,2021,175.493
svn,sex_f,age_ythadult_yge25,eco_aggregate_pub,2022,176.141
svn,sex_f,age_ythadult_yge25,eco_aggregate_pub,2023,165.722
svn,sex_f,age_ythadult_yge25,eco_aggregate_total,1996,302.434
svn,sex_f,age_ythadult_yge25,eco_aggregate_total,1997,298.948
svn,sex_f,age_ythadult_yge25,eco_aggregate_total,1998,307.542
svn,sex_f,age_ythadult_yge25,eco_aggregate_total,1999,303.495
svn,sex_f,age_ythadult_yge25,eco_aggregate_total,2000,324.413
svn,sex_f,age_ythadult_yge25,eco_aggregate_total,2001,324.859
svn,sex_f,age_ythadult_yge25,eco_aggregate_total,2002,333.175
svn,sex_f,age_ythadult_yge25,eco_aggregate_total,2003,333.221
svn,sex_f,age_ythadult_yge25,eco_aggregate_total,2004,341.846
svn,sex_f,age_ythadult_yge25,eco_aggregate_total,2005,344.806
svn,sex_f,age_ythadult_yge25,eco_aggregate_total,2006,345.52
svn,sex_f,age_ythadult_yge25,eco_aggregate_total,2007,351.964
svn,sex_f,age_ythadult_yge25,eco_aggregate_total,2008,365.612
svn,sex_f,age_ythadult_yge25,eco_aggregate_total,2009,360.533
svn,sex_f,age_ythadult_yge25,eco_aggregate_total,2010,351.609
svn,sex_f,age_ythadult_yge25,eco_aggregate_total,2011,346.482
svn,sex_f,age_ythadult_yge25,eco_aggregate_total,2012,348.001
svn,sex_f,age_ythadult_yge25,eco_aggregate_total,2013,336.503
svn,sex_f,age_ythadult_yge25,eco_aggregate_total,2014,331.151
svn,sex_f,age_ythadult_yge25,eco_aggregate_total,2015,337.826
svn,sex_f,age_ythadult_yge25,eco_aggregate_total,2016,354.573
svn,sex_f,age_ythadult_yge25,eco_aggregate_total,2017,366.217
svn,sex_f,age_ythadult_yge25,eco_aggregate_total,2018,369.77
svn,sex_f,age_ythadult_yge25,eco_aggregate_total,2019,380.274
svn,sex_f,age_ythadult_yge25,eco_aggregate_total,2020,382.121
svn,sex_f,age_ythadult_yge25,eco_aggregate_total,2021,374.502
svn,sex_f,age_ythadult_yge25,eco_aggregate_total,2022,379.288
svn,sex_f,age_ythadult_yge25,eco_aggregate_total,2023,378.857
svn,sex_f,age_ythadult_yge25,eco_aggregate_x,1997,0.384
svn,sex_f,age_ythadult_yge25,eco_aggregate_x,1998,1.167
svn,sex_f,age_ythadult_yge25,eco_aggregate_x,2000,1.002
svn,sex_f,age_ythadult_yge25,eco_aggregate_x,2001,2.273
svn,sex_f,age_ythadult_yge25,eco_aggregate_x,2002,2.186
svn,sex_f,age_ythadult_yge25,eco_aggregate_x,2003,1.686
svn,sex_f,age_ythadult_yge25,eco_aggregate_x,2004,2.416
svn,sex_f,age_ythadult_yge25,eco_aggregate_x,2005,1.08
svn,sex_f,age_ythadult_yge25,eco_aggregate_x,2006,1.544
svn,sex_f,age_ythadult_yge25,eco_aggregate_x,2007,3.457
svn,sex_f,age_ythadult_yge25,eco_aggregate_x,2008,1.517
svn,sex_f,age_ythadult_yge25,eco_aggregate_x,2009,1.396
svn,sex_f,age_ythadult_yge25,eco_aggregate_x,2010,0.861
svn,sex_f,age_ythadult_yge25,eco_aggregate_x,2011,1.998
svn,sex_f,age_ythadult_yge25,eco_aggregate_x,2012,2.169
svn,sex_f,age_ythadult_yge25,eco_aggregate_x,2013,1.44
svn,sex_f,age_ythadult_yge25,eco_aggregate_x,2014,2.117
svn,sex_f,age_ythadult_yge25,eco_aggregate_x,2015,3.364
svn,sex_f,age_ythadult_yge25,eco_aggregate_x,2016,1.848
svn,sex_f,age_ythadult_yge25,eco_aggregate_x,2017,2.016
svn,sex_f,age_ythadult_yge25,eco_aggregate_x,2018,2.034
svn,sex_f,age_ythadult_yge25,eco_aggregate_x,2019,1.604
svn,sex_f,age_ythadult_yge25,eco_aggregate_x,2020,1.317
svn,sex_f,age_ythadult_yge25,eco_aggregate_x,2021,1.446
svn,sex_f,age_ythadult_yge25,eco_aggregate_x,2022,1.151
svn,sex_f,age_ythadult_yge25,eco_aggregate_x,2023,1.464
svn,sex_f,age_ythadult_yge25,eco_isic3_a,1996,4.679
svn,sex_f,age_ythadult_yge25,eco_isic3_a,1997,4.191
svn,sex_f,age_ythadult_yge25,eco_isic3_a,1998,4.027
svn,sex_f,age_ythadult_yge25,eco_isic3_a,1999,2.027
svn,sex_f,age_ythadult_yge25,eco_isic3_a,2000,3.312
svn,sex_f,age_ythadult_yge25,eco_isic3_a,2001,1.905
svn,sex_f,age_ythadult_yge25,eco_isic3_a,2002,3.281
svn,sex_f,age_ythadult_yge25,eco_isic3_a,2003,3.73
svn,sex_f,age_ythadult_yge25,eco_isic3_a,2004,4.707
svn,sex_f,age_ythadult_yge25,eco_isic3_a,2005,3.312
svn,sex_f,age_ythadult_yge25,eco_isic3_a,2006,2.929
svn,sex_f,age_ythadult_yge25,eco_isic3_a,2007,4.916
svn,sex_f,age_ythadult_yge25,eco_isic3_c,1996,0.836
svn,sex_f,age_ythadult_yge25,eco_isic3_c,2000,1.028
svn,sex_f,age_ythadult_yge25,eco_isic3_c,2004,0.965
svn,sex_f,age_ythadult_yge25,eco_isic3_c,2005,0.828
svn,sex_f,age_ythadult_yge25,eco_isic3_c,2006,0.667
svn,sex_f,age_ythadult_yge25,eco_isic3_c,2007,0.467
svn,sex_f,age_ythadult_yge25,eco_isic3_d,1996,104.29
svn,sex_f,age_ythadult_yge25,eco_isic3_d,1997,103.955
svn,sex_f,age_ythadult_yge25,eco_isic3_d,1998,100.008
svn,sex_f,age_ythadult_yge25,eco_isic3_d,1999,91.014
svn,sex_f,age_ythadult_yge25,eco_isic3_d,2000,97.14
svn,sex_f,age_ythadult_yge25,eco_isic3_d,2001,97.956
svn,sex_f,age_ythadult_yge25,eco_isic3_d,2002,101.567
svn,sex_f,age_ythadult_yge25,eco_isic3_d,2003,91.45
svn,sex_f,age_ythadult_yge25,eco_isic3_d,2004,91.845
svn,sex_f,age_ythadult_yge25,eco_isic3_d,2005,92.136
svn,sex_f,age_ythadult_yge25,eco_isic3_d,2006,85.825
svn,sex_f,age_ythadult_yge25,eco_isic3_d,2007,82.989
svn,sex_f,age_ythadult_yge25,eco_isic3_e,1996,1.822
svn,sex_f,age_ythadult_yge25,eco_isic3_e,1997,1.477
svn,sex_f,age_ythadult_yge25,eco_isic3_e,1998,1.41
svn,sex_f,age_ythadult_yge25,eco_isic3_e,1999,1.468
svn,sex_f,age_ythadult_yge25,eco_isic3_e,2000,1.683
svn,sex_f,age_ythadult_yge25,eco_isic3_e,2001,1.246
svn,sex_f,age_ythadult_yge25,eco_isic3_e,2002,1.5
svn,sex_f,age_ythadult_yge25,eco_isic3_e,2003,1.41
svn,sex_f,age_ythadult_yge25,eco_isic3_e,2004,1.019
svn,sex_f,age_ythadult_yge25,eco_isic3_e,2005,1.78
svn,sex_f,age_ythadult_yge25,eco_isic3_e,2006,2.054
svn,sex_f,age_ythadult_yge25,eco_isic3_e,2007,2.051
svn,sex_f,age_ythadult_yge25,eco_isic3_f,1996,5.172
svn,sex_f,age_ythadult_yge25,eco_isic3_f,1997,5.438
svn,sex_f,age_ythadult_yge25,eco_isic3_f,1998,4.531
svn,sex_f,age_ythadult_yge25,eco_isic3_f,1999,3.078
svn,sex_f,age_ythadult_yge25,eco_isic3_f,2000,4.522
svn,sex_f,age_ythadult_yge25,eco_isic3_f,2001,5.391
svn,sex_f,age_ythadult_yge25,eco_isic3_f,2002,4.48
svn,sex_f,age_ythadult_yge25,eco_isic3_f,2003,4.6
svn,sex_f,age_ythadult_yge25,eco_isic3_f,2004,4.184
svn,sex_f,age_ythadult_yge25,eco_isic3_f,2005,3.555
svn,sex_f,age_ythadult_yge25,eco_isic3_f,2006,3.812
svn,sex_f,age_ythadult_yge25,eco_isic3_f,2007,3.791
svn,sex_f,age_ythadult_yge25,eco_isic3_g,1996,40.002
svn,sex_f,age_ythadult_yge25,eco_isic3_g,1997,39.034
svn,sex_f,age_ythadult_yge25,eco_isic3_g,1998,42.333
svn,sex_f,age_ythadult_yge25,eco_isic3_g,1999,43.127
svn,sex_f,age_ythadult_yge25,eco_isic3_g,2000,48.849
svn,sex_f,age_ythadult_yge25,eco_isic3_g,2001,46.588
svn,sex_f,age_ythadult_yge25,eco_isic3_g,2002,50.385
svn,sex_f,age_ythadult_yge25,eco_isic3_g,2003,53.411
svn,sex_f,age_ythadult_yge25,eco_isic3_g,2004,51.907
svn,sex_f,age_ythadult_yge25,eco_isic3_g,2005,48.769
svn,sex_f,age_ythadult_yge25,eco_isic3_g,2006,50.709
svn,sex_f,age_ythadult_yge25,eco_isic3_g,2007,51.607
svn,sex_f,age_ythadult_yge25,eco_isic3_h,1996,13.082
svn,sex_f,age_ythadult_yge25,eco_isic3_h,1997,14.873
svn,sex_f,age_ythadult_yge25,eco_isic3_h,1998,14.532
svn,sex_f,age_ythadult_yge25,eco_isic3_h,1999,11.351
svn,sex_f,age_ythadult_yge25,eco_isic3_h,2000,12.315
svn,sex_f,age_ythadult_yge25,eco_isic3_h,2001,14.121
svn,sex_f,age_ythadult_yge25,eco_isic3_h,2002,15.91
svn,sex_f,age_ythadult_yge25,eco_isic3_h,2003,14.95
svn,sex_f,age_ythadult_yge25,eco_isic3_h,2004,15.459
svn,sex_f,age_ythadult_yge25,eco_isic3_h,2005,16.764
svn,sex_f,age_ythadult_yge25,eco_isic3_h,2006,16.752
svn,sex_f,age_ythadult_yge25,eco_isic3_h,2007,17.765
svn,sex_f,age_ythadult_yge25,eco_isic3_i,1996,8.213
svn,sex_f,age_ythadult_yge25,eco_isic3_i,1997,7.91
svn,sex_f,age_ythadult_yge25,eco_isic3_i,1998,10.35
svn,sex_f,age_ythadult_yge25,eco_isic3_i,1999,10.126
svn,sex_f,age_ythadult_yge25,eco_isic3_i,2000,12.11
svn,sex_f,age_ythadult_yge25,eco_isic3_i,2001,11.838
svn,sex_f,age_ythadult_yge25,eco_isic3_i,2002,10.703
svn,sex_f,age_ythadult_yge25,eco_isic3_i,2003,11.281
svn,sex_f,age_ythadult_yge25,eco_isic3_i,2004,11.549
svn,sex_f,age_ythadult_yge25,eco_isic3_i,2005,10.604
svn,sex_f,age_ythadult_yge25,eco_isic3_i,2006,10.642
svn,sex_f,age_ythadult_yge25,eco_isic3_i,2007,11.026
svn,sex_f,age_ythadult_yge25,eco_isic3_j,1996,12.364
svn,sex_f,age_ythadult_yge25,eco_isic3_j,1997,12.28
svn,sex_f,age_ythadult_yge25,eco_isic3_j,1998,11.487
svn,sex_f,age_ythadult_yge25,eco_isic3_j,1999,13.923
svn,sex_f,age_ythadult_yge25,eco_isic3_j,2000,13.72
svn,sex_f,age_ythadult_yge25,eco_isic3_j,2001,14.319
svn,sex_f,age_ythadult_yge25,eco_isic3_j,2002,12.091
svn,sex_f,age_ythadult_yge25,eco_isic3_j,2003,14.387
svn,sex_f,age_ythadult_yge25,eco_isic3_j,2004,13.246
svn,sex_f,age_ythadult_yge25,eco_isic3_j,2005,13.662
svn,sex_f,age_ythadult_yge25,eco_isic3_j,2006,13.059
svn,sex_f,age_ythadult_yge25,eco_isic3_j,2007,15.284
svn,sex_f,age_ythadult_yge25,eco_isic3_k,1996,11.64
svn,sex_f,age_ythadult_yge25,eco_isic3_k,1997,13.987
svn,sex_f,age_ythadult_yge25,eco_isic3_k,1998,15.264
svn,sex_f,age_ythadult_yge25,eco_isic3_k,1999,16.986
svn,sex_f,age_ythadult_yge25,eco_isic3_k,2000,14.029
svn,sex_f,age_ythadult_yge25,eco_isic3_k,2001,14.702
svn,sex_f,age_ythadult_yge25,eco_isic3_k,2002,15.005
svn,sex_f,age_ythadult_yge25,eco_isic3_k,2003,18.111
svn,sex_f,age_ythadult_yge25,eco_isic3_k,2004,20.008
svn,sex_f,age_ythadult_yge25,eco_isic3_k,2005,21.232
svn,sex_f,age_ythadult_yge25,eco_isic3_k,2006,20.563
svn,sex_f,age_ythadult_yge25,eco_isic3_k,2007,23.491
svn,sex_f,age_ythadult_yge25,eco_isic3_l,1996,18.244
svn,sex_f,age_ythadult_yge25,eco_isic3_l,1997,16.648
svn,sex_f,age_ythadult_yge25,eco_isic3_l,1998,19.515
svn,sex_f,age_ythadult_yge25,eco_isic3_l,1999,21.192
svn,sex_f,age_ythadult_yge25,eco_isic3_l,2000,23.984
svn,sex_f,age_ythadult_yge25,eco_isic3_l,2001,23.41
svn,sex_f,age_ythadult_yge25,eco_isic3_l,2002,23.432
svn,sex_f,age_ythadult_yge25,eco_isic3_l,2003,25.102
svn,sex_f,age_ythadult_yge25,eco_isic3_l,2004,27.124
svn,sex_f,age_ythadult_yge25,eco_isic3_l,2005,27.211
svn,sex_f,age_ythadult_yge25,eco_isic3_l,2006,27.226
svn,sex_f,age_ythadult_yge25,eco_isic3_l,2007,24.725
svn,sex_f,age_ythadult_yge25,eco_isic3_m,1996,40.542
svn,sex_f,age_ythadult_yge25,eco_isic3_m,1997,38.358
svn,sex_f,age_ythadult_yge25,eco_isic3_m,1998,42.709
svn,sex_f,age_ythadult_yge25,eco_isic3_m,1999,42.574
svn,sex_f,age_ythadult_yge25,eco_isic3_m,2000,43.932
svn,sex_f,age_ythadult_yge25,eco_isic3_m,2001,45.079
svn,sex_f,age_ythadult_yge25,eco_isic3_m,2002,45.431
svn,sex_f,age_ythadult_yge25,eco_isic3_m,2003,44.365
svn,sex_f,age_ythadult_yge25,eco_isic3_m,2004,46.388
svn,sex_f,age_ythadult_yge25,eco_isic3_m,2005,53.185
svn,sex_f,age_ythadult_yge25,eco_isic3_m,2006,56.091
svn,sex_f,age_ythadult_yge25,eco_isic3_m,2007,56.432
svn,sex_f,age_ythadult_yge25,eco_isic3_n,1996,30.806
svn,sex_f,age_ythadult_yge25,eco_isic3_n,1997,28.074
svn,sex_f,age_ythadult_yge25,eco_isic3_n,1998,29.04
svn,sex_f,age_ythadult_yge25,eco_isic3_n,1999,32.534
svn,sex_f,age_ythadult_yge25,eco_isic3_n,2000,34.52
svn,sex_f,age_ythadult_yge25,eco_isic3_n,2001,33.795
svn,sex_f,age_ythadult_yge25,eco_isic3_n,2002,36.497
svn,sex_f,age_ythadult_yge25,eco_isic3_n,2003,34.947
svn,sex_f,age_ythadult_yge25,eco_isic3_n,2004,37.415
svn,sex_f,age_ythadult_yge25,eco_isic3_n,2005,37.969
svn,sex_f,age_ythadult_yge25,eco_isic3_n,2006,41.012
svn,sex_f,age_ythadult_yge25,eco_isic3_n,2007,41.43
svn,sex_f,age_ythadult_yge25,eco_isic3_o,1996,9.844
svn,sex_f,age_ythadult_yge25,eco_isic3_o,1997,10.707
svn,sex_f,age_ythadult_yge25,eco_isic3_o,1998,10.139
svn,sex_f,age_ythadult_yge25,eco_isic3_o,1999,12.922
svn,sex_f,age_ythadult_yge25,eco_isic3_o,2000,12.074
svn,sex_f,age_ythadult_yge25,eco_isic3_o,2001,10.972
svn,sex_f,age_ythadult_yge25,eco_isic3_o,2002,10.321
svn,sex_f,age_ythadult_yge25,eco_isic3_o,2003,13.374
svn,sex_f,age_ythadult_yge25,eco_isic3_o,2004,13.125
svn,sex_f,age_ythadult_yge25,eco_isic3_o,2005,12.271
svn,sex_f,age_ythadult_yge25,eco_isic3_o,2006,11.963
svn,sex_f,age_ythadult_yge25,eco_isic3_o,2007,12.015
svn,sex_f,age_ythadult_yge25,eco_isic3_p,1996,0.438
svn,sex_f,age_ythadult_yge25,eco_isic3_p,1997,1.156
svn,sex_f,age_ythadult_yge25,eco_isic3_p,1999,0.382
svn,sex_f,age_ythadult_yge25,eco_isic3_p,2005,0.438
svn,sex_f,age_ythadult_yge25,eco_isic3_p,2006,0.619
svn,sex_f,age_ythadult_yge25,eco_isic3_p,2007,0.426
svn,sex_f,age_ythadult_yge25,eco_isic3_total,1996,302.434
svn,sex_f,age_ythadult_yge25,eco_isic3_total,1997,298.948
svn,sex_f,age_ythadult_yge25,eco_isic3_total,1998,307.542
svn,sex_f,age_ythadult_yge25,eco_isic3_total,1999,303.495
svn,sex_f,age_ythadult_yge25,eco_isic3_total,2000,324.413
svn,sex_f,age_ythadult_yge25,eco_isic3_total,2001,324.859
svn,sex_f,age_ythadult_yge25,eco_isic3_total,2002,333.175
svn,sex_f,age_ythadult_yge25,eco_isic3_total,2003,333.221
svn,sex_f,age_ythadult_yge25,eco_isic3_total,2004,341.846
svn,sex_f,age_ythadult_yge25,eco_isic3_total,2005,344.806
svn,sex_f,age_ythadult_yge25,eco_isic3_total,2006,345.52
svn,sex_f,age_ythadult_yge25,eco_isic3_total,2007,351.964
svn,sex_f,age_ythadult_yge25,eco_isic3_x,1997,0.384
svn,sex_f,age_ythadult_yge25,eco_isic3_x,1998,1.167
svn,sex_f,age_ythadult_yge25,eco_isic3_x,2000,1.002
svn,sex_f,age_ythadult_yge25,eco_isic3_x,2001,2.273
svn,sex_f,age_ythadult_yge25,eco_isic3_x,2002,2.186
svn,sex_f,age_ythadult_yge25,eco_isic3_x,2003,1.686
svn,sex_f,age_ythadult_yge25,eco_isic3_x,2004,2.416
svn,sex_f,age_ythadult_yge25,eco_isic3_x,2005,1.08
svn,sex_f,age_ythadult_yge25,eco_isic3_x,2006,1.544
svn,sex_f,age_ythadult_yge25,eco_isic3_x,2007,3.457
svn,sex_f,age_ythadult_yge25,eco_isic4_a,2008,3.943
svn,sex_f,age_ythadult_yge25,eco_isic4_a,2009,3.032
svn,sex_f,age_ythadult_yge25,eco_isic4_a,2010,2.765
svn,sex_f,age_ythadult_yge25,eco_isic4_a,2011,2.959
svn,sex_f,age_ythadult_yge25,eco_isic4_a,2012,3.061
svn,sex_f,age_ythadult_yge25,eco_isic4_a,2013,2.636
svn,sex_f,age_ythadult_yge25,eco_isic4_a,2014,3.015
svn,sex_f,age_ythadult_yge25,eco_isic4_a,2015,2.348
svn,sex_f,age_ythadult_yge25,eco_isic4_a,2016,2.347
svn,sex_f,age_ythadult_yge25,eco_isic4_a,2017,3.168
svn,sex_f,age_ythadult_yge25,eco_isic4_a,2018,2.682
svn,sex_f,age_ythadult_yge25,eco_isic4_a,2019,2.862
svn,sex_f,age_ythadult_yge25,eco_isic4_a,2020,2.747
svn,sex_f,age_ythadult_yge25,eco_isic4_a,2021,3.346
svn,sex_f,age_ythadult_yge25,eco_isic4_a,2022,3.784
svn,sex_f,age_ythadult_yge25,eco_isic4_a,2023,2.786
svn,sex_f,age_ythadult_yge25,eco_isic4_b,2008,0.342
svn,sex_f,age_ythadult_yge25,eco_isic4_b,2009,0.692
svn,sex_f,age_ythadult_yge25,eco_isic4_b,2010,0.365
svn,sex_f,age_ythadult_yge25,eco_isic4_b,2011,0.341
svn,sex_f,age_ythadult_yge25,eco_isic4_b,2012,0.32
svn,sex_f,age_ythadult_yge25,eco_isic4_b,2013,0.359
svn,sex_f,age_ythadult_yge25,eco_isic4_b,2014,0.142
svn,sex_f,age_ythadult_yge25,eco_isic4_b,2015,0.082
svn,sex_f,age_ythadult_yge25,eco_isic4_b,2016,0.216
svn,sex_f,age_ythadult_yge25,eco_isic4_b,2017,0.354
svn,sex_f,age_ythadult_yge25,eco_isic4_b,2018,0.401
svn,sex_f,age_ythadult_yge25,eco_isic4_b,2019,0.357
svn,sex_f,age_ythadult_yge25,eco_isic4_b,2020,0.492
svn,sex_f,age_ythadult_yge25,eco_isic4_b,2021,0.178
svn,sex_f,age_ythadult_yge25,eco_isic4_b,2023,0.183
svn,sex_f,age_ythadult_yge25,eco_isic4_c,2008,84.614
svn,sex_f,age_ythadult_yge25,eco_isic4_c,2009,80.029
svn,sex_f,age_ythadult_yge25,eco_isic4_c,2010,74.893
svn,sex_f,age_ythadult_yge25,eco_isic4_c,2011,63.914
svn,sex_f,age_ythadult_yge25,eco_isic4_c,2012,60.843
svn,sex_f,age_ythadult_yge25,eco_isic4_c,2013,59.527
svn,sex_f,age_ythadult_yge25,eco_isic4_c,2014,59.911
svn,sex_f,age_ythadult_yge25,eco_isic4_c,2015,60.775
svn,sex_f,age_ythadult_yge25,eco_isic4_c,2016,66.962
svn,sex_f,age_ythadult_yge25,eco_isic4_c,2017,67.528
svn,sex_f,age_ythadult_yge25,eco_isic4_c,2018,74.515
svn,sex_f,age_ythadult_yge25,eco_isic4_c,2019,75.522
svn,sex_f,age_ythadult_yge25,eco_isic4_c,2020,69.967
svn,sex_f,age_ythadult_yge25,eco_isic4_c,2021,57.693
svn,sex_f,age_ythadult_yge25,eco_isic4_c,2022,59.845
svn,sex_f,age_ythadult_yge25,eco_isic4_c,2023,65.081
svn,sex_f,age_ythadult_yge25,eco_isic4_d,2008,1.475
svn,sex_f,age_ythadult_yge25,eco_isic4_d,2009,0.906
svn,sex_f,age_ythadult_yge25,eco_isic4_d,2010,0.967
svn,sex_f,age_ythadult_yge25,eco_isic4_d,2011,1.925
svn,sex_f,age_ythadult_yge25,eco_isic4_d,2012,1.667
svn,sex_f,age_ythadult_yge25,eco_isic4_d,2013,1.802
svn,sex_f,age_ythadult_yge25,eco_isic4_d,2014,2.397
svn,sex_f,age_ythadult_yge25,eco_isic4_d,2015,1.815
svn,sex_f,age_ythadult_yge25,eco_isic4_d,2016,1.369
svn,sex_f,age_ythadult_yge25,eco_isic4_d,2017,1.641
svn,sex_f,age_ythadult_yge25,eco_isic4_d,2018,1.629
svn,sex_f,age_ythadult_yge25,eco_isic4_d,2019,1.952
svn,sex_f,age_ythadult_yge25,eco_isic4_d,2020,2.184
svn,sex_f,age_ythadult_yge25,eco_isic4_d,2021,1.7
svn,sex_f,age_ythadult_yge25,eco_isic4_d,2022,1.502
svn,sex_f,age_ythadult_yge25,eco_isic4_d,2023,1.901
svn,sex_f,age_ythadult_yge25,eco_isic4_e,2008,1.708
svn,sex_f,age_ythadult_yge25,eco_isic4_e,2009,2.618
svn,sex_f,age_ythadult_yge25,eco_isic4_e,2010,1.792
svn,sex_f,age_ythadult_yge25,eco_isic4_e,2011,1.603
svn,sex_f,age_ythadult_yge25,eco_isic4_e,2012,2.201
svn,sex_f,age_ythadult_yge25,eco_isic4_e,2013,2.039
svn,sex_f,age_ythadult_yge25,eco_isic4_e,2014,1.703
svn,sex_f,age_ythadult_yge25,eco_isic4_e,2015,1.535
svn,sex_f,age_ythadult_yge25,eco_isic4_e,2016,1.55
svn,sex_f,age_ythadult_yge25,eco_isic4_e,2017,1.866
svn,sex_f,age_ythadult_yge25,eco_isic4_e,2018,2.119
svn,sex_f,age_ythadult_yge25,eco_isic4_e,2019,1.819
svn,sex_f,age_ythadult_yge25,eco_isic4_e,2020,2.149
svn,sex_f,age_ythadult_yge25,eco_isic4_e,2021,2.778
svn,sex_f,age_ythadult_yge25,eco_isic4_e,2022,3.538
svn,sex_f,age_ythadult_yge25,eco_isic4_e,2023,3.024
svn,sex_f,age_ythadult_yge25,eco_isic4_f,2008,6.055
svn,sex_f,age_ythadult_yge25,eco_isic4_f,2009,6.398
svn,sex_f,age_ythadult_yge25,eco_isic4_f,2010,5.224
svn,sex_f,age_ythadult_yge25,eco_isic4_f,2011,4.475
svn,sex_f,age_ythadult_yge25,eco_isic4_f,2012,4.412
svn,sex_f,age_ythadult_yge25,eco_isic4_f,2013,5.083
svn,sex_f,age_ythadult_yge25,eco_isic4_f,2014,2.961
svn,sex_f,age_ythadult_yge25,eco_isic4_f,2015,3.462
svn,sex_f,age_ythadult_yge25,eco_isic4_f,2016,3.303
svn,sex_f,age_ythadult_yge25,eco_isic4_f,2017,4.152
svn,sex_f,age_ythadult_yge25,eco_isic4_f,2018,4.338
svn,sex_f,age_ythadult_yge25,eco_isic4_f,2019,4.352
svn,sex_f,age_ythadult_yge25,eco_isic4_f,2020,4.567
svn,sex_f,age_ythadult_yge25,eco_isic4_f,2021,5.54
svn,sex_f,age_ythadult_yge25,eco_isic4_f,2022,5.745
svn,sex_f,age_ythadult_yge25,eco_isic4_f,2023,4.982
svn,sex_f,age_ythadult_yge25,eco_isic4_g,2008,54.699
svn,sex_f,age_ythadult_yge25,eco_isic4_g,2009,54.301
svn,sex_f,age_ythadult_yge25,eco_isic4_g,2010,51.856
svn,sex_f,age_ythadult_yge25,eco_isic4_g,2011,50.602
svn,sex_f,age_ythadult_yge25,eco_isic4_g,2012,48.937
svn,sex_f,age_ythadult_yge25,eco_isic4_g,2013,49.944
svn,sex_f,age_ythadult_yge25,eco_isic4_g,2014,47.28
svn,sex_f,age_ythadult_yge25,eco_isic4_g,2015,47.977
svn,sex_f,age_ythadult_yge25,eco_isic4_g,2016,54.394
svn,sex_f,age_ythadult_yge25,eco_isic4_g,2017,52.487
svn,sex_f,age_ythadult_yge25,eco_isic4_g,2018,52.704
svn,sex_f,age_ythadult_yge25,eco_isic4_g,2019,55.592
svn,sex_f,age_ythadult_yge25,eco_isic4_g,2020,52.613
svn,sex_f,age_ythadult_yge25,eco_isic4_g,2021,49.369
svn,sex_f,age_ythadult_yge25,eco_isic4_g,2022,48.392
svn,sex_f,age_ythadult_yge25,eco_isic4_g,2023,52.991
svn,sex_f,age_ythadult_yge25,eco_isic4_h,2008,10.078
svn,sex_f,age_ythadult_yge25,eco_isic4_h,2009,11.203
svn,sex_f,age_ythadult_yge25,eco_isic4_h,2010,8.676
svn,sex_f,age_ythadult_yge25,eco_isic4_h,2011,8.966
svn,sex_f,age_ythadult_yge25,eco_isic4_h,2012,7.597
svn,sex_f,age_ythadult_yge25,eco_isic4_h,2013,7.946
svn,sex_f,age_ythadult_yge25,eco_isic4_h,2014,6.051
svn,sex_f,age_ythadult_yge25,eco_isic4_h,2015,7.151
svn,sex_f,age_ythadult_yge25,eco_isic4_h,2016,8.368
svn,sex_f,age_ythadult_yge25,eco_isic4_h,2017,7.865
svn,sex_f,age_ythadult_yge25,eco_isic4_h,2018,10.882
svn,sex_f,age_ythadult_yge25,eco_isic4_h,2019,10.012
svn,sex_f,age_ythadult_yge25,eco_isic4_h,2020,7.418
svn,sex_f,age_ythadult_yge25,eco_isic4_h,2021,8.716
svn,sex_f,age_ythadult_yge25,eco_isic4_h,2022,8.168
svn,sex_f,age_ythadult_yge25,eco_isic4_h,2023,8.572
svn,sex_f,age_ythadult_yge25,eco_isic4_i,2008,16.192
svn,sex_f,age_ythadult_yge25,eco_isic4_i,2009,15.031
svn,sex_f,age_ythadult_yge25,eco_isic4_i,2010,17.362
svn,sex_f,age_ythadult_yge25,eco_isic4_i,2011,19.394
svn,sex_f,age_ythadult_yge25,eco_isic4_i,2012,17.773
svn,sex_f,age_ythadult_yge25,eco_isic4_i,2013,17.784
svn,sex_f,age_ythadult_yge25,eco_isic4_i,2014,18.138
svn,sex_f,age_ythadult_yge25,eco_isic4_i,2015,17.845
svn,sex_f,age_ythadult_yge25,eco_isic4_i,2016,17.919
svn,sex_f,age_ythadult_yge25,eco_isic4_i,2017,20.54
svn,sex_f,age_ythadult_yge25,eco_isic4_i,2018,18.539
svn,sex_f,age_ythadult_yge25,eco_isic4_i,2019,18.358
svn,sex_f,age_ythadult_yge25,eco_isic4_i,2020,16.679
svn,sex_f,age_ythadult_yge25,eco_isic4_i,2021,11.452
svn,sex_f,age_ythadult_yge25,eco_isic4_i,2022,16.566
svn,sex_f,age_ythadult_yge25,eco_isic4_i,2023,17.304
svn,sex_f,age_ythadult_yge25,eco_isic4_j,2008,7.918
svn,sex_f,age_ythadult_yge25,eco_isic4_j,2009,7.035
svn,sex_f,age_ythadult_yge25,eco_isic4_j,2010,9.279
svn,sex_f,age_ythadult_yge25,eco_isic4_j,2011,8.967
svn,sex_f,age_ythadult_yge25,eco_isic4_j,2012,7.476
svn,sex_f,age_ythadult_yge25,eco_isic4_j,2013,7.558
svn,sex_f,age_ythadult_yge25,eco_isic4_j,2014,9.188
svn,sex_f,age_ythadult_yge25,eco_isic4_j,2015,10.361
svn,sex_f,age_ythadult_yge25,eco_isic4_j,2016,9.583
svn,sex_f,age_ythadult_yge25,eco_isic4_j,2017,7.995
svn,sex_f,age_ythadult_yge25,eco_isic4_j,2018,8.159
svn,sex_f,age_ythadult_yge25,eco_isic4_j,2019,9.947
svn,sex_f,age_ythadult_yge25,eco_isic4_j,2020,10.639
svn,sex_f,age_ythadult_yge25,eco_isic4_j,2021,9.473
svn,sex_f,age_ythadult_yge25,eco_isic4_j,2022,9.446
svn,sex_f,age_ythadult_yge25,eco_isic4_j,2023,8.976
svn,sex_f,age_ythadult_yge25,eco_isic4_k,2008,15.304
svn,sex_f,age_ythadult_yge25,eco_isic4_k,2009,16.595
svn,sex_f,age_ythadult_yge25,eco_isic4_k,2010,16.081
svn,sex_f,age_ythadult_yge25,eco_isic4_k,2011,16.562
svn,sex_f,age_ythadult_yge25,eco_isic4_k,2012,19.1
svn,sex_f,age_ythadult_yge25,eco_isic4_k,2013,14.909
svn,sex_f,age_ythadult_yge25,eco_isic4_k,2014,14.251
svn,sex_f,age_ythadult_yge25,eco_isic4_k,2015,15.04
svn,sex_f,age_ythadult_yge25,eco_isic4_k,2016,13.169
svn,sex_f,age_ythadult_yge25,eco_isic4_k,2017,12.867
svn,sex_f,age_ythadult_yge25,eco_isic4_k,2018,13.143
svn,sex_f,age_ythadult_yge25,eco_isic4_k,2019,14.966
svn,sex_f,age_ythadult_yge25,eco_isic4_k,2020,17.057
svn,sex_f,age_ythadult_yge25,eco_isic4_k,2021,12.198
svn,sex_f,age_ythadult_yge25,eco_isic4_k,2022,11.377
svn,sex_f,age_ythadult_yge25,eco_isic4_k,2023,11.605
svn,sex_f,age_ythadult_yge25,eco_isic4_l,2008,1.259
svn,sex_f,age_ythadult_yge25,eco_isic4_l,2009,1.104
svn,sex_f,age_ythadult_yge25,eco_isic4_l,2010,0.973
svn,sex_f,age_ythadult_yge25,eco_isic4_l,2011,1.127
svn,sex_f,age_ythadult_yge25,eco_isic4_l,2012,0.83
svn,sex_f,age_ythadult_yge25,eco_isic4_l,2013,1.396
svn,sex_f,age_ythadult_yge25,eco_isic4_l,2014,1.392
svn,sex_f,age_ythadult_yge25,eco_isic4_l,2015,0.813
svn,sex_f,age_ythadult_yge25,eco_isic4_l,2016,0.56
svn,sex_f,age_ythadult_yge25,eco_isic4_l,2017,1.018
svn,sex_f,age_ythadult_yge25,eco_isic4_l,2018,1.427
svn,sex_f,age_ythadult_yge25,eco_isic4_l,2019,0.702
svn,sex_f,age_ythadult_yge25,eco_isic4_l,2020,0.947
svn,sex_f,age_ythadult_yge25,eco_isic4_l,2021,1.511
svn,sex_f,age_ythadult_yge25,eco_isic4_l,2022,1.256
svn,sex_f,age_ythadult_yge25,eco_isic4_l,2023,0.959
svn,sex_f,age_ythadult_yge25,eco_isic4_m,2008,15.456
svn,sex_f,age_ythadult_yge25,eco_isic4_m,2009,15.186
svn,sex_f,age_ythadult_yge25,eco_isic4_m,2010,13.509
svn,sex_f,age_ythadult_yge25,eco_isic4_m,2011,14.789
svn,sex_f,age_ythadult_yge25,eco_isic4_m,2012,16.556
svn,sex_f,age_ythadult_yge25,eco_isic4_m,2013,15.444
svn,sex_f,age_ythadult_yge25,eco_isic4_m,2014,15.134
svn,sex_f,age_ythadult_yge25,eco_isic4_m,2015,14.234
svn,sex_f,age_ythadult_yge25,eco_isic4_m,2016,15.873
svn,sex_f,age_ythadult_yge25,eco_isic4_m,2017,16.314
svn,sex_f,age_ythadult_yge25,eco_isic4_m,2018,13.655
svn,sex_f,age_ythadult_yge25,eco_isic4_m,2019,13.885
svn,sex_f,age_ythadult_yge25,eco_isic4_m,2020,16.631
svn,sex_f,age_ythadult_yge25,eco_isic4_m,2021,23.04
svn,sex_f,age_ythadult_yge25,eco_isic4_m,2022,20.948
svn,sex_f,age_ythadult_yge25,eco_isic4_m,2023,18.251
svn,sex_f,age_ythadult_yge25,eco_isic4_n,2008,9.801
svn,sex_f,age_ythadult_yge25,eco_isic4_n,2009,9.375
svn,sex_f,age_ythadult_yge25,eco_isic4_n,2010,8.997
svn,sex_f,age_ythadult_yge25,eco_isic4_n,2011,8.188
svn,sex_f,age_ythadult_yge25,eco_isic4_n,2012,9.778
svn,sex_f,age_ythadult_yge25,eco_isic4_n,2013,9.87
svn,sex_f,age_ythadult_yge25,eco_isic4_n,2014,10.072
svn,sex_f,age_ythadult_yge25,eco_isic4_n,2015,8.724
svn,sex_f,age_ythadult_yge25,eco_isic4_n,2016,9.536
svn,sex_f,age_ythadult_yge25,eco_isic4_n,2017,10.822
svn,sex_f,age_ythadult_yge25,eco_isic4_n,2018,9.427
svn,sex_f,age_ythadult_yge25,eco_isic4_n,2019,8.996
svn,sex_f,age_ythadult_yge25,eco_isic4_n,2020,11.348
svn,sex_f,age_ythadult_yge25,eco_isic4_n,2021,10.569
svn,sex_f,age_ythadult_yge25,eco_isic4_n,2022,11.33
svn,sex_f,age_ythadult_yge25,eco_isic4_n,2023,15.057
svn,sex_f,age_ythadult_yge25,eco_isic4_o,2008,27.138
svn,sex_f,age_ythadult_yge25,eco_isic4_o,2009,30.409
svn,sex_f,age_ythadult_yge25,eco_isic4_o,2010,27.384
svn,sex_f,age_ythadult_yge25,eco_isic4_o,2011,28.292
svn,sex_f,age_ythadult_yge25,eco_isic4_o,2012,31.38
svn,sex_f,age_ythadult_yge25,eco_isic4_o,2013,26.89
svn,sex_f,age_ythadult_yge25,eco_isic4_o,2014,28.392
svn,sex_f,age_ythadult_yge25,eco_isic4_o,2015,26.201
svn,sex_f,age_ythadult_yge25,eco_isic4_o,2016,29.903
svn,sex_f,age_ythadult_yge25,eco_isic4_o,2017,32.607
svn,sex_f,age_ythadult_yge25,eco_isic4_o,2018,31.563
svn,sex_f,age_ythadult_yge25,eco_isic4_o,2019,30.875
svn,sex_f,age_ythadult_yge25,eco_isic4_o,2020,30.846
svn,sex_f,age_ythadult_yge25,eco_isic4_o,2021,31.967
svn,sex_f,age_ythadult_yge25,eco_isic4_o,2022,32.44
svn,sex_f,age_ythadult_yge25,eco_isic4_o,2023,28.612
svn,sex_f,age_ythadult_yge25,eco_isic4_p,2008,56.12
svn,sex_f,age_ythadult_yge25,eco_isic4_p,2009,54.355
svn,sex_f,age_ythadult_yge25,eco_isic4_p,2010,56.459
svn,sex_f,age_ythadult_yge25,eco_isic4_p,2011,57.899
svn,sex_f,age_ythadult_yge25,eco_isic4_p,2012,60.952
svn,sex_f,age_ythadult_yge25,eco_isic4_p,2013,58.667
svn,sex_f,age_ythadult_yge25,eco_isic4_p,2014,55.876
svn,sex_f,age_ythadult_yge25,eco_isic4_p,2015,60.062
svn,sex_f,age_ythadult_yge25,eco_isic4_p,2016,60.318
svn,sex_f,age_ythadult_yge25,eco_isic4_p,2017,63.557
svn,sex_f,age_ythadult_yge25,eco_isic4_p,2018,61.728
svn,sex_f,age_ythadult_yge25,eco_isic4_p,2019,63.577
svn,sex_f,age_ythadult_yge25,eco_isic4_p,2020,68.232
svn,sex_f,age_ythadult_yge25,eco_isic4_p,2021,70.915
svn,sex_f,age_ythadult_yge25,eco_isic4_p,2022,69.373
svn,sex_f,age_ythadult_yge25,eco_isic4_p,2023,65.237
svn,sex_f,age_ythadult_yge25,eco_isic4_q,2008,40.655
svn,sex_f,age_ythadult_yge25,eco_isic4_q,2009,37.814
svn,sex_f,age_ythadult_yge25,eco_isic4_q,2010,40.205
svn,sex_f,age_ythadult_yge25,eco_isic4_q,2011,41.073
svn,sex_f,age_ythadult_yge25,eco_isic4_q,2012,40.007
svn,sex_f,age_ythadult_yge25,eco_isic4_q,2013,42.218
svn,sex_f,age_ythadult_yge25,eco_isic4_q,2014,42.394
svn,sex_f,age_ythadult_yge25,eco_isic4_q,2015,44.153
svn,sex_f,age_ythadult_yge25,eco_isic4_q,2016,47.965
svn,sex_f,age_ythadult_yge25,eco_isic4_q,2017,48.033
svn,sex_f,age_ythadult_yge25,eco_isic4_q,2018,50.949
svn,sex_f,age_ythadult_yge25,eco_isic4_q,2019,52.592
svn,sex_f,age_ythadult_yge25,eco_isic4_q,2020,53.128
svn,sex_f,age_ythadult_yge25,eco_isic4_q,2021,57.931
svn,sex_f,age_ythadult_yge25,eco_isic4_q,2022,58.795
svn,sex_f,age_ythadult_yge25,eco_isic4_q,2023,57.127
svn,sex_f,age_ythadult_yge25,eco_isic4_r,2008,5.806
svn,sex_f,age_ythadult_yge25,eco_isic4_r,2009,7.787
svn,sex_f,age_ythadult_yge25,eco_isic4_r,2010,7.294
svn,sex_f,age_ythadult_yge25,eco_isic4_r,2011,7.241
svn,sex_f,age_ythadult_yge25,eco_isic4_r,2012,6.575
svn,sex_f,age_ythadult_yge25,eco_isic4_r,2013,5.479
svn,sex_f,age_ythadult_yge25,eco_isic4_r,2014,5.512
svn,sex_f,age_ythadult_yge25,eco_isic4_r,2015,6.95
svn,sex_f,age_ythadult_yge25,eco_isic4_r,2016,4.496
svn,sex_f,age_ythadult_yge25,eco_isic4_r,2017,5.479
svn,sex_f,age_ythadult_yge25,eco_isic4_r,2018,4.863
svn,sex_f,age_ythadult_yge25,eco_isic4_r,2019,6.643
svn,sex_f,age_ythadult_yge25,eco_isic4_r,2020,6.549
svn,sex_f,age_ythadult_yge25,eco_isic4_r,2021,6.697
svn,sex_f,age_ythadult_yge25,eco_isic4_r,2022,7.425
svn,sex_f,age_ythadult_yge25,eco_isic4_r,2023,5.592
svn,sex_f,age_ythadult_yge25,eco_isic4_s,2008,4.912
svn,sex_f,age_ythadult_yge25,eco_isic4_s,2009,5.212
svn,sex_f,age_ythadult_yge25,eco_isic4_s,2010,6.428
svn,sex_f,age_ythadult_yge25,eco_isic4_s,2011,5.748
svn,sex_f,age_ythadult_yge25,eco_isic4_s,2012,6.076
svn,sex_f,age_ythadult_yge25,eco_isic4_s,2013,5.451
svn,sex_f,age_ythadult_yge25,eco_isic4_s,2014,5.206
svn,sex_f,age_ythadult_yge25,eco_isic4_s,2015,4.859
svn,sex_f,age_ythadult_yge25,eco_isic4_s,2016,4.871
svn,sex_f,age_ythadult_yge25,eco_isic4_s,2017,5.82
svn,sex_f,age_ythadult_yge25,eco_isic4_s,2018,4.914
svn,sex_f,age_ythadult_yge25,eco_isic4_s,2019,5.498
svn,sex_f,age_ythadult_yge25,eco_isic4_s,2020,6.475
svn,sex_f,age_ythadult_yge25,eco_isic4_s,2021,7.271
svn,sex_f,age_ythadult_yge25,eco_isic4_s,2022,7.557
svn,sex_f,age_ythadult_yge25,eco_isic4_s,2023,8.413
svn,sex_f,age_ythadult_yge25,eco_isic4_t,2008,0.42
svn,sex_f,age_ythadult_yge25,eco_isic4_t,2010,0.239
svn,sex_f,age_ythadult_yge25,eco_isic4_t,2011,0.419
svn,sex_f,age_ythadult_yge25,eco_isic4_t,2012,0.293
svn,sex_f,age_ythadult_yge25,eco_isic4_t,2021,0.406
svn,sex_f,age_ythadult_yge25,eco_isic4_t,2022,0.371
svn,sex_f,age_ythadult_yge25,eco_isic4_t,2023,0.463
svn,sex_f,age_ythadult_yge25,eco_isic4_total,2008,365.612
svn,sex_f,age_ythadult_yge25,eco_isic4_total,2009,360.533
svn,sex_f,age_ythadult_yge25,eco_isic4_total,2010,351.609
svn,sex_f,age_ythadult_yge25,eco_isic4_total,2011,346.482
svn,sex_f,age_ythadult_yge25,eco_isic4_total,2012,348.001
svn,sex_f,age_ythadult_yge25,eco_isic4_total,2013,336.503
svn,sex_f,age_ythadult_yge25,eco_isic4_total,2014,331.151
svn,sex_f,age_ythadult_yge25,eco_isic4_total,2015,337.826
svn,sex_f,age_ythadult_yge25,eco_isic4_total,2016,354.573
svn,sex_f,age_ythadult_yge25,eco_isic4_total,2017,366.217
svn,sex_f,age_ythadult_yge25,eco_isic4_total,2018,369.77
svn,sex_f,age_ythadult_yge25,eco_isic4_total,2019,380.274
svn,sex_f,age_ythadult_yge25,eco_isic4_total,2020,382.121
svn,sex_f,age_ythadult_yge25,eco_isic4_total,2021,374.502
svn,sex_f,age_ythadult_yge25,eco_isic4_total,2022,379.288
svn,sex_f,age_ythadult_yge25,eco_isic4_total,2023,378.857
svn,sex_f,age_ythadult_yge25,eco_isic4_u,2008,0.2
svn,sex_f,age_ythadult_yge25,eco_isic4_u,2021,0.305
svn,sex_f,age_ythadult_yge25,eco_isic4_u,2022,0.181
svn,sex_f,age_ythadult_yge25,eco_isic4_u,2023,0.278
svn,sex_f,age_ythadult_yge25,eco_isic4_x,2008,1.517
svn,sex_f,age_ythadult_yge25,eco_isic4_x,2009,1.396
svn,sex_f,age_ythadult_yge25,eco_isic4_x,2010,0.861
svn,sex_f,age_ythadult_yge25,eco_isic4_x,2011,1.998
svn,sex_f,age_ythadult_yge25,eco_isic4_x,2012,2.169
svn,sex_f,age_ythadult_yge25,eco_isic4_x,2013,1.44
svn,sex_f,age_ythadult_yge25,eco_isic4_x,2014,2.117
svn,sex_f,age_ythadult_yge25,eco_isic4_x,2015,3.364
svn,sex_f,age_ythadult_yge25,eco_isic4_x,2016,1.848
svn,sex_f,age_ythadult_yge25,eco_isic4_x,2017,2.016
svn,sex_f,age_ythadult_yge25,eco_isic4_x,2018,2.034
svn,sex_f,age_ythadult_yge25,eco_isic4_x,2019,1.604
svn,sex_f,age_ythadult_yge25,eco_isic4_x,2020,1.317
svn,sex_f,age_ythadult_yge25,eco_isic4_x,2021,1.446
svn,sex_f,age_ythadult_yge25,eco_isic4_x,2022,1.151
svn,sex_f,age_ythadult_yge25,eco_isic4_x,2023,1.464
svn,sex_f,age_ythadult_yge25,eco_sector_agr,1996,4.732
svn,sex_f,age_ythadult_yge25,eco_sector_agr,1997,4.191
svn,sex_f,age_ythadult_yge25,eco_sector_agr,1998,4.104
svn,sex_f,age_ythadult_yge25,eco_sector_agr,1999,2.188
svn,sex_f,age_ythadult_yge25,eco_sector_agr,2000,3.312
svn,sex_f,age_ythadult_yge25,eco_sector_agr,2001,1.905
svn,sex_f,age_ythadult_yge25,eco_sector_agr,2002,3.281
svn,sex_f,age_ythadult_yge25,eco_sector_agr,2003,3.73
svn,sex_f,age_ythadult_yge25,eco_sector_agr,2004,4.784
svn,sex_f,age_ythadult_yge25,eco_sector_agr,2005,3.323
svn,sex_f,age_ythadult_yge25,eco_sector_agr,2006,2.981
svn,sex_f,age_ythadult_yge25,eco_sector_agr,2007,4.989
svn,sex_f,age_ythadult_yge25,eco_sector_agr,2008,3.943
svn,sex_f,age_ythadult_yge25,eco_sector_agr,2009,3.032
svn,sex_f,age_ythadult_yge25,eco_sector_agr,2010,2.765
svn,sex_f,age_ythadult_yge25,eco_sector_agr,2011,2.959
svn,sex_f,age_ythadult_yge25,eco_sector_agr,2012,3.061
svn,sex_f,age_ythadult_yge25,eco_sector_agr,2013,2.636
svn,sex_f,age_ythadult_yge25,eco_sector_agr,2014,3.015
svn,sex_f,age_ythadult_yge25,eco_sector_agr,2015,2.348
svn,sex_f,age_ythadult_yge25,eco_sector_agr,2016,2.347
svn,sex_f,age_ythadult_yge25,eco_sector_agr,2017,3.168
svn,sex_f,age_ythadult_yge25,eco_sector_agr,2018,2.682
svn,sex_f,age_ythadult_yge25,eco_sector_agr,2019,2.862
svn,sex_f,age_ythadult_yge25,eco_sector_agr,2020,2.747
svn,sex_f,age_ythadult_yge25,eco_sector_agr,2021,3.346
svn,sex_f,age_ythadult_yge25,eco_sector_agr,2022,3.784
svn,sex_f,age_ythadult_yge25,eco_sector_agr,2023,2.786
svn,sex_f,age_ythadult_yge25,eco_sector_ind,1996,112.121
svn,sex_f,age_ythadult_yge25,eco_sector_ind,1997,111.346
svn,sex_f,age_ythadult_yge25,eco_sector_ind,1998,106.472
svn,sex_f,age_ythadult_yge25,eco_sector_ind,1999,95.802
svn,sex_f,age_ythadult_yge25,eco_sector_ind,2000,104.373
svn,sex_f,age_ythadult_yge25,eco_sector_ind,2001,105.134
svn,sex_f,age_ythadult_yge25,eco_sector_ind,2002,107.686
svn,sex_f,age_ythadult_yge25,eco_sector_ind,2003,97.691
svn,sex_f,age_ythadult_yge25,eco_sector_ind,2004,98.013
svn,sex_f,age_ythadult_yge25,eco_sector_ind,2005,98.298
svn,sex_f,age_ythadult_yge25,eco_sector_ind,2006,92.359
svn,sex_f,age_ythadult_yge25,eco_sector_ind,2007,89.298
svn,sex_f,age_ythadult_yge25,eco_sector_ind,2008,94.194
svn,sex_f,age_ythadult_yge25,eco_sector_ind,2009,90.643
svn,sex_f,age_ythadult_yge25,eco_sector_ind,2010,83.241
svn,sex_f,age_ythadult_yge25,eco_sector_ind,2011,72.258
svn,sex_f,age_ythadult_yge25,eco_sector_ind,2012,69.442
svn,sex_f,age_ythadult_yge25,eco_sector_ind,2013,68.81
svn,sex_f,age_ythadult_yge25,eco_sector_ind,2014,67.113
svn,sex_f,age_ythadult_yge25,eco_sector_ind,2015,67.67
svn,sex_f,age_ythadult_yge25,eco_sector_ind,2016,73.398
svn,sex_f,age_ythadult_yge25,eco_sector_ind,2017,75.542
svn,sex_f,age_ythadult_yge25,eco_sector_ind,2018,83.001
svn,sex_f,age_ythadult_yge25,eco_sector_ind,2019,84.002
svn,sex_f,age_ythadult_yge25,eco_sector_ind,2020,79.36
svn,sex_f,age_ythadult_yge25,eco_sector_ind,2021,67.889
svn,sex_f,age_ythadult_yge25,eco_sector_ind,2022,70.729
svn,sex_f,age_ythadult_yge25,eco_sector_ind,2023,75.172
svn,sex_f,age_ythadult_yge25,eco_sector_nag,1996,297.702
svn,sex_f,age_ythadult_yge25,eco_sector_nag,1997,294.757
svn,sex_f,age_ythadult_yge25,eco_sector_nag,1998,303.438
svn,sex_f,age_ythadult_yge25,eco_sector_nag,1999,301.308
svn,sex_f,age_ythadult_yge25,eco_sector_nag,2000,321.101
svn,sex_f,age_ythadult_yge25,eco_sector_nag,2001,322.954
svn,sex_f,age_ythadult_yge25,eco_sector_nag,2002,329.894
svn,sex_f,age_ythadult_yge25,eco_sector_nag,2003,329.491
svn,sex_f,age_ythadult_yge25,eco_sector_nag,2004,337.062
svn,sex_f,age_ythadult_yge25,eco_sector_nag,2005,341.483
svn,sex_f,age_ythadult_yge25,eco_sector_nag,2006,342.539
svn,sex_f,age_ythadult_yge25,eco_sector_nag,2007,346.976
svn,sex_f,age_ythadult_yge25,eco_sector_nag,2008,361.669
svn,sex_f,age_ythadult_yge25,eco_sector_nag,2009,357.5
svn,sex_f,age_ythadult_yge25,eco_sector_nag,2010,348.844
svn,sex_f,age_ythadult_yge25,eco_sector_nag,2011,343.523
svn,sex_f,age_ythadult_yge25,eco_sector_nag,2012,344.94
svn,sex_f,age_ythadult_yge25,eco_sector_nag,2013,333.867
svn,sex_f,age_ythadult_yge25,eco_sector_nag,2014,328.136
svn,sex_f,age_ythadult_yge25,eco_sector_nag,2015,335.479
svn,sex_f,age_ythadult_yge25,eco_sector_nag,2016,352.226
svn,sex_f,age_ythadult_yge25,eco_sector_nag,2017,363.048
svn,sex_f,age_ythadult_yge25,eco_sector_nag,2018,367.088
svn,sex_f,age_ythadult_yge25,eco_sector_nag,2019,377.412
svn,sex_f,age_ythadult_yge25,eco_sector_nag,2020,379.374
svn,sex_f,age_ythadult_yge25,eco_sector_nag,2021,371.156
svn,sex_f,age_ythadult_yge25,eco_sector_nag,2022,375.505
svn,sex_f,age_ythadult_yge25,eco_sector_nag,2023,376.071
svn,sex_f,age_ythadult_yge25,eco_sector_ser,1996,185.176
svn,sex_f,age_ythadult_yge25,eco_sector_ser,1997,183.027
svn,sex_f,age_ythadult_yge25,eco_sector_ser,1998,195.799
svn,sex_f,age_ythadult_yge25,eco_sector_ser,1999,205.115
svn,sex_f,age_ythadult_yge25,eco_sector_ser,2000,215.726
svn,sex_f,age_ythadult_yge25,eco_sector_ser,2001,215.546
svn,sex_f,age_ythadult_yge25,eco_sector_ser,2002,220.022
svn,sex_f,age_ythadult_yge25,eco_sector_ser,2003,230.114
svn,sex_f,age_ythadult_yge25,eco_sector_ser,2004,236.632
svn,sex_f,age_ythadult_yge25,eco_sector_ser,2005,242.105
svn,sex_f,age_ythadult_yge25,eco_sector_ser,2006,248.635
svn,sex_f,age_ythadult_yge25,eco_sector_ser,2007,254.22
svn,sex_f,age_ythadult_yge25,eco_sector_ser,2008,265.958
svn,sex_f,age_ythadult_yge25,eco_sector_ser,2009,265.462
svn,sex_f,age_ythadult_yge25,eco_sector_ser,2010,264.742
svn,sex_f,age_ythadult_yge25,eco_sector_ser,2011,269.267
svn,sex_f,age_ythadult_yge25,eco_sector_ser,2012,273.329
svn,sex_f,age_ythadult_yge25,eco_sector_ser,2013,263.618
svn,sex_f,age_ythadult_yge25,eco_sector_ser,2014,258.905
svn,sex_f,age_ythadult_yge25,eco_sector_ser,2015,264.445
svn,sex_f,age_ythadult_yge25,eco_sector_ser,2016,276.979
svn,sex_f,age_ythadult_yge25,eco_sector_ser,2017,285.491
svn,sex_f,age_ythadult_yge25,eco_sector_ser,2018,282.053
svn,sex_f,age_ythadult_yge25,eco_sector_ser,2019,291.806
svn,sex_f,age_ythadult_yge25,eco_sector_ser,2020,298.697
svn,sex_f,age_ythadult_yge25,eco_sector_ser,2021,301.821
svn,sex_f,age_ythadult_yge25,eco_sector_ser,2022,303.625
svn,sex_f,age_ythadult_yge25,eco_sector_ser,2023,299.436
svn,sex_f,age_ythadult_yge25,eco_sector_total,1996,302.434
svn,sex_f,age_ythadult_yge25,eco_sector_total,1997,298.948
svn,sex_f,age_ythadult_yge25,eco_sector_total,1998,307.542
svn,sex_f,age_ythadult_yge25,eco_sector_total,1999,303.495
svn,sex_f,age_ythadult_yge25,eco_sector_total,2000,324.413
svn,sex_f,age_ythadult_yge25,eco_sector_total,2001,324.859
svn,sex_f,age_ythadult_yge25,eco_sector_total,2002,333.175
svn,sex_f,age_ythadult_yge25,eco_sector_total,2003,333.221
svn,sex_f,age_ythadult_yge25,eco_sector_total,2004,341.846
svn,sex_f,age_ythadult_yge25,eco_sector_total,2005,344.806
svn,sex_f,age_ythadult_yge25,eco_sector_total,2006,345.52
svn,sex_f,age_ythadult_yge25,eco_sector_total,2007,351.964
svn,sex_f,age_ythadult_yge25,eco_sector_total,2008,365.612
svn,sex_f,age_ythadult_yge25,eco_sector_total,2009,360.533
svn,sex_f,age_ythadult_yge25,eco_sector_total,2010,351.609
svn,sex_f,age_ythadult_yge25,eco_sector_total,2011,346.482
svn,sex_f,age_ythadult_yge25,eco_sector_total,2012,348.001
svn,sex_f,age_ythadult_yge25,eco_sector_total,2013,336.503
svn,sex_f,age_ythadult_yge25,eco_sector_total,2014,331.151
svn,sex_f,age_ythadult_yge25,eco_sector_total,2015,337.826
svn,sex_f,age_ythadult_yge25,eco_sector_total,2016,354.573
svn,sex_f,age_ythadult_yge25,eco_sector_total,2017,366.217
svn,sex_f,age_ythadult_yge25,eco_sector_total,2018,369.77
svn,sex_f,age_ythadult_yge25,eco_sector_total,2019,380.274
svn,sex_f,age_ythadult_yge25,eco_sector_total,2020,382.121
svn,sex_f,age_ythadult_yge25,eco_sector_total,2021,374.502
svn,sex_f,age_ythadult_yge25,eco_sector_total,2022,379.288
svn,sex_f,age_ythadult_yge25,eco_sector_total,2023,378.857
svn,sex_f,age_ythadult_yge25,eco_sector_x,1997,0.384
svn,sex_f,age_ythadult_yge25,eco_sector_x,1998,1.167
svn,sex_f,age_ythadult_yge25,eco_sector_x,2000,1.002
svn,sex_f,age_ythadult_yge25,eco_sector_x,2001,2.273
svn,sex_f,age_ythadult_yge25,eco_sector_x,2002,2.186
svn,sex_f,age_ythadult_yge25,eco_sector_x,2003,1.686
svn,sex_f,age_ythadult_yge25,eco_sector_x,2004,2.416
svn,sex_f,age_ythadult_yge25,eco_sector_x,2005,1.08
svn,sex_f,age_ythadult_yge25,eco_sector_x,2006,1.544
svn,sex_f,age_ythadult_yge25,eco_sector_x,2007,3.457
svn,sex_f,age_ythadult_yge25,eco_sector_x,2008,1.517
svn,sex_f,age_ythadult_yge25,eco_sector_x,2009,1.396
svn,sex_f,age_ythadult_yge25,eco_sector_x,2010,0.861
svn,sex_f,age_ythadult_yge25,eco_sector_x,2011,1.998
svn,sex_f,age_ythadult_yge25,eco_sector_x,2012,2.169
svn,sex_f,age_ythadult_yge25,eco_sector_x,2013,1.44
svn,sex_f,age_ythadult_yge25,eco_sector_x,2014,2.117
svn,sex_f,age_ythadult_yge25,eco_sector_x,2015,3.364
svn,sex_f,age_ythadult_yge25,eco_sector_x,2016,1.848
svn,sex_f,age_ythadult_yge25,eco_sector_x,2017,2.016
svn,sex_f,age_ythadult_yge25,eco_sector_x,2018,2.034
svn,sex_f,age_ythadult_yge25,eco_sector_x,2019,1.604
svn,sex_f,age_ythadult_yge25,eco_sector_x,2020,1.317
svn,sex_f,age_ythadult_yge25,eco_sector_x,2021,1.446
svn,sex_f,age_ythadult_yge25,eco_sector_x,2022,1.151
svn,sex_f,age_ythadult_yge25,eco_sector_x,2023,1.464
svn,sex_m,age_10yrbands_total,eco_aggregate_agr,1996,8.497
svn,sex_m,age_10yrbands_total,eco_aggregate_agr,1997,8.308
svn,sex_m,age_10yrbands_total,eco_aggregate_agr,1998,5.215
svn,sex_m,age_10yrbands_total,eco_aggregate_agr,1999,5.956
svn,sex_m,age_10yrbands_total,eco_aggregate_agr,2000,6.178
svn,sex_m,age_10yrbands_total,eco_aggregate_agr,2001,6.64
svn,sex_m,age_10yrbands_total,eco_aggregate_agr,2002,8.254
svn,sex_m,age_10yrbands_total,eco_aggregate_agr,2003,6.628
svn,sex_m,age_10yrbands_total,eco_aggregate_agr,2004,8.662
svn,sex_m,age_10yrbands_total,eco_aggregate_agr,2005,6.996
svn,sex_m,age_10yrbands_total,eco_aggregate_agr,2006,8.169
svn,sex_m,age_10yrbands_total,eco_aggregate_agr,2007,8.523
svn,sex_m,age_10yrbands_total,eco_aggregate_agr,2008,8.703
svn,sex_m,age_10yrbands_total,eco_aggregate_agr,2009,7.103
svn,sex_m,age_10yrbands_total,eco_aggregate_agr,2010,6.494
svn,sex_m,age_10yrbands_total,eco_aggregate_agr,2011,6.66
svn,sex_m,age_10yrbands_total,eco_aggregate_agr,2012,6.71
svn,sex_m,age_10yrbands_total,eco_aggregate_agr,2013,6.012
svn,sex_m,age_10yrbands_total,eco_aggregate_agr,2014,5.689
svn,sex_m,age_10yrbands_total,eco_aggregate_agr,2015,6.104
svn,sex_m,age_10yrbands_total,eco_aggregate_agr,2016,5.317
svn,sex_m,age_10yrbands_total,eco_aggregate_agr,2017,5.946
svn,sex_m,age_10yrbands_total,eco_aggregate_agr,2018,5.344
svn,sex_m,age_10yrbands_total,eco_aggregate_agr,2019,4.292
svn,sex_m,age_10yrbands_total,eco_aggregate_agr,2020,4.45
svn,sex_m,age_10yrbands_total,eco_aggregate_agr,2021,3.049
svn,sex_m,age_10yrbands_total,eco_aggregate_agr,2022,2.951
svn,sex_m,age_10yrbands_total,eco_aggregate_agr,2023,3.85
svn,sex_m,age_10yrbands_total,eco_aggregate_con,1996,33.341
svn,sex_m,age_10yrbands_total,eco_aggregate_con,1997,39.676
svn,sex_m,age_10yrbands_total,eco_aggregate_con,1998,36.255
svn,sex_m,age_10yrbands_total,eco_aggregate_con,1999,33.604
svn,sex_m,age_10yrbands_total,eco_aggregate_con,2000,34.903
svn,sex_m,age_10yrbands_total,eco_aggregate_con,2001,39.628
svn,sex_m,age_10yrbands_total,eco_aggregate_con,2002,38.956
svn,sex_m,age_10yrbands_total,eco_aggregate_con,2003,39.143
svn,sex_m,age_10yrbands_total,eco_aggregate_con,2004,40.369
svn,sex_m,age_10yrbands_total,eco_aggregate_con,2005,43.972
svn,sex_m,age_10yrbands_total,eco_aggregate_con,2006,41.128
svn,sex_m,age_10yrbands_total,eco_aggregate_con,2007,42.661
svn,sex_m,age_10yrbands_total,eco_aggregate_con,2008,49.02
svn,sex_m,age_10yrbands_total,eco_aggregate_con,2009,43.476
svn,sex_m,age_10yrbands_total,eco_aggregate_con,2010,40.324
svn,sex_m,age_10yrbands_total,eco_aggregate_con,2011,36.961
svn,sex_m,age_10yrbands_total,eco_aggregate_con,2012,36.666
svn,sex_m,age_10yrbands_total,eco_aggregate_con,2013,36.619
svn,sex_m,age_10yrbands_total,eco_aggregate_con,2014,36.765
svn,sex_m,age_10yrbands_total,eco_aggregate_con,2015,36.19
svn,sex_m,age_10yrbands_total,eco_aggregate_con,2016,35.163
svn,sex_m,age_10yrbands_total,eco_aggregate_con,2017,37.849
svn,sex_m,age_10yrbands_total,eco_aggregate_con,2018,37.638
svn,sex_m,age_10yrbands_total,eco_aggregate_con,2019,38.069
svn,sex_m,age_10yrbands_total,eco_aggregate_con,2020,40.627
svn,sex_m,age_10yrbands_total,eco_aggregate_con,2021,33.413
svn,sex_m,age_10yrbands_total,eco_aggregate_con,2022,35.304
svn,sex_m,age_10yrbands_total,eco_aggregate_con,2023,44.465
svn,sex_m,age_10yrbands_total,eco_aggregate_man,1996,160.086
svn,sex_m,age_10yrbands_total,eco_aggregate_man,1997,158.023
svn,sex_m,age_10yrbands_total,eco_aggregate_man,1998,158.57
svn,sex_m,age_10yrbands_total,eco_aggregate_man,1999,153.278
svn,sex_m,age_10yrbands_total,eco_aggregate_man,2000,148.074
svn,sex_m,age_10yrbands_total,eco_aggregate_man,2001,151.945
svn,sex_m,age_10yrbands_total,eco_aggregate_man,2002,158.686
svn,sex_m,age_10yrbands_total,eco_aggregate_man,2003,154.924
svn,sex_m,age_10yrbands_total,eco_aggregate_man,2004,155.848
svn,sex_m,age_10yrbands_total,eco_aggregate_man,2005,161.716
svn,sex_m,age_10yrbands_total,eco_aggregate_man,2006,158.292
svn,sex_m,age_10yrbands_total,eco_aggregate_man,2007,163.464
svn,sex_m,age_10yrbands_total,eco_aggregate_man,2008,158.02
svn,sex_m,age_10yrbands_total,eco_aggregate_man,2009,140.259
svn,sex_m,age_10yrbands_total,eco_aggregate_man,2010,138.327
svn,sex_m,age_10yrbands_total,eco_aggregate_man,2011,134.984
svn,sex_m,age_10yrbands_total,eco_aggregate_man,2012,129.16
svn,sex_m,age_10yrbands_total,eco_aggregate_man,2013,128.723
svn,sex_m,age_10yrbands_total,eco_aggregate_man,2014,129.861
svn,sex_m,age_10yrbands_total,eco_aggregate_man,2015,135.387
svn,sex_m,age_10yrbands_total,eco_aggregate_man,2016,144.608
svn,sex_m,age_10yrbands_total,eco_aggregate_man,2017,155.7
svn,sex_m,age_10yrbands_total,eco_aggregate_man,2018,150.555
svn,sex_m,age_10yrbands_total,eco_aggregate_man,2019,159.051
svn,sex_m,age_10yrbands_total,eco_aggregate_man,2020,162.369
svn,sex_m,age_10yrbands_total,eco_aggregate_man,2021,139.563
svn,sex_m,age_10yrbands_total,eco_aggregate_man,2022,140.933
svn,sex_m,age_10yrbands_total,eco_aggregate_man,2023,142.072
svn,sex_m,age_10yrbands_total,eco_aggregate_mel,1996,18.971
svn,sex_m,age_10yrbands_total,eco_aggregate_mel,1997,17.557
svn,sex_m,age_10yrbands_total,eco_aggregate_mel,1998,14.52
svn,sex_m,age_10yrbands_total,eco_aggregate_mel,1999,12.351
svn,sex_m,age_10yrbands_total,eco_aggregate_mel,2000,14.644
svn,sex_m,age_10yrbands_total,eco_aggregate_mel,2001,14.776
svn,sex_m,age_10yrbands_total,eco_aggregate_mel,2002,12.59
svn,sex_m,age_10yrbands_total,eco_aggregate_mel,2003,12.44
svn,sex_m,age_10yrbands_total,eco_aggregate_mel,2004,13.664
svn,sex_m,age_10yrbands_total,eco_aggregate_mel,2005,12.636
svn,sex_m,age_10yrbands_total,eco_aggregate_mel,2006,12.902
svn,sex_m,age_10yrbands_total,eco_aggregate_mel,2007,12.463
svn,sex_m,age_10yrbands_total,eco_aggregate_mel,2008,17.612
svn,sex_m,age_10yrbands_total,eco_aggregate_mel,2009,17.526
svn,sex_m,age_10yrbands_total,eco_aggregate_mel,2010,17.708
svn,sex_m,age_10yrbands_total,eco_aggregate_mel,2011,19.574
svn,sex_m,age_10yrbands_total,eco_aggregate_mel,2012,18.836
svn,sex_m,age_10yrbands_total,eco_aggregate_mel,2013,17.984
svn,sex_m,age_10yrbands_total,eco_aggregate_mel,2014,18.684
svn,sex_m,age_10yrbands_total,eco_aggregate_mel,2015,18.653
svn,sex_m,age_10yrbands_total,eco_aggregate_mel,2016,16.95
svn,sex_m,age_10yrbands_total,eco_aggregate_mel,2017,17.356
svn,sex_m,age_10yrbands_total,eco_aggregate_mel,2018,20.403
svn,sex_m,age_10yrbands_total,eco_aggregate_mel,2019,20.373
svn,sex_m,age_10yrbands_total,eco_aggregate_mel,2020,19.849
svn,sex_m,age_10yrbands_total,eco_aggregate_mel,2021,18.178
svn,sex_m,age_10yrbands_total,eco_aggregate_mel,2022,19.052
svn,sex_m,age_10yrbands_total,eco_aggregate_mel,2023,20.445
svn,sex_m,age_10yrbands_total,eco_aggregate_mkt,1996,98.29
svn,sex_m,age_10yrbands_total,eco_aggregate_mkt,1997,105.066
svn,sex_m,age_10yrbands_total,eco_aggregate_mkt,1998,108.078
svn,sex_m,age_10yrbands_total,eco_aggregate_mkt,1999,110.354
svn,sex_m,age_10yrbands_total,eco_aggregate_mkt,2000,122.708
svn,sex_m,age_10yrbands_total,eco_aggregate_mkt,2001,119.408
svn,sex_m,age_10yrbands_total,eco_aggregate_mkt,2002,118.43
svn,sex_m,age_10yrbands_total,eco_aggregate_mkt,2003,127.815
svn,sex_m,age_10yrbands_total,eco_aggregate_mkt,2004,126.349
svn,sex_m,age_10yrbands_total,eco_aggregate_mkt,2005,129.165
svn,sex_m,age_10yrbands_total,eco_aggregate_mkt,2006,131.178
svn,sex_m,age_10yrbands_total,eco_aggregate_mkt,2007,136.156
svn,sex_m,age_10yrbands_total,eco_aggregate_mkt,2008,150.821
svn,sex_m,age_10yrbands_total,eco_aggregate_mkt,2009,152.683
svn,sex_m,age_10yrbands_total,eco_aggregate_mkt,2010,146.828
svn,sex_m,age_10yrbands_total,eco_aggregate_mkt,2011,142.787
svn,sex_m,age_10yrbands_total,eco_aggregate_mkt,2012,147.443
svn,sex_m,age_10yrbands_total,eco_aggregate_mkt,2013,142.391
svn,sex_m,age_10yrbands_total,eco_aggregate_mkt,2014,133.75
svn,sex_m,age_10yrbands_total,eco_aggregate_mkt,2015,136.489
svn,sex_m,age_10yrbands_total,eco_aggregate_mkt,2016,134.502
svn,sex_m,age_10yrbands_total,eco_aggregate_mkt,2017,140.754
svn,sex_m,age_10yrbands_total,eco_aggregate_mkt,2018,150.807
svn,sex_m,age_10yrbands_total,eco_aggregate_mkt,2019,151.724
svn,sex_m,age_10yrbands_total,eco_aggregate_mkt,2020,153.804
svn,sex_m,age_10yrbands_total,eco_aggregate_mkt,2021,160.691
svn,sex_m,age_10yrbands_total,eco_aggregate_mkt,2022,163.957
svn,sex_m,age_10yrbands_total,eco_aggregate_mkt,2023,163.209
svn,sex_m,age_10yrbands_total,eco_aggregate_pub,1996,51.867
svn,sex_m,age_10yrbands_total,eco_aggregate_pub,1997,50.477
svn,sex_m,age_10yrbands_total,eco_aggregate_pub,1998,54.275
svn,sex_m,age_10yrbands_total,eco_aggregate_pub,1999,61.37
svn,sex_m,age_10yrbands_total,eco_aggregate_pub,2000,61.555
svn,sex_m,age_10yrbands_total,eco_aggregate_pub,2001,61.506
svn,sex_m,age_10yrbands_total,eco_aggregate_pub,2002,64.506
svn,sex_m,age_10yrbands_total,eco_aggregate_pub,2003,63.153
svn,sex_m,age_10yrbands_total,eco_aggregate_pub,2004,69.76
svn,sex_m,age_10yrbands_total,eco_aggregate_pub,2005,69.631
svn,sex_m,age_10yrbands_total,eco_aggregate_pub,2006,72.802
svn,sex_m,age_10yrbands_total,eco_aggregate_pub,2007,74.3
svn,sex_m,age_10yrbands_total,eco_aggregate_pub,2008,66.906
svn,sex_m,age_10yrbands_total,eco_aggregate_pub,2009,65.723
svn,sex_m,age_10yrbands_total,eco_aggregate_pub,2010,67.058
svn,sex_m,age_10yrbands_total,eco_aggregate_pub,2011,63.448
svn,sex_m,age_10yrbands_total,eco_aggregate_pub,2012,63.207
svn,sex_m,age_10yrbands_total,eco_aggregate_pub,2013,63.292
svn,sex_m,age_10yrbands_total,eco_aggregate_pub,2014,68.625
svn,sex_m,age_10yrbands_total,eco_aggregate_pub,2015,67.214
svn,sex_m,age_10yrbands_total,eco_aggregate_pub,2016,65.814
svn,sex_m,age_10yrbands_total,eco_aggregate_pub,2017,67.737
svn,sex_m,age_10yrbands_total,eco_aggregate_pub,2018,67.554
svn,sex_m,age_10yrbands_total,eco_aggregate_pub,2019,65.618
svn,sex_m,age_10yrbands_total,eco_aggregate_pub,2020,68.647
svn,sex_m,age_10yrbands_total,eco_aggregate_pub,2021,78.76
svn,sex_m,age_10yrbands_total,eco_aggregate_pub,2022,78.415
svn,sex_m,age_10yrbands_total,eco_aggregate_pub,2023,67.001
svn,sex_m,age_10yrbands_total,eco_aggregate_total,1996,371.523
svn,sex_m,age_10yrbands_total,eco_aggregate_total,1997,380.374
svn,sex_m,age_10yrbands_total,eco_aggregate_total,1998,379.452
svn,sex_m,age_10yrbands_total,eco_aggregate_total,1999,379.067
svn,sex_m,age_10yrbands_total,eco_aggregate_total,2000,391.461
svn,sex_m,age_10yrbands_total,eco_aggregate_total,2001,399.033
svn,sex_m,age_10yrbands_total,eco_aggregate_total,2002,404.468
svn,sex_m,age_10yrbands_total,eco_aggregate_total,2003,407.292
svn,sex_m,age_10yrbands_total,eco_aggregate_total,2004,420.465
svn,sex_m,age_10yrbands_total,eco_aggregate_total,2005,426.701
svn,sex_m,age_10yrbands_total,eco_aggregate_total,2006,426.189
svn,sex_m,age_10yrbands_total,eco_aggregate_total,2007,442.058
svn,sex_m,age_10yrbands_total,eco_aggregate_total,2008,453.379
svn,sex_m,age_10yrbands_total,eco_aggregate_total,2009,429.626
svn,sex_m,age_10yrbands_total,eco_aggregate_total,2010,418.815
svn,sex_m,age_10yrbands_total,eco_aggregate_total,2011,406.456
svn,sex_m,age_10yrbands_total,eco_aggregate_total,2012,404.027
svn,sex_m,age_10yrbands_total,eco_aggregate_total,2013,397.592
svn,sex_m,age_10yrbands_total,eco_aggregate_total,2014,395.761
svn,sex_m,age_10yrbands_total,eco_aggregate_total,2015,405.476
svn,sex_m,age_10yrbands_total,eco_aggregate_total,2016,406.442
svn,sex_m,age_10yrbands_total,eco_aggregate_total,2017,427.769
svn,sex_m,age_10yrbands_total,eco_aggregate_total,2018,434.896
svn,sex_m,age_10yrbands_total,eco_aggregate_total,2019,441.652
svn,sex_m,age_10yrbands_total,eco_aggregate_total,2020,451.925
svn,sex_m,age_10yrbands_total,eco_aggregate_total,2021,436.317
svn,sex_m,age_10yrbands_total,eco_aggregate_total,2022,442.779
svn,sex_m,age_10yrbands_total,eco_aggregate_total,2023,443.077
svn,sex_m,age_10yrbands_total,eco_aggregate_x,1996,0.471
svn,sex_m,age_10yrbands_total,eco_aggregate_x,1997,1.267
svn,sex_m,age_10yrbands_total,eco_aggregate_x,1998,2.539
svn,sex_m,age_10yrbands_total,eco_aggregate_x,1999,2.155
svn,sex_m,age_10yrbands_total,eco_aggregate_x,2000,3.399
svn,sex_m,age_10yrbands_total,eco_aggregate_x,2001,5.129
svn,sex_m,age_10yrbands_total,eco_aggregate_x,2002,3.045
svn,sex_m,age_10yrbands_total,eco_aggregate_x,2003,3.188
svn,sex_m,age_10yrbands_total,eco_aggregate_x,2004,5.812
svn,sex_m,age_10yrbands_total,eco_aggregate_x,2005,2.584
svn,sex_m,age_10yrbands_total,eco_aggregate_x,2006,1.718
svn,sex_m,age_10yrbands_total,eco_aggregate_x,2007,4.49
svn,sex_m,age_10yrbands_total,eco_aggregate_x,2008,2.297
svn,sex_m,age_10yrbands_total,eco_aggregate_x,2009,2.856
svn,sex_m,age_10yrbands_total,eco_aggregate_x,2010,2.077
svn,sex_m,age_10yrbands_total,eco_aggregate_x,2011,2.041
svn,sex_m,age_10yrbands_total,eco_aggregate_x,2012,2.004
svn,sex_m,age_10yrbands_total,eco_aggregate_x,2013,2.571
svn,sex_m,age_10yrbands_total,eco_aggregate_x,2014,2.386
svn,sex_m,age_10yrbands_total,eco_aggregate_x,2015,5.44
svn,sex_m,age_10yrbands_total,eco_aggregate_x,2016,4.088
svn,sex_m,age_10yrbands_total,eco_aggregate_x,2017,2.427
svn,sex_m,age_10yrbands_total,eco_aggregate_x,2018,2.596
svn,sex_m,age_10yrbands_total,eco_aggregate_x,2019,2.526
svn,sex_m,age_10yrbands_total,eco_aggregate_x,2020,2.18
svn,sex_m,age_10yrbands_total,eco_aggregate_x,2021,2.664
svn,sex_m,age_10yrbands_total,eco_aggregate_x,2022,2.166
svn,sex_m,age_10yrbands_total,eco_aggregate_x,2023,2.035
svn,sex_m,age_10yrbands_total,eco_sector_agr,1996,8.497
svn,sex_m,age_10yrbands_total,eco_sector_agr,1997,8.308
svn,sex_m,age_10yrbands_total,eco_sector_agr,1998,5.215
svn,sex_m,age_10yrbands_total,eco_sector_agr,1999,5.956
svn,sex_m,age_10yrbands_total,eco_sector_agr,2000,6.178
svn,sex_m,age_10yrbands_total,eco_sector_agr,2001,6.64
svn,sex_m,age_10yrbands_total,eco_sector_agr,2002,8.254
svn,sex_m,age_10yrbands_total,eco_sector_agr,2003,6.628
svn,sex_m,age_10yrbands_total,eco_sector_agr,2004,8.662
svn,sex_m,age_10yrbands_total,eco_sector_agr,2005,6.996
svn,sex_m,age_10yrbands_total,eco_sector_agr,2006,8.169
svn,sex_m,age_10yrbands_total,eco_sector_agr,2007,8.523
svn,sex_m,age_10yrbands_total,eco_sector_agr,2008,8.703
svn,sex_m,age_10yrbands_total,eco_sector_agr,2009,7.103
svn,sex_m,age_10yrbands_total,eco_sector_agr,2010,6.494
svn,sex_m,age_10yrbands_total,eco_sector_agr,2011,6.66
svn,sex_m,age_10yrbands_total,eco_sector_agr,2012,6.71
svn,sex_m,age_10yrbands_total,eco_sector_agr,2013,6.012
svn,sex_m,age_10yrbands_total,eco_sector_agr,2014,5.689
svn,sex_m,age_10yrbands_total,eco_sector_agr,2015,6.104
svn,sex_m,age_10yrbands_total,eco_sector_agr,2016,5.317
svn,sex_m,age_10yrbands_total,eco_sector_agr,2017,5.946
svn,sex_m,age_10yrbands_total,eco_sector_agr,2018,5.344
svn,sex_m,age_10yrbands_total,eco_sector_agr,2019,4.292
svn,sex_m,age_10yrbands_total,eco_sector_agr,2020,4.45
svn,sex_m,age_10yrbands_total,eco_sector_agr,2021,3.049
svn,sex_m,age_10yrbands_total,eco_sector_agr,2022,2.951
svn,sex_m,age_10yrbands_total,eco_sector_agr,2023,3.85
svn,sex_m,age_10yrbands_total,eco_sector_ind,1996,212.397
svn,sex_m,age_10yrbands_total,eco_sector_ind,1997,215.256
svn,sex_m,age_10yrbands_total,eco_sector_ind,1998,209.345
svn,sex_m,age_10yrbands_total,eco_sector_ind,1999,199.232
svn,sex_m,age_10yrbands_total,eco_sector_ind,2000,197.622
svn,sex_m,age_10yrbands_total,eco_sector_ind,2001,206.349
svn,sex_m,age_10yrbands_total,eco_sector_ind,2002,210.232
svn,sex_m,age_10yrbands_total,eco_sector_ind,2003,206.507
svn,sex_m,age_10yrbands_total,eco_sector_ind,2004,209.881
svn,sex_m,age_10yrbands_total,eco_sector_ind,2005,218.325
svn,sex_m,age_10yrbands_total,eco_sector_ind,2006,212.322
svn,sex_m,age_10yrbands_total,eco_sector_ind,2007,218.589
svn,sex_m,age_10yrbands_total,eco_sector_ind,2008,224.653
svn,sex_m,age_10yrbands_total,eco_sector_ind,2009,201.261
svn,sex_m,age_10yrbands_total,eco_sector_ind,2010,196.358
svn,sex_m,age_10yrbands_total,eco_sector_ind,2011,191.519
svn,sex_m,age_10yrbands_total,eco_sector_ind,2012,184.663
svn,sex_m,age_10yrbands_total,eco_sector_ind,2013,183.325
svn,sex_m,age_10yrbands_total,eco_sector_ind,2014,185.31
svn,sex_m,age_10yrbands_total,eco_sector_ind,2015,190.23
svn,sex_m,age_10yrbands_total,eco_sector_ind,2016,196.721
svn,sex_m,age_10yrbands_total,eco_sector_ind,2017,210.905
svn,sex_m,age_10yrbands_total,eco_sector_ind,2018,208.596
svn,sex_m,age_10yrbands_total,eco_sector_ind,2019,217.493
svn,sex_m,age_10yrbands_total,eco_sector_ind,2020,222.845
svn,sex_m,age_10yrbands_total,eco_sector_ind,2021,191.153
svn,sex_m,age_10yrbands_total,eco_sector_ind,2022,195.289
svn,sex_m,age_10yrbands_total,eco_sector_ind,2023,206.983
svn,sex_m,age_10yrbands_total,eco_sector_nag,1996,363.026
svn,sex_m,age_10yrbands_total,eco_sector_nag,1997,372.067
svn,sex_m,age_10yrbands_total,eco_sector_nag,1998,374.238
svn,sex_m,age_10yrbands_total,eco_sector_nag,1999,373.111
svn,sex_m,age_10yrbands_total,eco_sector_nag,2000,385.283
svn,sex_m,age_10yrbands_total,eco_sector_nag,2001,392.392
svn,sex_m,age_10yrbands_total,eco_sector_nag,2002,396.214
svn,sex_m,age_10yrbands_total,eco_sector_nag,2003,400.664
svn,sex_m,age_10yrbands_total,eco_sector_nag,2004,411.803
svn,sex_m,age_10yrbands_total,eco_sector_nag,2005,419.705
svn,sex_m,age_10yrbands_total,eco_sector_nag,2006,418.02
svn,sex_m,age_10yrbands_total,eco_sector_nag,2007,433.535
svn,sex_m,age_10yrbands_total,eco_sector_nag,2008,444.676
svn,sex_m,age_10yrbands_total,eco_sector_nag,2009,422.523
svn,sex_m,age_10yrbands_total,eco_sector_nag,2010,412.32
svn,sex_m,age_10yrbands_total,eco_sector_nag,2011,399.796
svn,sex_m,age_10yrbands_total,eco_sector_nag,2012,397.317
svn,sex_m,age_10yrbands_total,eco_sector_nag,2013,391.58
svn,sex_m,age_10yrbands_total,eco_sector_nag,2014,390.072
svn,sex_m,age_10yrbands_total,eco_sector_nag,2015,399.372
svn,sex_m,age_10yrbands_total,eco_sector_nag,2016,401.124
svn,sex_m,age_10yrbands_total,eco_sector_nag,2017,421.823
svn,sex_m,age_10yrbands_total,eco_sector_nag,2018,429.553
svn,sex_m,age_10yrbands_total,eco_sector_nag,2019,437.36
svn,sex_m,age_10yrbands_total,eco_sector_nag,2020,447.475
svn,sex_m,age_10yrbands_total,eco_sector_nag,2021,433.269
svn,sex_m,age_10yrbands_total,eco_sector_nag,2022,439.828
svn,sex_m,age_10yrbands_total,eco_sector_nag,2023,439.228
svn,sex_m,age_10yrbands_total,eco_sector_ser,1996,150.157
svn,sex_m,age_10yrbands_total,eco_sector_ser,1997,155.543
svn,sex_m,age_10yrbands_total,eco_sector_ser,1998,162.353
svn,sex_m,age_10yrbands_total,eco_sector_ser,1999,171.724
svn,sex_m,age_10yrbands_total,eco_sector_ser,2000,184.263
svn,sex_m,age_10yrbands_total,eco_sector_ser,2001,180.914
svn,sex_m,age_10yrbands_total,eco_sector_ser,2002,182.936
svn,sex_m,age_10yrbands_total,eco_sector_ser,2003,190.968
svn,sex_m,age_10yrbands_total,eco_sector_ser,2004,196.11
svn,sex_m,age_10yrbands_total,eco_sector_ser,2005,198.796
svn,sex_m,age_10yrbands_total,eco_sector_ser,2006,203.98
svn,sex_m,age_10yrbands_total,eco_sector_ser,2007,210.455
svn,sex_m,age_10yrbands_total,eco_sector_ser,2008,217.727
svn,sex_m,age_10yrbands_total,eco_sector_ser,2009,218.407
svn,sex_m,age_10yrbands_total,eco_sector_ser,2010,213.885
svn,sex_m,age_10yrbands_total,eco_sector_ser,2011,206.235
svn,sex_m,age_10yrbands_total,eco_sector_ser,2012,210.65
svn,sex_m,age_10yrbands_total,eco_sector_ser,2013,205.683
svn,sex_m,age_10yrbands_total,eco_sector_ser,2014,202.376
svn,sex_m,age_10yrbands_total,eco_sector_ser,2015,203.702
svn,sex_m,age_10yrbands_total,eco_sector_ser,2016,200.316
svn,sex_m,age_10yrbands_total,eco_sector_ser,2017,208.49
svn,sex_m,age_10yrbands_total,eco_sector_ser,2018,218.361
svn,sex_m,age_10yrbands_total,eco_sector_ser,2019,217.341
svn,sex_m,age_10yrbands_total,eco_sector_ser,2020,222.45
svn,sex_m,age_10yrbands_total,eco_sector_ser,2021,239.451
svn,sex_m,age_10yrbands_total,eco_sector_ser,2022,242.372
svn,sex_m,age_10yrbands_total,eco_sector_ser,2023,230.21
svn,sex_m,age_10yrbands_total,eco_sector_total,1996,371.523
svn,sex_m,age_10yrbands_total,eco_sector_total,1997,380.374
svn,sex_m,age_10yrbands_total,eco_sector_total,1998,379.452
svn,sex_m,age_10yrbands_total,eco_sector_total,1999,379.067
svn,sex_m,age_10yrbands_total,eco_sector_total,2000,391.461
svn,sex_m,age_10yrbands_total,eco_sector_total,2001,399.033
svn,sex_m,age_10yrbands_total,eco_sector_total,2002,404.468
svn,sex_m,age_10yrbands_total,eco_sector_total,2003,407.292
svn,sex_m,age_10yrbands_total,eco_sector_total,2004,420.465
svn,sex_m,age_10yrbands_total,eco_sector_total,2005,426.701
svn,sex_m,age_10yrbands_total,eco_sector_total,2006,426.189
svn,sex_m,age_10yrbands_total,eco_sector_total,2007,442.058
svn,sex_m,age_10yrbands_total,eco_sector_total,2008,453.379
svn,sex_m,age_10yrbands_total,eco_sector_total,2009,429.626
svn,sex_m,age_10yrbands_total,eco_sector_total,2010,418.815
svn,sex_m,age_10yrbands_total,eco_sector_total,2011,406.456
svn,sex_m,age_10yrbands_total,eco_sector_total,2012,404.027
svn,sex_m,age_10yrbands_total,eco_sector_total,2013,397.592
svn,sex_m,age_10yrbands_total,eco_sector_total,2014,395.761
svn,sex_m,age_10yrbands_total,eco_sector_total,2015,405.476
svn,sex_m,age_10yrbands_total,eco_sector_total,2016,406.442
svn,sex_m,age_10yrbands_total,eco_sector_total,2017,427.769
svn,sex_m,age_10yrbands_total,eco_sector_total,2018,434.896
svn,sex_m,age_10yrbands_total,eco_sector_total,2019,441.652
svn,sex_m,age_10yrbands_total,eco_sector_total,2020,451.925
svn,sex_m,age_10yrbands_total,eco_sector_total,2021,436.317
svn,sex_m,age_10yrbands_total,eco_sector_total,2022,442.779
svn,sex_m,age_10yrbands_total,eco_sector_total,2023,443.077
svn,sex_m,age_10yrbands_total,eco_sector_x,1996,0.471
svn,sex_m,age_10yrbands_total,eco_sector_x,1997,1.267
svn,sex_m,age_10yrbands_total,eco_sector_x,1998,2.539
svn,sex_m,age_10yrbands_total,eco_sector_x,1999,2.155
svn,sex_m,age_10yrbands_total,eco_sector_x,2000,3.399
svn,sex_m,age_10yrbands_total,eco_sector_x,2001,5.129
svn,sex_m,age_10yrbands_total,eco_sector_x,2002,3.045
svn,sex_m,age_10yrbands_total,eco_sector_x,2003,3.188
svn,sex_m,age_10yrbands_total,eco_sector_x,2004,5.812
svn,sex_m,age_10yrbands_total,eco_sector_x,2005,2.584
svn,sex_m,age_10yrbands_total,eco_sector_x,2006,1.718
svn,sex_m,age_10yrbands_total,eco_sector_x,2007,4.49
svn,sex_m,age_10yrbands_total,eco_sector_x,2008,2.297
svn,sex_m,age_10yrbands_total,eco_sector_x,2009,2.856
svn,sex_m,age_10yrbands_total,eco_sector_x,2010,2.077
svn,sex_m,age_10yrbands_total,eco_sector_x,2011,2.041
svn,sex_m,age_10yrbands_total,eco_sector_x,2012,2.004
svn,sex_m,age_10yrbands_total,eco_sector_x,2013,2.571
svn,sex_m,age_10yrbands_total,eco_sector_x,2014,2.386
svn,sex_m,age_10yrbands_total,eco_sector_x,2015,5.44
svn,sex_m,age_10yrbands_total,eco_sector_x,2016,4.088
svn,sex_m,age_10yrbands_total,eco_sector_x,2017,2.427
svn,sex_m,age_10yrbands_total,eco_sector_x,2018,2.596
svn,sex_m,age_10yrbands_total,eco_sector_x,2019,2.526
svn,sex_m,age_10yrbands_total,eco_sector_x,2020,2.18
svn,sex_m,age_10yrbands_total,eco_sector_x,2021,2.664
svn,sex_m,age_10yrbands_total,eco_sector_x,2022,2.166
svn,sex_m,age_10yrbands_total,eco_sector_x,2023,2.035
svn,sex_m,age_10yrbands_y15_24,eco_aggregate_agr,1996,1.328
svn,sex_m,age_10yrbands_y15_24,eco_aggregate_agr,1997,1.2
svn,sex_m,age_10yrbands_y15_24,eco_aggregate_agr,1998,0.656
svn,sex_m,age_10yrbands_y15_24,eco_aggregate_agr,1999,0.474
svn,sex_m,age_10yrbands_y15_24,eco_aggregate_agr,2001,0.519
svn,sex_m,age_10yrbands_y15_24,eco_aggregate_agr,2002,0.911
svn,sex_m,age_10yrbands_y15_24,eco_aggregate_agr,2003,0.479
svn,sex_m,age_10yrbands_y15_24,eco_aggregate_agr,2004,1.153
svn,sex_m,age_10yrbands_y15_24,eco_aggregate_agr,2005,0.457
svn,sex_m,age_10yrbands_y15_24,eco_aggregate_agr,2006,0.973
svn,sex_m,age_10yrbands_y15_24,eco_aggregate_agr,2007,0.95
svn,sex_m,age_10yrbands_y15_24,eco_aggregate_agr,2008,0.858
svn,sex_m,age_10yrbands_y15_24,eco_aggregate_agr,2009,0.752
svn,sex_m,age_10yrbands_y15_24,eco_aggregate_agr,2010,0.569
svn,sex_m,age_10yrbands_y15_24,eco_aggregate_agr,2011,0.446
svn,sex_m,age_10yrbands_y15_24,eco_aggregate_agr,2012,0.375
svn,sex_m,age_10yrbands_y15_24,eco_aggregate_agr,2013,0.678
svn,sex_m,age_10yrbands_y15_24,eco_aggregate_agr,2014,0.628
svn,sex_m,age_10yrbands_y15_24,eco_aggregate_agr,2015,0.36
svn,sex_m,age_10yrbands_y15_24,eco_aggregate_agr,2016,0.165
svn,sex_m,age_10yrbands_y15_24,eco_aggregate_agr,2017,0.4
svn,sex_m,age_10yrbands_y15_24,eco_aggregate_agr,2018,0.297
svn,sex_m,age_10yrbands_y15_24,eco_aggregate_agr,2019,0.5
svn,sex_m,age_10yrbands_y15_24,eco_aggregate_agr,2020,0.349
svn,sex_m,age_10yrbands_y15_24,eco_aggregate_agr,2021,0.224
svn,sex_m,age_10yrbands_y15_24,eco_aggregate_agr,2022,0.114
svn,sex_m,age_10yrbands_y15_24,eco_aggregate_agr,2023,0.205
svn,sex_m,age_10yrbands_y15_24,eco_aggregate_con,1996,5.846
svn,sex_m,age_10yrbands_y15_24,eco_aggregate_con,1997,6.642
svn,sex_m,age_10yrbands_y15_24,eco_aggregate_con,1998,5.299
svn,sex_m,age_10yrbands_y15_24,eco_aggregate_con,1999,5.809
svn,sex_m,age_10yrbands_y15_24,eco_aggregate_con,2000,4.82
svn,sex_m,age_10yrbands_y15_24,eco_aggregate_con,2001,4.987
svn,sex_m,age_10yrbands_y15_24,eco_aggregate_con,2002,5.12
svn,sex_m,age_10yrbands_y15_24,eco_aggregate_con,2003,3.793
svn,sex_m,age_10yrbands_y15_24,eco_aggregate_con,2004,4.753
svn,sex_m,age_10yrbands_y15_24,eco_aggregate_con,2005,5.014
svn,sex_m,age_10yrbands_y15_24,eco_aggregate_con,2006,5.18
svn,sex_m,age_10yrbands_y15_24,eco_aggregate_con,2007,5.264
svn,sex_m,age_10yrbands_y15_24,eco_aggregate_con,2008,7.112
svn,sex_m,age_10yrbands_y15_24,eco_aggregate_con,2009,5.945
svn,sex_m,age_10yrbands_y15_24,eco_aggregate_con,2010,4.556
svn,sex_m,age_10yrbands_y15_24,eco_aggregate_con,2011,3.47
svn,sex_m,age_10yrbands_y15_24,eco_aggregate_con,2012,2.828
svn,sex_m,age_10yrbands_y15_24,eco_aggregate_con,2013,2.958
svn,sex_m,age_10yrbands_y15_24,eco_aggregate_con,2014,2.806
svn,sex_m,age_10yrbands_y15_24,eco_aggregate_con,2015,2.488
svn,sex_m,age_10yrbands_y15_24,eco_aggregate_con,2016,1.871
svn,sex_m,age_10yrbands_y15_24,eco_aggregate_con,2017,1.884
svn,sex_m,age_10yrbands_y15_24,eco_aggregate_con,2018,2.901
svn,sex_m,age_10yrbands_y15_24,eco_aggregate_con,2019,2.506
svn,sex_m,age_10yrbands_y15_24,eco_aggregate_con,2020,2.689
svn,sex_m,age_10yrbands_y15_24,eco_aggregate_con,2021,2.417
svn,sex_m,age_10yrbands_y15_24,eco_aggregate_con,2022,2.873
svn,sex_m,age_10yrbands_y15_24,eco_aggregate_con,2023,4.563
svn,sex_m,age_10yrbands_y15_24,eco_aggregate_man,1996,23.538
svn,sex_m,age_10yrbands_y15_24,eco_aggregate_man,1997,23.341
svn,sex_m,age_10yrbands_y15_24,eco_aggregate_man,1998,20.659
svn,sex_m,age_10yrbands_y15_24,eco_aggregate_man,1999,16.383
svn,sex_m,age_10yrbands_y15_24,eco_aggregate_man,2000,17.737
svn,sex_m,age_10yrbands_y15_24,eco_aggregate_man,2001,17.822
svn,sex_m,age_10yrbands_y15_24,eco_aggregate_man,2002,19.013
svn,sex_m,age_10yrbands_y15_24,eco_aggregate_man,2003,17.21
svn,sex_m,age_10yrbands_y15_24,eco_aggregate_man,2004,16.331
svn,sex_m,age_10yrbands_y15_24,eco_aggregate_man,2005,17.356
svn,sex_m,age_10yrbands_y15_24,eco_aggregate_man,2006,18.216
svn,sex_m,age_10yrbands_y15_24,eco_aggregate_man,2007,18.992
svn,sex_m,age_10yrbands_y15_24,eco_aggregate_man,2008,15.873
svn,sex_m,age_10yrbands_y15_24,eco_aggregate_man,2009,11.394
svn,sex_m,age_10yrbands_y15_24,eco_aggregate_man,2010,11.417
svn,sex_m,age_10yrbands_y15_24,eco_aggregate_man,2011,11.627
svn,sex_m,age_10yrbands_y15_24,eco_aggregate_man,2012,9.211
svn,sex_m,age_10yrbands_y15_24,eco_aggregate_man,2013,9.86
svn,sex_m,age_10yrbands_y15_24,eco_aggregate_man,2014,9.573
svn,sex_m,age_10yrbands_y15_24,eco_aggregate_man,2015,10.223
svn,sex_m,age_10yrbands_y15_24,eco_aggregate_man,2016,11.276
svn,sex_m,age_10yrbands_y15_24,eco_aggregate_man,2017,15.142
svn,sex_m,age_10yrbands_y15_24,eco_aggregate_man,2018,14.013
svn,sex_m,age_10yrbands_y15_24,eco_aggregate_man,2019,12.252
svn,sex_m,age_10yrbands_y15_24,eco_aggregate_man,2020,10.314
svn,sex_m,age_10yrbands_y15_24,eco_aggregate_man,2021,10.822
svn,sex_m,age_10yrbands_y15_24,eco_aggregate_man,2022,10.974
svn,sex_m,age_10yrbands_y15_24,eco_aggregate_man,2023,12.209
svn,sex_m,age_10yrbands_y15_24,eco_aggregate_mel,1996,1.42
svn,sex_m,age_10yrbands_y15_24,eco_aggregate_mel,1997,1.395
svn,sex_m,age_10yrbands_y15_24,eco_aggregate_mel,1998,1.01
svn,sex_m,age_10yrbands_y15_24,eco_aggregate_mel,1999,0.536
svn,sex_m,age_10yrbands_y15_24,eco_aggregate_mel,2000,0.761
svn,sex_m,age_10yrbands_y15_24,eco_aggregate_mel,2004,0.793
svn,sex_m,age_10yrbands_y15_24,eco_aggregate_mel,2005,0.617
svn,sex_m,age_10yrbands_y15_24,eco_aggregate_mel,2006,0.738
svn,sex_m,age_10yrbands_y15_24,eco_aggregate_mel,2007,0.527
svn,sex_m,age_10yrbands_y15_24,eco_aggregate_mel,2008,0.802
svn,sex_m,age_10yrbands_y15_24,eco_aggregate_mel,2009,0.954
svn,sex_m,age_10yrbands_y15_24,eco_aggregate_mel,2010,0.483
svn,sex_m,age_10yrbands_y15_24,eco_aggregate_mel,2011,0.61
svn,sex_m,age_10yrbands_y15_24,eco_aggregate_mel,2012,1.088
svn,sex_m,age_10yrbands_y15_24,eco_aggregate_mel,2013,0.742
svn,sex_m,age_10yrbands_y15_24,eco_aggregate_mel,2014,0.494
svn,sex_m,age_10yrbands_y15_24,eco_aggregate_mel,2015,0.657
svn,sex_m,age_10yrbands_y15_24,eco_aggregate_mel,2016,0.564
svn,sex_m,age_10yrbands_y15_24,eco_aggregate_mel,2017,1.123
svn,sex_m,age_10yrbands_y15_24,eco_aggregate_mel,2018,0.903
svn,sex_m,age_10yrbands_y15_24,eco_aggregate_mel,2019,1.199
svn,sex_m,age_10yrbands_y15_24,eco_aggregate_mel,2020,0.751
svn,sex_m,age_10yrbands_y15_24,eco_aggregate_mel,2021,0.708
svn,sex_m,age_10yrbands_y15_24,eco_aggregate_mel,2022,0.597
svn,sex_m,age_10yrbands_y15_24,eco_aggregate_mel,2023,0.737
svn,sex_m,age_10yrbands_y15_24,eco_aggregate_mkt,1996,15.808
svn,sex_m,age_10yrbands_y15_24,eco_aggregate_mkt,1997,18.961
svn,sex_m,age_10yrbands_y15_24,eco_aggregate_mkt,1998,17.521
svn,sex_m,age_10yrbands_y15_24,eco_aggregate_mkt,1999,18.32
svn,sex_m,age_10yrbands_y15_24,eco_aggregate_mkt,2000,17.693
svn,sex_m,age_10yrbands_y15_24,eco_aggregate_mkt,2001,15.29
svn,sex_m,age_10yrbands_y15_24,eco_aggregate_mkt,2002,16.53
svn,sex_m,age_10yrbands_y15_24,eco_aggregate_mkt,2003,15.785
svn,sex_m,age_10yrbands_y15_24,eco_aggregate_mkt,2004,18.249
svn,sex_m,age_10yrbands_y15_24,eco_aggregate_mkt,2005,16.246
svn,sex_m,age_10yrbands_y15_24,eco_aggregate_mkt,2006,16.236
svn,sex_m,age_10yrbands_y15_24,eco_aggregate_mkt,2007,18.428
svn,sex_m,age_10yrbands_y15_24,eco_aggregate_mkt,2008,20.864
svn,sex_m,age_10yrbands_y15_24,eco_aggregate_mkt,2009,19.664
svn,sex_m,age_10yrbands_y15_24,eco_aggregate_mkt,2010,17.739
svn,sex_m,age_10yrbands_y15_24,eco_aggregate_mkt,2011,15.336
svn,sex_m,age_10yrbands_y15_24,eco_aggregate_mkt,2012,11.812
svn,sex_m,age_10yrbands_y15_24,eco_aggregate_mkt,2013,10.581
svn,sex_m,age_10yrbands_y15_24,eco_aggregate_mkt,2014,9.437
svn,sex_m,age_10yrbands_y15_24,eco_aggregate_mkt,2015,10.761
svn,sex_m,age_10yrbands_y15_24,eco_aggregate_mkt,2016,11.222
svn,sex_m,age_10yrbands_y15_24,eco_aggregate_mkt,2017,12.535
svn,sex_m,age_10yrbands_y15_24,eco_aggregate_mkt,2018,13.694
svn,sex_m,age_10yrbands_y15_24,eco_aggregate_mkt,2019,13.798
svn,sex_m,age_10yrbands_y15_24,eco_aggregate_mkt,2020,10.731
svn,sex_m,age_10yrbands_y15_24,eco_aggregate_mkt,2021,12.333
svn,sex_m,age_10yrbands_y15_24,eco_aggregate_mkt,2022,14.098
svn,sex_m,age_10yrbands_y15_24,eco_aggregate_mkt,2023,13.415
svn,sex_m,age_10yrbands_y15_24,eco_aggregate_pub,1996,5.024
svn,sex_m,age_10yrbands_y15_24,eco_aggregate_pub,1997,6.242
svn,sex_m,age_10yrbands_y15_24,eco_aggregate_pub,1998,3.119
svn,sex_m,age_10yrbands_y15_24,eco_aggregate_pub,1999,2.929
svn,sex_m,age_10yrbands_y15_24,eco_aggregate_pub,2000,3.92
svn,sex_m,age_10yrbands_y15_24,eco_aggregate_pub,2001,4.352
svn,sex_m,age_10yrbands_y15_24,eco_aggregate_pub,2002,4.819
svn,sex_m,age_10yrbands_y15_24,eco_aggregate_pub,2003,5.701
svn,sex_m,age_10yrbands_y15_24,eco_aggregate_pub,2004,5.251
svn,sex_m,age_10yrbands_y15_24,eco_aggregate_pub,2005,5.18
svn,sex_m,age_10yrbands_y15_24,eco_aggregate_pub,2006,5.087
svn,sex_m,age_10yrbands_y15_24,eco_aggregate_pub,2007,5.429
svn,sex_m,age_10yrbands_y15_24,eco_aggregate_pub,2008,5.15
svn,sex_m,age_10yrbands_y15_24,eco_aggregate_pub,2009,4.518
svn,sex_m,age_10yrbands_y15_24,eco_aggregate_pub,2010,4.455
svn,sex_m,age_10yrbands_y15_24,eco_aggregate_pub,2011,4.458
svn,sex_m,age_10yrbands_y15_24,eco_aggregate_pub,2012,4.583
svn,sex_m,age_10yrbands_y15_24,eco_aggregate_pub,2013,2.499
svn,sex_m,age_10yrbands_y15_24,eco_aggregate_pub,2014,2.293
svn,sex_m,age_10yrbands_y15_24,eco_aggregate_pub,2015,2.744
svn,sex_m,age_10yrbands_y15_24,eco_aggregate_pub,2016,2.607
svn,sex_m,age_10yrbands_y15_24,eco_aggregate_pub,2017,3.882
svn,sex_m,age_10yrbands_y15_24,eco_aggregate_pub,2018,3.807
svn,sex_m,age_10yrbands_y15_24,eco_aggregate_pub,2019,3.159
svn,sex_m,age_10yrbands_y15_24,eco_aggregate_pub,2020,3.489
svn,sex_m,age_10yrbands_y15_24,eco_aggregate_pub,2021,4.94
svn,sex_m,age_10yrbands_y15_24,eco_aggregate_pub,2022,4.961
svn,sex_m,age_10yrbands_y15_24,eco_aggregate_pub,2023,4.902
svn,sex_m,age_10yrbands_y15_24,eco_aggregate_total,1996,53.112
svn,sex_m,age_10yrbands_y15_24,eco_aggregate_total,1997,57.863
svn,sex_m,age_10yrbands_y15_24,eco_aggregate_total,1998,49.172
svn,sex_m,age_10yrbands_y15_24,eco_aggregate_total,1999,44.708
svn,sex_m,age_10yrbands_y15_24,eco_aggregate_total,2000,45.975
svn,sex_m,age_10yrbands_y15_24,eco_aggregate_total,2001,43.793
svn,sex_m,age_10yrbands_y15_24,eco_aggregate_total,2002,47.3
svn,sex_m,age_10yrbands_y15_24,eco_aggregate_total,2003,44.284
svn,sex_m,age_10yrbands_y15_24,eco_aggregate_total,2004,47.586
svn,sex_m,age_10yrbands_y15_24,eco_aggregate_total,2005,45.625
svn,sex_m,age_10yrbands_y15_24,eco_aggregate_total,2006,46.752
svn,sex_m,age_10yrbands_y15_24,eco_aggregate_total,2007,50.947
svn,sex_m,age_10yrbands_y15_24,eco_aggregate_total,2008,51.381
svn,sex_m,age_10yrbands_y15_24,eco_aggregate_total,2009,43.859
svn,sex_m,age_10yrbands_y15_24,eco_aggregate_total,2010,39.685
svn,sex_m,age_10yrbands_y15_24,eco_aggregate_total,2011,36.515
svn,sex_m,age_10yrbands_y15_24,eco_aggregate_total,2012,30.169
svn,sex_m,age_10yrbands_y15_24,eco_aggregate_total,2013,27.654
svn,sex_m,age_10yrbands_y15_24,eco_aggregate_total,2014,25.525
svn,sex_m,age_10yrbands_y15_24,eco_aggregate_total,2015,27.822
svn,sex_m,age_10yrbands_y15_24,eco_aggregate_total,2016,28.45
svn,sex_m,age_10yrbands_y15_24,eco_aggregate_total,2017,35.532
svn,sex_m,age_10yrbands_y15_24,eco_aggregate_total,2018,36.078
svn,sex_m,age_10yrbands_y15_24,eco_aggregate_total,2019,33.826
svn,sex_m,age_10yrbands_y15_24,eco_aggregate_total,2020,28.663
svn,sex_m,age_10yrbands_y15_24,eco_aggregate_total,2021,31.891
svn,sex_m,age_10yrbands_y15_24,eco_aggregate_total,2022,33.86
svn,sex_m,age_10yrbands_y15_24,eco_aggregate_total,2023,36.365
svn,sex_m,age_10yrbands_y15_24,eco_aggregate_x,1998,0.907
svn,sex_m,age_10yrbands_y15_24,eco_aggregate_x,2000,0.675
svn,sex_m,age_10yrbands_y15_24,eco_aggregate_x,2001,0.715
svn,sex_m,age_10yrbands_y15_24,eco_aggregate_x,2002,0.815
svn,sex_m,age_10yrbands_y15_24,eco_aggregate_x,2003,1.082
svn,sex_m,age_10yrbands_y15_24,eco_aggregate_x,2004,1.057
svn,sex_m,age_10yrbands_y15_24,eco_aggregate_x,2005,0.756
svn,sex_m,age_10yrbands_y15_24,eco_aggregate_x,2006,0.321
svn,sex_m,age_10yrbands_y15_24,eco_aggregate_x,2007,1.356
svn,sex_m,age_10yrbands_y15_24,eco_aggregate_x,2008,0.723
svn,sex_m,age_10yrbands_y15_24,eco_aggregate_x,2009,0.633
svn,sex_m,age_10yrbands_y15_24,eco_aggregate_x,2010,0.466
svn,sex_m,age_10yrbands_y15_24,eco_aggregate_x,2011,0.568
svn,sex_m,age_10yrbands_y15_24,eco_aggregate_x,2012,0.271
svn,sex_m,age_10yrbands_y15_24,eco_aggregate_x,2013,0.335
svn,sex_m,age_10yrbands_y15_24,eco_aggregate_x,2014,0.294
svn,sex_m,age_10yrbands_y15_24,eco_aggregate_x,2015,0.588
svn,sex_m,age_10yrbands_y15_24,eco_aggregate_x,2016,0.745
svn,sex_m,age_10yrbands_y15_24,eco_aggregate_x,2017,0.565
svn,sex_m,age_10yrbands_y15_24,eco_aggregate_x,2018,0.464
svn,sex_m,age_10yrbands_y15_24,eco_aggregate_x,2019,0.413
svn,sex_m,age_10yrbands_y15_24,eco_aggregate_x,2020,0.338
svn,sex_m,age_10yrbands_y15_24,eco_aggregate_x,2021,0.448
svn,sex_m,age_10yrbands_y15_24,eco_aggregate_x,2022,0.244
svn,sex_m,age_10yrbands_y15_24,eco_aggregate_x,2023,0.332
svn,sex_m,age_10yrbands_y15_24,eco_sector_agr,1996,1.328
svn,sex_m,age_10yrbands_y15_24,eco_sector_agr,1997,1.2
svn,sex_m,age_10yrbands_y15_24,eco_sector_agr,1998,0.656
svn,sex_m,age_10yrbands_y15_24,eco_sector_agr,1999,0.474
svn,sex_m,age_10yrbands_y15_24,eco_sector_agr,2001,0.519
svn,sex_m,age_10yrbands_y15_24,eco_sector_agr,2002,0.911
svn,sex_m,age_10yrbands_y15_24,eco_sector_agr,2003,0.479
svn,sex_m,age_10yrbands_y15_24,eco_sector_agr,2004,1.153
svn,sex_m,age_10yrbands_y15_24,eco_sector_agr,2005,0.457
svn,sex_m,age_10yrbands_y15_24,eco_sector_agr,2006,0.973
svn,sex_m,age_10yrbands_y15_24,eco_sector_agr,2007,0.95
svn,sex_m,age_10yrbands_y15_24,eco_sector_agr,2008,0.858
svn,sex_m,age_10yrbands_y15_24,eco_sector_agr,2009,0.752
svn,sex_m,age_10yrbands_y15_24,eco_sector_agr,2010,0.569
svn,sex_m,age_10yrbands_y15_24,eco_sector_agr,2011,0.446
svn,sex_m,age_10yrbands_y15_24,eco_sector_agr,2012,0.375
svn,sex_m,age_10yrbands_y15_24,eco_sector_agr,2013,0.678
svn,sex_m,age_10yrbands_y15_24,eco_sector_agr,2014,0.628
svn,sex_m,age_10yrbands_y15_24,eco_sector_agr,2015,0.36
svn,sex_m,age_10yrbands_y15_24,eco_sector_agr,2016,0.165
svn,sex_m,age_10yrbands_y15_24,eco_sector_agr,2017,0.4
svn,sex_m,age_10yrbands_y15_24,eco_sector_agr,2018,0.297
svn,sex_m,age_10yrbands_y15_24,eco_sector_agr,2019,0.5
svn,sex_m,age_10yrbands_y15_24,eco_sector_agr,2020,0.349
svn,sex_m,age_10yrbands_y15_24,eco_sector_agr,2021,0.224
svn,sex_m,age_10yrbands_y15_24,eco_sector_agr,2022,0.114
svn,sex_m,age_10yrbands_y15_24,eco_sector_agr,2023,0.205
svn,sex_m,age_10yrbands_y15_24,eco_sector_ind,1996,30.805
svn,sex_m,age_10yrbands_y15_24,eco_sector_ind,1997,31.378
svn,sex_m,age_10yrbands_y15_24,eco_sector_ind,1998,26.969
svn,sex_m,age_10yrbands_y15_24,eco_sector_ind,1999,22.728
svn,sex_m,age_10yrbands_y15_24,eco_sector_ind,2000,23.318
svn,sex_m,age_10yrbands_y15_24,eco_sector_ind,2001,22.917
svn,sex_m,age_10yrbands_y15_24,eco_sector_ind,2002,24.225
svn,sex_m,age_10yrbands_y15_24,eco_sector_ind,2003,21.236
svn,sex_m,age_10yrbands_y15_24,eco_sector_ind,2004,21.876
svn,sex_m,age_10yrbands_y15_24,eco_sector_ind,2005,22.987
svn,sex_m,age_10yrbands_y15_24,eco_sector_ind,2006,24.134
svn,sex_m,age_10yrbands_y15_24,eco_sector_ind,2007,24.784
svn,sex_m,age_10yrbands_y15_24,eco_sector_ind,2008,23.787
svn,sex_m,age_10yrbands_y15_24,eco_sector_ind,2009,18.292
svn,sex_m,age_10yrbands_y15_24,eco_sector_ind,2010,16.456
svn,sex_m,age_10yrbands_y15_24,eco_sector_ind,2011,15.707
svn,sex_m,age_10yrbands_y15_24,eco_sector_ind,2012,13.128
svn,sex_m,age_10yrbands_y15_24,eco_sector_ind,2013,13.56
svn,sex_m,age_10yrbands_y15_24,eco_sector_ind,2014,12.873
svn,sex_m,age_10yrbands_y15_24,eco_sector_ind,2015,13.369
svn,sex_m,age_10yrbands_y15_24,eco_sector_ind,2016,13.711
svn,sex_m,age_10yrbands_y15_24,eco_sector_ind,2017,18.149
svn,sex_m,age_10yrbands_y15_24,eco_sector_ind,2018,17.817
svn,sex_m,age_10yrbands_y15_24,eco_sector_ind,2019,15.957
svn,sex_m,age_10yrbands_y15_24,eco_sector_ind,2020,13.755
svn,sex_m,age_10yrbands_y15_24,eco_sector_ind,2021,13.946
svn,sex_m,age_10yrbands_y15_24,eco_sector_ind,2022,14.443
svn,sex_m,age_10yrbands_y15_24,eco_sector_ind,2023,17.51
svn,sex_m,age_10yrbands_y15_24,eco_sector_nag,1996,51.783
svn,sex_m,age_10yrbands_y15_24,eco_sector_nag,1997,56.663
svn,sex_m,age_10yrbands_y15_24,eco_sector_nag,1998,48.515
svn,sex_m,age_10yrbands_y15_24,eco_sector_nag,1999,44.234
svn,sex_m,age_10yrbands_y15_24,eco_sector_nag,2001,43.274
svn,sex_m,age_10yrbands_y15_24,eco_sector_nag,2002,46.389
svn,sex_m,age_10yrbands_y15_24,eco_sector_nag,2003,43.804
svn,sex_m,age_10yrbands_y15_24,eco_sector_nag,2004,46.433
svn,sex_m,age_10yrbands_y15_24,eco_sector_nag,2005,45.168
svn,sex_m,age_10yrbands_y15_24,eco_sector_nag,2006,45.778
svn,sex_m,age_10yrbands_y15_24,eco_sector_nag,2007,49.996
svn,sex_m,age_10yrbands_y15_24,eco_sector_nag,2008,50.523
svn,sex_m,age_10yrbands_y15_24,eco_sector_nag,2009,43.107
svn,sex_m,age_10yrbands_y15_24,eco_sector_nag,2010,39.116
svn,sex_m,age_10yrbands_y15_24,eco_sector_nag,2011,36.069
svn,sex_m,age_10yrbands_y15_24,eco_sector_nag,2012,29.794
svn,sex_m,age_10yrbands_y15_24,eco_sector_nag,2013,26.976
svn,sex_m,age_10yrbands_y15_24,eco_sector_nag,2014,24.897
svn,sex_m,age_10yrbands_y15_24,eco_sector_nag,2015,27.462
svn,sex_m,age_10yrbands_y15_24,eco_sector_nag,2016,28.285
svn,sex_m,age_10yrbands_y15_24,eco_sector_nag,2017,35.132
svn,sex_m,age_10yrbands_y15_24,eco_sector_nag,2018,35.781
svn,sex_m,age_10yrbands_y15_24,eco_sector_nag,2019,33.327
svn,sex_m,age_10yrbands_y15_24,eco_sector_nag,2020,28.313
svn,sex_m,age_10yrbands_y15_24,eco_sector_nag,2021,31.667
svn,sex_m,age_10yrbands_y15_24,eco_sector_nag,2022,33.746
svn,sex_m,age_10yrbands_y15_24,eco_sector_nag,2023,36.159
svn,sex_m,age_10yrbands_y15_24,eco_sector_ser,1996,20.832
svn,sex_m,age_10yrbands_y15_24,eco_sector_ser,1997,25.202
svn,sex_m,age_10yrbands_y15_24,eco_sector_ser,1998,20.64
svn,sex_m,age_10yrbands_y15_24,eco_sector_ser,1999,21.249
svn,sex_m,age_10yrbands_y15_24,eco_sector_ser,2000,21.613
svn,sex_m,age_10yrbands_y15_24,eco_sector_ser,2001,19.642
svn,sex_m,age_10yrbands_y15_24,eco_sector_ser,2002,21.349
svn,sex_m,age_10yrbands_y15_24,eco_sector_ser,2003,21.486
svn,sex_m,age_10yrbands_y15_24,eco_sector_ser,2004,23.5
svn,sex_m,age_10yrbands_y15_24,eco_sector_ser,2005,21.426
svn,sex_m,age_10yrbands_y15_24,eco_sector_ser,2006,21.323
svn,sex_m,age_10yrbands_y15_24,eco_sector_ser,2007,23.856
svn,sex_m,age_10yrbands_y15_24,eco_sector_ser,2008,26.014
svn,sex_m,age_10yrbands_y15_24,eco_sector_ser,2009,24.182
svn,sex_m,age_10yrbands_y15_24,eco_sector_ser,2010,22.194
svn,sex_m,age_10yrbands_y15_24,eco_sector_ser,2011,19.794
svn,sex_m,age_10yrbands_y15_24,eco_sector_ser,2012,16.395
svn,sex_m,age_10yrbands_y15_24,eco_sector_ser,2013,13.08
svn,sex_m,age_10yrbands_y15_24,eco_sector_ser,2014,11.73
svn,sex_m,age_10yrbands_y15_24,eco_sector_ser,2015,13.505
svn,sex_m,age_10yrbands_y15_24,eco_sector_ser,2016,13.829
svn,sex_m,age_10yrbands_y15_24,eco_sector_ser,2017,16.418
svn,sex_m,age_10yrbands_y15_24,eco_sector_ser,2018,17.501
svn,sex_m,age_10yrbands_y15_24,eco_sector_ser,2019,16.957
svn,sex_m,age_10yrbands_y15_24,eco_sector_ser,2020,14.22
svn,sex_m,age_10yrbands_y15_24,eco_sector_ser,2021,17.273
svn,sex_m,age_10yrbands_y15_24,eco_sector_ser,2022,19.059
svn,sex_m,age_10yrbands_y15_24,eco_sector_ser,2023,18.317
svn,sex_m,age_10yrbands_y15_24,eco_sector_total,1996,53.112
svn,sex_m,age_10yrbands_y15_24,eco_sector_total,1997,57.863
svn,sex_m,age_10yrbands_y15_24,eco_sector_total,1998,49.172
svn,sex_m,age_10yrbands_y15_24,eco_sector_total,1999,44.708
svn,sex_m,age_10yrbands_y15_24,eco_sector_total,2000,45.975
svn,sex_m,age_10yrbands_y15_24,eco_sector_total,2001,43.793
svn,sex_m,age_10yrbands_y15_24,eco_sector_total,2002,47.3
svn,sex_m,age_10yrbands_y15_24,eco_sector_total,2003,44.284
svn,sex_m,age_10yrbands_y15_24,eco_sector_total,2004,47.586
svn,sex_m,age_10yrbands_y15_24,eco_sector_total,2005,45.625
svn,sex_m,age_10yrbands_y15_24,eco_sector_total,2006,46.752
svn,sex_m,age_10yrbands_y15_24,eco_sector_total,2007,50.947
svn,sex_m,age_10yrbands_y15_24,eco_sector_total,2008,51.381
svn,sex_m,age_10yrbands_y15_24,eco_sector_total,2009,43.859
svn,sex_m,age_10yrbands_y15_24,eco_sector_total,2010,39.685
svn,sex_m,age_10yrbands_y15_24,eco_sector_total,2011,36.515
svn,sex_m,age_10yrbands_y15_24,eco_sector_total,2012,30.169
svn,sex_m,age_10yrbands_y15_24,eco_sector_total,2013,27.654
svn,sex_m,age_10yrbands_y15_24,eco_sector_total,2014,25.525
svn,sex_m,age_10yrbands_y15_24,eco_sector_total,2015,27.822
svn,sex_m,age_10yrbands_y15_24,eco_sector_total,2016,28.45
svn,sex_m,age_10yrbands_y15_24,eco_sector_total,2017,35.532
svn,sex_m,age_10yrbands_y15_24,eco_sector_total,2018,36.078
svn,sex_m,age_10yrbands_y15_24,eco_sector_total,2019,33.826
svn,sex_m,age_10yrbands_y15_24,eco_sector_total,2020,28.663
svn,sex_m,age_10yrbands_y15_24,eco_sector_total,2021,31.891
svn,sex_m,age_10yrbands_y15_24,eco_sector_total,2022,33.86
svn,sex_m,age_10yrbands_y15_24,eco_sector_total,2023,36.365
svn,sex_m,age_10yrbands_y15_24,eco_sector_x,1998,0.907
svn,sex_m,age_10yrbands_y15_24,eco_sector_x,2000,0.675
svn,sex_m,age_10yrbands_y15_24,eco_sector_x,2001,0.715
svn,sex_m,age_10yrbands_y15_24,eco_sector_x,2002,0.815
svn,sex_m,age_10yrbands_y15_24,eco_sector_x,2003,1.082
svn,sex_m,age_10yrbands_y15_24,eco_sector_x,2004,1.057
svn,sex_m,age_10yrbands_y15_24,eco_sector_x,2005,0.756
svn,sex_m,age_10yrbands_y15_24,eco_sector_x,2006,0.321
svn,sex_m,age_10yrbands_y15_24,eco_sector_x,2007,1.356
svn,sex_m,age_10yrbands_y15_24,eco_sector_x,2008,0.723
svn,sex_m,age_10yrbands_y15_24,eco_sector_x,2009,0.633
svn,sex_m,age_10yrbands_y15_24,eco_sector_x,2010,0.466
svn,sex_m,age_10yrbands_y15_24,eco_sector_x,2011,0.568
svn,sex_m,age_10yrbands_y15_24,eco_sector_x,2012,0.271
svn,sex_m,age_10yrbands_y15_24,eco_sector_x,2013,0.335
svn,sex_m,age_10yrbands_y15_24,eco_sector_x,2014,0.294
svn,sex_m,age_10yrbands_y15_24,eco_sector_x,2015,0.588
svn,sex_m,age_10yrbands_y15_24,eco_sector_x,2016,0.745
svn,sex_m,age_10yrbands_y15_24,eco_sector_x,2017,0.565
svn,sex_m,age_10yrbands_y15_24,eco_sector_x,2018,0.464
svn,sex_m,age_10yrbands_y15_24,eco_sector_x,2019,0.413
svn,sex_m,age_10yrbands_y15_24,eco_sector_x,2020,0.338
svn,sex_m,age_10yrbands_y15_24,eco_sector_x,2021,0.448
svn,sex_m,age_10yrbands_y15_24,eco_sector_x,2022,0.244
svn,sex_m,age_10yrbands_y15_24,eco_sector_x,2023,0.332
svn,sex_m,age_10yrbands_y25_34,eco_aggregate_agr,1996,2.549
svn,sex_m,age_10yrbands_y25_34,eco_aggregate_agr,1997,1.668
svn,sex_m,age_10yrbands_y25_34,eco_aggregate_agr,1998,0.921
svn,sex_m,age_10yrbands_y25_34,eco_aggregate_agr,1999,1.053
svn,sex_m,age_10yrbands_y25_34,eco_aggregate_agr,2000,1.318
svn,sex_m,age_10yrbands_y25_34,eco_aggregate_agr,2001,1.434
svn,sex_m,age_10yrbands_y25_34,eco_aggregate_agr,2002,2.077
svn,sex_m,age_10yrbands_y25_34,eco_aggregate_agr,2003,1.245
svn,sex_m,age_10yrbands_y25_34,eco_aggregate_agr,2004,2.013
svn,sex_m,age_10yrbands_y25_34,eco_aggregate_agr,2005,1.324
svn,sex_m,age_10yrbands_y25_34,eco_aggregate_agr,2006,1.795
svn,sex_m,age_10yrbands_y25_34,eco_aggregate_agr,2007,1.802
svn,sex_m,age_10yrbands_y25_34,eco_aggregate_agr,2008,1.873
svn,sex_m,age_10yrbands_y25_34,eco_aggregate_agr,2009,1.091
svn,sex_m,age_10yrbands_y25_34,eco_aggregate_agr,2010,1.381
svn,sex_m,age_10yrbands_y25_34,eco_aggregate_agr,2011,1.356
svn,sex_m,age_10yrbands_y25_34,eco_aggregate_agr,2012,1.509
svn,sex_m,age_10yrbands_y25_34,eco_aggregate_agr,2013,1.594
svn,sex_m,age_10yrbands_y25_34,eco_aggregate_agr,2014,0.961
svn,sex_m,age_10yrbands_y25_34,eco_aggregate_agr,2015,1.43
svn,sex_m,age_10yrbands_y25_34,eco_aggregate_agr,2016,0.915
svn,sex_m,age_10yrbands_y25_34,eco_aggregate_agr,2017,0.769
svn,sex_m,age_10yrbands_y25_34,eco_aggregate_agr,2018,0.689
svn,sex_m,age_10yrbands_y25_34,eco_aggregate_agr,2019,1.114
svn,sex_m,age_10yrbands_y25_34,eco_aggregate_agr,2020,0.944
svn,sex_m,age_10yrbands_y25_34,eco_aggregate_agr,2021,0.784
svn,sex_m,age_10yrbands_y25_34,eco_aggregate_agr,2022,0.911
svn,sex_m,age_10yrbands_y25_34,eco_aggregate_agr,2023,0.66
svn,sex_m,age_10yrbands_y25_34,eco_aggregate_con,1996,9.398
svn,sex_m,age_10yrbands_y25_34,eco_aggregate_con,1997,11.976
svn,sex_m,age_10yrbands_y25_34,eco_aggregate_con,1998,9.341
svn,sex_m,age_10yrbands_y25_34,eco_aggregate_con,1999,7.955
svn,sex_m,age_10yrbands_y25_34,eco_aggregate_con,2000,11.255
svn,sex_m,age_10yrbands_y25_34,eco_aggregate_con,2001,11.856
svn,sex_m,age_10yrbands_y25_34,eco_aggregate_con,2002,9.741
svn,sex_m,age_10yrbands_y25_34,eco_aggregate_con,2003,11.007
svn,sex_m,age_10yrbands_y25_34,eco_aggregate_con,2004,10.219
svn,sex_m,age_10yrbands_y25_34,eco_aggregate_con,2005,12.95
svn,sex_m,age_10yrbands_y25_34,eco_aggregate_con,2006,9.936
svn,sex_m,age_10yrbands_y25_34,eco_aggregate_con,2007,9.532
svn,sex_m,age_10yrbands_y25_34,eco_aggregate_con,2008,12.594
svn,sex_m,age_10yrbands_y25_34,eco_aggregate_con,2009,10.945
svn,sex_m,age_10yrbands_y25_34,eco_aggregate_con,2010,9.417
svn,sex_m,age_10yrbands_y25_34,eco_aggregate_con,2011,9.029
svn,sex_m,age_10yrbands_y25_34,eco_aggregate_con,2012,9.119
svn,sex_m,age_10yrbands_y25_34,eco_aggregate_con,2013,8.983
svn,sex_m,age_10yrbands_y25_34,eco_aggregate_con,2014,9.31
svn,sex_m,age_10yrbands_y25_34,eco_aggregate_con,2015,9.07
svn,sex_m,age_10yrbands_y25_34,eco_aggregate_con,2016,9.118
svn,sex_m,age_10yrbands_y25_34,eco_aggregate_con,2017,9.656
svn,sex_m,age_10yrbands_y25_34,eco_aggregate_con,2018,9.032
svn,sex_m,age_10yrbands_y25_34,eco_aggregate_con,2019,6.988
svn,sex_m,age_10yrbands_y25_34,eco_aggregate_con,2020,9.558
svn,sex_m,age_10yrbands_y25_34,eco_aggregate_con,2021,7.17
svn,sex_m,age_10yrbands_y25_34,eco_aggregate_con,2022,7.826
svn,sex_m,age_10yrbands_y25_34,eco_aggregate_con,2023,9.49
svn,sex_m,age_10yrbands_y25_34,eco_aggregate_man,1996,44.73
svn,sex_m,age_10yrbands_y25_34,eco_aggregate_man,1997,42.93
svn,sex_m,age_10yrbands_y25_34,eco_aggregate_man,1998,46.371
svn,sex_m,age_10yrbands_y25_34,eco_aggregate_man,1999,50.397
svn,sex_m,age_10yrbands_y25_34,eco_aggregate_man,2000,43.73
svn,sex_m,age_10yrbands_y25_34,eco_aggregate_man,2001,44.972
svn,sex_m,age_10yrbands_y25_34,eco_aggregate_man,2002,41.16
svn,sex_m,age_10yrbands_y25_34,eco_aggregate_man,2003,43.966
svn,sex_m,age_10yrbands_y25_34,eco_aggregate_man,2004,43.634
svn,sex_m,age_10yrbands_y25_34,eco_aggregate_man,2005,39.774
svn,sex_m,age_10yrbands_y25_34,eco_aggregate_man,2006,39.723
svn,sex_m,age_10yrbands_y25_34,eco_aggregate_man,2007,44.951
svn,sex_m,age_10yrbands_y25_34,eco_aggregate_man,2008,42.592
svn,sex_m,age_10yrbands_y25_34,eco_aggregate_man,2009,34.806
svn,sex_m,age_10yrbands_y25_34,eco_aggregate_man,2010,36.325
svn,sex_m,age_10yrbands_y25_34,eco_aggregate_man,2011,34.869
svn,sex_m,age_10yrbands_y25_34,eco_aggregate_man,2012,33.401
svn,sex_m,age_10yrbands_y25_34,eco_aggregate_man,2013,33.158
svn,sex_m,age_10yrbands_y25_34,eco_aggregate_man,2014,32.466
svn,sex_m,age_10yrbands_y25_34,eco_aggregate_man,2015,36.16
svn,sex_m,age_10yrbands_y25_34,eco_aggregate_man,2016,37.424
svn,sex_m,age_10yrbands_y25_34,eco_aggregate_man,2017,39.898
svn,sex_m,age_10yrbands_y25_34,eco_aggregate_man,2018,39.132
svn,sex_m,age_10yrbands_y25_34,eco_aggregate_man,2019,41.338
svn,sex_m,age_10yrbands_y25_34,eco_aggregate_man,2020,41.001
svn,sex_m,age_10yrbands_y25_34,eco_aggregate_man,2021,31.662
svn,sex_m,age_10yrbands_y25_34,eco_aggregate_man,2022,32.066
svn,sex_m,age_10yrbands_y25_34,eco_aggregate_man,2023,31.375
svn,sex_m,age_10yrbands_y25_34,eco_aggregate_mel,1996,5.607
svn,sex_m,age_10yrbands_y25_34,eco_aggregate_mel,1997,4.439
svn,sex_m,age_10yrbands_y25_34,eco_aggregate_mel,1998,3.791
svn,sex_m,age_10yrbands_y25_34,eco_aggregate_mel,1999,3.517
svn,sex_m,age_10yrbands_y25_34,eco_aggregate_mel,2000,3.982
svn,sex_m,age_10yrbands_y25_34,eco_aggregate_mel,2001,4.183
svn,sex_m,age_10yrbands_y25_34,eco_aggregate_mel,2002,3.203
svn,sex_m,age_10yrbands_y25_34,eco_aggregate_mel,2003,2.458
svn,sex_m,age_10yrbands_y25_34,eco_aggregate_mel,2004,2.502
svn,sex_m,age_10yrbands_y25_34,eco_aggregate_mel,2005,2.532
svn,sex_m,age_10yrbands_y25_34,eco_aggregate_mel,2006,3.018
svn,sex_m,age_10yrbands_y25_34,eco_aggregate_mel,2007,2.606
svn,sex_m,age_10yrbands_y25_34,eco_aggregate_mel,2008,3.317
svn,sex_m,age_10yrbands_y25_34,eco_aggregate_mel,2009,4.287
svn,sex_m,age_10yrbands_y25_34,eco_aggregate_mel,2010,3.685
svn,sex_m,age_10yrbands_y25_34,eco_aggregate_mel,2011,4.555
svn,sex_m,age_10yrbands_y25_34,eco_aggregate_mel,2012,4.752
svn,sex_m,age_10yrbands_y25_34,eco_aggregate_mel,2013,3.734
svn,sex_m,age_10yrbands_y25_34,eco_aggregate_mel,2014,3.516
svn,sex_m,age_10yrbands_y25_34,eco_aggregate_mel,2015,2.827
svn,sex_m,age_10yrbands_y25_34,eco_aggregate_mel,2016,3.049
svn,sex_m,age_10yrbands_y25_34,eco_aggregate_mel,2017,3.426
svn,sex_m,age_10yrbands_y25_34,eco_aggregate_mel,2018,4.122
svn,sex_m,age_10yrbands_y25_34,eco_aggregate_mel,2019,2.802
svn,sex_m,age_10yrbands_y25_34,eco_aggregate_mel,2020,2.653
svn,sex_m,age_10yrbands_y25_34,eco_aggregate_mel,2021,1.95
svn,sex_m,age_10yrbands_y25_34,eco_aggregate_mel,2022,2.272
svn,sex_m,age_10yrbands_y25_34,eco_aggregate_mel,2023,3.046
svn,sex_m,age_10yrbands_y25_34,eco_aggregate_mkt,1996,29.909
svn,sex_m,age_10yrbands_y25_34,eco_aggregate_mkt,1997,32.859
svn,sex_m,age_10yrbands_y25_34,eco_aggregate_mkt,1998,31.777
svn,sex_m,age_10yrbands_y25_34,eco_aggregate_mkt,1999,36.595
svn,sex_m,age_10yrbands_y25_34,eco_aggregate_mkt,2000,41.331
svn,sex_m,age_10yrbands_y25_34,eco_aggregate_mkt,2001,40.306
svn,sex_m,age_10yrbands_y25_34,eco_aggregate_mkt,2002,39.067
svn,sex_m,age_10yrbands_y25_34,eco_aggregate_mkt,2003,43.826
svn,sex_m,age_10yrbands_y25_34,eco_aggregate_mkt,2004,41.278
svn,sex_m,age_10yrbands_y25_34,eco_aggregate_mkt,2005,42.225
svn,sex_m,age_10yrbands_y25_34,eco_aggregate_mkt,2006,43.119
svn,sex_m,age_10yrbands_y25_34,eco_aggregate_mkt,2007,43.28
svn,sex_m,age_10yrbands_y25_34,eco_aggregate_mkt,2008,47.453
svn,sex_m,age_10yrbands_y25_34,eco_aggregate_mkt,2009,48.842
svn,sex_m,age_10yrbands_y25_34,eco_aggregate_mkt,2010,45.811
svn,sex_m,age_10yrbands_y25_34,eco_aggregate_mkt,2011,44.679
svn,sex_m,age_10yrbands_y25_34,eco_aggregate_mkt,2012,43.01
svn,sex_m,age_10yrbands_y25_34,eco_aggregate_mkt,2013,40.707
svn,sex_m,age_10yrbands_y25_34,eco_aggregate_mkt,2014,38.332
svn,sex_m,age_10yrbands_y25_34,eco_aggregate_mkt,2015,40.63
svn,sex_m,age_10yrbands_y25_34,eco_aggregate_mkt,2016,35.444
svn,sex_m,age_10yrbands_y25_34,eco_aggregate_mkt,2017,33.687
svn,sex_m,age_10yrbands_y25_34,eco_aggregate_mkt,2018,36.371
svn,sex_m,age_10yrbands_y25_34,eco_aggregate_mkt,2019,38.45
svn,sex_m,age_10yrbands_y25_34,eco_aggregate_mkt,2020,37.618
svn,sex_m,age_10yrbands_y25_34,eco_aggregate_mkt,2021,36.166
svn,sex_m,age_10yrbands_y25_34,eco_aggregate_mkt,2022,35.384
svn,sex_m,age_10yrbands_y25_34,eco_aggregate_mkt,2023,36.748
svn,sex_m,age_10yrbands_y25_34,eco_aggregate_pub,1996,15.96
svn,sex_m,age_10yrbands_y25_34,eco_aggregate_pub,1997,16.562
svn,sex_m,age_10yrbands_y25_34,eco_aggregate_pub,1998,17.267
svn,sex_m,age_10yrbands_y25_34,eco_aggregate_pub,1999,19.085
svn,sex_m,age_10yrbands_y25_34,eco_aggregate_pub,2000,17.722
svn,sex_m,age_10yrbands_y25_34,eco_aggregate_pub,2001,15.937
svn,sex_m,age_10yrbands_y25_34,eco_aggregate_pub,2002,18.842
svn,sex_m,age_10yrbands_y25_34,eco_aggregate_pub,2003,18.234
svn,sex_m,age_10yrbands_y25_34,eco_aggregate_pub,2004,19.882
svn,sex_m,age_10yrbands_y25_34,eco_aggregate_pub,2005,16.844
svn,sex_m,age_10yrbands_y25_34,eco_aggregate_pub,2006,18.709
svn,sex_m,age_10yrbands_y25_34,eco_aggregate_pub,2007,21.494
svn,sex_m,age_10yrbands_y25_34,eco_aggregate_pub,2008,19.402
svn,sex_m,age_10yrbands_y25_34,eco_aggregate_pub,2009,19.081
svn,sex_m,age_10yrbands_y25_34,eco_aggregate_pub,2010,17.827
svn,sex_m,age_10yrbands_y25_34,eco_aggregate_pub,2011,16.616
svn,sex_m,age_10yrbands_y25_34,eco_aggregate_pub,2012,16.191
svn,sex_m,age_10yrbands_y25_34,eco_aggregate_pub,2013,14.787
svn,sex_m,age_10yrbands_y25_34,eco_aggregate_pub,2014,17.606
svn,sex_m,age_10yrbands_y25_34,eco_aggregate_pub,2015,16.48
svn,sex_m,age_10yrbands_y25_34,eco_aggregate_pub,2016,14.92
svn,sex_m,age_10yrbands_y25_34,eco_aggregate_pub,2017,15.24
svn,sex_m,age_10yrbands_y25_34,eco_aggregate_pub,2018,13.959
svn,sex_m,age_10yrbands_y25_34,eco_aggregate_pub,2019,12.574
svn,sex_m,age_10yrbands_y25_34,eco_aggregate_pub,2020,12.258
svn,sex_m,age_10yrbands_y25_34,eco_aggregate_pub,2021,13.101
svn,sex_m,age_10yrbands_y25_34,eco_aggregate_pub,2022,13.749
svn,sex_m,age_10yrbands_y25_34,eco_aggregate_pub,2023,11.672
svn,sex_m,age_10yrbands_y25_34,eco_aggregate_total,1996,108.302
svn,sex_m,age_10yrbands_y25_34,eco_aggregate_total,1997,110.755
svn,sex_m,age_10yrbands_y25_34,eco_aggregate_total,1998,110.169
svn,sex_m,age_10yrbands_y25_34,eco_aggregate_total,1999,119.256
svn,sex_m,age_10yrbands_y25_34,eco_aggregate_total,2000,120.488
svn,sex_m,age_10yrbands_y25_34,eco_aggregate_total,2001,119.826
svn,sex_m,age_10yrbands_y25_34,eco_aggregate_total,2002,115.16
svn,sex_m,age_10yrbands_y25_34,eco_aggregate_total,2003,121.754
svn,sex_m,age_10yrbands_y25_34,eco_aggregate_total,2004,122.503
svn,sex_m,age_10yrbands_y25_34,eco_aggregate_total,2005,116.446
svn,sex_m,age_10yrbands_y25_34,eco_aggregate_total,2006,116.822
svn,sex_m,age_10yrbands_y25_34,eco_aggregate_total,2007,125.273
svn,sex_m,age_10yrbands_y25_34,eco_aggregate_total,2008,127.925
svn,sex_m,age_10yrbands_y25_34,eco_aggregate_total,2009,120.238
svn,sex_m,age_10yrbands_y25_34,eco_aggregate_total,2010,115.225
svn,sex_m,age_10yrbands_y25_34,eco_aggregate_total,2011,111.542
svn,sex_m,age_10yrbands_y25_34,eco_aggregate_total,2012,108.364
svn,sex_m,age_10yrbands_y25_34,eco_aggregate_total,2013,103.552
svn,sex_m,age_10yrbands_y25_34,eco_aggregate_total,2014,102.714
svn,sex_m,age_10yrbands_y25_34,eco_aggregate_total,2015,108.28
svn,sex_m,age_10yrbands_y25_34,eco_aggregate_total,2016,101.877
svn,sex_m,age_10yrbands_y25_34,eco_aggregate_total,2017,103.07
svn,sex_m,age_10yrbands_y25_34,eco_aggregate_total,2018,104.161
svn,sex_m,age_10yrbands_y25_34,eco_aggregate_total,2019,104.475
svn,sex_m,age_10yrbands_y25_34,eco_aggregate_total,2020,104.716
svn,sex_m,age_10yrbands_y25_34,eco_aggregate_total,2021,91.564
svn,sex_m,age_10yrbands_y25_34,eco_aggregate_total,2022,92.498
svn,sex_m,age_10yrbands_y25_34,eco_aggregate_total,2023,93.229
svn,sex_m,age_10yrbands_y25_34,eco_aggregate_x,1998,0.702
svn,sex_m,age_10yrbands_y25_34,eco_aggregate_x,1999,0.654
svn,sex_m,age_10yrbands_y25_34,eco_aggregate_x,2000,1.15
svn,sex_m,age_10yrbands_y25_34,eco_aggregate_x,2001,1.139
svn,sex_m,age_10yrbands_y25_34,eco_aggregate_x,2002,1.069
svn,sex_m,age_10yrbands_y25_34,eco_aggregate_x,2003,1.018
svn,sex_m,age_10yrbands_y25_34,eco_aggregate_x,2004,2.974
svn,sex_m,age_10yrbands_y25_34,eco_aggregate_x,2005,0.796
svn,sex_m,age_10yrbands_y25_34,eco_aggregate_x,2006,0.522
svn,sex_m,age_10yrbands_y25_34,eco_aggregate_x,2007,1.607
svn,sex_m,age_10yrbands_y25_34,eco_aggregate_x,2008,0.694
svn,sex_m,age_10yrbands_y25_34,eco_aggregate_x,2009,1.187
svn,sex_m,age_10yrbands_y25_34,eco_aggregate_x,2010,0.779
svn,sex_m,age_10yrbands_y25_34,eco_aggregate_x,2011,0.438
svn,sex_m,age_10yrbands_y25_34,eco_aggregate_x,2012,0.383
svn,sex_m,age_10yrbands_y25_34,eco_aggregate_x,2013,0.589
svn,sex_m,age_10yrbands_y25_34,eco_aggregate_x,2014,0.523
svn,sex_m,age_10yrbands_y25_34,eco_aggregate_x,2015,1.682
svn,sex_m,age_10yrbands_y25_34,eco_aggregate_x,2016,1.007
svn,sex_m,age_10yrbands_y25_34,eco_aggregate_x,2017,0.395
svn,sex_m,age_10yrbands_y25_34,eco_aggregate_x,2018,0.856
svn,sex_m,age_10yrbands_y25_34,eco_aggregate_x,2019,1.208
svn,sex_m,age_10yrbands_y25_34,eco_aggregate_x,2020,0.684
svn,sex_m,age_10yrbands_y25_34,eco_aggregate_x,2021,0.731
svn,sex_m,age_10yrbands_y25_34,eco_aggregate_x,2022,0.292
svn,sex_m,age_10yrbands_y25_34,eco_aggregate_x,2023,0.238
svn,sex_m,age_10yrbands_y25_34,eco_sector_agr,1996,2.549
svn,sex_m,age_10yrbands_y25_34,eco_sector_agr,1997,1.668
svn,sex_m,age_10yrbands_y25_34,eco_sector_agr,1998,0.921
svn,sex_m,age_10yrbands_y25_34,eco_sector_agr,1999,1.053
svn,sex_m,age_10yrbands_y25_34,eco_sector_agr,2000,1.318
svn,sex_m,age_10yrbands_y25_34,eco_sector_agr,2001,1.434
svn,sex_m,age_10yrbands_y25_34,eco_sector_agr,2002,2.077
svn,sex_m,age_10yrbands_y25_34,eco_sector_agr,2003,1.245
svn,sex_m,age_10yrbands_y25_34,eco_sector_agr,2004,2.013
svn,sex_m,age_10yrbands_y25_34,eco_sector_agr,2005,1.324
svn,sex_m,age_10yrbands_y25_34,eco_sector_agr,2006,1.795
svn,sex_m,age_10yrbands_y25_34,eco_sector_agr,2007,1.802
svn,sex_m,age_10yrbands_y25_34,eco_sector_agr,2008,1.873
svn,sex_m,age_10yrbands_y25_34,eco_sector_agr,2009,1.091
svn,sex_m,age_10yrbands_y25_34,eco_sector_agr,2010,1.381
svn,sex_m,age_10yrbands_y25_34,eco_sector_agr,2011,1.356
svn,sex_m,age_10yrbands_y25_34,eco_sector_agr,2012,1.509
svn,sex_m,age_10yrbands_y25_34,eco_sector_agr,2013,1.594
svn,sex_m,age_10yrbands_y25_34,eco_sector_agr,2014,0.961
svn,sex_m,age_10yrbands_y25_34,eco_sector_agr,2015,1.43
svn,sex_m,age_10yrbands_y25_34,eco_sector_agr,2016,0.915
svn,sex_m,age_10yrbands_y25_34,eco_sector_agr,2017,0.769
svn,sex_m,age_10yrbands_y25_34,eco_sector_agr,2018,0.689
svn,sex_m,age_10yrbands_y25_34,eco_sector_agr,2019,1.114
svn,sex_m,age_10yrbands_y25_34,eco_sector_agr,2020,0.944
svn,sex_m,age_10yrbands_y25_34,eco_sector_agr,2021,0.784
svn,sex_m,age_10yrbands_y25_34,eco_sector_agr,2022,0.911
svn,sex_m,age_10yrbands_y25_34,eco_sector_agr,2023,0.66
svn,sex_m,age_10yrbands_y25_34,eco_sector_ind,1996,59.736
svn,sex_m,age_10yrbands_y25_34,eco_sector_ind,1997,59.345
svn,sex_m,age_10yrbands_y25_34,eco_sector_ind,1998,59.503
svn,sex_m,age_10yrbands_y25_34,eco_sector_ind,1999,61.869
svn,sex_m,age_10yrbands_y25_34,eco_sector_ind,2000,58.967
svn,sex_m,age_10yrbands_y25_34,eco_sector_ind,2001,61.011
svn,sex_m,age_10yrbands_y25_34,eco_sector_ind,2002,54.105
svn,sex_m,age_10yrbands_y25_34,eco_sector_ind,2003,57.431
svn,sex_m,age_10yrbands_y25_34,eco_sector_ind,2004,56.355
svn,sex_m,age_10yrbands_y25_34,eco_sector_ind,2005,55.257
svn,sex_m,age_10yrbands_y25_34,eco_sector_ind,2006,52.676
svn,sex_m,age_10yrbands_y25_34,eco_sector_ind,2007,57.09
svn,sex_m,age_10yrbands_y25_34,eco_sector_ind,2008,58.503
svn,sex_m,age_10yrbands_y25_34,eco_sector_ind,2009,50.037
svn,sex_m,age_10yrbands_y25_34,eco_sector_ind,2010,49.428
svn,sex_m,age_10yrbands_y25_34,eco_sector_ind,2011,48.453
svn,sex_m,age_10yrbands_y25_34,eco_sector_ind,2012,47.271
svn,sex_m,age_10yrbands_y25_34,eco_sector_ind,2013,45.875
svn,sex_m,age_10yrbands_y25_34,eco_sector_ind,2014,45.292
svn,sex_m,age_10yrbands_y25_34,eco_sector_ind,2015,48.057
svn,sex_m,age_10yrbands_y25_34,eco_sector_ind,2016,49.591
svn,sex_m,age_10yrbands_y25_34,eco_sector_ind,2017,52.98
svn,sex_m,age_10yrbands_y25_34,eco_sector_ind,2018,52.286
svn,sex_m,age_10yrbands_y25_34,eco_sector_ind,2019,51.128
svn,sex_m,age_10yrbands_y25_34,eco_sector_ind,2020,53.212
svn,sex_m,age_10yrbands_y25_34,eco_sector_ind,2021,40.782
svn,sex_m,age_10yrbands_y25_34,eco_sector_ind,2022,42.163
svn,sex_m,age_10yrbands_y25_34,eco_sector_ind,2023,43.911
svn,sex_m,age_10yrbands_y25_34,eco_sector_nag,1996,105.754
svn,sex_m,age_10yrbands_y25_34,eco_sector_nag,1997,109.087
svn,sex_m,age_10yrbands_y25_34,eco_sector_nag,1998,109.249
svn,sex_m,age_10yrbands_y25_34,eco_sector_nag,1999,118.202
svn,sex_m,age_10yrbands_y25_34,eco_sector_nag,2000,119.169
svn,sex_m,age_10yrbands_y25_34,eco_sector_nag,2001,118.393
svn,sex_m,age_10yrbands_y25_34,eco_sector_nag,2002,113.083
svn,sex_m,age_10yrbands_y25_34,eco_sector_nag,2003,120.509
svn,sex_m,age_10yrbands_y25_34,eco_sector_nag,2004,120.49
svn,sex_m,age_10yrbands_y25_34,eco_sector_nag,2005,115.122
svn,sex_m,age_10yrbands_y25_34,eco_sector_nag,2006,115.026
svn,sex_m,age_10yrbands_y25_34,eco_sector_nag,2007,123.471
svn,sex_m,age_10yrbands_y25_34,eco_sector_nag,2008,126.052
svn,sex_m,age_10yrbands_y25_34,eco_sector_nag,2009,119.146
svn,sex_m,age_10yrbands_y25_34,eco_sector_nag,2010,113.844
svn,sex_m,age_10yrbands_y25_34,eco_sector_nag,2011,110.187
svn,sex_m,age_10yrbands_y25_34,eco_sector_nag,2012,106.855
svn,sex_m,age_10yrbands_y25_34,eco_sector_nag,2013,101.958
svn,sex_m,age_10yrbands_y25_34,eco_sector_nag,2014,101.754
svn,sex_m,age_10yrbands_y25_34,eco_sector_nag,2015,106.85
svn,sex_m,age_10yrbands_y25_34,eco_sector_nag,2016,100.962
svn,sex_m,age_10yrbands_y25_34,eco_sector_nag,2017,102.301
svn,sex_m,age_10yrbands_y25_34,eco_sector_nag,2018,103.472
svn,sex_m,age_10yrbands_y25_34,eco_sector_nag,2019,103.361
svn,sex_m,age_10yrbands_y25_34,eco_sector_nag,2020,103.772
svn,sex_m,age_10yrbands_y25_34,eco_sector_nag,2021,90.78
svn,sex_m,age_10yrbands_y25_34,eco_sector_nag,2022,91.587
svn,sex_m,age_10yrbands_y25_34,eco_sector_nag,2023,92.569
svn,sex_m,age_10yrbands_y25_34,eco_sector_ser,1996,45.869
svn,sex_m,age_10yrbands_y25_34,eco_sector_ser,1997,49.422
svn,sex_m,age_10yrbands_y25_34,eco_sector_ser,1998,49.044
svn,sex_m,age_10yrbands_y25_34,eco_sector_ser,1999,55.68
svn,sex_m,age_10yrbands_y25_34,eco_sector_ser,2000,59.053
svn,sex_m,age_10yrbands_y25_34,eco_sector_ser,2001,56.243
svn,sex_m,age_10yrbands_y25_34,eco_sector_ser,2002,57.909
svn,sex_m,age_10yrbands_y25_34,eco_sector_ser,2003,62.06
svn,sex_m,age_10yrbands_y25_34,eco_sector_ser,2004,61.16
svn,sex_m,age_10yrbands_y25_34,eco_sector_ser,2005,59.069
svn,sex_m,age_10yrbands_y25_34,eco_sector_ser,2006,61.828
svn,sex_m,age_10yrbands_y25_34,eco_sector_ser,2007,64.774
svn,sex_m,age_10yrbands_y25_34,eco_sector_ser,2008,66.856
svn,sex_m,age_10yrbands_y25_34,eco_sector_ser,2009,67.922
svn,sex_m,age_10yrbands_y25_34,eco_sector_ser,2010,63.638
svn,sex_m,age_10yrbands_y25_34,eco_sector_ser,2011,61.295
svn,sex_m,age_10yrbands_y25_34,eco_sector_ser,2012,59.201
svn,sex_m,age_10yrbands_y25_34,eco_sector_ser,2013,55.494
svn,sex_m,age_10yrbands_y25_34,eco_sector_ser,2014,55.938
svn,sex_m,age_10yrbands_y25_34,eco_sector_ser,2015,57.11
svn,sex_m,age_10yrbands_y25_34,eco_sector_ser,2016,50.364
svn,sex_m,age_10yrbands_y25_34,eco_sector_ser,2017,48.926
svn,sex_m,age_10yrbands_y25_34,eco_sector_ser,2018,50.33
svn,sex_m,age_10yrbands_y25_34,eco_sector_ser,2019,51.025
svn,sex_m,age_10yrbands_y25_34,eco_sector_ser,2020,49.876
svn,sex_m,age_10yrbands_y25_34,eco_sector_ser,2021,49.267
svn,sex_m,age_10yrbands_y25_34,eco_sector_ser,2022,49.133
svn,sex_m,age_10yrbands_y25_34,eco_sector_ser,2023,48.421
svn,sex_m,age_10yrbands_y25_34,eco_sector_total,1996,108.302
svn,sex_m,age_10yrbands_y25_34,eco_sector_total,1997,110.755
svn,sex_m,age_10yrbands_y25_34,eco_sector_total,1998,110.169
svn,sex_m,age_10yrbands_y25_34,eco_sector_total,1999,119.256
svn,sex_m,age_10yrbands_y25_34,eco_sector_total,2000,120.488
svn,sex_m,age_10yrbands_y25_34,eco_sector_total,2001,119.826
svn,sex_m,age_10yrbands_y25_34,eco_sector_total,2002,115.16
svn,sex_m,age_10yrbands_y25_34,eco_sector_total,2003,121.754
svn,sex_m,age_10yrbands_y25_34,eco_sector_total,2004,122.503
svn,sex_m,age_10yrbands_y25_34,eco_sector_total,2005,116.446
svn,sex_m,age_10yrbands_y25_34,eco_sector_total,2006,116.822
svn,sex_m,age_10yrbands_y25_34,eco_sector_total,2007,125.273
svn,sex_m,age_10yrbands_y25_34,eco_sector_total,2008,127.925
svn,sex_m,age_10yrbands_y25_34,eco_sector_total,2009,120.238
svn,sex_m,age_10yrbands_y25_34,eco_sector_total,2010,115.225
svn,sex_m,age_10yrbands_y25_34,eco_sector_total,2011,111.542
svn,sex_m,age_10yrbands_y25_34,eco_sector_total,2012,108.364
svn,sex_m,age_10yrbands_y25_34,eco_sector_total,2013,103.552
svn,sex_m,age_10yrbands_y25_34,eco_sector_total,2014,102.714
svn,sex_m,age_10yrbands_y25_34,eco_sector_total,2015,108.28
svn,sex_m,age_10yrbands_y25_34,eco_sector_total,2016,101.877
svn,sex_m,age_10yrbands_y25_34,eco_sector_total,2017,103.07
svn,sex_m,age_10yrbands_y25_34,eco_sector_total,2018,104.161
svn,sex_m,age_10yrbands_y25_34,eco_sector_total,2019,104.475
svn,sex_m,age_10yrbands_y25_34,eco_sector_total,2020,104.716
svn,sex_m,age_10yrbands_y25_34,eco_sector_total,2021,91.564
svn,sex_m,age_10yrbands_y25_34,eco_sector_total,2022,92.498
svn,sex_m,age_10yrbands_y25_34,eco_sector_total,2023,93.229
svn,sex_m,age_10yrbands_y25_34,eco_sector_x,1998,0.702
svn,sex_m,age_10yrbands_y25_34,eco_sector_x,1999,0.654
svn,sex_m,age_10yrbands_y25_34,eco_sector_x,2000,1.15
svn,sex_m,age_10yrbands_y25_34,eco_sector_x,2001,1.139
svn,sex_m,age_10yrbands_y25_34,eco_sector_x,2002,1.069
svn,sex_m,age_10yrbands_y25_34,eco_sector_x,2003,1.018
svn,sex_m,age_10yrbands_y25_34,eco_sector_x,2004,2.974
svn,sex_m,age_10yrbands_y25_34,eco_sector_x,2005,0.796
svn,sex_m,age_10yrbands_y25_34,eco_sector_x,2006,0.522
svn,sex_m,age_10yrbands_y25_34,eco_sector_x,2007,1.607
svn,sex_m,age_10yrbands_y25_34,eco_sector_x,2008,0.694
svn,sex_m,age_10yrbands_y25_34,eco_sector_x,2009,1.187
svn,sex_m,age_10yrbands_y25_34,eco_sector_x,2010,0.779
svn,sex_m,age_10yrbands_y25_34,eco_sector_x,2011,0.438
svn,sex_m,age_10yrbands_y25_34,eco_sector_x,2012,0.383
svn,sex_m,age_10yrbands_y25_34,eco_sector_x,2013,0.589
svn,sex_m,age_10yrbands_y25_34,eco_sector_x,2014,0.523
svn,sex_m,age_10yrbands_y25_34,eco_sector_x,2015,1.682
svn,sex_m,age_10yrbands_y25_34,eco_sector_x,2016,1.007
svn,sex_m,age_10yrbands_y25_34,eco_sector_x,2017,0.395
svn,sex_m,age_10yrbands_y25_34,eco_sector_x,2018,0.856
svn,sex_m,age_10yrbands_y25_34,eco_sector_x,2019,1.208
svn,sex_m,age_10yrbands_y25_34,eco_sector_x,2020,0.684
svn,sex_m,age_10yrbands_y25_34,eco_sector_x,2021,0.731
svn,sex_m,age_10yrbands_y25_34,eco_sector_x,2022,0.292
svn,sex_m,age_10yrbands_y25_34,eco_sector_x,2023,0.238
svn,sex_m,age_10yrbands_y35_44,eco_aggregate_agr,1996,2.398
svn,sex_m,age_10yrbands_y35_44,eco_aggregate_agr,1997,2.425
svn,sex_m,age_10yrbands_y35_44,eco_aggregate_agr,1998,1.667
svn,sex_m,age_10yrbands_y35_44,eco_aggregate_agr,1999,1.764
svn,sex_m,age_10yrbands_y35_44,eco_aggregate_agr,2000,1.653
svn,sex_m,age_10yrbands_y35_44,eco_aggregate_agr,2001,2.217
svn,sex_m,age_10yrbands_y35_44,eco_aggregate_agr,2002,2.777
svn,sex_m,age_10yrbands_y35_44,eco_aggregate_agr,2003,1.798
svn,sex_m,age_10yrbands_y35_44,eco_aggregate_agr,2004,2.218
svn,sex_m,age_10yrbands_y35_44,eco_aggregate_agr,2005,2.121
svn,sex_m,age_10yrbands_y35_44,eco_aggregate_agr,2006,2.132
svn,sex_m,age_10yrbands_y35_44,eco_aggregate_agr,2007,2.08
svn,sex_m,age_10yrbands_y35_44,eco_aggregate_agr,2008,1.47
svn,sex_m,age_10yrbands_y35_44,eco_aggregate_agr,2009,2.235
svn,sex_m,age_10yrbands_y35_44,eco_aggregate_agr,2010,2.186
svn,sex_m,age_10yrbands_y35_44,eco_aggregate_agr,2011,2.375
svn,sex_m,age_10yrbands_y35_44,eco_aggregate_agr,2012,2.611
svn,sex_m,age_10yrbands_y35_44,eco_aggregate_agr,2013,1.348
svn,sex_m,age_10yrbands_y35_44,eco_aggregate_agr,2014,1.36
svn,sex_m,age_10yrbands_y35_44,eco_aggregate_agr,2015,2.002
svn,sex_m,age_10yrbands_y35_44,eco_aggregate_agr,2016,2.042
svn,sex_m,age_10yrbands_y35_44,eco_aggregate_agr,2017,1.577
svn,sex_m,age_10yrbands_y35_44,eco_aggregate_agr,2018,1.116
svn,sex_m,age_10yrbands_y35_44,eco_aggregate_agr,2019,0.556
svn,sex_m,age_10yrbands_y35_44,eco_aggregate_agr,2020,1.004
svn,sex_m,age_10yrbands_y35_44,eco_aggregate_agr,2021,0.535
svn,sex_m,age_10yrbands_y35_44,eco_aggregate_agr,2022,0.589
svn,sex_m,age_10yrbands_y35_44,eco_aggregate_agr,2023,0.79
svn,sex_m,age_10yrbands_y35_44,eco_aggregate_con,1996,9.012
svn,sex_m,age_10yrbands_y35_44,eco_aggregate_con,1997,11.384
svn,sex_m,age_10yrbands_y35_44,eco_aggregate_con,1998,10.35
svn,sex_m,age_10yrbands_y35_44,eco_aggregate_con,1999,8.749
svn,sex_m,age_10yrbands_y35_44,eco_aggregate_con,2000,7.896
svn,sex_m,age_10yrbands_y35_44,eco_aggregate_con,2001,10.927
svn,sex_m,age_10yrbands_y35_44,eco_aggregate_con,2002,9.629
svn,sex_m,age_10yrbands_y35_44,eco_aggregate_con,2003,10.985
svn,sex_m,age_10yrbands_y35_44,eco_aggregate_con,2004,12.159
svn,sex_m,age_10yrbands_y35_44,eco_aggregate_con,2005,11.166
svn,sex_m,age_10yrbands_y35_44,eco_aggregate_con,2006,11.56
svn,sex_m,age_10yrbands_y35_44,eco_aggregate_con,2007,10.954
svn,sex_m,age_10yrbands_y35_44,eco_aggregate_con,2008,12.708
svn,sex_m,age_10yrbands_y35_44,eco_aggregate_con,2009,10.838
svn,sex_m,age_10yrbands_y35_44,eco_aggregate_con,2010,9.442
svn,sex_m,age_10yrbands_y35_44,eco_aggregate_con,2011,11.702
svn,sex_m,age_10yrbands_y35_44,eco_aggregate_con,2012,12.925
svn,sex_m,age_10yrbands_y35_44,eco_aggregate_con,2013,11.816
svn,sex_m,age_10yrbands_y35_44,eco_aggregate_con,2014,10.403
svn,sex_m,age_10yrbands_y35_44,eco_aggregate_con,2015,11.265
svn,sex_m,age_10yrbands_y35_44,eco_aggregate_con,2016,11.1
svn,sex_m,age_10yrbands_y35_44,eco_aggregate_con,2017,11.663
svn,sex_m,age_10yrbands_y35_44,eco_aggregate_con,2018,10.523
svn,sex_m,age_10yrbands_y35_44,eco_aggregate_con,2019,13.026
svn,sex_m,age_10yrbands_y35_44,eco_aggregate_con,2020,10.683
svn,sex_m,age_10yrbands_y35_44,eco_aggregate_con,2021,9.807
svn,sex_m,age_10yrbands_y35_44,eco_aggregate_con,2022,10.369
svn,sex_m,age_10yrbands_y35_44,eco_aggregate_con,2023,12.303
svn,sex_m,age_10yrbands_y35_44,eco_aggregate_man,1996,49.9
svn,sex_m,age_10yrbands_y35_44,eco_aggregate_man,1997,45.22
svn,sex_m,age_10yrbands_y35_44,eco_aggregate_man,1998,45.086
svn,sex_m,age_10yrbands_y35_44,eco_aggregate_man,1999,41.997
svn,sex_m,age_10yrbands_y35_44,eco_aggregate_man,2000,39.23
svn,sex_m,age_10yrbands_y35_44,eco_aggregate_man,2001,43.436
svn,sex_m,age_10yrbands_y35_44,eco_aggregate_man,2002,45.32
svn,sex_m,age_10yrbands_y35_44,eco_aggregate_man,2003,42.84
svn,sex_m,age_10yrbands_y35_44,eco_aggregate_man,2004,42.157
svn,sex_m,age_10yrbands_y35_44,eco_aggregate_man,2005,48.976
svn,sex_m,age_10yrbands_y35_44,eco_aggregate_man,2006,44.917
svn,sex_m,age_10yrbands_y35_44,eco_aggregate_man,2007,42.441
svn,sex_m,age_10yrbands_y35_44,eco_aggregate_man,2008,40.865
svn,sex_m,age_10yrbands_y35_44,eco_aggregate_man,2009,38.533
svn,sex_m,age_10yrbands_y35_44,eco_aggregate_man,2010,37.966
svn,sex_m,age_10yrbands_y35_44,eco_aggregate_man,2011,39.671
svn,sex_m,age_10yrbands_y35_44,eco_aggregate_man,2012,38.173
svn,sex_m,age_10yrbands_y35_44,eco_aggregate_man,2013,34.68
svn,sex_m,age_10yrbands_y35_44,eco_aggregate_man,2014,35.051
svn,sex_m,age_10yrbands_y35_44,eco_aggregate_man,2015,36.263
svn,sex_m,age_10yrbands_y35_44,eco_aggregate_man,2016,41.107
svn,sex_m,age_10yrbands_y35_44,eco_aggregate_man,2017,43.602
svn,sex_m,age_10yrbands_y35_44,eco_aggregate_man,2018,41.272
svn,sex_m,age_10yrbands_y35_44,eco_aggregate_man,2019,43.236
svn,sex_m,age_10yrbands_y35_44,eco_aggregate_man,2020,44.097
svn,sex_m,age_10yrbands_y35_44,eco_aggregate_man,2021,38.389
svn,sex_m,age_10yrbands_y35_44,eco_aggregate_man,2022,39.039
svn,sex_m,age_10yrbands_y35_44,eco_aggregate_man,2023,39.239
svn,sex_m,age_10yrbands_y35_44,eco_aggregate_mel,1996,6.532
svn,sex_m,age_10yrbands_y35_44,eco_aggregate_mel,1997,5.262
svn,sex_m,age_10yrbands_y35_44,eco_aggregate_mel,1998,5.196
svn,sex_m,age_10yrbands_y35_44,eco_aggregate_mel,1999,5.111
svn,sex_m,age_10yrbands_y35_44,eco_aggregate_mel,2000,5.904
svn,sex_m,age_10yrbands_y35_44,eco_aggregate_mel,2001,5.041
svn,sex_m,age_10yrbands_y35_44,eco_aggregate_mel,2002,4.579
svn,sex_m,age_10yrbands_y35_44,eco_aggregate_mel,2003,5.455
svn,sex_m,age_10yrbands_y35_44,eco_aggregate_mel,2004,5.386
svn,sex_m,age_10yrbands_y35_44,eco_aggregate_mel,2005,5.218
svn,sex_m,age_10yrbands_y35_44,eco_aggregate_mel,2006,4.765
svn,sex_m,age_10yrbands_y35_44,eco_aggregate_mel,2007,4.277
svn,sex_m,age_10yrbands_y35_44,eco_aggregate_mel,2008,5.679
svn,sex_m,age_10yrbands_y35_44,eco_aggregate_mel,2009,5.029
svn,sex_m,age_10yrbands_y35_44,eco_aggregate_mel,2010,5.108
svn,sex_m,age_10yrbands_y35_44,eco_aggregate_mel,2011,5.327
svn,sex_m,age_10yrbands_y35_44,eco_aggregate_mel,2012,4.319
svn,sex_m,age_10yrbands_y35_44,eco_aggregate_mel,2013,5.036
svn,sex_m,age_10yrbands_y35_44,eco_aggregate_mel,2014,5.189
svn,sex_m,age_10yrbands_y35_44,eco_aggregate_mel,2015,5.155
svn,sex_m,age_10yrbands_y35_44,eco_aggregate_mel,2016,4.761
svn,sex_m,age_10yrbands_y35_44,eco_aggregate_mel,2017,3.822
svn,sex_m,age_10yrbands_y35_44,eco_aggregate_mel,2018,5.325
svn,sex_m,age_10yrbands_y35_44,eco_aggregate_mel,2019,6.694
svn,sex_m,age_10yrbands_y35_44,eco_aggregate_mel,2020,6.553
svn,sex_m,age_10yrbands_y35_44,eco_aggregate_mel,2021,5.55
svn,sex_m,age_10yrbands_y35_44,eco_aggregate_mel,2022,5.404
svn,sex_m,age_10yrbands_y35_44,eco_aggregate_mel,2023,5.03
svn,sex_m,age_10yrbands_y35_44,eco_aggregate_mkt,1996,26.688
svn,sex_m,age_10yrbands_y35_44,eco_aggregate_mkt,1997,29.562
svn,sex_m,age_10yrbands_y35_44,eco_aggregate_mkt,1998,29.631
svn,sex_m,age_10yrbands_y35_44,eco_aggregate_mkt,1999,28.092
svn,sex_m,age_10yrbands_y35_44,eco_aggregate_mkt,2000,31.183
svn,sex_m,age_10yrbands_y35_44,eco_aggregate_mkt,2001,30.183
svn,sex_m,age_10yrbands_y35_44,eco_aggregate_mkt,2002,28.33
svn,sex_m,age_10yrbands_y35_44,eco_aggregate_mkt,2003,29.142
svn,sex_m,age_10yrbands_y35_44,eco_aggregate_mkt,2004,29.131
svn,sex_m,age_10yrbands_y35_44,eco_aggregate_mkt,2005,34.274
svn,sex_m,age_10yrbands_y35_44,eco_aggregate_mkt,2006,34.154
svn,sex_m,age_10yrbands_y35_44,eco_aggregate_mkt,2007,36.354
svn,sex_m,age_10yrbands_y35_44,eco_aggregate_mkt,2008,40.173
svn,sex_m,age_10yrbands_y35_44,eco_aggregate_mkt,2009,38.366
svn,sex_m,age_10yrbands_y35_44,eco_aggregate_mkt,2010,36.057
svn,sex_m,age_10yrbands_y35_44,eco_aggregate_mkt,2011,35.632
svn,sex_m,age_10yrbands_y35_44,eco_aggregate_mkt,2012,39.678
svn,sex_m,age_10yrbands_y35_44,eco_aggregate_mkt,2013,41.903
svn,sex_m,age_10yrbands_y35_44,eco_aggregate_mkt,2014,40.882
svn,sex_m,age_10yrbands_y35_44,eco_aggregate_mkt,2015,39.997
svn,sex_m,age_10yrbands_y35_44,eco_aggregate_mkt,2016,41.837
svn,sex_m,age_10yrbands_y35_44,eco_aggregate_mkt,2017,44.183
svn,sex_m,age_10yrbands_y35_44,eco_aggregate_mkt,2018,43.938
svn,sex_m,age_10yrbands_y35_44,eco_aggregate_mkt,2019,45.863
svn,sex_m,age_10yrbands_y35_44,eco_aggregate_mkt,2020,44.635
svn,sex_m,age_10yrbands_y35_44,eco_aggregate_mkt,2021,49.56
svn,sex_m,age_10yrbands_y35_44,eco_aggregate_mkt,2022,48.852
svn,sex_m,age_10yrbands_y35_44,eco_aggregate_mkt,2023,48.098
svn,sex_m,age_10yrbands_y35_44,eco_aggregate_pub,1996,16.643
svn,sex_m,age_10yrbands_y35_44,eco_aggregate_pub,1997,12.931
svn,sex_m,age_10yrbands_y35_44,eco_aggregate_pub,1998,14.408
svn,sex_m,age_10yrbands_y35_44,eco_aggregate_pub,1999,15.854
svn,sex_m,age_10yrbands_y35_44,eco_aggregate_pub,2000,17.278
svn,sex_m,age_10yrbands_y35_44,eco_aggregate_pub,2001,17.248
svn,sex_m,age_10yrbands_y35_44,eco_aggregate_pub,2002,17.771
svn,sex_m,age_10yrbands_y35_44,eco_aggregate_pub,2003,15.08
svn,sex_m,age_10yrbands_y35_44,eco_aggregate_pub,2004,16.579
svn,sex_m,age_10yrbands_y35_44,eco_aggregate_pub,2005,20.346
svn,sex_m,age_10yrbands_y35_44,eco_aggregate_pub,2006,21.006
svn,sex_m,age_10yrbands_y35_44,eco_aggregate_pub,2007,19.852
svn,sex_m,age_10yrbands_y35_44,eco_aggregate_pub,2008,18.837
svn,sex_m,age_10yrbands_y35_44,eco_aggregate_pub,2009,16.752
svn,sex_m,age_10yrbands_y35_44,eco_aggregate_pub,2010,17.417
svn,sex_m,age_10yrbands_y35_44,eco_aggregate_pub,2011,17.344
svn,sex_m,age_10yrbands_y35_44,eco_aggregate_pub,2012,16.576
svn,sex_m,age_10yrbands_y35_44,eco_aggregate_pub,2013,18.774
svn,sex_m,age_10yrbands_y35_44,eco_aggregate_pub,2014,20.161
svn,sex_m,age_10yrbands_y35_44,eco_aggregate_pub,2015,20.193
svn,sex_m,age_10yrbands_y35_44,eco_aggregate_pub,2016,20.526
svn,sex_m,age_10yrbands_y35_44,eco_aggregate_pub,2017,19.073
svn,sex_m,age_10yrbands_y35_44,eco_aggregate_pub,2018,17.305
svn,sex_m,age_10yrbands_y35_44,eco_aggregate_pub,2019,18.537
svn,sex_m,age_10yrbands_y35_44,eco_aggregate_pub,2020,18.985
svn,sex_m,age_10yrbands_y35_44,eco_aggregate_pub,2021,19.637
svn,sex_m,age_10yrbands_y35_44,eco_aggregate_pub,2022,19.067
svn,sex_m,age_10yrbands_y35_44,eco_aggregate_pub,2023,18.375
svn,sex_m,age_10yrbands_y35_44,eco_aggregate_total,1996,111.298
svn,sex_m,age_10yrbands_y35_44,eco_aggregate_total,1997,107.108
svn,sex_m,age_10yrbands_y35_44,eco_aggregate_total,1998,106.766
svn,sex_m,age_10yrbands_y35_44,eco_aggregate_total,1999,102.168
svn,sex_m,age_10yrbands_y35_44,eco_aggregate_total,2000,103.442
svn,sex_m,age_10yrbands_y35_44,eco_aggregate_total,2001,110.884
svn,sex_m,age_10yrbands_y35_44,eco_aggregate_total,2002,109.397
svn,sex_m,age_10yrbands_y35_44,eco_aggregate_total,2003,105.745
svn,sex_m,age_10yrbands_y35_44,eco_aggregate_total,2004,108.314
svn,sex_m,age_10yrbands_y35_44,eco_aggregate_total,2005,122.862
svn,sex_m,age_10yrbands_y35_44,eco_aggregate_total,2006,118.913
svn,sex_m,age_10yrbands_y35_44,eco_aggregate_total,2007,116.713
svn,sex_m,age_10yrbands_y35_44,eco_aggregate_total,2008,120.256
svn,sex_m,age_10yrbands_y35_44,eco_aggregate_total,2009,112.022
svn,sex_m,age_10yrbands_y35_44,eco_aggregate_total,2010,108.448
svn,sex_m,age_10yrbands_y35_44,eco_aggregate_total,2011,112.713
svn,sex_m,age_10yrbands_y35_44,eco_aggregate_total,2012,115.251
svn,sex_m,age_10yrbands_y35_44,eco_aggregate_total,2013,114.578
svn,sex_m,age_10yrbands_y35_44,eco_aggregate_total,2014,113.742
svn,sex_m,age_10yrbands_y35_44,eco_aggregate_total,2015,116.252
svn,sex_m,age_10yrbands_y35_44,eco_aggregate_total,2016,122.709
svn,sex_m,age_10yrbands_y35_44,eco_aggregate_total,2017,124.942
svn,sex_m,age_10yrbands_y35_44,eco_aggregate_total,2018,120.223
svn,sex_m,age_10yrbands_y35_44,eco_aggregate_total,2019,128.187
svn,sex_m,age_10yrbands_y35_44,eco_aggregate_total,2020,126.377
svn,sex_m,age_10yrbands_y35_44,eco_aggregate_total,2021,123.862
svn,sex_m,age_10yrbands_y35_44,eco_aggregate_total,2022,124.017
svn,sex_m,age_10yrbands_y35_44,eco_aggregate_total,2023,124.402
svn,sex_m,age_10yrbands_y35_44,eco_aggregate_x,1998,0.428
svn,sex_m,age_10yrbands_y35_44,eco_aggregate_x,2001,1.832
svn,sex_m,age_10yrbands_y35_44,eco_aggregate_x,2002,0.992
svn,sex_m,age_10yrbands_y35_44,eco_aggregate_x,2004,0.683
svn,sex_m,age_10yrbands_y35_44,eco_aggregate_x,2005,0.761
svn,sex_m,age_10yrbands_y35_44,eco_aggregate_x,2006,0.378
svn,sex_m,age_10yrbands_y35_44,eco_aggregate_x,2007,0.754
svn,sex_m,age_10yrbands_y35_44,eco_aggregate_x,2008,0.524
svn,sex_m,age_10yrbands_y35_44,eco_aggregate_x,2009,0.27
svn,sex_m,age_10yrbands_y35_44,eco_aggregate_x,2010,0.272
svn,sex_m,age_10yrbands_y35_44,eco_aggregate_x,2011,0.661
svn,sex_m,age_10yrbands_y35_44,eco_aggregate_x,2012,0.969
svn,sex_m,age_10yrbands_y35_44,eco_aggregate_x,2013,1.02
svn,sex_m,age_10yrbands_y35_44,eco_aggregate_x,2014,0.696
svn,sex_m,age_10yrbands_y35_44,eco_aggregate_x,2015,1.376
svn,sex_m,age_10yrbands_y35_44,eco_aggregate_x,2016,1.336
svn,sex_m,age_10yrbands_y35_44,eco_aggregate_x,2017,1.022
svn,sex_m,age_10yrbands_y35_44,eco_aggregate_x,2018,0.744
svn,sex_m,age_10yrbands_y35_44,eco_aggregate_x,2019,0.275
svn,sex_m,age_10yrbands_y35_44,eco_aggregate_x,2020,0.422
svn,sex_m,age_10yrbands_y35_44,eco_aggregate_x,2021,0.385
svn,sex_m,age_10yrbands_y35_44,eco_aggregate_x,2022,0.697
svn,sex_m,age_10yrbands_y35_44,eco_aggregate_x,2023,0.567
svn,sex_m,age_10yrbands_y35_44,eco_sector_agr,1996,2.398
svn,sex_m,age_10yrbands_y35_44,eco_sector_agr,1997,2.425
svn,sex_m,age_10yrbands_y35_44,eco_sector_agr,1998,1.667
svn,sex_m,age_10yrbands_y35_44,eco_sector_agr,1999,1.764
svn,sex_m,age_10yrbands_y35_44,eco_sector_agr,2000,1.653
svn,sex_m,age_10yrbands_y35_44,eco_sector_agr,2001,2.217
svn,sex_m,age_10yrbands_y35_44,eco_sector_agr,2002,2.777
svn,sex_m,age_10yrbands_y35_44,eco_sector_agr,2003,1.798
svn,sex_m,age_10yrbands_y35_44,eco_sector_agr,2004,2.218
svn,sex_m,age_10yrbands_y35_44,eco_sector_agr,2005,2.121
svn,sex_m,age_10yrbands_y35_44,eco_sector_agr,2006,2.132
svn,sex_m,age_10yrbands_y35_44,eco_sector_agr,2007,2.08
svn,sex_m,age_10yrbands_y35_44,eco_sector_agr,2008,1.47
svn,sex_m,age_10yrbands_y35_44,eco_sector_agr,2009,2.235
svn,sex_m,age_10yrbands_y35_44,eco_sector_agr,2010,2.186
svn,sex_m,age_10yrbands_y35_44,eco_sector_agr,2011,2.375
svn,sex_m,age_10yrbands_y35_44,eco_sector_agr,2012,2.611
svn,sex_m,age_10yrbands_y35_44,eco_sector_agr,2013,1.348
svn,sex_m,age_10yrbands_y35_44,eco_sector_agr,2014,1.36
svn,sex_m,age_10yrbands_y35_44,eco_sector_agr,2015,2.002
svn,sex_m,age_10yrbands_y35_44,eco_sector_agr,2016,2.042
svn,sex_m,age_10yrbands_y35_44,eco_sector_agr,2017,1.577
svn,sex_m,age_10yrbands_y35_44,eco_sector_agr,2018,1.116
svn,sex_m,age_10yrbands_y35_44,eco_sector_agr,2019,0.556
svn,sex_m,age_10yrbands_y35_44,eco_sector_agr,2020,1.004
svn,sex_m,age_10yrbands_y35_44,eco_sector_agr,2021,0.535
svn,sex_m,age_10yrbands_y35_44,eco_sector_agr,2022,0.589
svn,sex_m,age_10yrbands_y35_44,eco_sector_agr,2023,0.79
svn,sex_m,age_10yrbands_y35_44,eco_sector_ind,1996,65.444
svn,sex_m,age_10yrbands_y35_44,eco_sector_ind,1997,61.866
svn,sex_m,age_10yrbands_y35_44,eco_sector_ind,1998,60.631
svn,sex_m,age_10yrbands_y35_44,eco_sector_ind,1999,55.857
svn,sex_m,age_10yrbands_y35_44,eco_sector_ind,2000,53.03
svn,sex_m,age_10yrbands_y35_44,eco_sector_ind,2001,59.404
svn,sex_m,age_10yrbands_y35_44,eco_sector_ind,2002,59.528
svn,sex_m,age_10yrbands_y35_44,eco_sector_ind,2003,59.281
svn,sex_m,age_10yrbands_y35_44,eco_sector_ind,2004,59.703
svn,sex_m,age_10yrbands_y35_44,eco_sector_ind,2005,65.36
svn,sex_m,age_10yrbands_y35_44,eco_sector_ind,2006,61.242
svn,sex_m,age_10yrbands_y35_44,eco_sector_ind,2007,57.672
svn,sex_m,age_10yrbands_y35_44,eco_sector_ind,2008,59.252
svn,sex_m,age_10yrbands_y35_44,eco_sector_ind,2009,54.399
svn,sex_m,age_10yrbands_y35_44,eco_sector_ind,2010,52.516
svn,sex_m,age_10yrbands_y35_44,eco_sector_ind,2011,56.7
svn,sex_m,age_10yrbands_y35_44,eco_sector_ind,2012,55.417
svn,sex_m,age_10yrbands_y35_44,eco_sector_ind,2013,51.532
svn,sex_m,age_10yrbands_y35_44,eco_sector_ind,2014,50.643
svn,sex_m,age_10yrbands_y35_44,eco_sector_ind,2015,52.684
svn,sex_m,age_10yrbands_y35_44,eco_sector_ind,2016,56.968
svn,sex_m,age_10yrbands_y35_44,eco_sector_ind,2017,59.087
svn,sex_m,age_10yrbands_y35_44,eco_sector_ind,2018,57.12
svn,sex_m,age_10yrbands_y35_44,eco_sector_ind,2019,62.957
svn,sex_m,age_10yrbands_y35_44,eco_sector_ind,2020,61.332
svn,sex_m,age_10yrbands_y35_44,eco_sector_ind,2021,53.745
svn,sex_m,age_10yrbands_y35_44,eco_sector_ind,2022,54.813
svn,sex_m,age_10yrbands_y35_44,eco_sector_ind,2023,56.572
svn,sex_m,age_10yrbands_y35_44,eco_sector_nag,1996,108.901
svn,sex_m,age_10yrbands_y35_44,eco_sector_nag,1997,104.684
svn,sex_m,age_10yrbands_y35_44,eco_sector_nag,1998,105.099
svn,sex_m,age_10yrbands_y35_44,eco_sector_nag,1999,100.404
svn,sex_m,age_10yrbands_y35_44,eco_sector_nag,2000,101.789
svn,sex_m,age_10yrbands_y35_44,eco_sector_nag,2001,108.667
svn,sex_m,age_10yrbands_y35_44,eco_sector_nag,2002,106.62
svn,sex_m,age_10yrbands_y35_44,eco_sector_nag,2003,103.947
svn,sex_m,age_10yrbands_y35_44,eco_sector_nag,2004,106.096
svn,sex_m,age_10yrbands_y35_44,eco_sector_nag,2005,120.741
svn,sex_m,age_10yrbands_y35_44,eco_sector_nag,2006,116.781
svn,sex_m,age_10yrbands_y35_44,eco_sector_nag,2007,114.633
svn,sex_m,age_10yrbands_y35_44,eco_sector_nag,2008,118.786
svn,sex_m,age_10yrbands_y35_44,eco_sector_nag,2009,109.787
svn,sex_m,age_10yrbands_y35_44,eco_sector_nag,2010,106.262
svn,sex_m,age_10yrbands_y35_44,eco_sector_nag,2011,110.337
svn,sex_m,age_10yrbands_y35_44,eco_sector_nag,2012,112.64
svn,sex_m,age_10yrbands_y35_44,eco_sector_nag,2013,113.229
svn,sex_m,age_10yrbands_y35_44,eco_sector_nag,2014,112.382
svn,sex_m,age_10yrbands_y35_44,eco_sector_nag,2015,114.25
svn,sex_m,age_10yrbands_y35_44,eco_sector_nag,2016,120.667
svn,sex_m,age_10yrbands_y35_44,eco_sector_nag,2017,123.364
svn,sex_m,age_10yrbands_y35_44,eco_sector_nag,2018,119.107
svn,sex_m,age_10yrbands_y35_44,eco_sector_nag,2019,127.632
svn,sex_m,age_10yrbands_y35_44,eco_sector_nag,2020,125.374
svn,sex_m,age_10yrbands_y35_44,eco_sector_nag,2021,123.327
svn,sex_m,age_10yrbands_y35_44,eco_sector_nag,2022,123.428
svn,sex_m,age_10yrbands_y35_44,eco_sector_nag,2023,123.612
svn,sex_m,age_10yrbands_y35_44,eco_sector_ser,1996,43.332
svn,sex_m,age_10yrbands_y35_44,eco_sector_ser,1997,42.493
svn,sex_m,age_10yrbands_y35_44,eco_sector_ser,1998,44.04
svn,sex_m,age_10yrbands_y35_44,eco_sector_ser,1999,43.946
svn,sex_m,age_10yrbands_y35_44,eco_sector_ser,2000,48.461
svn,sex_m,age_10yrbands_y35_44,eco_sector_ser,2001,47.431
svn,sex_m,age_10yrbands_y35_44,eco_sector_ser,2002,46.101
svn,sex_m,age_10yrbands_y35_44,eco_sector_ser,2003,44.221
svn,sex_m,age_10yrbands_y35_44,eco_sector_ser,2004,45.71
svn,sex_m,age_10yrbands_y35_44,eco_sector_ser,2005,54.62
svn,sex_m,age_10yrbands_y35_44,eco_sector_ser,2006,55.161
svn,sex_m,age_10yrbands_y35_44,eco_sector_ser,2007,56.206
svn,sex_m,age_10yrbands_y35_44,eco_sector_ser,2008,59.01
svn,sex_m,age_10yrbands_y35_44,eco_sector_ser,2009,55.118
svn,sex_m,age_10yrbands_y35_44,eco_sector_ser,2010,53.474
svn,sex_m,age_10yrbands_y35_44,eco_sector_ser,2011,52.976
svn,sex_m,age_10yrbands_y35_44,eco_sector_ser,2012,56.254
svn,sex_m,age_10yrbands_y35_44,eco_sector_ser,2013,60.677
svn,sex_m,age_10yrbands_y35_44,eco_sector_ser,2014,61.044
svn,sex_m,age_10yrbands_y35_44,eco_sector_ser,2015,60.19
svn,sex_m,age_10yrbands_y35_44,eco_sector_ser,2016,62.363
svn,sex_m,age_10yrbands_y35_44,eco_sector_ser,2017,63.256
svn,sex_m,age_10yrbands_y35_44,eco_sector_ser,2018,61.243
svn,sex_m,age_10yrbands_y35_44,eco_sector_ser,2019,64.4
svn,sex_m,age_10yrbands_y35_44,eco_sector_ser,2020,63.62
svn,sex_m,age_10yrbands_y35_44,eco_sector_ser,2021,69.197
svn,sex_m,age_10yrbands_y35_44,eco_sector_ser,2022,67.919
svn,sex_m,age_10yrbands_y35_44,eco_sector_ser,2023,66.473
svn,sex_m,age_10yrbands_y35_44,eco_sector_total,1996,111.298
svn,sex_m,age_10yrbands_y35_44,eco_sector_total,1997,107.108
svn,sex_m,age_10yrbands_y35_44,eco_sector_total,1998,106.766
svn,sex_m,age_10yrbands_y35_44,eco_sector_total,1999,102.168
svn,sex_m,age_10yrbands_y35_44,eco_sector_total,2000,103.442
svn,sex_m,age_10yrbands_y35_44,eco_sector_total,2001,110.884
svn,sex_m,age_10yrbands_y35_44,eco_sector_total,2002,109.397
svn,sex_m,age_10yrbands_y35_44,eco_sector_total,2003,105.745
svn,sex_m,age_10yrbands_y35_44,eco_sector_total,2004,108.314
svn,sex_m,age_10yrbands_y35_44,eco_sector_total,2005,122.862
svn,sex_m,age_10yrbands_y35_44,eco_sector_total,2006,118.913
svn,sex_m,age_10yrbands_y35_44,eco_sector_total,2007,116.713
svn,sex_m,age_10yrbands_y35_44,eco_sector_total,2008,120.256
svn,sex_m,age_10yrbands_y35_44,eco_sector_total,2009,112.022
svn,sex_m,age_10yrbands_y35_44,eco_sector_total,2010,108.448
svn,sex_m,age_10yrbands_y35_44,eco_sector_total,2011,112.713
svn,sex_m,age_10yrbands_y35_44,eco_sector_total,2012,115.251
svn,sex_m,age_10yrbands_y35_44,eco_sector_total,2013,114.578
svn,sex_m,age_10yrbands_y35_44,eco_sector_total,2014,113.742
svn,sex_m,age_10yrbands_y35_44,eco_sector_total,2015,116.252
svn,sex_m,age_10yrbands_y35_44,eco_sector_total,2016,122.709
svn,sex_m,age_10yrbands_y35_44,eco_sector_total,2017,124.942
svn,sex_m,age_10yrbands_y35_44,eco_sector_total,2018,120.223
svn,sex_m,age_10yrbands_y35_44,eco_sector_total,2019,128.187
svn,sex_m,age_10yrbands_y35_44,eco_sector_total,2020,126.377
svn,sex_m,age_10yrbands_y35_44,eco_sector_total,2021,123.862
svn,sex_m,age_10yrbands_y35_44,eco_sector_total,2022,124.017
svn,sex_m,age_10yrbands_y35_44,eco_sector_total,2023,124.402
svn,sex_m,age_10yrbands_y35_44,eco_sector_x,1998,0.428
svn,sex_m,age_10yrbands_y35_44,eco_sector_x,2001,1.832
svn,sex_m,age_10yrbands_y35_44,eco_sector_x,2002,0.992
svn,sex_m,age_10yrbands_y35_44,eco_sector_x,2004,0.683
svn,sex_m,age_10yrbands_y35_44,eco_sector_x,2005,0.761
svn,sex_m,age_10yrbands_y35_44,eco_sector_x,2006,0.378
svn,sex_m,age_10yrbands_y35_44,eco_sector_x,2007,0.754
svn,sex_m,age_10yrbands_y35_44,eco_sector_x,2008,0.524
svn,sex_m,age_10yrbands_y35_44,eco_sector_x,2009,0.27
svn,sex_m,age_10yrbands_y35_44,eco_sector_x,2010,0.272
svn,sex_m,age_10yrbands_y35_44,eco_sector_x,2011,0.661
svn,sex_m,age_10yrbands_y35_44,eco_sector_x,2012,0.969
svn,sex_m,age_10yrbands_y35_44,eco_sector_x,2013,1.02
svn,sex_m,age_10yrbands_y35_44,eco_sector_x,2014,0.696
svn,sex_m,age_10yrbands_y35_44,eco_sector_x,2015,1.376
svn,sex_m,age_10yrbands_y35_44,eco_sector_x,2016,1.336
svn,sex_m,age_10yrbands_y35_44,eco_sector_x,2017,1.022
svn,sex_m,age_10yrbands_y35_44,eco_sector_x,2018,0.744
svn,sex_m,age_10yrbands_y35_44,eco_sector_x,2019,0.275
svn,sex_m,age_10yrbands_y35_44,eco_sector_x,2020,0.422
svn,sex_m,age_10yrbands_y35_44,eco_sector_x,2021,0.385
svn,sex_m,age_10yrbands_y35_44,eco_sector_x,2022,0.697
svn,sex_m,age_10yrbands_y35_44,eco_sector_x,2023,0.567
svn,sex_m,age_10yrbands_y45_54,eco_aggregate_agr,1996,1.976
svn,sex_m,age_10yrbands_y45_54,eco_aggregate_agr,1997,2.287
svn,sex_m,age_10yrbands_y45_54,eco_aggregate_agr,1998,1.459
svn,sex_m,age_10yrbands_y45_54,eco_aggregate_agr,1999,2.047
svn,sex_m,age_10yrbands_y45_54,eco_aggregate_agr,2000,2.189
svn,sex_m,age_10yrbands_y45_54,eco_aggregate_agr,2001,1.754
svn,sex_m,age_10yrbands_y45_54,eco_aggregate_agr,2002,1.605
svn,sex_m,age_10yrbands_y45_54,eco_aggregate_agr,2003,2.428
svn,sex_m,age_10yrbands_y45_54,eco_aggregate_agr,2004,2.346
svn,sex_m,age_10yrbands_y45_54,eco_aggregate_agr,2005,2.243
svn,sex_m,age_10yrbands_y45_54,eco_aggregate_agr,2006,2.828
svn,sex_m,age_10yrbands_y45_54,eco_aggregate_agr,2007,2.571
svn,sex_m,age_10yrbands_y45_54,eco_aggregate_agr,2008,3.097
svn,sex_m,age_10yrbands_y45_54,eco_aggregate_agr,2009,1.9
svn,sex_m,age_10yrbands_y45_54,eco_aggregate_agr,2010,1.557
svn,sex_m,age_10yrbands_y45_54,eco_aggregate_agr,2011,1.855
svn,sex_m,age_10yrbands_y45_54,eco_aggregate_agr,2012,1.611
svn,sex_m,age_10yrbands_y45_54,eco_aggregate_agr,2013,1.865
svn,sex_m,age_10yrbands_y45_54,eco_aggregate_agr,2014,2.157
svn,sex_m,age_10yrbands_y45_54,eco_aggregate_agr,2015,1.588
svn,sex_m,age_10yrbands_y45_54,eco_aggregate_agr,2016,1.599
svn,sex_m,age_10yrbands_y45_54,eco_aggregate_agr,2017,2.382
svn,sex_m,age_10yrbands_y45_54,eco_aggregate_agr,2018,2.211
svn,sex_m,age_10yrbands_y45_54,eco_aggregate_agr,2019,0.849
svn,sex_m,age_10yrbands_y45_54,eco_aggregate_agr,2020,0.578
svn,sex_m,age_10yrbands_y45_54,eco_aggregate_agr,2021,0.845
svn,sex_m,age_10yrbands_y45_54,eco_aggregate_agr,2022,0.797
svn,sex_m,age_10yrbands_y45_54,eco_aggregate_agr,2023,1.138
svn,sex_m,age_10yrbands_y45_54,eco_aggregate_con,1996,7.755
svn,sex_m,age_10yrbands_y45_54,eco_aggregate_con,1997,7.84
svn,sex_m,age_10yrbands_y45_54,eco_aggregate_con,1998,9.564
svn,sex_m,age_10yrbands_y45_54,eco_aggregate_con,1999,9.117
svn,sex_m,age_10yrbands_y45_54,eco_aggregate_con,2000,9.328
svn,sex_m,age_10yrbands_y45_54,eco_aggregate_con,2001,10.034
svn,sex_m,age_10yrbands_y45_54,eco_aggregate_con,2002,12.243
svn,sex_m,age_10yrbands_y45_54,eco_aggregate_con,2003,11.33
svn,sex_m,age_10yrbands_y45_54,eco_aggregate_con,2004,10.425
svn,sex_m,age_10yrbands_y45_54,eco_aggregate_con,2005,11.095
svn,sex_m,age_10yrbands_y45_54,eco_aggregate_con,2006,10.294
svn,sex_m,age_10yrbands_y45_54,eco_aggregate_con,2007,12.839
svn,sex_m,age_10yrbands_y45_54,eco_aggregate_con,2008,11.973
svn,sex_m,age_10yrbands_y45_54,eco_aggregate_con,2009,11.38
svn,sex_m,age_10yrbands_y45_54,eco_aggregate_con,2010,11.804
svn,sex_m,age_10yrbands_y45_54,eco_aggregate_con,2011,9.3
svn,sex_m,age_10yrbands_y45_54,eco_aggregate_con,2012,9.139
svn,sex_m,age_10yrbands_y45_54,eco_aggregate_con,2013,9.533
svn,sex_m,age_10yrbands_y45_54,eco_aggregate_con,2014,10.48
svn,sex_m,age_10yrbands_y45_54,eco_aggregate_con,2015,9.832
svn,sex_m,age_10yrbands_y45_54,eco_aggregate_con,2016,9.087
svn,sex_m,age_10yrbands_y45_54,eco_aggregate_con,2017,9.656
svn,sex_m,age_10yrbands_y45_54,eco_aggregate_con,2018,9.611
svn,sex_m,age_10yrbands_y45_54,eco_aggregate_con,2019,10.702
svn,sex_m,age_10yrbands_y45_54,eco_aggregate_con,2020,11.632
svn,sex_m,age_10yrbands_y45_54,eco_aggregate_con,2021,9.11
svn,sex_m,age_10yrbands_y45_54,eco_aggregate_con,2022,8.115
svn,sex_m,age_10yrbands_y45_54,eco_aggregate_con,2023,10.027
svn,sex_m,age_10yrbands_y45_54,eco_aggregate_man,1996,36.293
svn,sex_m,age_10yrbands_y45_54,eco_aggregate_man,1997,41.853
svn,sex_m,age_10yrbands_y45_54,eco_aggregate_man,1998,40.733
svn,sex_m,age_10yrbands_y45_54,eco_aggregate_man,1999,37.351
svn,sex_m,age_10yrbands_y45_54,eco_aggregate_man,2000,41.435
svn,sex_m,age_10yrbands_y45_54,eco_aggregate_man,2001,40.548
svn,sex_m,age_10yrbands_y45_54,eco_aggregate_man,2002,45.264
svn,sex_m,age_10yrbands_y45_54,eco_aggregate_man,2003,45.171
svn,sex_m,age_10yrbands_y45_54,eco_aggregate_man,2004,43.721
svn,sex_m,age_10yrbands_y45_54,eco_aggregate_man,2005,44.143
svn,sex_m,age_10yrbands_y45_54,eco_aggregate_man,2006,43.287
svn,sex_m,age_10yrbands_y45_54,eco_aggregate_man,2007,44.132
svn,sex_m,age_10yrbands_y45_54,eco_aggregate_man,2008,44.768
svn,sex_m,age_10yrbands_y45_54,eco_aggregate_man,2009,42.9
svn,sex_m,age_10yrbands_y45_54,eco_aggregate_man,2010,37.932
svn,sex_m,age_10yrbands_y45_54,eco_aggregate_man,2011,37.85
svn,sex_m,age_10yrbands_y45_54,eco_aggregate_man,2012,37.05
svn,sex_m,age_10yrbands_y45_54,eco_aggregate_man,2013,37.804
svn,sex_m,age_10yrbands_y45_54,eco_aggregate_man,2014,38.281
svn,sex_m,age_10yrbands_y45_54,eco_aggregate_man,2015,38.12
svn,sex_m,age_10yrbands_y45_54,eco_aggregate_man,2016,38.553
svn,sex_m,age_10yrbands_y45_54,eco_aggregate_man,2017,37.185
svn,sex_m,age_10yrbands_y45_54,eco_aggregate_man,2018,39.551
svn,sex_m,age_10yrbands_y45_54,eco_aggregate_man,2019,42.89
svn,sex_m,age_10yrbands_y45_54,eco_aggregate_man,2020,44.048
svn,sex_m,age_10yrbands_y45_54,eco_aggregate_man,2021,39.159
svn,sex_m,age_10yrbands_y45_54,eco_aggregate_man,2022,37.746
svn,sex_m,age_10yrbands_y45_54,eco_aggregate_man,2023,38.062
svn,sex_m,age_10yrbands_y45_54,eco_aggregate_mel,1996,4.465
svn,sex_m,age_10yrbands_y45_54,eco_aggregate_mel,1997,4.955
svn,sex_m,age_10yrbands_y45_54,eco_aggregate_mel,1998,3.408
svn,sex_m,age_10yrbands_y45_54,eco_aggregate_mel,1999,2.703
svn,sex_m,age_10yrbands_y45_54,eco_aggregate_mel,2000,3.258
svn,sex_m,age_10yrbands_y45_54,eco_aggregate_mel,2001,4.044
svn,sex_m,age_10yrbands_y45_54,eco_aggregate_mel,2002,3.076
svn,sex_m,age_10yrbands_y45_54,eco_aggregate_mel,2003,3.208
svn,sex_m,age_10yrbands_y45_54,eco_aggregate_mel,2004,3.654
svn,sex_m,age_10yrbands_y45_54,eco_aggregate_mel,2005,3.173
svn,sex_m,age_10yrbands_y45_54,eco_aggregate_mel,2006,3.107
svn,sex_m,age_10yrbands_y45_54,eco_aggregate_mel,2007,3.449
svn,sex_m,age_10yrbands_y45_54,eco_aggregate_mel,2008,5.253
svn,sex_m,age_10yrbands_y45_54,eco_aggregate_mel,2009,4.809
svn,sex_m,age_10yrbands_y45_54,eco_aggregate_mel,2010,6.393
svn,sex_m,age_10yrbands_y45_54,eco_aggregate_mel,2011,6.701
svn,sex_m,age_10yrbands_y45_54,eco_aggregate_mel,2012,5.681
svn,sex_m,age_10yrbands_y45_54,eco_aggregate_mel,2013,5.591
svn,sex_m,age_10yrbands_y45_54,eco_aggregate_mel,2014,7.244
svn,sex_m,age_10yrbands_y45_54,eco_aggregate_mel,2015,7.108
svn,sex_m,age_10yrbands_y45_54,eco_aggregate_mel,2016,5.534
svn,sex_m,age_10yrbands_y45_54,eco_aggregate_mel,2017,5.898
svn,sex_m,age_10yrbands_y45_54,eco_aggregate_mel,2018,6.423
svn,sex_m,age_10yrbands_y45_54,eco_aggregate_mel,2019,6.592
svn,sex_m,age_10yrbands_y45_54,eco_aggregate_mel,2020,7.087
svn,sex_m,age_10yrbands_y45_54,eco_aggregate_mel,2021,6.406
svn,sex_m,age_10yrbands_y45_54,eco_aggregate_mel,2022,7.231
svn,sex_m,age_10yrbands_y45_54,eco_aggregate_mel,2023,7.68
svn,sex_m,age_10yrbands_y45_54,eco_aggregate_mkt,1996,21.958
svn,sex_m,age_10yrbands_y45_54,eco_aggregate_mkt,1997,20.754
svn,sex_m,age_10yrbands_y45_54,eco_aggregate_mkt,1998,22.782
svn,sex_m,age_10yrbands_y45_54,eco_aggregate_mkt,1999,24.258
svn,sex_m,age_10yrbands_y45_54,eco_aggregate_mkt,2000,27.272
svn,sex_m,age_10yrbands_y45_54,eco_aggregate_mkt,2001,28.111
svn,sex_m,age_10yrbands_y45_54,eco_aggregate_mkt,2002,27.747
svn,sex_m,age_10yrbands_y45_54,eco_aggregate_mkt,2003,32.32
svn,sex_m,age_10yrbands_y45_54,eco_aggregate_mkt,2004,30.921
svn,sex_m,age_10yrbands_y45_54,eco_aggregate_mkt,2005,27.319
svn,sex_m,age_10yrbands_y45_54,eco_aggregate_mkt,2006,28.297
svn,sex_m,age_10yrbands_y45_54,eco_aggregate_mkt,2007,28.236
svn,sex_m,age_10yrbands_y45_54,eco_aggregate_mkt,2008,30.468
svn,sex_m,age_10yrbands_y45_54,eco_aggregate_mkt,2009,33.336
svn,sex_m,age_10yrbands_y45_54,eco_aggregate_mkt,2010,34.872
svn,sex_m,age_10yrbands_y45_54,eco_aggregate_mkt,2011,33.521
svn,sex_m,age_10yrbands_y45_54,eco_aggregate_mkt,2012,38.578
svn,sex_m,age_10yrbands_y45_54,eco_aggregate_mkt,2013,34.395
svn,sex_m,age_10yrbands_y45_54,eco_aggregate_mkt,2014,32.265
svn,sex_m,age_10yrbands_y45_54,eco_aggregate_mkt,2015,31.173
svn,sex_m,age_10yrbands_y45_54,eco_aggregate_mkt,2016,29.867
svn,sex_m,age_10yrbands_y45_54,eco_aggregate_mkt,2017,35.241
svn,sex_m,age_10yrbands_y45_54,eco_aggregate_mkt,2018,37.377
svn,sex_m,age_10yrbands_y45_54,eco_aggregate_mkt,2019,32.594
svn,sex_m,age_10yrbands_y45_54,eco_aggregate_mkt,2020,39.213
svn,sex_m,age_10yrbands_y45_54,eco_aggregate_mkt,2021,40.993
svn,sex_m,age_10yrbands_y45_54,eco_aggregate_mkt,2022,41.468
svn,sex_m,age_10yrbands_y45_54,eco_aggregate_mkt,2023,40.998
svn,sex_m,age_10yrbands_y45_54,eco_aggregate_pub,1996,10.25
svn,sex_m,age_10yrbands_y45_54,eco_aggregate_pub,1997,11.201
svn,sex_m,age_10yrbands_y45_54,eco_aggregate_pub,1998,13.923
svn,sex_m,age_10yrbands_y45_54,eco_aggregate_pub,1999,16.01
svn,sex_m,age_10yrbands_y45_54,eco_aggregate_pub,2000,16.458
svn,sex_m,age_10yrbands_y45_54,eco_aggregate_pub,2001,17.119
svn,sex_m,age_10yrbands_y45_54,eco_aggregate_pub,2002,16.304
svn,sex_m,age_10yrbands_y45_54,eco_aggregate_pub,2003,17.076
svn,sex_m,age_10yrbands_y45_54,eco_aggregate_pub,2004,18.065
svn,sex_m,age_10yrbands_y45_54,eco_aggregate_pub,2005,18.062
svn,sex_m,age_10yrbands_y45_54,eco_aggregate_pub,2006,18.258
svn,sex_m,age_10yrbands_y45_54,eco_aggregate_pub,2007,17.93
svn,sex_m,age_10yrbands_y45_54,eco_aggregate_pub,2008,15.787
svn,sex_m,age_10yrbands_y45_54,eco_aggregate_pub,2009,15.7
svn,sex_m,age_10yrbands_y45_54,eco_aggregate_pub,2010,17.282
svn,sex_m,age_10yrbands_y45_54,eco_aggregate_pub,2011,16.143
svn,sex_m,age_10yrbands_y45_54,eco_aggregate_pub,2012,16.165
svn,sex_m,age_10yrbands_y45_54,eco_aggregate_pub,2013,17.572
svn,sex_m,age_10yrbands_y45_54,eco_aggregate_pub,2014,18.83
svn,sex_m,age_10yrbands_y45_54,eco_aggregate_pub,2015,17.775
svn,sex_m,age_10yrbands_y45_54,eco_aggregate_pub,2016,17.159
svn,sex_m,age_10yrbands_y45_54,eco_aggregate_pub,2017,18.786
svn,sex_m,age_10yrbands_y45_54,eco_aggregate_pub,2018,19.989
svn,sex_m,age_10yrbands_y45_54,eco_aggregate_pub,2019,18.756
svn,sex_m,age_10yrbands_y45_54,eco_aggregate_pub,2020,18.889
svn,sex_m,age_10yrbands_y45_54,eco_aggregate_pub,2021,22.939
svn,sex_m,age_10yrbands_y45_54,eco_aggregate_pub,2022,23.017
svn,sex_m,age_10yrbands_y45_54,eco_aggregate_pub,2023,18.055
svn,sex_m,age_10yrbands_y45_54,eco_aggregate_total,1996,82.748
svn,sex_m,age_10yrbands_y45_54,eco_aggregate_total,1997,89.325
svn,sex_m,age_10yrbands_y45_54,eco_aggregate_total,1998,92.24
svn,sex_m,age_10yrbands_y45_54,eco_aggregate_total,1999,91.902
svn,sex_m,age_10yrbands_y45_54,eco_aggregate_total,2000,100.935
svn,sex_m,age_10yrbands_y45_54,eco_aggregate_total,2001,102.979
svn,sex_m,age_10yrbands_y45_54,eco_aggregate_total,2002,106.407
svn,sex_m,age_10yrbands_y45_54,eco_aggregate_total,2003,112.048
svn,sex_m,age_10yrbands_y45_54,eco_aggregate_total,2004,109.916
svn,sex_m,age_10yrbands_y45_54,eco_aggregate_total,2005,106.238
svn,sex_m,age_10yrbands_y45_54,eco_aggregate_total,2006,106.47
svn,sex_m,age_10yrbands_y45_54,eco_aggregate_total,2007,109.632
svn,sex_m,age_10yrbands_y45_54,eco_aggregate_total,2008,111.54
svn,sex_m,age_10yrbands_y45_54,eco_aggregate_total,2009,110.514
svn,sex_m,age_10yrbands_y45_54,eco_aggregate_total,2010,110.139
svn,sex_m,age_10yrbands_y45_54,eco_aggregate_total,2011,105.709
svn,sex_m,age_10yrbands_y45_54,eco_aggregate_total,2012,108.529
svn,sex_m,age_10yrbands_y45_54,eco_aggregate_total,2013,107.16
svn,sex_m,age_10yrbands_y45_54,eco_aggregate_total,2014,109.684
svn,sex_m,age_10yrbands_y45_54,eco_aggregate_total,2015,106.684
svn,sex_m,age_10yrbands_y45_54,eco_aggregate_total,2016,102.463
svn,sex_m,age_10yrbands_y45_54,eco_aggregate_total,2017,109.444
svn,sex_m,age_10yrbands_y45_54,eco_aggregate_total,2018,115.525
svn,sex_m,age_10yrbands_y45_54,eco_aggregate_total,2019,112.576
svn,sex_m,age_10yrbands_y45_54,eco_aggregate_total,2020,121.865
svn,sex_m,age_10yrbands_y45_54,eco_aggregate_total,2021,120.262
svn,sex_m,age_10yrbands_y45_54,eco_aggregate_total,2022,119.129
svn,sex_m,age_10yrbands_y45_54,eco_aggregate_total,2023,116.61
svn,sex_m,age_10yrbands_y45_54,eco_aggregate_x,2000,0.996
svn,sex_m,age_10yrbands_y45_54,eco_aggregate_x,2001,1.369
svn,sex_m,age_10yrbands_y45_54,eco_aggregate_x,2003,0.514
svn,sex_m,age_10yrbands_y45_54,eco_aggregate_x,2004,0.785
svn,sex_m,age_10yrbands_y45_54,eco_aggregate_x,2005,0.202
svn,sex_m,age_10yrbands_y45_54,eco_aggregate_x,2006,0.401
svn,sex_m,age_10yrbands_y45_54,eco_aggregate_x,2007,0.475
svn,sex_m,age_10yrbands_y45_54,eco_aggregate_x,2008,0.193
svn,sex_m,age_10yrbands_y45_54,eco_aggregate_x,2009,0.489
svn,sex_m,age_10yrbands_y45_54,eco_aggregate_x,2010,0.299
svn,sex_m,age_10yrbands_y45_54,eco_aggregate_x,2011,0.339
svn,sex_m,age_10yrbands_y45_54,eco_aggregate_x,2012,0.306
svn,sex_m,age_10yrbands_y45_54,eco_aggregate_x,2013,0.401
svn,sex_m,age_10yrbands_y45_54,eco_aggregate_x,2014,0.427
svn,sex_m,age_10yrbands_y45_54,eco_aggregate_x,2015,1.087
svn,sex_m,age_10yrbands_y45_54,eco_aggregate_x,2016,0.664
svn,sex_m,age_10yrbands_y45_54,eco_aggregate_x,2017,0.296
svn,sex_m,age_10yrbands_y45_54,eco_aggregate_x,2018,0.364
svn,sex_m,age_10yrbands_y45_54,eco_aggregate_x,2019,0.194
svn,sex_m,age_10yrbands_y45_54,eco_aggregate_x,2020,0.418
svn,sex_m,age_10yrbands_y45_54,eco_aggregate_x,2021,0.809
svn,sex_m,age_10yrbands_y45_54,eco_aggregate_x,2022,0.755
svn,sex_m,age_10yrbands_y45_54,eco_aggregate_x,2023,0.651
svn,sex_m,age_10yrbands_y45_54,eco_sector_agr,1996,1.976
svn,sex_m,age_10yrbands_y45_54,eco_sector_agr,1997,2.287
svn,sex_m,age_10yrbands_y45_54,eco_sector_agr,1998,1.459
svn,sex_m,age_10yrbands_y45_54,eco_sector_agr,1999,2.047
svn,sex_m,age_10yrbands_y45_54,eco_sector_agr,2000,2.189
svn,sex_m,age_10yrbands_y45_54,eco_sector_agr,2001,1.754
svn,sex_m,age_10yrbands_y45_54,eco_sector_agr,2002,1.605
svn,sex_m,age_10yrbands_y45_54,eco_sector_agr,2003,2.428
svn,sex_m,age_10yrbands_y45_54,eco_sector_agr,2004,2.346
svn,sex_m,age_10yrbands_y45_54,eco_sector_agr,2005,2.243
svn,sex_m,age_10yrbands_y45_54,eco_sector_agr,2006,2.828
svn,sex_m,age_10yrbands_y45_54,eco_sector_agr,2007,2.571
svn,sex_m,age_10yrbands_y45_54,eco_sector_agr,2008,3.097
svn,sex_m,age_10yrbands_y45_54,eco_sector_agr,2009,1.9
svn,sex_m,age_10yrbands_y45_54,eco_sector_agr,2010,1.557
svn,sex_m,age_10yrbands_y45_54,eco_sector_agr,2011,1.855
svn,sex_m,age_10yrbands_y45_54,eco_sector_agr,2012,1.611
svn,sex_m,age_10yrbands_y45_54,eco_sector_agr,2013,1.865
svn,sex_m,age_10yrbands_y45_54,eco_sector_agr,2014,2.157
svn,sex_m,age_10yrbands_y45_54,eco_sector_agr,2015,1.588
svn,sex_m,age_10yrbands_y45_54,eco_sector_agr,2016,1.599
svn,sex_m,age_10yrbands_y45_54,eco_sector_agr,2017,2.382
svn,sex_m,age_10yrbands_y45_54,eco_sector_agr,2018,2.211
svn,sex_m,age_10yrbands_y45_54,eco_sector_agr,2019,0.849
svn,sex_m,age_10yrbands_y45_54,eco_sector_agr,2020,0.578
svn,sex_m,age_10yrbands_y45_54,eco_sector_agr,2021,0.845
svn,sex_m,age_10yrbands_y45_54,eco_sector_agr,2022,0.797
svn,sex_m,age_10yrbands_y45_54,eco_sector_agr,2023,1.138
svn,sex_m,age_10yrbands_y45_54,eco_sector_ind,1996,48.513
svn,sex_m,age_10yrbands_y45_54,eco_sector_ind,1997,54.648
svn,sex_m,age_10yrbands_y45_54,eco_sector_ind,1998,53.705
svn,sex_m,age_10yrbands_y45_54,eco_sector_ind,1999,49.171
svn,sex_m,age_10yrbands_y45_54,eco_sector_ind,2000,54.021
svn,sex_m,age_10yrbands_y45_54,eco_sector_ind,2001,54.626
svn,sex_m,age_10yrbands_y45_54,eco_sector_ind,2002,60.582
svn,sex_m,age_10yrbands_y45_54,eco_sector_ind,2003,59.709
svn,sex_m,age_10yrbands_y45_54,eco_sector_ind,2004,57.8
svn,sex_m,age_10yrbands_y45_54,eco_sector_ind,2005,58.411
svn,sex_m,age_10yrbands_y45_54,eco_sector_ind,2006,56.687
svn,sex_m,age_10yrbands_y45_54,eco_sector_ind,2007,60.42
svn,sex_m,age_10yrbands_y45_54,eco_sector_ind,2008,61.994
svn,sex_m,age_10yrbands_y45_54,eco_sector_ind,2009,59.089
svn,sex_m,age_10yrbands_y45_54,eco_sector_ind,2010,56.129
svn,sex_m,age_10yrbands_y45_54,eco_sector_ind,2011,53.851
svn,sex_m,age_10yrbands_y45_54,eco_sector_ind,2012,51.87
svn,sex_m,age_10yrbands_y45_54,eco_sector_ind,2013,52.927
svn,sex_m,age_10yrbands_y45_54,eco_sector_ind,2014,56.006
svn,sex_m,age_10yrbands_y45_54,eco_sector_ind,2015,55.061
svn,sex_m,age_10yrbands_y45_54,eco_sector_ind,2016,53.173
svn,sex_m,age_10yrbands_y45_54,eco_sector_ind,2017,52.739
svn,sex_m,age_10yrbands_y45_54,eco_sector_ind,2018,55.584
svn,sex_m,age_10yrbands_y45_54,eco_sector_ind,2019,60.184
svn,sex_m,age_10yrbands_y45_54,eco_sector_ind,2020,62.767
svn,sex_m,age_10yrbands_y45_54,eco_sector_ind,2021,54.675
svn,sex_m,age_10yrbands_y45_54,eco_sector_ind,2022,53.092
svn,sex_m,age_10yrbands_y45_54,eco_sector_ind,2023,55.769
svn,sex_m,age_10yrbands_y45_54,eco_sector_nag,1996,80.772
svn,sex_m,age_10yrbands_y45_54,eco_sector_nag,1997,87.038
svn,sex_m,age_10yrbands_y45_54,eco_sector_nag,1998,90.781
svn,sex_m,age_10yrbands_y45_54,eco_sector_nag,1999,89.855
svn,sex_m,age_10yrbands_y45_54,eco_sector_nag,2000,98.746
svn,sex_m,age_10yrbands_y45_54,eco_sector_nag,2001,101.225
svn,sex_m,age_10yrbands_y45_54,eco_sector_nag,2002,104.802
svn,sex_m,age_10yrbands_y45_54,eco_sector_nag,2003,109.62
svn,sex_m,age_10yrbands_y45_54,eco_sector_nag,2004,107.57
svn,sex_m,age_10yrbands_y45_54,eco_sector_nag,2005,103.995
svn,sex_m,age_10yrbands_y45_54,eco_sector_nag,2006,103.643
svn,sex_m,age_10yrbands_y45_54,eco_sector_nag,2007,107.06
svn,sex_m,age_10yrbands_y45_54,eco_sector_nag,2008,108.443
svn,sex_m,age_10yrbands_y45_54,eco_sector_nag,2009,108.614
svn,sex_m,age_10yrbands_y45_54,eco_sector_nag,2010,108.582
svn,sex_m,age_10yrbands_y45_54,eco_sector_nag,2011,103.854
svn,sex_m,age_10yrbands_y45_54,eco_sector_nag,2012,106.918
svn,sex_m,age_10yrbands_y45_54,eco_sector_nag,2013,105.295
svn,sex_m,age_10yrbands_y45_54,eco_sector_nag,2014,107.527
svn,sex_m,age_10yrbands_y45_54,eco_sector_nag,2015,105.096
svn,sex_m,age_10yrbands_y45_54,eco_sector_nag,2016,100.863
svn,sex_m,age_10yrbands_y45_54,eco_sector_nag,2017,107.062
svn,sex_m,age_10yrbands_y45_54,eco_sector_nag,2018,113.314
svn,sex_m,age_10yrbands_y45_54,eco_sector_nag,2019,111.728
svn,sex_m,age_10yrbands_y45_54,eco_sector_nag,2020,121.287
svn,sex_m,age_10yrbands_y45_54,eco_sector_nag,2021,119.417
svn,sex_m,age_10yrbands_y45_54,eco_sector_nag,2022,118.332
svn,sex_m,age_10yrbands_y45_54,eco_sector_nag,2023,115.472
svn,sex_m,age_10yrbands_y45_54,eco_sector_ser,1996,32.208
svn,sex_m,age_10yrbands_y45_54,eco_sector_ser,1997,31.956
svn,sex_m,age_10yrbands_y45_54,eco_sector_ser,1998,36.705
svn,sex_m,age_10yrbands_y45_54,eco_sector_ser,1999,40.267
svn,sex_m,age_10yrbands_y45_54,eco_sector_ser,2000,43.729
svn,sex_m,age_10yrbands_y45_54,eco_sector_ser,2001,45.23
svn,sex_m,age_10yrbands_y45_54,eco_sector_ser,2002,44.05
svn,sex_m,age_10yrbands_y45_54,eco_sector_ser,2003,49.397
svn,sex_m,age_10yrbands_y45_54,eco_sector_ser,2004,48.985
svn,sex_m,age_10yrbands_y45_54,eco_sector_ser,2005,45.382
svn,sex_m,age_10yrbands_y45_54,eco_sector_ser,2006,46.554
svn,sex_m,age_10yrbands_y45_54,eco_sector_ser,2007,46.165
svn,sex_m,age_10yrbands_y45_54,eco_sector_ser,2008,46.256
svn,sex_m,age_10yrbands_y45_54,eco_sector_ser,2009,49.036
svn,sex_m,age_10yrbands_y45_54,eco_sector_ser,2010,52.154
svn,sex_m,age_10yrbands_y45_54,eco_sector_ser,2011,49.664
svn,sex_m,age_10yrbands_y45_54,eco_sector_ser,2012,54.743
svn,sex_m,age_10yrbands_y45_54,eco_sector_ser,2013,51.967
svn,sex_m,age_10yrbands_y45_54,eco_sector_ser,2014,51.094
svn,sex_m,age_10yrbands_y45_54,eco_sector_ser,2015,48.948
svn,sex_m,age_10yrbands_y45_54,eco_sector_ser,2016,47.026
svn,sex_m,age_10yrbands_y45_54,eco_sector_ser,2017,54.027
svn,sex_m,age_10yrbands_y45_54,eco_sector_ser,2018,57.366
svn,sex_m,age_10yrbands_y45_54,eco_sector_ser,2019,51.35
svn,sex_m,age_10yrbands_y45_54,eco_sector_ser,2020,58.102
svn,sex_m,age_10yrbands_y45_54,eco_sector_ser,2021,63.932
svn,sex_m,age_10yrbands_y45_54,eco_sector_ser,2022,64.485
svn,sex_m,age_10yrbands_y45_54,eco_sector_ser,2023,59.053
svn,sex_m,age_10yrbands_y45_54,eco_sector_total,1996,82.748
svn,sex_m,age_10yrbands_y45_54,eco_sector_total,1997,89.325
svn,sex_m,age_10yrbands_y45_54,eco_sector_total,1998,92.24
svn,sex_m,age_10yrbands_y45_54,eco_sector_total,1999,91.902
svn,sex_m,age_10yrbands_y45_54,eco_sector_total,2000,100.935
svn,sex_m,age_10yrbands_y45_54,eco_sector_total,2001,102.979
svn,sex_m,age_10yrbands_y45_54,eco_sector_total,2002,106.407
svn,sex_m,age_10yrbands_y45_54,eco_sector_total,2003,112.048
svn,sex_m,age_10yrbands_y45_54,eco_sector_total,2004,109.916
svn,sex_m,age_10yrbands_y45_54,eco_sector_total,2005,106.238
svn,sex_m,age_10yrbands_y45_54,eco_sector_total,2006,106.47
svn,sex_m,age_10yrbands_y45_54,eco_sector_total,2007,109.632
svn,sex_m,age_10yrbands_y45_54,eco_sector_total,2008,111.54
svn,sex_m,age_10yrbands_y45_54,eco_sector_total,2009,110.514
svn,sex_m,age_10yrbands_y45_54,eco_sector_total,2010,110.139
svn,sex_m,age_10yrbands_y45_54,eco_sector_total,2011,105.709
svn,sex_m,age_10yrbands_y45_54,eco_sector_total,2012,108.529
svn,sex_m,age_10yrbands_y45_54,eco_sector_total,2013,107.16
svn,sex_m,age_10yrbands_y45_54,eco_sector_total,2014,109.684
svn,sex_m,age_10yrbands_y45_54,eco_sector_total,2015,106.684
svn,sex_m,age_10yrbands_y45_54,eco_sector_total,2016,102.463
svn,sex_m,age_10yrbands_y45_54,eco_sector_total,2017,109.444
svn,sex_m,age_10yrbands_y45_54,eco_sector_total,2018,115.525
svn,sex_m,age_10yrbands_y45_54,eco_sector_total,2019,112.576
svn,sex_m,age_10yrbands_y45_54,eco_sector_total,2020,121.865
svn,sex_m,age_10yrbands_y45_54,eco_sector_total,2021,120.262
svn,sex_m,age_10yrbands_y45_54,eco_sector_total,2022,119.129
svn,sex_m,age_10yrbands_y45_54,eco_sector_total,2023,116.61
svn,sex_m,age_10yrbands_y45_54,eco_sector_x,2000,0.996
svn,sex_m,age_10yrbands_y45_54,eco_sector_x,2001,1.369
svn,sex_m,age_10yrbands_y45_54,eco_sector_x,2003,0.514
svn,sex_m,age_10yrbands_y45_54,eco_sector_x,2004,0.785
svn,sex_m,age_10yrbands_y45_54,eco_sector_x,2005,0.202
svn,sex_m,age_10yrbands_y45_54,eco_sector_x,2006,0.401
svn,sex_m,age_10yrbands_y45_54,eco_sector_x,2007,0.475
svn,sex_m,age_10yrbands_y45_54,eco_sector_x,2008,0.193
svn,sex_m,age_10yrbands_y45_54,eco_sector_x,2009,0.489
svn,sex_m,age_10yrbands_y45_54,eco_sector_x,2010,0.299
svn,sex_m,age_10yrbands_y45_54,eco_sector_x,2011,0.339
svn,sex_m,age_10yrbands_y45_54,eco_sector_x,2012,0.306
svn,sex_m,age_10yrbands_y45_54,eco_sector_x,2013,0.401
svn,sex_m,age_10yrbands_y45_54,eco_sector_x,2014,0.427
svn,sex_m,age_10yrbands_y45_54,eco_sector_x,2015,1.087
svn,sex_m,age_10yrbands_y45_54,eco_sector_x,2016,0.664
svn,sex_m,age_10yrbands_y45_54,eco_sector_x,2017,0.296
svn,sex_m,age_10yrbands_y45_54,eco_sector_x,2018,0.364
svn,sex_m,age_10yrbands_y45_54,eco_sector_x,2019,0.194
svn,sex_m,age_10yrbands_y45_54,eco_sector_x,2020,0.418
svn,sex_m,age_10yrbands_y45_54,eco_sector_x,2021,0.809
svn,sex_m,age_10yrbands_y45_54,eco_sector_x,2022,0.755
svn,sex_m,age_10yrbands_y45_54,eco_sector_x,2023,0.651
svn,sex_m,age_10yrbands_y55_64,eco_aggregate_agr,1997,0.637
svn,sex_m,age_10yrbands_y55_64,eco_aggregate_agr,1998,0.512
svn,sex_m,age_10yrbands_y55_64,eco_aggregate_agr,1999,0.527
svn,sex_m,age_10yrbands_y55_64,eco_aggregate_agr,2000,0.529
svn,sex_m,age_10yrbands_y55_64,eco_aggregate_agr,2001,0.653
svn,sex_m,age_10yrbands_y55_64,eco_aggregate_agr,2002,0.744
svn,sex_m,age_10yrbands_y55_64,eco_aggregate_agr,2003,0.677
svn,sex_m,age_10yrbands_y55_64,eco_aggregate_agr,2004,0.931
svn,sex_m,age_10yrbands_y55_64,eco_aggregate_agr,2005,0.752
svn,sex_m,age_10yrbands_y55_64,eco_aggregate_agr,2006,0.391
svn,sex_m,age_10yrbands_y55_64,eco_aggregate_agr,2007,1.052
svn,sex_m,age_10yrbands_y55_64,eco_aggregate_agr,2008,1.245
svn,sex_m,age_10yrbands_y55_64,eco_aggregate_agr,2009,1.124
svn,sex_m,age_10yrbands_y55_64,eco_aggregate_agr,2010,0.731
svn,sex_m,age_10yrbands_y55_64,eco_aggregate_agr,2011,0.592
svn,sex_m,age_10yrbands_y55_64,eco_aggregate_agr,2012,0.604
svn,sex_m,age_10yrbands_y55_64,eco_aggregate_agr,2013,0.477
svn,sex_m,age_10yrbands_y55_64,eco_aggregate_agr,2014,0.563
svn,sex_m,age_10yrbands_y55_64,eco_aggregate_agr,2015,0.703
svn,sex_m,age_10yrbands_y55_64,eco_aggregate_agr,2016,0.51
svn,sex_m,age_10yrbands_y55_64,eco_aggregate_agr,2017,0.751
svn,sex_m,age_10yrbands_y55_64,eco_aggregate_agr,2018,1.031
svn,sex_m,age_10yrbands_y55_64,eco_aggregate_agr,2019,1.275
svn,sex_m,age_10yrbands_y55_64,eco_aggregate_agr,2020,1.552
svn,sex_m,age_10yrbands_y55_64,eco_aggregate_agr,2021,0.514
svn,sex_m,age_10yrbands_y55_64,eco_aggregate_agr,2022,0.409
svn,sex_m,age_10yrbands_y55_64,eco_aggregate_agr,2023,1.056
svn,sex_m,age_10yrbands_y55_64,eco_aggregate_con,1996,1.329
svn,sex_m,age_10yrbands_y55_64,eco_aggregate_con,1997,1.663
svn,sex_m,age_10yrbands_y55_64,eco_aggregate_con,1998,1.639
svn,sex_m,age_10yrbands_y55_64,eco_aggregate_con,1999,1.973
svn,sex_m,age_10yrbands_y55_64,eco_aggregate_con,2000,1.605
svn,sex_m,age_10yrbands_y55_64,eco_aggregate_con,2001,1.825
svn,sex_m,age_10yrbands_y55_64,eco_aggregate_con,2002,2.224
svn,sex_m,age_10yrbands_y55_64,eco_aggregate_con,2003,2.027
svn,sex_m,age_10yrbands_y55_64,eco_aggregate_con,2004,2.812
svn,sex_m,age_10yrbands_y55_64,eco_aggregate_con,2005,3.737
svn,sex_m,age_10yrbands_y55_64,eco_aggregate_con,2006,4.131
svn,sex_m,age_10yrbands_y55_64,eco_aggregate_con,2007,4.072
svn,sex_m,age_10yrbands_y55_64,eco_aggregate_con,2008,4.62
svn,sex_m,age_10yrbands_y55_64,eco_aggregate_con,2009,4.369
svn,sex_m,age_10yrbands_y55_64,eco_aggregate_con,2010,5.053
svn,sex_m,age_10yrbands_y55_64,eco_aggregate_con,2011,3.381
svn,sex_m,age_10yrbands_y55_64,eco_aggregate_con,2012,2.619
svn,sex_m,age_10yrbands_y55_64,eco_aggregate_con,2013,3.301
svn,sex_m,age_10yrbands_y55_64,eco_aggregate_con,2014,3.709
svn,sex_m,age_10yrbands_y55_64,eco_aggregate_con,2015,3.506
svn,sex_m,age_10yrbands_y55_64,eco_aggregate_con,2016,3.987
svn,sex_m,age_10yrbands_y55_64,eco_aggregate_con,2017,4.869
svn,sex_m,age_10yrbands_y55_64,eco_aggregate_con,2018,5.371
svn,sex_m,age_10yrbands_y55_64,eco_aggregate_con,2019,4.659
svn,sex_m,age_10yrbands_y55_64,eco_aggregate_con,2020,5.91
svn,sex_m,age_10yrbands_y55_64,eco_aggregate_con,2021,4.843
svn,sex_m,age_10yrbands_y55_64,eco_aggregate_con,2022,5.771
svn,sex_m,age_10yrbands_y55_64,eco_aggregate_con,2023,7.691
svn,sex_m,age_10yrbands_y55_64,eco_aggregate_man,1996,5.429
svn,sex_m,age_10yrbands_y55_64,eco_aggregate_man,1997,4.288
svn,sex_m,age_10yrbands_y55_64,eco_aggregate_man,1998,5.721
svn,sex_m,age_10yrbands_y55_64,eco_aggregate_man,1999,7.074
svn,sex_m,age_10yrbands_y55_64,eco_aggregate_man,2000,5.943
svn,sex_m,age_10yrbands_y55_64,eco_aggregate_man,2001,5.132
svn,sex_m,age_10yrbands_y55_64,eco_aggregate_man,2002,7.588
svn,sex_m,age_10yrbands_y55_64,eco_aggregate_man,2003,5.327
svn,sex_m,age_10yrbands_y55_64,eco_aggregate_man,2004,9.841
svn,sex_m,age_10yrbands_y55_64,eco_aggregate_man,2005,11.261
svn,sex_m,age_10yrbands_y55_64,eco_aggregate_man,2006,11.891
svn,sex_m,age_10yrbands_y55_64,eco_aggregate_man,2007,12.706
svn,sex_m,age_10yrbands_y55_64,eco_aggregate_man,2008,13.833
svn,sex_m,age_10yrbands_y55_64,eco_aggregate_man,2009,12.518
svn,sex_m,age_10yrbands_y55_64,eco_aggregate_man,2010,14.223
svn,sex_m,age_10yrbands_y55_64,eco_aggregate_man,2011,10.796
svn,sex_m,age_10yrbands_y55_64,eco_aggregate_man,2012,11.188
svn,sex_m,age_10yrbands_y55_64,eco_aggregate_man,2013,12.729
svn,sex_m,age_10yrbands_y55_64,eco_aggregate_man,2014,14.234
svn,sex_m,age_10yrbands_y55_64,eco_aggregate_man,2015,14.46
svn,sex_m,age_10yrbands_y55_64,eco_aggregate_man,2016,15.903
svn,sex_m,age_10yrbands_y55_64,eco_aggregate_man,2017,19.351
svn,sex_m,age_10yrbands_y55_64,eco_aggregate_man,2018,16.306
svn,sex_m,age_10yrbands_y55_64,eco_aggregate_man,2019,19.033
svn,sex_m,age_10yrbands_y55_64,eco_aggregate_man,2020,22.555
svn,sex_m,age_10yrbands_y55_64,eco_aggregate_man,2021,18.894
svn,sex_m,age_10yrbands_y55_64,eco_aggregate_man,2022,20.328
svn,sex_m,age_10yrbands_y55_64,eco_aggregate_man,2023,20.625
svn,sex_m,age_10yrbands_y55_64,eco_aggregate_mel,1996,0.946
svn,sex_m,age_10yrbands_y55_64,eco_aggregate_mel,1997,1.506
svn,sex_m,age_10yrbands_y55_64,eco_aggregate_mel,1998,1.044
svn,sex_m,age_10yrbands_y55_64,eco_aggregate_mel,1999,0.483
svn,sex_m,age_10yrbands_y55_64,eco_aggregate_mel,2000,0.739
svn,sex_m,age_10yrbands_y55_64,eco_aggregate_mel,2001,1.4
svn,sex_m,age_10yrbands_y55_64,eco_aggregate_mel,2002,1.641
svn,sex_m,age_10yrbands_y55_64,eco_aggregate_mel,2003,1.086
svn,sex_m,age_10yrbands_y55_64,eco_aggregate_mel,2004,1.33
svn,sex_m,age_10yrbands_y55_64,eco_aggregate_mel,2005,1.096
svn,sex_m,age_10yrbands_y55_64,eco_aggregate_mel,2006,1.274
svn,sex_m,age_10yrbands_y55_64,eco_aggregate_mel,2007,1.604
svn,sex_m,age_10yrbands_y55_64,eco_aggregate_mel,2008,2.506
svn,sex_m,age_10yrbands_y55_64,eco_aggregate_mel,2009,2.408
svn,sex_m,age_10yrbands_y55_64,eco_aggregate_mel,2010,2.039
svn,sex_m,age_10yrbands_y55_64,eco_aggregate_mel,2011,2.337
svn,sex_m,age_10yrbands_y55_64,eco_aggregate_mel,2012,2.975
svn,sex_m,age_10yrbands_y55_64,eco_aggregate_mel,2013,2.861
svn,sex_m,age_10yrbands_y55_64,eco_aggregate_mel,2014,2.212
svn,sex_m,age_10yrbands_y55_64,eco_aggregate_mel,2015,2.905
svn,sex_m,age_10yrbands_y55_64,eco_aggregate_mel,2016,3.041
svn,sex_m,age_10yrbands_y55_64,eco_aggregate_mel,2017,3.06
svn,sex_m,age_10yrbands_y55_64,eco_aggregate_mel,2018,3.509
svn,sex_m,age_10yrbands_y55_64,eco_aggregate_mel,2019,2.93
svn,sex_m,age_10yrbands_y55_64,eco_aggregate_mel,2020,2.689
svn,sex_m,age_10yrbands_y55_64,eco_aggregate_mel,2021,3.391
svn,sex_m,age_10yrbands_y55_64,eco_aggregate_mel,2022,3.373
svn,sex_m,age_10yrbands_y55_64,eco_aggregate_mel,2023,3.874
svn,sex_m,age_10yrbands_y55_64,eco_aggregate_mkt,1996,3.745
svn,sex_m,age_10yrbands_y55_64,eco_aggregate_mkt,1997,2.698
svn,sex_m,age_10yrbands_y55_64,eco_aggregate_mkt,1998,4.962
svn,sex_m,age_10yrbands_y55_64,eco_aggregate_mkt,1999,3.058
svn,sex_m,age_10yrbands_y55_64,eco_aggregate_mkt,2000,5.154
svn,sex_m,age_10yrbands_y55_64,eco_aggregate_mkt,2001,5.519
svn,sex_m,age_10yrbands_y55_64,eco_aggregate_mkt,2002,6.653
svn,sex_m,age_10yrbands_y55_64,eco_aggregate_mkt,2003,6.497
svn,sex_m,age_10yrbands_y55_64,eco_aggregate_mkt,2004,6.52
svn,sex_m,age_10yrbands_y55_64,eco_aggregate_mkt,2005,8.553
svn,sex_m,age_10yrbands_y55_64,eco_aggregate_mkt,2006,8.955
svn,sex_m,age_10yrbands_y55_64,eco_aggregate_mkt,2007,9.181
svn,sex_m,age_10yrbands_y55_64,eco_aggregate_mkt,2008,11.389
svn,sex_m,age_10yrbands_y55_64,eco_aggregate_mkt,2009,12.015
svn,sex_m,age_10yrbands_y55_64,eco_aggregate_mkt,2010,12.265
svn,sex_m,age_10yrbands_y55_64,eco_aggregate_mkt,2011,13.352
svn,sex_m,age_10yrbands_y55_64,eco_aggregate_mkt,2012,13.862
svn,sex_m,age_10yrbands_y55_64,eco_aggregate_mkt,2013,14.18
svn,sex_m,age_10yrbands_y55_64,eco_aggregate_mkt,2014,12.105
svn,sex_m,age_10yrbands_y55_64,eco_aggregate_mkt,2015,13.504
svn,sex_m,age_10yrbands_y55_64,eco_aggregate_mkt,2016,15.543
svn,sex_m,age_10yrbands_y55_64,eco_aggregate_mkt,2017,14.25
svn,sex_m,age_10yrbands_y55_64,eco_aggregate_mkt,2018,18.294
svn,sex_m,age_10yrbands_y55_64,eco_aggregate_mkt,2019,20.274
svn,sex_m,age_10yrbands_y55_64,eco_aggregate_mkt,2020,20.488
svn,sex_m,age_10yrbands_y55_64,eco_aggregate_mkt,2021,20.272
svn,sex_m,age_10yrbands_y55_64,eco_aggregate_mkt,2022,22.162
svn,sex_m,age_10yrbands_y55_64,eco_aggregate_mkt,2023,22.063
svn,sex_m,age_10yrbands_y55_64,eco_aggregate_pub,1996,3.551
svn,sex_m,age_10yrbands_y55_64,eco_aggregate_pub,1997,3.082
svn,sex_m,age_10yrbands_y55_64,eco_aggregate_pub,1998,4.627
svn,sex_m,age_10yrbands_y55_64,eco_aggregate_pub,1999,6.27
svn,sex_m,age_10yrbands_y55_64,eco_aggregate_pub,2000,5.035
svn,sex_m,age_10yrbands_y55_64,eco_aggregate_pub,2001,5.974
svn,sex_m,age_10yrbands_y55_64,eco_aggregate_pub,2002,5.846
svn,sex_m,age_10yrbands_y55_64,eco_aggregate_pub,2003,6.544
svn,sex_m,age_10yrbands_y55_64,eco_aggregate_pub,2004,8.683
svn,sex_m,age_10yrbands_y55_64,eco_aggregate_pub,2005,7.797
svn,sex_m,age_10yrbands_y55_64,eco_aggregate_pub,2006,8.246
svn,sex_m,age_10yrbands_y55_64,eco_aggregate_pub,2007,8.838
svn,sex_m,age_10yrbands_y55_64,eco_aggregate_pub,2008,7.165
svn,sex_m,age_10yrbands_y55_64,eco_aggregate_pub,2009,8.682
svn,sex_m,age_10yrbands_y55_64,eco_aggregate_pub,2010,8.732
svn,sex_m,age_10yrbands_y55_64,eco_aggregate_pub,2011,7.972
svn,sex_m,age_10yrbands_y55_64,eco_aggregate_pub,2012,8.909
svn,sex_m,age_10yrbands_y55_64,eco_aggregate_pub,2013,8.58
svn,sex_m,age_10yrbands_y55_64,eco_aggregate_pub,2014,8.924
svn,sex_m,age_10yrbands_y55_64,eco_aggregate_pub,2015,9.27
svn,sex_m,age_10yrbands_y55_64,eco_aggregate_pub,2016,9.451
svn,sex_m,age_10yrbands_y55_64,eco_aggregate_pub,2017,9.481
svn,sex_m,age_10yrbands_y55_64,eco_aggregate_pub,2018,11.11
svn,sex_m,age_10yrbands_y55_64,eco_aggregate_pub,2019,11.137
svn,sex_m,age_10yrbands_y55_64,eco_aggregate_pub,2020,13.238
svn,sex_m,age_10yrbands_y55_64,eco_aggregate_pub,2021,15.868
svn,sex_m,age_10yrbands_y55_64,eco_aggregate_pub,2022,15.555
svn,sex_m,age_10yrbands_y55_64,eco_aggregate_pub,2023,12.272
svn,sex_m,age_10yrbands_y55_64,eco_aggregate_total,1996,15.246
svn,sex_m,age_10yrbands_y55_64,eco_aggregate_total,1997,13.979
svn,sex_m,age_10yrbands_y55_64,eco_aggregate_total,1998,18.568
svn,sex_m,age_10yrbands_y55_64,eco_aggregate_total,1999,19.471
svn,sex_m,age_10yrbands_y55_64,eco_aggregate_total,2000,19.284
svn,sex_m,age_10yrbands_y55_64,eco_aggregate_total,2001,20.576
svn,sex_m,age_10yrbands_y55_64,eco_aggregate_total,2002,24.695
svn,sex_m,age_10yrbands_y55_64,eco_aggregate_total,2003,22.218
svn,sex_m,age_10yrbands_y55_64,eco_aggregate_total,2004,30.318
svn,sex_m,age_10yrbands_y55_64,eco_aggregate_total,2005,33.247
svn,sex_m,age_10yrbands_y55_64,eco_aggregate_total,2006,34.983
svn,sex_m,age_10yrbands_y55_64,eco_aggregate_total,2007,37.609
svn,sex_m,age_10yrbands_y55_64,eco_aggregate_total,2008,40.898
svn,sex_m,age_10yrbands_y55_64,eco_aggregate_total,2009,41.28
svn,sex_m,age_10yrbands_y55_64,eco_aggregate_total,2010,43.238
svn,sex_m,age_10yrbands_y55_64,eco_aggregate_total,2011,38.464
svn,sex_m,age_10yrbands_y55_64,eco_aggregate_total,2012,40.201
svn,sex_m,age_10yrbands_y55_64,eco_aggregate_total,2013,42.331
svn,sex_m,age_10yrbands_y55_64,eco_aggregate_total,2014,42.192
svn,sex_m,age_10yrbands_y55_64,eco_aggregate_total,2015,44.925
svn,sex_m,age_10yrbands_y55_64,eco_aggregate_total,2016,48.586
svn,sex_m,age_10yrbands_y55_64,eco_aggregate_total,2017,51.885
svn,sex_m,age_10yrbands_y55_64,eco_aggregate_total,2018,55.774
svn,sex_m,age_10yrbands_y55_64,eco_aggregate_total,2019,59.581
svn,sex_m,age_10yrbands_y55_64,eco_aggregate_total,2020,66.727
svn,sex_m,age_10yrbands_y55_64,eco_aggregate_total,2021,64.036
svn,sex_m,age_10yrbands_y55_64,eco_aggregate_total,2022,67.744
svn,sex_m,age_10yrbands_y55_64,eco_aggregate_total,2023,67.811
svn,sex_m,age_10yrbands_y55_64,eco_aggregate_x,2007,0.156
svn,sex_m,age_10yrbands_y55_64,eco_aggregate_x,2009,0.164
svn,sex_m,age_10yrbands_y55_64,eco_aggregate_x,2010,0.196
svn,sex_m,age_10yrbands_y55_64,eco_aggregate_x,2013,0.203
svn,sex_m,age_10yrbands_y55_64,eco_aggregate_x,2014,0.445
svn,sex_m,age_10yrbands_y55_64,eco_aggregate_x,2015,0.577
svn,sex_m,age_10yrbands_y55_64,eco_aggregate_x,2016,0.15
svn,sex_m,age_10yrbands_y55_64,eco_aggregate_x,2017,0.122
svn,sex_m,age_10yrbands_y55_64,eco_aggregate_x,2018,0.153
svn,sex_m,age_10yrbands_y55_64,eco_aggregate_x,2019,0.273
svn,sex_m,age_10yrbands_y55_64,eco_aggregate_x,2020,0.294
svn,sex_m,age_10yrbands_y55_64,eco_aggregate_x,2021,0.254
svn,sex_m,age_10yrbands_y55_64,eco_aggregate_x,2022,0.146
svn,sex_m,age_10yrbands_y55_64,eco_aggregate_x,2023,0.231
svn,sex_m,age_10yrbands_y55_64,eco_sector_agr,1997,0.637
svn,sex_m,age_10yrbands_y55_64,eco_sector_agr,1998,0.512
svn,sex_m,age_10yrbands_y55_64,eco_sector_agr,1999,0.527
svn,sex_m,age_10yrbands_y55_64,eco_sector_agr,2000,0.529
svn,sex_m,age_10yrbands_y55_64,eco_sector_agr,2001,0.653
svn,sex_m,age_10yrbands_y55_64,eco_sector_agr,2002,0.744
svn,sex_m,age_10yrbands_y55_64,eco_sector_agr,2003,0.677
svn,sex_m,age_10yrbands_y55_64,eco_sector_agr,2004,0.931
svn,sex_m,age_10yrbands_y55_64,eco_sector_agr,2005,0.752
svn,sex_m,age_10yrbands_y55_64,eco_sector_agr,2006,0.391
svn,sex_m,age_10yrbands_y55_64,eco_sector_agr,2007,1.052
svn,sex_m,age_10yrbands_y55_64,eco_sector_agr,2008,1.245
svn,sex_m,age_10yrbands_y55_64,eco_sector_agr,2009,1.124
svn,sex_m,age_10yrbands_y55_64,eco_sector_agr,2010,0.731
svn,sex_m,age_10yrbands_y55_64,eco_sector_agr,2011,0.592
svn,sex_m,age_10yrbands_y55_64,eco_sector_agr,2012,0.604
svn,sex_m,age_10yrbands_y55_64,eco_sector_agr,2013,0.477
svn,sex_m,age_10yrbands_y55_64,eco_sector_agr,2014,0.563
svn,sex_m,age_10yrbands_y55_64,eco_sector_agr,2015,0.703
svn,sex_m,age_10yrbands_y55_64,eco_sector_agr,2016,0.51
svn,sex_m,age_10yrbands_y55_64,eco_sector_agr,2017,0.751
svn,sex_m,age_10yrbands_y55_64,eco_sector_agr,2018,1.031
svn,sex_m,age_10yrbands_y55_64,eco_sector_agr,2019,1.275
svn,sex_m,age_10yrbands_y55_64,eco_sector_agr,2020,1.552
svn,sex_m,age_10yrbands_y55_64,eco_sector_agr,2021,0.514
svn,sex_m,age_10yrbands_y55_64,eco_sector_agr,2022,0.409
svn,sex_m,age_10yrbands_y55_64,eco_sector_agr,2023,1.056
svn,sex_m,age_10yrbands_y55_64,eco_sector_ind,1996,7.704
svn,sex_m,age_10yrbands_y55_64,eco_sector_ind,1997,7.457
svn,sex_m,age_10yrbands_y55_64,eco_sector_ind,1998,8.404
svn,sex_m,age_10yrbands_y55_64,eco_sector_ind,1999,9.53
svn,sex_m,age_10yrbands_y55_64,eco_sector_ind,2000,8.287
svn,sex_m,age_10yrbands_y55_64,eco_sector_ind,2001,8.357
svn,sex_m,age_10yrbands_y55_64,eco_sector_ind,2002,11.452
svn,sex_m,age_10yrbands_y55_64,eco_sector_ind,2003,8.44
svn,sex_m,age_10yrbands_y55_64,eco_sector_ind,2004,13.983
svn,sex_m,age_10yrbands_y55_64,eco_sector_ind,2005,16.094
svn,sex_m,age_10yrbands_y55_64,eco_sector_ind,2006,17.296
svn,sex_m,age_10yrbands_y55_64,eco_sector_ind,2007,18.382
svn,sex_m,age_10yrbands_y55_64,eco_sector_ind,2008,20.959
svn,sex_m,age_10yrbands_y55_64,eco_sector_ind,2009,19.294
svn,sex_m,age_10yrbands_y55_64,eco_sector_ind,2010,21.315
svn,sex_m,age_10yrbands_y55_64,eco_sector_ind,2011,16.514
svn,sex_m,age_10yrbands_y55_64,eco_sector_ind,2012,16.782
svn,sex_m,age_10yrbands_y55_64,eco_sector_ind,2013,18.89
svn,sex_m,age_10yrbands_y55_64,eco_sector_ind,2014,20.154
svn,sex_m,age_10yrbands_y55_64,eco_sector_ind,2015,20.871
svn,sex_m,age_10yrbands_y55_64,eco_sector_ind,2016,22.932
svn,sex_m,age_10yrbands_y55_64,eco_sector_ind,2017,27.28
svn,sex_m,age_10yrbands_y55_64,eco_sector_ind,2018,25.186
svn,sex_m,age_10yrbands_y55_64,eco_sector_ind,2019,26.622
svn,sex_m,age_10yrbands_y55_64,eco_sector_ind,2020,31.155
svn,sex_m,age_10yrbands_y55_64,eco_sector_ind,2021,27.128
svn,sex_m,age_10yrbands_y55_64,eco_sector_ind,2022,29.472
svn,sex_m,age_10yrbands_y55_64,eco_sector_ind,2023,32.19
svn,sex_m,age_10yrbands_y55_64,eco_sector_nag,1997,13.342
svn,sex_m,age_10yrbands_y55_64,eco_sector_nag,1998,18.056
svn,sex_m,age_10yrbands_y55_64,eco_sector_nag,1999,18.944
svn,sex_m,age_10yrbands_y55_64,eco_sector_nag,2000,18.754
svn,sex_m,age_10yrbands_y55_64,eco_sector_nag,2001,19.924
svn,sex_m,age_10yrbands_y55_64,eco_sector_nag,2002,23.951
svn,sex_m,age_10yrbands_y55_64,eco_sector_nag,2003,21.541
svn,sex_m,age_10yrbands_y55_64,eco_sector_nag,2004,29.387
svn,sex_m,age_10yrbands_y55_64,eco_sector_nag,2005,32.495
svn,sex_m,age_10yrbands_y55_64,eco_sector_nag,2006,34.592
svn,sex_m,age_10yrbands_y55_64,eco_sector_nag,2007,36.557
svn,sex_m,age_10yrbands_y55_64,eco_sector_nag,2008,39.652
svn,sex_m,age_10yrbands_y55_64,eco_sector_nag,2009,40.156
svn,sex_m,age_10yrbands_y55_64,eco_sector_nag,2010,42.508
svn,sex_m,age_10yrbands_y55_64,eco_sector_nag,2011,37.872
svn,sex_m,age_10yrbands_y55_64,eco_sector_nag,2012,39.596
svn,sex_m,age_10yrbands_y55_64,eco_sector_nag,2013,41.854
svn,sex_m,age_10yrbands_y55_64,eco_sector_nag,2014,41.629
svn,sex_m,age_10yrbands_y55_64,eco_sector_nag,2015,44.222
svn,sex_m,age_10yrbands_y55_64,eco_sector_nag,2016,48.076
svn,sex_m,age_10yrbands_y55_64,eco_sector_nag,2017,51.133
svn,sex_m,age_10yrbands_y55_64,eco_sector_nag,2018,54.743
svn,sex_m,age_10yrbands_y55_64,eco_sector_nag,2019,58.306
svn,sex_m,age_10yrbands_y55_64,eco_sector_nag,2020,65.175
svn,sex_m,age_10yrbands_y55_64,eco_sector_nag,2021,63.522
svn,sex_m,age_10yrbands_y55_64,eco_sector_nag,2022,67.335
svn,sex_m,age_10yrbands_y55_64,eco_sector_nag,2023,66.755
svn,sex_m,age_10yrbands_y55_64,eco_sector_ser,1996,7.296
svn,sex_m,age_10yrbands_y55_64,eco_sector_ser,1997,5.78
svn,sex_m,age_10yrbands_y55_64,eco_sector_ser,1998,9.589
svn,sex_m,age_10yrbands_y55_64,eco_sector_ser,1999,9.327
svn,sex_m,age_10yrbands_y55_64,eco_sector_ser,2000,10.189
svn,sex_m,age_10yrbands_y55_64,eco_sector_ser,2001,11.492
svn,sex_m,age_10yrbands_y55_64,eco_sector_ser,2002,12.499
svn,sex_m,age_10yrbands_y55_64,eco_sector_ser,2003,13.041
svn,sex_m,age_10yrbands_y55_64,eco_sector_ser,2004,15.202
svn,sex_m,age_10yrbands_y55_64,eco_sector_ser,2005,16.35
svn,sex_m,age_10yrbands_y55_64,eco_sector_ser,2006,17.201
svn,sex_m,age_10yrbands_y55_64,eco_sector_ser,2007,18.019
svn,sex_m,age_10yrbands_y55_64,eco_sector_ser,2008,18.553
svn,sex_m,age_10yrbands_y55_64,eco_sector_ser,2009,20.697
svn,sex_m,age_10yrbands_y55_64,eco_sector_ser,2010,20.997
svn,sex_m,age_10yrbands_y55_64,eco_sector_ser,2011,21.324
svn,sex_m,age_10yrbands_y55_64,eco_sector_ser,2012,22.77
svn,sex_m,age_10yrbands_y55_64,eco_sector_ser,2013,22.761
svn,sex_m,age_10yrbands_y55_64,eco_sector_ser,2014,21.029
svn,sex_m,age_10yrbands_y55_64,eco_sector_ser,2015,22.774
svn,sex_m,age_10yrbands_y55_64,eco_sector_ser,2016,24.994
svn,sex_m,age_10yrbands_y55_64,eco_sector_ser,2017,23.731
svn,sex_m,age_10yrbands_y55_64,eco_sector_ser,2018,29.404
svn,sex_m,age_10yrbands_y55_64,eco_sector_ser,2019,31.411
svn,sex_m,age_10yrbands_y55_64,eco_sector_ser,2020,33.726
svn,sex_m,age_10yrbands_y55_64,eco_sector_ser,2021,36.14
svn,sex_m,age_10yrbands_y55_64,eco_sector_ser,2022,37.717
svn,sex_m,age_10yrbands_y55_64,eco_sector_ser,2023,34.335
svn,sex_m,age_10yrbands_y55_64,eco_sector_total,1996,15.246
svn,sex_m,age_10yrbands_y55_64,eco_sector_total,1997,13.979
svn,sex_m,age_10yrbands_y55_64,eco_sector_total,1998,18.568
svn,sex_m,age_10yrbands_y55_64,eco_sector_total,1999,19.471
svn,sex_m,age_10yrbands_y55_64,eco_sector_total,2000,19.284
svn,sex_m,age_10yrbands_y55_64,eco_sector_total,2001,20.576
svn,sex_m,age_10yrbands_y55_64,eco_sector_total,2002,24.695
svn,sex_m,age_10yrbands_y55_64,eco_sector_total,2003,22.218
svn,sex_m,age_10yrbands_y55_64,eco_sector_total,2004,30.318
svn,sex_m,age_10yrbands_y55_64,eco_sector_total,2005,33.247
svn,sex_m,age_10yrbands_y55_64,eco_sector_total,2006,34.983
svn,sex_m,age_10yrbands_y55_64,eco_sector_total,2007,37.609
svn,sex_m,age_10yrbands_y55_64,eco_sector_total,2008,40.898
svn,sex_m,age_10yrbands_y55_64,eco_sector_total,2009,41.28
svn,sex_m,age_10yrbands_y55_64,eco_sector_total,2010,43.238
svn,sex_m,age_10yrbands_y55_64,eco_sector_total,2011,38.464
svn,sex_m,age_10yrbands_y55_64,eco_sector_total,2012,40.201
svn,sex_m,age_10yrbands_y55_64,eco_sector_total,2013,42.331
svn,sex_m,age_10yrbands_y55_64,eco_sector_total,2014,42.192
svn,sex_m,age_10yrbands_y55_64,eco_sector_total,2015,44.925
svn,sex_m,age_10yrbands_y55_64,eco_sector_total,2016,48.586
svn,sex_m,age_10yrbands_y55_64,eco_sector_total,2017,51.885
svn,sex_m,age_10yrbands_y55_64,eco_sector_total,2018,55.774
svn,sex_m,age_10yrbands_y55_64,eco_sector_total,2019,59.581
svn,sex_m,age_10yrbands_y55_64,eco_sector_total,2020,66.727
svn,sex_m,age_10yrbands_y55_64,eco_sector_total,2021,64.036
svn,sex_m,age_10yrbands_y55_64,eco_sector_total,2022,67.744
svn,sex_m,age_10yrbands_y55_64,eco_sector_total,2023,67.811
svn,sex_m,age_10yrbands_y55_64,eco_sector_x,2007,0.156
svn,sex_m,age_10yrbands_y55_64,eco_sector_x,2009,0.164
svn,sex_m,age_10yrbands_y55_64,eco_sector_x,2010,0.196
svn,sex_m,age_10yrbands_y55_64,eco_sector_x,2013,0.203
svn,sex_m,age_10yrbands_y55_64,eco_sector_x,2014,0.445
svn,sex_m,age_10yrbands_y55_64,eco_sector_x,2015,0.577
svn,sex_m,age_10yrbands_y55_64,eco_sector_x,2016,0.15
svn,sex_m,age_10yrbands_y55_64,eco_sector_x,2017,0.122
svn,sex_m,age_10yrbands_y55_64,eco_sector_x,2018,0.153
svn,sex_m,age_10yrbands_y55_64,eco_sector_x,2019,0.273
svn,sex_m,age_10yrbands_y55_64,eco_sector_x,2020,0.294
svn,sex_m,age_10yrbands_y55_64,eco_sector_x,2021,0.254
svn,sex_m,age_10yrbands_y55_64,eco_sector_x,2022,0.146
svn,sex_m,age_10yrbands_y55_64,eco_sector_x,2023,0.231
svn,sex_m,age_10yrbands_yge65,eco_aggregate_agr,2008,0.16
svn,sex_m,age_10yrbands_yge65,eco_aggregate_agr,2021,0.145
svn,sex_m,age_10yrbands_yge65,eco_aggregate_agr,2022,0.132
svn,sex_m,age_10yrbands_yge65,eco_aggregate_con,2017,0.12
svn,sex_m,age_10yrbands_yge65,eco_aggregate_con,2018,0.201
svn,sex_m,age_10yrbands_yge65,eco_aggregate_con,2019,0.188
svn,sex_m,age_10yrbands_yge65,eco_aggregate_con,2020,0.155
svn,sex_m,age_10yrbands_yge65,eco_aggregate_con,2022,0.35
svn,sex_m,age_10yrbands_yge65,eco_aggregate_con,2023,0.392
svn,sex_m,age_10yrbands_yge65,eco_aggregate_man,2002,0.341
svn,sex_m,age_10yrbands_yge65,eco_aggregate_man,2005,0.206
svn,sex_m,age_10yrbands_yge65,eco_aggregate_man,2006,0.259
svn,sex_m,age_10yrbands_yge65,eco_aggregate_man,2007,0.241
svn,sex_m,age_10yrbands_yge65,eco_aggregate_man,2009,0.108
svn,sex_m,age_10yrbands_yge65,eco_aggregate_man,2010,0.464
svn,sex_m,age_10yrbands_yge65,eco_aggregate_man,2011,0.172
svn,sex_m,age_10yrbands_yge65,eco_aggregate_man,2012,0.138
svn,sex_m,age_10yrbands_yge65,eco_aggregate_man,2013,0.492
svn,sex_m,age_10yrbands_yge65,eco_aggregate_man,2014,0.256
svn,sex_m,age_10yrbands_yge65,eco_aggregate_man,2015,0.16
svn,sex_m,age_10yrbands_yge65,eco_aggregate_man,2016,0.344
svn,sex_m,age_10yrbands_yge65,eco_aggregate_man,2017,0.523
svn,sex_m,age_10yrbands_yge65,eco_aggregate_man,2018,0.281
svn,sex_m,age_10yrbands_yge65,eco_aggregate_man,2019,0.301
svn,sex_m,age_10yrbands_yge65,eco_aggregate_man,2020,0.353
svn,sex_m,age_10yrbands_yge65,eco_aggregate_man,2021,0.637
svn,sex_m,age_10yrbands_yge65,eco_aggregate_man,2022,0.781
svn,sex_m,age_10yrbands_yge65,eco_aggregate_man,2023,0.562
svn,sex_m,age_10yrbands_yge65,eco_aggregate_mel,2018,0.121
svn,sex_m,age_10yrbands_yge65,eco_aggregate_mel,2019,0.156
svn,sex_m,age_10yrbands_yge65,eco_aggregate_mel,2021,0.174
svn,sex_m,age_10yrbands_yge65,eco_aggregate_mel,2022,0.175
svn,sex_m,age_10yrbands_yge65,eco_aggregate_mkt,1998,1.404
svn,sex_m,age_10yrbands_yge65,eco_aggregate_mkt,2005,0.547
svn,sex_m,age_10yrbands_yge65,eco_aggregate_mkt,2006,0.418
svn,sex_m,age_10yrbands_yge65,eco_aggregate_mkt,2007,0.677
svn,sex_m,age_10yrbands_yge65,eco_aggregate_mkt,2008,0.474
svn,sex_m,age_10yrbands_yge65,eco_aggregate_mkt,2009,0.462
svn,sex_m,age_10yrbands_yge65,eco_aggregate_mkt,2011,0.267
svn,sex_m,age_10yrbands_yge65,eco_aggregate_mkt,2012,0.504
svn,sex_m,age_10yrbands_yge65,eco_aggregate_mkt,2013,0.625
svn,sex_m,age_10yrbands_yge65,eco_aggregate_mkt,2014,0.73
svn,sex_m,age_10yrbands_yge65,eco_aggregate_mkt,2015,0.424
svn,sex_m,age_10yrbands_yge65,eco_aggregate_mkt,2016,0.589
svn,sex_m,age_10yrbands_yge65,eco_aggregate_mkt,2017,0.858
svn,sex_m,age_10yrbands_yge65,eco_aggregate_mkt,2018,1.134
svn,sex_m,age_10yrbands_yge65,eco_aggregate_mkt,2019,0.744
svn,sex_m,age_10yrbands_yge65,eco_aggregate_mkt,2020,1.118
svn,sex_m,age_10yrbands_yge65,eco_aggregate_mkt,2021,1.366
svn,sex_m,age_10yrbands_yge65,eco_aggregate_mkt,2022,1.992
svn,sex_m,age_10yrbands_yge65,eco_aggregate_mkt,2023,1.887
svn,sex_m,age_10yrbands_yge65,eco_aggregate_pub,1996,0.438
svn,sex_m,age_10yrbands_yge65,eco_aggregate_pub,1998,0.932
svn,sex_m,age_10yrbands_yge65,eco_aggregate_pub,1999,1.223
svn,sex_m,age_10yrbands_yge65,eco_aggregate_pub,2000,1.143
svn,sex_m,age_10yrbands_yge65,eco_aggregate_pub,2001,0.876
svn,sex_m,age_10yrbands_yge65,eco_aggregate_pub,2002,0.925
svn,sex_m,age_10yrbands_yge65,eco_aggregate_pub,2003,0.518
svn,sex_m,age_10yrbands_yge65,eco_aggregate_pub,2004,1.302
svn,sex_m,age_10yrbands_yge65,eco_aggregate_pub,2005,1.402
svn,sex_m,age_10yrbands_yge65,eco_aggregate_pub,2006,1.496
svn,sex_m,age_10yrbands_yge65,eco_aggregate_pub,2007,0.757
svn,sex_m,age_10yrbands_yge65,eco_aggregate_pub,2008,0.565
svn,sex_m,age_10yrbands_yge65,eco_aggregate_pub,2009,0.991
svn,sex_m,age_10yrbands_yge65,eco_aggregate_pub,2010,1.345
svn,sex_m,age_10yrbands_yge65,eco_aggregate_pub,2011,0.916
svn,sex_m,age_10yrbands_yge65,eco_aggregate_pub,2012,0.782
svn,sex_m,age_10yrbands_yge65,eco_aggregate_pub,2013,1.079
svn,sex_m,age_10yrbands_yge65,eco_aggregate_pub,2014,0.811
svn,sex_m,age_10yrbands_yge65,eco_aggregate_pub,2015,0.751
svn,sex_m,age_10yrbands_yge65,eco_aggregate_pub,2016,1.15
svn,sex_m,age_10yrbands_yge65,eco_aggregate_pub,2017,1.275
svn,sex_m,age_10yrbands_yge65,eco_aggregate_pub,2018,1.384
svn,sex_m,age_10yrbands_yge65,eco_aggregate_pub,2019,1.456
svn,sex_m,age_10yrbands_yge65,eco_aggregate_pub,2020,1.788
svn,sex_m,age_10yrbands_yge65,eco_aggregate_pub,2021,2.275
svn,sex_m,age_10yrbands_yge65,eco_aggregate_pub,2022,2.067
svn,sex_m,age_10yrbands_yge65,eco_aggregate_pub,2023,1.725
svn,sex_m,age_10yrbands_yge65,eco_aggregate_total,1996,0.816
svn,sex_m,age_10yrbands_yge65,eco_aggregate_total,1997,1.344
svn,sex_m,age_10yrbands_yge65,eco_aggregate_total,1998,2.538
svn,sex_m,age_10yrbands_yge65,eco_aggregate_total,1999,1.562
svn,sex_m,age_10yrbands_yge65,eco_aggregate_total,2000,1.338
svn,sex_m,age_10yrbands_yge65,eco_aggregate_total,2001,0.974
svn,sex_m,age_10yrbands_yge65,eco_aggregate_total,2002,1.509
svn,sex_m,age_10yrbands_yge65,eco_aggregate_total,2003,1.243
svn,sex_m,age_10yrbands_yge65,eco_aggregate_total,2004,1.828
svn,sex_m,age_10yrbands_yge65,eco_aggregate_total,2005,2.284
svn,sex_m,age_10yrbands_yge65,eco_aggregate_total,2006,2.249
svn,sex_m,age_10yrbands_yge65,eco_aggregate_total,2007,1.885
svn,sex_m,age_10yrbands_yge65,eco_aggregate_total,2008,1.38
svn,sex_m,age_10yrbands_yge65,eco_aggregate_total,2009,1.713
svn,sex_m,age_10yrbands_yge65,eco_aggregate_total,2010,2.078
svn,sex_m,age_10yrbands_yge65,eco_aggregate_total,2011,1.513
svn,sex_m,age_10yrbands_yge65,eco_aggregate_total,2012,1.513
svn,sex_m,age_10yrbands_yge65,eco_aggregate_total,2013,2.317
svn,sex_m,age_10yrbands_yge65,eco_aggregate_total,2014,1.904
svn,sex_m,age_10yrbands_yge65,eco_aggregate_total,2015,1.514
svn,sex_m,age_10yrbands_yge65,eco_aggregate_total,2016,2.358
svn,sex_m,age_10yrbands_yge65,eco_aggregate_total,2017,2.897
svn,sex_m,age_10yrbands_yge65,eco_aggregate_total,2018,3.136
svn,sex_m,age_10yrbands_yge65,eco_aggregate_total,2019,3.007
svn,sex_m,age_10yrbands_yge65,eco_aggregate_total,2020,3.577
svn,sex_m,age_10yrbands_yge65,eco_aggregate_total,2021,4.701
svn,sex_m,age_10yrbands_yge65,eco_aggregate_total,2022,5.531
svn,sex_m,age_10yrbands_yge65,eco_aggregate_total,2023,4.66
svn,sex_m,age_10yrbands_yge65,eco_sector_agr,2008,0.16
svn,sex_m,age_10yrbands_yge65,eco_sector_agr,2021,0.145
svn,sex_m,age_10yrbands_yge65,eco_sector_agr,2022,0.132
svn,sex_m,age_10yrbands_yge65,eco_sector_ind,1997,0.562
svn,sex_m,age_10yrbands_yge65,eco_sector_ind,2002,0.341
svn,sex_m,age_10yrbands_yge65,eco_sector_ind,2005,0.217
svn,sex_m,age_10yrbands_yge65,eco_sector_ind,2006,0.286
svn,sex_m,age_10yrbands_yge65,eco_sector_ind,2007,0.241
svn,sex_m,age_10yrbands_yge65,eco_sector_ind,2008,0.158
svn,sex_m,age_10yrbands_yge65,eco_sector_ind,2009,0.148
svn,sex_m,age_10yrbands_yge65,eco_sector_ind,2010,0.516
svn,sex_m,age_10yrbands_yge65,eco_sector_ind,2011,0.293
svn,sex_m,age_10yrbands_yge65,eco_sector_ind,2012,0.196
svn,sex_m,age_10yrbands_yge65,eco_sector_ind,2013,0.541
svn,sex_m,age_10yrbands_yge65,eco_sector_ind,2014,0.343
svn,sex_m,age_10yrbands_yge65,eco_sector_ind,2015,0.189
svn,sex_m,age_10yrbands_yge65,eco_sector_ind,2016,0.344
svn,sex_m,age_10yrbands_yge65,eco_sector_ind,2017,0.67
svn,sex_m,age_10yrbands_yge65,eco_sector_ind,2018,0.602
svn,sex_m,age_10yrbands_yge65,eco_sector_ind,2019,0.645
svn,sex_m,age_10yrbands_yge65,eco_sector_ind,2020,0.624
svn,sex_m,age_10yrbands_yge65,eco_sector_ind,2021,0.877
svn,sex_m,age_10yrbands_yge65,eco_sector_ind,2022,1.306
svn,sex_m,age_10yrbands_yge65,eco_sector_ind,2023,1.032
svn,sex_m,age_10yrbands_yge65,eco_sector_nag,2008,1.22
svn,sex_m,age_10yrbands_yge65,eco_sector_nag,2021,4.556
svn,sex_m,age_10yrbands_yge65,eco_sector_nag,2022,5.399
svn,sex_m,age_10yrbands_yge65,eco_sector_ser,1996,0.62
svn,sex_m,age_10yrbands_yge65,eco_sector_ser,1997,0.691
svn,sex_m,age_10yrbands_yge65,eco_sector_ser,1998,2.336
svn,sex_m,age_10yrbands_yge65,eco_sector_ser,1999,1.254
svn,sex_m,age_10yrbands_yge65,eco_sector_ser,2000,1.219
svn,sex_m,age_10yrbands_yge65,eco_sector_ser,2001,0.876
svn,sex_m,age_10yrbands_yge65,eco_sector_ser,2002,1.028
svn,sex_m,age_10yrbands_yge65,eco_sector_ser,2003,0.764
svn,sex_m,age_10yrbands_yge65,eco_sector_ser,2004,1.552
svn,sex_m,age_10yrbands_yge65,eco_sector_ser,2005,1.949
svn,sex_m,age_10yrbands_yge65,eco_sector_ser,2006,1.914
svn,sex_m,age_10yrbands_yge65,eco_sector_ser,2007,1.434
svn,sex_m,age_10yrbands_yge65,eco_sector_ser,2008,1.039
svn,sex_m,age_10yrbands_yge65,eco_sector_ser,2009,1.452
svn,sex_m,age_10yrbands_yge65,eco_sector_ser,2010,1.428
svn,sex_m,age_10yrbands_yge65,eco_sector_ser,2011,1.184
svn,sex_m,age_10yrbands_yge65,eco_sector_ser,2012,1.286
svn,sex_m,age_10yrbands_yge65,eco_sector_ser,2013,1.705
svn,sex_m,age_10yrbands_yge65,eco_sector_ser,2014,1.541
svn,sex_m,age_10yrbands_yge65,eco_sector_ser,2015,1.176
svn,sex_m,age_10yrbands_yge65,eco_sector_ser,2016,1.74
svn,sex_m,age_10yrbands_yge65,eco_sector_ser,2017,2.133
svn,sex_m,age_10yrbands_yge65,eco_sector_ser,2018,2.518
svn,sex_m,age_10yrbands_yge65,eco_sector_ser,2019,2.2
svn,sex_m,age_10yrbands_yge65,eco_sector_ser,2020,2.905
svn,sex_m,age_10yrbands_yge65,eco_sector_ser,2021,3.642
svn,sex_m,age_10yrbands_yge65,eco_sector_ser,2022,4.06
svn,sex_m,age_10yrbands_yge65,eco_sector_ser,2023,3.612
svn,sex_m,age_10yrbands_yge65,eco_sector_total,1996,0.816
svn,sex_m,age_10yrbands_yge65,eco_sector_total,1997,1.344
svn,sex_m,age_10yrbands_yge65,eco_sector_total,1998,2.538
svn,sex_m,age_10yrbands_yge65,eco_sector_total,1999,1.562
svn,sex_m,age_10yrbands_yge65,eco_sector_total,2000,1.338
svn,sex_m,age_10yrbands_yge65,eco_sector_total,2001,0.974
svn,sex_m,age_10yrbands_yge65,eco_sector_total,2002,1.509
svn,sex_m,age_10yrbands_yge65,eco_sector_total,2003,1.243
svn,sex_m,age_10yrbands_yge65,eco_sector_total,2004,1.828
svn,sex_m,age_10yrbands_yge65,eco_sector_total,2005,2.284
svn,sex_m,age_10yrbands_yge65,eco_sector_total,2006,2.249
svn,sex_m,age_10yrbands_yge65,eco_sector_total,2007,1.885
svn,sex_m,age_10yrbands_yge65,eco_sector_total,2008,1.38
svn,sex_m,age_10yrbands_yge65,eco_sector_total,2009,1.713
svn,sex_m,age_10yrbands_yge65,eco_sector_total,2010,2.078
svn,sex_m,age_10yrbands_yge65,eco_sector_total,2011,1.513
svn,sex_m,age_10yrbands_yge65,eco_sector_total,2012,1.513
svn,sex_m,age_10yrbands_yge65,eco_sector_total,2013,2.317
svn,sex_m,age_10yrbands_yge65,eco_sector_total,2014,1.904
svn,sex_m,age_10yrbands_yge65,eco_sector_total,2015,1.514
svn,sex_m,age_10yrbands_yge65,eco_sector_total,2016,2.358
svn,sex_m,age_10yrbands_yge65,eco_sector_total,2017,2.897
svn,sex_m,age_10yrbands_yge65,eco_sector_total,2018,3.136
svn,sex_m,age_10yrbands_yge65,eco_sector_total,2019,3.007
svn,sex_m,age_10yrbands_yge65,eco_sector_total,2020,3.577
svn,sex_m,age_10yrbands_yge65,eco_sector_total,2021,4.701
svn,sex_m,age_10yrbands_yge65,eco_sector_total,2022,5.531
svn,sex_m,age_10yrbands_yge65,eco_sector_total,2023,4.66
svn,sex_m,age_aggregate_total,eco_aggregate_agr,1996,8.497
svn,sex_m,age_aggregate_total,eco_aggregate_agr,1997,8.308
svn,sex_m,age_aggregate_total,eco_aggregate_agr,1998,5.215
svn,sex_m,age_aggregate_total,eco_aggregate_agr,1999,5.956
svn,sex_m,age_aggregate_total,eco_aggregate_agr,2000,6.178
svn,sex_m,age_aggregate_total,eco_aggregate_agr,2001,6.64
svn,sex_m,age_aggregate_total,eco_aggregate_agr,2002,8.254
svn,sex_m,age_aggregate_total,eco_aggregate_agr,2003,6.628
svn,sex_m,age_aggregate_total,eco_aggregate_agr,2004,8.662
svn,sex_m,age_aggregate_total,eco_aggregate_agr,2005,6.996
svn,sex_m,age_aggregate_total,eco_aggregate_agr,2006,8.169
svn,sex_m,age_aggregate_total,eco_aggregate_agr,2007,8.523
svn,sex_m,age_aggregate_total,eco_aggregate_agr,2008,8.703
svn,sex_m,age_aggregate_total,eco_aggregate_agr,2009,7.103
svn,sex_m,age_aggregate_total,eco_aggregate_agr,2010,6.494
svn,sex_m,age_aggregate_total,eco_aggregate_agr,2011,6.66
svn,sex_m,age_aggregate_total,eco_aggregate_agr,2012,6.71
svn,sex_m,age_aggregate_total,eco_aggregate_agr,2013,6.012
svn,sex_m,age_aggregate_total,eco_aggregate_agr,2014,5.689
svn,sex_m,age_aggregate_total,eco_aggregate_agr,2015,6.104
svn,sex_m,age_aggregate_total,eco_aggregate_agr,2016,5.317
svn,sex_m,age_aggregate_total,eco_aggregate_agr,2017,5.946
svn,sex_m,age_aggregate_total,eco_aggregate_agr,2018,5.344
svn,sex_m,age_aggregate_total,eco_aggregate_agr,2019,4.292
svn,sex_m,age_aggregate_total,eco_aggregate_agr,2020,4.45
svn,sex_m,age_aggregate_total,eco_aggregate_agr,2021,3.049
svn,sex_m,age_aggregate_total,eco_aggregate_agr,2022,2.951
svn,sex_m,age_aggregate_total,eco_aggregate_agr,2023,3.85
svn,sex_m,age_aggregate_total,eco_aggregate_con,1996,33.341
svn,sex_m,age_aggregate_total,eco_aggregate_con,1997,39.676
svn,sex_m,age_aggregate_total,eco_aggregate_con,1998,36.255
svn,sex_m,age_aggregate_total,eco_aggregate_con,1999,33.604
svn,sex_m,age_aggregate_total,eco_aggregate_con,2000,34.903
svn,sex_m,age_aggregate_total,eco_aggregate_con,2001,39.628
svn,sex_m,age_aggregate_total,eco_aggregate_con,2002,38.956
svn,sex_m,age_aggregate_total,eco_aggregate_con,2003,39.143
svn,sex_m,age_aggregate_total,eco_aggregate_con,2004,40.369
svn,sex_m,age_aggregate_total,eco_aggregate_con,2005,43.972
svn,sex_m,age_aggregate_total,eco_aggregate_con,2006,41.128
svn,sex_m,age_aggregate_total,eco_aggregate_con,2007,42.661
svn,sex_m,age_aggregate_total,eco_aggregate_con,2008,49.02
svn,sex_m,age_aggregate_total,eco_aggregate_con,2009,43.476
svn,sex_m,age_aggregate_total,eco_aggregate_con,2010,40.324
svn,sex_m,age_aggregate_total,eco_aggregate_con,2011,36.961
svn,sex_m,age_aggregate_total,eco_aggregate_con,2012,36.666
svn,sex_m,age_aggregate_total,eco_aggregate_con,2013,36.619
svn,sex_m,age_aggregate_total,eco_aggregate_con,2014,36.765
svn,sex_m,age_aggregate_total,eco_aggregate_con,2015,36.19
svn,sex_m,age_aggregate_total,eco_aggregate_con,2016,35.163
svn,sex_m,age_aggregate_total,eco_aggregate_con,2017,37.849
svn,sex_m,age_aggregate_total,eco_aggregate_con,2018,37.638
svn,sex_m,age_aggregate_total,eco_aggregate_con,2019,38.069
svn,sex_m,age_aggregate_total,eco_aggregate_con,2020,40.627
svn,sex_m,age_aggregate_total,eco_aggregate_con,2021,33.413
svn,sex_m,age_aggregate_total,eco_aggregate_con,2022,35.304
svn,sex_m,age_aggregate_total,eco_aggregate_con,2023,44.465
svn,sex_m,age_aggregate_total,eco_aggregate_man,1996,160.086
svn,sex_m,age_aggregate_total,eco_aggregate_man,1997,158.023
svn,sex_m,age_aggregate_total,eco_aggregate_man,1998,158.57
svn,sex_m,age_aggregate_total,eco_aggregate_man,1999,153.278
svn,sex_m,age_aggregate_total,eco_aggregate_man,2000,148.074
svn,sex_m,age_aggregate_total,eco_aggregate_man,2001,151.945
svn,sex_m,age_aggregate_total,eco_aggregate_man,2002,158.686
svn,sex_m,age_aggregate_total,eco_aggregate_man,2003,154.924
svn,sex_m,age_aggregate_total,eco_aggregate_man,2004,155.848
svn,sex_m,age_aggregate_total,eco_aggregate_man,2005,161.716
svn,sex_m,age_aggregate_total,eco_aggregate_man,2006,158.292
svn,sex_m,age_aggregate_total,eco_aggregate_man,2007,163.464
svn,sex_m,age_aggregate_total,eco_aggregate_man,2008,158.02
svn,sex_m,age_aggregate_total,eco_aggregate_man,2009,140.259
svn,sex_m,age_aggregate_total,eco_aggregate_man,2010,138.327
svn,sex_m,age_aggregate_total,eco_aggregate_man,2011,134.984
svn,sex_m,age_aggregate_total,eco_aggregate_man,2012,129.16
svn,sex_m,age_aggregate_total,eco_aggregate_man,2013,128.723
svn,sex_m,age_aggregate_total,eco_aggregate_man,2014,129.861
svn,sex_m,age_aggregate_total,eco_aggregate_man,2015,135.387
svn,sex_m,age_aggregate_total,eco_aggregate_man,2016,144.608
svn,sex_m,age_aggregate_total,eco_aggregate_man,2017,155.7
svn,sex_m,age_aggregate_total,eco_aggregate_man,2018,150.555
svn,sex_m,age_aggregate_total,eco_aggregate_man,2019,159.051
svn,sex_m,age_aggregate_total,eco_aggregate_man,2020,162.369
svn,sex_m,age_aggregate_total,eco_aggregate_man,2021,139.563
svn,sex_m,age_aggregate_total,eco_aggregate_man,2022,140.933
svn,sex_m,age_aggregate_total,eco_aggregate_man,2023,142.072
svn,sex_m,age_aggregate_total,eco_aggregate_mel,1996,18.971
svn,sex_m,age_aggregate_total,eco_aggregate_mel,1997,17.557
svn,sex_m,age_aggregate_total,eco_aggregate_mel,1998,14.52
svn,sex_m,age_aggregate_total,eco_aggregate_mel,1999,12.351
svn,sex_m,age_aggregate_total,eco_aggregate_mel,2000,14.644
svn,sex_m,age_aggregate_total,eco_aggregate_mel,2001,14.776
svn,sex_m,age_aggregate_total,eco_aggregate_mel,2002,12.59
svn,sex_m,age_aggregate_total,eco_aggregate_mel,2003,12.44
svn,sex_m,age_aggregate_total,eco_aggregate_mel,2004,13.664
svn,sex_m,age_aggregate_total,eco_aggregate_mel,2005,12.636
svn,sex_m,age_aggregate_total,eco_aggregate_mel,2006,12.902
svn,sex_m,age_aggregate_total,eco_aggregate_mel,2007,12.463
svn,sex_m,age_aggregate_total,eco_aggregate_mel,2008,17.612
svn,sex_m,age_aggregate_total,eco_aggregate_mel,2009,17.526
svn,sex_m,age_aggregate_total,eco_aggregate_mel,2010,17.708
svn,sex_m,age_aggregate_total,eco_aggregate_mel,2011,19.574
svn,sex_m,age_aggregate_total,eco_aggregate_mel,2012,18.836
svn,sex_m,age_aggregate_total,eco_aggregate_mel,2013,17.984
svn,sex_m,age_aggregate_total,eco_aggregate_mel,2014,18.684
svn,sex_m,age_aggregate_total,eco_aggregate_mel,2015,18.653
svn,sex_m,age_aggregate_total,eco_aggregate_mel,2016,16.95
svn,sex_m,age_aggregate_total,eco_aggregate_mel,2017,17.356
svn,sex_m,age_aggregate_total,eco_aggregate_mel,2018,20.403
svn,sex_m,age_aggregate_total,eco_aggregate_mel,2019,20.373
svn,sex_m,age_aggregate_total,eco_aggregate_mel,2020,19.849
svn,sex_m,age_aggregate_total,eco_aggregate_mel,2021,18.178
svn,sex_m,age_aggregate_total,eco_aggregate_mel,2022,19.052
svn,sex_m,age_aggregate_total,eco_aggregate_mel,2023,20.445
svn,sex_m,age_aggregate_total,eco_aggregate_mkt,1996,98.29
svn,sex_m,age_aggregate_total,eco_aggregate_mkt,1997,105.066
svn,sex_m,age_aggregate_total,eco_aggregate_mkt,1998,108.078
svn,sex_m,age_aggregate_total,eco_aggregate_mkt,1999,110.354
svn,sex_m,age_aggregate_total,eco_aggregate_mkt,2000,122.708
svn,sex_m,age_aggregate_total,eco_aggregate_mkt,2001,119.408
svn,sex_m,age_aggregate_total,eco_aggregate_mkt,2002,118.43
svn,sex_m,age_aggregate_total,eco_aggregate_mkt,2003,127.815
svn,sex_m,age_aggregate_total,eco_aggregate_mkt,2004,126.349
svn,sex_m,age_aggregate_total,eco_aggregate_mkt,2005,129.165
svn,sex_m,age_aggregate_total,eco_aggregate_mkt,2006,131.178
svn,sex_m,age_aggregate_total,eco_aggregate_mkt,2007,136.156
svn,sex_m,age_aggregate_total,eco_aggregate_mkt,2008,150.821
svn,sex_m,age_aggregate_total,eco_aggregate_mkt,2009,152.683
svn,sex_m,age_aggregate_total,eco_aggregate_mkt,2010,146.828
svn,sex_m,age_aggregate_total,eco_aggregate_mkt,2011,142.787
svn,sex_m,age_aggregate_total,eco_aggregate_mkt,2012,147.443
svn,sex_m,age_aggregate_total,eco_aggregate_mkt,2013,142.391
svn,sex_m,age_aggregate_total,eco_aggregate_mkt,2014,133.75
svn,sex_m,age_aggregate_total,eco_aggregate_mkt,2015,136.489
svn,sex_m,age_aggregate_total,eco_aggregate_mkt,2016,134.502
svn,sex_m,age_aggregate_total,eco_aggregate_mkt,2017,140.754
svn,sex_m,age_aggregate_total,eco_aggregate_mkt,2018,150.807
svn,sex_m,age_aggregate_total,eco_aggregate_mkt,2019,151.724
svn,sex_m,age_aggregate_total,eco_aggregate_mkt,2020,153.804
svn,sex_m,age_aggregate_total,eco_aggregate_mkt,2021,160.691
svn,sex_m,age_aggregate_total,eco_aggregate_mkt,2022,163.957
svn,sex_m,age_aggregate_total,eco_aggregate_mkt,2023,163.209
svn,sex_m,age_aggregate_total,eco_aggregate_pub,1996,51.867
svn,sex_m,age_aggregate_total,eco_aggregate_pub,1997,50.477
svn,sex_m,age_aggregate_total,eco_aggregate_pub,1998,54.275
svn,sex_m,age_aggregate_total,eco_aggregate_pub,1999,61.37
svn,sex_m,age_aggregate_total,eco_aggregate_pub,2000,61.555
svn,sex_m,age_aggregate_total,eco_aggregate_pub,2001,61.506
svn,sex_m,age_aggregate_total,eco_aggregate_pub,2002,64.506
svn,sex_m,age_aggregate_total,eco_aggregate_pub,2003,63.153
svn,sex_m,age_aggregate_total,eco_aggregate_pub,2004,69.76
svn,sex_m,age_aggregate_total,eco_aggregate_pub,2005,69.631
svn,sex_m,age_aggregate_total,eco_aggregate_pub,2006,72.802
svn,sex_m,age_aggregate_total,eco_aggregate_pub,2007,74.3
svn,sex_m,age_aggregate_total,eco_aggregate_pub,2008,66.906
svn,sex_m,age_aggregate_total,eco_aggregate_pub,2009,65.723
svn,sex_m,age_aggregate_total,eco_aggregate_pub,2010,67.058
svn,sex_m,age_aggregate_total,eco_aggregate_pub,2011,63.448
svn,sex_m,age_aggregate_total,eco_aggregate_pub,2012,63.207
svn,sex_m,age_aggregate_total,eco_aggregate_pub,2013,63.292
svn,sex_m,age_aggregate_total,eco_aggregate_pub,2014,68.625
svn,sex_m,age_aggregate_total,eco_aggregate_pub,2015,67.214
svn,sex_m,age_aggregate_total,eco_aggregate_pub,2016,65.814
svn,sex_m,age_aggregate_total,eco_aggregate_pub,2017,67.737
svn,sex_m,age_aggregate_total,eco_aggregate_pub,2018,67.554
svn,sex_m,age_aggregate_total,eco_aggregate_pub,2019,65.618
svn,sex_m,age_aggregate_total,eco_aggregate_pub,2020,68.647
svn,sex_m,age_aggregate_total,eco_aggregate_pub,2021,78.76
svn,sex_m,age_aggregate_total,eco_aggregate_pub,2022,78.415
svn,sex_m,age_aggregate_total,eco_aggregate_pub,2023,67.001
svn,sex_m,age_aggregate_total,eco_aggregate_total,1996,371.523
svn,sex_m,age_aggregate_total,eco_aggregate_total,1997,380.374
svn,sex_m,age_aggregate_total,eco_aggregate_total,1998,379.452
svn,sex_m,age_aggregate_total,eco_aggregate_total,1999,379.067
svn,sex_m,age_aggregate_total,eco_aggregate_total,2000,391.461
svn,sex_m,age_aggregate_total,eco_aggregate_total,2001,399.033
svn,sex_m,age_aggregate_total,eco_aggregate_total,2002,404.468
svn,sex_m,age_aggregate_total,eco_aggregate_total,2003,407.292
svn,sex_m,age_aggregate_total,eco_aggregate_total,2004,420.465
svn,sex_m,age_aggregate_total,eco_aggregate_total,2005,426.701
svn,sex_m,age_aggregate_total,eco_aggregate_total,2006,426.189
svn,sex_m,age_aggregate_total,eco_aggregate_total,2007,442.058
svn,sex_m,age_aggregate_total,eco_aggregate_total,2008,453.379
svn,sex_m,age_aggregate_total,eco_aggregate_total,2009,429.626
svn,sex_m,age_aggregate_total,eco_aggregate_total,2010,418.815
svn,sex_m,age_aggregate_total,eco_aggregate_total,2011,406.456
svn,sex_m,age_aggregate_total,eco_aggregate_total,2012,404.027
svn,sex_m,age_aggregate_total,eco_aggregate_total,2013,397.592
svn,sex_m,age_aggregate_total,eco_aggregate_total,2014,395.761
svn,sex_m,age_aggregate_total,eco_aggregate_total,2015,405.476
svn,sex_m,age_aggregate_total,eco_aggregate_total,2016,406.442
svn,sex_m,age_aggregate_total,eco_aggregate_total,2017,427.769
svn,sex_m,age_aggregate_total,eco_aggregate_total,2018,434.896
svn,sex_m,age_aggregate_total,eco_aggregate_total,2019,441.652
svn,sex_m,age_aggregate_total,eco_aggregate_total,2020,451.925
svn,sex_m,age_aggregate_total,eco_aggregate_total,2021,436.317
svn,sex_m,age_aggregate_total,eco_aggregate_total,2022,442.779
svn,sex_m,age_aggregate_total,eco_aggregate_total,2023,443.077
svn,sex_m,age_aggregate_total,eco_aggregate_x,1996,0.471
svn,sex_m,age_aggregate_total,eco_aggregate_x,1997,1.267
svn,sex_m,age_aggregate_total,eco_aggregate_x,1998,2.539
svn,sex_m,age_aggregate_total,eco_aggregate_x,1999,2.155
svn,sex_m,age_aggregate_total,eco_aggregate_x,2000,3.399
svn,sex_m,age_aggregate_total,eco_aggregate_x,2001,5.129
svn,sex_m,age_aggregate_total,eco_aggregate_x,2002,3.045
svn,sex_m,age_aggregate_total,eco_aggregate_x,2003,3.188
svn,sex_m,age_aggregate_total,eco_aggregate_x,2004,5.812
svn,sex_m,age_aggregate_total,eco_aggregate_x,2005,2.584
svn,sex_m,age_aggregate_total,eco_aggregate_x,2006,1.718
svn,sex_m,age_aggregate_total,eco_aggregate_x,2007,4.49
svn,sex_m,age_aggregate_total,eco_aggregate_x,2008,2.297
svn,sex_m,age_aggregate_total,eco_aggregate_x,2009,2.856
svn,sex_m,age_aggregate_total,eco_aggregate_x,2010,2.077
svn,sex_m,age_aggregate_total,eco_aggregate_x,2011,2.041
svn,sex_m,age_aggregate_total,eco_aggregate_x,2012,2.004
svn,sex_m,age_aggregate_total,eco_aggregate_x,2013,2.571
svn,sex_m,age_aggregate_total,eco_aggregate_x,2014,2.386
svn,sex_m,age_aggregate_total,eco_aggregate_x,2015,5.44
svn,sex_m,age_aggregate_total,eco_aggregate_x,2016,4.088
svn,sex_m,age_aggregate_total,eco_aggregate_x,2017,2.427
svn,sex_m,age_aggregate_total,eco_aggregate_x,2018,2.596
svn,sex_m,age_aggregate_total,eco_aggregate_x,2019,2.526
svn,sex_m,age_aggregate_total,eco_aggregate_x,2020,2.18
svn,sex_m,age_aggregate_total,eco_aggregate_x,2021,2.664
svn,sex_m,age_aggregate_total,eco_aggregate_x,2022,2.166
svn,sex_m,age_aggregate_total,eco_aggregate_x,2023,2.035
svn,sex_m,age_aggregate_total,eco_isic3_a,1996,8.497
svn,sex_m,age_aggregate_total,eco_isic3_a,1997,8.011
svn,sex_m,age_aggregate_total,eco_isic3_a,1998,5.097
svn,sex_m,age_aggregate_total,eco_isic3_a,1999,5.658
svn,sex_m,age_aggregate_total,eco_isic3_a,2000,6.121
svn,sex_m,age_aggregate_total,eco_isic3_a,2001,6.64
svn,sex_m,age_aggregate_total,eco_isic3_a,2002,8.189
svn,sex_m,age_aggregate_total,eco_isic3_a,2003,6.478
svn,sex_m,age_aggregate_total,eco_isic3_a,2004,8.409
svn,sex_m,age_aggregate_total,eco_isic3_a,2005,6.857
svn,sex_m,age_aggregate_total,eco_isic3_a,2006,8.121
svn,sex_m,age_aggregate_total,eco_isic3_a,2007,8.237
svn,sex_m,age_aggregate_total,eco_isic3_b,2005,0.139
svn,sex_m,age_aggregate_total,eco_isic3_b,2007,0.285
svn,sex_m,age_aggregate_total,eco_isic3_c,1996,8.321
svn,sex_m,age_aggregate_total,eco_isic3_c,1997,6.117
svn,sex_m,age_aggregate_total,eco_isic3_c,1998,7.487
svn,sex_m,age_aggregate_total,eco_isic3_c,1999,6.176
svn,sex_m,age_aggregate_total,eco_isic3_c,2000,6.376
svn,sex_m,age_aggregate_total,eco_isic3_c,2001,4.814
svn,sex_m,age_aggregate_total,eco_isic3_c,2002,3.397
svn,sex_m,age_aggregate_total,eco_isic3_c,2003,5.095
svn,sex_m,age_aggregate_total,eco_isic3_c,2004,5.07
svn,sex_m,age_aggregate_total,eco_isic3_c,2005,5.428
svn,sex_m,age_aggregate_total,eco_isic3_c,2006,5.14
svn,sex_m,age_aggregate_total,eco_isic3_c,2007,4.136
svn,sex_m,age_aggregate_total,eco_isic3_d,1996,160.086
svn,sex_m,age_aggregate_total,eco_isic3_d,1997,158.023
svn,sex_m,age_aggregate_total,eco_isic3_d,1998,158.57
svn,sex_m,age_aggregate_total,eco_isic3_d,1999,153.278
svn,sex_m,age_aggregate_total,eco_isic3_d,2000,148.074
svn,sex_m,age_aggregate_total,eco_isic3_d,2001,151.945
svn,sex_m,age_aggregate_total,eco_isic3_d,2002,158.686
svn,sex_m,age_aggregate_total,eco_isic3_d,2003,154.924
svn,sex_m,age_aggregate_total,eco_isic3_d,2004,155.848
svn,sex_m,age_aggregate_total,eco_isic3_d,2005,161.716
svn,sex_m,age_aggregate_total,eco_isic3_d,2006,158.292
svn,sex_m,age_aggregate_total,eco_isic3_d,2007,163.464
svn,sex_m,age_aggregate_total,eco_isic3_e,1996,10.65
svn,sex_m,age_aggregate_total,eco_isic3_e,1997,11.44
svn,sex_m,age_aggregate_total,eco_isic3_e,1998,7.033
svn,sex_m,age_aggregate_total,eco_isic3_e,1999,6.174
svn,sex_m,age_aggregate_total,eco_isic3_e,2000,8.268
svn,sex_m,age_aggregate_total,eco_isic3_e,2001,9.962
svn,sex_m,age_aggregate_total,eco_isic3_e,2002,9.193
svn,sex_m,age_aggregate_total,eco_isic3_e,2003,7.345
svn,sex_m,age_aggregate_total,eco_isic3_e,2004,8.594
svn,sex_m,age_aggregate_total,eco_isic3_e,2005,7.209
svn,sex_m,age_aggregate_total,eco_isic3_e,2006,7.762
svn,sex_m,age_aggregate_total,eco_isic3_e,2007,8.328
svn,sex_m,age_aggregate_total,eco_isic3_f,1996,33.341
svn,sex_m,age_aggregate_total,eco_isic3_f,1997,39.676
svn,sex_m,age_aggregate_total,eco_isic3_f,1998,36.255
svn,sex_m,age_aggregate_total,eco_isic3_f,1999,33.604
svn,sex_m,age_aggregate_total,eco_isic3_f,2000,34.903
svn,sex_m,age_aggregate_total,eco_isic3_f,2001,39.628
svn,sex_m,age_aggregate_total,eco_isic3_f,2002,38.956
svn,sex_m,age_aggregate_total,eco_isic3_f,2003,39.143
svn,sex_m,age_aggregate_total,eco_isic3_f,2004,40.369
svn,sex_m,age_aggregate_total,eco_isic3_f,2005,43.972
svn,sex_m,age_aggregate_total,eco_isic3_f,2006,41.128
svn,sex_m,age_aggregate_total,eco_isic3_f,2007,42.661
svn,sex_m,age_aggregate_total,eco_isic3_g,1996,38.038
svn,sex_m,age_aggregate_total,eco_isic3_g,1997,39.654
svn,sex_m,age_aggregate_total,eco_isic3_g,1998,43.446
svn,sex_m,age_aggregate_total,eco_isic3_g,1999,43.396
svn,sex_m,age_aggregate_total,eco_isic3_g,2000,48.203
svn,sex_m,age_aggregate_total,eco_isic3_g,2001,46.083
svn,sex_m,age_aggregate_total,eco_isic3_g,2002,46.227
svn,sex_m,age_aggregate_total,eco_isic3_g,2003,46.699
svn,sex_m,age_aggregate_total,eco_isic3_g,2004,46.222
svn,sex_m,age_aggregate_total,eco_isic3_g,2005,44.681
svn,sex_m,age_aggregate_total,eco_isic3_g,2006,48.64
svn,sex_m,age_aggregate_total,eco_isic3_g,2007,47.8
svn,sex_m,age_aggregate_total,eco_isic3_h,1996,8.939
svn,sex_m,age_aggregate_total,eco_isic3_h,1997,11.579
svn,sex_m,age_aggregate_total,eco_isic3_h,1998,12.728
svn,sex_m,age_aggregate_total,eco_isic3_h,1999,11.539
svn,sex_m,age_aggregate_total,eco_isic3_h,2000,12.363
svn,sex_m,age_aggregate_total,eco_isic3_h,2001,9.707
svn,sex_m,age_aggregate_total,eco_isic3_h,2002,10.46
svn,sex_m,age_aggregate_total,eco_isic3_h,2003,11.178
svn,sex_m,age_aggregate_total,eco_isic3_h,2004,11.981
svn,sex_m,age_aggregate_total,eco_isic3_h,2005,12.554
svn,sex_m,age_aggregate_total,eco_isic3_h,2006,10.86
svn,sex_m,age_aggregate_total,eco_isic3_h,2007,11.52
svn,sex_m,age_aggregate_total,eco_isic3_i,1996,33.075
svn,sex_m,age_aggregate_total,eco_isic3_i,1997,33.049
svn,sex_m,age_aggregate_total,eco_isic3_i,1998,28.566
svn,sex_m,age_aggregate_total,eco_isic3_i,1999,32.344
svn,sex_m,age_aggregate_total,eco_isic3_i,2000,38.192
svn,sex_m,age_aggregate_total,eco_isic3_i,2001,36.956
svn,sex_m,age_aggregate_total,eco_isic3_i,2002,34.836
svn,sex_m,age_aggregate_total,eco_isic3_i,2003,40.252
svn,sex_m,age_aggregate_total,eco_isic3_i,2004,36.818
svn,sex_m,age_aggregate_total,eco_isic3_i,2005,37.422
svn,sex_m,age_aggregate_total,eco_isic3_i,2006,35.022
svn,sex_m,age_aggregate_total,eco_isic3_i,2007,40.265
svn,sex_m,age_aggregate_total,eco_isic3_j,1996,5.135
svn,sex_m,age_aggregate_total,eco_isic3_j,1997,6.01
svn,sex_m,age_aggregate_total,eco_isic3_j,1998,4.487
svn,sex_m,age_aggregate_total,eco_isic3_j,1999,4.947
svn,sex_m,age_aggregate_total,eco_isic3_j,2000,6.757
svn,sex_m,age_aggregate_total,eco_isic3_j,2001,8.68
svn,sex_m,age_aggregate_total,eco_isic3_j,2002,8.06
svn,sex_m,age_aggregate_total,eco_isic3_j,2003,6.594
svn,sex_m,age_aggregate_total,eco_isic3_j,2004,6.709
svn,sex_m,age_aggregate_total,eco_isic3_j,2005,7.856
svn,sex_m,age_aggregate_total,eco_isic3_j,2006,8.105
svn,sex_m,age_aggregate_total,eco_isic3_j,2007,7.336
svn,sex_m,age_aggregate_total,eco_isic3_k,1996,13.103
svn,sex_m,age_aggregate_total,eco_isic3_k,1997,14.774
svn,sex_m,age_aggregate_total,eco_isic3_k,1998,18.851
svn,sex_m,age_aggregate_total,eco_isic3_k,1999,18.129
svn,sex_m,age_aggregate_total,eco_isic3_k,2000,17.193
svn,sex_m,age_aggregate_total,eco_isic3_k,2001,17.982
svn,sex_m,age_aggregate_total,eco_isic3_k,2002,18.846
svn,sex_m,age_aggregate_total,eco_isic3_k,2003,23.093
svn,sex_m,age_aggregate_total,eco_isic3_k,2004,24.62
svn,sex_m,age_aggregate_total,eco_isic3_k,2005,26.652
svn,sex_m,age_aggregate_total,eco_isic3_k,2006,28.549
svn,sex_m,age_aggregate_total,eco_isic3_k,2007,29.235
svn,sex_m,age_aggregate_total,eco_isic3_l,1996,20.406
svn,sex_m,age_aggregate_total,eco_isic3_l,1997,16.625
svn,sex_m,age_aggregate_total,eco_isic3_l,1998,18.992
svn,sex_m,age_aggregate_total,eco_isic3_l,1999,25.273
svn,sex_m,age_aggregate_total,eco_isic3_l,2000,26.414
svn,sex_m,age_aggregate_total,eco_isic3_l,2001,22.78
svn,sex_m,age_aggregate_total,eco_isic3_l,2002,24.739
svn,sex_m,age_aggregate_total,eco_isic3_l,2003,23.183
svn,sex_m,age_aggregate_total,eco_isic3_l,2004,26.998
svn,sex_m,age_aggregate_total,eco_isic3_l,2005,29.409
svn,sex_m,age_aggregate_total,eco_isic3_l,2006,28.247
svn,sex_m,age_aggregate_total,eco_isic3_l,2007,28.555
svn,sex_m,age_aggregate_total,eco_isic3_m,1996,11.022
svn,sex_m,age_aggregate_total,eco_isic3_m,1997,11.038
svn,sex_m,age_aggregate_total,eco_isic3_m,1998,13.447
svn,sex_m,age_aggregate_total,eco_isic3_m,1999,13.399
svn,sex_m,age_aggregate_total,eco_isic3_m,2000,11.705
svn,sex_m,age_aggregate_total,eco_isic3_m,2001,14.678
svn,sex_m,age_aggregate_total,eco_isic3_m,2002,14.056
svn,sex_m,age_aggregate_total,eco_isic3_m,2003,15.091
svn,sex_m,age_aggregate_total,eco_isic3_m,2004,15.774
svn,sex_m,age_aggregate_total,eco_isic3_m,2005,15.811
svn,sex_m,age_aggregate_total,eco_isic3_m,2006,16.587
svn,sex_m,age_aggregate_total,eco_isic3_m,2007,15.883
svn,sex_m,age_aggregate_total,eco_isic3_n,1996,8.028
svn,sex_m,age_aggregate_total,eco_isic3_n,1997,7.673
svn,sex_m,age_aggregate_total,eco_isic3_n,1998,8.155
svn,sex_m,age_aggregate_total,eco_isic3_n,1999,8.183
svn,sex_m,age_aggregate_total,eco_isic3_n,2000,8.959
svn,sex_m,age_aggregate_total,eco_isic3_n,2001,9.157
svn,sex_m,age_aggregate_total,eco_isic3_n,2002,11.469
svn,sex_m,age_aggregate_total,eco_isic3_n,2003,9.029
svn,sex_m,age_aggregate_total,eco_isic3_n,2004,7.452
svn,sex_m,age_aggregate_total,eco_isic3_n,2005,8.742
svn,sex_m,age_aggregate_total,eco_isic3_n,2006,10.325
svn,sex_m,age_aggregate_total,eco_isic3_n,2007,10.203
svn,sex_m,age_aggregate_total,eco_isic3_o,1996,12.24
svn,sex_m,age_aggregate_total,eco_isic3_o,1997,14.442
svn,sex_m,age_aggregate_total,eco_isic3_o,1998,13.681
svn,sex_m,age_aggregate_total,eco_isic3_o,1999,14.434
svn,sex_m,age_aggregate_total,eco_isic3_o,2000,14.476
svn,sex_m,age_aggregate_total,eco_isic3_o,2001,14.784
svn,sex_m,age_aggregate_total,eco_isic3_o,2002,13.927
svn,sex_m,age_aggregate_total,eco_isic3_o,2003,15.85
svn,sex_m,age_aggregate_total,eco_isic3_o,2004,19.467
svn,sex_m,age_aggregate_total,eco_isic3_o,2005,15.656
svn,sex_m,age_aggregate_total,eco_isic3_o,2006,17.593
svn,sex_m,age_aggregate_total,eco_isic3_o,2007,19.559
svn,sex_m,age_aggregate_total,eco_isic3_total,1996,371.523
svn,sex_m,age_aggregate_total,eco_isic3_total,1997,380.374
svn,sex_m,age_aggregate_total,eco_isic3_total,1998,379.452
svn,sex_m,age_aggregate_total,eco_isic3_total,1999,379.067
svn,sex_m,age_aggregate_total,eco_isic3_total,2000,391.461
svn,sex_m,age_aggregate_total,eco_isic3_total,2001,399.033
svn,sex_m,age_aggregate_total,eco_isic3_total,2002,404.468
svn,sex_m,age_aggregate_total,eco_isic3_total,2003,407.292
svn,sex_m,age_aggregate_total,eco_isic3_total,2004,420.465
svn,sex_m,age_aggregate_total,eco_isic3_total,2005,426.701
svn,sex_m,age_aggregate_total,eco_isic3_total,2006,426.189
svn,sex_m,age_aggregate_total,eco_isic3_total,2007,442.058
svn,sex_m,age_aggregate_total,eco_isic3_x,1996,0.471
svn,sex_m,age_aggregate_total,eco_isic3_x,1997,1.267
svn,sex_m,age_aggregate_total,eco_isic3_x,1998,2.539
svn,sex_m,age_aggregate_total,eco_isic3_x,1999,2.155
svn,sex_m,age_aggregate_total,eco_isic3_x,2000,3.399
svn,sex_m,age_aggregate_total,eco_isic3_x,2001,5.129
svn,sex_m,age_aggregate_total,eco_isic3_x,2002,3.045
svn,sex_m,age_aggregate_total,eco_isic3_x,2003,3.188
svn,sex_m,age_aggregate_total,eco_isic3_x,2004,5.812
svn,sex_m,age_aggregate_total,eco_isic3_x,2005,2.584
svn,sex_m,age_aggregate_total,eco_isic3_x,2006,1.718
svn,sex_m,age_aggregate_total,eco_isic3_x,2007,4.49
svn,sex_m,age_aggregate_total,eco_isic4_a,2008,8.703
svn,sex_m,age_aggregate_total,eco_isic4_a,2009,7.103
svn,sex_m,age_aggregate_total,eco_isic4_a,2010,6.494
svn,sex_m,age_aggregate_total,eco_isic4_a,2011,6.66
svn,sex_m,age_aggregate_total,eco_isic4_a,2012,6.71
svn,sex_m,age_aggregate_total,eco_isic4_a,2013,6.012
svn,sex_m,age_aggregate_total,eco_isic4_a,2014,5.689
svn,sex_m,age_aggregate_total,eco_isic4_a,2015,6.104
svn,sex_m,age_aggregate_total,eco_isic4_a,2016,5.317
svn,sex_m,age_aggregate_total,eco_isic4_a,2017,5.946
svn,sex_m,age_aggregate_total,eco_isic4_a,2018,5.344
svn,sex_m,age_aggregate_total,eco_isic4_a,2019,4.292
svn,sex_m,age_aggregate_total,eco_isic4_a,2020,4.45
svn,sex_m,age_aggregate_total,eco_isic4_a,2021,3.049
svn,sex_m,age_aggregate_total,eco_isic4_a,2022,2.951
svn,sex_m,age_aggregate_total,eco_isic4_a,2023,3.85
svn,sex_m,age_aggregate_total,eco_isic4_b,2008,3.423
svn,sex_m,age_aggregate_total,eco_isic4_b,2009,3.188
svn,sex_m,age_aggregate_total,eco_isic4_b,2010,3.693
svn,sex_m,age_aggregate_total,eco_isic4_b,2011,4.466
svn,sex_m,age_aggregate_total,eco_isic4_b,2012,3.908
svn,sex_m,age_aggregate_total,eco_isic4_b,2013,3.78
svn,sex_m,age_aggregate_total,eco_isic4_b,2014,2.715
svn,sex_m,age_aggregate_total,eco_isic4_b,2015,2.927
svn,sex_m,age_aggregate_total,eco_isic4_b,2016,2.508
svn,sex_m,age_aggregate_total,eco_isic4_b,2017,2.027
svn,sex_m,age_aggregate_total,eco_isic4_b,2018,2.83
svn,sex_m,age_aggregate_total,eco_isic4_b,2019,3.827
svn,sex_m,age_aggregate_total,eco_isic4_b,2020,3.28
svn,sex_m,age_aggregate_total,eco_isic4_b,2021,1.972
svn,sex_m,age_aggregate_total,eco_isic4_b,2022,2.217
svn,sex_m,age_aggregate_total,eco_isic4_b,2023,2.715
svn,sex_m,age_aggregate_total,eco_isic4_c,2008,158.02
svn,sex_m,age_aggregate_total,eco_isic4_c,2009,140.259
svn,sex_m,age_aggregate_total,eco_isic4_c,2010,138.327
svn,sex_m,age_aggregate_total,eco_isic4_c,2011,134.984
svn,sex_m,age_aggregate_total,eco_isic4_c,2012,129.16
svn,sex_m,age_aggregate_total,eco_isic4_c,2013,128.723
svn,sex_m,age_aggregate_total,eco_isic4_c,2014,129.861
svn,sex_m,age_aggregate_total,eco_isic4_c,2015,135.387
svn,sex_m,age_aggregate_total,eco_isic4_c,2016,144.608
svn,sex_m,age_aggregate_total,eco_isic4_c,2017,155.7
svn,sex_m,age_aggregate_total,eco_isic4_c,2018,150.555
svn,sex_m,age_aggregate_total,eco_isic4_c,2019,159.051
svn,sex_m,age_aggregate_total,eco_isic4_c,2020,162.369
svn,sex_m,age_aggregate_total,eco_isic4_c,2021,139.563
svn,sex_m,age_aggregate_total,eco_isic4_c,2022,140.933
svn,sex_m,age_aggregate_total,eco_isic4_c,2023,142.072
svn,sex_m,age_aggregate_total,eco_isic4_d,2008,8.132
svn,sex_m,age_aggregate_total,eco_isic4_d,2009,6.986
svn,sex_m,age_aggregate_total,eco_isic4_d,2010,6.19
svn,sex_m,age_aggregate_total,eco_isic4_d,2011,7.032
svn,sex_m,age_aggregate_total,eco_isic4_d,2012,7.104
svn,sex_m,age_aggregate_total,eco_isic4_d,2013,6.939
svn,sex_m,age_aggregate_total,eco_isic4_d,2014,8.492
svn,sex_m,age_aggregate_total,eco_isic4_d,2015,8.201
svn,sex_m,age_aggregate_total,eco_isic4_d,2016,6.693
svn,sex_m,age_aggregate_total,eco_isic4_d,2017,7.193
svn,sex_m,age_aggregate_total,eco_isic4_d,2018,7.096
svn,sex_m,age_aggregate_total,eco_isic4_d,2019,7.905
svn,sex_m,age_aggregate_total,eco_isic4_d,2020,8.55
svn,sex_m,age_aggregate_total,eco_isic4_d,2021,8.155
svn,sex_m,age_aggregate_total,eco_isic4_d,2022,6.924
svn,sex_m,age_aggregate_total,eco_isic4_d,2023,6.15
svn,sex_m,age_aggregate_total,eco_isic4_e,2008,6.057
svn,sex_m,age_aggregate_total,eco_isic4_e,2009,7.352
svn,sex_m,age_aggregate_total,eco_isic4_e,2010,7.825
svn,sex_m,age_aggregate_total,eco_isic4_e,2011,8.076
svn,sex_m,age_aggregate_total,eco_isic4_e,2012,7.824
svn,sex_m,age_aggregate_total,eco_isic4_e,2013,7.264
svn,sex_m,age_aggregate_total,eco_isic4_e,2014,7.478
svn,sex_m,age_aggregate_total,eco_isic4_e,2015,7.525
svn,sex_m,age_aggregate_total,eco_isic4_e,2016,7.748
svn,sex_m,age_aggregate_total,eco_isic4_e,2017,8.136
svn,sex_m,age_aggregate_total,eco_isic4_e,2018,10.477
svn,sex_m,age_aggregate_total,eco_isic4_e,2019,8.641
svn,sex_m,age_aggregate_total,eco_isic4_e,2020,8.019
svn,sex_m,age_aggregate_total,eco_isic4_e,2021,8.051
svn,sex_m,age_aggregate_total,eco_isic4_e,2022,9.912
svn,sex_m,age_aggregate_total,eco_isic4_e,2023,11.581
svn,sex_m,age_aggregate_total,eco_isic4_f,2008,49.02
svn,sex_m,age_aggregate_total,eco_isic4_f,2009,43.476
svn,sex_m,age_aggregate_total,eco_isic4_f,2010,40.324
svn,sex_m,age_aggregate_total,eco_isic4_f,2011,36.961
svn,sex_m,age_aggregate_total,eco_isic4_f,2012,36.666
svn,sex_m,age_aggregate_total,eco_isic4_f,2013,36.619
svn,sex_m,age_aggregate_total,eco_isic4_f,2014,36.765
svn,sex_m,age_aggregate_total,eco_isic4_f,2015,36.19
svn,sex_m,age_aggregate_total,eco_isic4_f,2016,35.163
svn,sex_m,age_aggregate_total,eco_isic4_f,2017,37.849
svn,sex_m,age_aggregate_total,eco_isic4_f,2018,37.638
svn,sex_m,age_aggregate_total,eco_isic4_f,2019,38.069
svn,sex_m,age_aggregate_total,eco_isic4_f,2020,40.627
svn,sex_m,age_aggregate_total,eco_isic4_f,2021,33.413
svn,sex_m,age_aggregate_total,eco_isic4_f,2022,35.304
svn,sex_m,age_aggregate_total,eco_isic4_f,2023,44.465
svn,sex_m,age_aggregate_total,eco_isic4_g,2008,46.996
svn,sex_m,age_aggregate_total,eco_isic4_g,2009,46.403
svn,sex_m,age_aggregate_total,eco_isic4_g,2010,44.067
svn,sex_m,age_aggregate_total,eco_isic4_g,2011,41.698
svn,sex_m,age_aggregate_total,eco_isic4_g,2012,45.979
svn,sex_m,age_aggregate_total,eco_isic4_g,2013,47.077
svn,sex_m,age_aggregate_total,eco_isic4_g,2014,43.222
svn,sex_m,age_aggregate_total,eco_isic4_g,2015,41.765
svn,sex_m,age_aggregate_total,eco_isic4_g,2016,41.537
svn,sex_m,age_aggregate_total,eco_isic4_g,2017,43.475
svn,sex_m,age_aggregate_total,eco_isic4_g,2018,43.952
svn,sex_m,age_aggregate_total,eco_isic4_g,2019,47.805
svn,sex_m,age_aggregate_total,eco_isic4_g,2020,46.384
svn,sex_m,age_aggregate_total,eco_isic4_g,2021,48.604
svn,sex_m,age_aggregate_total,eco_isic4_g,2022,48.751
svn,sex_m,age_aggregate_total,eco_isic4_g,2023,52.456
svn,sex_m,age_aggregate_total,eco_isic4_h,2008,39.162
svn,sex_m,age_aggregate_total,eco_isic4_h,2009,39.254
svn,sex_m,age_aggregate_total,eco_isic4_h,2010,36.228
svn,sex_m,age_aggregate_total,eco_isic4_h,2011,36.349
svn,sex_m,age_aggregate_total,eco_isic4_h,2012,37.142
svn,sex_m,age_aggregate_total,eco_isic4_h,2013,34.711
svn,sex_m,age_aggregate_total,eco_isic4_h,2014,30.251
svn,sex_m,age_aggregate_total,eco_isic4_h,2015,33.188
svn,sex_m,age_aggregate_total,eco_isic4_h,2016,34.47
svn,sex_m,age_aggregate_total,eco_isic4_h,2017,33.471
svn,sex_m,age_aggregate_total,eco_isic4_h,2018,37.123
svn,sex_m,age_aggregate_total,eco_isic4_h,2019,37.317
svn,sex_m,age_aggregate_total,eco_isic4_h,2020,38.337
svn,sex_m,age_aggregate_total,eco_isic4_h,2021,32.247
svn,sex_m,age_aggregate_total,eco_isic4_h,2022,32.65
svn,sex_m,age_aggregate_total,eco_isic4_h,2023,31.515
svn,sex_m,age_aggregate_total,eco_isic4_i,2008,14.994
svn,sex_m,age_aggregate_total,eco_isic4_i,2009,13.702
svn,sex_m,age_aggregate_total,eco_isic4_i,2010,16.086
svn,sex_m,age_aggregate_total,eco_isic4_i,2011,13.13
svn,sex_m,age_aggregate_total,eco_isic4_i,2012,11.288
svn,sex_m,age_aggregate_total,eco_isic4_i,2013,10.055
svn,sex_m,age_aggregate_total,eco_isic4_i,2014,11.785
svn,sex_m,age_aggregate_total,eco_isic4_i,2015,15.829
svn,sex_m,age_aggregate_total,eco_isic4_i,2016,11.977
svn,sex_m,age_aggregate_total,eco_isic4_i,2017,12.252
svn,sex_m,age_aggregate_total,eco_isic4_i,2018,14.053
svn,sex_m,age_aggregate_total,eco_isic4_i,2019,12.893
svn,sex_m,age_aggregate_total,eco_isic4_i,2020,10.32
svn,sex_m,age_aggregate_total,eco_isic4_i,2021,9.854
svn,sex_m,age_aggregate_total,eco_isic4_i,2022,12.188
svn,sex_m,age_aggregate_total,eco_isic4_i,2023,13.837
svn,sex_m,age_aggregate_total,eco_isic4_j,2008,17.285
svn,sex_m,age_aggregate_total,eco_isic4_j,2009,17.883
svn,sex_m,age_aggregate_total,eco_isic4_j,2010,17.569
svn,sex_m,age_aggregate_total,eco_isic4_j,2011,17.364
svn,sex_m,age_aggregate_total,eco_isic4_j,2012,16.241
svn,sex_m,age_aggregate_total,eco_isic4_j,2013,17.021
svn,sex_m,age_aggregate_total,eco_isic4_j,2014,15.748
svn,sex_m,age_aggregate_total,eco_isic4_j,2015,17.325
svn,sex_m,age_aggregate_total,eco_isic4_j,2016,16.476
svn,sex_m,age_aggregate_total,eco_isic4_j,2017,19.254
svn,sex_m,age_aggregate_total,eco_isic4_j,2018,18.586
svn,sex_m,age_aggregate_total,eco_isic4_j,2019,17.411
svn,sex_m,age_aggregate_total,eco_isic4_j,2020,22.698
svn,sex_m,age_aggregate_total,eco_isic4_j,2021,20.042
svn,sex_m,age_aggregate_total,eco_isic4_j,2022,19.085
svn,sex_m,age_aggregate_total,eco_isic4_j,2023,16.42
svn,sex_m,age_aggregate_total,eco_isic4_k,2008,7.427
svn,sex_m,age_aggregate_total,eco_isic4_k,2009,8.798
svn,sex_m,age_aggregate_total,eco_isic4_k,2010,8.119
svn,sex_m,age_aggregate_total,eco_isic4_k,2011,10.635
svn,sex_m,age_aggregate_total,eco_isic4_k,2012,10.107
svn,sex_m,age_aggregate_total,eco_isic4_k,2013,8.943
svn,sex_m,age_aggregate_total,eco_isic4_k,2014,8.356
svn,sex_m,age_aggregate_total,eco_isic4_k,2015,7.132
svn,sex_m,age_aggregate_total,eco_isic4_k,2016,8.158
svn,sex_m,age_aggregate_total,eco_isic4_k,2017,7.749
svn,sex_m,age_aggregate_total,eco_isic4_k,2018,9.853
svn,sex_m,age_aggregate_total,eco_isic4_k,2019,8.883
svn,sex_m,age_aggregate_total,eco_isic4_k,2020,9.249
svn,sex_m,age_aggregate_total,eco_isic4_k,2021,9.474
svn,sex_m,age_aggregate_total,eco_isic4_k,2022,9.436
svn,sex_m,age_aggregate_total,eco_isic4_k,2023,7.323
svn,sex_m,age_aggregate_total,eco_isic4_l,2008,0.77
svn,sex_m,age_aggregate_total,eco_isic4_l,2009,0.889
svn,sex_m,age_aggregate_total,eco_isic4_l,2010,0.844
svn,sex_m,age_aggregate_total,eco_isic4_l,2011,1.499
svn,sex_m,age_aggregate_total,eco_isic4_l,2012,1.287
svn,sex_m,age_aggregate_total,eco_isic4_l,2013,1.645
svn,sex_m,age_aggregate_total,eco_isic4_l,2014,1.274
svn,sex_m,age_aggregate_total,eco_isic4_l,2015,0.928
svn,sex_m,age_aggregate_total,eco_isic4_l,2016,0.975
svn,sex_m,age_aggregate_total,eco_isic4_l,2017,1.409
svn,sex_m,age_aggregate_total,eco_isic4_l,2018,1.251
svn,sex_m,age_aggregate_total,eco_isic4_l,2019,0.97
svn,sex_m,age_aggregate_total,eco_isic4_l,2020,0.995
svn,sex_m,age_aggregate_total,eco_isic4_l,2021,2.339
svn,sex_m,age_aggregate_total,eco_isic4_l,2022,2.716
svn,sex_m,age_aggregate_total,eco_isic4_l,2023,1.929
svn,sex_m,age_aggregate_total,eco_isic4_m,2008,14.247
svn,sex_m,age_aggregate_total,eco_isic4_m,2009,15.365
svn,sex_m,age_aggregate_total,eco_isic4_m,2010,14.373
svn,sex_m,age_aggregate_total,eco_isic4_m,2011,13.071
svn,sex_m,age_aggregate_total,eco_isic4_m,2012,15.677
svn,sex_m,age_aggregate_total,eco_isic4_m,2013,14.561
svn,sex_m,age_aggregate_total,eco_isic4_m,2014,13.891
svn,sex_m,age_aggregate_total,eco_isic4_m,2015,12.514
svn,sex_m,age_aggregate_total,eco_isic4_m,2016,10.851
svn,sex_m,age_aggregate_total,eco_isic4_m,2017,13.059
svn,sex_m,age_aggregate_total,eco_isic4_m,2018,16.06
svn,sex_m,age_aggregate_total,eco_isic4_m,2019,15.607
svn,sex_m,age_aggregate_total,eco_isic4_m,2020,17.338
svn,sex_m,age_aggregate_total,eco_isic4_m,2021,25.2
svn,sex_m,age_aggregate_total,eco_isic4_m,2022,24.419
svn,sex_m,age_aggregate_total,eco_isic4_m,2023,23.97
svn,sex_m,age_aggregate_total,eco_isic4_n,2008,9.941
svn,sex_m,age_aggregate_total,eco_isic4_n,2009,10.39
svn,sex_m,age_aggregate_total,eco_isic4_n,2010,9.542
svn,sex_m,age_aggregate_total,eco_isic4_n,2011,9.041
svn,sex_m,age_aggregate_total,eco_isic4_n,2012,9.722
svn,sex_m,age_aggregate_total,eco_isic4_n,2013,8.378
svn,sex_m,age_aggregate_total,eco_isic4_n,2014,9.223
svn,sex_m,age_aggregate_total,eco_isic4_n,2015,7.806
svn,sex_m,age_aggregate_total,eco_isic4_n,2016,10.057
svn,sex_m,age_aggregate_total,eco_isic4_n,2017,10.085
svn,sex_m,age_aggregate_total,eco_isic4_n,2018,9.929
svn,sex_m,age_aggregate_total,eco_isic4_n,2019,10.837
svn,sex_m,age_aggregate_total,eco_isic4_n,2020,8.483
svn,sex_m,age_aggregate_total,eco_isic4_n,2021,12.932
svn,sex_m,age_aggregate_total,eco_isic4_n,2022,14.711
svn,sex_m,age_aggregate_total,eco_isic4_n,2023,15.761
svn,sex_m,age_aggregate_total,eco_isic4_o,2008,28.498
svn,sex_m,age_aggregate_total,eco_isic4_o,2009,28.44
svn,sex_m,age_aggregate_total,eco_isic4_o,2010,30.276
svn,sex_m,age_aggregate_total,eco_isic4_o,2011,29.647
svn,sex_m,age_aggregate_total,eco_isic4_o,2012,29.382
svn,sex_m,age_aggregate_total,eco_isic4_o,2013,27.037
svn,sex_m,age_aggregate_total,eco_isic4_o,2014,28.323
svn,sex_m,age_aggregate_total,eco_isic4_o,2015,28.936
svn,sex_m,age_aggregate_total,eco_isic4_o,2016,24.878
svn,sex_m,age_aggregate_total,eco_isic4_o,2017,26.31
svn,sex_m,age_aggregate_total,eco_isic4_o,2018,26.413
svn,sex_m,age_aggregate_total,eco_isic4_o,2019,25.994
svn,sex_m,age_aggregate_total,eco_isic4_o,2020,26.25
svn,sex_m,age_aggregate_total,eco_isic4_o,2021,29.471
svn,sex_m,age_aggregate_total,eco_isic4_o,2022,28.058
svn,sex_m,age_aggregate_total,eco_isic4_o,2023,23.701
svn,sex_m,age_aggregate_total,eco_isic4_p,2008,15.262
svn,sex_m,age_aggregate_total,eco_isic4_p,2009,15.019
svn,sex_m,age_aggregate_total,eco_isic4_p,2010,16.667
svn,sex_m,age_aggregate_total,eco_isic4_p,2011,15.83
svn,sex_m,age_aggregate_total,eco_isic4_p,2012,15.682
svn,sex_m,age_aggregate_total,eco_isic4_p,2013,16.116
svn,sex_m,age_aggregate_total,eco_isic4_p,2014,17.536
svn,sex_m,age_aggregate_total,eco_isic4_p,2015,17.518
svn,sex_m,age_aggregate_total,eco_isic4_p,2016,17.606
svn,sex_m,age_aggregate_total,eco_isic4_p,2017,16.322
svn,sex_m,age_aggregate_total,eco_isic4_p,2018,16.985
svn,sex_m,age_aggregate_total,eco_isic4_p,2019,16.44
svn,sex_m,age_aggregate_total,eco_isic4_p,2020,17.241
svn,sex_m,age_aggregate_total,eco_isic4_p,2021,19.315
svn,sex_m,age_aggregate_total,eco_isic4_p,2022,21.102
svn,sex_m,age_aggregate_total,eco_isic4_p,2023,15.112
svn,sex_m,age_aggregate_total,eco_isic4_q,2008,10.478
svn,sex_m,age_aggregate_total,eco_isic4_q,2009,11.191
svn,sex_m,age_aggregate_total,eco_isic4_q,2010,10.186
svn,sex_m,age_aggregate_total,eco_isic4_q,2011,9.44
svn,sex_m,age_aggregate_total,eco_isic4_q,2012,9.553
svn,sex_m,age_aggregate_total,eco_isic4_q,2013,9.679
svn,sex_m,age_aggregate_total,eco_isic4_q,2014,11.709
svn,sex_m,age_aggregate_total,eco_isic4_q,2015,11.746
svn,sex_m,age_aggregate_total,eco_isic4_q,2016,13.841
svn,sex_m,age_aggregate_total,eco_isic4_q,2017,14.622
svn,sex_m,age_aggregate_total,eco_isic4_q,2018,12.362
svn,sex_m,age_aggregate_total,eco_isic4_q,2019,12.5
svn,sex_m,age_aggregate_total,eco_isic4_q,2020,14.767
svn,sex_m,age_aggregate_total,eco_isic4_q,2021,16.565
svn,sex_m,age_aggregate_total,eco_isic4_q,2022,15.88
svn,sex_m,age_aggregate_total,eco_isic4_q,2023,16.444
svn,sex_m,age_aggregate_total,eco_isic4_r,2008,8.903
svn,sex_m,age_aggregate_total,eco_isic4_r,2009,6.708
svn,sex_m,age_aggregate_total,eco_isic4_r,2010,7.063
svn,sex_m,age_aggregate_total,eco_isic4_r,2011,6.603
svn,sex_m,age_aggregate_total,eco_isic4_r,2012,6.725
svn,sex_m,age_aggregate_total,eco_isic4_r,2013,7.827
svn,sex_m,age_aggregate_total,eco_isic4_r,2014,7.579
svn,sex_m,age_aggregate_total,eco_isic4_r,2015,6.153
svn,sex_m,age_aggregate_total,eco_isic4_r,2016,6.368
svn,sex_m,age_aggregate_total,eco_isic4_r,2017,7.15
svn,sex_m,age_aggregate_total,eco_isic4_r,2018,8.29
svn,sex_m,age_aggregate_total,eco_isic4_r,2019,8.217
svn,sex_m,age_aggregate_total,eco_isic4_r,2020,7.377
svn,sex_m,age_aggregate_total,eco_isic4_r,2021,7.242
svn,sex_m,age_aggregate_total,eco_isic4_r,2022,7.355
svn,sex_m,age_aggregate_total,eco_isic4_r,2023,6.827
svn,sex_m,age_aggregate_total,eco_isic4_s,2008,3.581
svn,sex_m,age_aggregate_total,eco_isic4_s,2009,4.366
svn,sex_m,age_aggregate_total,eco_isic4_s,2010,2.866
svn,sex_m,age_aggregate_total,eco_isic4_s,2011,1.929
svn,sex_m,age_aggregate_total,eco_isic4_s,2012,1.865
svn,sex_m,age_aggregate_total,eco_isic4_s,2013,2.521
svn,sex_m,age_aggregate_total,eco_isic4_s,2014,3.478
svn,sex_m,age_aggregate_total,eco_isic4_s,2015,2.861
svn,sex_m,age_aggregate_total,eco_isic4_s,2016,3.121
svn,sex_m,age_aggregate_total,eco_isic4_s,2017,3.333
svn,sex_m,age_aggregate_total,eco_isic4_s,2018,3.504
svn,sex_m,age_aggregate_total,eco_isic4_s,2019,2.448
svn,sex_m,age_aggregate_total,eco_isic4_s,2020,3.011
svn,sex_m,age_aggregate_total,eco_isic4_s,2021,5.866
svn,sex_m,age_aggregate_total,eco_isic4_s,2022,5.761
svn,sex_m,age_aggregate_total,eco_isic4_s,2023,4.251
svn,sex_m,age_aggregate_total,eco_isic4_t,2011,0
svn,sex_m,age_aggregate_total,eco_isic4_t,2021,0.2
svn,sex_m,age_aggregate_total,eco_isic4_t,2022,0.26
svn,sex_m,age_aggregate_total,eco_isic4_t,2023,0.391
svn,sex_m,age_aggregate_total,eco_isic4_total,2008,453.379
svn,sex_m,age_aggregate_total,eco_isic4_total,2009,429.626
svn,sex_m,age_aggregate_total,eco_isic4_total,2010,418.815
svn,sex_m,age_aggregate_total,eco_isic4_total,2011,406.456
svn,sex_m,age_aggregate_total,eco_isic4_total,2012,404.027
svn,sex_m,age_aggregate_total,eco_isic4_total,2013,397.592
svn,sex_m,age_aggregate_total,eco_isic4_total,2014,395.761
svn,sex_m,age_aggregate_total,eco_isic4_total,2015,405.476
svn,sex_m,age_aggregate_total,eco_isic4_total,2016,406.442
svn,sex_m,age_aggregate_total,eco_isic4_total,2017,427.769
svn,sex_m,age_aggregate_total,eco_isic4_total,2018,434.896
svn,sex_m,age_aggregate_total,eco_isic4_total,2019,441.652
svn,sex_m,age_aggregate_total,eco_isic4_total,2020,451.925
svn,sex_m,age_aggregate_total,eco_isic4_total,2021,436.317
svn,sex_m,age_aggregate_total,eco_isic4_total,2022,442.779
svn,sex_m,age_aggregate_total,eco_isic4_total,2023,443.077
svn,sex_m,age_aggregate_total,eco_isic4_x,2008,2.297
svn,sex_m,age_aggregate_total,eco_isic4_x,2009,2.856
svn,sex_m,age_aggregate_total,eco_isic4_x,2010,2.077
svn,sex_m,age_aggregate_total,eco_isic4_x,2011,2.041
svn,sex_m,age_aggregate_total,eco_isic4_x,2012,2.004
svn,sex_m,age_aggregate_total,eco_isic4_x,2013,2.571
svn,sex_m,age_aggregate_total,eco_isic4_x,2014,2.386
svn,sex_m,age_aggregate_total,eco_isic4_x,2015,5.44
svn,sex_m,age_aggregate_total,eco_isic4_x,2016,4.088
svn,sex_m,age_aggregate_total,eco_isic4_x,2017,2.427
svn,sex_m,age_aggregate_total,eco_isic4_x,2018,2.596
svn,sex_m,age_aggregate_total,eco_isic4_x,2019,2.526
svn,sex_m,age_aggregate_total,eco_isic4_x,2020,2.18
svn,sex_m,age_aggregate_total,eco_isic4_x,2021,2.664
svn,sex_m,age_aggregate_total,eco_isic4_x,2022,2.166
svn,sex_m,age_aggregate_total,eco_isic4_x,2023,2.035
svn,sex_m,age_aggregate_total,eco_sector_agr,1996,8.497
svn,sex_m,age_aggregate_total,eco_sector_agr,1997,8.308
svn,sex_m,age_aggregate_total,eco_sector_agr,1998,5.215
svn,sex_m,age_aggregate_total,eco_sector_agr,1999,5.956
svn,sex_m,age_aggregate_total,eco_sector_agr,2000,6.178
svn,sex_m,age_aggregate_total,eco_sector_agr,2001,6.64
svn,sex_m,age_aggregate_total,eco_sector_agr,2002,8.254
svn,sex_m,age_aggregate_total,eco_sector_agr,2003,6.628
svn,sex_m,age_aggregate_total,eco_sector_agr,2004,8.662
svn,sex_m,age_aggregate_total,eco_sector_agr,2005,6.996
svn,sex_m,age_aggregate_total,eco_sector_agr,2006,8.169
svn,sex_m,age_aggregate_total,eco_sector_agr,2007,8.523
svn,sex_m,age_aggregate_total,eco_sector_agr,2008,8.703
svn,sex_m,age_aggregate_total,eco_sector_agr,2009,7.103
svn,sex_m,age_aggregate_total,eco_sector_agr,2010,6.494
svn,sex_m,age_aggregate_total,eco_sector_agr,2011,6.66
svn,sex_m,age_aggregate_total,eco_sector_agr,2012,6.71
svn,sex_m,age_aggregate_total,eco_sector_agr,2013,6.012
svn,sex_m,age_aggregate_total,eco_sector_agr,2014,5.689
svn,sex_m,age_aggregate_total,eco_sector_agr,2015,6.104
svn,sex_m,age_aggregate_total,eco_sector_agr,2016,5.317
svn,sex_m,age_aggregate_total,eco_sector_agr,2017,5.946
svn,sex_m,age_aggregate_total,eco_sector_agr,2018,5.344
svn,sex_m,age_aggregate_total,eco_sector_agr,2019,4.292
svn,sex_m,age_aggregate_total,eco_sector_agr,2020,4.45
svn,sex_m,age_aggregate_total,eco_sector_agr,2021,3.049
svn,sex_m,age_aggregate_total,eco_sector_agr,2022,2.951
svn,sex_m,age_aggregate_total,eco_sector_agr,2023,3.85
svn,sex_m,age_aggregate_total,eco_sector_ind,1996,212.397
svn,sex_m,age_aggregate_total,eco_sector_ind,1997,215.256
svn,sex_m,age_aggregate_total,eco_sector_ind,1998,209.345
svn,sex_m,age_aggregate_total,eco_sector_ind,1999,199.232
svn,sex_m,age_aggregate_total,eco_sector_ind,2000,197.622
svn,sex_m,age_aggregate_total,eco_sector_ind,2001,206.349
svn,sex_m,age_aggregate_total,eco_sector_ind,2002,210.232
svn,sex_m,age_aggregate_total,eco_sector_ind,2003,206.507
svn,sex_m,age_aggregate_total,eco_sector_ind,2004,209.881
svn,sex_m,age_aggregate_total,eco_sector_ind,2005,218.325
svn,sex_m,age_aggregate_total,eco_sector_ind,2006,212.322
svn,sex_m,age_aggregate_total,eco_sector_ind,2007,218.589
svn,sex_m,age_aggregate_total,eco_sector_ind,2008,224.653
svn,sex_m,age_aggregate_total,eco_sector_ind,2009,201.261
svn,sex_m,age_aggregate_total,eco_sector_ind,2010,196.358
svn,sex_m,age_aggregate_total,eco_sector_ind,2011,191.519
svn,sex_m,age_aggregate_total,eco_sector_ind,2012,184.663
svn,sex_m,age_aggregate_total,eco_sector_ind,2013,183.325
svn,sex_m,age_aggregate_total,eco_sector_ind,2014,185.31
svn,sex_m,age_aggregate_total,eco_sector_ind,2015,190.23
svn,sex_m,age_aggregate_total,eco_sector_ind,2016,196.721
svn,sex_m,age_aggregate_total,eco_sector_ind,2017,210.905
svn,sex_m,age_aggregate_total,eco_sector_ind,2018,208.596
svn,sex_m,age_aggregate_total,eco_sector_ind,2019,217.493
svn,sex_m,age_aggregate_total,eco_sector_ind,2020,222.845
svn,sex_m,age_aggregate_total,eco_sector_ind,2021,191.153
svn,sex_m,age_aggregate_total,eco_sector_ind,2022,195.289
svn,sex_m,age_aggregate_total,eco_sector_ind,2023,206.983
svn,sex_m,age_aggregate_total,eco_sector_nag,1996,363.026
svn,sex_m,age_aggregate_total,eco_sector_nag,1997,372.067
svn,sex_m,age_aggregate_total,eco_sector_nag,1998,374.238
svn,sex_m,age_aggregate_total,eco_sector_nag,1999,373.111
svn,sex_m,age_aggregate_total,eco_sector_nag,2000,385.283
svn,sex_m,age_aggregate_total,eco_sector_nag,2001,392.392
svn,sex_m,age_aggregate_total,eco_sector_nag,2002,396.214
svn,sex_m,age_aggregate_total,eco_sector_nag,2003,400.664
svn,sex_m,age_aggregate_total,eco_sector_nag,2004,411.803
svn,sex_m,age_aggregate_total,eco_sector_nag,2005,419.705
svn,sex_m,age_aggregate_total,eco_sector_nag,2006,418.02
svn,sex_m,age_aggregate_total,eco_sector_nag,2007,433.535
svn,sex_m,age_aggregate_total,eco_sector_nag,2008,444.676
svn,sex_m,age_aggregate_total,eco_sector_nag,2009,422.523
svn,sex_m,age_aggregate_total,eco_sector_nag,2010,412.32
svn,sex_m,age_aggregate_total,eco_sector_nag,2011,399.796
svn,sex_m,age_aggregate_total,eco_sector_nag,2012,397.317
svn,sex_m,age_aggregate_total,eco_sector_nag,2013,391.58
svn,sex_m,age_aggregate_total,eco_sector_nag,2014,390.072
svn,sex_m,age_aggregate_total,eco_sector_nag,2015,399.372
svn,sex_m,age_aggregate_total,eco_sector_nag,2016,401.124
svn,sex_m,age_aggregate_total,eco_sector_nag,2017,421.823
svn,sex_m,age_aggregate_total,eco_sector_nag,2018,429.553
svn,sex_m,age_aggregate_total,eco_sector_nag,2019,437.36
svn,sex_m,age_aggregate_total,eco_sector_nag,2020,447.475
svn,sex_m,age_aggregate_total,eco_sector_nag,2021,433.269
svn,sex_m,age_aggregate_total,eco_sector_nag,2022,439.828
svn,sex_m,age_aggregate_total,eco_sector_nag,2023,439.228
svn,sex_m,age_aggregate_total,eco_sector_ser,1996,150.157
svn,sex_m,age_aggregate_total,eco_sector_ser,1997,155.543
svn,sex_m,age_aggregate_total,eco_sector_ser,1998,162.353
svn,sex_m,age_aggregate_total,eco_sector_ser,1999,171.724
svn,sex_m,age_aggregate_total,eco_sector_ser,2000,184.263
svn,sex_m,age_aggregate_total,eco_sector_ser,2001,180.914
svn,sex_m,age_aggregate_total,eco_sector_ser,2002,182.936
svn,sex_m,age_aggregate_total,eco_sector_ser,2003,190.968
svn,sex_m,age_aggregate_total,eco_sector_ser,2004,196.11
svn,sex_m,age_aggregate_total,eco_sector_ser,2005,198.796
svn,sex_m,age_aggregate_total,eco_sector_ser,2006,203.98
svn,sex_m,age_aggregate_total,eco_sector_ser,2007,210.455
svn,sex_m,age_aggregate_total,eco_sector_ser,2008,217.727
svn,sex_m,age_aggregate_total,eco_sector_ser,2009,218.407
svn,sex_m,age_aggregate_total,eco_sector_ser,2010,213.885
svn,sex_m,age_aggregate_total,eco_sector_ser,2011,206.235
svn,sex_m,age_aggregate_total,eco_sector_ser,2012,210.65
svn,sex_m,age_aggregate_total,eco_sector_ser,2013,205.683
svn,sex_m,age_aggregate_total,eco_sector_ser,2014,202.376
svn,sex_m,age_aggregate_total,eco_sector_ser,2015,203.702
svn,sex_m,age_aggregate_total,eco_sector_ser,2016,200.316
svn,sex_m,age_aggregate_total,eco_sector_ser,2017,208.49
svn,sex_m,age_aggregate_total,eco_sector_ser,2018,218.361
svn,sex_m,age_aggregate_total,eco_sector_ser,2019,217.341
svn,sex_m,age_aggregate_total,eco_sector_ser,2020,222.45
svn,sex_m,age_aggregate_total,eco_sector_ser,2021,239.451
svn,sex_m,age_aggregate_total,eco_sector_ser,2022,242.372
svn,sex_m,age_aggregate_total,eco_sector_ser,2023,230.21
svn,sex_m,age_aggregate_total,eco_sector_total,1996,371.523
svn,sex_m,age_aggregate_total,eco_sector_total,1997,380.374
svn,sex_m,age_aggregate_total,eco_sector_total,1998,379.452
svn,sex_m,age_aggregate_total,eco_sector_total,1999,379.067
svn,sex_m,age_aggregate_total,eco_sector_total,2000,391.461
svn,sex_m,age_aggregate_total,eco_sector_total,2001,399.033
svn,sex_m,age_aggregate_total,eco_sector_total,2002,404.468
svn,sex_m,age_aggregate_total,eco_sector_total,2003,407.292
svn,sex_m,age_aggregate_total,eco_sector_total,2004,420.465
svn,sex_m,age_aggregate_total,eco_sector_total,2005,426.701
svn,sex_m,age_aggregate_total,eco_sector_total,2006,426.189
svn,sex_m,age_aggregate_total,eco_sector_total,2007,442.058
svn,sex_m,age_aggregate_total,eco_sector_total,2008,453.379
svn,sex_m,age_aggregate_total,eco_sector_total,2009,429.626
svn,sex_m,age_aggregate_total,eco_sector_total,2010,418.815
svn,sex_m,age_aggregate_total,eco_sector_total,2011,406.456
svn,sex_m,age_aggregate_total,eco_sector_total,2012,404.027
svn,sex_m,age_aggregate_total,eco_sector_total,2013,397.592
svn,sex_m,age_aggregate_total,eco_sector_total,2014,395.761
svn,sex_m,age_aggregate_total,eco_sector_total,2015,405.476
svn,sex_m,age_aggregate_total,eco_sector_total,2016,406.442
svn,sex_m,age_aggregate_total,eco_sector_total,2017,427.769
svn,sex_m,age_aggregate_total,eco_sector_total,2018,434.896
svn,sex_m,age_aggregate_total,eco_sector_total,2019,441.652
svn,sex_m,age_aggregate_total,eco_sector_total,2020,451.925
svn,sex_m,age_aggregate_total,eco_sector_total,2021,436.317
svn,sex_m,age_aggregate_total,eco_sector_total,2022,442.779
svn,sex_m,age_aggregate_total,eco_sector_total,2023,443.077
svn,sex_m,age_aggregate_total,eco_sector_x,1996,0.471
svn,sex_m,age_aggregate_total,eco_sector_x,1997,1.267
svn,sex_m,age_aggregate_total,eco_sector_x,1998,2.539
svn,sex_m,age_aggregate_total,eco_sector_x,1999,2.155
svn,sex_m,age_aggregate_total,eco_sector_x,2000,3.399
svn,sex_m,age_aggregate_total,eco_sector_x,2001,5.129
svn,sex_m,age_aggregate_total,eco_sector_x,2002,3.045
svn,sex_m,age_aggregate_total,eco_sector_x,2003,3.188
svn,sex_m,age_aggregate_total,eco_sector_x,2004,5.812
svn,sex_m,age_aggregate_total,eco_sector_x,2005,2.584
svn,sex_m,age_aggregate_total,eco_sector_x,2006,1.718
svn,sex_m,age_aggregate_total,eco_sector_x,2007,4.49
svn,sex_m,age_aggregate_total,eco_sector_x,2008,2.297
svn,sex_m,age_aggregate_total,eco_sector_x,2009,2.856
svn,sex_m,age_aggregate_total,eco_sector_x,2010,2.077
svn,sex_m,age_aggregate_total,eco_sector_x,2011,2.041
svn,sex_m,age_aggregate_total,eco_sector_x,2012,2.004
svn,sex_m,age_aggregate_total,eco_sector_x,2013,2.571
svn,sex_m,age_aggregate_total,eco_sector_x,2014,2.386
svn,sex_m,age_aggregate_total,eco_sector_x,2015,5.44
svn,sex_m,age_aggregate_total,eco_sector_x,2016,4.088
svn,sex_m,age_aggregate_total,eco_sector_x,2017,2.427
svn,sex_m,age_aggregate_total,eco_sector_x,2018,2.596
svn,sex_m,age_aggregate_total,eco_sector_x,2019,2.526
svn,sex_m,age_aggregate_total,eco_sector_x,2020,2.18
svn,sex_m,age_aggregate_total,eco_sector_x,2021,2.664
svn,sex_m,age_aggregate_total,eco_sector_x,2022,2.166
svn,sex_m,age_aggregate_total,eco_sector_x,2023,2.035
svn,sex_m,age_aggregate_y15_24,eco_aggregate_agr,1996,1.328
svn,sex_m,age_aggregate_y15_24,eco_aggregate_agr,1997,1.2
svn,sex_m,age_aggregate_y15_24,eco_aggregate_agr,1998,0.656
svn,sex_m,age_aggregate_y15_24,eco_aggregate_agr,1999,0.474
svn,sex_m,age_aggregate_y15_24,eco_aggregate_agr,2001,0.519
svn,sex_m,age_aggregate_y15_24,eco_aggregate_agr,2002,0.911
svn,sex_m,age_aggregate_y15_24,eco_aggregate_agr,2003,0.479
svn,sex_m,age_aggregate_y15_24,eco_aggregate_agr,2004,1.153
svn,sex_m,age_aggregate_y15_24,eco_aggregate_agr,2005,0.457
svn,sex_m,age_aggregate_y15_24,eco_aggregate_agr,2006,0.973
svn,sex_m,age_aggregate_y15_24,eco_aggregate_agr,2007,0.95
svn,sex_m,age_aggregate_y15_24,eco_aggregate_agr,2008,0.858
svn,sex_m,age_aggregate_y15_24,eco_aggregate_agr,2009,0.752
svn,sex_m,age_aggregate_y15_24,eco_aggregate_agr,2010,0.569
svn,sex_m,age_aggregate_y15_24,eco_aggregate_agr,2011,0.446
svn,sex_m,age_aggregate_y15_24,eco_aggregate_agr,2012,0.375
svn,sex_m,age_aggregate_y15_24,eco_aggregate_agr,2013,0.678
svn,sex_m,age_aggregate_y15_24,eco_aggregate_agr,2014,0.628
svn,sex_m,age_aggregate_y15_24,eco_aggregate_agr,2015,0.36
svn,sex_m,age_aggregate_y15_24,eco_aggregate_agr,2016,0.165
svn,sex_m,age_aggregate_y15_24,eco_aggregate_agr,2017,0.4
svn,sex_m,age_aggregate_y15_24,eco_aggregate_agr,2018,0.297
svn,sex_m,age_aggregate_y15_24,eco_aggregate_agr,2019,0.5
svn,sex_m,age_aggregate_y15_24,eco_aggregate_agr,2020,0.349
svn,sex_m,age_aggregate_y15_24,eco_aggregate_agr,2021,0.224
svn,sex_m,age_aggregate_y15_24,eco_aggregate_agr,2022,0.114
svn,sex_m,age_aggregate_y15_24,eco_aggregate_agr,2023,0.205
svn,sex_m,age_aggregate_y15_24,eco_aggregate_con,1996,5.846
svn,sex_m,age_aggregate_y15_24,eco_aggregate_con,1997,6.642
svn,sex_m,age_aggregate_y15_24,eco_aggregate_con,1998,5.299
svn,sex_m,age_aggregate_y15_24,eco_aggregate_con,1999,5.809
svn,sex_m,age_aggregate_y15_24,eco_aggregate_con,2000,4.82
svn,sex_m,age_aggregate_y15_24,eco_aggregate_con,2001,4.987
svn,sex_m,age_aggregate_y15_24,eco_aggregate_con,2002,5.12
svn,sex_m,age_aggregate_y15_24,eco_aggregate_con,2003,3.793
svn,sex_m,age_aggregate_y15_24,eco_aggregate_con,2004,4.753
svn,sex_m,age_aggregate_y15_24,eco_aggregate_con,2005,5.014
svn,sex_m,age_aggregate_y15_24,eco_aggregate_con,2006,5.18
svn,sex_m,age_aggregate_y15_24,eco_aggregate_con,2007,5.264
svn,sex_m,age_aggregate_y15_24,eco_aggregate_con,2008,7.112
svn,sex_m,age_aggregate_y15_24,eco_aggregate_con,2009,5.945
svn,sex_m,age_aggregate_y15_24,eco_aggregate_con,2010,4.556
svn,sex_m,age_aggregate_y15_24,eco_aggregate_con,2011,3.47
svn,sex_m,age_aggregate_y15_24,eco_aggregate_con,2012,2.828
svn,sex_m,age_aggregate_y15_24,eco_aggregate_con,2013,2.958
svn,sex_m,age_aggregate_y15_24,eco_aggregate_con,2014,2.806
svn,sex_m,age_aggregate_y15_24,eco_aggregate_con,2015,2.488
svn,sex_m,age_aggregate_y15_24,eco_aggregate_con,2016,1.871
svn,sex_m,age_aggregate_y15_24,eco_aggregate_con,2017,1.884
svn,sex_m,age_aggregate_y15_24,eco_aggregate_con,2018,2.901
svn,sex_m,age_aggregate_y15_24,eco_aggregate_con,2019,2.506
svn,sex_m,age_aggregate_y15_24,eco_aggregate_con,2020,2.689
svn,sex_m,age_aggregate_y15_24,eco_aggregate_con,2021,2.417
svn,sex_m,age_aggregate_y15_24,eco_aggregate_con,2022,2.873
svn,sex_m,age_aggregate_y15_24,eco_aggregate_con,2023,4.563
svn,sex_m,age_aggregate_y15_24,eco_aggregate_man,1996,23.538
svn,sex_m,age_aggregate_y15_24,eco_aggregate_man,1997,23.341
svn,sex_m,age_aggregate_y15_24,eco_aggregate_man,1998,20.659
svn,sex_m,age_aggregate_y15_24,eco_aggregate_man,1999,16.383
svn,sex_m,age_aggregate_y15_24,eco_aggregate_man,2000,17.737
svn,sex_m,age_aggregate_y15_24,eco_aggregate_man,2001,17.822
svn,sex_m,age_aggregate_y15_24,eco_aggregate_man,2002,19.013
svn,sex_m,age_aggregate_y15_24,eco_aggregate_man,2003,17.21
svn,sex_m,age_aggregate_y15_24,eco_aggregate_man,2004,16.331
svn,sex_m,age_aggregate_y15_24,eco_aggregate_man,2005,17.356
svn,sex_m,age_aggregate_y15_24,eco_aggregate_man,2006,18.216
svn,sex_m,age_aggregate_y15_24,eco_aggregate_man,2007,18.992
svn,sex_m,age_aggregate_y15_24,eco_aggregate_man,2008,15.873
svn,sex_m,age_aggregate_y15_24,eco_aggregate_man,2009,11.394
svn,sex_m,age_aggregate_y15_24,eco_aggregate_man,2010,11.417
svn,sex_m,age_aggregate_y15_24,eco_aggregate_man,2011,11.627
svn,sex_m,age_aggregate_y15_24,eco_aggregate_man,2012,9.211
svn,sex_m,age_aggregate_y15_24,eco_aggregate_man,2013,9.86
svn,sex_m,age_aggregate_y15_24,eco_aggregate_man,2014,9.573
svn,sex_m,age_aggregate_y15_24,eco_aggregate_man,2015,10.223
svn,sex_m,age_aggregate_y15_24,eco_aggregate_man,2016,11.276
svn,sex_m,age_aggregate_y15_24,eco_aggregate_man,2017,15.142
svn,sex_m,age_aggregate_y15_24,eco_aggregate_man,2018,14.013
svn,sex_m,age_aggregate_y15_24,eco_aggregate_man,2019,12.252
svn,sex_m,age_aggregate_y15_24,eco_aggregate_man,2020,10.314
svn,sex_m,age_aggregate_y15_24,eco_aggregate_man,2021,10.822
svn,sex_m,age_aggregate_y15_24,eco_aggregate_man,2022,10.974
svn,sex_m,age_aggregate_y15_24,eco_aggregate_man,2023,12.209
svn,sex_m,age_aggregate_y15_24,eco_aggregate_mel,1996,1.42
svn,sex_m,age_aggregate_y15_24,eco_aggregate_mel,1997,1.395
svn,sex_m,age_aggregate_y15_24,eco_aggregate_mel,1998,1.01
svn,sex_m,age_aggregate_y15_24,eco_aggregate_mel,1999,0.536
svn,sex_m,age_aggregate_y15_24,eco_aggregate_mel,2000,0.761
svn,sex_m,age_aggregate_y15_24,eco_aggregate_mel,2004,0.793
svn,sex_m,age_aggregate_y15_24,eco_aggregate_mel,2005,0.617
svn,sex_m,age_aggregate_y15_24,eco_aggregate_mel,2006,0.738
svn,sex_m,age_aggregate_y15_24,eco_aggregate_mel,2007,0.527
svn,sex_m,age_aggregate_y15_24,eco_aggregate_mel,2008,0.802
svn,sex_m,age_aggregate_y15_24,eco_aggregate_mel,2009,0.954
svn,sex_m,age_aggregate_y15_24,eco_aggregate_mel,2010,0.483
svn,sex_m,age_aggregate_y15_24,eco_aggregate_mel,2011,0.61
svn,sex_m,age_aggregate_y15_24,eco_aggregate_mel,2012,1.088
svn,sex_m,age_aggregate_y15_24,eco_aggregate_mel,2013,0.742
svn,sex_m,age_aggregate_y15_24,eco_aggregate_mel,2014,0.494
svn,sex_m,age_aggregate_y15_24,eco_aggregate_mel,2015,0.657
svn,sex_m,age_aggregate_y15_24,eco_aggregate_mel,2016,0.564
svn,sex_m,age_aggregate_y15_24,eco_aggregate_mel,2017,1.123
svn,sex_m,age_aggregate_y15_24,eco_aggregate_mel,2018,0.903
svn,sex_m,age_aggregate_y15_24,eco_aggregate_mel,2019,1.199
svn,sex_m,age_aggregate_y15_24,eco_aggregate_mel,2020,0.751
svn,sex_m,age_aggregate_y15_24,eco_aggregate_mel,2021,0.708
svn,sex_m,age_aggregate_y15_24,eco_aggregate_mel,2022,0.597
svn,sex_m,age_aggregate_y15_24,eco_aggregate_mel,2023,0.737
svn,sex_m,age_aggregate_y15_24,eco_aggregate_mkt,1996,15.808
svn,sex_m,age_aggregate_y15_24,eco_aggregate_mkt,1997,18.961
svn,sex_m,age_aggregate_y15_24,eco_aggregate_mkt,1998,17.521
svn,sex_m,age_aggregate_y15_24,eco_aggregate_mkt,1999,18.32
svn,sex_m,age_aggregate_y15_24,eco_aggregate_mkt,2000,17.693
svn,sex_m,age_aggregate_y15_24,eco_aggregate_mkt,2001,15.29
svn,sex_m,age_aggregate_y15_24,eco_aggregate_mkt,2002,16.53
svn,sex_m,age_aggregate_y15_24,eco_aggregate_mkt,2003,15.785
svn,sex_m,age_aggregate_y15_24,eco_aggregate_mkt,2004,18.249
svn,sex_m,age_aggregate_y15_24,eco_aggregate_mkt,2005,16.246
svn,sex_m,age_aggregate_y15_24,eco_aggregate_mkt,2006,16.236
svn,sex_m,age_aggregate_y15_24,eco_aggregate_mkt,2007,18.428
svn,sex_m,age_aggregate_y15_24,eco_aggregate_mkt,2008,20.864
svn,sex_m,age_aggregate_y15_24,eco_aggregate_mkt,2009,19.664
svn,sex_m,age_aggregate_y15_24,eco_aggregate_mkt,2010,17.739
svn,sex_m,age_aggregate_y15_24,eco_aggregate_mkt,2011,15.336
svn,sex_m,age_aggregate_y15_24,eco_aggregate_mkt,2012,11.812
svn,sex_m,age_aggregate_y15_24,eco_aggregate_mkt,2013,10.581
svn,sex_m,age_aggregate_y15_24,eco_aggregate_mkt,2014,9.437
svn,sex_m,age_aggregate_y15_24,eco_aggregate_mkt,2015,10.761
svn,sex_m,age_aggregate_y15_24,eco_aggregate_mkt,2016,11.222
svn,sex_m,age_aggregate_y15_24,eco_aggregate_mkt,2017,12.535
svn,sex_m,age_aggregate_y15_24,eco_aggregate_mkt,2018,13.694
svn,sex_m,age_aggregate_y15_24,eco_aggregate_mkt,2019,13.798
svn,sex_m,age_aggregate_y15_24,eco_aggregate_mkt,2020,10.731
svn,sex_m,age_aggregate_y15_24,eco_aggregate_mkt,2021,12.333
svn,sex_m,age_aggregate_y15_24,eco_aggregate_mkt,2022,14.098
svn,sex_m,age_aggregate_y15_24,eco_aggregate_mkt,2023,13.415
svn,sex_m,age_aggregate_y15_24,eco_aggregate_pub,1996,5.024
svn,sex_m,age_aggregate_y15_24,eco_aggregate_pub,1997,6.242
svn,sex_m,age_aggregate_y15_24,eco_aggregate_pub,1998,3.119
svn,sex_m,age_aggregate_y15_24,eco_aggregate_pub,1999,2.929
svn,sex_m,age_aggregate_y15_24,eco_aggregate_pub,2000,3.92
svn,sex_m,age_aggregate_y15_24,eco_aggregate_pub,2001,4.352
svn,sex_m,age_aggregate_y15_24,eco_aggregate_pub,2002,4.819
svn,sex_m,age_aggregate_y15_24,eco_aggregate_pub,2003,5.701
svn,sex_m,age_aggregate_y15_24,eco_aggregate_pub,2004,5.251
svn,sex_m,age_aggregate_y15_24,eco_aggregate_pub,2005,5.18
svn,sex_m,age_aggregate_y15_24,eco_aggregate_pub,2006,5.087
svn,sex_m,age_aggregate_y15_24,eco_aggregate_pub,2007,5.429
svn,sex_m,age_aggregate_y15_24,eco_aggregate_pub,2008,5.15
svn,sex_m,age_aggregate_y15_24,eco_aggregate_pub,2009,4.518
svn,sex_m,age_aggregate_y15_24,eco_aggregate_pub,2010,4.455
svn,sex_m,age_aggregate_y15_24,eco_aggregate_pub,2011,4.458
svn,sex_m,age_aggregate_y15_24,eco_aggregate_pub,2012,4.583
svn,sex_m,age_aggregate_y15_24,eco_aggregate_pub,2013,2.499
svn,sex_m,age_aggregate_y15_24,eco_aggregate_pub,2014,2.293
svn,sex_m,age_aggregate_y15_24,eco_aggregate_pub,2015,2.744
svn,sex_m,age_aggregate_y15_24,eco_aggregate_pub,2016,2.607
svn,sex_m,age_aggregate_y15_24,eco_aggregate_pub,2017,3.882
svn,sex_m,age_aggregate_y15_24,eco_aggregate_pub,2018,3.807
svn,sex_m,age_aggregate_y15_24,eco_aggregate_pub,2019,3.159
svn,sex_m,age_aggregate_y15_24,eco_aggregate_pub,2020,3.489
svn,sex_m,age_aggregate_y15_24,eco_aggregate_pub,2021,4.94
svn,sex_m,age_aggregate_y15_24,eco_aggregate_pub,2022,4.961
svn,sex_m,age_aggregate_y15_24,eco_aggregate_pub,2023,4.902
svn,sex_m,age_aggregate_y15_24,eco_aggregate_total,1996,53.112
svn,sex_m,age_aggregate_y15_24,eco_aggregate_total,1997,57.863
svn,sex_m,age_aggregate_y15_24,eco_aggregate_total,1998,49.172
svn,sex_m,age_aggregate_y15_24,eco_aggregate_total,1999,44.708
svn,sex_m,age_aggregate_y15_24,eco_aggregate_total,2000,45.975
svn,sex_m,age_aggregate_y15_24,eco_aggregate_total,2001,43.793
svn,sex_m,age_aggregate_y15_24,eco_aggregate_total,2002,47.3
svn,sex_m,age_aggregate_y15_24,eco_aggregate_total,2003,44.284
svn,sex_m,age_aggregate_y15_24,eco_aggregate_total,2004,47.586
svn,sex_m,age_aggregate_y15_24,eco_aggregate_total,2005,45.625
svn,sex_m,age_aggregate_y15_24,eco_aggregate_total,2006,46.752
svn,sex_m,age_aggregate_y15_24,eco_aggregate_total,2007,50.947
svn,sex_m,age_aggregate_y15_24,eco_aggregate_total,2008,51.381
svn,sex_m,age_aggregate_y15_24,eco_aggregate_total,2009,43.859
svn,sex_m,age_aggregate_y15_24,eco_aggregate_total,2010,39.685
svn,sex_m,age_aggregate_y15_24,eco_aggregate_total,2011,36.515
svn,sex_m,age_aggregate_y15_24,eco_aggregate_total,2012,30.169
svn,sex_m,age_aggregate_y15_24,eco_aggregate_total,2013,27.654
svn,sex_m,age_aggregate_y15_24,eco_aggregate_total,2014,25.525
svn,sex_m,age_aggregate_y15_24,eco_aggregate_total,2015,27.822
svn,sex_m,age_aggregate_y15_24,eco_aggregate_total,2016,28.45
svn,sex_m,age_aggregate_y15_24,eco_aggregate_total,2017,35.532
svn,sex_m,age_aggregate_y15_24,eco_aggregate_total,2018,36.078
svn,sex_m,age_aggregate_y15_24,eco_aggregate_total,2019,33.826
svn,sex_m,age_aggregate_y15_24,eco_aggregate_total,2020,28.663
svn,sex_m,age_aggregate_y15_24,eco_aggregate_total,2021,31.891
svn,sex_m,age_aggregate_y15_24,eco_aggregate_total,2022,33.86
svn,sex_m,age_aggregate_y15_24,eco_aggregate_total,2023,36.365
svn,sex_m,age_aggregate_y15_24,eco_aggregate_x,1998,0.907
svn,sex_m,age_aggregate_y15_24,eco_aggregate_x,2000,0.675
svn,sex_m,age_aggregate_y15_24,eco_aggregate_x,2001,0.715
svn,sex_m,age_aggregate_y15_24,eco_aggregate_x,2002,0.815
svn,sex_m,age_aggregate_y15_24,eco_aggregate_x,2003,1.082
svn,sex_m,age_aggregate_y15_24,eco_aggregate_x,2004,1.057
svn,sex_m,age_aggregate_y15_24,eco_aggregate_x,2005,0.756
svn,sex_m,age_aggregate_y15_24,eco_aggregate_x,2006,0.321
svn,sex_m,age_aggregate_y15_24,eco_aggregate_x,2007,1.356
svn,sex_m,age_aggregate_y15_24,eco_aggregate_x,2008,0.723
svn,sex_m,age_aggregate_y15_24,eco_aggregate_x,2009,0.633
svn,sex_m,age_aggregate_y15_24,eco_aggregate_x,2010,0.466
svn,sex_m,age_aggregate_y15_24,eco_aggregate_x,2011,0.568
svn,sex_m,age_aggregate_y15_24,eco_aggregate_x,2012,0.271
svn,sex_m,age_aggregate_y15_24,eco_aggregate_x,2013,0.335
svn,sex_m,age_aggregate_y15_24,eco_aggregate_x,2014,0.294
svn,sex_m,age_aggregate_y15_24,eco_aggregate_x,2015,0.588
svn,sex_m,age_aggregate_y15_24,eco_aggregate_x,2016,0.745
svn,sex_m,age_aggregate_y15_24,eco_aggregate_x,2017,0.565
svn,sex_m,age_aggregate_y15_24,eco_aggregate_x,2018,0.464
svn,sex_m,age_aggregate_y15_24,eco_aggregate_x,2019,0.413
svn,sex_m,age_aggregate_y15_24,eco_aggregate_x,2020,0.338
svn,sex_m,age_aggregate_y15_24,eco_aggregate_x,2021,0.448
svn,sex_m,age_aggregate_y15_24,eco_aggregate_x,2022,0.244
svn,sex_m,age_aggregate_y15_24,eco_aggregate_x,2023,0.332
svn,sex_m,age_aggregate_y15_24,eco_isic3_a,1996,1.328
svn,sex_m,age_aggregate_y15_24,eco_isic3_a,1997,1.082
svn,sex_m,age_aggregate_y15_24,eco_isic3_a,1998,0.656
svn,sex_m,age_aggregate_y15_24,eco_isic3_a,1999,0.474
svn,sex_m,age_aggregate_y15_24,eco_isic3_a,2001,0.519
svn,sex_m,age_aggregate_y15_24,eco_isic3_a,2002,0.911
svn,sex_m,age_aggregate_y15_24,eco_isic3_a,2003,0.479
svn,sex_m,age_aggregate_y15_24,eco_isic3_a,2004,1.153
svn,sex_m,age_aggregate_y15_24,eco_isic3_a,2005,0.457
svn,sex_m,age_aggregate_y15_24,eco_isic3_a,2006,0.973
svn,sex_m,age_aggregate_y15_24,eco_isic3_a,2007,0.892
svn,sex_m,age_aggregate_y15_24,eco_isic3_c,1996,0.529
svn,sex_m,age_aggregate_y15_24,eco_isic3_c,1998,0.617
svn,sex_m,age_aggregate_y15_24,eco_isic3_c,1999,0.369
svn,sex_m,age_aggregate_y15_24,eco_isic3_c,2000,0.308
svn,sex_m,age_aggregate_y15_24,eco_isic3_c,2005,0.425
svn,sex_m,age_aggregate_y15_24,eco_isic3_c,2006,0.578
svn,sex_m,age_aggregate_y15_24,eco_isic3_c,2007,0.34
svn,sex_m,age_aggregate_y15_24,eco_isic3_d,1996,23.538
svn,sex_m,age_aggregate_y15_24,eco_isic3_d,1997,23.341
svn,sex_m,age_aggregate_y15_24,eco_isic3_d,1998,20.659
svn,sex_m,age_aggregate_y15_24,eco_isic3_d,1999,16.383
svn,sex_m,age_aggregate_y15_24,eco_isic3_d,2000,17.737
svn,sex_m,age_aggregate_y15_24,eco_isic3_d,2001,17.822
svn,sex_m,age_aggregate_y15_24,eco_isic3_d,2002,19.013
svn,sex_m,age_aggregate_y15_24,eco_isic3_d,2003,17.21
svn,sex_m,age_aggregate_y15_24,eco_isic3_d,2004,16.331
svn,sex_m,age_aggregate_y15_24,eco_isic3_d,2005,17.356
svn,sex_m,age_aggregate_y15_24,eco_isic3_d,2006,18.216
svn,sex_m,age_aggregate_y15_24,eco_isic3_d,2007,18.992
svn,sex_m,age_aggregate_y15_24,eco_isic3_e,1996,0.892
svn,sex_m,age_aggregate_y15_24,eco_isic3_e,1997,1.135
svn,sex_m,age_aggregate_y15_24,eco_isic3_e,2000,0.453
svn,sex_m,age_aggregate_y15_24,eco_isic3_e,2005,0.192
svn,sex_m,age_aggregate_y15_24,eco_isic3_e,2006,0.16
svn,sex_m,age_aggregate_y15_24,eco_isic3_e,2007,0.187
svn,sex_m,age_aggregate_y15_24,eco_isic3_f,1996,5.846
svn,sex_m,age_aggregate_y15_24,eco_isic3_f,1997,6.642
svn,sex_m,age_aggregate_y15_24,eco_isic3_f,1998,5.299
svn,sex_m,age_aggregate_y15_24,eco_isic3_f,1999,5.809
svn,sex_m,age_aggregate_y15_24,eco_isic3_f,2000,4.82
svn,sex_m,age_aggregate_y15_24,eco_isic3_f,2001,4.987
svn,sex_m,age_aggregate_y15_24,eco_isic3_f,2002,5.12
svn,sex_m,age_aggregate_y15_24,eco_isic3_f,2003,3.793
svn,sex_m,age_aggregate_y15_24,eco_isic3_f,2004,4.753
svn,sex_m,age_aggregate_y15_24,eco_isic3_f,2005,5.014
svn,sex_m,age_aggregate_y15_24,eco_isic3_f,2006,5.18
svn,sex_m,age_aggregate_y15_24,eco_isic3_f,2007,5.264
svn,sex_m,age_aggregate_y15_24,eco_isic3_g,1996,7.096
svn,sex_m,age_aggregate_y15_24,eco_isic3_g,1997,9.485
svn,sex_m,age_aggregate_y15_24,eco_isic3_g,1998,8.666
svn,sex_m,age_aggregate_y15_24,eco_isic3_g,1999,8.421
svn,sex_m,age_aggregate_y15_24,eco_isic3_g,2000,8.317
svn,sex_m,age_aggregate_y15_24,eco_isic3_g,2001,6.658
svn,sex_m,age_aggregate_y15_24,eco_isic3_g,2002,7.309
svn,sex_m,age_aggregate_y15_24,eco_isic3_g,2003,6.319
svn,sex_m,age_aggregate_y15_24,eco_isic3_g,2004,7.684
svn,sex_m,age_aggregate_y15_24,eco_isic3_g,2005,5.696
svn,sex_m,age_aggregate_y15_24,eco_isic3_g,2006,6.83
svn,sex_m,age_aggregate_y15_24,eco_isic3_g,2007,7.338
svn,sex_m,age_aggregate_y15_24,eco_isic3_h,1996,2.443
svn,sex_m,age_aggregate_y15_24,eco_isic3_h,1997,3.314
svn,sex_m,age_aggregate_y15_24,eco_isic3_h,1998,3.766
svn,sex_m,age_aggregate_y15_24,eco_isic3_h,1999,4.162
svn,sex_m,age_aggregate_y15_24,eco_isic3_h,2000,4.323
svn,sex_m,age_aggregate_y15_24,eco_isic3_h,2001,3.224
svn,sex_m,age_aggregate_y15_24,eco_isic3_h,2002,2.606
svn,sex_m,age_aggregate_y15_24,eco_isic3_h,2003,3.383
svn,sex_m,age_aggregate_y15_24,eco_isic3_h,2004,3.485
svn,sex_m,age_aggregate_y15_24,eco_isic3_h,2005,3.64
svn,sex_m,age_aggregate_y15_24,eco_isic3_h,2006,3.252
svn,sex_m,age_aggregate_y15_24,eco_isic3_h,2007,3.126
svn,sex_m,age_aggregate_y15_24,eco_isic3_i,1996,4.051
svn,sex_m,age_aggregate_y15_24,eco_isic3_i,1997,3.529
svn,sex_m,age_aggregate_y15_24,eco_isic3_i,1998,2.906
svn,sex_m,age_aggregate_y15_24,eco_isic3_i,1999,2.63
svn,sex_m,age_aggregate_y15_24,eco_isic3_i,2000,2.091
svn,sex_m,age_aggregate_y15_24,eco_isic3_i,2001,2.236
svn,sex_m,age_aggregate_y15_24,eco_isic3_i,2002,3.306
svn,sex_m,age_aggregate_y15_24,eco_isic3_i,2003,3.267
svn,sex_m,age_aggregate_y15_24,eco_isic3_i,2004,4.068
svn,sex_m,age_aggregate_y15_24,eco_isic3_i,2005,3.317
svn,sex_m,age_aggregate_y15_24,eco_isic3_i,2006,3.047
svn,sex_m,age_aggregate_y15_24,eco_isic3_i,2007,4.34
svn,sex_m,age_aggregate_y15_24,eco_isic3_j,1996,0.606
svn,sex_m,age_aggregate_y15_24,eco_isic3_j,1997,0.556
svn,sex_m,age_aggregate_y15_24,eco_isic3_j,1998,0.336
svn,sex_m,age_aggregate_y15_24,eco_isic3_j,1999,0.616
svn,sex_m,age_aggregate_y15_24,eco_isic3_j,2001,1.01
svn,sex_m,age_aggregate_y15_24,eco_isic3_j,2002,0.616
svn,sex_m,age_aggregate_y15_24,eco_isic3_j,2004,0.566
svn,sex_m,age_aggregate_y15_24,eco_isic3_j,2005,0.704
svn,sex_m,age_aggregate_y15_24,eco_isic3_j,2006,0.508
svn,sex_m,age_aggregate_y15_24,eco_isic3_j,2007,0.317
svn,sex_m,age_aggregate_y15_24,eco_isic3_k,1996,1.611
svn,sex_m,age_aggregate_y15_24,eco_isic3_k,1997,2.077
svn,sex_m,age_aggregate_y15_24,eco_isic3_k,1998,1.846
svn,sex_m,age_aggregate_y15_24,eco_isic3_k,1999,2.491
svn,sex_m,age_aggregate_y15_24,eco_isic3_k,2000,2.753
svn,sex_m,age_aggregate_y15_24,eco_isic3_k,2001,2.162
svn,sex_m,age_aggregate_y15_24,eco_isic3_k,2002,2.694
svn,sex_m,age_aggregate_y15_24,eco_isic3_k,2003,2.315
svn,sex_m,age_aggregate_y15_24,eco_isic3_k,2004,2.446
svn,sex_m,age_aggregate_y15_24,eco_isic3_k,2005,2.89
svn,sex_m,age_aggregate_y15_24,eco_isic3_k,2006,2.599
svn,sex_m,age_aggregate_y15_24,eco_isic3_k,2007,3.306
svn,sex_m,age_aggregate_y15_24,eco_isic3_l,1996,2.327
svn,sex_m,age_aggregate_y15_24,eco_isic3_l,1997,1.697
svn,sex_m,age_aggregate_y15_24,eco_isic3_l,1998,0.823
svn,sex_m,age_aggregate_y15_24,eco_isic3_l,1999,1.147
svn,sex_m,age_aggregate_y15_24,eco_isic3_l,2000,1.834
svn,sex_m,age_aggregate_y15_24,eco_isic3_l,2001,1.24
svn,sex_m,age_aggregate_y15_24,eco_isic3_l,2002,1.52
svn,sex_m,age_aggregate_y15_24,eco_isic3_l,2003,2.269
svn,sex_m,age_aggregate_y15_24,eco_isic3_l,2004,2.131
svn,sex_m,age_aggregate_y15_24,eco_isic3_l,2005,2.113
svn,sex_m,age_aggregate_y15_24,eco_isic3_l,2006,1.85
svn,sex_m,age_aggregate_y15_24,eco_isic3_l,2007,1.537
svn,sex_m,age_aggregate_y15_24,eco_isic3_m,1997,0.594
svn,sex_m,age_aggregate_y15_24,eco_isic3_m,1998,0.471
svn,sex_m,age_aggregate_y15_24,eco_isic3_m,1999,0.456
svn,sex_m,age_aggregate_y15_24,eco_isic3_m,2000,0.395
svn,sex_m,age_aggregate_y15_24,eco_isic3_m,2001,0.457
svn,sex_m,age_aggregate_y15_24,eco_isic3_m,2002,0.587
svn,sex_m,age_aggregate_y15_24,eco_isic3_m,2003,0.857
svn,sex_m,age_aggregate_y15_24,eco_isic3_m,2004,0.412
svn,sex_m,age_aggregate_y15_24,eco_isic3_m,2005,0.414
svn,sex_m,age_aggregate_y15_24,eco_isic3_m,2006,0.456
svn,sex_m,age_aggregate_y15_24,eco_isic3_m,2007,0.516
svn,sex_m,age_aggregate_y15_24,eco_isic3_n,1996,0.701
svn,sex_m,age_aggregate_y15_24,eco_isic3_n,1997,1.133
svn,sex_m,age_aggregate_y15_24,eco_isic3_n,1998,0.616
svn,sex_m,age_aggregate_y15_24,eco_isic3_n,1999,0.492
svn,sex_m,age_aggregate_y15_24,eco_isic3_n,2001,1.22
svn,sex_m,age_aggregate_y15_24,eco_isic3_n,2002,1.413
svn,sex_m,age_aggregate_y15_24,eco_isic3_n,2003,0.491
svn,sex_m,age_aggregate_y15_24,eco_isic3_n,2004,0.614
svn,sex_m,age_aggregate_y15_24,eco_isic3_n,2005,0.64
svn,sex_m,age_aggregate_y15_24,eco_isic3_n,2006,0.946
svn,sex_m,age_aggregate_y15_24,eco_isic3_n,2007,0.714
svn,sex_m,age_aggregate_y15_24,eco_isic3_o,1996,1.825
svn,sex_m,age_aggregate_y15_24,eco_isic3_o,1997,2.722
svn,sex_m,age_aggregate_y15_24,eco_isic3_o,1998,1.208
svn,sex_m,age_aggregate_y15_24,eco_isic3_o,1999,0.833
svn,sex_m,age_aggregate_y15_24,eco_isic3_o,2000,1.47
svn,sex_m,age_aggregate_y15_24,eco_isic3_o,2001,1.435
svn,sex_m,age_aggregate_y15_24,eco_isic3_o,2002,1.299
svn,sex_m,age_aggregate_y15_24,eco_isic3_o,2003,2.085
svn,sex_m,age_aggregate_y15_24,eco_isic3_o,2004,2.094
svn,sex_m,age_aggregate_y15_24,eco_isic3_o,2005,2
svn,sex_m,age_aggregate_y15_24,eco_isic3_o,2006,1.836
svn,sex_m,age_aggregate_y15_24,eco_isic3_o,2007,2.597
svn,sex_m,age_aggregate_y15_24,eco_isic3_total,1996,53.112
svn,sex_m,age_aggregate_y15_24,eco_isic3_total,1997,57.863
svn,sex_m,age_aggregate_y15_24,eco_isic3_total,1998,49.172
svn,sex_m,age_aggregate_y15_24,eco_isic3_total,1999,44.708
svn,sex_m,age_aggregate_y15_24,eco_isic3_total,2000,45.975
svn,sex_m,age_aggregate_y15_24,eco_isic3_total,2001,43.793
svn,sex_m,age_aggregate_y15_24,eco_isic3_total,2002,47.3
svn,sex_m,age_aggregate_y15_24,eco_isic3_total,2003,44.284
svn,sex_m,age_aggregate_y15_24,eco_isic3_total,2004,47.586
svn,sex_m,age_aggregate_y15_24,eco_isic3_total,2005,45.625
svn,sex_m,age_aggregate_y15_24,eco_isic3_total,2006,46.752
svn,sex_m,age_aggregate_y15_24,eco_isic3_total,2007,50.947
svn,sex_m,age_aggregate_y15_24,eco_isic3_x,1998,0.907
svn,sex_m,age_aggregate_y15_24,eco_isic3_x,2000,0.675
svn,sex_m,age_aggregate_y15_24,eco_isic3_x,2001,0.715
svn,sex_m,age_aggregate_y15_24,eco_isic3_x,2002,0.815
svn,sex_m,age_aggregate_y15_24,eco_isic3_x,2003,1.082
svn,sex_m,age_aggregate_y15_24,eco_isic3_x,2004,1.057
svn,sex_m,age_aggregate_y15_24,eco_isic3_x,2005,0.756
svn,sex_m,age_aggregate_y15_24,eco_isic3_x,2006,0.321
svn,sex_m,age_aggregate_y15_24,eco_isic3_x,2007,1.356
svn,sex_m,age_aggregate_y15_24,eco_isic4_a,2008,0.858
svn,sex_m,age_aggregate_y15_24,eco_isic4_a,2009,0.752
svn,sex_m,age_aggregate_y15_24,eco_isic4_a,2010,0.569
svn,sex_m,age_aggregate_y15_24,eco_isic4_a,2011,0.446
svn,sex_m,age_aggregate_y15_24,eco_isic4_a,2012,0.375
svn,sex_m,age_aggregate_y15_24,eco_isic4_a,2013,0.678
svn,sex_m,age_aggregate_y15_24,eco_isic4_a,2014,0.628
svn,sex_m,age_aggregate_y15_24,eco_isic4_a,2015,0.36
svn,sex_m,age_aggregate_y15_24,eco_isic4_a,2016,0.165
svn,sex_m,age_aggregate_y15_24,eco_isic4_a,2017,0.4
svn,sex_m,age_aggregate_y15_24,eco_isic4_a,2018,0.297
svn,sex_m,age_aggregate_y15_24,eco_isic4_a,2019,0.5
svn,sex_m,age_aggregate_y15_24,eco_isic4_a,2020,0.349
svn,sex_m,age_aggregate_y15_24,eco_isic4_a,2021,0.224
svn,sex_m,age_aggregate_y15_24,eco_isic4_a,2022,0.114
svn,sex_m,age_aggregate_y15_24,eco_isic4_a,2023,0.205
svn,sex_m,age_aggregate_y15_24,eco_isic4_b,2008,0.118
svn,sex_m,age_aggregate_y15_24,eco_isic4_b,2009,0.075
svn,sex_m,age_aggregate_y15_24,eco_isic4_b,2012,0.495
svn,sex_m,age_aggregate_y15_24,eco_isic4_b,2013,0.274
svn,sex_m,age_aggregate_y15_24,eco_isic4_b,2015,0.182
svn,sex_m,age_aggregate_y15_24,eco_isic4_b,2018,0.296
svn,sex_m,age_aggregate_y15_24,eco_isic4_b,2019,0.64
svn,sex_m,age_aggregate_y15_24,eco_isic4_b,2020,0.265
svn,sex_m,age_aggregate_y15_24,eco_isic4_b,2021,0.181
svn,sex_m,age_aggregate_y15_24,eco_isic4_b,2022,0.166
svn,sex_m,age_aggregate_y15_24,eco_isic4_b,2023,0.333
svn,sex_m,age_aggregate_y15_24,eco_isic4_c,2008,15.873
svn,sex_m,age_aggregate_y15_24,eco_isic4_c,2009,11.394
svn,sex_m,age_aggregate_y15_24,eco_isic4_c,2010,11.417
svn,sex_m,age_aggregate_y15_24,eco_isic4_c,2011,11.627
svn,sex_m,age_aggregate_y15_24,eco_isic4_c,2012,9.211
svn,sex_m,age_aggregate_y15_24,eco_isic4_c,2013,9.86
svn,sex_m,age_aggregate_y15_24,eco_isic4_c,2014,9.573
svn,sex_m,age_aggregate_y15_24,eco_isic4_c,2015,10.223
svn,sex_m,age_aggregate_y15_24,eco_isic4_c,2016,11.276
svn,sex_m,age_aggregate_y15_24,eco_isic4_c,2017,15.142
svn,sex_m,age_aggregate_y15_24,eco_isic4_c,2018,14.013
svn,sex_m,age_aggregate_y15_24,eco_isic4_c,2019,12.252
svn,sex_m,age_aggregate_y15_24,eco_isic4_c,2020,10.314
svn,sex_m,age_aggregate_y15_24,eco_isic4_c,2021,10.822
svn,sex_m,age_aggregate_y15_24,eco_isic4_c,2022,10.974
svn,sex_m,age_aggregate_y15_24,eco_isic4_c,2023,12.209
svn,sex_m,age_aggregate_y15_24,eco_isic4_d,2008,0.349
svn,sex_m,age_aggregate_y15_24,eco_isic4_d,2009,0.38
svn,sex_m,age_aggregate_y15_24,eco_isic4_d,2010,0.255
svn,sex_m,age_aggregate_y15_24,eco_isic4_d,2011,0.293
svn,sex_m,age_aggregate_y15_24,eco_isic4_d,2012,0.2
svn,sex_m,age_aggregate_y15_24,eco_isic4_d,2013,0.234
svn,sex_m,age_aggregate_y15_24,eco_isic4_d,2014,0.436
svn,sex_m,age_aggregate_y15_24,eco_isic4_d,2015,0.238
svn,sex_m,age_aggregate_y15_24,eco_isic4_d,2016,0.308
svn,sex_m,age_aggregate_y15_24,eco_isic4_d,2017,0.502
svn,sex_m,age_aggregate_y15_24,eco_isic4_d,2018,0.187
svn,sex_m,age_aggregate_y15_24,eco_isic4_d,2019,0.376
svn,sex_m,age_aggregate_y15_24,eco_isic4_d,2020,0.247
svn,sex_m,age_aggregate_y15_24,eco_isic4_d,2021,0.242
svn,sex_m,age_aggregate_y15_24,eco_isic4_d,2023,0.167
svn,sex_m,age_aggregate_y15_24,eco_isic4_e,2008,0.336
svn,sex_m,age_aggregate_y15_24,eco_isic4_e,2009,0.498
svn,sex_m,age_aggregate_y15_24,eco_isic4_e,2010,0.179
svn,sex_m,age_aggregate_y15_24,eco_isic4_e,2011,0.212
svn,sex_m,age_aggregate_y15_24,eco_isic4_e,2012,0.394
svn,sex_m,age_aggregate_y15_24,eco_isic4_e,2013,0.233
svn,sex_m,age_aggregate_y15_24,eco_isic4_e,2015,0.237
svn,sex_m,age_aggregate_y15_24,eco_isic4_e,2016,0.144
svn,sex_m,age_aggregate_y15_24,eco_isic4_e,2017,0.573
svn,sex_m,age_aggregate_y15_24,eco_isic4_e,2018,0.42
svn,sex_m,age_aggregate_y15_24,eco_isic4_e,2019,0.183
svn,sex_m,age_aggregate_y15_24,eco_isic4_e,2020,0.239
svn,sex_m,age_aggregate_y15_24,eco_isic4_e,2021,0.284
svn,sex_m,age_aggregate_y15_24,eco_isic4_e,2022,0.347
svn,sex_m,age_aggregate_y15_24,eco_isic4_e,2023,0.237
svn,sex_m,age_aggregate_y15_24,eco_isic4_f,2008,7.112
svn,sex_m,age_aggregate_y15_24,eco_isic4_f,2009,5.945
svn,sex_m,age_aggregate_y15_24,eco_isic4_f,2010,4.556
svn,sex_m,age_aggregate_y15_24,eco_isic4_f,2011,3.47
svn,sex_m,age_aggregate_y15_24,eco_isic4_f,2012,2.828
svn,sex_m,age_aggregate_y15_24,eco_isic4_f,2013,2.958
svn,sex_m,age_aggregate_y15_24,eco_isic4_f,2014,2.806
svn,sex_m,age_aggregate_y15_24,eco_isic4_f,2015,2.488
svn,sex_m,age_aggregate_y15_24,eco_isic4_f,2016,1.871
svn,sex_m,age_aggregate_y15_24,eco_isic4_f,2017,1.884
svn,sex_m,age_aggregate_y15_24,eco_isic4_f,2018,2.901
svn,sex_m,age_aggregate_y15_24,eco_isic4_f,2019,2.506
svn,sex_m,age_aggregate_y15_24,eco_isic4_f,2020,2.689
svn,sex_m,age_aggregate_y15_24,eco_isic4_f,2021,2.417
svn,sex_m,age_aggregate_y15_24,eco_isic4_f,2022,2.873
svn,sex_m,age_aggregate_y15_24,eco_isic4_f,2023,4.563
svn,sex_m,age_aggregate_y15_24,eco_isic4_g,2008,6.189
svn,sex_m,age_aggregate_y15_24,eco_isic4_g,2009,6.207
svn,sex_m,age_aggregate_y15_24,eco_isic4_g,2010,6.803
svn,sex_m,age_aggregate_y15_24,eco_isic4_g,2011,5.833
svn,sex_m,age_aggregate_y15_24,eco_isic4_g,2012,4.648
svn,sex_m,age_aggregate_y15_24,eco_isic4_g,2013,4.152
svn,sex_m,age_aggregate_y15_24,eco_isic4_g,2014,3.925
svn,sex_m,age_aggregate_y15_24,eco_isic4_g,2015,3.436
svn,sex_m,age_aggregate_y15_24,eco_isic4_g,2016,3.698
svn,sex_m,age_aggregate_y15_24,eco_isic4_g,2017,4.988
svn,sex_m,age_aggregate_y15_24,eco_isic4_g,2018,5.182
svn,sex_m,age_aggregate_y15_24,eco_isic4_g,2019,5.947
svn,sex_m,age_aggregate_y15_24,eco_isic4_g,2020,4.455
svn,sex_m,age_aggregate_y15_24,eco_isic4_g,2021,4.85
svn,sex_m,age_aggregate_y15_24,eco_isic4_g,2022,5.253
svn,sex_m,age_aggregate_y15_24,eco_isic4_g,2023,4.98
svn,sex_m,age_aggregate_y15_24,eco_isic4_h,2008,3.136
svn,sex_m,age_aggregate_y15_24,eco_isic4_h,2009,3.042
svn,sex_m,age_aggregate_y15_24,eco_isic4_h,2010,2.702
svn,sex_m,age_aggregate_y15_24,eco_isic4_h,2011,2.463
svn,sex_m,age_aggregate_y15_24,eco_isic4_h,2012,2.218
svn,sex_m,age_aggregate_y15_24,eco_isic4_h,2013,2.061
svn,sex_m,age_aggregate_y15_24,eco_isic4_h,2014,1.736
svn,sex_m,age_aggregate_y15_24,eco_isic4_h,2015,1.715
svn,sex_m,age_aggregate_y15_24,eco_isic4_h,2016,2.041
svn,sex_m,age_aggregate_y15_24,eco_isic4_h,2017,1.677
svn,sex_m,age_aggregate_y15_24,eco_isic4_h,2018,2.844
svn,sex_m,age_aggregate_y15_24,eco_isic4_h,2019,2.168
svn,sex_m,age_aggregate_y15_24,eco_isic4_h,2020,1.365
svn,sex_m,age_aggregate_y15_24,eco_isic4_h,2021,1.694
svn,sex_m,age_aggregate_y15_24,eco_isic4_h,2022,1.41
svn,sex_m,age_aggregate_y15_24,eco_isic4_h,2023,1.581
svn,sex_m,age_aggregate_y15_24,eco_isic4_i,2008,5.018
svn,sex_m,age_aggregate_y15_24,eco_isic4_i,2009,4.558
svn,sex_m,age_aggregate_y15_24,eco_isic4_i,2010,3.83
svn,sex_m,age_aggregate_y15_24,eco_isic4_i,2011,3.336
svn,sex_m,age_aggregate_y15_24,eco_isic4_i,2012,2.813
svn,sex_m,age_aggregate_y15_24,eco_isic4_i,2013,2.261
svn,sex_m,age_aggregate_y15_24,eco_isic4_i,2014,1.463
svn,sex_m,age_aggregate_y15_24,eco_isic4_i,2015,2.702
svn,sex_m,age_aggregate_y15_24,eco_isic4_i,2016,2.911
svn,sex_m,age_aggregate_y15_24,eco_isic4_i,2017,2.882
svn,sex_m,age_aggregate_y15_24,eco_isic4_i,2018,2.392
svn,sex_m,age_aggregate_y15_24,eco_isic4_i,2019,2.418
svn,sex_m,age_aggregate_y15_24,eco_isic4_i,2020,2.393
svn,sex_m,age_aggregate_y15_24,eco_isic4_i,2021,1.525
svn,sex_m,age_aggregate_y15_24,eco_isic4_i,2022,2.233
svn,sex_m,age_aggregate_y15_24,eco_isic4_i,2023,2.639
svn,sex_m,age_aggregate_y15_24,eco_isic4_j,2008,2.316
svn,sex_m,age_aggregate_y15_24,eco_isic4_j,2009,2.128
svn,sex_m,age_aggregate_y15_24,eco_isic4_j,2010,2.328
svn,sex_m,age_aggregate_y15_24,eco_isic4_j,2011,1.305
svn,sex_m,age_aggregate_y15_24,eco_isic4_j,2012,0.911
svn,sex_m,age_aggregate_y15_24,eco_isic4_j,2013,0.928
svn,sex_m,age_aggregate_y15_24,eco_isic4_j,2014,0.523
svn,sex_m,age_aggregate_y15_24,eco_isic4_j,2015,1.146
svn,sex_m,age_aggregate_y15_24,eco_isic4_j,2016,0.853
svn,sex_m,age_aggregate_y15_24,eco_isic4_j,2017,1.103
svn,sex_m,age_aggregate_y15_24,eco_isic4_j,2018,1.475
svn,sex_m,age_aggregate_y15_24,eco_isic4_j,2019,1.433
svn,sex_m,age_aggregate_y15_24,eco_isic4_j,2020,1.352
svn,sex_m,age_aggregate_y15_24,eco_isic4_j,2021,1.265
svn,sex_m,age_aggregate_y15_24,eco_isic4_j,2022,1.298
svn,sex_m,age_aggregate_y15_24,eco_isic4_j,2023,1.312
svn,sex_m,age_aggregate_y15_24,eco_isic4_k,2008,0.574
svn,sex_m,age_aggregate_y15_24,eco_isic4_k,2009,0.552
svn,sex_m,age_aggregate_y15_24,eco_isic4_k,2010,0.231
svn,sex_m,age_aggregate_y15_24,eco_isic4_k,2011,0.261
svn,sex_m,age_aggregate_y15_24,eco_isic4_k,2012,0.242
svn,sex_m,age_aggregate_y15_24,eco_isic4_k,2013,0.238
svn,sex_m,age_aggregate_y15_24,eco_isic4_k,2014,0.246
svn,sex_m,age_aggregate_y15_24,eco_isic4_k,2015,0.324
svn,sex_m,age_aggregate_y15_24,eco_isic4_k,2016,0.292
svn,sex_m,age_aggregate_y15_24,eco_isic4_k,2017,0.154
svn,sex_m,age_aggregate_y15_24,eco_isic4_k,2018,0.259
svn,sex_m,age_aggregate_y15_24,eco_isic4_k,2019,0.183
svn,sex_m,age_aggregate_y15_24,eco_isic4_k,2021,0.12
svn,sex_m,age_aggregate_y15_24,eco_isic4_k,2022,0.16
svn,sex_m,age_aggregate_y15_24,eco_isic4_k,2023,0.185
svn,sex_m,age_aggregate_y15_24,eco_isic4_l,2009,0.124
svn,sex_m,age_aggregate_y15_24,eco_isic4_l,2010,0.161
svn,sex_m,age_aggregate_y15_24,eco_isic4_l,2019,0.108
svn,sex_m,age_aggregate_y15_24,eco_isic4_l,2021,0.222
svn,sex_m,age_aggregate_y15_24,eco_isic4_l,2022,0.187
svn,sex_m,age_aggregate_y15_24,eco_isic4_m,2008,1.773
svn,sex_m,age_aggregate_y15_24,eco_isic4_m,2009,1.631
svn,sex_m,age_aggregate_y15_24,eco_isic4_m,2010,0.632
svn,sex_m,age_aggregate_y15_24,eco_isic4_m,2011,1.138
svn,sex_m,age_aggregate_y15_24,eco_isic4_m,2012,0.569
svn,sex_m,age_aggregate_y15_24,eco_isic4_m,2013,0.469
svn,sex_m,age_aggregate_y15_24,eco_isic4_m,2014,0.394
svn,sex_m,age_aggregate_y15_24,eco_isic4_m,2015,0.434
svn,sex_m,age_aggregate_y15_24,eco_isic4_m,2016,0.705
svn,sex_m,age_aggregate_y15_24,eco_isic4_m,2017,0.568
svn,sex_m,age_aggregate_y15_24,eco_isic4_m,2018,0.758
svn,sex_m,age_aggregate_y15_24,eco_isic4_m,2019,0.741
svn,sex_m,age_aggregate_y15_24,eco_isic4_m,2020,0.461
svn,sex_m,age_aggregate_y15_24,eco_isic4_m,2021,1.166
svn,sex_m,age_aggregate_y15_24,eco_isic4_m,2022,1.963
svn,sex_m,age_aggregate_y15_24,eco_isic4_m,2023,1.36
svn,sex_m,age_aggregate_y15_24,eco_isic4_n,2008,1.773
svn,sex_m,age_aggregate_y15_24,eco_isic4_n,2009,1.421
svn,sex_m,age_aggregate_y15_24,eco_isic4_n,2010,1.052
svn,sex_m,age_aggregate_y15_24,eco_isic4_n,2011,0.975
svn,sex_m,age_aggregate_y15_24,eco_isic4_n,2012,0.386
svn,sex_m,age_aggregate_y15_24,eco_isic4_n,2013,0.423
svn,sex_m,age_aggregate_y15_24,eco_isic4_n,2014,1.15
svn,sex_m,age_aggregate_y15_24,eco_isic4_n,2015,1.003
svn,sex_m,age_aggregate_y15_24,eco_isic4_n,2016,0.709
svn,sex_m,age_aggregate_y15_24,eco_isic4_n,2017,1.146
svn,sex_m,age_aggregate_y15_24,eco_isic4_n,2018,0.653
svn,sex_m,age_aggregate_y15_24,eco_isic4_n,2019,0.801
svn,sex_m,age_aggregate_y15_24,eco_isic4_n,2020,0.53
svn,sex_m,age_aggregate_y15_24,eco_isic4_n,2021,1.491
svn,sex_m,age_aggregate_y15_24,eco_isic4_n,2022,1.595
svn,sex_m,age_aggregate_y15_24,eco_isic4_n,2023,1.329
svn,sex_m,age_aggregate_y15_24,eco_isic4_o,2008,1.635
svn,sex_m,age_aggregate_y15_24,eco_isic4_o,2009,1.67
svn,sex_m,age_aggregate_y15_24,eco_isic4_o,2010,1.605
svn,sex_m,age_aggregate_y15_24,eco_isic4_o,2011,1.18
svn,sex_m,age_aggregate_y15_24,eco_isic4_o,2012,1.78
svn,sex_m,age_aggregate_y15_24,eco_isic4_o,2013,0.818
svn,sex_m,age_aggregate_y15_24,eco_isic4_o,2014,0.479
svn,sex_m,age_aggregate_y15_24,eco_isic4_o,2015,0.561
svn,sex_m,age_aggregate_y15_24,eco_isic4_o,2016,0.455
svn,sex_m,age_aggregate_y15_24,eco_isic4_o,2017,1.054
svn,sex_m,age_aggregate_y15_24,eco_isic4_o,2018,0.771
svn,sex_m,age_aggregate_y15_24,eco_isic4_o,2019,0.414
svn,sex_m,age_aggregate_y15_24,eco_isic4_o,2020,0.777
svn,sex_m,age_aggregate_y15_24,eco_isic4_o,2021,0.987
svn,sex_m,age_aggregate_y15_24,eco_isic4_o,2022,1.135
svn,sex_m,age_aggregate_y15_24,eco_isic4_o,2023,0.833
svn,sex_m,age_aggregate_y15_24,eco_isic4_p,2008,0.406
svn,sex_m,age_aggregate_y15_24,eco_isic4_p,2009,0.62
svn,sex_m,age_aggregate_y15_24,eco_isic4_p,2010,0.557
svn,sex_m,age_aggregate_y15_24,eco_isic4_p,2011,0.39
svn,sex_m,age_aggregate_y15_24,eco_isic4_p,2012,0.505
svn,sex_m,age_aggregate_y15_24,eco_isic4_p,2013,0.184
svn,sex_m,age_aggregate_y15_24,eco_isic4_p,2014,0.23
svn,sex_m,age_aggregate_y15_24,eco_isic4_p,2015,0.541
svn,sex_m,age_aggregate_y15_24,eco_isic4_p,2016,0.466
svn,sex_m,age_aggregate_y15_24,eco_isic4_p,2017,0.232
svn,sex_m,age_aggregate_y15_24,eco_isic4_p,2018,0.381
svn,sex_m,age_aggregate_y15_24,eco_isic4_p,2019,0.675
svn,sex_m,age_aggregate_y15_24,eco_isic4_p,2020,0.457
svn,sex_m,age_aggregate_y15_24,eco_isic4_p,2021,0.842
svn,sex_m,age_aggregate_y15_24,eco_isic4_p,2022,0.573
svn,sex_m,age_aggregate_y15_24,eco_isic4_p,2023,0.465
svn,sex_m,age_aggregate_y15_24,eco_isic4_q,2008,0.903
svn,sex_m,age_aggregate_y15_24,eco_isic4_q,2009,0.902
svn,sex_m,age_aggregate_y15_24,eco_isic4_q,2010,0.63
svn,sex_m,age_aggregate_y15_24,eco_isic4_q,2011,0.826
svn,sex_m,age_aggregate_y15_24,eco_isic4_q,2012,1.144
svn,sex_m,age_aggregate_y15_24,eco_isic4_q,2013,0.706
svn,sex_m,age_aggregate_y15_24,eco_isic4_q,2014,0.735
svn,sex_m,age_aggregate_y15_24,eco_isic4_q,2015,0.905
svn,sex_m,age_aggregate_y15_24,eco_isic4_q,2016,0.588
svn,sex_m,age_aggregate_y15_24,eco_isic4_q,2017,0.787
svn,sex_m,age_aggregate_y15_24,eco_isic4_q,2018,0.935
svn,sex_m,age_aggregate_y15_24,eco_isic4_q,2019,0.676
svn,sex_m,age_aggregate_y15_24,eco_isic4_q,2020,1.379
svn,sex_m,age_aggregate_y15_24,eco_isic4_q,2021,0.999
svn,sex_m,age_aggregate_y15_24,eco_isic4_q,2022,0.933
svn,sex_m,age_aggregate_y15_24,eco_isic4_q,2023,0.822
svn,sex_m,age_aggregate_y15_24,eco_isic4_r,2008,1.844
svn,sex_m,age_aggregate_y15_24,eco_isic4_r,2009,1.156
svn,sex_m,age_aggregate_y15_24,eco_isic4_r,2010,1.332
svn,sex_m,age_aggregate_y15_24,eco_isic4_r,2011,1.516
svn,sex_m,age_aggregate_y15_24,eco_isic4_r,2012,1.053
svn,sex_m,age_aggregate_y15_24,eco_isic4_r,2013,0.581
svn,sex_m,age_aggregate_y15_24,eco_isic4_r,2014,0.722
svn,sex_m,age_aggregate_y15_24,eco_isic4_r,2015,0.577
svn,sex_m,age_aggregate_y15_24,eco_isic4_r,2016,0.738
svn,sex_m,age_aggregate_y15_24,eco_isic4_r,2017,1.643
svn,sex_m,age_aggregate_y15_24,eco_isic4_r,2018,1.326
svn,sex_m,age_aggregate_y15_24,eco_isic4_r,2019,0.84
svn,sex_m,age_aggregate_y15_24,eco_isic4_r,2020,0.795
svn,sex_m,age_aggregate_y15_24,eco_isic4_r,2021,0.895
svn,sex_m,age_aggregate_y15_24,eco_isic4_r,2022,0.981
svn,sex_m,age_aggregate_y15_24,eco_isic4_r,2023,1.318
svn,sex_m,age_aggregate_y15_24,eco_isic4_s,2008,0.362
svn,sex_m,age_aggregate_y15_24,eco_isic4_s,2009,0.17
svn,sex_m,age_aggregate_y15_24,eco_isic4_s,2010,0.331
svn,sex_m,age_aggregate_y15_24,eco_isic4_s,2011,0.545
svn,sex_m,age_aggregate_y15_24,eco_isic4_s,2012,0.1
svn,sex_m,age_aggregate_y15_24,eco_isic4_s,2013,0.179
svn,sex_m,age_aggregate_y15_24,eco_isic4_s,2014,0.128
svn,sex_m,age_aggregate_y15_24,eco_isic4_s,2015,0.16
svn,sex_m,age_aggregate_y15_24,eco_isic4_s,2016,0.36
svn,sex_m,age_aggregate_y15_24,eco_isic4_s,2017,0.167
svn,sex_m,age_aggregate_y15_24,eco_isic4_s,2018,0.394
svn,sex_m,age_aggregate_y15_24,eco_isic4_s,2019,0.554
svn,sex_m,age_aggregate_y15_24,eco_isic4_s,2021,1.168
svn,sex_m,age_aggregate_y15_24,eco_isic4_s,2022,1.313
svn,sex_m,age_aggregate_y15_24,eco_isic4_s,2023,1.329
svn,sex_m,age_aggregate_y15_24,eco_isic4_total,2008,51.381
svn,sex_m,age_aggregate_y15_24,eco_isic4_total,2009,43.859
svn,sex_m,age_aggregate_y15_24,eco_isic4_total,2010,39.685
svn,sex_m,age_aggregate_y15_24,eco_isic4_total,2011,36.515
svn,sex_m,age_aggregate_y15_24,eco_isic4_total,2012,30.169
svn,sex_m,age_aggregate_y15_24,eco_isic4_total,2013,27.654
svn,sex_m,age_aggregate_y15_24,eco_isic4_total,2014,25.525
svn,sex_m,age_aggregate_y15_24,eco_isic4_total,2015,27.822
svn,sex_m,age_aggregate_y15_24,eco_isic4_total,2016,28.45
svn,sex_m,age_aggregate_y15_24,eco_isic4_total,2017,35.532
svn,sex_m,age_aggregate_y15_24,eco_isic4_total,2018,36.078
svn,sex_m,age_aggregate_y15_24,eco_isic4_total,2019,33.826
svn,sex_m,age_aggregate_y15_24,eco_isic4_total,2020,28.663
svn,sex_m,age_aggregate_y15_24,eco_isic4_total,2021,31.891
svn,sex_m,age_aggregate_y15_24,eco_isic4_total,2022,33.86
svn,sex_m,age_aggregate_y15_24,eco_isic4_total,2023,36.365
svn,sex_m,age_aggregate_y15_24,eco_isic4_x,2008,0.723
svn,sex_m,age_aggregate_y15_24,eco_isic4_x,2009,0.633
svn,sex_m,age_aggregate_y15_24,eco_isic4_x,2010,0.466
svn,sex_m,age_aggregate_y15_24,eco_isic4_x,2011,0.568
svn,sex_m,age_aggregate_y15_24,eco_isic4_x,2012,0.271
svn,sex_m,age_aggregate_y15_24,eco_isic4_x,2013,0.335
svn,sex_m,age_aggregate_y15_24,eco_isic4_x,2014,0.294
svn,sex_m,age_aggregate_y15_24,eco_isic4_x,2015,0.588
svn,sex_m,age_aggregate_y15_24,eco_isic4_x,2016,0.745
svn,sex_m,age_aggregate_y15_24,eco_isic4_x,2017,0.565
svn,sex_m,age_aggregate_y15_24,eco_isic4_x,2018,0.464
svn,sex_m,age_aggregate_y15_24,eco_isic4_x,2019,0.413
svn,sex_m,age_aggregate_y15_24,eco_isic4_x,2020,0.338
svn,sex_m,age_aggregate_y15_24,eco_isic4_x,2021,0.448
svn,sex_m,age_aggregate_y15_24,eco_isic4_x,2022,0.244
svn,sex_m,age_aggregate_y15_24,eco_isic4_x,2023,0.332
svn,sex_m,age_aggregate_y15_24,eco_sector_agr,1996,1.328
svn,sex_m,age_aggregate_y15_24,eco_sector_agr,1997,1.2
svn,sex_m,age_aggregate_y15_24,eco_sector_agr,1998,0.656
svn,sex_m,age_aggregate_y15_24,eco_sector_agr,1999,0.474
svn,sex_m,age_aggregate_y15_24,eco_sector_agr,2001,0.519
svn,sex_m,age_aggregate_y15_24,eco_sector_agr,2002,0.911
svn,sex_m,age_aggregate_y15_24,eco_sector_agr,2003,0.479
svn,sex_m,age_aggregate_y15_24,eco_sector_agr,2004,1.153
svn,sex_m,age_aggregate_y15_24,eco_sector_agr,2005,0.457
svn,sex_m,age_aggregate_y15_24,eco_sector_agr,2006,0.973
svn,sex_m,age_aggregate_y15_24,eco_sector_agr,2007,0.95
svn,sex_m,age_aggregate_y15_24,eco_sector_agr,2008,0.858
svn,sex_m,age_aggregate_y15_24,eco_sector_agr,2009,0.752
svn,sex_m,age_aggregate_y15_24,eco_sector_agr,2010,0.569
svn,sex_m,age_aggregate_y15_24,eco_sector_agr,2011,0.446
svn,sex_m,age_aggregate_y15_24,eco_sector_agr,2012,0.375
svn,sex_m,age_aggregate_y15_24,eco_sector_agr,2013,0.678
svn,sex_m,age_aggregate_y15_24,eco_sector_agr,2014,0.628
svn,sex_m,age_aggregate_y15_24,eco_sector_agr,2015,0.36
svn,sex_m,age_aggregate_y15_24,eco_sector_agr,2016,0.165
svn,sex_m,age_aggregate_y15_24,eco_sector_agr,2017,0.4
svn,sex_m,age_aggregate_y15_24,eco_sector_agr,2018,0.297
svn,sex_m,age_aggregate_y15_24,eco_sector_agr,2019,0.5
svn,sex_m,age_aggregate_y15_24,eco_sector_agr,2020,0.349
svn,sex_m,age_aggregate_y15_24,eco_sector_agr,2021,0.224
svn,sex_m,age_aggregate_y15_24,eco_sector_agr,2022,0.114
svn,sex_m,age_aggregate_y15_24,eco_sector_agr,2023,0.205
svn,sex_m,age_aggregate_y15_24,eco_sector_ind,1996,30.805
svn,sex_m,age_aggregate_y15_24,eco_sector_ind,1997,31.378
svn,sex_m,age_aggregate_y15_24,eco_sector_ind,1998,26.969
svn,sex_m,age_aggregate_y15_24,eco_sector_ind,1999,22.728
svn,sex_m,age_aggregate_y15_24,eco_sector_ind,2000,23.318
svn,sex_m,age_aggregate_y15_24,eco_sector_ind,2001,22.917
svn,sex_m,age_aggregate_y15_24,eco_sector_ind,2002,24.225
svn,sex_m,age_aggregate_y15_24,eco_sector_ind,2003,21.236
svn,sex_m,age_aggregate_y15_24,eco_sector_ind,2004,21.876
svn,sex_m,age_aggregate_y15_24,eco_sector_ind,2005,22.987
svn,sex_m,age_aggregate_y15_24,eco_sector_ind,2006,24.134
svn,sex_m,age_aggregate_y15_24,eco_sector_ind,2007,24.784
svn,sex_m,age_aggregate_y15_24,eco_sector_ind,2008,23.787
svn,sex_m,age_aggregate_y15_24,eco_sector_ind,2009,18.292
svn,sex_m,age_aggregate_y15_24,eco_sector_ind,2010,16.456
svn,sex_m,age_aggregate_y15_24,eco_sector_ind,2011,15.707
svn,sex_m,age_aggregate_y15_24,eco_sector_ind,2012,13.128
svn,sex_m,age_aggregate_y15_24,eco_sector_ind,2013,13.56
svn,sex_m,age_aggregate_y15_24,eco_sector_ind,2014,12.873
svn,sex_m,age_aggregate_y15_24,eco_sector_ind,2015,13.369
svn,sex_m,age_aggregate_y15_24,eco_sector_ind,2016,13.711
svn,sex_m,age_aggregate_y15_24,eco_sector_ind,2017,18.149
svn,sex_m,age_aggregate_y15_24,eco_sector_ind,2018,17.817
svn,sex_m,age_aggregate_y15_24,eco_sector_ind,2019,15.957
svn,sex_m,age_aggregate_y15_24,eco_sector_ind,2020,13.755
svn,sex_m,age_aggregate_y15_24,eco_sector_ind,2021,13.946
svn,sex_m,age_aggregate_y15_24,eco_sector_ind,2022,14.443
svn,sex_m,age_aggregate_y15_24,eco_sector_ind,2023,17.51
svn,sex_m,age_aggregate_y15_24,eco_sector_nag,1996,51.783
svn,sex_m,age_aggregate_y15_24,eco_sector_nag,1997,56.663
svn,sex_m,age_aggregate_y15_24,eco_sector_nag,1998,48.515
svn,sex_m,age_aggregate_y15_24,eco_sector_nag,1999,44.234
svn,sex_m,age_aggregate_y15_24,eco_sector_nag,2001,43.274
svn,sex_m,age_aggregate_y15_24,eco_sector_nag,2002,46.389
svn,sex_m,age_aggregate_y15_24,eco_sector_nag,2003,43.804
svn,sex_m,age_aggregate_y15_24,eco_sector_nag,2004,46.433
svn,sex_m,age_aggregate_y15_24,eco_sector_nag,2005,45.168
svn,sex_m,age_aggregate_y15_24,eco_sector_nag,2006,45.778
svn,sex_m,age_aggregate_y15_24,eco_sector_nag,2007,49.996
svn,sex_m,age_aggregate_y15_24,eco_sector_nag,2008,50.523
svn,sex_m,age_aggregate_y15_24,eco_sector_nag,2009,43.107
svn,sex_m,age_aggregate_y15_24,eco_sector_nag,2010,39.116
svn,sex_m,age_aggregate_y15_24,eco_sector_nag,2011,36.069
svn,sex_m,age_aggregate_y15_24,eco_sector_nag,2012,29.794
svn,sex_m,age_aggregate_y15_24,eco_sector_nag,2013,26.976
svn,sex_m,age_aggregate_y15_24,eco_sector_nag,2014,24.897
svn,sex_m,age_aggregate_y15_24,eco_sector_nag,2015,27.462
svn,sex_m,age_aggregate_y15_24,eco_sector_nag,2016,28.285
svn,sex_m,age_aggregate_y15_24,eco_sector_nag,2017,35.132
svn,sex_m,age_aggregate_y15_24,eco_sector_nag,2018,35.781
svn,sex_m,age_aggregate_y15_24,eco_sector_nag,2019,33.327
svn,sex_m,age_aggregate_y15_24,eco_sector_nag,2020,28.313
svn,sex_m,age_aggregate_y15_24,eco_sector_nag,2021,31.667
svn,sex_m,age_aggregate_y15_24,eco_sector_nag,2022,33.746
svn,sex_m,age_aggregate_y15_24,eco_sector_nag,2023,36.159
svn,sex_m,age_aggregate_y15_24,eco_sector_ser,1996,20.832
svn,sex_m,age_aggregate_y15_24,eco_sector_ser,1997,25.202
svn,sex_m,age_aggregate_y15_24,eco_sector_ser,1998,20.64
svn,sex_m,age_aggregate_y15_24,eco_sector_ser,1999,21.249
svn,sex_m,age_aggregate_y15_24,eco_sector_ser,2000,21.613
svn,sex_m,age_aggregate_y15_24,eco_sector_ser,2001,19.642
svn,sex_m,age_aggregate_y15_24,eco_sector_ser,2002,21.349
svn,sex_m,age_aggregate_y15_24,eco_sector_ser,2003,21.486
svn,sex_m,age_aggregate_y15_24,eco_sector_ser,2004,23.5
svn,sex_m,age_aggregate_y15_24,eco_sector_ser,2005,21.426
svn,sex_m,age_aggregate_y15_24,eco_sector_ser,2006,21.323
svn,sex_m,age_aggregate_y15_24,eco_sector_ser,2007,23.856
svn,sex_m,age_aggregate_y15_24,eco_sector_ser,2008,26.014
svn,sex_m,age_aggregate_y15_24,eco_sector_ser,2009,24.182
svn,sex_m,age_aggregate_y15_24,eco_sector_ser,2010,22.194
svn,sex_m,age_aggregate_y15_24,eco_sector_ser,2011,19.794
svn,sex_m,age_aggregate_y15_24,eco_sector_ser,2012,16.395
svn,sex_m,age_aggregate_y15_24,eco_sector_ser,2013,13.08
svn,sex_m,age_aggregate_y15_24,eco_sector_ser,2014,11.73
svn,sex_m,age_aggregate_y15_24,eco_sector_ser,2015,13.505
svn,sex_m,age_aggregate_y15_24,eco_sector_ser,2016,13.829
svn,sex_m,age_aggregate_y15_24,eco_sector_ser,2017,16.418
svn,sex_m,age_aggregate_y15_24,eco_sector_ser,2018,17.501
svn,sex_m,age_aggregate_y15_24,eco_sector_ser,2019,16.957
svn,sex_m,age_aggregate_y15_24,eco_sector_ser,2020,14.22
svn,sex_m,age_aggregate_y15_24,eco_sector_ser,2021,17.273
svn,sex_m,age_aggregate_y15_24,eco_sector_ser,2022,19.059
svn,sex_m,age_aggregate_y15_24,eco_sector_ser,2023,18.317
svn,sex_m,age_aggregate_y15_24,eco_sector_total,1996,53.112
svn,sex_m,age_aggregate_y15_24,eco_sector_total,1997,57.863
svn,sex_m,age_aggregate_y15_24,eco_sector_total,1998,49.172
svn,sex_m,age_aggregate_y15_24,eco_sector_total,1999,44.708
svn,sex_m,age_aggregate_y15_24,eco_sector_total,2000,45.975
svn,sex_m,age_aggregate_y15_24,eco_sector_total,2001,43.793
svn,sex_m,age_aggregate_y15_24,eco_sector_total,2002,47.3
svn,sex_m,age_aggregate_y15_24,eco_sector_total,2003,44.284
svn,sex_m,age_aggregate_y15_24,eco_sector_total,2004,47.586
svn,sex_m,age_aggregate_y15_24,eco_sector_total,2005,45.625
svn,sex_m,age_aggregate_y15_24,eco_sector_total,2006,46.752
svn,sex_m,age_aggregate_y15_24,eco_sector_total,2007,50.947
svn,sex_m,age_aggregate_y15_24,eco_sector_total,2008,51.381
svn,sex_m,age_aggregate_y15_24,eco_sector_total,2009,43.859
svn,sex_m,age_aggregate_y15_24,eco_sector_total,2010,39.685
svn,sex_m,age_aggregate_y15_24,eco_sector_total,2011,36.515
svn,sex_m,age_aggregate_y15_24,eco_sector_total,2012,30.169
svn,sex_m,age_aggregate_y15_24,eco_sector_total,2013,27.654
svn,sex_m,age_aggregate_y15_24,eco_sector_total,2014,25.525
svn,sex_m,age_aggregate_y15_24,eco_sector_total,2015,27.822
svn,sex_m,age_aggregate_y15_24,eco_sector_total,2016,28.45
svn,sex_m,age_aggregate_y15_24,eco_sector_total,2017,35.532
svn,sex_m,age_aggregate_y15_24,eco_sector_total,2018,36.078
svn,sex_m,age_aggregate_y15_24,eco_sector_total,2019,33.826
svn,sex_m,age_aggregate_y15_24,eco_sector_total,2020,28.663
svn,sex_m,age_aggregate_y15_24,eco_sector_total,2021,31.891
svn,sex_m,age_aggregate_y15_24,eco_sector_total,2022,33.86
svn,sex_m,age_aggregate_y15_24,eco_sector_total,2023,36.365
svn,sex_m,age_aggregate_y15_24,eco_sector_x,1998,0.907
svn,sex_m,age_aggregate_y15_24,eco_sector_x,2000,0.675
svn,sex_m,age_aggregate_y15_24,eco_sector_x,2001,0.715
svn,sex_m,age_aggregate_y15_24,eco_sector_x,2002,0.815
svn,sex_m,age_aggregate_y15_24,eco_sector_x,2003,1.082
svn,sex_m,age_aggregate_y15_24,eco_sector_x,2004,1.057
svn,sex_m,age_aggregate_y15_24,eco_sector_x,2005,0.756
svn,sex_m,age_aggregate_y15_24,eco_sector_x,2006,0.321
svn,sex_m,age_aggregate_y15_24,eco_sector_x,2007,1.356
svn,sex_m,age_aggregate_y15_24,eco_sector_x,2008,0.723
svn,sex_m,age_aggregate_y15_24,eco_sector_x,2009,0.633
svn,sex_m,age_aggregate_y15_24,eco_sector_x,2010,0.466
svn,sex_m,age_aggregate_y15_24,eco_sector_x,2011,0.568
svn,sex_m,age_aggregate_y15_24,eco_sector_x,2012,0.271
svn,sex_m,age_aggregate_y15_24,eco_sector_x,2013,0.335
svn,sex_m,age_aggregate_y15_24,eco_sector_x,2014,0.294
svn,sex_m,age_aggregate_y15_24,eco_sector_x,2015,0.588
svn,sex_m,age_aggregate_y15_24,eco_sector_x,2016,0.745
svn,sex_m,age_aggregate_y15_24,eco_sector_x,2017,0.565
svn,sex_m,age_aggregate_y15_24,eco_sector_x,2018,0.464
svn,sex_m,age_aggregate_y15_24,eco_sector_x,2019,0.413
svn,sex_m,age_aggregate_y15_24,eco_sector_x,2020,0.338
svn,sex_m,age_aggregate_y15_24,eco_sector_x,2021,0.448
svn,sex_m,age_aggregate_y15_24,eco_sector_x,2022,0.244
svn,sex_m,age_aggregate_y15_24,eco_sector_x,2023,0.332
svn,sex_m,age_aggregate_y25_54,eco_aggregate_agr,1996,6.922
svn,sex_m,age_aggregate_y25_54,eco_aggregate_agr,1997,6.379
svn,sex_m,age_aggregate_y25_54,eco_aggregate_agr,1998,4.046
svn,sex_m,age_aggregate_y25_54,eco_aggregate_agr,1999,4.865
svn,sex_m,age_aggregate_y25_54,eco_aggregate_agr,2000,5.16
svn,sex_m,age_aggregate_y25_54,eco_aggregate_agr,2001,5.406
svn,sex_m,age_aggregate_y25_54,eco_aggregate_agr,2002,6.459
svn,sex_m,age_aggregate_y25_54,eco_aggregate_agr,2003,5.472
svn,sex_m,age_aggregate_y25_54,eco_aggregate_agr,2004,6.578
svn,sex_m,age_aggregate_y25_54,eco_aggregate_agr,2005,5.688
svn,sex_m,age_aggregate_y25_54,eco_aggregate_agr,2006,6.755
svn,sex_m,age_aggregate_y25_54,eco_aggregate_agr,2007,6.453
svn,sex_m,age_aggregate_y25_54,eco_aggregate_agr,2008,6.44
svn,sex_m,age_aggregate_y25_54,eco_aggregate_agr,2009,5.227
svn,sex_m,age_aggregate_y25_54,eco_aggregate_agr,2010,5.124
svn,sex_m,age_aggregate_y25_54,eco_aggregate_agr,2011,5.586
svn,sex_m,age_aggregate_y25_54,eco_aggregate_agr,2012,5.731
svn,sex_m,age_aggregate_y25_54,eco_aggregate_agr,2013,4.808
svn,sex_m,age_aggregate_y25_54,eco_aggregate_agr,2014,4.477
svn,sex_m,age_aggregate_y25_54,eco_aggregate_agr,2015,5.02
svn,sex_m,age_aggregate_y25_54,eco_aggregate_agr,2016,4.556
svn,sex_m,age_aggregate_y25_54,eco_aggregate_agr,2017,4.729
svn,sex_m,age_aggregate_y25_54,eco_aggregate_agr,2018,4.016
svn,sex_m,age_aggregate_y25_54,eco_aggregate_agr,2019,2.518
svn,sex_m,age_aggregate_y25_54,eco_aggregate_agr,2020,2.525
svn,sex_m,age_aggregate_y25_54,eco_aggregate_agr,2021,2.165
svn,sex_m,age_aggregate_y25_54,eco_aggregate_agr,2022,2.297
svn,sex_m,age_aggregate_y25_54,eco_aggregate_agr,2023,2.588
svn,sex_m,age_aggregate_y25_54,eco_aggregate_con,1996,26.166
svn,sex_m,age_aggregate_y25_54,eco_aggregate_con,1997,31.199
svn,sex_m,age_aggregate_y25_54,eco_aggregate_con,1998,29.255
svn,sex_m,age_aggregate_y25_54,eco_aggregate_con,1999,25.822
svn,sex_m,age_aggregate_y25_54,eco_aggregate_con,2000,28.479
svn,sex_m,age_aggregate_y25_54,eco_aggregate_con,2001,32.817
svn,sex_m,age_aggregate_y25_54,eco_aggregate_con,2002,31.613
svn,sex_m,age_aggregate_y25_54,eco_aggregate_con,2003,33.323
svn,sex_m,age_aggregate_y25_54,eco_aggregate_con,2004,32.804
svn,sex_m,age_aggregate_y25_54,eco_aggregate_con,2005,35.211
svn,sex_m,age_aggregate_y25_54,eco_aggregate_con,2006,31.79
svn,sex_m,age_aggregate_y25_54,eco_aggregate_con,2007,33.326
svn,sex_m,age_aggregate_y25_54,eco_aggregate_con,2008,37.275
svn,sex_m,age_aggregate_y25_54,eco_aggregate_con,2009,33.163
svn,sex_m,age_aggregate_y25_54,eco_aggregate_con,2010,30.663
svn,sex_m,age_aggregate_y25_54,eco_aggregate_con,2011,30.032
svn,sex_m,age_aggregate_y25_54,eco_aggregate_con,2012,31.182
svn,sex_m,age_aggregate_y25_54,eco_aggregate_con,2013,30.332
svn,sex_m,age_aggregate_y25_54,eco_aggregate_con,2014,30.194
svn,sex_m,age_aggregate_y25_54,eco_aggregate_con,2015,30.167
svn,sex_m,age_aggregate_y25_54,eco_aggregate_con,2016,29.305
svn,sex_m,age_aggregate_y25_54,eco_aggregate_con,2017,30.975
svn,sex_m,age_aggregate_y25_54,eco_aggregate_con,2018,29.166
svn,sex_m,age_aggregate_y25_54,eco_aggregate_con,2019,30.716
svn,sex_m,age_aggregate_y25_54,eco_aggregate_con,2020,31.873
svn,sex_m,age_aggregate_y25_54,eco_aggregate_con,2021,26.086
svn,sex_m,age_aggregate_y25_54,eco_aggregate_con,2022,26.31
svn,sex_m,age_aggregate_y25_54,eco_aggregate_con,2023,31.82
svn,sex_m,age_aggregate_y25_54,eco_aggregate_man,1996,130.923
svn,sex_m,age_aggregate_y25_54,eco_aggregate_man,1997,130.003
svn,sex_m,age_aggregate_y25_54,eco_aggregate_man,1998,132.19
svn,sex_m,age_aggregate_y25_54,eco_aggregate_man,1999,129.744
svn,sex_m,age_aggregate_y25_54,eco_aggregate_man,2000,124.394
svn,sex_m,age_aggregate_y25_54,eco_aggregate_man,2001,128.956
svn,sex_m,age_aggregate_y25_54,eco_aggregate_man,2002,131.744
svn,sex_m,age_aggregate_y25_54,eco_aggregate_man,2003,131.977
svn,sex_m,age_aggregate_y25_54,eco_aggregate_man,2004,129.512
svn,sex_m,age_aggregate_y25_54,eco_aggregate_man,2005,132.893
svn,sex_m,age_aggregate_y25_54,eco_aggregate_man,2006,127.926
svn,sex_m,age_aggregate_y25_54,eco_aggregate_man,2007,131.525
svn,sex_m,age_aggregate_y25_54,eco_aggregate_man,2008,128.226
svn,sex_m,age_aggregate_y25_54,eco_aggregate_man,2009,116.239
svn,sex_m,age_aggregate_y25_54,eco_aggregate_man,2010,112.223
svn,sex_m,age_aggregate_y25_54,eco_aggregate_man,2011,112.39
svn,sex_m,age_aggregate_y25_54,eco_aggregate_man,2012,108.624
svn,sex_m,age_aggregate_y25_54,eco_aggregate_man,2013,105.641
svn,sex_m,age_aggregate_y25_54,eco_aggregate_man,2014,105.798
svn,sex_m,age_aggregate_y25_54,eco_aggregate_man,2015,110.543
svn,sex_m,age_aggregate_y25_54,eco_aggregate_man,2016,117.084
svn,sex_m,age_aggregate_y25_54,eco_aggregate_man,2017,120.684
svn,sex_m,age_aggregate_y25_54,eco_aggregate_man,2018,119.955
svn,sex_m,age_aggregate_y25_54,eco_aggregate_man,2019,127.465
svn,sex_m,age_aggregate_y25_54,eco_aggregate_man,2020,129.147
svn,sex_m,age_aggregate_y25_54,eco_aggregate_man,2021,109.21
svn,sex_m,age_aggregate_y25_54,eco_aggregate_man,2022,108.851
svn,sex_m,age_aggregate_y25_54,eco_aggregate_man,2023,108.676
svn,sex_m,age_aggregate_y25_54,eco_aggregate_mel,1996,16.605
svn,sex_m,age_aggregate_y25_54,eco_aggregate_mel,1997,14.656
svn,sex_m,age_aggregate_y25_54,eco_aggregate_mel,1998,12.395
svn,sex_m,age_aggregate_y25_54,eco_aggregate_mel,1999,11.331
svn,sex_m,age_aggregate_y25_54,eco_aggregate_mel,2000,13.144
svn,sex_m,age_aggregate_y25_54,eco_aggregate_mel,2001,13.268
svn,sex_m,age_aggregate_y25_54,eco_aggregate_mel,2002,10.858
svn,sex_m,age_aggregate_y25_54,eco_aggregate_mel,2003,11.121
svn,sex_m,age_aggregate_y25_54,eco_aggregate_mel,2004,11.542
svn,sex_m,age_aggregate_y25_54,eco_aggregate_mel,2005,10.924
svn,sex_m,age_aggregate_y25_54,eco_aggregate_mel,2006,10.89
svn,sex_m,age_aggregate_y25_54,eco_aggregate_mel,2007,10.332
svn,sex_m,age_aggregate_y25_54,eco_aggregate_mel,2008,14.248
svn,sex_m,age_aggregate_y25_54,eco_aggregate_mel,2009,14.124
svn,sex_m,age_aggregate_y25_54,eco_aggregate_mel,2010,15.186
svn,sex_m,age_aggregate_y25_54,eco_aggregate_mel,2011,16.583
svn,sex_m,age_aggregate_y25_54,eco_aggregate_mel,2012,14.752
svn,sex_m,age_aggregate_y25_54,eco_aggregate_mel,2013,14.361
svn,sex_m,age_aggregate_y25_54,eco_aggregate_mel,2014,15.949
svn,sex_m,age_aggregate_y25_54,eco_aggregate_mel,2015,15.091
svn,sex_m,age_aggregate_y25_54,eco_aggregate_mel,2016,13.344
svn,sex_m,age_aggregate_y25_54,eco_aggregate_mel,2017,13.146
svn,sex_m,age_aggregate_y25_54,eco_aggregate_mel,2018,15.87
svn,sex_m,age_aggregate_y25_54,eco_aggregate_mel,2019,16.088
svn,sex_m,age_aggregate_y25_54,eco_aggregate_mel,2020,16.292
svn,sex_m,age_aggregate_y25_54,eco_aggregate_mel,2021,13.906
svn,sex_m,age_aggregate_y25_54,eco_aggregate_mel,2022,14.907
svn,sex_m,age_aggregate_y25_54,eco_aggregate_mel,2023,15.756
svn,sex_m,age_aggregate_y25_54,eco_aggregate_mkt,1996,78.555
svn,sex_m,age_aggregate_y25_54,eco_aggregate_mkt,1997,83.175
svn,sex_m,age_aggregate_y25_54,eco_aggregate_mkt,1998,84.191
svn,sex_m,age_aggregate_y25_54,eco_aggregate_mkt,1999,88.944
svn,sex_m,age_aggregate_y25_54,eco_aggregate_mkt,2000,99.786
svn,sex_m,age_aggregate_y25_54,eco_aggregate_mkt,2001,98.6
svn,sex_m,age_aggregate_y25_54,eco_aggregate_mkt,2002,95.143
svn,sex_m,age_aggregate_y25_54,eco_aggregate_mkt,2003,105.288
svn,sex_m,age_aggregate_y25_54,eco_aggregate_mkt,2004,101.33
svn,sex_m,age_aggregate_y25_54,eco_aggregate_mkt,2005,103.819
svn,sex_m,age_aggregate_y25_54,eco_aggregate_mkt,2006,105.57
svn,sex_m,age_aggregate_y25_54,eco_aggregate_mkt,2007,107.87
svn,sex_m,age_aggregate_y25_54,eco_aggregate_mkt,2008,118.094
svn,sex_m,age_aggregate_y25_54,eco_aggregate_mkt,2009,120.543
svn,sex_m,age_aggregate_y25_54,eco_aggregate_mkt,2010,116.74
svn,sex_m,age_aggregate_y25_54,eco_aggregate_mkt,2011,113.832
svn,sex_m,age_aggregate_y25_54,eco_aggregate_mkt,2012,121.266
svn,sex_m,age_aggregate_y25_54,eco_aggregate_mkt,2013,117.005
svn,sex_m,age_aggregate_y25_54,eco_aggregate_mkt,2014,111.479
svn,sex_m,age_aggregate_y25_54,eco_aggregate_mkt,2015,111.8
svn,sex_m,age_aggregate_y25_54,eco_aggregate_mkt,2016,107.148
svn,sex_m,age_aggregate_y25_54,eco_aggregate_mkt,2017,113.11
svn,sex_m,age_aggregate_y25_54,eco_aggregate_mkt,2018,117.686
svn,sex_m,age_aggregate_y25_54,eco_aggregate_mkt,2019,116.907
svn,sex_m,age_aggregate_y25_54,eco_aggregate_mkt,2020,121.466
svn,sex_m,age_aggregate_y25_54,eco_aggregate_mkt,2021,126.72
svn,sex_m,age_aggregate_y25_54,eco_aggregate_mkt,2022,125.704
svn,sex_m,age_aggregate_y25_54,eco_aggregate_mkt,2023,125.844
svn,sex_m,age_aggregate_y25_54,eco_aggregate_pub,1996,42.854
svn,sex_m,age_aggregate_y25_54,eco_aggregate_pub,1997,40.695
svn,sex_m,age_aggregate_y25_54,eco_aggregate_pub,1998,45.598
svn,sex_m,age_aggregate_y25_54,eco_aggregate_pub,1999,50.949
svn,sex_m,age_aggregate_y25_54,eco_aggregate_pub,2000,51.457
svn,sex_m,age_aggregate_y25_54,eco_aggregate_pub,2001,50.304
svn,sex_m,age_aggregate_y25_54,eco_aggregate_pub,2002,52.917
svn,sex_m,age_aggregate_y25_54,eco_aggregate_pub,2003,50.39
svn,sex_m,age_aggregate_y25_54,eco_aggregate_pub,2004,54.525
svn,sex_m,age_aggregate_y25_54,eco_aggregate_pub,2005,55.253
svn,sex_m,age_aggregate_y25_54,eco_aggregate_pub,2006,57.972
svn,sex_m,age_aggregate_y25_54,eco_aggregate_pub,2007,59.276
svn,sex_m,age_aggregate_y25_54,eco_aggregate_pub,2008,54.027
svn,sex_m,age_aggregate_y25_54,eco_aggregate_pub,2009,51.532
svn,sex_m,age_aggregate_y25_54,eco_aggregate_pub,2010,52.526
svn,sex_m,age_aggregate_y25_54,eco_aggregate_pub,2011,50.102
svn,sex_m,age_aggregate_y25_54,eco_aggregate_pub,2012,48.932
svn,sex_m,age_aggregate_y25_54,eco_aggregate_pub,2013,51.133
svn,sex_m,age_aggregate_y25_54,eco_aggregate_pub,2014,56.597
svn,sex_m,age_aggregate_y25_54,eco_aggregate_pub,2015,54.448
svn,sex_m,age_aggregate_y25_54,eco_aggregate_pub,2016,52.605
svn,sex_m,age_aggregate_y25_54,eco_aggregate_pub,2017,53.098
svn,sex_m,age_aggregate_y25_54,eco_aggregate_pub,2018,51.253
svn,sex_m,age_aggregate_y25_54,eco_aggregate_pub,2019,49.867
svn,sex_m,age_aggregate_y25_54,eco_aggregate_pub,2020,50.132
svn,sex_m,age_aggregate_y25_54,eco_aggregate_pub,2021,55.676
svn,sex_m,age_aggregate_y25_54,eco_aggregate_pub,2022,55.833
svn,sex_m,age_aggregate_y25_54,eco_aggregate_pub,2023,48.102
svn,sex_m,age_aggregate_y25_54,eco_aggregate_total,1996,302.349
svn,sex_m,age_aggregate_y25_54,eco_aggregate_total,1997,307.188
svn,sex_m,age_aggregate_y25_54,eco_aggregate_total,1998,309.175
svn,sex_m,age_aggregate_y25_54,eco_aggregate_total,1999,313.326
svn,sex_m,age_aggregate_y25_54,eco_aggregate_total,2000,324.864
svn,sex_m,age_aggregate_y25_54,eco_aggregate_total,2001,333.69
svn,sex_m,age_aggregate_y25_54,eco_aggregate_total,2002,330.964
svn,sex_m,age_aggregate_y25_54,eco_aggregate_total,2003,339.548
svn,sex_m,age_aggregate_y25_54,eco_aggregate_total,2004,340.733
svn,sex_m,age_aggregate_y25_54,eco_aggregate_total,2005,345.545
svn,sex_m,age_aggregate_y25_54,eco_aggregate_total,2006,342.205
svn,sex_m,age_aggregate_y25_54,eco_aggregate_total,2007,351.617
svn,sex_m,age_aggregate_y25_54,eco_aggregate_total,2008,359.721
svn,sex_m,age_aggregate_y25_54,eco_aggregate_total,2009,342.775
svn,sex_m,age_aggregate_y25_54,eco_aggregate_total,2010,333.813
svn,sex_m,age_aggregate_y25_54,eco_aggregate_total,2011,329.964
svn,sex_m,age_aggregate_y25_54,eco_aggregate_total,2012,332.144
svn,sex_m,age_aggregate_y25_54,eco_aggregate_total,2013,325.29
svn,sex_m,age_aggregate_y25_54,eco_aggregate_total,2014,326.14
svn,sex_m,age_aggregate_y25_54,eco_aggregate_total,2015,331.215
svn,sex_m,age_aggregate_y25_54,eco_aggregate_total,2016,327.048
svn,sex_m,age_aggregate_y25_54,eco_aggregate_total,2017,337.456
svn,sex_m,age_aggregate_y25_54,eco_aggregate_total,2018,339.909
svn,sex_m,age_aggregate_y25_54,eco_aggregate_total,2019,345.238
svn,sex_m,age_aggregate_y25_54,eco_aggregate_total,2020,352.959
svn,sex_m,age_aggregate_y25_54,eco_aggregate_total,2021,335.689
svn,sex_m,age_aggregate_y25_54,eco_aggregate_total,2022,335.644
svn,sex_m,age_aggregate_y25_54,eco_aggregate_total,2023,334.241
svn,sex_m,age_aggregate_y25_54,eco_aggregate_x,1996,0.325
svn,sex_m,age_aggregate_y25_54,eco_aggregate_x,1997,1.08
svn,sex_m,age_aggregate_y25_54,eco_aggregate_x,1998,1.501
svn,sex_m,age_aggregate_y25_54,eco_aggregate_x,1999,1.671
svn,sex_m,age_aggregate_y25_54,eco_aggregate_x,2000,2.445
svn,sex_m,age_aggregate_y25_54,eco_aggregate_x,2001,4.34
svn,sex_m,age_aggregate_y25_54,eco_aggregate_x,2002,2.23
svn,sex_m,age_aggregate_y25_54,eco_aggregate_x,2003,1.977
svn,sex_m,age_aggregate_y25_54,eco_aggregate_x,2004,4.443
svn,sex_m,age_aggregate_y25_54,eco_aggregate_x,2005,1.758
svn,sex_m,age_aggregate_y25_54,eco_aggregate_x,2006,1.301
svn,sex_m,age_aggregate_y25_54,eco_aggregate_x,2007,2.836
svn,sex_m,age_aggregate_y25_54,eco_aggregate_x,2008,1.41
svn,sex_m,age_aggregate_y25_54,eco_aggregate_x,2009,1.947
svn,sex_m,age_aggregate_y25_54,eco_aggregate_x,2010,1.35
svn,sex_m,age_aggregate_y25_54,eco_aggregate_x,2011,1.439
svn,sex_m,age_aggregate_y25_54,eco_aggregate_x,2012,1.658
svn,sex_m,age_aggregate_y25_54,eco_aggregate_x,2013,2.01
svn,sex_m,age_aggregate_y25_54,eco_aggregate_x,2014,1.646
svn,sex_m,age_aggregate_y25_54,eco_aggregate_x,2015,4.146
svn,sex_m,age_aggregate_y25_54,eco_aggregate_x,2016,3.006
svn,sex_m,age_aggregate_y25_54,eco_aggregate_x,2017,1.713
svn,sex_m,age_aggregate_y25_54,eco_aggregate_x,2018,1.963
svn,sex_m,age_aggregate_y25_54,eco_aggregate_x,2019,1.677
svn,sex_m,age_aggregate_y25_54,eco_aggregate_x,2020,1.524
svn,sex_m,age_aggregate_y25_54,eco_aggregate_x,2021,1.925
svn,sex_m,age_aggregate_y25_54,eco_aggregate_x,2022,1.744
svn,sex_m,age_aggregate_y25_54,eco_aggregate_x,2023,1.455
svn,sex_m,age_aggregate_y25_54,eco_isic3_a,1996,6.922
svn,sex_m,age_aggregate_y25_54,eco_isic3_a,1997,6.201
svn,sex_m,age_aggregate_y25_54,eco_isic3_a,1998,3.976
svn,sex_m,age_aggregate_y25_54,eco_isic3_a,1999,4.567
svn,sex_m,age_aggregate_y25_54,eco_isic3_a,2000,5.103
svn,sex_m,age_aggregate_y25_54,eco_isic3_a,2001,5.406
svn,sex_m,age_aggregate_y25_54,eco_isic3_a,2002,6.394
svn,sex_m,age_aggregate_y25_54,eco_isic3_a,2003,5.321
svn,sex_m,age_aggregate_y25_54,eco_isic3_a,2004,6.402
svn,sex_m,age_aggregate_y25_54,eco_isic3_a,2005,5.549
svn,sex_m,age_aggregate_y25_54,eco_isic3_a,2006,6.707
svn,sex_m,age_aggregate_y25_54,eco_isic3_a,2007,6.287
svn,sex_m,age_aggregate_y25_54,eco_isic3_b,2005,0.139
svn,sex_m,age_aggregate_y25_54,eco_isic3_b,2007,0.166
svn,sex_m,age_aggregate_y25_54,eco_isic3_c,1996,7.72
svn,sex_m,age_aggregate_y25_54,eco_isic3_c,1997,5.673
svn,sex_m,age_aggregate_y25_54,eco_isic3_c,1998,6.79
svn,sex_m,age_aggregate_y25_54,eco_isic3_c,1999,5.738
svn,sex_m,age_aggregate_y25_54,eco_isic3_c,2000,5.991
svn,sex_m,age_aggregate_y25_54,eco_isic3_c,2001,4.758
svn,sex_m,age_aggregate_y25_54,eco_isic3_c,2002,3.162
svn,sex_m,age_aggregate_y25_54,eco_isic3_c,2003,5.032
svn,sex_m,age_aggregate_y25_54,eco_isic3_c,2004,4.652
svn,sex_m,age_aggregate_y25_54,eco_isic3_c,2005,4.961
svn,sex_m,age_aggregate_y25_54,eco_isic3_c,2006,4.413
svn,sex_m,age_aggregate_y25_54,eco_isic3_c,2007,3.564
svn,sex_m,age_aggregate_y25_54,eco_isic3_d,1996,130.923
svn,sex_m,age_aggregate_y25_54,eco_isic3_d,1997,130.003
svn,sex_m,age_aggregate_y25_54,eco_isic3_d,1998,132.19
svn,sex_m,age_aggregate_y25_54,eco_isic3_d,1999,129.744
svn,sex_m,age_aggregate_y25_54,eco_isic3_d,2000,124.394
svn,sex_m,age_aggregate_y25_54,eco_isic3_d,2001,128.956
svn,sex_m,age_aggregate_y25_54,eco_isic3_d,2002,131.744
svn,sex_m,age_aggregate_y25_54,eco_isic3_d,2003,131.977
svn,sex_m,age_aggregate_y25_54,eco_isic3_d,2004,129.512
svn,sex_m,age_aggregate_y25_54,eco_isic3_d,2005,132.893
svn,sex_m,age_aggregate_y25_54,eco_isic3_d,2006,127.926
svn,sex_m,age_aggregate_y25_54,eco_isic3_d,2007,131.525
svn,sex_m,age_aggregate_y25_54,eco_isic3_e,1996,8.884
svn,sex_m,age_aggregate_y25_54,eco_isic3_e,1997,8.984
svn,sex_m,age_aggregate_y25_54,eco_isic3_e,1998,5.605
svn,sex_m,age_aggregate_y25_54,eco_isic3_e,1999,5.594
svn,sex_m,age_aggregate_y25_54,eco_isic3_e,2000,7.153
svn,sex_m,age_aggregate_y25_54,eco_isic3_e,2001,8.51
svn,sex_m,age_aggregate_y25_54,eco_isic3_e,2002,7.696
svn,sex_m,age_aggregate_y25_54,eco_isic3_e,2003,6.089
svn,sex_m,age_aggregate_y25_54,eco_isic3_e,2004,6.89
svn,sex_m,age_aggregate_y25_54,eco_isic3_e,2005,5.963
svn,sex_m,age_aggregate_y25_54,eco_isic3_e,2006,6.477
svn,sex_m,age_aggregate_y25_54,eco_isic3_e,2007,6.768
svn,sex_m,age_aggregate_y25_54,eco_isic3_f,1996,26.166
svn,sex_m,age_aggregate_y25_54,eco_isic3_f,1997,31.199
svn,sex_m,age_aggregate_y25_54,eco_isic3_f,1998,29.255
svn,sex_m,age_aggregate_y25_54,eco_isic3_f,1999,25.822
svn,sex_m,age_aggregate_y25_54,eco_isic3_f,2000,28.479
svn,sex_m,age_aggregate_y25_54,eco_isic3_f,2001,32.817
svn,sex_m,age_aggregate_y25_54,eco_isic3_f,2002,31.613
svn,sex_m,age_aggregate_y25_54,eco_isic3_f,2003,33.323
svn,sex_m,age_aggregate_y25_54,eco_isic3_f,2004,32.804
svn,sex_m,age_aggregate_y25_54,eco_isic3_f,2005,35.211
svn,sex_m,age_aggregate_y25_54,eco_isic3_f,2006,31.79
svn,sex_m,age_aggregate_y25_54,eco_isic3_f,2007,33.326
svn,sex_m,age_aggregate_y25_54,eco_isic3_g,1996,29.473
svn,sex_m,age_aggregate_y25_54,eco_isic3_g,1997,29.109
svn,sex_m,age_aggregate_y25_54,eco_isic3_g,1998,33.01
svn,sex_m,age_aggregate_y25_54,eco_isic3_g,1999,33.968
svn,sex_m,age_aggregate_y25_54,eco_isic3_g,2000,38.395
svn,sex_m,age_aggregate_y25_54,eco_isic3_g,2001,37.739
svn,sex_m,age_aggregate_y25_54,eco_isic3_g,2002,36.945
svn,sex_m,age_aggregate_y25_54,eco_isic3_g,2003,38.19
svn,sex_m,age_aggregate_y25_54,eco_isic3_g,2004,36.079
svn,sex_m,age_aggregate_y25_54,eco_isic3_g,2005,36.585
svn,sex_m,age_aggregate_y25_54,eco_isic3_g,2006,39.358
svn,sex_m,age_aggregate_y25_54,eco_isic3_g,2007,37.662
svn,sex_m,age_aggregate_y25_54,eco_isic3_h,1996,6.319
svn,sex_m,age_aggregate_y25_54,eco_isic3_h,1997,8.021
svn,sex_m,age_aggregate_y25_54,eco_isic3_h,1998,8.284
svn,sex_m,age_aggregate_y25_54,eco_isic3_h,1999,7.218
svn,sex_m,age_aggregate_y25_54,eco_isic3_h,2000,7.864
svn,sex_m,age_aggregate_y25_54,eco_isic3_h,2001,6.159
svn,sex_m,age_aggregate_y25_54,eco_isic3_h,2002,7.382
svn,sex_m,age_aggregate_y25_54,eco_isic3_h,2003,7.135
svn,sex_m,age_aggregate_y25_54,eco_isic3_h,2004,7.937
svn,sex_m,age_aggregate_y25_54,eco_isic3_h,2005,8.584
svn,sex_m,age_aggregate_y25_54,eco_isic3_h,2006,7.154
svn,sex_m,age_aggregate_y25_54,eco_isic3_h,2007,8.091
svn,sex_m,age_aggregate_y25_54,eco_isic3_i,1996,27.95
svn,sex_m,age_aggregate_y25_54,eco_isic3_i,1997,28.767
svn,sex_m,age_aggregate_y25_54,eco_isic3_i,1998,24.448
svn,sex_m,age_aggregate_y25_54,eco_isic3_i,1999,28.665
svn,sex_m,age_aggregate_y25_54,eco_isic3_i,2000,34.182
svn,sex_m,age_aggregate_y25_54,eco_isic3_i,2001,33.126
svn,sex_m,age_aggregate_y25_54,eco_isic3_i,2002,29.33
svn,sex_m,age_aggregate_y25_54,eco_isic3_i,2003,35.394
svn,sex_m,age_aggregate_y25_54,eco_isic3_i,2004,31.224
svn,sex_m,age_aggregate_y25_54,eco_isic3_i,2005,31.065
svn,sex_m,age_aggregate_y25_54,eco_isic3_i,2006,28.859
svn,sex_m,age_aggregate_y25_54,eco_isic3_i,2007,32.992
svn,sex_m,age_aggregate_y25_54,eco_isic3_j,1996,4.392
svn,sex_m,age_aggregate_y25_54,eco_isic3_j,1997,5.148
svn,sex_m,age_aggregate_y25_54,eco_isic3_j,1998,3.517
svn,sex_m,age_aggregate_y25_54,eco_isic3_j,1999,4.058
svn,sex_m,age_aggregate_y25_54,eco_isic3_j,2000,5.925
svn,sex_m,age_aggregate_y25_54,eco_isic3_j,2001,6.964
svn,sex_m,age_aggregate_y25_54,eco_isic3_j,2002,6.821
svn,sex_m,age_aggregate_y25_54,eco_isic3_j,2003,5.405
svn,sex_m,age_aggregate_y25_54,eco_isic3_j,2004,5.886
svn,sex_m,age_aggregate_y25_54,eco_isic3_j,2005,6.472
svn,sex_m,age_aggregate_y25_54,eco_isic3_j,2006,6.697
svn,sex_m,age_aggregate_y25_54,eco_isic3_j,2007,6.111
svn,sex_m,age_aggregate_y25_54,eco_isic3_k,1996,10.421
svn,sex_m,age_aggregate_y25_54,eco_isic3_k,1997,12.129
svn,sex_m,age_aggregate_y25_54,eco_isic3_k,1998,14.932
svn,sex_m,age_aggregate_y25_54,eco_isic3_k,1999,15.035
svn,sex_m,age_aggregate_y25_54,eco_isic3_k,2000,13.419
svn,sex_m,age_aggregate_y25_54,eco_isic3_k,2001,14.612
svn,sex_m,age_aggregate_y25_54,eco_isic3_k,2002,14.666
svn,sex_m,age_aggregate_y25_54,eco_isic3_k,2003,19.164
svn,sex_m,age_aggregate_y25_54,eco_isic3_k,2004,20.204
svn,sex_m,age_aggregate_y25_54,eco_isic3_k,2005,21.113
svn,sex_m,age_aggregate_y25_54,eco_isic3_k,2006,23.502
svn,sex_m,age_aggregate_y25_54,eco_isic3_k,2007,23.014
svn,sex_m,age_aggregate_y25_54,eco_isic3_l,1996,16.736
svn,sex_m,age_aggregate_y25_54,eco_isic3_l,1997,14.235
svn,sex_m,age_aggregate_y25_54,eco_isic3_l,1998,16.926
svn,sex_m,age_aggregate_y25_54,eco_isic3_l,1999,22.591
svn,sex_m,age_aggregate_y25_54,eco_isic3_l,2000,22.886
svn,sex_m,age_aggregate_y25_54,eco_isic3_l,2001,19.426
svn,sex_m,age_aggregate_y25_54,eco_isic3_l,2002,21.069
svn,sex_m,age_aggregate_y25_54,eco_isic3_l,2003,18.572
svn,sex_m,age_aggregate_y25_54,eco_isic3_l,2004,21.87
svn,sex_m,age_aggregate_y25_54,eco_isic3_l,2005,24.398
svn,sex_m,age_aggregate_y25_54,eco_isic3_l,2006,22.983
svn,sex_m,age_aggregate_y25_54,eco_isic3_l,2007,24.119
svn,sex_m,age_aggregate_y25_54,eco_isic3_m,1996,9.506
svn,sex_m,age_aggregate_y25_54,eco_isic3_m,1997,9.197
svn,sex_m,age_aggregate_y25_54,eco_isic3_m,1998,10.621
svn,sex_m,age_aggregate_y25_54,eco_isic3_m,1999,10.424
svn,sex_m,age_aggregate_y25_54,eco_isic3_m,2000,9.495
svn,sex_m,age_aggregate_y25_54,eco_isic3_m,2001,11.865
svn,sex_m,age_aggregate_y25_54,eco_isic3_m,2002,11.691
svn,sex_m,age_aggregate_y25_54,eco_isic3_m,2003,11.937
svn,sex_m,age_aggregate_y25_54,eco_isic3_m,2004,12.426
svn,sex_m,age_aggregate_y25_54,eco_isic3_m,2005,12.361
svn,sex_m,age_aggregate_y25_54,eco_isic3_m,2006,13.494
svn,sex_m,age_aggregate_y25_54,eco_isic3_m,2007,12.907
svn,sex_m,age_aggregate_y25_54,eco_isic3_n,1996,6.544
svn,sex_m,age_aggregate_y25_54,eco_isic3_n,1997,5.917
svn,sex_m,age_aggregate_y25_54,eco_isic3_n,1998,6.664
svn,sex_m,age_aggregate_y25_54,eco_isic3_n,1999,6.012
svn,sex_m,age_aggregate_y25_54,eco_isic3_n,2000,7.607
svn,sex_m,age_aggregate_y25_54,eco_isic3_n,2001,7.304
svn,sex_m,age_aggregate_y25_54,eco_isic3_n,2002,8.695
svn,sex_m,age_aggregate_y25_54,eco_isic3_n,2003,7.581
svn,sex_m,age_aggregate_y25_54,eco_isic3_n,2004,5.409
svn,sex_m,age_aggregate_y25_54,eco_isic3_n,2005,6.737
svn,sex_m,age_aggregate_y25_54,eco_isic3_n,2006,8.079
svn,sex_m,age_aggregate_y25_54,eco_isic3_n,2007,7.635
svn,sex_m,age_aggregate_y25_54,eco_isic3_o,1996,9.895
svn,sex_m,age_aggregate_y25_54,eco_isic3_o,1997,10.744
svn,sex_m,age_aggregate_y25_54,eco_isic3_o,1998,11.387
svn,sex_m,age_aggregate_y25_54,eco_isic3_o,1999,11.84
svn,sex_m,age_aggregate_y25_54,eco_isic3_o,2000,11.469
svn,sex_m,age_aggregate_y25_54,eco_isic3_o,2001,11.602
svn,sex_m,age_aggregate_y25_54,eco_isic3_o,2002,11.249
svn,sex_m,age_aggregate_y25_54,eco_isic3_o,2003,12.3
svn,sex_m,age_aggregate_y25_54,eco_isic3_o,2004,14.752
svn,sex_m,age_aggregate_y25_54,eco_isic3_o,2005,11.756
svn,sex_m,age_aggregate_y25_54,eco_isic3_o,2006,13.39
svn,sex_m,age_aggregate_y25_54,eco_isic3_o,2007,14.579
svn,sex_m,age_aggregate_y25_54,eco_isic3_total,1996,302.349
svn,sex_m,age_aggregate_y25_54,eco_isic3_total,1997,307.188
svn,sex_m,age_aggregate_y25_54,eco_isic3_total,1998,309.175
svn,sex_m,age_aggregate_y25_54,eco_isic3_total,1999,313.326
svn,sex_m,age_aggregate_y25_54,eco_isic3_total,2000,324.864
svn,sex_m,age_aggregate_y25_54,eco_isic3_total,2001,333.69
svn,sex_m,age_aggregate_y25_54,eco_isic3_total,2002,330.964
svn,sex_m,age_aggregate_y25_54,eco_isic3_total,2003,339.548
svn,sex_m,age_aggregate_y25_54,eco_isic3_total,2004,340.733
svn,sex_m,age_aggregate_y25_54,eco_isic3_total,2005,345.545
svn,sex_m,age_aggregate_y25_54,eco_isic3_total,2006,342.205
svn,sex_m,age_aggregate_y25_54,eco_isic3_total,2007,351.617
svn,sex_m,age_aggregate_y25_54,eco_isic3_x,1996,0.325
svn,sex_m,age_aggregate_y25_54,eco_isic3_x,1997,1.08
svn,sex_m,age_aggregate_y25_54,eco_isic3_x,1998,1.501
svn,sex_m,age_aggregate_y25_54,eco_isic3_x,1999,1.671
svn,sex_m,age_aggregate_y25_54,eco_isic3_x,2000,2.445
svn,sex_m,age_aggregate_y25_54,eco_isic3_x,2001,4.34
svn,sex_m,age_aggregate_y25_54,eco_isic3_x,2002,2.23
svn,sex_m,age_aggregate_y25_54,eco_isic3_x,2003,1.977
svn,sex_m,age_aggregate_y25_54,eco_isic3_x,2004,4.443
svn,sex_m,age_aggregate_y25_54,eco_isic3_x,2005,1.758
svn,sex_m,age_aggregate_y25_54,eco_isic3_x,2006,1.301
svn,sex_m,age_aggregate_y25_54,eco_isic3_x,2007,2.836
svn,sex_m,age_aggregate_y25_54,eco_isic4_a,2008,6.44
svn,sex_m,age_aggregate_y25_54,eco_isic4_a,2009,5.227
svn,sex_m,age_aggregate_y25_54,eco_isic4_a,2010,5.124
svn,sex_m,age_aggregate_y25_54,eco_isic4_a,2011,5.586
svn,sex_m,age_aggregate_y25_54,eco_isic4_a,2012,5.731
svn,sex_m,age_aggregate_y25_54,eco_isic4_a,2013,4.808
svn,sex_m,age_aggregate_y25_54,eco_isic4_a,2014,4.477
svn,sex_m,age_aggregate_y25_54,eco_isic4_a,2015,5.02
svn,sex_m,age_aggregate_y25_54,eco_isic4_a,2016,4.556
svn,sex_m,age_aggregate_y25_54,eco_isic4_a,2017,4.729
svn,sex_m,age_aggregate_y25_54,eco_isic4_a,2018,4.016
svn,sex_m,age_aggregate_y25_54,eco_isic4_a,2019,2.518
svn,sex_m,age_aggregate_y25_54,eco_isic4_a,2020,2.525
svn,sex_m,age_aggregate_y25_54,eco_isic4_a,2021,2.165
svn,sex_m,age_aggregate_y25_54,eco_isic4_a,2022,2.297
svn,sex_m,age_aggregate_y25_54,eco_isic4_a,2023,2.588
svn,sex_m,age_aggregate_y25_54,eco_isic4_b,2008,3.076
svn,sex_m,age_aggregate_y25_54,eco_isic4_b,2009,2.947
svn,sex_m,age_aggregate_y25_54,eco_isic4_b,2010,3.498
svn,sex_m,age_aggregate_y25_54,eco_isic4_b,2011,4.324
svn,sex_m,age_aggregate_y25_54,eco_isic4_b,2012,3.313
svn,sex_m,age_aggregate_y25_54,eco_isic4_b,2013,3.361
svn,sex_m,age_aggregate_y25_54,eco_isic4_b,2014,2.643
svn,sex_m,age_aggregate_y25_54,eco_isic4_b,2015,2.693
svn,sex_m,age_aggregate_y25_54,eco_isic4_b,2016,2.378
svn,sex_m,age_aggregate_y25_54,eco_isic4_b,2017,1.914
svn,sex_m,age_aggregate_y25_54,eco_isic4_b,2018,2.271
svn,sex_m,age_aggregate_y25_54,eco_isic4_b,2019,3.003
svn,sex_m,age_aggregate_y25_54,eco_isic4_b,2020,2.666
svn,sex_m,age_aggregate_y25_54,eco_isic4_b,2021,1.696
svn,sex_m,age_aggregate_y25_54,eco_isic4_b,2022,1.882
svn,sex_m,age_aggregate_y25_54,eco_isic4_b,2023,2.254
svn,sex_m,age_aggregate_y25_54,eco_isic4_c,2008,128.226
svn,sex_m,age_aggregate_y25_54,eco_isic4_c,2009,116.239
svn,sex_m,age_aggregate_y25_54,eco_isic4_c,2010,112.223
svn,sex_m,age_aggregate_y25_54,eco_isic4_c,2011,112.39
svn,sex_m,age_aggregate_y25_54,eco_isic4_c,2012,108.624
svn,sex_m,age_aggregate_y25_54,eco_isic4_c,2013,105.641
svn,sex_m,age_aggregate_y25_54,eco_isic4_c,2014,105.798
svn,sex_m,age_aggregate_y25_54,eco_isic4_c,2015,110.543
svn,sex_m,age_aggregate_y25_54,eco_isic4_c,2016,117.084
svn,sex_m,age_aggregate_y25_54,eco_isic4_c,2017,120.684
svn,sex_m,age_aggregate_y25_54,eco_isic4_c,2018,119.955
svn,sex_m,age_aggregate_y25_54,eco_isic4_c,2019,127.465
svn,sex_m,age_aggregate_y25_54,eco_isic4_c,2020,129.147
svn,sex_m,age_aggregate_y25_54,eco_isic4_c,2021,109.21
svn,sex_m,age_aggregate_y25_54,eco_isic4_c,2022,108.851
svn,sex_m,age_aggregate_y25_54,eco_isic4_c,2023,108.676
svn,sex_m,age_aggregate_y25_54,eco_isic4_d,2008,6.406
svn,sex_m,age_aggregate_y25_54,eco_isic4_d,2009,5.363
svn,sex_m,age_aggregate_y25_54,eco_isic4_d,2010,4.902
svn,sex_m,age_aggregate_y25_54,eco_isic4_d,2011,5.365
svn,sex_m,age_aggregate_y25_54,eco_isic4_d,2012,5.474
svn,sex_m,age_aggregate_y25_54,eco_isic4_d,2013,5.691
svn,sex_m,age_aggregate_y25_54,eco_isic4_d,2014,7.296
svn,sex_m,age_aggregate_y25_54,eco_isic4_d,2015,6.469
svn,sex_m,age_aggregate_y25_54,eco_isic4_d,2016,4.949
svn,sex_m,age_aggregate_y25_54,eco_isic4_d,2017,5.15
svn,sex_m,age_aggregate_y25_54,eco_isic4_d,2018,5.576
svn,sex_m,age_aggregate_y25_54,eco_isic4_d,2019,5.982
svn,sex_m,age_aggregate_y25_54,eco_isic4_d,2020,6.993
svn,sex_m,age_aggregate_y25_54,eco_isic4_d,2021,5.896
svn,sex_m,age_aggregate_y25_54,eco_isic4_d,2022,5.547
svn,sex_m,age_aggregate_y25_54,eco_isic4_d,2023,4.785
svn,sex_m,age_aggregate_y25_54,eco_isic4_e,2008,4.767
svn,sex_m,age_aggregate_y25_54,eco_isic4_e,2009,5.814
svn,sex_m,age_aggregate_y25_54,eco_isic4_e,2010,6.786
svn,sex_m,age_aggregate_y25_54,eco_isic4_e,2011,6.894
svn,sex_m,age_aggregate_y25_54,eco_isic4_e,2012,5.964
svn,sex_m,age_aggregate_y25_54,eco_isic4_e,2013,5.309
svn,sex_m,age_aggregate_y25_54,eco_isic4_e,2014,6.01
svn,sex_m,age_aggregate_y25_54,eco_isic4_e,2015,5.929
svn,sex_m,age_aggregate_y25_54,eco_isic4_e,2016,6.017
svn,sex_m,age_aggregate_y25_54,eco_isic4_e,2017,6.082
svn,sex_m,age_aggregate_y25_54,eco_isic4_e,2018,8.023
svn,sex_m,age_aggregate_y25_54,eco_isic4_e,2019,7.103
svn,sex_m,age_aggregate_y25_54,eco_isic4_e,2020,6.633
svn,sex_m,age_aggregate_y25_54,eco_isic4_e,2021,6.313
svn,sex_m,age_aggregate_y25_54,eco_isic4_e,2022,7.478
svn,sex_m,age_aggregate_y25_54,eco_isic4_e,2023,8.717
svn,sex_m,age_aggregate_y25_54,eco_isic4_f,2008,37.275
svn,sex_m,age_aggregate_y25_54,eco_isic4_f,2009,33.163
svn,sex_m,age_aggregate_y25_54,eco_isic4_f,2010,30.663
svn,sex_m,age_aggregate_y25_54,eco_isic4_f,2011,30.032
svn,sex_m,age_aggregate_y25_54,eco_isic4_f,2012,31.182
svn,sex_m,age_aggregate_y25_54,eco_isic4_f,2013,30.332
svn,sex_m,age_aggregate_y25_54,eco_isic4_f,2014,30.194
svn,sex_m,age_aggregate_y25_54,eco_isic4_f,2015,30.167
svn,sex_m,age_aggregate_y25_54,eco_isic4_f,2016,29.305
svn,sex_m,age_aggregate_y25_54,eco_isic4_f,2017,30.975
svn,sex_m,age_aggregate_y25_54,eco_isic4_f,2018,29.166
svn,sex_m,age_aggregate_y25_54,eco_isic4_f,2019,30.716
svn,sex_m,age_aggregate_y25_54,eco_isic4_f,2020,31.873
svn,sex_m,age_aggregate_y25_54,eco_isic4_f,2021,26.086
svn,sex_m,age_aggregate_y25_54,eco_isic4_f,2022,26.31
svn,sex_m,age_aggregate_y25_54,eco_isic4_f,2023,31.82
svn,sex_m,age_aggregate_y25_54,eco_isic4_g,2008,37.751
svn,sex_m,age_aggregate_y25_54,eco_isic4_g,2009,36.842
svn,sex_m,age_aggregate_y25_54,eco_isic4_g,2010,34.218
svn,sex_m,age_aggregate_y25_54,eco_isic4_g,2011,33.004
svn,sex_m,age_aggregate_y25_54,eco_isic4_g,2012,38.878
svn,sex_m,age_aggregate_y25_54,eco_isic4_g,2013,39.929
svn,sex_m,age_aggregate_y25_54,eco_isic4_g,2014,35.85
svn,sex_m,age_aggregate_y25_54,eco_isic4_g,2015,34.491
svn,sex_m,age_aggregate_y25_54,eco_isic4_g,2016,35.122
svn,sex_m,age_aggregate_y25_54,eco_isic4_g,2017,35.509
svn,sex_m,age_aggregate_y25_54,eco_isic4_g,2018,35.031
svn,sex_m,age_aggregate_y25_54,eco_isic4_g,2019,37.144
svn,sex_m,age_aggregate_y25_54,eco_isic4_g,2020,36.155
svn,sex_m,age_aggregate_y25_54,eco_isic4_g,2021,38.019
svn,sex_m,age_aggregate_y25_54,eco_isic4_g,2022,37.934
svn,sex_m,age_aggregate_y25_54,eco_isic4_g,2023,42.021
svn,sex_m,age_aggregate_y25_54,eco_isic4_h,2008,32.858
svn,sex_m,age_aggregate_y25_54,eco_isic4_h,2009,32.597
svn,sex_m,age_aggregate_y25_54,eco_isic4_h,2010,29.45
svn,sex_m,age_aggregate_y25_54,eco_isic4_h,2011,29.845
svn,sex_m,age_aggregate_y25_54,eco_isic4_h,2012,30.149
svn,sex_m,age_aggregate_y25_54,eco_isic4_h,2013,28.238
svn,sex_m,age_aggregate_y25_54,eco_isic4_h,2014,25.249
svn,sex_m,age_aggregate_y25_54,eco_isic4_h,2015,26.694
svn,sex_m,age_aggregate_y25_54,eco_isic4_h,2016,25.722
svn,sex_m,age_aggregate_y25_54,eco_isic4_h,2017,27.097
svn,sex_m,age_aggregate_y25_54,eco_isic4_h,2018,28.309
svn,sex_m,age_aggregate_y25_54,eco_isic4_h,2019,28.051
svn,sex_m,age_aggregate_y25_54,eco_isic4_h,2020,30.473
svn,sex_m,age_aggregate_y25_54,eco_isic4_h,2021,25.515
svn,sex_m,age_aggregate_y25_54,eco_isic4_h,2022,25.041
svn,sex_m,age_aggregate_y25_54,eco_isic4_h,2023,24.416
svn,sex_m,age_aggregate_y25_54,eco_isic4_i,2008,9.759
svn,sex_m,age_aggregate_y25_54,eco_isic4_i,2009,8.517
svn,sex_m,age_aggregate_y25_54,eco_isic4_i,2010,11.391
svn,sex_m,age_aggregate_y25_54,eco_isic4_i,2011,9.188
svn,sex_m,age_aggregate_y25_54,eco_isic4_i,2012,7.908
svn,sex_m,age_aggregate_y25_54,eco_isic4_i,2013,7.233
svn,sex_m,age_aggregate_y25_54,eco_isic4_i,2014,9.554
svn,sex_m,age_aggregate_y25_54,eco_isic4_i,2015,11.792
svn,sex_m,age_aggregate_y25_54,eco_isic4_i,2016,8.267
svn,sex_m,age_aggregate_y25_54,eco_isic4_i,2017,8.38
svn,sex_m,age_aggregate_y25_54,eco_isic4_i,2018,9.896
svn,sex_m,age_aggregate_y25_54,eco_isic4_i,2019,8.647
svn,sex_m,age_aggregate_y25_54,eco_isic4_i,2020,6.692
svn,sex_m,age_aggregate_y25_54,eco_isic4_i,2021,7.139
svn,sex_m,age_aggregate_y25_54,eco_isic4_i,2022,8.798
svn,sex_m,age_aggregate_y25_54,eco_isic4_i,2023,9.727
svn,sex_m,age_aggregate_y25_54,eco_isic4_j,2008,13.782
svn,sex_m,age_aggregate_y25_54,eco_isic4_j,2009,14.681
svn,sex_m,age_aggregate_y25_54,eco_isic4_j,2010,14.532
svn,sex_m,age_aggregate_y25_54,eco_isic4_j,2011,15.112
svn,sex_m,age_aggregate_y25_54,eco_isic4_j,2012,14.27
svn,sex_m,age_aggregate_y25_54,eco_isic4_j,2013,14.33
svn,sex_m,age_aggregate_y25_54,eco_isic4_j,2014,13.838
svn,sex_m,age_aggregate_y25_54,eco_isic4_j,2015,15.235
svn,sex_m,age_aggregate_y25_54,eco_isic4_j,2016,14.29
svn,sex_m,age_aggregate_y25_54,eco_isic4_j,2017,16.471
svn,sex_m,age_aggregate_y25_54,eco_isic4_j,2018,15.156
svn,sex_m,age_aggregate_y25_54,eco_isic4_j,2019,14.206
svn,sex_m,age_aggregate_y25_54,eco_isic4_j,2020,19.48
svn,sex_m,age_aggregate_y25_54,eco_isic4_j,2021,16.576
svn,sex_m,age_aggregate_y25_54,eco_isic4_j,2022,15.751
svn,sex_m,age_aggregate_y25_54,eco_isic4_j,2023,13.127
svn,sex_m,age_aggregate_y25_54,eco_isic4_k,2008,6.009
svn,sex_m,age_aggregate_y25_54,eco_isic4_k,2009,7.293
svn,sex_m,age_aggregate_y25_54,eco_isic4_k,2010,6.884
svn,sex_m,age_aggregate_y25_54,eco_isic4_k,2011,8.869
svn,sex_m,age_aggregate_y25_54,eco_isic4_k,2012,8.317
svn,sex_m,age_aggregate_y25_54,eco_isic4_k,2013,7.333
svn,sex_m,age_aggregate_y25_54,eco_isic4_k,2014,7.463
svn,sex_m,age_aggregate_y25_54,eco_isic4_k,2015,6.213
svn,sex_m,age_aggregate_y25_54,eco_isic4_k,2016,6.86
svn,sex_m,age_aggregate_y25_54,eco_isic4_k,2017,6.374
svn,sex_m,age_aggregate_y25_54,eco_isic4_k,2018,8.185
svn,sex_m,age_aggregate_y25_54,eco_isic4_k,2019,7.72
svn,sex_m,age_aggregate_y25_54,eco_isic4_k,2020,7.857
svn,sex_m,age_aggregate_y25_54,eco_isic4_k,2021,8.096
svn,sex_m,age_aggregate_y25_54,eco_isic4_k,2022,7.425
svn,sex_m,age_aggregate_y25_54,eco_isic4_k,2023,5.528
svn,sex_m,age_aggregate_y25_54,eco_isic4_l,2008,0.542
svn,sex_m,age_aggregate_y25_54,eco_isic4_l,2009,0.496
svn,sex_m,age_aggregate_y25_54,eco_isic4_l,2010,0.382
svn,sex_m,age_aggregate_y25_54,eco_isic4_l,2011,1.181
svn,sex_m,age_aggregate_y25_54,eco_isic4_l,2012,1.138
svn,sex_m,age_aggregate_y25_54,eco_isic4_l,2013,1.497
svn,sex_m,age_aggregate_y25_54,eco_isic4_l,2014,1.186
svn,sex_m,age_aggregate_y25_54,eco_isic4_l,2015,0.724
svn,sex_m,age_aggregate_y25_54,eco_isic4_l,2016,0.559
svn,sex_m,age_aggregate_y25_54,eco_isic4_l,2017,0.815
svn,sex_m,age_aggregate_y25_54,eco_isic4_l,2018,0.726
svn,sex_m,age_aggregate_y25_54,eco_isic4_l,2019,0.595
svn,sex_m,age_aggregate_y25_54,eco_isic4_l,2020,0.856
svn,sex_m,age_aggregate_y25_54,eco_isic4_l,2021,1.622
svn,sex_m,age_aggregate_y25_54,eco_isic4_l,2022,1.783
svn,sex_m,age_aggregate_y25_54,eco_isic4_l,2023,1.471
svn,sex_m,age_aggregate_y25_54,eco_isic4_m,2008,10.608
svn,sex_m,age_aggregate_y25_54,eco_isic4_m,2009,12.423
svn,sex_m,age_aggregate_y25_54,eco_isic4_m,2010,12.565
svn,sex_m,age_aggregate_y25_54,eco_isic4_m,2011,10.284
svn,sex_m,age_aggregate_y25_54,eco_isic4_m,2012,12.654
svn,sex_m,age_aggregate_y25_54,eco_isic4_m,2013,12.101
svn,sex_m,age_aggregate_y25_54,eco_isic4_m,2014,11.609
svn,sex_m,age_aggregate_y25_54,eco_isic4_m,2015,10.584
svn,sex_m,age_aggregate_y25_54,eco_isic4_m,2016,8.409
svn,sex_m,age_aggregate_y25_54,eco_isic4_m,2017,11.009
svn,sex_m,age_aggregate_y25_54,eco_isic4_m,2018,12.719
svn,sex_m,age_aggregate_y25_54,eco_isic4_m,2019,12.49
svn,sex_m,age_aggregate_y25_54,eco_isic4_m,2020,13.535
svn,sex_m,age_aggregate_y25_54,eco_isic4_m,2021,19.814
svn,sex_m,age_aggregate_y25_54,eco_isic4_m,2022,18.238
svn,sex_m,age_aggregate_y25_54,eco_isic4_m,2023,18.47
svn,sex_m,age_aggregate_y25_54,eco_isic4_n,2008,6.785
svn,sex_m,age_aggregate_y25_54,eco_isic4_n,2009,7.693
svn,sex_m,age_aggregate_y25_54,eco_isic4_n,2010,7.318
svn,sex_m,age_aggregate_y25_54,eco_isic4_n,2011,6.349
svn,sex_m,age_aggregate_y25_54,eco_isic4_n,2012,7.953
svn,sex_m,age_aggregate_y25_54,eco_isic4_n,2013,6.345
svn,sex_m,age_aggregate_y25_54,eco_isic4_n,2014,6.73
svn,sex_m,age_aggregate_y25_54,eco_isic4_n,2015,6.066
svn,sex_m,age_aggregate_y25_54,eco_isic4_n,2016,7.918
svn,sex_m,age_aggregate_y25_54,eco_isic4_n,2017,7.455
svn,sex_m,age_aggregate_y25_54,eco_isic4_n,2018,7.664
svn,sex_m,age_aggregate_y25_54,eco_isic4_n,2019,8.055
svn,sex_m,age_aggregate_y25_54,eco_isic4_n,2020,6.42
svn,sex_m,age_aggregate_y25_54,eco_isic4_n,2021,9.94
svn,sex_m,age_aggregate_y25_54,eco_isic4_n,2022,10.735
svn,sex_m,age_aggregate_y25_54,eco_isic4_n,2023,11.084
svn,sex_m,age_aggregate_y25_54,eco_isic4_o,2008,24.289
svn,sex_m,age_aggregate_y25_54,eco_isic4_o,2009,24.073
svn,sex_m,age_aggregate_y25_54,eco_isic4_o,2010,25.368
svn,sex_m,age_aggregate_y25_54,eco_isic4_o,2011,24.994
svn,sex_m,age_aggregate_y25_54,eco_isic4_o,2012,23.84
svn,sex_m,age_aggregate_y25_54,eco_isic4_o,2013,22.681
svn,sex_m,age_aggregate_y25_54,eco_isic4_o,2014,23.536
svn,sex_m,age_aggregate_y25_54,eco_isic4_o,2015,24.043
svn,sex_m,age_aggregate_y25_54,eco_isic4_o,2016,21.327
svn,sex_m,age_aggregate_y25_54,eco_isic4_o,2017,21.303
svn,sex_m,age_aggregate_y25_54,eco_isic4_o,2018,20.978
svn,sex_m,age_aggregate_y25_54,eco_isic4_o,2019,21.007
svn,sex_m,age_aggregate_y25_54,eco_isic4_o,2020,20.009
svn,sex_m,age_aggregate_y25_54,eco_isic4_o,2021,22.262
svn,sex_m,age_aggregate_y25_54,eco_isic4_o,2022,20.768
svn,sex_m,age_aggregate_y25_54,eco_isic4_o,2023,18.652
svn,sex_m,age_aggregate_y25_54,eco_isic4_p,2008,12.834
svn,sex_m,age_aggregate_y25_54,eco_isic4_p,2009,11.534
svn,sex_m,age_aggregate_y25_54,eco_isic4_p,2010,12.437
svn,sex_m,age_aggregate_y25_54,eco_isic4_p,2011,12.497
svn,sex_m,age_aggregate_y25_54,eco_isic4_p,2012,12.42
svn,sex_m,age_aggregate_y25_54,eco_isic4_p,2013,12.706
svn,sex_m,age_aggregate_y25_54,eco_isic4_p,2014,14.654
svn,sex_m,age_aggregate_y25_54,eco_isic4_p,2015,13.69
svn,sex_m,age_aggregate_y25_54,eco_isic4_p,2016,12.877
svn,sex_m,age_aggregate_y25_54,eco_isic4_p,2017,12.629
svn,sex_m,age_aggregate_y25_54,eco_isic4_p,2018,12.584
svn,sex_m,age_aggregate_y25_54,eco_isic4_p,2019,11.653
svn,sex_m,age_aggregate_y25_54,eco_isic4_p,2020,11.832
svn,sex_m,age_aggregate_y25_54,eco_isic4_p,2021,12.826
svn,sex_m,age_aggregate_y25_54,eco_isic4_p,2022,15.06
svn,sex_m,age_aggregate_y25_54,eco_isic4_p,2023,10.696
svn,sex_m,age_aggregate_y25_54,eco_isic4_q,2008,8.238
svn,sex_m,age_aggregate_y25_54,eco_isic4_q,2009,8.972
svn,sex_m,age_aggregate_y25_54,eco_isic4_q,2010,8.018
svn,sex_m,age_aggregate_y25_54,eco_isic4_q,2011,7.14
svn,sex_m,age_aggregate_y25_54,eco_isic4_q,2012,6.904
svn,sex_m,age_aggregate_y25_54,eco_isic4_q,2013,7.437
svn,sex_m,age_aggregate_y25_54,eco_isic4_q,2014,8.752
svn,sex_m,age_aggregate_y25_54,eco_isic4_q,2015,9.034
svn,sex_m,age_aggregate_y25_54,eco_isic4_q,2016,11.357
svn,sex_m,age_aggregate_y25_54,eco_isic4_q,2017,11.735
svn,sex_m,age_aggregate_y25_54,eco_isic4_q,2018,9.327
svn,sex_m,age_aggregate_y25_54,eco_isic4_q,2019,9.41
svn,sex_m,age_aggregate_y25_54,eco_isic4_q,2020,10.614
svn,sex_m,age_aggregate_y25_54,eco_isic4_q,2021,12.62
svn,sex_m,age_aggregate_y25_54,eco_isic4_q,2022,12.088
svn,sex_m,age_aggregate_y25_54,eco_isic4_q,2023,12.066
svn,sex_m,age_aggregate_y25_54,eco_isic4_r,2008,6.255
svn,sex_m,age_aggregate_y25_54,eco_isic4_r,2009,4.326
svn,sex_m,age_aggregate_y25_54,eco_isic4_r,2010,4.906
svn,sex_m,age_aggregate_y25_54,eco_isic4_r,2011,4.312
svn,sex_m,age_aggregate_y25_54,eco_isic4_r,2012,4.403
svn,sex_m,age_aggregate_y25_54,eco_isic4_r,2013,6.124
svn,sex_m,age_aggregate_y25_54,eco_isic4_r,2014,6.552
svn,sex_m,age_aggregate_y25_54,eco_isic4_r,2015,5.114
svn,sex_m,age_aggregate_y25_54,eco_isic4_r,2016,4.518
svn,sex_m,age_aggregate_y25_54,eco_isic4_r,2017,4.536
svn,sex_m,age_aggregate_y25_54,eco_isic4_r,2018,5.864
svn,sex_m,age_aggregate_y25_54,eco_isic4_r,2019,6.059
svn,sex_m,age_aggregate_y25_54,eco_isic4_r,2020,5.533
svn,sex_m,age_aggregate_y25_54,eco_isic4_r,2021,4.624
svn,sex_m,age_aggregate_y25_54,eco_isic4_r,2022,4.58
svn,sex_m,age_aggregate_y25_54,eco_isic4_r,2023,4.17
svn,sex_m,age_aggregate_y25_54,eco_isic4_s,2008,2.228
svn,sex_m,age_aggregate_y25_54,eco_isic4_s,2009,2.628
svn,sex_m,age_aggregate_y25_54,eco_isic4_s,2010,1.798
svn,sex_m,age_aggregate_y25_54,eco_isic4_s,2011,1.159
svn,sex_m,age_aggregate_y25_54,eco_isic4_s,2012,1.367
svn,sex_m,age_aggregate_y25_54,eco_isic4_s,2013,2.156
svn,sex_m,age_aggregate_y25_54,eco_isic4_s,2014,3.103
svn,sex_m,age_aggregate_y25_54,eco_isic4_s,2015,2.565
svn,sex_m,age_aggregate_y25_54,eco_isic4_s,2016,2.527
svn,sex_m,age_aggregate_y25_54,eco_isic4_s,2017,2.895
svn,sex_m,age_aggregate_y25_54,eco_isic4_s,2018,2.5
svn,sex_m,age_aggregate_y25_54,eco_isic4_s,2019,1.736
svn,sex_m,age_aggregate_y25_54,eco_isic4_s,2020,2.144
svn,sex_m,age_aggregate_y25_54,eco_isic4_s,2021,3.196
svn,sex_m,age_aggregate_y25_54,eco_isic4_s,2022,3.116
svn,sex_m,age_aggregate_y25_54,eco_isic4_s,2023,2.062
svn,sex_m,age_aggregate_y25_54,eco_isic4_t,2021,0.149
svn,sex_m,age_aggregate_y25_54,eco_isic4_t,2022,0.22
svn,sex_m,age_aggregate_y25_54,eco_isic4_total,2008,359.721
svn,sex_m,age_aggregate_y25_54,eco_isic4_total,2009,342.775
svn,sex_m,age_aggregate_y25_54,eco_isic4_total,2010,333.813
svn,sex_m,age_aggregate_y25_54,eco_isic4_total,2011,329.964
svn,sex_m,age_aggregate_y25_54,eco_isic4_total,2012,332.144
svn,sex_m,age_aggregate_y25_54,eco_isic4_total,2013,325.29
svn,sex_m,age_aggregate_y25_54,eco_isic4_total,2014,326.14
svn,sex_m,age_aggregate_y25_54,eco_isic4_total,2015,331.215
svn,sex_m,age_aggregate_y25_54,eco_isic4_total,2016,327.048
svn,sex_m,age_aggregate_y25_54,eco_isic4_total,2017,337.456
svn,sex_m,age_aggregate_y25_54,eco_isic4_total,2018,339.909
svn,sex_m,age_aggregate_y25_54,eco_isic4_total,2019,345.238
svn,sex_m,age_aggregate_y25_54,eco_isic4_total,2020,352.959
svn,sex_m,age_aggregate_y25_54,eco_isic4_total,2021,335.689
svn,sex_m,age_aggregate_y25_54,eco_isic4_total,2022,335.644
svn,sex_m,age_aggregate_y25_54,eco_isic4_total,2023,334.241
svn,sex_m,age_aggregate_y25_54,eco_isic4_x,2008,1.41
svn,sex_m,age_aggregate_y25_54,eco_isic4_x,2009,1.947
svn,sex_m,age_aggregate_y25_54,eco_isic4_x,2010,1.35
svn,sex_m,age_aggregate_y25_54,eco_isic4_x,2011,1.439
svn,sex_m,age_aggregate_y25_54,eco_isic4_x,2012,1.658
svn,sex_m,age_aggregate_y25_54,eco_isic4_x,2013,2.01
svn,sex_m,age_aggregate_y25_54,eco_isic4_x,2014,1.646
svn,sex_m,age_aggregate_y25_54,eco_isic4_x,2015,4.146
svn,sex_m,age_aggregate_y25_54,eco_isic4_x,2016,3.006
svn,sex_m,age_aggregate_y25_54,eco_isic4_x,2017,1.713
svn,sex_m,age_aggregate_y25_54,eco_isic4_x,2018,1.963
svn,sex_m,age_aggregate_y25_54,eco_isic4_x,2019,1.677
svn,sex_m,age_aggregate_y25_54,eco_isic4_x,2020,1.524
svn,sex_m,age_aggregate_y25_54,eco_isic4_x,2021,1.925
svn,sex_m,age_aggregate_y25_54,eco_isic4_x,2022,1.744
svn,sex_m,age_aggregate_y25_54,eco_isic4_x,2023,1.455
svn,sex_m,age_aggregate_y25_54,eco_sector_agr,1996,6.922
svn,sex_m,age_aggregate_y25_54,eco_sector_agr,1997,6.379
svn,sex_m,age_aggregate_y25_54,eco_sector_agr,1998,4.046
svn,sex_m,age_aggregate_y25_54,eco_sector_agr,1999,4.865
svn,sex_m,age_aggregate_y25_54,eco_sector_agr,2000,5.16
svn,sex_m,age_aggregate_y25_54,eco_sector_agr,2001,5.406
svn,sex_m,age_aggregate_y25_54,eco_sector_agr,2002,6.459
svn,sex_m,age_aggregate_y25_54,eco_sector_agr,2003,5.472
svn,sex_m,age_aggregate_y25_54,eco_sector_agr,2004,6.578
svn,sex_m,age_aggregate_y25_54,eco_sector_agr,2005,5.688
svn,sex_m,age_aggregate_y25_54,eco_sector_agr,2006,6.755
svn,sex_m,age_aggregate_y25_54,eco_sector_agr,2007,6.453
svn,sex_m,age_aggregate_y25_54,eco_sector_agr,2008,6.44
svn,sex_m,age_aggregate_y25_54,eco_sector_agr,2009,5.227
svn,sex_m,age_aggregate_y25_54,eco_sector_agr,2010,5.124
svn,sex_m,age_aggregate_y25_54,eco_sector_agr,2011,5.586
svn,sex_m,age_aggregate_y25_54,eco_sector_agr,2012,5.731
svn,sex_m,age_aggregate_y25_54,eco_sector_agr,2013,4.808
svn,sex_m,age_aggregate_y25_54,eco_sector_agr,2014,4.477
svn,sex_m,age_aggregate_y25_54,eco_sector_agr,2015,5.02
svn,sex_m,age_aggregate_y25_54,eco_sector_agr,2016,4.556
svn,sex_m,age_aggregate_y25_54,eco_sector_agr,2017,4.729
svn,sex_m,age_aggregate_y25_54,eco_sector_agr,2018,4.016
svn,sex_m,age_aggregate_y25_54,eco_sector_agr,2019,2.518
svn,sex_m,age_aggregate_y25_54,eco_sector_agr,2020,2.525
svn,sex_m,age_aggregate_y25_54,eco_sector_agr,2021,2.165
svn,sex_m,age_aggregate_y25_54,eco_sector_agr,2022,2.297
svn,sex_m,age_aggregate_y25_54,eco_sector_agr,2023,2.588
svn,sex_m,age_aggregate_y25_54,eco_sector_ind,1996,173.693
svn,sex_m,age_aggregate_y25_54,eco_sector_ind,1997,175.859
svn,sex_m,age_aggregate_y25_54,eco_sector_ind,1998,173.839
svn,sex_m,age_aggregate_y25_54,eco_sector_ind,1999,166.897
svn,sex_m,age_aggregate_y25_54,eco_sector_ind,2000,166.017
svn,sex_m,age_aggregate_y25_54,eco_sector_ind,2001,175.041
svn,sex_m,age_aggregate_y25_54,eco_sector_ind,2002,174.215
svn,sex_m,age_aggregate_y25_54,eco_sector_ind,2003,176.421
svn,sex_m,age_aggregate_y25_54,eco_sector_ind,2004,173.857
svn,sex_m,age_aggregate_y25_54,eco_sector_ind,2005,179.027
svn,sex_m,age_aggregate_y25_54,eco_sector_ind,2006,170.606
svn,sex_m,age_aggregate_y25_54,eco_sector_ind,2007,175.183
svn,sex_m,age_aggregate_y25_54,eco_sector_ind,2008,179.749
svn,sex_m,age_aggregate_y25_54,eco_sector_ind,2009,163.526
svn,sex_m,age_aggregate_y25_54,eco_sector_ind,2010,158.072
svn,sex_m,age_aggregate_y25_54,eco_sector_ind,2011,159.005
svn,sex_m,age_aggregate_y25_54,eco_sector_ind,2012,154.558
svn,sex_m,age_aggregate_y25_54,eco_sector_ind,2013,150.334
svn,sex_m,age_aggregate_y25_54,eco_sector_ind,2014,151.941
svn,sex_m,age_aggregate_y25_54,eco_sector_ind,2015,155.801
svn,sex_m,age_aggregate_y25_54,eco_sector_ind,2016,159.733
svn,sex_m,age_aggregate_y25_54,eco_sector_ind,2017,164.806
svn,sex_m,age_aggregate_y25_54,eco_sector_ind,2018,164.991
svn,sex_m,age_aggregate_y25_54,eco_sector_ind,2019,174.269
svn,sex_m,age_aggregate_y25_54,eco_sector_ind,2020,177.311
svn,sex_m,age_aggregate_y25_54,eco_sector_ind,2021,149.202
svn,sex_m,age_aggregate_y25_54,eco_sector_ind,2022,150.067
svn,sex_m,age_aggregate_y25_54,eco_sector_ind,2023,156.252
svn,sex_m,age_aggregate_y25_54,eco_sector_nag,1996,295.427
svn,sex_m,age_aggregate_y25_54,eco_sector_nag,1997,300.809
svn,sex_m,age_aggregate_y25_54,eco_sector_nag,1998,305.129
svn,sex_m,age_aggregate_y25_54,eco_sector_nag,1999,308.461
svn,sex_m,age_aggregate_y25_54,eco_sector_nag,2000,319.704
svn,sex_m,age_aggregate_y25_54,eco_sector_nag,2001,328.284
svn,sex_m,age_aggregate_y25_54,eco_sector_nag,2002,324.505
svn,sex_m,age_aggregate_y25_54,eco_sector_nag,2003,334.076
svn,sex_m,age_aggregate_y25_54,eco_sector_nag,2004,334.155
svn,sex_m,age_aggregate_y25_54,eco_sector_nag,2005,339.857
svn,sex_m,age_aggregate_y25_54,eco_sector_nag,2006,335.45
svn,sex_m,age_aggregate_y25_54,eco_sector_nag,2007,345.164
svn,sex_m,age_aggregate_y25_54,eco_sector_nag,2008,353.281
svn,sex_m,age_aggregate_y25_54,eco_sector_nag,2009,337.548
svn,sex_m,age_aggregate_y25_54,eco_sector_nag,2010,328.688
svn,sex_m,age_aggregate_y25_54,eco_sector_nag,2011,324.378
svn,sex_m,age_aggregate_y25_54,eco_sector_nag,2012,326.413
svn,sex_m,age_aggregate_y25_54,eco_sector_nag,2013,320.482
svn,sex_m,age_aggregate_y25_54,eco_sector_nag,2014,321.663
svn,sex_m,age_aggregate_y25_54,eco_sector_nag,2015,326.195
svn,sex_m,age_aggregate_y25_54,eco_sector_nag,2016,322.492
svn,sex_m,age_aggregate_y25_54,eco_sector_nag,2017,332.727
svn,sex_m,age_aggregate_y25_54,eco_sector_nag,2018,335.893
svn,sex_m,age_aggregate_y25_54,eco_sector_nag,2019,342.72
svn,sex_m,age_aggregate_y25_54,eco_sector_nag,2020,350.433
svn,sex_m,age_aggregate_y25_54,eco_sector_nag,2021,333.524
svn,sex_m,age_aggregate_y25_54,eco_sector_nag,2022,333.347
svn,sex_m,age_aggregate_y25_54,eco_sector_nag,2023,331.653
svn,sex_m,age_aggregate_y25_54,eco_sector_ser,1996,121.409
svn,sex_m,age_aggregate_y25_54,eco_sector_ser,1997,123.87
svn,sex_m,age_aggregate_y25_54,eco_sector_ser,1998,129.789
svn,sex_m,age_aggregate_y25_54,eco_sector_ser,1999,139.893
svn,sex_m,age_aggregate_y25_54,eco_sector_ser,2000,151.243
svn,sex_m,age_aggregate_y25_54,eco_sector_ser,2001,148.904
svn,sex_m,age_aggregate_y25_54,eco_sector_ser,2002,148.06
svn,sex_m,age_aggregate_y25_54,eco_sector_ser,2003,155.678
svn,sex_m,age_aggregate_y25_54,eco_sector_ser,2004,155.855
svn,sex_m,age_aggregate_y25_54,eco_sector_ser,2005,159.071
svn,sex_m,age_aggregate_y25_54,eco_sector_ser,2006,163.542
svn,sex_m,age_aggregate_y25_54,eco_sector_ser,2007,167.145
svn,sex_m,age_aggregate_y25_54,eco_sector_ser,2008,172.121
svn,sex_m,age_aggregate_y25_54,eco_sector_ser,2009,172.076
svn,sex_m,age_aggregate_y25_54,eco_sector_ser,2010,169.266
svn,sex_m,age_aggregate_y25_54,eco_sector_ser,2011,163.934
svn,sex_m,age_aggregate_y25_54,eco_sector_ser,2012,170.198
svn,sex_m,age_aggregate_y25_54,eco_sector_ser,2013,168.137
svn,sex_m,age_aggregate_y25_54,eco_sector_ser,2014,168.076
svn,sex_m,age_aggregate_y25_54,eco_sector_ser,2015,166.248
svn,sex_m,age_aggregate_y25_54,eco_sector_ser,2016,159.753
svn,sex_m,age_aggregate_y25_54,eco_sector_ser,2017,166.209
svn,sex_m,age_aggregate_y25_54,eco_sector_ser,2018,168.938
svn,sex_m,age_aggregate_y25_54,eco_sector_ser,2019,166.774
svn,sex_m,age_aggregate_y25_54,eco_sector_ser,2020,171.598
svn,sex_m,age_aggregate_y25_54,eco_sector_ser,2021,182.396
svn,sex_m,age_aggregate_y25_54,eco_sector_ser,2022,181.536
svn,sex_m,age_aggregate_y25_54,eco_sector_ser,2023,173.946
svn,sex_m,age_aggregate_y25_54,eco_sector_total,1996,302.349
svn,sex_m,age_aggregate_y25_54,eco_sector_total,1997,307.188
svn,sex_m,age_aggregate_y25_54,eco_sector_total,1998,309.175
svn,sex_m,age_aggregate_y25_54,eco_sector_total,1999,313.326
svn,sex_m,age_aggregate_y25_54,eco_sector_total,2000,324.864
svn,sex_m,age_aggregate_y25_54,eco_sector_total,2001,333.69
svn,sex_m,age_aggregate_y25_54,eco_sector_total,2002,330.964
svn,sex_m,age_aggregate_y25_54,eco_sector_total,2003,339.548
svn,sex_m,age_aggregate_y25_54,eco_sector_total,2004,340.733
svn,sex_m,age_aggregate_y25_54,eco_sector_total,2005,345.545
svn,sex_m,age_aggregate_y25_54,eco_sector_total,2006,342.205
svn,sex_m,age_aggregate_y25_54,eco_sector_total,2007,351.617
svn,sex_m,age_aggregate_y25_54,eco_sector_total,2008,359.721
svn,sex_m,age_aggregate_y25_54,eco_sector_total,2009,342.775
svn,sex_m,age_aggregate_y25_54,eco_sector_total,2010,333.813
svn,sex_m,age_aggregate_y25_54,eco_sector_total,2011,329.964
svn,sex_m,age_aggregate_y25_54,eco_sector_total,2012,332.144
svn,sex_m,age_aggregate_y25_54,eco_sector_total,2013,325.29
svn,sex_m,age_aggregate_y25_54,eco_sector_total,2014,326.14
svn,sex_m,age_aggregate_y25_54,eco_sector_total,2015,331.215
svn,sex_m,age_aggregate_y25_54,eco_sector_total,2016,327.048
svn,sex_m,age_aggregate_y25_54,eco_sector_total,2017,337.456
svn,sex_m,age_aggregate_y25_54,eco_sector_total,2018,339.909
svn,sex_m,age_aggregate_y25_54,eco_sector_total,2019,345.238
svn,sex_m,age_aggregate_y25_54,eco_sector_total,2020,352.959
svn,sex_m,age_aggregate_y25_54,eco_sector_total,2021,335.689
svn,sex_m,age_aggregate_y25_54,eco_sector_total,2022,335.644
svn,sex_m,age_aggregate_y25_54,eco_sector_total,2023,334.241
svn,sex_m,age_aggregate_y25_54,eco_sector_x,1996,0.325
svn,sex_m,age_aggregate_y25_54,eco_sector_x,1997,1.08
svn,sex_m,age_aggregate_y25_54,eco_sector_x,1998,1.501
svn,sex_m,age_aggregate_y25_54,eco_sector_x,1999,1.671
svn,sex_m,age_aggregate_y25_54,eco_sector_x,2000,2.445
svn,sex_m,age_aggregate_y25_54,eco_sector_x,2001,4.34
svn,sex_m,age_aggregate_y25_54,eco_sector_x,2002,2.23
svn,sex_m,age_aggregate_y25_54,eco_sector_x,2003,1.977
svn,sex_m,age_aggregate_y25_54,eco_sector_x,2004,4.443
svn,sex_m,age_aggregate_y25_54,eco_sector_x,2005,1.758
svn,sex_m,age_aggregate_y25_54,eco_sector_x,2006,1.301
svn,sex_m,age_aggregate_y25_54,eco_sector_x,2007,2.836
svn,sex_m,age_aggregate_y25_54,eco_sector_x,2008,1.41
svn,sex_m,age_aggregate_y25_54,eco_sector_x,2009,1.947
svn,sex_m,age_aggregate_y25_54,eco_sector_x,2010,1.35
svn,sex_m,age_aggregate_y25_54,eco_sector_x,2011,1.439
svn,sex_m,age_aggregate_y25_54,eco_sector_x,2012,1.658
svn,sex_m,age_aggregate_y25_54,eco_sector_x,2013,2.01
svn,sex_m,age_aggregate_y25_54,eco_sector_x,2014,1.646
svn,sex_m,age_aggregate_y25_54,eco_sector_x,2015,4.146
svn,sex_m,age_aggregate_y25_54,eco_sector_x,2016,3.006
svn,sex_m,age_aggregate_y25_54,eco_sector_x,2017,1.713
svn,sex_m,age_aggregate_y25_54,eco_sector_x,2018,1.963
svn,sex_m,age_aggregate_y25_54,eco_sector_x,2019,1.677
svn,sex_m,age_aggregate_y25_54,eco_sector_x,2020,1.524
svn,sex_m,age_aggregate_y25_54,eco_sector_x,2021,1.925
svn,sex_m,age_aggregate_y25_54,eco_sector_x,2022,1.744
svn,sex_m,age_aggregate_y25_54,eco_sector_x,2023,1.455
svn,sex_m,age_aggregate_y55_64,eco_aggregate_agr,1997,0.637
svn,sex_m,age_aggregate_y55_64,eco_aggregate_agr,1998,0.512
svn,sex_m,age_aggregate_y55_64,eco_aggregate_agr,1999,0.527
svn,sex_m,age_aggregate_y55_64,eco_aggregate_agr,2000,0.529
svn,sex_m,age_aggregate_y55_64,eco_aggregate_agr,2001,0.653
svn,sex_m,age_aggregate_y55_64,eco_aggregate_agr,2002,0.744
svn,sex_m,age_aggregate_y55_64,eco_aggregate_agr,2003,0.677
svn,sex_m,age_aggregate_y55_64,eco_aggregate_agr,2004,0.931
svn,sex_m,age_aggregate_y55_64,eco_aggregate_agr,2005,0.752
svn,sex_m,age_aggregate_y55_64,eco_aggregate_agr,2006,0.391
svn,sex_m,age_aggregate_y55_64,eco_aggregate_agr,2007,1.052
svn,sex_m,age_aggregate_y55_64,eco_aggregate_agr,2008,1.245
svn,sex_m,age_aggregate_y55_64,eco_aggregate_agr,2009,1.124
svn,sex_m,age_aggregate_y55_64,eco_aggregate_agr,2010,0.731
svn,sex_m,age_aggregate_y55_64,eco_aggregate_agr,2011,0.592
svn,sex_m,age_aggregate_y55_64,eco_aggregate_agr,2012,0.604
svn,sex_m,age_aggregate_y55_64,eco_aggregate_agr,2013,0.477
svn,sex_m,age_aggregate_y55_64,eco_aggregate_agr,2014,0.563
svn,sex_m,age_aggregate_y55_64,eco_aggregate_agr,2015,0.703
svn,sex_m,age_aggregate_y55_64,eco_aggregate_agr,2016,0.51
svn,sex_m,age_aggregate_y55_64,eco_aggregate_agr,2017,0.751
svn,sex_m,age_aggregate_y55_64,eco_aggregate_agr,2018,1.031
svn,sex_m,age_aggregate_y55_64,eco_aggregate_agr,2019,1.275
svn,sex_m,age_aggregate_y55_64,eco_aggregate_agr,2020,1.552
svn,sex_m,age_aggregate_y55_64,eco_aggregate_agr,2021,0.514
svn,sex_m,age_aggregate_y55_64,eco_aggregate_agr,2022,0.409
svn,sex_m,age_aggregate_y55_64,eco_aggregate_agr,2023,1.056
svn,sex_m,age_aggregate_y55_64,eco_aggregate_con,1996,1.329
svn,sex_m,age_aggregate_y55_64,eco_aggregate_con,1997,1.663
svn,sex_m,age_aggregate_y55_64,eco_aggregate_con,1998,1.639
svn,sex_m,age_aggregate_y55_64,eco_aggregate_con,1999,1.973
svn,sex_m,age_aggregate_y55_64,eco_aggregate_con,2000,1.605
svn,sex_m,age_aggregate_y55_64,eco_aggregate_con,2001,1.825
svn,sex_m,age_aggregate_y55_64,eco_aggregate_con,2002,2.224
svn,sex_m,age_aggregate_y55_64,eco_aggregate_con,2003,2.027
svn,sex_m,age_aggregate_y55_64,eco_aggregate_con,2004,2.812
svn,sex_m,age_aggregate_y55_64,eco_aggregate_con,2005,3.737
svn,sex_m,age_aggregate_y55_64,eco_aggregate_con,2006,4.131
svn,sex_m,age_aggregate_y55_64,eco_aggregate_con,2007,4.072
svn,sex_m,age_aggregate_y55_64,eco_aggregate_con,2008,4.62
svn,sex_m,age_aggregate_y55_64,eco_aggregate_con,2009,4.369
svn,sex_m,age_aggregate_y55_64,eco_aggregate_con,2010,5.053
svn,sex_m,age_aggregate_y55_64,eco_aggregate_con,2011,3.381
svn,sex_m,age_aggregate_y55_64,eco_aggregate_con,2012,2.619
svn,sex_m,age_aggregate_y55_64,eco_aggregate_con,2013,3.301
svn,sex_m,age_aggregate_y55_64,eco_aggregate_con,2014,3.709
svn,sex_m,age_aggregate_y55_64,eco_aggregate_con,2015,3.506
svn,sex_m,age_aggregate_y55_64,eco_aggregate_con,2016,3.987
svn,sex_m,age_aggregate_y55_64,eco_aggregate_con,2017,4.869
svn,sex_m,age_aggregate_y55_64,eco_aggregate_con,2018,5.371
svn,sex_m,age_aggregate_y55_64,eco_aggregate_con,2019,4.659
svn,sex_m,age_aggregate_y55_64,eco_aggregate_con,2020,5.91
svn,sex_m,age_aggregate_y55_64,eco_aggregate_con,2021,4.843
svn,sex_m,age_aggregate_y55_64,eco_aggregate_con,2022,5.771
svn,sex_m,age_aggregate_y55_64,eco_aggregate_con,2023,7.691
svn,sex_m,age_aggregate_y55_64,eco_aggregate_man,1996,5.429
svn,sex_m,age_aggregate_y55_64,eco_aggregate_man,1997,4.288
svn,sex_m,age_aggregate_y55_64,eco_aggregate_man,1998,5.721
svn,sex_m,age_aggregate_y55_64,eco_aggregate_man,1999,7.074
svn,sex_m,age_aggregate_y55_64,eco_aggregate_man,2000,5.943
svn,sex_m,age_aggregate_y55_64,eco_aggregate_man,2001,5.132
svn,sex_m,age_aggregate_y55_64,eco_aggregate_man,2002,7.588
svn,sex_m,age_aggregate_y55_64,eco_aggregate_man,2003,5.327
svn,sex_m,age_aggregate_y55_64,eco_aggregate_man,2004,9.841
svn,sex_m,age_aggregate_y55_64,eco_aggregate_man,2005,11.261
svn,sex_m,age_aggregate_y55_64,eco_aggregate_man,2006,11.891
svn,sex_m,age_aggregate_y55_64,eco_aggregate_man,2007,12.706
svn,sex_m,age_aggregate_y55_64,eco_aggregate_man,2008,13.833
svn,sex_m,age_aggregate_y55_64,eco_aggregate_man,2009,12.518
svn,sex_m,age_aggregate_y55_64,eco_aggregate_man,2010,14.223
svn,sex_m,age_aggregate_y55_64,eco_aggregate_man,2011,10.796
svn,sex_m,age_aggregate_y55_64,eco_aggregate_man,2012,11.188
svn,sex_m,age_aggregate_y55_64,eco_aggregate_man,2013,12.729
svn,sex_m,age_aggregate_y55_64,eco_aggregate_man,2014,14.234
svn,sex_m,age_aggregate_y55_64,eco_aggregate_man,2015,14.46
svn,sex_m,age_aggregate_y55_64,eco_aggregate_man,2016,15.903
svn,sex_m,age_aggregate_y55_64,eco_aggregate_man,2017,19.351
svn,sex_m,age_aggregate_y55_64,eco_aggregate_man,2018,16.306
svn,sex_m,age_aggregate_y55_64,eco_aggregate_man,2019,19.033
svn,sex_m,age_aggregate_y55_64,eco_aggregate_man,2020,22.555
svn,sex_m,age_aggregate_y55_64,eco_aggregate_man,2021,18.894
svn,sex_m,age_aggregate_y55_64,eco_aggregate_man,2022,20.328
svn,sex_m,age_aggregate_y55_64,eco_aggregate_man,2023,20.625
svn,sex_m,age_aggregate_y55_64,eco_aggregate_mel,1996,0.946
svn,sex_m,age_aggregate_y55_64,eco_aggregate_mel,1997,1.506
svn,sex_m,age_aggregate_y55_64,eco_aggregate_mel,1998,1.044
svn,sex_m,age_aggregate_y55_64,eco_aggregate_mel,1999,0.483
svn,sex_m,age_aggregate_y55_64,eco_aggregate_mel,2000,0.739
svn,sex_m,age_aggregate_y55_64,eco_aggregate_mel,2001,1.4
svn,sex_m,age_aggregate_y55_64,eco_aggregate_mel,2002,1.641
svn,sex_m,age_aggregate_y55_64,eco_aggregate_mel,2003,1.086
svn,sex_m,age_aggregate_y55_64,eco_aggregate_mel,2004,1.33
svn,sex_m,age_aggregate_y55_64,eco_aggregate_mel,2005,1.096
svn,sex_m,age_aggregate_y55_64,eco_aggregate_mel,2006,1.274
svn,sex_m,age_aggregate_y55_64,eco_aggregate_mel,2007,1.604
svn,sex_m,age_aggregate_y55_64,eco_aggregate_mel,2008,2.506
svn,sex_m,age_aggregate_y55_64,eco_aggregate_mel,2009,2.408
svn,sex_m,age_aggregate_y55_64,eco_aggregate_mel,2010,2.039
svn,sex_m,age_aggregate_y55_64,eco_aggregate_mel,2011,2.337
svn,sex_m,age_aggregate_y55_64,eco_aggregate_mel,2012,2.975
svn,sex_m,age_aggregate_y55_64,eco_aggregate_mel,2013,2.861
svn,sex_m,age_aggregate_y55_64,eco_aggregate_mel,2014,2.212
svn,sex_m,age_aggregate_y55_64,eco_aggregate_mel,2015,2.905
svn,sex_m,age_aggregate_y55_64,eco_aggregate_mel,2016,3.041
svn,sex_m,age_aggregate_y55_64,eco_aggregate_mel,2017,3.06
svn,sex_m,age_aggregate_y55_64,eco_aggregate_mel,2018,3.509
svn,sex_m,age_aggregate_y55_64,eco_aggregate_mel,2019,2.93
svn,sex_m,age_aggregate_y55_64,eco_aggregate_mel,2020,2.689
svn,sex_m,age_aggregate_y55_64,eco_aggregate_mel,2021,3.391
svn,sex_m,age_aggregate_y55_64,eco_aggregate_mel,2022,3.373
svn,sex_m,age_aggregate_y55_64,eco_aggregate_mel,2023,3.874
svn,sex_m,age_aggregate_y55_64,eco_aggregate_mkt,1996,3.745
svn,sex_m,age_aggregate_y55_64,eco_aggregate_mkt,1997,2.698
svn,sex_m,age_aggregate_y55_64,eco_aggregate_mkt,1998,4.962
svn,sex_m,age_aggregate_y55_64,eco_aggregate_mkt,1999,3.058
svn,sex_m,age_aggregate_y55_64,eco_aggregate_mkt,2000,5.154
svn,sex_m,age_aggregate_y55_64,eco_aggregate_mkt,2001,5.519
svn,sex_m,age_aggregate_y55_64,eco_aggregate_mkt,2002,6.653
svn,sex_m,age_aggregate_y55_64,eco_aggregate_mkt,2003,6.497
svn,sex_m,age_aggregate_y55_64,eco_aggregate_mkt,2004,6.52
svn,sex_m,age_aggregate_y55_64,eco_aggregate_mkt,2005,8.553
svn,sex_m,age_aggregate_y55_64,eco_aggregate_mkt,2006,8.955
svn,sex_m,age_aggregate_y55_64,eco_aggregate_mkt,2007,9.181
svn,sex_m,age_aggregate_y55_64,eco_aggregate_mkt,2008,11.389
svn,sex_m,age_aggregate_y55_64,eco_aggregate_mkt,2009,12.015
svn,sex_m,age_aggregate_y55_64,eco_aggregate_mkt,2010,12.265
svn,sex_m,age_aggregate_y55_64,eco_aggregate_mkt,2011,13.352
svn,sex_m,age_aggregate_y55_64,eco_aggregate_mkt,2012,13.862
svn,sex_m,age_aggregate_y55_64,eco_aggregate_mkt,2013,14.18
svn,sex_m,age_aggregate_y55_64,eco_aggregate_mkt,2014,12.105
svn,sex_m,age_aggregate_y55_64,eco_aggregate_mkt,2015,13.504
svn,sex_m,age_aggregate_y55_64,eco_aggregate_mkt,2016,15.543
svn,sex_m,age_aggregate_y55_64,eco_aggregate_mkt,2017,14.25
svn,sex_m,age_aggregate_y55_64,eco_aggregate_mkt,2018,18.294
svn,sex_m,age_aggregate_y55_64,eco_aggregate_mkt,2019,20.274
svn,sex_m,age_aggregate_y55_64,eco_aggregate_mkt,2020,20.488
svn,sex_m,age_aggregate_y55_64,eco_aggregate_mkt,2021,20.272
svn,sex_m,age_aggregate_y55_64,eco_aggregate_mkt,2022,22.162
svn,sex_m,age_aggregate_y55_64,eco_aggregate_mkt,2023,22.063
svn,sex_m,age_aggregate_y55_64,eco_aggregate_pub,1996,3.551
svn,sex_m,age_aggregate_y55_64,eco_aggregate_pub,1997,3.082
svn,sex_m,age_aggregate_y55_64,eco_aggregate_pub,1998,4.627
svn,sex_m,age_aggregate_y55_64,eco_aggregate_pub,1999,6.27
svn,sex_m,age_aggregate_y55_64,eco_aggregate_pub,2000,5.035
svn,sex_m,age_aggregate_y55_64,eco_aggregate_pub,2001,5.974
svn,sex_m,age_aggregate_y55_64,eco_aggregate_pub,2002,5.846
svn,sex_m,age_aggregate_y55_64,eco_aggregate_pub,2003,6.544
svn,sex_m,age_aggregate_y55_64,eco_aggregate_pub,2004,8.683
svn,sex_m,age_aggregate_y55_64,eco_aggregate_pub,2005,7.797
svn,sex_m,age_aggregate_y55_64,eco_aggregate_pub,2006,8.246
svn,sex_m,age_aggregate_y55_64,eco_aggregate_pub,2007,8.838
svn,sex_m,age_aggregate_y55_64,eco_aggregate_pub,2008,7.165
svn,sex_m,age_aggregate_y55_64,eco_aggregate_pub,2009,8.682
svn,sex_m,age_aggregate_y55_64,eco_aggregate_pub,2010,8.732
svn,sex_m,age_aggregate_y55_64,eco_aggregate_pub,2011,7.972
svn,sex_m,age_aggregate_y55_64,eco_aggregate_pub,2012,8.909
svn,sex_m,age_aggregate_y55_64,eco_aggregate_pub,2013,8.58
svn,sex_m,age_aggregate_y55_64,eco_aggregate_pub,2014,8.924
svn,sex_m,age_aggregate_y55_64,eco_aggregate_pub,2015,9.27
svn,sex_m,age_aggregate_y55_64,eco_aggregate_pub,2016,9.451
svn,sex_m,age_aggregate_y55_64,eco_aggregate_pub,2017,9.481
svn,sex_m,age_aggregate_y55_64,eco_aggregate_pub,2018,11.11
svn,sex_m,age_aggregate_y55_64,eco_aggregate_pub,2019,11.137
svn,sex_m,age_aggregate_y55_64,eco_aggregate_pub,2020,13.238
svn,sex_m,age_aggregate_y55_64,eco_aggregate_pub,2021,15.868
svn,sex_m,age_aggregate_y55_64,eco_aggregate_pub,2022,15.555
svn,sex_m,age_aggregate_y55_64,eco_aggregate_pub,2023,12.272
svn,sex_m,age_aggregate_y55_64,eco_aggregate_total,1996,15.246
svn,sex_m,age_aggregate_y55_64,eco_aggregate_total,1997,13.979
svn,sex_m,age_aggregate_y55_64,eco_aggregate_total,1998,18.568
svn,sex_m,age_aggregate_y55_64,eco_aggregate_total,1999,19.471
svn,sex_m,age_aggregate_y55_64,eco_aggregate_total,2000,19.284
svn,sex_m,age_aggregate_y55_64,eco_aggregate_total,2001,20.576
svn,sex_m,age_aggregate_y55_64,eco_aggregate_total,2002,24.695
svn,sex_m,age_aggregate_y55_64,eco_aggregate_total,2003,22.218
svn,sex_m,age_aggregate_y55_64,eco_aggregate_total,2004,30.318
svn,sex_m,age_aggregate_y55_64,eco_aggregate_total,2005,33.247
svn,sex_m,age_aggregate_y55_64,eco_aggregate_total,2006,34.983
svn,sex_m,age_aggregate_y55_64,eco_aggregate_total,2007,37.609
svn,sex_m,age_aggregate_y55_64,eco_aggregate_total,2008,40.898
svn,sex_m,age_aggregate_y55_64,eco_aggregate_total,2009,41.28
svn,sex_m,age_aggregate_y55_64,eco_aggregate_total,2010,43.238
svn,sex_m,age_aggregate_y55_64,eco_aggregate_total,2011,38.464
svn,sex_m,age_aggregate_y55_64,eco_aggregate_total,2012,40.201
svn,sex_m,age_aggregate_y55_64,eco_aggregate_total,2013,42.331
svn,sex_m,age_aggregate_y55_64,eco_aggregate_total,2014,42.192
svn,sex_m,age_aggregate_y55_64,eco_aggregate_total,2015,44.925
svn,sex_m,age_aggregate_y55_64,eco_aggregate_total,2016,48.586
svn,sex_m,age_aggregate_y55_64,eco_aggregate_total,2017,51.885
svn,sex_m,age_aggregate_y55_64,eco_aggregate_total,2018,55.774
svn,sex_m,age_aggregate_y55_64,eco_aggregate_total,2019,59.581
svn,sex_m,age_aggregate_y55_64,eco_aggregate_total,2020,66.727
svn,sex_m,age_aggregate_y55_64,eco_aggregate_total,2021,64.036
svn,sex_m,age_aggregate_y55_64,eco_aggregate_total,2022,67.744
svn,sex_m,age_aggregate_y55_64,eco_aggregate_total,2023,67.811
svn,sex_m,age_aggregate_y55_64,eco_aggregate_x,2007,0.156
svn,sex_m,age_aggregate_y55_64,eco_aggregate_x,2009,0.164
svn,sex_m,age_aggregate_y55_64,eco_aggregate_x,2010,0.196
svn,sex_m,age_aggregate_y55_64,eco_aggregate_x,2013,0.203
svn,sex_m,age_aggregate_y55_64,eco_aggregate_x,2014,0.445
svn,sex_m,age_aggregate_y55_64,eco_aggregate_x,2015,0.577
svn,sex_m,age_aggregate_y55_64,eco_aggregate_x,2016,0.15
svn,sex_m,age_aggregate_y55_64,eco_aggregate_x,2017,0.122
svn,sex_m,age_aggregate_y55_64,eco_aggregate_x,2018,0.153
svn,sex_m,age_aggregate_y55_64,eco_aggregate_x,2019,0.273
svn,sex_m,age_aggregate_y55_64,eco_aggregate_x,2020,0.294
svn,sex_m,age_aggregate_y55_64,eco_aggregate_x,2021,0.254
svn,sex_m,age_aggregate_y55_64,eco_aggregate_x,2022,0.146
svn,sex_m,age_aggregate_y55_64,eco_aggregate_x,2023,0.231
svn,sex_m,age_aggregate_y55_64,eco_isic3_a,1997,0.637
svn,sex_m,age_aggregate_y55_64,eco_isic3_a,1998,0.465
svn,sex_m,age_aggregate_y55_64,eco_isic3_a,1999,0.527
svn,sex_m,age_aggregate_y55_64,eco_isic3_a,2000,0.529
svn,sex_m,age_aggregate_y55_64,eco_isic3_a,2001,0.653
svn,sex_m,age_aggregate_y55_64,eco_isic3_a,2002,0.744
svn,sex_m,age_aggregate_y55_64,eco_isic3_a,2003,0.677
svn,sex_m,age_aggregate_y55_64,eco_isic3_a,2004,0.854
svn,sex_m,age_aggregate_y55_64,eco_isic3_a,2005,0.752
svn,sex_m,age_aggregate_y55_64,eco_isic3_a,2006,0.391
svn,sex_m,age_aggregate_y55_64,eco_isic3_a,2007,0.991
svn,sex_m,age_aggregate_y55_64,eco_isic3_c,2006,0.149
svn,sex_m,age_aggregate_y55_64,eco_isic3_c,2007,0.231
svn,sex_m,age_aggregate_y55_64,eco_isic3_d,1996,5.429
svn,sex_m,age_aggregate_y55_64,eco_isic3_d,1997,4.288
svn,sex_m,age_aggregate_y55_64,eco_isic3_d,1998,5.721
svn,sex_m,age_aggregate_y55_64,eco_isic3_d,1999,7.074
svn,sex_m,age_aggregate_y55_64,eco_isic3_d,2000,5.943
svn,sex_m,age_aggregate_y55_64,eco_isic3_d,2001,5.132
svn,sex_m,age_aggregate_y55_64,eco_isic3_d,2002,7.588
svn,sex_m,age_aggregate_y55_64,eco_isic3_d,2003,5.327
svn,sex_m,age_aggregate_y55_64,eco_isic3_d,2004,9.841
svn,sex_m,age_aggregate_y55_64,eco_isic3_d,2005,11.261
svn,sex_m,age_aggregate_y55_64,eco_isic3_d,2006,11.891
svn,sex_m,age_aggregate_y55_64,eco_isic3_d,2007,12.706
svn,sex_m,age_aggregate_y55_64,eco_isic3_e,1996,0.874
svn,sex_m,age_aggregate_y55_64,eco_isic3_e,1997,1.321
svn,sex_m,age_aggregate_y55_64,eco_isic3_e,1998,0.964
svn,sex_m,age_aggregate_y55_64,eco_isic3_e,1999,0.413
svn,sex_m,age_aggregate_y55_64,eco_isic3_e,2000,0.662
svn,sex_m,age_aggregate_y55_64,eco_isic3_e,2001,1.344
svn,sex_m,age_aggregate_y55_64,eco_isic3_e,2002,1.458
svn,sex_m,age_aggregate_y55_64,eco_isic3_e,2003,1.086
svn,sex_m,age_aggregate_y55_64,eco_isic3_e,2004,1.33
svn,sex_m,age_aggregate_y55_64,eco_isic3_e,2005,1.053
svn,sex_m,age_aggregate_y55_64,eco_isic3_e,2006,1.125
svn,sex_m,age_aggregate_y55_64,eco_isic3_e,2007,1.372
svn,sex_m,age_aggregate_y55_64,eco_isic3_f,1996,1.329
svn,sex_m,age_aggregate_y55_64,eco_isic3_f,1997,1.663
svn,sex_m,age_aggregate_y55_64,eco_isic3_f,1998,1.639
svn,sex_m,age_aggregate_y55_64,eco_isic3_f,1999,1.973
svn,sex_m,age_aggregate_y55_64,eco_isic3_f,2000,1.605
svn,sex_m,age_aggregate_y55_64,eco_isic3_f,2001,1.825
svn,sex_m,age_aggregate_y55_64,eco_isic3_f,2002,2.224
svn,sex_m,age_aggregate_y55_64,eco_isic3_f,2003,2.027
svn,sex_m,age_aggregate_y55_64,eco_isic3_f,2004,2.812
svn,sex_m,age_aggregate_y55_64,eco_isic3_f,2005,3.737
svn,sex_m,age_aggregate_y55_64,eco_isic3_f,2006,4.131
svn,sex_m,age_aggregate_y55_64,eco_isic3_f,2007,4.072
svn,sex_m,age_aggregate_y55_64,eco_isic3_g,1996,1.412
svn,sex_m,age_aggregate_y55_64,eco_isic3_g,1997,1.06
svn,sex_m,age_aggregate_y55_64,eco_isic3_g,1998,1.769
svn,sex_m,age_aggregate_y55_64,eco_isic3_g,1999,0.975
svn,sex_m,age_aggregate_y55_64,eco_isic3_g,2000,1.49
svn,sex_m,age_aggregate_y55_64,eco_isic3_g,2001,1.686
svn,sex_m,age_aggregate_y55_64,eco_isic3_g,2002,1.974
svn,sex_m,age_aggregate_y55_64,eco_isic3_g,2003,2.19
svn,sex_m,age_aggregate_y55_64,eco_isic3_g,2004,2.458
svn,sex_m,age_aggregate_y55_64,eco_isic3_g,2005,2.401
svn,sex_m,age_aggregate_y55_64,eco_isic3_g,2006,2.401
svn,sex_m,age_aggregate_y55_64,eco_isic3_g,2007,2.739
svn,sex_m,age_aggregate_y55_64,eco_isic3_h,2002,0.369
svn,sex_m,age_aggregate_y55_64,eco_isic3_h,2003,0.53
svn,sex_m,age_aggregate_y55_64,eco_isic3_h,2004,0.558
svn,sex_m,age_aggregate_y55_64,eco_isic3_h,2005,0.33
svn,sex_m,age_aggregate_y55_64,eco_isic3_h,2006,0.398
svn,sex_m,age_aggregate_y55_64,eco_isic3_h,2007,0.293
svn,sex_m,age_aggregate_y55_64,eco_isic3_i,1996,1.049
svn,sex_m,age_aggregate_y55_64,eco_isic3_i,1997,0.654
svn,sex_m,age_aggregate_y55_64,eco_isic3_i,1998,0.912
svn,sex_m,age_aggregate_y55_64,eco_isic3_i,1999,1.049
svn,sex_m,age_aggregate_y55_64,eco_isic3_i,2000,1.919
svn,sex_m,age_aggregate_y55_64,eco_isic3_i,2001,1.594
svn,sex_m,age_aggregate_y55_64,eco_isic3_i,2002,2.201
svn,sex_m,age_aggregate_y55_64,eco_isic3_i,2003,1.59
svn,sex_m,age_aggregate_y55_64,eco_isic3_i,2004,1.526
svn,sex_m,age_aggregate_y55_64,eco_isic3_i,2005,2.93
svn,sex_m,age_aggregate_y55_64,eco_isic3_i,2006,3.061
svn,sex_m,age_aggregate_y55_64,eco_isic3_i,2007,2.704
svn,sex_m,age_aggregate_y55_64,eco_isic3_j,1998,0.458
svn,sex_m,age_aggregate_y55_64,eco_isic3_j,2000,0.623
svn,sex_m,age_aggregate_y55_64,eco_isic3_j,2001,0.706
svn,sex_m,age_aggregate_y55_64,eco_isic3_j,2002,0.624
svn,sex_m,age_aggregate_y55_64,eco_isic3_j,2003,0.688
svn,sex_m,age_aggregate_y55_64,eco_isic3_j,2005,0.679
svn,sex_m,age_aggregate_y55_64,eco_isic3_j,2006,0.873
svn,sex_m,age_aggregate_y55_64,eco_isic3_j,2007,0.877
svn,sex_m,age_aggregate_y55_64,eco_isic3_k,1996,0.971
svn,sex_m,age_aggregate_y55_64,eco_isic3_k,1997,0.434
svn,sex_m,age_aggregate_y55_64,eco_isic3_k,1998,1.319
svn,sex_m,age_aggregate_y55_64,eco_isic3_k,1999,0.604
svn,sex_m,age_aggregate_y55_64,eco_isic3_k,2000,0.946
svn,sex_m,age_aggregate_y55_64,eco_isic3_k,2001,1.209
svn,sex_m,age_aggregate_y55_64,eco_isic3_k,2002,1.486
svn,sex_m,age_aggregate_y55_64,eco_isic3_k,2003,1.499
svn,sex_m,age_aggregate_y55_64,eco_isic3_k,2004,1.718
svn,sex_m,age_aggregate_y55_64,eco_isic3_k,2005,2.213
svn,sex_m,age_aggregate_y55_64,eco_isic3_k,2006,2.222
svn,sex_m,age_aggregate_y55_64,eco_isic3_k,2007,2.567
svn,sex_m,age_aggregate_y55_64,eco_isic3_l,1996,1.226
svn,sex_m,age_aggregate_y55_64,eco_isic3_l,1997,0.428
svn,sex_m,age_aggregate_y55_64,eco_isic3_l,1998,1.178
svn,sex_m,age_aggregate_y55_64,eco_isic3_l,1999,1.148
svn,sex_m,age_aggregate_y55_64,eco_isic3_l,2000,1.581
svn,sex_m,age_aggregate_y55_64,eco_isic3_l,2001,2.021
svn,sex_m,age_aggregate_y55_64,eco_isic3_l,2002,1.933
svn,sex_m,age_aggregate_y55_64,eco_isic3_l,2003,2.123
svn,sex_m,age_aggregate_y55_64,eco_isic3_l,2004,2.374
svn,sex_m,age_aggregate_y55_64,eco_isic3_l,2005,2.662
svn,sex_m,age_aggregate_y55_64,eco_isic3_l,2006,2.997
svn,sex_m,age_aggregate_y55_64,eco_isic3_l,2007,2.757
svn,sex_m,age_aggregate_y55_64,eco_isic3_m,1996,1.246
svn,sex_m,age_aggregate_y55_64,eco_isic3_m,1997,1.055
svn,sex_m,age_aggregate_y55_64,eco_isic3_m,1998,1.705
svn,sex_m,age_aggregate_y55_64,eco_isic3_m,1999,2.239
svn,sex_m,age_aggregate_y55_64,eco_isic3_m,2000,1.429
svn,sex_m,age_aggregate_y55_64,eco_isic3_m,2001,2.16
svn,sex_m,age_aggregate_y55_64,eco_isic3_m,2002,1.576
svn,sex_m,age_aggregate_y55_64,eco_isic3_m,2003,2.297
svn,sex_m,age_aggregate_y55_64,eco_isic3_m,2004,2.646
svn,sex_m,age_aggregate_y55_64,eco_isic3_m,2005,2.308
svn,sex_m,age_aggregate_y55_64,eco_isic3_m,2006,2.248
svn,sex_m,age_aggregate_y55_64,eco_isic3_m,2007,2.365
svn,sex_m,age_aggregate_y55_64,eco_isic3_n,1996,0.783
svn,sex_m,age_aggregate_y55_64,eco_isic3_n,1997,0.623
svn,sex_m,age_aggregate_y55_64,eco_isic3_n,1998,0.734
svn,sex_m,age_aggregate_y55_64,eco_isic3_n,1999,1.54
svn,sex_m,age_aggregate_y55_64,eco_isic3_n,2000,0.882
svn,sex_m,age_aggregate_y55_64,eco_isic3_n,2001,0.632
svn,sex_m,age_aggregate_y55_64,eco_isic3_n,2002,1.054
svn,sex_m,age_aggregate_y55_64,eco_isic3_n,2003,0.658
svn,sex_m,age_aggregate_y55_64,eco_isic3_n,2004,1.129
svn,sex_m,age_aggregate_y55_64,eco_isic3_n,2005,1.148
svn,sex_m,age_aggregate_y55_64,eco_isic3_n,2006,1.007
svn,sex_m,age_aggregate_y55_64,eco_isic3_n,2007,1.497
svn,sex_m,age_aggregate_y55_64,eco_isic3_o,1997,0.976
svn,sex_m,age_aggregate_y55_64,eco_isic3_o,1998,1.01
svn,sex_m,age_aggregate_y55_64,eco_isic3_o,1999,1.343
svn,sex_m,age_aggregate_y55_64,eco_isic3_o,2000,1.143
svn,sex_m,age_aggregate_y55_64,eco_isic3_o,2001,1.16
svn,sex_m,age_aggregate_y55_64,eco_isic3_o,2002,1.283
svn,sex_m,age_aggregate_y55_64,eco_isic3_o,2003,1.466
svn,sex_m,age_aggregate_y55_64,eco_isic3_o,2004,2.535
svn,sex_m,age_aggregate_y55_64,eco_isic3_o,2005,1.679
svn,sex_m,age_aggregate_y55_64,eco_isic3_o,2006,1.971
svn,sex_m,age_aggregate_y55_64,eco_isic3_o,2007,2.219
svn,sex_m,age_aggregate_y55_64,eco_isic3_total,1996,15.246
svn,sex_m,age_aggregate_y55_64,eco_isic3_total,1997,13.979
svn,sex_m,age_aggregate_y55_64,eco_isic3_total,1998,18.568
svn,sex_m,age_aggregate_y55_64,eco_isic3_total,1999,19.471
svn,sex_m,age_aggregate_y55_64,eco_isic3_total,2000,19.284
svn,sex_m,age_aggregate_y55_64,eco_isic3_total,2001,20.576
svn,sex_m,age_aggregate_y55_64,eco_isic3_total,2002,24.695
svn,sex_m,age_aggregate_y55_64,eco_isic3_total,2003,22.218
svn,sex_m,age_aggregate_y55_64,eco_isic3_total,2004,30.318
svn,sex_m,age_aggregate_y55_64,eco_isic3_total,2005,33.247
svn,sex_m,age_aggregate_y55_64,eco_isic3_total,2006,34.983
svn,sex_m,age_aggregate_y55_64,eco_isic3_total,2007,37.609
svn,sex_m,age_aggregate_y55_64,eco_isic3_x,2007,0.156
svn,sex_m,age_aggregate_y55_64,eco_isic4_a,2008,1.245
svn,sex_m,age_aggregate_y55_64,eco_isic4_a,2009,1.124
svn,sex_m,age_aggregate_y55_64,eco_isic4_a,2010,0.731
svn,sex_m,age_aggregate_y55_64,eco_isic4_a,2011,0.592
svn,sex_m,age_aggregate_y55_64,eco_isic4_a,2012,0.604
svn,sex_m,age_aggregate_y55_64,eco_isic4_a,2013,0.477
svn,sex_m,age_aggregate_y55_64,eco_isic4_a,2014,0.563
svn,sex_m,age_aggregate_y55_64,eco_isic4_a,2015,0.703
svn,sex_m,age_aggregate_y55_64,eco_isic4_a,2016,0.51
svn,sex_m,age_aggregate_y55_64,eco_isic4_a,2017,0.751
svn,sex_m,age_aggregate_y55_64,eco_isic4_a,2018,1.031
svn,sex_m,age_aggregate_y55_64,eco_isic4_a,2019,1.275
svn,sex_m,age_aggregate_y55_64,eco_isic4_a,2020,1.552
svn,sex_m,age_aggregate_y55_64,eco_isic4_a,2021,0.514
svn,sex_m,age_aggregate_y55_64,eco_isic4_a,2022,0.409
svn,sex_m,age_aggregate_y55_64,eco_isic4_a,2023,1.056
svn,sex_m,age_aggregate_y55_64,eco_isic4_b,2008,0.23
svn,sex_m,age_aggregate_y55_64,eco_isic4_b,2009,0.166
svn,sex_m,age_aggregate_y55_64,eco_isic4_b,2010,0.144
svn,sex_m,age_aggregate_y55_64,eco_isic4_b,2012,0.1
svn,sex_m,age_aggregate_y55_64,eco_isic4_b,2013,0.144
svn,sex_m,age_aggregate_y55_64,eco_isic4_b,2018,0.263
svn,sex_m,age_aggregate_y55_64,eco_isic4_b,2019,0.184
svn,sex_m,age_aggregate_y55_64,eco_isic4_b,2020,0.349
svn,sex_m,age_aggregate_y55_64,eco_isic4_b,2022,0.17
svn,sex_m,age_aggregate_y55_64,eco_isic4_c,2008,13.833
svn,sex_m,age_aggregate_y55_64,eco_isic4_c,2009,12.518
svn,sex_m,age_aggregate_y55_64,eco_isic4_c,2010,14.223
svn,sex_m,age_aggregate_y55_64,eco_isic4_c,2011,10.796
svn,sex_m,age_aggregate_y55_64,eco_isic4_c,2012,11.188
svn,sex_m,age_aggregate_y55_64,eco_isic4_c,2013,12.729
svn,sex_m,age_aggregate_y55_64,eco_isic4_c,2014,14.234
svn,sex_m,age_aggregate_y55_64,eco_isic4_c,2015,14.46
svn,sex_m,age_aggregate_y55_64,eco_isic4_c,2016,15.903
svn,sex_m,age_aggregate_y55_64,eco_isic4_c,2017,19.351
svn,sex_m,age_aggregate_y55_64,eco_isic4_c,2018,16.306
svn,sex_m,age_aggregate_y55_64,eco_isic4_c,2019,19.033
svn,sex_m,age_aggregate_y55_64,eco_isic4_c,2020,22.555
svn,sex_m,age_aggregate_y55_64,eco_isic4_c,2021,18.894
svn,sex_m,age_aggregate_y55_64,eco_isic4_c,2022,20.328
svn,sex_m,age_aggregate_y55_64,eco_isic4_c,2023,20.625
svn,sex_m,age_aggregate_y55_64,eco_isic4_d,2008,1.351
svn,sex_m,age_aggregate_y55_64,eco_isic4_d,2009,1.242
svn,sex_m,age_aggregate_y55_64,eco_isic4_d,2010,1.033
svn,sex_m,age_aggregate_y55_64,eco_isic4_d,2011,1.357
svn,sex_m,age_aggregate_y55_64,eco_isic4_d,2012,1.41
svn,sex_m,age_aggregate_y55_64,eco_isic4_d,2013,1.014
svn,sex_m,age_aggregate_y55_64,eco_isic4_d,2014,0.76
svn,sex_m,age_aggregate_y55_64,eco_isic4_d,2015,1.494
svn,sex_m,age_aggregate_y55_64,eco_isic4_d,2016,1.436
svn,sex_m,age_aggregate_y55_64,eco_isic4_d,2017,1.525
svn,sex_m,age_aggregate_y55_64,eco_isic4_d,2018,1.234
svn,sex_m,age_aggregate_y55_64,eco_isic4_d,2019,1.419
svn,sex_m,age_aggregate_y55_64,eco_isic4_d,2020,1.247
svn,sex_m,age_aggregate_y55_64,eco_isic4_d,2021,1.863
svn,sex_m,age_aggregate_y55_64,eco_isic4_d,2022,1.159
svn,sex_m,age_aggregate_y55_64,eco_isic4_d,2023,1.137
svn,sex_m,age_aggregate_y55_64,eco_isic4_e,2008,0.925
svn,sex_m,age_aggregate_y55_64,eco_isic4_e,2009,1
svn,sex_m,age_aggregate_y55_64,eco_isic4_e,2010,0.861
svn,sex_m,age_aggregate_y55_64,eco_isic4_e,2011,0.97
svn,sex_m,age_aggregate_y55_64,eco_isic4_e,2012,1.466
svn,sex_m,age_aggregate_y55_64,eco_isic4_e,2013,1.703
svn,sex_m,age_aggregate_y55_64,eco_isic4_e,2014,1.438
svn,sex_m,age_aggregate_y55_64,eco_isic4_e,2015,1.359
svn,sex_m,age_aggregate_y55_64,eco_isic4_e,2016,1.587
svn,sex_m,age_aggregate_y55_64,eco_isic4_e,2017,1.47
svn,sex_m,age_aggregate_y55_64,eco_isic4_e,2018,2.011
svn,sex_m,age_aggregate_y55_64,eco_isic4_e,2019,1.328
svn,sex_m,age_aggregate_y55_64,eco_isic4_e,2020,1.093
svn,sex_m,age_aggregate_y55_64,eco_isic4_e,2021,1.433
svn,sex_m,age_aggregate_y55_64,eco_isic4_e,2022,2.045
svn,sex_m,age_aggregate_y55_64,eco_isic4_e,2023,2.61
svn,sex_m,age_aggregate_y55_64,eco_isic4_f,2008,4.62
svn,sex_m,age_aggregate_y55_64,eco_isic4_f,2009,4.369
svn,sex_m,age_aggregate_y55_64,eco_isic4_f,2010,5.053
svn,sex_m,age_aggregate_y55_64,eco_isic4_f,2011,3.381
svn,sex_m,age_aggregate_y55_64,eco_isic4_f,2012,2.619
svn,sex_m,age_aggregate_y55_64,eco_isic4_f,2013,3.301
svn,sex_m,age_aggregate_y55_64,eco_isic4_f,2014,3.709
svn,sex_m,age_aggregate_y55_64,eco_isic4_f,2015,3.506
svn,sex_m,age_aggregate_y55_64,eco_isic4_f,2016,3.987
svn,sex_m,age_aggregate_y55_64,eco_isic4_f,2017,4.869
svn,sex_m,age_aggregate_y55_64,eco_isic4_f,2018,5.371
svn,sex_m,age_aggregate_y55_64,eco_isic4_f,2019,4.659
svn,sex_m,age_aggregate_y55_64,eco_isic4_f,2020,5.91
svn,sex_m,age_aggregate_y55_64,eco_isic4_f,2021,4.843
svn,sex_m,age_aggregate_y55_64,eco_isic4_f,2022,5.771
svn,sex_m,age_aggregate_y55_64,eco_isic4_f,2023,7.691
svn,sex_m,age_aggregate_y55_64,eco_isic4_g,2008,2.976
svn,sex_m,age_aggregate_y55_64,eco_isic4_g,2009,3.297
svn,sex_m,age_aggregate_y55_64,eco_isic4_g,2010,3.027
svn,sex_m,age_aggregate_y55_64,eco_isic4_g,2011,2.807
svn,sex_m,age_aggregate_y55_64,eco_isic4_g,2012,2.387
svn,sex_m,age_aggregate_y55_64,eco_isic4_g,2013,2.855
svn,sex_m,age_aggregate_y55_64,eco_isic4_g,2014,3.342
svn,sex_m,age_aggregate_y55_64,eco_isic4_g,2015,3.762
svn,sex_m,age_aggregate_y55_64,eco_isic4_g,2016,2.717
svn,sex_m,age_aggregate_y55_64,eco_isic4_g,2017,2.727
svn,sex_m,age_aggregate_y55_64,eco_isic4_g,2018,3.558
svn,sex_m,age_aggregate_y55_64,eco_isic4_g,2019,4.593
svn,sex_m,age_aggregate_y55_64,eco_isic4_g,2020,5.722
svn,sex_m,age_aggregate_y55_64,eco_isic4_g,2021,5.591
svn,sex_m,age_aggregate_y55_64,eco_isic4_g,2022,5.336
svn,sex_m,age_aggregate_y55_64,eco_isic4_g,2023,5.016
svn,sex_m,age_aggregate_y55_64,eco_isic4_h,2008,3.168
svn,sex_m,age_aggregate_y55_64,eco_isic4_h,2009,3.566
svn,sex_m,age_aggregate_y55_64,eco_isic4_h,2010,4.076
svn,sex_m,age_aggregate_y55_64,eco_isic4_h,2011,4.014
svn,sex_m,age_aggregate_y55_64,eco_isic4_h,2012,4.764
svn,sex_m,age_aggregate_y55_64,eco_isic4_h,2013,4.38
svn,sex_m,age_aggregate_y55_64,eco_isic4_h,2014,3.141
svn,sex_m,age_aggregate_y55_64,eco_isic4_h,2015,4.75
svn,sex_m,age_aggregate_y55_64,eco_isic4_h,2016,6.541
svn,sex_m,age_aggregate_y55_64,eco_isic4_h,2017,4.528
svn,sex_m,age_aggregate_y55_64,eco_isic4_h,2018,5.699
svn,sex_m,age_aggregate_y55_64,eco_isic4_h,2019,6.99
svn,sex_m,age_aggregate_y55_64,eco_isic4_h,2020,6.353
svn,sex_m,age_aggregate_y55_64,eco_isic4_h,2021,4.732
svn,sex_m,age_aggregate_y55_64,eco_isic4_h,2022,5.67
svn,sex_m,age_aggregate_y55_64,eco_isic4_h,2023,5.282
svn,sex_m,age_aggregate_y55_64,eco_isic4_i,2008,0.217
svn,sex_m,age_aggregate_y55_64,eco_isic4_i,2009,0.586
svn,sex_m,age_aggregate_y55_64,eco_isic4_i,2010,0.865
svn,sex_m,age_aggregate_y55_64,eco_isic4_i,2011,0.606
svn,sex_m,age_aggregate_y55_64,eco_isic4_i,2012,0.567
svn,sex_m,age_aggregate_y55_64,eco_isic4_i,2013,0.561
svn,sex_m,age_aggregate_y55_64,eco_isic4_i,2014,0.768
svn,sex_m,age_aggregate_y55_64,eco_isic4_i,2015,1.308
svn,sex_m,age_aggregate_y55_64,eco_isic4_i,2016,0.751
svn,sex_m,age_aggregate_y55_64,eco_isic4_i,2017,0.99
svn,sex_m,age_aggregate_y55_64,eco_isic4_i,2018,1.713
svn,sex_m,age_aggregate_y55_64,eco_isic4_i,2019,1.828
svn,sex_m,age_aggregate_y55_64,eco_isic4_i,2020,1.148
svn,sex_m,age_aggregate_y55_64,eco_isic4_i,2021,1.124
svn,sex_m,age_aggregate_y55_64,eco_isic4_i,2022,1.157
svn,sex_m,age_aggregate_y55_64,eco_isic4_i,2023,1.368
svn,sex_m,age_aggregate_y55_64,eco_isic4_j,2008,1.124
svn,sex_m,age_aggregate_y55_64,eco_isic4_j,2009,1.048
svn,sex_m,age_aggregate_y55_64,eco_isic4_j,2010,0.709
svn,sex_m,age_aggregate_y55_64,eco_isic4_j,2011,0.908
svn,sex_m,age_aggregate_y55_64,eco_isic4_j,2012,1.007
svn,sex_m,age_aggregate_y55_64,eco_isic4_j,2013,1.655
svn,sex_m,age_aggregate_y55_64,eco_isic4_j,2014,1.188
svn,sex_m,age_aggregate_y55_64,eco_isic4_j,2015,0.934
svn,sex_m,age_aggregate_y55_64,eco_isic4_j,2016,1.221
svn,sex_m,age_aggregate_y55_64,eco_isic4_j,2017,1.575
svn,sex_m,age_aggregate_y55_64,eco_isic4_j,2018,1.7
svn,sex_m,age_aggregate_y55_64,eco_isic4_j,2019,1.528
svn,sex_m,age_aggregate_y55_64,eco_isic4_j,2020,1.485
svn,sex_m,age_aggregate_y55_64,eco_isic4_j,2021,2.116
svn,sex_m,age_aggregate_y55_64,eco_isic4_j,2022,1.789
svn,sex_m,age_aggregate_y55_64,eco_isic4_j,2023,1.787
svn,sex_m,age_aggregate_y55_64,eco_isic4_k,2008,0.844
svn,sex_m,age_aggregate_y55_64,eco_isic4_k,2009,0.917
svn,sex_m,age_aggregate_y55_64,eco_isic4_k,2010,1.004
svn,sex_m,age_aggregate_y55_64,eco_isic4_k,2011,1.451
svn,sex_m,age_aggregate_y55_64,eco_isic4_k,2012,1.512
svn,sex_m,age_aggregate_y55_64,eco_isic4_k,2013,1.372
svn,sex_m,age_aggregate_y55_64,eco_isic4_k,2014,0.647
svn,sex_m,age_aggregate_y55_64,eco_isic4_k,2015,0.546
svn,sex_m,age_aggregate_y55_64,eco_isic4_k,2016,0.828
svn,sex_m,age_aggregate_y55_64,eco_isic4_k,2017,1.168
svn,sex_m,age_aggregate_y55_64,eco_isic4_k,2018,1.323
svn,sex_m,age_aggregate_y55_64,eco_isic4_k,2019,0.85
svn,sex_m,age_aggregate_y55_64,eco_isic4_k,2020,1.238
svn,sex_m,age_aggregate_y55_64,eco_isic4_k,2021,1.172
svn,sex_m,age_aggregate_y55_64,eco_isic4_k,2022,1.692
svn,sex_m,age_aggregate_y55_64,eco_isic4_k,2023,1.54
svn,sex_m,age_aggregate_y55_64,eco_isic4_l,2008,0.142
svn,sex_m,age_aggregate_y55_64,eco_isic4_l,2009,0.269
svn,sex_m,age_aggregate_y55_64,eco_isic4_l,2010,0.3
svn,sex_m,age_aggregate_y55_64,eco_isic4_l,2011,0.294
svn,sex_m,age_aggregate_y55_64,eco_isic4_l,2012,0.104
svn,sex_m,age_aggregate_y55_64,eco_isic4_l,2016,0.403
svn,sex_m,age_aggregate_y55_64,eco_isic4_l,2017,0.488
svn,sex_m,age_aggregate_y55_64,eco_isic4_l,2018,0.35
svn,sex_m,age_aggregate_y55_64,eco_isic4_l,2021,0.445
svn,sex_m,age_aggregate_y55_64,eco_isic4_l,2022,0.652
svn,sex_m,age_aggregate_y55_64,eco_isic4_l,2023,0.43
svn,sex_m,age_aggregate_y55_64,eco_isic4_m,2008,1.56
svn,sex_m,age_aggregate_y55_64,eco_isic4_m,2009,1.101
svn,sex_m,age_aggregate_y55_64,eco_isic4_m,2010,1.112
svn,sex_m,age_aggregate_y55_64,eco_isic4_m,2011,1.555
svn,sex_m,age_aggregate_y55_64,eco_isic4_m,2012,2.136
svn,sex_m,age_aggregate_y55_64,eco_isic4_m,2013,1.752
svn,sex_m,age_aggregate_y55_64,eco_isic4_m,2014,1.702
svn,sex_m,age_aggregate_y55_64,eco_isic4_m,2015,1.378
svn,sex_m,age_aggregate_y55_64,eco_isic4_m,2016,1.669
svn,sex_m,age_aggregate_y55_64,eco_isic4_m,2017,1.374
svn,sex_m,age_aggregate_y55_64,eco_isic4_m,2018,2.438
svn,sex_m,age_aggregate_y55_64,eco_isic4_m,2019,2.256
svn,sex_m,age_aggregate_y55_64,eco_isic4_m,2020,3.133
svn,sex_m,age_aggregate_y55_64,eco_isic4_m,2021,3.664
svn,sex_m,age_aggregate_y55_64,eco_isic4_m,2022,3.589
svn,sex_m,age_aggregate_y55_64,eco_isic4_m,2023,3.434
svn,sex_m,age_aggregate_y55_64,eco_isic4_n,2008,1.356
svn,sex_m,age_aggregate_y55_64,eco_isic4_n,2009,1.231
svn,sex_m,age_aggregate_y55_64,eco_isic4_n,2010,1.172
svn,sex_m,age_aggregate_y55_64,eco_isic4_n,2011,1.717
svn,sex_m,age_aggregate_y55_64,eco_isic4_n,2012,1.384
svn,sex_m,age_aggregate_y55_64,eco_isic4_n,2013,1.55
svn,sex_m,age_aggregate_y55_64,eco_isic4_n,2014,1.317
svn,sex_m,age_aggregate_y55_64,eco_isic4_n,2015,0.737
svn,sex_m,age_aggregate_y55_64,eco_isic4_n,2016,1.413
svn,sex_m,age_aggregate_y55_64,eco_isic4_n,2017,1.401
svn,sex_m,age_aggregate_y55_64,eco_isic4_n,2018,1.514
svn,sex_m,age_aggregate_y55_64,eco_isic4_n,2019,1.982
svn,sex_m,age_aggregate_y55_64,eco_isic4_n,2020,1.385
svn,sex_m,age_aggregate_y55_64,eco_isic4_n,2021,1.428
svn,sex_m,age_aggregate_y55_64,eco_isic4_n,2022,2.277
svn,sex_m,age_aggregate_y55_64,eco_isic4_n,2023,3.205
svn,sex_m,age_aggregate_y55_64,eco_isic4_o,2008,2.51
svn,sex_m,age_aggregate_y55_64,eco_isic4_o,2009,2.598
svn,sex_m,age_aggregate_y55_64,eco_isic4_o,2010,3.108
svn,sex_m,age_aggregate_y55_64,eco_isic4_o,2011,3.203
svn,sex_m,age_aggregate_y55_64,eco_isic4_o,2012,3.524
svn,sex_m,age_aggregate_y55_64,eco_isic4_o,2013,3.17
svn,sex_m,age_aggregate_y55_64,eco_isic4_o,2014,4.142
svn,sex_m,age_aggregate_y55_64,eco_isic4_o,2015,4.163
svn,sex_m,age_aggregate_y55_64,eco_isic4_o,2016,2.927
svn,sex_m,age_aggregate_y55_64,eco_isic4_o,2017,3.657
svn,sex_m,age_aggregate_y55_64,eco_isic4_o,2018,4.282
svn,sex_m,age_aggregate_y55_64,eco_isic4_o,2019,4.241
svn,sex_m,age_aggregate_y55_64,eco_isic4_o,2020,5.127
svn,sex_m,age_aggregate_y55_64,eco_isic4_o,2021,5.807
svn,sex_m,age_aggregate_y55_64,eco_isic4_o,2022,5.691
svn,sex_m,age_aggregate_y55_64,eco_isic4_o,2023,3.433
svn,sex_m,age_aggregate_y55_64,eco_isic4_p,2008,1.858
svn,sex_m,age_aggregate_y55_64,eco_isic4_p,2009,2.461
svn,sex_m,age_aggregate_y55_64,eco_isic4_p,2010,3.234
svn,sex_m,age_aggregate_y55_64,eco_isic4_p,2011,2.692
svn,sex_m,age_aggregate_y55_64,eco_isic4_p,2012,2.564
svn,sex_m,age_aggregate_y55_64,eco_isic4_p,2013,2.994
svn,sex_m,age_aggregate_y55_64,eco_isic4_p,2014,2.391
svn,sex_m,age_aggregate_y55_64,eco_isic4_p,2015,3.071
svn,sex_m,age_aggregate_y55_64,eco_isic4_p,2016,3.796
svn,sex_m,age_aggregate_y55_64,eco_isic4_p,2017,3.014
svn,sex_m,age_aggregate_y55_64,eco_isic4_p,2018,3.7
svn,sex_m,age_aggregate_y55_64,eco_isic4_p,2019,3.659
svn,sex_m,age_aggregate_y55_64,eco_isic4_p,2020,4.352
svn,sex_m,age_aggregate_y55_64,eco_isic4_p,2021,4.986
svn,sex_m,age_aggregate_y55_64,eco_isic4_p,2022,5.056
svn,sex_m,age_aggregate_y55_64,eco_isic4_p,2023,3.813
svn,sex_m,age_aggregate_y55_64,eco_isic4_q,2008,1.069
svn,sex_m,age_aggregate_y55_64,eco_isic4_q,2009,1.135
svn,sex_m,age_aggregate_y55_64,eco_isic4_q,2010,1.157
svn,sex_m,age_aggregate_y55_64,eco_isic4_q,2011,1.145
svn,sex_m,age_aggregate_y55_64,eco_isic4_q,2012,1.262
svn,sex_m,age_aggregate_y55_64,eco_isic4_q,2013,1.2
svn,sex_m,age_aggregate_y55_64,eco_isic4_q,2014,1.864
svn,sex_m,age_aggregate_y55_64,eco_isic4_q,2015,1.48
svn,sex_m,age_aggregate_y55_64,eco_isic4_q,2016,1.456
svn,sex_m,age_aggregate_y55_64,eco_isic4_q,2017,1.824
svn,sex_m,age_aggregate_y55_64,eco_isic4_q,2018,1.743
svn,sex_m,age_aggregate_y55_64,eco_isic4_q,2019,1.905
svn,sex_m,age_aggregate_y55_64,eco_isic4_q,2020,2.261
svn,sex_m,age_aggregate_y55_64,eco_isic4_q,2021,2.337
svn,sex_m,age_aggregate_y55_64,eco_isic4_q,2022,2.399
svn,sex_m,age_aggregate_y55_64,eco_isic4_q,2023,3.032
svn,sex_m,age_aggregate_y55_64,eco_isic4_r,2008,0.736
svn,sex_m,age_aggregate_y55_64,eco_isic4_r,2009,1.127
svn,sex_m,age_aggregate_y55_64,eco_isic4_r,2010,0.642
svn,sex_m,age_aggregate_y55_64,eco_isic4_r,2011,0.775
svn,sex_m,age_aggregate_y55_64,eco_isic4_r,2012,1.241
svn,sex_m,age_aggregate_y55_64,eco_isic4_r,2013,1.052
svn,sex_m,age_aggregate_y55_64,eco_isic4_r,2014,0.279
svn,sex_m,age_aggregate_y55_64,eco_isic4_r,2015,0.42
svn,sex_m,age_aggregate_y55_64,eco_isic4_r,2016,1.111
svn,sex_m,age_aggregate_y55_64,eco_isic4_r,2017,0.818
svn,sex_m,age_aggregate_y55_64,eco_isic4_r,2018,0.98
svn,sex_m,age_aggregate_y55_64,eco_isic4_r,2019,1.179
svn,sex_m,age_aggregate_y55_64,eco_isic4_r,2020,0.975
svn,sex_m,age_aggregate_y55_64,eco_isic4_r,2021,1.545
svn,sex_m,age_aggregate_y55_64,eco_isic4_r,2022,1.594
svn,sex_m,age_aggregate_y55_64,eco_isic4_r,2023,1.187
svn,sex_m,age_aggregate_y55_64,eco_isic4_s,2008,0.992
svn,sex_m,age_aggregate_y55_64,eco_isic4_s,2009,1.361
svn,sex_m,age_aggregate_y55_64,eco_isic4_s,2010,0.591
svn,sex_m,age_aggregate_y55_64,eco_isic4_s,2011,0.156
svn,sex_m,age_aggregate_y55_64,eco_isic4_s,2013,0.114
svn,sex_m,age_aggregate_y55_64,eco_isic4_s,2014,0.248
svn,sex_m,age_aggregate_y55_64,eco_isic4_s,2015,0.136
svn,sex_m,age_aggregate_y55_64,eco_isic4_s,2016,0.16
svn,sex_m,age_aggregate_y55_64,eco_isic4_s,2017,0.169
svn,sex_m,age_aggregate_y55_64,eco_isic4_s,2018,0.405
svn,sex_m,age_aggregate_y55_64,eco_isic4_s,2019,0.134
svn,sex_m,age_aggregate_y55_64,eco_isic4_s,2020,0.523
svn,sex_m,age_aggregate_y55_64,eco_isic4_s,2021,1.09
svn,sex_m,age_aggregate_y55_64,eco_isic4_s,2022,0.799
svn,sex_m,age_aggregate_y55_64,eco_isic4_s,2023,0.731
svn,sex_m,age_aggregate_y55_64,eco_isic4_total,2008,40.898
svn,sex_m,age_aggregate_y55_64,eco_isic4_total,2009,41.28
svn,sex_m,age_aggregate_y55_64,eco_isic4_total,2010,43.238
svn,sex_m,age_aggregate_y55_64,eco_isic4_total,2011,38.464
svn,sex_m,age_aggregate_y55_64,eco_isic4_total,2012,40.201
svn,sex_m,age_aggregate_y55_64,eco_isic4_total,2013,42.331
svn,sex_m,age_aggregate_y55_64,eco_isic4_total,2014,42.192
svn,sex_m,age_aggregate_y55_64,eco_isic4_total,2015,44.925
svn,sex_m,age_aggregate_y55_64,eco_isic4_total,2016,48.586
svn,sex_m,age_aggregate_y55_64,eco_isic4_total,2017,51.885
svn,sex_m,age_aggregate_y55_64,eco_isic4_total,2018,55.774
svn,sex_m,age_aggregate_y55_64,eco_isic4_total,2019,59.581
svn,sex_m,age_aggregate_y55_64,eco_isic4_total,2020,66.727
svn,sex_m,age_aggregate_y55_64,eco_isic4_total,2021,64.036
svn,sex_m,age_aggregate_y55_64,eco_isic4_total,2022,67.744
svn,sex_m,age_aggregate_y55_64,eco_isic4_total,2023,67.811
svn,sex_m,age_aggregate_y55_64,eco_isic4_x,2009,0.164
svn,sex_m,age_aggregate_y55_64,eco_isic4_x,2010,0.196
svn,sex_m,age_aggregate_y55_64,eco_isic4_x,2013,0.203
svn,sex_m,age_aggregate_y55_64,eco_isic4_x,2014,0.445
svn,sex_m,age_aggregate_y55_64,eco_isic4_x,2015,0.577
svn,sex_m,age_aggregate_y55_64,eco_isic4_x,2016,0.15
svn,sex_m,age_aggregate_y55_64,eco_isic4_x,2017,0.122
svn,sex_m,age_aggregate_y55_64,eco_isic4_x,2018,0.153
svn,sex_m,age_aggregate_y55_64,eco_isic4_x,2019,0.273
svn,sex_m,age_aggregate_y55_64,eco_isic4_x,2020,0.294
svn,sex_m,age_aggregate_y55_64,eco_isic4_x,2021,0.254
svn,sex_m,age_aggregate_y55_64,eco_isic4_x,2022,0.146
svn,sex_m,age_aggregate_y55_64,eco_isic4_x,2023,0.231
svn,sex_m,age_aggregate_y55_64,eco_sector_agr,1997,0.637
svn,sex_m,age_aggregate_y55_64,eco_sector_agr,1998,0.512
svn,sex_m,age_aggregate_y55_64,eco_sector_agr,1999,0.527
svn,sex_m,age_aggregate_y55_64,eco_sector_agr,2000,0.529
svn,sex_m,age_aggregate_y55_64,eco_sector_agr,2001,0.653
svn,sex_m,age_aggregate_y55_64,eco_sector_agr,2002,0.744
svn,sex_m,age_aggregate_y55_64,eco_sector_agr,2003,0.677
svn,sex_m,age_aggregate_y55_64,eco_sector_agr,2004,0.931
svn,sex_m,age_aggregate_y55_64,eco_sector_agr,2005,0.752
svn,sex_m,age_aggregate_y55_64,eco_sector_agr,2006,0.391
svn,sex_m,age_aggregate_y55_64,eco_sector_agr,2007,1.052
svn,sex_m,age_aggregate_y55_64,eco_sector_agr,2008,1.245
svn,sex_m,age_aggregate_y55_64,eco_sector_agr,2009,1.124
svn,sex_m,age_aggregate_y55_64,eco_sector_agr,2010,0.731
svn,sex_m,age_aggregate_y55_64,eco_sector_agr,2011,0.592
svn,sex_m,age_aggregate_y55_64,eco_sector_agr,2012,0.604
svn,sex_m,age_aggregate_y55_64,eco_sector_agr,2013,0.477
svn,sex_m,age_aggregate_y55_64,eco_sector_agr,2014,0.563
svn,sex_m,age_aggregate_y55_64,eco_sector_agr,2015,0.703
svn,sex_m,age_aggregate_y55_64,eco_sector_agr,2016,0.51
svn,sex_m,age_aggregate_y55_64,eco_sector_agr,2017,0.751
svn,sex_m,age_aggregate_y55_64,eco_sector_agr,2018,1.031
svn,sex_m,age_aggregate_y55_64,eco_sector_agr,2019,1.275
svn,sex_m,age_aggregate_y55_64,eco_sector_agr,2020,1.552
svn,sex_m,age_aggregate_y55_64,eco_sector_agr,2021,0.514
svn,sex_m,age_aggregate_y55_64,eco_sector_agr,2022,0.409
svn,sex_m,age_aggregate_y55_64,eco_sector_agr,2023,1.056
svn,sex_m,age_aggregate_y55_64,eco_sector_ind,1996,7.704
svn,sex_m,age_aggregate_y55_64,eco_sector_ind,1997,7.457
svn,sex_m,age_aggregate_y55_64,eco_sector_ind,1998,8.404
svn,sex_m,age_aggregate_y55_64,eco_sector_ind,1999,9.53
svn,sex_m,age_aggregate_y55_64,eco_sector_ind,2000,8.287
svn,sex_m,age_aggregate_y55_64,eco_sector_ind,2001,8.357
svn,sex_m,age_aggregate_y55_64,eco_sector_ind,2002,11.452
svn,sex_m,age_aggregate_y55_64,eco_sector_ind,2003,8.44
svn,sex_m,age_aggregate_y55_64,eco_sector_ind,2004,13.983
svn,sex_m,age_aggregate_y55_64,eco_sector_ind,2005,16.094
svn,sex_m,age_aggregate_y55_64,eco_sector_ind,2006,17.296
svn,sex_m,age_aggregate_y55_64,eco_sector_ind,2007,18.382
svn,sex_m,age_aggregate_y55_64,eco_sector_ind,2008,20.959
svn,sex_m,age_aggregate_y55_64,eco_sector_ind,2009,19.294
svn,sex_m,age_aggregate_y55_64,eco_sector_ind,2010,21.315
svn,sex_m,age_aggregate_y55_64,eco_sector_ind,2011,16.514
svn,sex_m,age_aggregate_y55_64,eco_sector_ind,2012,16.782
svn,sex_m,age_aggregate_y55_64,eco_sector_ind,2013,18.89
svn,sex_m,age_aggregate_y55_64,eco_sector_ind,2014,20.154
svn,sex_m,age_aggregate_y55_64,eco_sector_ind,2015,20.871
svn,sex_m,age_aggregate_y55_64,eco_sector_ind,2016,22.932
svn,sex_m,age_aggregate_y55_64,eco_sector_ind,2017,27.28
svn,sex_m,age_aggregate_y55_64,eco_sector_ind,2018,25.186
svn,sex_m,age_aggregate_y55_64,eco_sector_ind,2019,26.622
svn,sex_m,age_aggregate_y55_64,eco_sector_ind,2020,31.155
svn,sex_m,age_aggregate_y55_64,eco_sector_ind,2021,27.128
svn,sex_m,age_aggregate_y55_64,eco_sector_ind,2022,29.472
svn,sex_m,age_aggregate_y55_64,eco_sector_ind,2023,32.19
svn,sex_m,age_aggregate_y55_64,eco_sector_nag,1997,13.342
svn,sex_m,age_aggregate_y55_64,eco_sector_nag,1998,18.056
svn,sex_m,age_aggregate_y55_64,eco_sector_nag,1999,18.944
svn,sex_m,age_aggregate_y55_64,eco_sector_nag,2000,18.754
svn,sex_m,age_aggregate_y55_64,eco_sector_nag,2001,19.924
svn,sex_m,age_aggregate_y55_64,eco_sector_nag,2002,23.951
svn,sex_m,age_aggregate_y55_64,eco_sector_nag,2003,21.541
svn,sex_m,age_aggregate_y55_64,eco_sector_nag,2004,29.387
svn,sex_m,age_aggregate_y55_64,eco_sector_nag,2005,32.495
svn,sex_m,age_aggregate_y55_64,eco_sector_nag,2006,34.592
svn,sex_m,age_aggregate_y55_64,eco_sector_nag,2007,36.557
svn,sex_m,age_aggregate_y55_64,eco_sector_nag,2008,39.652
svn,sex_m,age_aggregate_y55_64,eco_sector_nag,2009,40.156
svn,sex_m,age_aggregate_y55_64,eco_sector_nag,2010,42.508
svn,sex_m,age_aggregate_y55_64,eco_sector_nag,2011,37.872
svn,sex_m,age_aggregate_y55_64,eco_sector_nag,2012,39.596
svn,sex_m,age_aggregate_y55_64,eco_sector_nag,2013,41.854
svn,sex_m,age_aggregate_y55_64,eco_sector_nag,2014,41.629
svn,sex_m,age_aggregate_y55_64,eco_sector_nag,2015,44.222
svn,sex_m,age_aggregate_y55_64,eco_sector_nag,2016,48.076
svn,sex_m,age_aggregate_y55_64,eco_sector_nag,2017,51.133
svn,sex_m,age_aggregate_y55_64,eco_sector_nag,2018,54.743
svn,sex_m,age_aggregate_y55_64,eco_sector_nag,2019,58.306
svn,sex_m,age_aggregate_y55_64,eco_sector_nag,2020,65.175
svn,sex_m,age_aggregate_y55_64,eco_sector_nag,2021,63.522
svn,sex_m,age_aggregate_y55_64,eco_sector_nag,2022,67.335
svn,sex_m,age_aggregate_y55_64,eco_sector_nag,2023,66.755
svn,sex_m,age_aggregate_y55_64,eco_sector_ser,1996,7.296
svn,sex_m,age_aggregate_y55_64,eco_sector_ser,1997,5.78
svn,sex_m,age_aggregate_y55_64,eco_sector_ser,1998,9.589
svn,sex_m,age_aggregate_y55_64,eco_sector_ser,1999,9.327
svn,sex_m,age_aggregate_y55_64,eco_sector_ser,2000,10.189
svn,sex_m,age_aggregate_y55_64,eco_sector_ser,2001,11.492
svn,sex_m,age_aggregate_y55_64,eco_sector_ser,2002,12.499
svn,sex_m,age_aggregate_y55_64,eco_sector_ser,2003,13.041
svn,sex_m,age_aggregate_y55_64,eco_sector_ser,2004,15.202
svn,sex_m,age_aggregate_y55_64,eco_sector_ser,2005,16.35
svn,sex_m,age_aggregate_y55_64,eco_sector_ser,2006,17.201
svn,sex_m,age_aggregate_y55_64,eco_sector_ser,2007,18.019
svn,sex_m,age_aggregate_y55_64,eco_sector_ser,2008,18.553
svn,sex_m,age_aggregate_y55_64,eco_sector_ser,2009,20.697
svn,sex_m,age_aggregate_y55_64,eco_sector_ser,2010,20.997
svn,sex_m,age_aggregate_y55_64,eco_sector_ser,2011,21.324
svn,sex_m,age_aggregate_y55_64,eco_sector_ser,2012,22.77
svn,sex_m,age_aggregate_y55_64,eco_sector_ser,2013,22.761
svn,sex_m,age_aggregate_y55_64,eco_sector_ser,2014,21.029
svn,sex_m,age_aggregate_y55_64,eco_sector_ser,2015,22.774
svn,sex_m,age_aggregate_y55_64,eco_sector_ser,2016,24.994
svn,sex_m,age_aggregate_y55_64,eco_sector_ser,2017,23.731
svn,sex_m,age_aggregate_y55_64,eco_sector_ser,2018,29.404
svn,sex_m,age_aggregate_y55_64,eco_sector_ser,2019,31.411
svn,sex_m,age_aggregate_y55_64,eco_sector_ser,2020,33.726
svn,sex_m,age_aggregate_y55_64,eco_sector_ser,2021,36.14
svn,sex_m,age_aggregate_y55_64,eco_sector_ser,2022,37.717
svn,sex_m,age_aggregate_y55_64,eco_sector_ser,2023,34.335
svn,sex_m,age_aggregate_y55_64,eco_sector_total,1996,15.246
svn,sex_m,age_aggregate_y55_64,eco_sector_total,1997,13.979
svn,sex_m,age_aggregate_y55_64,eco_sector_total,1998,18.568
svn,sex_m,age_aggregate_y55_64,eco_sector_total,1999,19.471
svn,sex_m,age_aggregate_y55_64,eco_sector_total,2000,19.284
svn,sex_m,age_aggregate_y55_64,eco_sector_total,2001,20.576
svn,sex_m,age_aggregate_y55_64,eco_sector_total,2002,24.695
svn,sex_m,age_aggregate_y55_64,eco_sector_total,2003,22.218
svn,sex_m,age_aggregate_y55_64,eco_sector_total,2004,30.318
svn,sex_m,age_aggregate_y55_64,eco_sector_total,2005,33.247
svn,sex_m,age_aggregate_y55_64,eco_sector_total,2006,34.983
svn,sex_m,age_aggregate_y55_64,eco_sector_total,2007,37.609
svn,sex_m,age_aggregate_y55_64,eco_sector_total,2008,40.898
svn,sex_m,age_aggregate_y55_64,eco_sector_total,2009,41.28
svn,sex_m,age_aggregate_y55_64,eco_sector_total,2010,43.238
svn,sex_m,age_aggregate_y55_64,eco_sector_total,2011,38.464
svn,sex_m,age_aggregate_y55_64,eco_sector_total,2012,40.201
svn,sex_m,age_aggregate_y55_64,eco_sector_total,2013,42.331
svn,sex_m,age_aggregate_y55_64,eco_sector_total,2014,42.192
svn,sex_m,age_aggregate_y55_64,eco_sector_total,2015,44.925
svn,sex_m,age_aggregate_y55_64,eco_sector_total,2016,48.586
svn,sex_m,age_aggregate_y55_64,eco_sector_total,2017,51.885
svn,sex_m,age_aggregate_y55_64,eco_sector_total,2018,55.774
svn,sex_m,age_aggregate_y55_64,eco_sector_total,2019,59.581
svn,sex_m,age_aggregate_y55_64,eco_sector_total,2020,66.727
svn,sex_m,age_aggregate_y55_64,eco_sector_total,2021,64.036
svn,sex_m,age_aggregate_y55_64,eco_sector_total,2022,67.744
svn,sex_m,age_aggregate_y55_64,eco_sector_total,2023,67.811
svn,sex_m,age_aggregate_y55_64,eco_sector_x,2007,0.156
svn,sex_m,age_aggregate_y55_64,eco_sector_x,2009,0.164
svn,sex_m,age_aggregate_y55_64,eco_sector_x,2010,0.196
svn,sex_m,age_aggregate_y55_64,eco_sector_x,2013,0.203
svn,sex_m,age_aggregate_y55_64,eco_sector_x,2014,0.445
svn,sex_m,age_aggregate_y55_64,eco_sector_x,2015,0.577
svn,sex_m,age_aggregate_y55_64,eco_sector_x,2016,0.15
svn,sex_m,age_aggregate_y55_64,eco_sector_x,2017,0.122
svn,sex_m,age_aggregate_y55_64,eco_sector_x,2018,0.153
svn,sex_m,age_aggregate_y55_64,eco_sector_x,2019,0.273
svn,sex_m,age_aggregate_y55_64,eco_sector_x,2020,0.294
svn,sex_m,age_aggregate_y55_64,eco_sector_x,2021,0.254
svn,sex_m,age_aggregate_y55_64,eco_sector_x,2022,0.146
svn,sex_m,age_aggregate_y55_64,eco_sector_x,2023,0.231
svn,sex_m,age_aggregate_yge65,eco_aggregate_agr,2008,0.16
svn,sex_m,age_aggregate_yge65,eco_aggregate_agr,2021,0.145
svn,sex_m,age_aggregate_yge65,eco_aggregate_agr,2022,0.132
svn,sex_m,age_aggregate_yge65,eco_aggregate_con,2017,0.12
svn,sex_m,age_aggregate_yge65,eco_aggregate_con,2018,0.201
svn,sex_m,age_aggregate_yge65,eco_aggregate_con,2019,0.188
svn,sex_m,age_aggregate_yge65,eco_aggregate_con,2020,0.155
svn,sex_m,age_aggregate_yge65,eco_aggregate_con,2022,0.35
svn,sex_m,age_aggregate_yge65,eco_aggregate_con,2023,0.392
svn,sex_m,age_aggregate_yge65,eco_aggregate_man,2002,0.341
svn,sex_m,age_aggregate_yge65,eco_aggregate_man,2005,0.206
svn,sex_m,age_aggregate_yge65,eco_aggregate_man,2006,0.259
svn,sex_m,age_aggregate_yge65,eco_aggregate_man,2007,0.241
svn,sex_m,age_aggregate_yge65,eco_aggregate_man,2009,0.108
svn,sex_m,age_aggregate_yge65,eco_aggregate_man,2010,0.464
svn,sex_m,age_aggregate_yge65,eco_aggregate_man,2011,0.172
svn,sex_m,age_aggregate_yge65,eco_aggregate_man,2012,0.138
svn,sex_m,age_aggregate_yge65,eco_aggregate_man,2013,0.492
svn,sex_m,age_aggregate_yge65,eco_aggregate_man,2014,0.256
svn,sex_m,age_aggregate_yge65,eco_aggregate_man,2015,0.16
svn,sex_m,age_aggregate_yge65,eco_aggregate_man,2016,0.344
svn,sex_m,age_aggregate_yge65,eco_aggregate_man,2017,0.523
svn,sex_m,age_aggregate_yge65,eco_aggregate_man,2018,0.281
svn,sex_m,age_aggregate_yge65,eco_aggregate_man,2019,0.301
svn,sex_m,age_aggregate_yge65,eco_aggregate_man,2020,0.353
svn,sex_m,age_aggregate_yge65,eco_aggregate_man,2021,0.637
svn,sex_m,age_aggregate_yge65,eco_aggregate_man,2022,0.781
svn,sex_m,age_aggregate_yge65,eco_aggregate_man,2023,0.562
svn,sex_m,age_aggregate_yge65,eco_aggregate_mel,2018,0.121
svn,sex_m,age_aggregate_yge65,eco_aggregate_mel,2019,0.156
svn,sex_m,age_aggregate_yge65,eco_aggregate_mel,2021,0.174
svn,sex_m,age_aggregate_yge65,eco_aggregate_mel,2022,0.175
svn,sex_m,age_aggregate_yge65,eco_aggregate_mkt,1998,1.404
svn,sex_m,age_aggregate_yge65,eco_aggregate_mkt,2005,0.547
svn,sex_m,age_aggregate_yge65,eco_aggregate_mkt,2006,0.418
svn,sex_m,age_aggregate_yge65,eco_aggregate_mkt,2007,0.677
svn,sex_m,age_aggregate_yge65,eco_aggregate_mkt,2008,0.474
svn,sex_m,age_aggregate_yge65,eco_aggregate_mkt,2009,0.462
svn,sex_m,age_aggregate_yge65,eco_aggregate_mkt,2011,0.267
svn,sex_m,age_aggregate_yge65,eco_aggregate_mkt,2012,0.504
svn,sex_m,age_aggregate_yge65,eco_aggregate_mkt,2013,0.625
svn,sex_m,age_aggregate_yge65,eco_aggregate_mkt,2014,0.73
svn,sex_m,age_aggregate_yge65,eco_aggregate_mkt,2015,0.424
svn,sex_m,age_aggregate_yge65,eco_aggregate_mkt,2016,0.589
svn,sex_m,age_aggregate_yge65,eco_aggregate_mkt,2017,0.858
svn,sex_m,age_aggregate_yge65,eco_aggregate_mkt,2018,1.134
svn,sex_m,age_aggregate_yge65,eco_aggregate_mkt,2019,0.744
svn,sex_m,age_aggregate_yge65,eco_aggregate_mkt,2020,1.118
svn,sex_m,age_aggregate_yge65,eco_aggregate_mkt,2021,1.366
svn,sex_m,age_aggregate_yge65,eco_aggregate_mkt,2022,1.992
svn,sex_m,age_aggregate_yge65,eco_aggregate_mkt,2023,1.887
svn,sex_m,age_aggregate_yge65,eco_aggregate_pub,1996,0.438
svn,sex_m,age_aggregate_yge65,eco_aggregate_pub,1998,0.932
svn,sex_m,age_aggregate_yge65,eco_aggregate_pub,1999,1.223
svn,sex_m,age_aggregate_yge65,eco_aggregate_pub,2000,1.143
svn,sex_m,age_aggregate_yge65,eco_aggregate_pub,2001,0.876
svn,sex_m,age_aggregate_yge65,eco_aggregate_pub,2002,0.925
svn,sex_m,age_aggregate_yge65,eco_aggregate_pub,2003,0.518
svn,sex_m,age_aggregate_yge65,eco_aggregate_pub,2004,1.302
svn,sex_m,age_aggregate_yge65,eco_aggregate_pub,2005,1.402
svn,sex_m,age_aggregate_yge65,eco_aggregate_pub,2006,1.496
svn,sex_m,age_aggregate_yge65,eco_aggregate_pub,2007,0.757
svn,sex_m,age_aggregate_yge65,eco_aggregate_pub,2008,0.565
svn,sex_m,age_aggregate_yge65,eco_aggregate_pub,2009,0.991
svn,sex_m,age_aggregate_yge65,eco_aggregate_pub,2010,1.345
svn,sex_m,age_aggregate_yge65,eco_aggregate_pub,2011,0.916
svn,sex_m,age_aggregate_yge65,eco_aggregate_pub,2012,0.782
svn,sex_m,age_aggregate_yge65,eco_aggregate_pub,2013,1.079
svn,sex_m,age_aggregate_yge65,eco_aggregate_pub,2014,0.811
svn,sex_m,age_aggregate_yge65,eco_aggregate_pub,2015,0.751
svn,sex_m,age_aggregate_yge65,eco_aggregate_pub,2016,1.15
svn,sex_m,age_aggregate_yge65,eco_aggregate_pub,2017,1.275
svn,sex_m,age_aggregate_yge65,eco_aggregate_pub,2018,1.384
svn,sex_m,age_aggregate_yge65,eco_aggregate_pub,2019,1.456
svn,sex_m,age_aggregate_yge65,eco_aggregate_pub,2020,1.788
svn,sex_m,age_aggregate_yge65,eco_aggregate_pub,2021,2.275
svn,sex_m,age_aggregate_yge65,eco_aggregate_pub,2022,2.067
svn,sex_m,age_aggregate_yge65,eco_aggregate_pub,2023,1.725
svn,sex_m,age_aggregate_yge65,eco_aggregate_total,1996,0.816
svn,sex_m,age_aggregate_yge65,eco_aggregate_total,1997,1.344
svn,sex_m,age_aggregate_yge65,eco_aggregate_total,1998,2.538
svn,sex_m,age_aggregate_yge65,eco_aggregate_total,1999,1.562
svn,sex_m,age_aggregate_yge65,eco_aggregate_total,2000,1.338
svn,sex_m,age_aggregate_yge65,eco_aggregate_total,2001,0.974
svn,sex_m,age_aggregate_yge65,eco_aggregate_total,2002,1.509
svn,sex_m,age_aggregate_yge65,eco_aggregate_total,2003,1.243
svn,sex_m,age_aggregate_yge65,eco_aggregate_total,2004,1.828
svn,sex_m,age_aggregate_yge65,eco_aggregate_total,2005,2.284
svn,sex_m,age_aggregate_yge65,eco_aggregate_total,2006,2.249
svn,sex_m,age_aggregate_yge65,eco_aggregate_total,2007,1.885
svn,sex_m,age_aggregate_yge65,eco_aggregate_total,2008,1.38
svn,sex_m,age_aggregate_yge65,eco_aggregate_total,2009,1.713
svn,sex_m,age_aggregate_yge65,eco_aggregate_total,2010,2.078
svn,sex_m,age_aggregate_yge65,eco_aggregate_total,2011,1.513
svn,sex_m,age_aggregate_yge65,eco_aggregate_total,2012,1.513
svn,sex_m,age_aggregate_yge65,eco_aggregate_total,2013,2.317
svn,sex_m,age_aggregate_yge65,eco_aggregate_total,2014,1.904
svn,sex_m,age_aggregate_yge65,eco_aggregate_total,2015,1.514
svn,sex_m,age_aggregate_yge65,eco_aggregate_total,2016,2.358
svn,sex_m,age_aggregate_yge65,eco_aggregate_total,2017,2.897
svn,sex_m,age_aggregate_yge65,eco_aggregate_total,2018,3.136
svn,sex_m,age_aggregate_yge65,eco_aggregate_total,2019,3.007
svn,sex_m,age_aggregate_yge65,eco_aggregate_total,2020,3.577
svn,sex_m,age_aggregate_yge65,eco_aggregate_total,2021,4.701
svn,sex_m,age_aggregate_yge65,eco_aggregate_total,2022,5.531
svn,sex_m,age_aggregate_yge65,eco_aggregate_total,2023,4.66
svn,sex_m,age_aggregate_yge65,eco_isic3_d,2002,0.341
svn,sex_m,age_aggregate_yge65,eco_isic3_d,2005,0.206
svn,sex_m,age_aggregate_yge65,eco_isic3_d,2006,0.259
svn,sex_m,age_aggregate_yge65,eco_isic3_d,2007,0.241
svn,sex_m,age_aggregate_yge65,eco_isic3_i,2007,0.229
svn,sex_m,age_aggregate_yge65,eco_isic3_k,1998,0.753
svn,sex_m,age_aggregate_yge65,eco_isic3_k,2005,0.437
svn,sex_m,age_aggregate_yge65,eco_isic3_k,2006,0.227
svn,sex_m,age_aggregate_yge65,eco_isic3_k,2007,0.348
svn,sex_m,age_aggregate_yge65,eco_isic3_l,2004,0.624
svn,sex_m,age_aggregate_yge65,eco_isic3_l,2005,0.236
svn,sex_m,age_aggregate_yge65,eco_isic3_l,2006,0.417
svn,sex_m,age_aggregate_yge65,eco_isic3_l,2007,0.141
svn,sex_m,age_aggregate_yge65,eco_isic3_m,1998,0.649
svn,sex_m,age_aggregate_yge65,eco_isic3_m,2005,0.728
svn,sex_m,age_aggregate_yge65,eco_isic3_m,2006,0.389
svn,sex_m,age_aggregate_yge65,eco_isic3_n,2005,0.217
svn,sex_m,age_aggregate_yge65,eco_isic3_n,2006,0.294
svn,sex_m,age_aggregate_yge65,eco_isic3_n,2007,0.357
svn,sex_m,age_aggregate_yge65,eco_isic3_o,2005,0.221
svn,sex_m,age_aggregate_yge65,eco_isic3_o,2006,0.396
svn,sex_m,age_aggregate_yge65,eco_isic3_o,2007,0.164
svn,sex_m,age_aggregate_yge65,eco_isic3_total,1996,0.816
svn,sex_m,age_aggregate_yge65,eco_isic3_total,1997,1.344
svn,sex_m,age_aggregate_yge65,eco_isic3_total,1998,2.538
svn,sex_m,age_aggregate_yge65,eco_isic3_total,1999,1.562
svn,sex_m,age_aggregate_yge65,eco_isic3_total,2000,1.338
svn,sex_m,age_aggregate_yge65,eco_isic3_total,2001,0.974
svn,sex_m,age_aggregate_yge65,eco_isic3_total,2002,1.509
svn,sex_m,age_aggregate_yge65,eco_isic3_total,2003,1.243
svn,sex_m,age_aggregate_yge65,eco_isic3_total,2004,1.828
svn,sex_m,age_aggregate_yge65,eco_isic3_total,2005,2.284
svn,sex_m,age_aggregate_yge65,eco_isic3_total,2006,2.249
svn,sex_m,age_aggregate_yge65,eco_isic3_total,2007,1.885
svn,sex_m,age_aggregate_yge65,eco_isic4_a,2008,0.16
svn,sex_m,age_aggregate_yge65,eco_isic4_a,2021,0.145
svn,sex_m,age_aggregate_yge65,eco_isic4_a,2022,0.132
svn,sex_m,age_aggregate_yge65,eco_isic4_c,2009,0.108
svn,sex_m,age_aggregate_yge65,eco_isic4_c,2010,0.464
svn,sex_m,age_aggregate_yge65,eco_isic4_c,2011,0.172
svn,sex_m,age_aggregate_yge65,eco_isic4_c,2012,0.138
svn,sex_m,age_aggregate_yge65,eco_isic4_c,2013,0.492
svn,sex_m,age_aggregate_yge65,eco_isic4_c,2014,0.256
svn,sex_m,age_aggregate_yge65,eco_isic4_c,2015,0.16
svn,sex_m,age_aggregate_yge65,eco_isic4_c,2016,0.344
svn,sex_m,age_aggregate_yge65,eco_isic4_c,2017,0.523
svn,sex_m,age_aggregate_yge65,eco_isic4_c,2018,0.281
svn,sex_m,age_aggregate_yge65,eco_isic4_c,2019,0.301
svn,sex_m,age_aggregate_yge65,eco_isic4_c,2020,0.353
svn,sex_m,age_aggregate_yge65,eco_isic4_c,2021,0.637
svn,sex_m,age_aggregate_yge65,eco_isic4_c,2022,0.781
svn,sex_m,age_aggregate_yge65,eco_isic4_c,2023,0.562
svn,sex_m,age_aggregate_yge65,eco_isic4_d,2019,0.128
svn,sex_m,age_aggregate_yge65,eco_isic4_d,2021,0.154
svn,sex_m,age_aggregate_yge65,eco_isic4_f,2017,0.12
svn,sex_m,age_aggregate_yge65,eco_isic4_f,2018,0.201
svn,sex_m,age_aggregate_yge65,eco_isic4_f,2019,0.188
svn,sex_m,age_aggregate_yge65,eco_isic4_f,2020,0.155
svn,sex_m,age_aggregate_yge65,eco_isic4_f,2022,0.35
svn,sex_m,age_aggregate_yge65,eco_isic4_f,2023,0.392
svn,sex_m,age_aggregate_yge65,eco_isic4_g,2017,0.252
svn,sex_m,age_aggregate_yge65,eco_isic4_g,2018,0.182
svn,sex_m,age_aggregate_yge65,eco_isic4_g,2021,0.143
svn,sex_m,age_aggregate_yge65,eco_isic4_g,2022,0.229
svn,sex_m,age_aggregate_yge65,eco_isic4_g,2023,0.438
svn,sex_m,age_aggregate_yge65,eco_isic4_h,2016,0.166
svn,sex_m,age_aggregate_yge65,eco_isic4_h,2017,0.169
svn,sex_m,age_aggregate_yge65,eco_isic4_h,2018,0.27
svn,sex_m,age_aggregate_yge65,eco_isic4_h,2019,0.108
svn,sex_m,age_aggregate_yge65,eco_isic4_h,2020,0.146
svn,sex_m,age_aggregate_yge65,eco_isic4_h,2021,0.306
svn,sex_m,age_aggregate_yge65,eco_isic4_h,2022,0.53
svn,sex_m,age_aggregate_yge65,eco_isic4_h,2023,0.235
svn,sex_m,age_aggregate_yge65,eco_isic4_j,2014,0.199
svn,sex_m,age_aggregate_yge65,eco_isic4_j,2017,0.105
svn,sex_m,age_aggregate_yge65,eco_isic4_j,2018,0.255
svn,sex_m,age_aggregate_yge65,eco_isic4_j,2019,0.245
svn,sex_m,age_aggregate_yge65,eco_isic4_j,2020,0.382
svn,sex_m,age_aggregate_yge65,eco_isic4_j,2021,0.084
svn,sex_m,age_aggregate_yge65,eco_isic4_j,2022,0.247
svn,sex_m,age_aggregate_yge65,eco_isic4_j,2023,0.193
svn,sex_m,age_aggregate_yge65,eco_isic4_k,2019,0.13
svn,sex_m,age_aggregate_yge65,eco_isic4_k,2022,0.16
svn,sex_m,age_aggregate_yge65,eco_isic4_m,2008,0.305
svn,sex_m,age_aggregate_yge65,eco_isic4_m,2009,0.21
svn,sex_m,age_aggregate_yge65,eco_isic4_m,2012,0.318
svn,sex_m,age_aggregate_yge65,eco_isic4_m,2013,0.239
svn,sex_m,age_aggregate_yge65,eco_isic4_m,2017,0.107
svn,sex_m,age_aggregate_yge65,eco_isic4_m,2018,0.145
svn,sex_m,age_aggregate_yge65,eco_isic4_m,2019,0.12
svn,sex_m,age_aggregate_yge65,eco_isic4_m,2020,0.209
svn,sex_m,age_aggregate_yge65,eco_isic4_m,2021,0.556
svn,sex_m,age_aggregate_yge65,eco_isic4_m,2022,0.629
svn,sex_m,age_aggregate_yge65,eco_isic4_m,2023,0.705
svn,sex_m,age_aggregate_yge65,eco_isic4_n,2020,0.148
svn,sex_m,age_aggregate_yge65,eco_isic4_n,2022,0.104
svn,sex_m,age_aggregate_yge65,eco_isic4_n,2023,0.143
svn,sex_m,age_aggregate_yge65,eco_isic4_o,2009,0.098
svn,sex_m,age_aggregate_yge65,eco_isic4_o,2010,0.195
svn,sex_m,age_aggregate_yge65,eco_isic4_o,2011,0.269
svn,sex_m,age_aggregate_yge65,eco_isic4_o,2012,0.238
svn,sex_m,age_aggregate_yge65,eco_isic4_o,2013,0.369
svn,sex_m,age_aggregate_yge65,eco_isic4_o,2014,0.166
svn,sex_m,age_aggregate_yge65,eco_isic4_o,2016,0.169
svn,sex_m,age_aggregate_yge65,eco_isic4_o,2017,0.297
svn,sex_m,age_aggregate_yge65,eco_isic4_o,2018,0.381
svn,sex_m,age_aggregate_yge65,eco_isic4_o,2019,0.331
svn,sex_m,age_aggregate_yge65,eco_isic4_o,2020,0.337
svn,sex_m,age_aggregate_yge65,eco_isic4_o,2021,0.414
svn,sex_m,age_aggregate_yge65,eco_isic4_o,2022,0.464
svn,sex_m,age_aggregate_yge65,eco_isic4_o,2023,0.784
svn,sex_m,age_aggregate_yge65,eco_isic4_p,2008,0.166
svn,sex_m,age_aggregate_yge65,eco_isic4_p,2009,0.403
svn,sex_m,age_aggregate_yge65,eco_isic4_p,2010,0.439
svn,sex_m,age_aggregate_yge65,eco_isic4_p,2011,0.25
svn,sex_m,age_aggregate_yge65,eco_isic4_p,2012,0.193
svn,sex_m,age_aggregate_yge65,eco_isic4_p,2013,0.232
svn,sex_m,age_aggregate_yge65,eco_isic4_p,2014,0.261
svn,sex_m,age_aggregate_yge65,eco_isic4_p,2015,0.216
svn,sex_m,age_aggregate_yge65,eco_isic4_p,2016,0.468
svn,sex_m,age_aggregate_yge65,eco_isic4_p,2017,0.447
svn,sex_m,age_aggregate_yge65,eco_isic4_p,2018,0.322
svn,sex_m,age_aggregate_yge65,eco_isic4_p,2019,0.453
svn,sex_m,age_aggregate_yge65,eco_isic4_p,2020,0.6
svn,sex_m,age_aggregate_yge65,eco_isic4_p,2021,0.66
svn,sex_m,age_aggregate_yge65,eco_isic4_p,2022,0.412
svn,sex_m,age_aggregate_yge65,eco_isic4_p,2023,0.137
svn,sex_m,age_aggregate_yge65,eco_isic4_q,2008,0.267
svn,sex_m,age_aggregate_yge65,eco_isic4_q,2009,0.182
svn,sex_m,age_aggregate_yge65,eco_isic4_q,2010,0.381
svn,sex_m,age_aggregate_yge65,eco_isic4_q,2011,0.328
svn,sex_m,age_aggregate_yge65,eco_isic4_q,2012,0.243
svn,sex_m,age_aggregate_yge65,eco_isic4_q,2013,0.337
svn,sex_m,age_aggregate_yge65,eco_isic4_q,2014,0.357
svn,sex_m,age_aggregate_yge65,eco_isic4_q,2015,0.326
svn,sex_m,age_aggregate_yge65,eco_isic4_q,2016,0.44
svn,sex_m,age_aggregate_yge65,eco_isic4_q,2017,0.276
svn,sex_m,age_aggregate_yge65,eco_isic4_q,2018,0.356
svn,sex_m,age_aggregate_yge65,eco_isic4_q,2019,0.509
svn,sex_m,age_aggregate_yge65,eco_isic4_q,2020,0.512
svn,sex_m,age_aggregate_yge65,eco_isic4_q,2021,0.61
svn,sex_m,age_aggregate_yge65,eco_isic4_q,2022,0.46
svn,sex_m,age_aggregate_yge65,eco_isic4_q,2023,0.524
svn,sex_m,age_aggregate_yge65,eco_isic4_r,2019,0.139
svn,sex_m,age_aggregate_yge65,eco_isic4_r,2021,0.178
svn,sex_m,age_aggregate_yge65,eco_isic4_r,2022,0.2
svn,sex_m,age_aggregate_yge65,eco_isic4_s,2010,0.147
svn,sex_m,age_aggregate_yge65,eco_isic4_s,2017,0.102
svn,sex_m,age_aggregate_yge65,eco_isic4_s,2018,0.205
svn,sex_m,age_aggregate_yge65,eco_isic4_s,2020,0.263
svn,sex_m,age_aggregate_yge65,eco_isic4_s,2021,0.412
svn,sex_m,age_aggregate_yge65,eco_isic4_s,2022,0.532
svn,sex_m,age_aggregate_yge65,eco_isic4_total,2008,1.38
svn,sex_m,age_aggregate_yge65,eco_isic4_total,2009,1.713
svn,sex_m,age_aggregate_yge65,eco_isic4_total,2010,2.078
svn,sex_m,age_aggregate_yge65,eco_isic4_total,2011,1.513
svn,sex_m,age_aggregate_yge65,eco_isic4_total,2012,1.513
svn,sex_m,age_aggregate_yge65,eco_isic4_total,2013,2.317
svn,sex_m,age_aggregate_yge65,eco_isic4_total,2014,1.904
svn,sex_m,age_aggregate_yge65,eco_isic4_total,2015,1.514
svn,sex_m,age_aggregate_yge65,eco_isic4_total,2016,2.358
svn,sex_m,age_aggregate_yge65,eco_isic4_total,2017,2.897
svn,sex_m,age_aggregate_yge65,eco_isic4_total,2018,3.136
svn,sex_m,age_aggregate_yge65,eco_isic4_total,2019,3.007
svn,sex_m,age_aggregate_yge65,eco_isic4_total,2020,3.577
svn,sex_m,age_aggregate_yge65,eco_isic4_total,2021,4.701
svn,sex_m,age_aggregate_yge65,eco_isic4_total,2022,5.531
svn,sex_m,age_aggregate_yge65,eco_isic4_total,2023,4.66
svn,sex_m,age_aggregate_yge65,eco_sector_agr,2008,0.16
svn,sex_m,age_aggregate_yge65,eco_sector_agr,2021,0.145
svn,sex_m,age_aggregate_yge65,eco_sector_agr,2022,0.132
svn,sex_m,age_aggregate_yge65,eco_sector_ind,1997,0.562
svn,sex_m,age_aggregate_yge65,eco_sector_ind,2002,0.341
svn,sex_m,age_aggregate_yge65,eco_sector_ind,2005,0.217
svn,sex_m,age_aggregate_yge65,eco_sector_ind,2006,0.286
svn,sex_m,age_aggregate_yge65,eco_sector_ind,2007,0.241
svn,sex_m,age_aggregate_yge65,eco_sector_ind,2008,0.158
svn,sex_m,age_aggregate_yge65,eco_sector_ind,2009,0.148
svn,sex_m,age_aggregate_yge65,eco_sector_ind,2010,0.516
svn,sex_m,age_aggregate_yge65,eco_sector_ind,2011,0.293
svn,sex_m,age_aggregate_yge65,eco_sector_ind,2012,0.196
svn,sex_m,age_aggregate_yge65,eco_sector_ind,2013,0.541
svn,sex_m,age_aggregate_yge65,eco_sector_ind,2014,0.343
svn,sex_m,age_aggregate_yge65,eco_sector_ind,2015,0.189
svn,sex_m,age_aggregate_yge65,eco_sector_ind,2016,0.344
svn,sex_m,age_aggregate_yge65,eco_sector_ind,2017,0.67
svn,sex_m,age_aggregate_yge65,eco_sector_ind,2018,0.602
svn,sex_m,age_aggregate_yge65,eco_sector_ind,2019,0.645
svn,sex_m,age_aggregate_yge65,eco_sector_ind,2020,0.624
svn,sex_m,age_aggregate_yge65,eco_sector_ind,2021,0.877
svn,sex_m,age_aggregate_yge65,eco_sector_ind,2022,1.306
svn,sex_m,age_aggregate_yge65,eco_sector_ind,2023,1.032
svn,sex_m,age_aggregate_yge65,eco_sector_nag,2008,1.22
svn,sex_m,age_aggregate_yge65,eco_sector_nag,2021,4.556
svn,sex_m,age_aggregate_yge65,eco_sector_nag,2022,5.399
svn,sex_m,age_aggregate_yge65,eco_sector_ser,1996,0.62
svn,sex_m,age_aggregate_yge65,eco_sector_ser,1997,0.691
svn,sex_m,age_aggregate_yge65,eco_sector_ser,1998,2.336
svn,sex_m,age_aggregate_yge65,eco_sector_ser,1999,1.254
svn,sex_m,age_aggregate_yge65,eco_sector_ser,2000,1.219
svn,sex_m,age_aggregate_yge65,eco_sector_ser,2001,0.876
svn,sex_m,age_aggregate_yge65,eco_sector_ser,2002,1.028
svn,sex_m,age_aggregate_yge65,eco_sector_ser,2003,0.764
svn,sex_m,age_aggregate_yge65,eco_sector_ser,2004,1.552
svn,sex_m,age_aggregate_yge65,eco_sector_ser,2005,1.949
svn,sex_m,age_aggregate_yge65,eco_sector_ser,2006,1.914
svn,sex_m,age_aggregate_yge65,eco_sector_ser,2007,1.434
svn,sex_m,age_aggregate_yge65,eco_sector_ser,2008,1.039
svn,sex_m,age_aggregate_yge65,eco_sector_ser,2009,1.452
svn,sex_m,age_aggregate_yge65,eco_sector_ser,2010,1.428
svn,sex_m,age_aggregate_yge65,eco_sector_ser,2011,1.184
svn,sex_m,age_aggregate_yge65,eco_sector_ser,2012,1.286
svn,sex_m,age_aggregate_yge65,eco_sector_ser,2013,1.705
svn,sex_m,age_aggregate_yge65,eco_sector_ser,2014,1.541
svn,sex_m,age_aggregate_yge65,eco_sector_ser,2015,1.176
svn,sex_m,age_aggregate_yge65,eco_sector_ser,2016,1.74
svn,sex_m,age_aggregate_yge65,eco_sector_ser,2017,2.133
svn,sex_m,age_aggregate_yge65,eco_sector_ser,2018,2.518
svn,sex_m,age_aggregate_yge65,eco_sector_ser,2019,2.2
svn,sex_m,age_aggregate_yge65,eco_sector_ser,2020,2.905
svn,sex_m,age_aggregate_yge65,eco_sector_ser,2021,3.642
svn,sex_m,age_aggregate_yge65,eco_sector_ser,2022,4.06
svn,sex_m,age_aggregate_yge65,eco_sector_ser,2023,3.612
svn,sex_m,age_aggregate_yge65,eco_sector_total,1996,0.816
svn,sex_m,age_aggregate_yge65,eco_sector_total,1997,1.344
svn,sex_m,age_aggregate_yge65,eco_sector_total,1998,2.538
svn,sex_m,age_aggregate_yge65,eco_sector_total,1999,1.562
svn,sex_m,age_aggregate_yge65,eco_sector_total,2000,1.338
svn,sex_m,age_aggregate_yge65,eco_sector_total,2001,0.974
svn,sex_m,age_aggregate_yge65,eco_sector_total,2002,1.509
svn,sex_m,age_aggregate_yge65,eco_sector_total,2003,1.243
svn,sex_m,age_aggregate_yge65,eco_sector_total,2004,1.828
svn,sex_m,age_aggregate_yge65,eco_sector_total,2005,2.284
svn,sex_m,age_aggregate_yge65,eco_sector_total,2006,2.249
svn,sex_m,age_aggregate_yge65,eco_sector_total,2007,1.885
svn,sex_m,age_aggregate_yge65,eco_sector_total,2008,1.38
svn,sex_m,age_aggregate_yge65,eco_sector_total,2009,1.713
svn,sex_m,age_aggregate_yge65,eco_sector_total,2010,2.078
svn,sex_m,age_aggregate_yge65,eco_sector_total,2011,1.513
svn,sex_m,age_aggregate_yge65,eco_sector_total,2012,1.513
svn,sex_m,age_aggregate_yge65,eco_sector_total,2013,2.317
svn,sex_m,age_aggregate_yge65,eco_sector_total,2014,1.904
svn,sex_m,age_aggregate_yge65,eco_sector_total,2015,1.514
svn,sex_m,age_aggregate_yge65,eco_sector_total,2016,2.358
svn,sex_m,age_aggregate_yge65,eco_sector_total,2017,2.897
svn,sex_m,age_aggregate_yge65,eco_sector_total,2018,3.136
svn,sex_m,age_aggregate_yge65,eco_sector_total,2019,3.007
svn,sex_m,age_aggregate_yge65,eco_sector_total,2020,3.577
svn,sex_m,age_aggregate_yge65,eco_sector_total,2021,4.701
svn,sex_m,age_aggregate_yge65,eco_sector_total,2022,5.531
svn,sex_m,age_aggregate_yge65,eco_sector_total,2023,4.66
svn,sex_m,age_ythadult_y15_24,eco_aggregate_agr,1996,1.328
svn,sex_m,age_ythadult_y15_24,eco_aggregate_agr,1997,1.2
svn,sex_m,age_ythadult_y15_24,eco_aggregate_agr,1998,0.656
svn,sex_m,age_ythadult_y15_24,eco_aggregate_agr,1999,0.474
svn,sex_m,age_ythadult_y15_24,eco_aggregate_agr,2001,0.519
svn,sex_m,age_ythadult_y15_24,eco_aggregate_agr,2002,0.911
svn,sex_m,age_ythadult_y15_24,eco_aggregate_agr,2003,0.479
svn,sex_m,age_ythadult_y15_24,eco_aggregate_agr,2004,1.153
svn,sex_m,age_ythadult_y15_24,eco_aggregate_agr,2005,0.457
svn,sex_m,age_ythadult_y15_24,eco_aggregate_agr,2006,0.973
svn,sex_m,age_ythadult_y15_24,eco_aggregate_agr,2007,0.95
svn,sex_m,age_ythadult_y15_24,eco_aggregate_agr,2008,0.858
svn,sex_m,age_ythadult_y15_24,eco_aggregate_agr,2009,0.752
svn,sex_m,age_ythadult_y15_24,eco_aggregate_agr,2010,0.569
svn,sex_m,age_ythadult_y15_24,eco_aggregate_agr,2011,0.446
svn,sex_m,age_ythadult_y15_24,eco_aggregate_agr,2012,0.375
svn,sex_m,age_ythadult_y15_24,eco_aggregate_agr,2013,0.678
svn,sex_m,age_ythadult_y15_24,eco_aggregate_agr,2014,0.628
svn,sex_m,age_ythadult_y15_24,eco_aggregate_agr,2015,0.36
svn,sex_m,age_ythadult_y15_24,eco_aggregate_agr,2016,0.165
svn,sex_m,age_ythadult_y15_24,eco_aggregate_agr,2017,0.4
svn,sex_m,age_ythadult_y15_24,eco_aggregate_agr,2018,0.297
svn,sex_m,age_ythadult_y15_24,eco_aggregate_agr,2019,0.5
svn,sex_m,age_ythadult_y15_24,eco_aggregate_agr,2020,0.349
svn,sex_m,age_ythadult_y15_24,eco_aggregate_agr,2021,0.224
svn,sex_m,age_ythadult_y15_24,eco_aggregate_agr,2022,0.114
svn,sex_m,age_ythadult_y15_24,eco_aggregate_agr,2023,0.205
svn,sex_m,age_ythadult_y15_24,eco_aggregate_con,1996,5.846
svn,sex_m,age_ythadult_y15_24,eco_aggregate_con,1997,6.642
svn,sex_m,age_ythadult_y15_24,eco_aggregate_con,1998,5.299
svn,sex_m,age_ythadult_y15_24,eco_aggregate_con,1999,5.809
svn,sex_m,age_ythadult_y15_24,eco_aggregate_con,2000,4.82
svn,sex_m,age_ythadult_y15_24,eco_aggregate_con,2001,4.987
svn,sex_m,age_ythadult_y15_24,eco_aggregate_con,2002,5.12
svn,sex_m,age_ythadult_y15_24,eco_aggregate_con,2003,3.793
svn,sex_m,age_ythadult_y15_24,eco_aggregate_con,2004,4.753
svn,sex_m,age_ythadult_y15_24,eco_aggregate_con,2005,5.014
svn,sex_m,age_ythadult_y15_24,eco_aggregate_con,2006,5.18
svn,sex_m,age_ythadult_y15_24,eco_aggregate_con,2007,5.264
svn,sex_m,age_ythadult_y15_24,eco_aggregate_con,2008,7.112
svn,sex_m,age_ythadult_y15_24,eco_aggregate_con,2009,5.945
svn,sex_m,age_ythadult_y15_24,eco_aggregate_con,2010,4.556
svn,sex_m,age_ythadult_y15_24,eco_aggregate_con,2011,3.47
svn,sex_m,age_ythadult_y15_24,eco_aggregate_con,2012,2.828
svn,sex_m,age_ythadult_y15_24,eco_aggregate_con,2013,2.958
svn,sex_m,age_ythadult_y15_24,eco_aggregate_con,2014,2.806
svn,sex_m,age_ythadult_y15_24,eco_aggregate_con,2015,2.488
svn,sex_m,age_ythadult_y15_24,eco_aggregate_con,2016,1.871
svn,sex_m,age_ythadult_y15_24,eco_aggregate_con,2017,1.884
svn,sex_m,age_ythadult_y15_24,eco_aggregate_con,2018,2.901
svn,sex_m,age_ythadult_y15_24,eco_aggregate_con,2019,2.506
svn,sex_m,age_ythadult_y15_24,eco_aggregate_con,2020,2.689
svn,sex_m,age_ythadult_y15_24,eco_aggregate_con,2021,2.417
svn,sex_m,age_ythadult_y15_24,eco_aggregate_con,2022,2.873
svn,sex_m,age_ythadult_y15_24,eco_aggregate_con,2023,4.563
svn,sex_m,age_ythadult_y15_24,eco_aggregate_man,1996,23.538
svn,sex_m,age_ythadult_y15_24,eco_aggregate_man,1997,23.341
svn,sex_m,age_ythadult_y15_24,eco_aggregate_man,1998,20.659
svn,sex_m,age_ythadult_y15_24,eco_aggregate_man,1999,16.383
svn,sex_m,age_ythadult_y15_24,eco_aggregate_man,2000,17.737
svn,sex_m,age_ythadult_y15_24,eco_aggregate_man,2001,17.822
svn,sex_m,age_ythadult_y15_24,eco_aggregate_man,2002,19.013
svn,sex_m,age_ythadult_y15_24,eco_aggregate_man,2003,17.21
svn,sex_m,age_ythadult_y15_24,eco_aggregate_man,2004,16.331
svn,sex_m,age_ythadult_y15_24,eco_aggregate_man,2005,17.356
svn,sex_m,age_ythadult_y15_24,eco_aggregate_man,2006,18.216
svn,sex_m,age_ythadult_y15_24,eco_aggregate_man,2007,18.992
svn,sex_m,age_ythadult_y15_24,eco_aggregate_man,2008,15.873
svn,sex_m,age_ythadult_y15_24,eco_aggregate_man,2009,11.394
svn,sex_m,age_ythadult_y15_24,eco_aggregate_man,2010,11.417
svn,sex_m,age_ythadult_y15_24,eco_aggregate_man,2011,11.627
svn,sex_m,age_ythadult_y15_24,eco_aggregate_man,2012,9.211
svn,sex_m,age_ythadult_y15_24,eco_aggregate_man,2013,9.86
svn,sex_m,age_ythadult_y15_24,eco_aggregate_man,2014,9.573
svn,sex_m,age_ythadult_y15_24,eco_aggregate_man,2015,10.223
svn,sex_m,age_ythadult_y15_24,eco_aggregate_man,2016,11.276
svn,sex_m,age_ythadult_y15_24,eco_aggregate_man,2017,15.142
svn,sex_m,age_ythadult_y15_24,eco_aggregate_man,2018,14.013
svn,sex_m,age_ythadult_y15_24,eco_aggregate_man,2019,12.252
svn,sex_m,age_ythadult_y15_24,eco_aggregate_man,2020,10.314
svn,sex_m,age_ythadult_y15_24,eco_aggregate_man,2021,10.822
svn,sex_m,age_ythadult_y15_24,eco_aggregate_man,2022,10.974
svn,sex_m,age_ythadult_y15_24,eco_aggregate_man,2023,12.209
svn,sex_m,age_ythadult_y15_24,eco_aggregate_mel,1996,1.42
svn,sex_m,age_ythadult_y15_24,eco_aggregate_mel,1997,1.395
svn,sex_m,age_ythadult_y15_24,eco_aggregate_mel,1998,1.01
svn,sex_m,age_ythadult_y15_24,eco_aggregate_mel,1999,0.536
svn,sex_m,age_ythadult_y15_24,eco_aggregate_mel,2000,0.761
svn,sex_m,age_ythadult_y15_24,eco_aggregate_mel,2004,0.793
svn,sex_m,age_ythadult_y15_24,eco_aggregate_mel,2005,0.617
svn,sex_m,age_ythadult_y15_24,eco_aggregate_mel,2006,0.738
svn,sex_m,age_ythadult_y15_24,eco_aggregate_mel,2007,0.527
svn,sex_m,age_ythadult_y15_24,eco_aggregate_mel,2008,0.802
svn,sex_m,age_ythadult_y15_24,eco_aggregate_mel,2009,0.954
svn,sex_m,age_ythadult_y15_24,eco_aggregate_mel,2010,0.483
svn,sex_m,age_ythadult_y15_24,eco_aggregate_mel,2011,0.61
svn,sex_m,age_ythadult_y15_24,eco_aggregate_mel,2012,1.088
svn,sex_m,age_ythadult_y15_24,eco_aggregate_mel,2013,0.742
svn,sex_m,age_ythadult_y15_24,eco_aggregate_mel,2014,0.494
svn,sex_m,age_ythadult_y15_24,eco_aggregate_mel,2015,0.657
svn,sex_m,age_ythadult_y15_24,eco_aggregate_mel,2016,0.564
svn,sex_m,age_ythadult_y15_24,eco_aggregate_mel,2017,1.123
svn,sex_m,age_ythadult_y15_24,eco_aggregate_mel,2018,0.903
svn,sex_m,age_ythadult_y15_24,eco_aggregate_mel,2019,1.199
svn,sex_m,age_ythadult_y15_24,eco_aggregate_mel,2020,0.751
svn,sex_m,age_ythadult_y15_24,eco_aggregate_mel,2021,0.708
svn,sex_m,age_ythadult_y15_24,eco_aggregate_mel,2022,0.597
svn,sex_m,age_ythadult_y15_24,eco_aggregate_mel,2023,0.737
svn,sex_m,age_ythadult_y15_24,eco_aggregate_mkt,1996,15.808
svn,sex_m,age_ythadult_y15_24,eco_aggregate_mkt,1997,18.961
svn,sex_m,age_ythadult_y15_24,eco_aggregate_mkt,1998,17.521
svn,sex_m,age_ythadult_y15_24,eco_aggregate_mkt,1999,18.32
svn,sex_m,age_ythadult_y15_24,eco_aggregate_mkt,2000,17.693
svn,sex_m,age_ythadult_y15_24,eco_aggregate_mkt,2001,15.29
svn,sex_m,age_ythadult_y15_24,eco_aggregate_mkt,2002,16.53
svn,sex_m,age_ythadult_y15_24,eco_aggregate_mkt,2003,15.785
svn,sex_m,age_ythadult_y15_24,eco_aggregate_mkt,2004,18.249
svn,sex_m,age_ythadult_y15_24,eco_aggregate_mkt,2005,16.246
svn,sex_m,age_ythadult_y15_24,eco_aggregate_mkt,2006,16.236
svn,sex_m,age_ythadult_y15_24,eco_aggregate_mkt,2007,18.428
svn,sex_m,age_ythadult_y15_24,eco_aggregate_mkt,2008,20.864
svn,sex_m,age_ythadult_y15_24,eco_aggregate_mkt,2009,19.664
svn,sex_m,age_ythadult_y15_24,eco_aggregate_mkt,2010,17.739
svn,sex_m,age_ythadult_y15_24,eco_aggregate_mkt,2011,15.336
svn,sex_m,age_ythadult_y15_24,eco_aggregate_mkt,2012,11.812
svn,sex_m,age_ythadult_y15_24,eco_aggregate_mkt,2013,10.581
svn,sex_m,age_ythadult_y15_24,eco_aggregate_mkt,2014,9.437
svn,sex_m,age_ythadult_y15_24,eco_aggregate_mkt,2015,10.761
svn,sex_m,age_ythadult_y15_24,eco_aggregate_mkt,2016,11.222
svn,sex_m,age_ythadult_y15_24,eco_aggregate_mkt,2017,12.535
svn,sex_m,age_ythadult_y15_24,eco_aggregate_mkt,2018,13.694
svn,sex_m,age_ythadult_y15_24,eco_aggregate_mkt,2019,13.798
svn,sex_m,age_ythadult_y15_24,eco_aggregate_mkt,2020,10.731
svn,sex_m,age_ythadult_y15_24,eco_aggregate_mkt,2021,12.333
svn,sex_m,age_ythadult_y15_24,eco_aggregate_mkt,2022,14.098
svn,sex_m,age_ythadult_y15_24,eco_aggregate_mkt,2023,13.415
svn,sex_m,age_ythadult_y15_24,eco_aggregate_pub,1996,5.024
svn,sex_m,age_ythadult_y15_24,eco_aggregate_pub,1997,6.242
svn,sex_m,age_ythadult_y15_24,eco_aggregate_pub,1998,3.119
svn,sex_m,age_ythadult_y15_24,eco_aggregate_pub,1999,2.929
svn,sex_m,age_ythadult_y15_24,eco_aggregate_pub,2000,3.92
svn,sex_m,age_ythadult_y15_24,eco_aggregate_pub,2001,4.352
svn,sex_m,age_ythadult_y15_24,eco_aggregate_pub,2002,4.819
svn,sex_m,age_ythadult_y15_24,eco_aggregate_pub,2003,5.701
svn,sex_m,age_ythadult_y15_24,eco_aggregate_pub,2004,5.251
svn,sex_m,age_ythadult_y15_24,eco_aggregate_pub,2005,5.18
svn,sex_m,age_ythadult_y15_24,eco_aggregate_pub,2006,5.087
svn,sex_m,age_ythadult_y15_24,eco_aggregate_pub,2007,5.429
svn,sex_m,age_ythadult_y15_24,eco_aggregate_pub,2008,5.15
svn,sex_m,age_ythadult_y15_24,eco_aggregate_pub,2009,4.518
svn,sex_m,age_ythadult_y15_24,eco_aggregate_pub,2010,4.455
svn,sex_m,age_ythadult_y15_24,eco_aggregate_pub,2011,4.458
svn,sex_m,age_ythadult_y15_24,eco_aggregate_pub,2012,4.583
svn,sex_m,age_ythadult_y15_24,eco_aggregate_pub,2013,2.499
svn,sex_m,age_ythadult_y15_24,eco_aggregate_pub,2014,2.293
svn,sex_m,age_ythadult_y15_24,eco_aggregate_pub,2015,2.744
svn,sex_m,age_ythadult_y15_24,eco_aggregate_pub,2016,2.607
svn,sex_m,age_ythadult_y15_24,eco_aggregate_pub,2017,3.882
svn,sex_m,age_ythadult_y15_24,eco_aggregate_pub,2018,3.807
svn,sex_m,age_ythadult_y15_24,eco_aggregate_pub,2019,3.159
svn,sex_m,age_ythadult_y15_24,eco_aggregate_pub,2020,3.489
svn,sex_m,age_ythadult_y15_24,eco_aggregate_pub,2021,4.94
svn,sex_m,age_ythadult_y15_24,eco_aggregate_pub,2022,4.961
svn,sex_m,age_ythadult_y15_24,eco_aggregate_pub,2023,4.902
svn,sex_m,age_ythadult_y15_24,eco_aggregate_total,1996,53.112
svn,sex_m,age_ythadult_y15_24,eco_aggregate_total,1997,57.863
svn,sex_m,age_ythadult_y15_24,eco_aggregate_total,1998,49.172
svn,sex_m,age_ythadult_y15_24,eco_aggregate_total,1999,44.708
svn,sex_m,age_ythadult_y15_24,eco_aggregate_total,2000,45.975
svn,sex_m,age_ythadult_y15_24,eco_aggregate_total,2001,43.793
svn,sex_m,age_ythadult_y15_24,eco_aggregate_total,2002,47.3
svn,sex_m,age_ythadult_y15_24,eco_aggregate_total,2003,44.284
svn,sex_m,age_ythadult_y15_24,eco_aggregate_total,2004,47.586
svn,sex_m,age_ythadult_y15_24,eco_aggregate_total,2005,45.625
svn,sex_m,age_ythadult_y15_24,eco_aggregate_total,2006,46.752
svn,sex_m,age_ythadult_y15_24,eco_aggregate_total,2007,50.947
svn,sex_m,age_ythadult_y15_24,eco_aggregate_total,2008,51.381
svn,sex_m,age_ythadult_y15_24,eco_aggregate_total,2009,43.859
svn,sex_m,age_ythadult_y15_24,eco_aggregate_total,2010,39.685
svn,sex_m,age_ythadult_y15_24,eco_aggregate_total,2011,36.515
svn,sex_m,age_ythadult_y15_24,eco_aggregate_total,2012,30.169
svn,sex_m,age_ythadult_y15_24,eco_aggregate_total,2013,27.654
svn,sex_m,age_ythadult_y15_24,eco_aggregate_total,2014,25.525
svn,sex_m,age_ythadult_y15_24,eco_aggregate_total,2015,27.822
svn,sex_m,age_ythadult_y15_24,eco_aggregate_total,2016,28.45
svn,sex_m,age_ythadult_y15_24,eco_aggregate_total,2017,35.532
svn,sex_m,age_ythadult_y15_24,eco_aggregate_total,2018,36.078
svn,sex_m,age_ythadult_y15_24,eco_aggregate_total,2019,33.826
svn,sex_m,age_ythadult_y15_24,eco_aggregate_total,2020,28.663
svn,sex_m,age_ythadult_y15_24,eco_aggregate_total,2021,31.891
svn,sex_m,age_ythadult_y15_24,eco_aggregate_total,2022,33.86
svn,sex_m,age_ythadult_y15_24,eco_aggregate_total,2023,36.365
svn,sex_m,age_ythadult_y15_24,eco_aggregate_x,1998,0.907
svn,sex_m,age_ythadult_y15_24,eco_aggregate_x,2000,0.675
svn,sex_m,age_ythadult_y15_24,eco_aggregate_x,2001,0.715
svn,sex_m,age_ythadult_y15_24,eco_aggregate_x,2002,0.815
svn,sex_m,age_ythadult_y15_24,eco_aggregate_x,2003,1.082
svn,sex_m,age_ythadult_y15_24,eco_aggregate_x,2004,1.057
svn,sex_m,age_ythadult_y15_24,eco_aggregate_x,2005,0.756
svn,sex_m,age_ythadult_y15_24,eco_aggregate_x,2006,0.321
svn,sex_m,age_ythadult_y15_24,eco_aggregate_x,2007,1.356
svn,sex_m,age_ythadult_y15_24,eco_aggregate_x,2008,0.723
svn,sex_m,age_ythadult_y15_24,eco_aggregate_x,2009,0.633
svn,sex_m,age_ythadult_y15_24,eco_aggregate_x,2010,0.466
svn,sex_m,age_ythadult_y15_24,eco_aggregate_x,2011,0.568
svn,sex_m,age_ythadult_y15_24,eco_aggregate_x,2012,0.271
svn,sex_m,age_ythadult_y15_24,eco_aggregate_x,2013,0.335
svn,sex_m,age_ythadult_y15_24,eco_aggregate_x,2014,0.294
svn,sex_m,age_ythadult_y15_24,eco_aggregate_x,2015,0.588
svn,sex_m,age_ythadult_y15_24,eco_aggregate_x,2016,0.745
svn,sex_m,age_ythadult_y15_24,eco_aggregate_x,2017,0.565
svn,sex_m,age_ythadult_y15_24,eco_aggregate_x,2018,0.464
svn,sex_m,age_ythadult_y15_24,eco_aggregate_x,2019,0.413
svn,sex_m,age_ythadult_y15_24,eco_aggregate_x,2020,0.338
svn,sex_m,age_ythadult_y15_24,eco_aggregate_x,2021,0.448
svn,sex_m,age_ythadult_y15_24,eco_aggregate_x,2022,0.244
svn,sex_m,age_ythadult_y15_24,eco_aggregate_x,2023,0.332
svn,sex_m,age_ythadult_y15_24,eco_isic3_a,1996,1.328
svn,sex_m,age_ythadult_y15_24,eco_isic3_a,1997,1.082
svn,sex_m,age_ythadult_y15_24,eco_isic3_a,1998,0.656
svn,sex_m,age_ythadult_y15_24,eco_isic3_a,1999,0.474
svn,sex_m,age_ythadult_y15_24,eco_isic3_a,2001,0.519
svn,sex_m,age_ythadult_y15_24,eco_isic3_a,2002,0.911
svn,sex_m,age_ythadult_y15_24,eco_isic3_a,2003,0.479
svn,sex_m,age_ythadult_y15_24,eco_isic3_a,2004,1.153
svn,sex_m,age_ythadult_y15_24,eco_isic3_a,2005,0.457
svn,sex_m,age_ythadult_y15_24,eco_isic3_a,2006,0.973
svn,sex_m,age_ythadult_y15_24,eco_isic3_a,2007,0.892
svn,sex_m,age_ythadult_y15_24,eco_isic3_c,1996,0.529
svn,sex_m,age_ythadult_y15_24,eco_isic3_c,1998,0.617
svn,sex_m,age_ythadult_y15_24,eco_isic3_c,1999,0.369
svn,sex_m,age_ythadult_y15_24,eco_isic3_c,2000,0.308
svn,sex_m,age_ythadult_y15_24,eco_isic3_c,2005,0.425
svn,sex_m,age_ythadult_y15_24,eco_isic3_c,2006,0.578
svn,sex_m,age_ythadult_y15_24,eco_isic3_c,2007,0.34
svn,sex_m,age_ythadult_y15_24,eco_isic3_d,1996,23.538
svn,sex_m,age_ythadult_y15_24,eco_isic3_d,1997,23.341
svn,sex_m,age_ythadult_y15_24,eco_isic3_d,1998,20.659
svn,sex_m,age_ythadult_y15_24,eco_isic3_d,1999,16.383
svn,sex_m,age_ythadult_y15_24,eco_isic3_d,2000,17.737
svn,sex_m,age_ythadult_y15_24,eco_isic3_d,2001,17.822
svn,sex_m,age_ythadult_y15_24,eco_isic3_d,2002,19.013
svn,sex_m,age_ythadult_y15_24,eco_isic3_d,2003,17.21
svn,sex_m,age_ythadult_y15_24,eco_isic3_d,2004,16.331
svn,sex_m,age_ythadult_y15_24,eco_isic3_d,2005,17.356
svn,sex_m,age_ythadult_y15_24,eco_isic3_d,2006,18.216
svn,sex_m,age_ythadult_y15_24,eco_isic3_d,2007,18.992
svn,sex_m,age_ythadult_y15_24,eco_isic3_e,1996,0.892
svn,sex_m,age_ythadult_y15_24,eco_isic3_e,1997,1.135
svn,sex_m,age_ythadult_y15_24,eco_isic3_e,2000,0.453
svn,sex_m,age_ythadult_y15_24,eco_isic3_e,2005,0.192
svn,sex_m,age_ythadult_y15_24,eco_isic3_e,2006,0.16
svn,sex_m,age_ythadult_y15_24,eco_isic3_e,2007,0.187
svn,sex_m,age_ythadult_y15_24,eco_isic3_f,1996,5.846
svn,sex_m,age_ythadult_y15_24,eco_isic3_f,1997,6.642
svn,sex_m,age_ythadult_y15_24,eco_isic3_f,1998,5.299
svn,sex_m,age_ythadult_y15_24,eco_isic3_f,1999,5.809
svn,sex_m,age_ythadult_y15_24,eco_isic3_f,2000,4.82
svn,sex_m,age_ythadult_y15_24,eco_isic3_f,2001,4.987
svn,sex_m,age_ythadult_y15_24,eco_isic3_f,2002,5.12
svn,sex_m,age_ythadult_y15_24,eco_isic3_f,2003,3.793
svn,sex_m,age_ythadult_y15_24,eco_isic3_f,2004,4.753
svn,sex_m,age_ythadult_y15_24,eco_isic3_f,2005,5.014
svn,sex_m,age_ythadult_y15_24,eco_isic3_f,2006,5.18
svn,sex_m,age_ythadult_y15_24,eco_isic3_f,2007,5.264
svn,sex_m,age_ythadult_y15_24,eco_isic3_g,1996,7.096
svn,sex_m,age_ythadult_y15_24,eco_isic3_g,1997,9.485
svn,sex_m,age_ythadult_y15_24,eco_isic3_g,1998,8.666
svn,sex_m,age_ythadult_y15_24,eco_isic3_g,1999,8.421
svn,sex_m,age_ythadult_y15_24,eco_isic3_g,2000,8.317
svn,sex_m,age_ythadult_y15_24,eco_isic3_g,2001,6.658
svn,sex_m,age_ythadult_y15_24,eco_isic3_g,2002,7.309
svn,sex_m,age_ythadult_y15_24,eco_isic3_g,2003,6.319
svn,sex_m,age_ythadult_y15_24,eco_isic3_g,2004,7.684
svn,sex_m,age_ythadult_y15_24,eco_isic3_g,2005,5.696
svn,sex_m,age_ythadult_y15_24,eco_isic3_g,2006,6.83
svn,sex_m,age_ythadult_y15_24,eco_isic3_g,2007,7.338
svn,sex_m,age_ythadult_y15_24,eco_isic3_h,1996,2.443
svn,sex_m,age_ythadult_y15_24,eco_isic3_h,1997,3.314
svn,sex_m,age_ythadult_y15_24,eco_isic3_h,1998,3.766
svn,sex_m,age_ythadult_y15_24,eco_isic3_h,1999,4.162
svn,sex_m,age_ythadult_y15_24,eco_isic3_h,2000,4.323
svn,sex_m,age_ythadult_y15_24,eco_isic3_h,2001,3.224
svn,sex_m,age_ythadult_y15_24,eco_isic3_h,2002,2.606
svn,sex_m,age_ythadult_y15_24,eco_isic3_h,2003,3.383
svn,sex_m,age_ythadult_y15_24,eco_isic3_h,2004,3.485
svn,sex_m,age_ythadult_y15_24,eco_isic3_h,2005,3.64
svn,sex_m,age_ythadult_y15_24,eco_isic3_h,2006,3.252
svn,sex_m,age_ythadult_y15_24,eco_isic3_h,2007,3.126
svn,sex_m,age_ythadult_y15_24,eco_isic3_i,1996,4.051
svn,sex_m,age_ythadult_y15_24,eco_isic3_i,1997,3.529
svn,sex_m,age_ythadult_y15_24,eco_isic3_i,1998,2.906
svn,sex_m,age_ythadult_y15_24,eco_isic3_i,1999,2.63
svn,sex_m,age_ythadult_y15_24,eco_isic3_i,2000,2.091
svn,sex_m,age_ythadult_y15_24,eco_isic3_i,2001,2.236
svn,sex_m,age_ythadult_y15_24,eco_isic3_i,2002,3.306
svn,sex_m,age_ythadult_y15_24,eco_isic3_i,2003,3.267
svn,sex_m,age_ythadult_y15_24,eco_isic3_i,2004,4.068
svn,sex_m,age_ythadult_y15_24,eco_isic3_i,2005,3.317
svn,sex_m,age_ythadult_y15_24,eco_isic3_i,2006,3.047
svn,sex_m,age_ythadult_y15_24,eco_isic3_i,2007,4.34
svn,sex_m,age_ythadult_y15_24,eco_isic3_j,1996,0.606
svn,sex_m,age_ythadult_y15_24,eco_isic3_j,1997,0.556
svn,sex_m,age_ythadult_y15_24,eco_isic3_j,1998,0.336
svn,sex_m,age_ythadult_y15_24,eco_isic3_j,1999,0.616
svn,sex_m,age_ythadult_y15_24,eco_isic3_j,2001,1.01
svn,sex_m,age_ythadult_y15_24,eco_isic3_j,2002,0.616
svn,sex_m,age_ythadult_y15_24,eco_isic3_j,2004,0.566
svn,sex_m,age_ythadult_y15_24,eco_isic3_j,2005,0.704
svn,sex_m,age_ythadult_y15_24,eco_isic3_j,2006,0.508
svn,sex_m,age_ythadult_y15_24,eco_isic3_j,2007,0.317
svn,sex_m,age_ythadult_y15_24,eco_isic3_k,1996,1.611
svn,sex_m,age_ythadult_y15_24,eco_isic3_k,1997,2.077
svn,sex_m,age_ythadult_y15_24,eco_isic3_k,1998,1.846
svn,sex_m,age_ythadult_y15_24,eco_isic3_k,1999,2.491
svn,sex_m,age_ythadult_y15_24,eco_isic3_k,2000,2.753
svn,sex_m,age_ythadult_y15_24,eco_isic3_k,2001,2.162
svn,sex_m,age_ythadult_y15_24,eco_isic3_k,2002,2.694
svn,sex_m,age_ythadult_y15_24,eco_isic3_k,2003,2.315
svn,sex_m,age_ythadult_y15_24,eco_isic3_k,2004,2.446
svn,sex_m,age_ythadult_y15_24,eco_isic3_k,2005,2.89
svn,sex_m,age_ythadult_y15_24,eco_isic3_k,2006,2.599
svn,sex_m,age_ythadult_y15_24,eco_isic3_k,2007,3.306
svn,sex_m,age_ythadult_y15_24,eco_isic3_l,1996,2.327
svn,sex_m,age_ythadult_y15_24,eco_isic3_l,1997,1.697
svn,sex_m,age_ythadult_y15_24,eco_isic3_l,1998,0.823
svn,sex_m,age_ythadult_y15_24,eco_isic3_l,1999,1.147
svn,sex_m,age_ythadult_y15_24,eco_isic3_l,2000,1.834
svn,sex_m,age_ythadult_y15_24,eco_isic3_l,2001,1.24
svn,sex_m,age_ythadult_y15_24,eco_isic3_l,2002,1.52
svn,sex_m,age_ythadult_y15_24,eco_isic3_l,2003,2.269
svn,sex_m,age_ythadult_y15_24,eco_isic3_l,2004,2.131
svn,sex_m,age_ythadult_y15_24,eco_isic3_l,2005,2.113
svn,sex_m,age_ythadult_y15_24,eco_isic3_l,2006,1.85
svn,sex_m,age_ythadult_y15_24,eco_isic3_l,2007,1.537
svn,sex_m,age_ythadult_y15_24,eco_isic3_m,1997,0.594
svn,sex_m,age_ythadult_y15_24,eco_isic3_m,1998,0.471
svn,sex_m,age_ythadult_y15_24,eco_isic3_m,1999,0.456
svn,sex_m,age_ythadult_y15_24,eco_isic3_m,2000,0.395
svn,sex_m,age_ythadult_y15_24,eco_isic3_m,2001,0.457
svn,sex_m,age_ythadult_y15_24,eco_isic3_m,2002,0.587
svn,sex_m,age_ythadult_y15_24,eco_isic3_m,2003,0.857
svn,sex_m,age_ythadult_y15_24,eco_isic3_m,2004,0.412
svn,sex_m,age_ythadult_y15_24,eco_isic3_m,2005,0.414
svn,sex_m,age_ythadult_y15_24,eco_isic3_m,2006,0.456
svn,sex_m,age_ythadult_y15_24,eco_isic3_m,2007,0.516
svn,sex_m,age_ythadult_y15_24,eco_isic3_n,1996,0.701
svn,sex_m,age_ythadult_y15_24,eco_isic3_n,1997,1.133
svn,sex_m,age_ythadult_y15_24,eco_isic3_n,1998,0.616
svn,sex_m,age_ythadult_y15_24,eco_isic3_n,1999,0.492
svn,sex_m,age_ythadult_y15_24,eco_isic3_n,2001,1.22
svn,sex_m,age_ythadult_y15_24,eco_isic3_n,2002,1.413
svn,sex_m,age_ythadult_y15_24,eco_isic3_n,2003,0.491
svn,sex_m,age_ythadult_y15_24,eco_isic3_n,2004,0.614
svn,sex_m,age_ythadult_y15_24,eco_isic3_n,2005,0.64
svn,sex_m,age_ythadult_y15_24,eco_isic3_n,2006,0.946
svn,sex_m,age_ythadult_y15_24,eco_isic3_n,2007,0.714
svn,sex_m,age_ythadult_y15_24,eco_isic3_o,1996,1.825
svn,sex_m,age_ythadult_y15_24,eco_isic3_o,1997,2.722
svn,sex_m,age_ythadult_y15_24,eco_isic3_o,1998,1.208
svn,sex_m,age_ythadult_y15_24,eco_isic3_o,1999,0.833
svn,sex_m,age_ythadult_y15_24,eco_isic3_o,2000,1.47
svn,sex_m,age_ythadult_y15_24,eco_isic3_o,2001,1.435
svn,sex_m,age_ythadult_y15_24,eco_isic3_o,2002,1.299
svn,sex_m,age_ythadult_y15_24,eco_isic3_o,2003,2.085
svn,sex_m,age_ythadult_y15_24,eco_isic3_o,2004,2.094
svn,sex_m,age_ythadult_y15_24,eco_isic3_o,2005,2
svn,sex_m,age_ythadult_y15_24,eco_isic3_o,2006,1.836
svn,sex_m,age_ythadult_y15_24,eco_isic3_o,2007,2.597
svn,sex_m,age_ythadult_y15_24,eco_isic3_total,1996,53.112
svn,sex_m,age_ythadult_y15_24,eco_isic3_total,1997,57.863
svn,sex_m,age_ythadult_y15_24,eco_isic3_total,1998,49.172
svn,sex_m,age_ythadult_y15_24,eco_isic3_total,1999,44.708
svn,sex_m,age_ythadult_y15_24,eco_isic3_total,2000,45.975
svn,sex_m,age_ythadult_y15_24,eco_isic3_total,2001,43.793
svn,sex_m,age_ythadult_y15_24,eco_isic3_total,2002,47.3
svn,sex_m,age_ythadult_y15_24,eco_isic3_total,2003,44.284
svn,sex_m,age_ythadult_y15_24,eco_isic3_total,2004,47.586
svn,sex_m,age_ythadult_y15_24,eco_isic3_total,2005,45.625
svn,sex_m,age_ythadult_y15_24,eco_isic3_total,2006,46.752
svn,sex_m,age_ythadult_y15_24,eco_isic3_total,2007,50.947
svn,sex_m,age_ythadult_y15_24,eco_isic3_x,1998,0.907
svn,sex_m,age_ythadult_y15_24,eco_isic3_x,2000,0.675
svn,sex_m,age_ythadult_y15_24,eco_isic3_x,2001,0.715
svn,sex_m,age_ythadult_y15_24,eco_isic3_x,2002,0.815
svn,sex_m,age_ythadult_y15_24,eco_isic3_x,2003,1.082
svn,sex_m,age_ythadult_y15_24,eco_isic3_x,2004,1.057
svn,sex_m,age_ythadult_y15_24,eco_isic3_x,2005,0.756
svn,sex_m,age_ythadult_y15_24,eco_isic3_x,2006,0.321
svn,sex_m,age_ythadult_y15_24,eco_isic3_x,2007,1.356
svn,sex_m,age_ythadult_y15_24,eco_isic4_a,2008,0.858
svn,sex_m,age_ythadult_y15_24,eco_isic4_a,2009,0.752
svn,sex_m,age_ythadult_y15_24,eco_isic4_a,2010,0.569
svn,sex_m,age_ythadult_y15_24,eco_isic4_a,2011,0.446
svn,sex_m,age_ythadult_y15_24,eco_isic4_a,2012,0.375
svn,sex_m,age_ythadult_y15_24,eco_isic4_a,2013,0.678
svn,sex_m,age_ythadult_y15_24,eco_isic4_a,2014,0.628
svn,sex_m,age_ythadult_y15_24,eco_isic4_a,2015,0.36
svn,sex_m,age_ythadult_y15_24,eco_isic4_a,2016,0.165
svn,sex_m,age_ythadult_y15_24,eco_isic4_a,2017,0.4
svn,sex_m,age_ythadult_y15_24,eco_isic4_a,2018,0.297
svn,sex_m,age_ythadult_y15_24,eco_isic4_a,2019,0.5
svn,sex_m,age_ythadult_y15_24,eco_isic4_a,2020,0.349
svn,sex_m,age_ythadult_y15_24,eco_isic4_a,2021,0.224
svn,sex_m,age_ythadult_y15_24,eco_isic4_a,2022,0.114
svn,sex_m,age_ythadult_y15_24,eco_isic4_a,2023,0.205
svn,sex_m,age_ythadult_y15_24,eco_isic4_b,2008,0.118
svn,sex_m,age_ythadult_y15_24,eco_isic4_b,2009,0.075
svn,sex_m,age_ythadult_y15_24,eco_isic4_b,2012,0.495
svn,sex_m,age_ythadult_y15_24,eco_isic4_b,2013,0.274
svn,sex_m,age_ythadult_y15_24,eco_isic4_b,2015,0.182
svn,sex_m,age_ythadult_y15_24,eco_isic4_b,2018,0.296
svn,sex_m,age_ythadult_y15_24,eco_isic4_b,2019,0.64
svn,sex_m,age_ythadult_y15_24,eco_isic4_b,2020,0.265
svn,sex_m,age_ythadult_y15_24,eco_isic4_b,2021,0.181
svn,sex_m,age_ythadult_y15_24,eco_isic4_b,2022,0.166
svn,sex_m,age_ythadult_y15_24,eco_isic4_b,2023,0.333
svn,sex_m,age_ythadult_y15_24,eco_isic4_c,2008,15.873
svn,sex_m,age_ythadult_y15_24,eco_isic4_c,2009,11.394
svn,sex_m,age_ythadult_y15_24,eco_isic4_c,2010,11.417
svn,sex_m,age_ythadult_y15_24,eco_isic4_c,2011,11.627
svn,sex_m,age_ythadult_y15_24,eco_isic4_c,2012,9.211
svn,sex_m,age_ythadult_y15_24,eco_isic4_c,2013,9.86
svn,sex_m,age_ythadult_y15_24,eco_isic4_c,2014,9.573
svn,sex_m,age_ythadult_y15_24,eco_isic4_c,2015,10.223
svn,sex_m,age_ythadult_y15_24,eco_isic4_c,2016,11.276
svn,sex_m,age_ythadult_y15_24,eco_isic4_c,2017,15.142
svn,sex_m,age_ythadult_y15_24,eco_isic4_c,2018,14.013
svn,sex_m,age_ythadult_y15_24,eco_isic4_c,2019,12.252
svn,sex_m,age_ythadult_y15_24,eco_isic4_c,2020,10.314
svn,sex_m,age_ythadult_y15_24,eco_isic4_c,2021,10.822
svn,sex_m,age_ythadult_y15_24,eco_isic4_c,2022,10.974
svn,sex_m,age_ythadult_y15_24,eco_isic4_c,2023,12.209
svn,sex_m,age_ythadult_y15_24,eco_isic4_d,2008,0.349
svn,sex_m,age_ythadult_y15_24,eco_isic4_d,2009,0.38
svn,sex_m,age_ythadult_y15_24,eco_isic4_d,2010,0.255
svn,sex_m,age_ythadult_y15_24,eco_isic4_d,2011,0.293
svn,sex_m,age_ythadult_y15_24,eco_isic4_d,2012,0.2
svn,sex_m,age_ythadult_y15_24,eco_isic4_d,2013,0.234
svn,sex_m,age_ythadult_y15_24,eco_isic4_d,2014,0.436
svn,sex_m,age_ythadult_y15_24,eco_isic4_d,2015,0.238
svn,sex_m,age_ythadult_y15_24,eco_isic4_d,2016,0.308
svn,sex_m,age_ythadult_y15_24,eco_isic4_d,2017,0.502
svn,sex_m,age_ythadult_y15_24,eco_isic4_d,2018,0.187
svn,sex_m,age_ythadult_y15_24,eco_isic4_d,2019,0.376
svn,sex_m,age_ythadult_y15_24,eco_isic4_d,2020,0.247
svn,sex_m,age_ythadult_y15_24,eco_isic4_d,2021,0.242
svn,sex_m,age_ythadult_y15_24,eco_isic4_d,2023,0.167
svn,sex_m,age_ythadult_y15_24,eco_isic4_e,2008,0.336
svn,sex_m,age_ythadult_y15_24,eco_isic4_e,2009,0.498
svn,sex_m,age_ythadult_y15_24,eco_isic4_e,2010,0.179
svn,sex_m,age_ythadult_y15_24,eco_isic4_e,2011,0.212
svn,sex_m,age_ythadult_y15_24,eco_isic4_e,2012,0.394
svn,sex_m,age_ythadult_y15_24,eco_isic4_e,2013,0.233
svn,sex_m,age_ythadult_y15_24,eco_isic4_e,2015,0.237
svn,sex_m,age_ythadult_y15_24,eco_isic4_e,2016,0.144
svn,sex_m,age_ythadult_y15_24,eco_isic4_e,2017,0.573
svn,sex_m,age_ythadult_y15_24,eco_isic4_e,2018,0.42
svn,sex_m,age_ythadult_y15_24,eco_isic4_e,2019,0.183
svn,sex_m,age_ythadult_y15_24,eco_isic4_e,2020,0.239
svn,sex_m,age_ythadult_y15_24,eco_isic4_e,2021,0.284
svn,sex_m,age_ythadult_y15_24,eco_isic4_e,2022,0.347
svn,sex_m,age_ythadult_y15_24,eco_isic4_e,2023,0.237
svn,sex_m,age_ythadult_y15_24,eco_isic4_f,2008,7.112
svn,sex_m,age_ythadult_y15_24,eco_isic4_f,2009,5.945
svn,sex_m,age_ythadult_y15_24,eco_isic4_f,2010,4.556
svn,sex_m,age_ythadult_y15_24,eco_isic4_f,2011,3.47
svn,sex_m,age_ythadult_y15_24,eco_isic4_f,2012,2.828
svn,sex_m,age_ythadult_y15_24,eco_isic4_f,2013,2.958
svn,sex_m,age_ythadult_y15_24,eco_isic4_f,2014,2.806
svn,sex_m,age_ythadult_y15_24,eco_isic4_f,2015,2.488
svn,sex_m,age_ythadult_y15_24,eco_isic4_f,2016,1.871
svn,sex_m,age_ythadult_y15_24,eco_isic4_f,2017,1.884
svn,sex_m,age_ythadult_y15_24,eco_isic4_f,2018,2.901
svn,sex_m,age_ythadult_y15_24,eco_isic4_f,2019,2.506
svn,sex_m,age_ythadult_y15_24,eco_isic4_f,2020,2.689
svn,sex_m,age_ythadult_y15_24,eco_isic4_f,2021,2.417
svn,sex_m,age_ythadult_y15_24,eco_isic4_f,2022,2.873
svn,sex_m,age_ythadult_y15_24,eco_isic4_f,2023,4.563
svn,sex_m,age_ythadult_y15_24,eco_isic4_g,2008,6.189
svn,sex_m,age_ythadult_y15_24,eco_isic4_g,2009,6.207
svn,sex_m,age_ythadult_y15_24,eco_isic4_g,2010,6.803
svn,sex_m,age_ythadult_y15_24,eco_isic4_g,2011,5.833
svn,sex_m,age_ythadult_y15_24,eco_isic4_g,2012,4.648
svn,sex_m,age_ythadult_y15_24,eco_isic4_g,2013,4.152
svn,sex_m,age_ythadult_y15_24,eco_isic4_g,2014,3.925
svn,sex_m,age_ythadult_y15_24,eco_isic4_g,2015,3.436
svn,sex_m,age_ythadult_y15_24,eco_isic4_g,2016,3.698
svn,sex_m,age_ythadult_y15_24,eco_isic4_g,2017,4.988
svn,sex_m,age_ythadult_y15_24,eco_isic4_g,2018,5.182
svn,sex_m,age_ythadult_y15_24,eco_isic4_g,2019,5.947
svn,sex_m,age_ythadult_y15_24,eco_isic4_g,2020,4.455
svn,sex_m,age_ythadult_y15_24,eco_isic4_g,2021,4.85
svn,sex_m,age_ythadult_y15_24,eco_isic4_g,2022,5.253
svn,sex_m,age_ythadult_y15_24,eco_isic4_g,2023,4.98
svn,sex_m,age_ythadult_y15_24,eco_isic4_h,2008,3.136
svn,sex_m,age_ythadult_y15_24,eco_isic4_h,2009,3.042
svn,sex_m,age_ythadult_y15_24,eco_isic4_h,2010,2.702
svn,sex_m,age_ythadult_y15_24,eco_isic4_h,2011,2.463
svn,sex_m,age_ythadult_y15_24,eco_isic4_h,2012,2.218
svn,sex_m,age_ythadult_y15_24,eco_isic4_h,2013,2.061
svn,sex_m,age_ythadult_y15_24,eco_isic4_h,2014,1.736
svn,sex_m,age_ythadult_y15_24,eco_isic4_h,2015,1.715
svn,sex_m,age_ythadult_y15_24,eco_isic4_h,2016,2.041
svn,sex_m,age_ythadult_y15_24,eco_isic4_h,2017,1.677
svn,sex_m,age_ythadult_y15_24,eco_isic4_h,2018,2.844
svn,sex_m,age_ythadult_y15_24,eco_isic4_h,2019,2.168
svn,sex_m,age_ythadult_y15_24,eco_isic4_h,2020,1.365
svn,sex_m,age_ythadult_y15_24,eco_isic4_h,2021,1.694
svn,sex_m,age_ythadult_y15_24,eco_isic4_h,2022,1.41
svn,sex_m,age_ythadult_y15_24,eco_isic4_h,2023,1.581
svn,sex_m,age_ythadult_y15_24,eco_isic4_i,2008,5.018
svn,sex_m,age_ythadult_y15_24,eco_isic4_i,2009,4.558
svn,sex_m,age_ythadult_y15_24,eco_isic4_i,2010,3.83
svn,sex_m,age_ythadult_y15_24,eco_isic4_i,2011,3.336
svn,sex_m,age_ythadult_y15_24,eco_isic4_i,2012,2.813
svn,sex_m,age_ythadult_y15_24,eco_isic4_i,2013,2.261
svn,sex_m,age_ythadult_y15_24,eco_isic4_i,2014,1.463
svn,sex_m,age_ythadult_y15_24,eco_isic4_i,2015,2.702
svn,sex_m,age_ythadult_y15_24,eco_isic4_i,2016,2.911
svn,sex_m,age_ythadult_y15_24,eco_isic4_i,2017,2.882
svn,sex_m,age_ythadult_y15_24,eco_isic4_i,2018,2.392
svn,sex_m,age_ythadult_y15_24,eco_isic4_i,2019,2.418
svn,sex_m,age_ythadult_y15_24,eco_isic4_i,2020,2.393
svn,sex_m,age_ythadult_y15_24,eco_isic4_i,2021,1.525
svn,sex_m,age_ythadult_y15_24,eco_isic4_i,2022,2.233
svn,sex_m,age_ythadult_y15_24,eco_isic4_i,2023,2.639
svn,sex_m,age_ythadult_y15_24,eco_isic4_j,2008,2.316
svn,sex_m,age_ythadult_y15_24,eco_isic4_j,2009,2.128
svn,sex_m,age_ythadult_y15_24,eco_isic4_j,2010,2.328
svn,sex_m,age_ythadult_y15_24,eco_isic4_j,2011,1.305
svn,sex_m,age_ythadult_y15_24,eco_isic4_j,2012,0.911
svn,sex_m,age_ythadult_y15_24,eco_isic4_j,2013,0.928
svn,sex_m,age_ythadult_y15_24,eco_isic4_j,2014,0.523
svn,sex_m,age_ythadult_y15_24,eco_isic4_j,2015,1.146
svn,sex_m,age_ythadult_y15_24,eco_isic4_j,2016,0.853
svn,sex_m,age_ythadult_y15_24,eco_isic4_j,2017,1.103
svn,sex_m,age_ythadult_y15_24,eco_isic4_j,2018,1.475
svn,sex_m,age_ythadult_y15_24,eco_isic4_j,2019,1.433
svn,sex_m,age_ythadult_y15_24,eco_isic4_j,2020,1.352
svn,sex_m,age_ythadult_y15_24,eco_isic4_j,2021,1.265
svn,sex_m,age_ythadult_y15_24,eco_isic4_j,2022,1.298
svn,sex_m,age_ythadult_y15_24,eco_isic4_j,2023,1.312
svn,sex_m,age_ythadult_y15_24,eco_isic4_k,2008,0.574
svn,sex_m,age_ythadult_y15_24,eco_isic4_k,2009,0.552
svn,sex_m,age_ythadult_y15_24,eco_isic4_k,2010,0.231
svn,sex_m,age_ythadult_y15_24,eco_isic4_k,2011,0.261
svn,sex_m,age_ythadult_y15_24,eco_isic4_k,2012,0.242
svn,sex_m,age_ythadult_y15_24,eco_isic4_k,2013,0.238
svn,sex_m,age_ythadult_y15_24,eco_isic4_k,2014,0.246
svn,sex_m,age_ythadult_y15_24,eco_isic4_k,2015,0.324
svn,sex_m,age_ythadult_y15_24,eco_isic4_k,2016,0.292
svn,sex_m,age_ythadult_y15_24,eco_isic4_k,2017,0.154
svn,sex_m,age_ythadult_y15_24,eco_isic4_k,2018,0.259
svn,sex_m,age_ythadult_y15_24,eco_isic4_k,2019,0.183
svn,sex_m,age_ythadult_y15_24,eco_isic4_k,2021,0.12
svn,sex_m,age_ythadult_y15_24,eco_isic4_k,2022,0.16
svn,sex_m,age_ythadult_y15_24,eco_isic4_k,2023,0.185
svn,sex_m,age_ythadult_y15_24,eco_isic4_l,2009,0.124
svn,sex_m,age_ythadult_y15_24,eco_isic4_l,2010,0.161
svn,sex_m,age_ythadult_y15_24,eco_isic4_l,2019,0.108
svn,sex_m,age_ythadult_y15_24,eco_isic4_l,2021,0.222
svn,sex_m,age_ythadult_y15_24,eco_isic4_l,2022,0.187
svn,sex_m,age_ythadult_y15_24,eco_isic4_m,2008,1.773
svn,sex_m,age_ythadult_y15_24,eco_isic4_m,2009,1.631
svn,sex_m,age_ythadult_y15_24,eco_isic4_m,2010,0.632
svn,sex_m,age_ythadult_y15_24,eco_isic4_m,2011,1.138
svn,sex_m,age_ythadult_y15_24,eco_isic4_m,2012,0.569
svn,sex_m,age_ythadult_y15_24,eco_isic4_m,2013,0.469
svn,sex_m,age_ythadult_y15_24,eco_isic4_m,2014,0.394
svn,sex_m,age_ythadult_y15_24,eco_isic4_m,2015,0.434
svn,sex_m,age_ythadult_y15_24,eco_isic4_m,2016,0.705
svn,sex_m,age_ythadult_y15_24,eco_isic4_m,2017,0.568
svn,sex_m,age_ythadult_y15_24,eco_isic4_m,2018,0.758
svn,sex_m,age_ythadult_y15_24,eco_isic4_m,2019,0.741
svn,sex_m,age_ythadult_y15_24,eco_isic4_m,2020,0.461
svn,sex_m,age_ythadult_y15_24,eco_isic4_m,2021,1.166
svn,sex_m,age_ythadult_y15_24,eco_isic4_m,2022,1.963
svn,sex_m,age_ythadult_y15_24,eco_isic4_m,2023,1.36
svn,sex_m,age_ythadult_y15_24,eco_isic4_n,2008,1.773
svn,sex_m,age_ythadult_y15_24,eco_isic4_n,2009,1.421
svn,sex_m,age_ythadult_y15_24,eco_isic4_n,2010,1.052
svn,sex_m,age_ythadult_y15_24,eco_isic4_n,2011,0.975
svn,sex_m,age_ythadult_y15_24,eco_isic4_n,2012,0.386
svn,sex_m,age_ythadult_y15_24,eco_isic4_n,2013,0.423
svn,sex_m,age_ythadult_y15_24,eco_isic4_n,2014,1.15
svn,sex_m,age_ythadult_y15_24,eco_isic4_n,2015,1.003
svn,sex_m,age_ythadult_y15_24,eco_isic4_n,2016,0.709
svn,sex_m,age_ythadult_y15_24,eco_isic4_n,2017,1.146
svn,sex_m,age_ythadult_y15_24,eco_isic4_n,2018,0.653
svn,sex_m,age_ythadult_y15_24,eco_isic4_n,2019,0.801
svn,sex_m,age_ythadult_y15_24,eco_isic4_n,2020,0.53
svn,sex_m,age_ythadult_y15_24,eco_isic4_n,2021,1.491
svn,sex_m,age_ythadult_y15_24,eco_isic4_n,2022,1.595
svn,sex_m,age_ythadult_y15_24,eco_isic4_n,2023,1.329
svn,sex_m,age_ythadult_y15_24,eco_isic4_o,2008,1.635
svn,sex_m,age_ythadult_y15_24,eco_isic4_o,2009,1.67
svn,sex_m,age_ythadult_y15_24,eco_isic4_o,2010,1.605
svn,sex_m,age_ythadult_y15_24,eco_isic4_o,2011,1.18
svn,sex_m,age_ythadult_y15_24,eco_isic4_o,2012,1.78
svn,sex_m,age_ythadult_y15_24,eco_isic4_o,2013,0.818
svn,sex_m,age_ythadult_y15_24,eco_isic4_o,2014,0.479
svn,sex_m,age_ythadult_y15_24,eco_isic4_o,2015,0.561
svn,sex_m,age_ythadult_y15_24,eco_isic4_o,2016,0.455
svn,sex_m,age_ythadult_y15_24,eco_isic4_o,2017,1.054
svn,sex_m,age_ythadult_y15_24,eco_isic4_o,2018,0.771
svn,sex_m,age_ythadult_y15_24,eco_isic4_o,2019,0.414
svn,sex_m,age_ythadult_y15_24,eco_isic4_o,2020,0.777
svn,sex_m,age_ythadult_y15_24,eco_isic4_o,2021,0.987
svn,sex_m,age_ythadult_y15_24,eco_isic4_o,2022,1.135
svn,sex_m,age_ythadult_y15_24,eco_isic4_o,2023,0.833
svn,sex_m,age_ythadult_y15_24,eco_isic4_p,2008,0.406
svn,sex_m,age_ythadult_y15_24,eco_isic4_p,2009,0.62
svn,sex_m,age_ythadult_y15_24,eco_isic4_p,2010,0.557
svn,sex_m,age_ythadult_y15_24,eco_isic4_p,2011,0.39
svn,sex_m,age_ythadult_y15_24,eco_isic4_p,2012,0.505
svn,sex_m,age_ythadult_y15_24,eco_isic4_p,2013,0.184
svn,sex_m,age_ythadult_y15_24,eco_isic4_p,2014,0.23
svn,sex_m,age_ythadult_y15_24,eco_isic4_p,2015,0.541
svn,sex_m,age_ythadult_y15_24,eco_isic4_p,2016,0.466
svn,sex_m,age_ythadult_y15_24,eco_isic4_p,2017,0.232
svn,sex_m,age_ythadult_y15_24,eco_isic4_p,2018,0.381
svn,sex_m,age_ythadult_y15_24,eco_isic4_p,2019,0.675
svn,sex_m,age_ythadult_y15_24,eco_isic4_p,2020,0.457
svn,sex_m,age_ythadult_y15_24,eco_isic4_p,2021,0.842
svn,sex_m,age_ythadult_y15_24,eco_isic4_p,2022,0.573
svn,sex_m,age_ythadult_y15_24,eco_isic4_p,2023,0.465
svn,sex_m,age_ythadult_y15_24,eco_isic4_q,2008,0.903
svn,sex_m,age_ythadult_y15_24,eco_isic4_q,2009,0.902
svn,sex_m,age_ythadult_y15_24,eco_isic4_q,2010,0.63
svn,sex_m,age_ythadult_y15_24,eco_isic4_q,2011,0.826
svn,sex_m,age_ythadult_y15_24,eco_isic4_q,2012,1.144
svn,sex_m,age_ythadult_y15_24,eco_isic4_q,2013,0.706
svn,sex_m,age_ythadult_y15_24,eco_isic4_q,2014,0.735
svn,sex_m,age_ythadult_y15_24,eco_isic4_q,2015,0.905
svn,sex_m,age_ythadult_y15_24,eco_isic4_q,2016,0.588
svn,sex_m,age_ythadult_y15_24,eco_isic4_q,2017,0.787
svn,sex_m,age_ythadult_y15_24,eco_isic4_q,2018,0.935
svn,sex_m,age_ythadult_y15_24,eco_isic4_q,2019,0.676
svn,sex_m,age_ythadult_y15_24,eco_isic4_q,2020,1.379
svn,sex_m,age_ythadult_y15_24,eco_isic4_q,2021,0.999
svn,sex_m,age_ythadult_y15_24,eco_isic4_q,2022,0.933
svn,sex_m,age_ythadult_y15_24,eco_isic4_q,2023,0.822
svn,sex_m,age_ythadult_y15_24,eco_isic4_r,2008,1.844
svn,sex_m,age_ythadult_y15_24,eco_isic4_r,2009,1.156
svn,sex_m,age_ythadult_y15_24,eco_isic4_r,2010,1.332
svn,sex_m,age_ythadult_y15_24,eco_isic4_r,2011,1.516
svn,sex_m,age_ythadult_y15_24,eco_isic4_r,2012,1.053
svn,sex_m,age_ythadult_y15_24,eco_isic4_r,2013,0.581
svn,sex_m,age_ythadult_y15_24,eco_isic4_r,2014,0.722
svn,sex_m,age_ythadult_y15_24,eco_isic4_r,2015,0.577
svn,sex_m,age_ythadult_y15_24,eco_isic4_r,2016,0.738
svn,sex_m,age_ythadult_y15_24,eco_isic4_r,2017,1.643
svn,sex_m,age_ythadult_y15_24,eco_isic4_r,2018,1.326
svn,sex_m,age_ythadult_y15_24,eco_isic4_r,2019,0.84
svn,sex_m,age_ythadult_y15_24,eco_isic4_r,2020,0.795
svn,sex_m,age_ythadult_y15_24,eco_isic4_r,2021,0.895
svn,sex_m,age_ythadult_y15_24,eco_isic4_r,2022,0.981
svn,sex_m,age_ythadult_y15_24,eco_isic4_r,2023,1.318
svn,sex_m,age_ythadult_y15_24,eco_isic4_s,2008,0.362
svn,sex_m,age_ythadult_y15_24,eco_isic4_s,2009,0.17
svn,sex_m,age_ythadult_y15_24,eco_isic4_s,2010,0.331
svn,sex_m,age_ythadult_y15_24,eco_isic4_s,2011,0.545
svn,sex_m,age_ythadult_y15_24,eco_isic4_s,2012,0.1
svn,sex_m,age_ythadult_y15_24,eco_isic4_s,2013,0.179
svn,sex_m,age_ythadult_y15_24,eco_isic4_s,2014,0.128
svn,sex_m,age_ythadult_y15_24,eco_isic4_s,2015,0.16
svn,sex_m,age_ythadult_y15_24,eco_isic4_s,2016,0.36
svn,sex_m,age_ythadult_y15_24,eco_isic4_s,2017,0.167
svn,sex_m,age_ythadult_y15_24,eco_isic4_s,2018,0.394
svn,sex_m,age_ythadult_y15_24,eco_isic4_s,2019,0.554
svn,sex_m,age_ythadult_y15_24,eco_isic4_s,2021,1.168
svn,sex_m,age_ythadult_y15_24,eco_isic4_s,2022,1.313
svn,sex_m,age_ythadult_y15_24,eco_isic4_s,2023,1.329
svn,sex_m,age_ythadult_y15_24,eco_isic4_total,2008,51.381
svn,sex_m,age_ythadult_y15_24,eco_isic4_total,2009,43.859
svn,sex_m,age_ythadult_y15_24,eco_isic4_total,2010,39.685
svn,sex_m,age_ythadult_y15_24,eco_isic4_total,2011,36.515
svn,sex_m,age_ythadult_y15_24,eco_isic4_total,2012,30.169
svn,sex_m,age_ythadult_y15_24,eco_isic4_total,2013,27.654
svn,sex_m,age_ythadult_y15_24,eco_isic4_total,2014,25.525
svn,sex_m,age_ythadult_y15_24,eco_isic4_total,2015,27.822
svn,sex_m,age_ythadult_y15_24,eco_isic4_total,2016,28.45
svn,sex_m,age_ythadult_y15_24,eco_isic4_total,2017,35.532
svn,sex_m,age_ythadult_y15_24,eco_isic4_total,2018,36.078
svn,sex_m,age_ythadult_y15_24,eco_isic4_total,2019,33.826
svn,sex_m,age_ythadult_y15_24,eco_isic4_total,2020,28.663
svn,sex_m,age_ythadult_y15_24,eco_isic4_total,2021,31.891
svn,sex_m,age_ythadult_y15_24,eco_isic4_total,2022,33.86
svn,sex_m,age_ythadult_y15_24,eco_isic4_total,2023,36.365
svn,sex_m,age_ythadult_y15_24,eco_isic4_x,2008,0.723
svn,sex_m,age_ythadult_y15_24,eco_isic4_x,2009,0.633
svn,sex_m,age_ythadult_y15_24,eco_isic4_x,2010,0.466
svn,sex_m,age_ythadult_y15_24,eco_isic4_x,2011,0.568
svn,sex_m,age_ythadult_y15_24,eco_isic4_x,2012,0.271
svn,sex_m,age_ythadult_y15_24,eco_isic4_x,2013,0.335
svn,sex_m,age_ythadult_y15_24,eco_isic4_x,2014,0.294
svn,sex_m,age_ythadult_y15_24,eco_isic4_x,2015,0.588
svn,sex_m,age_ythadult_y15_24,eco_isic4_x,2016,0.745
svn,sex_m,age_ythadult_y15_24,eco_isic4_x,2017,0.565
svn,sex_m,age_ythadult_y15_24,eco_isic4_x,2018,0.464
svn,sex_m,age_ythadult_y15_24,eco_isic4_x,2019,0.413
svn,sex_m,age_ythadult_y15_24,eco_isic4_x,2020,0.338
svn,sex_m,age_ythadult_y15_24,eco_isic4_x,2021,0.448
svn,sex_m,age_ythadult_y15_24,eco_isic4_x,2022,0.244
svn,sex_m,age_ythadult_y15_24,eco_isic4_x,2023,0.332
svn,sex_m,age_ythadult_y15_24,eco_sector_agr,1996,1.328
svn,sex_m,age_ythadult_y15_24,eco_sector_agr,1997,1.2
svn,sex_m,age_ythadult_y15_24,eco_sector_agr,1998,0.656
svn,sex_m,age_ythadult_y15_24,eco_sector_agr,1999,0.474
svn,sex_m,age_ythadult_y15_24,eco_sector_agr,2001,0.519
svn,sex_m,age_ythadult_y15_24,eco_sector_agr,2002,0.911
svn,sex_m,age_ythadult_y15_24,eco_sector_agr,2003,0.479
svn,sex_m,age_ythadult_y15_24,eco_sector_agr,2004,1.153
svn,sex_m,age_ythadult_y15_24,eco_sector_agr,2005,0.457
svn,sex_m,age_ythadult_y15_24,eco_sector_agr,2006,0.973
svn,sex_m,age_ythadult_y15_24,eco_sector_agr,2007,0.95
svn,sex_m,age_ythadult_y15_24,eco_sector_agr,2008,0.858
svn,sex_m,age_ythadult_y15_24,eco_sector_agr,2009,0.752
svn,sex_m,age_ythadult_y15_24,eco_sector_agr,2010,0.569
svn,sex_m,age_ythadult_y15_24,eco_sector_agr,2011,0.446
svn,sex_m,age_ythadult_y15_24,eco_sector_agr,2012,0.375
svn,sex_m,age_ythadult_y15_24,eco_sector_agr,2013,0.678
svn,sex_m,age_ythadult_y15_24,eco_sector_agr,2014,0.628
svn,sex_m,age_ythadult_y15_24,eco_sector_agr,2015,0.36
svn,sex_m,age_ythadult_y15_24,eco_sector_agr,2016,0.165
svn,sex_m,age_ythadult_y15_24,eco_sector_agr,2017,0.4
svn,sex_m,age_ythadult_y15_24,eco_sector_agr,2018,0.297
svn,sex_m,age_ythadult_y15_24,eco_sector_agr,2019,0.5
svn,sex_m,age_ythadult_y15_24,eco_sector_agr,2020,0.349
svn,sex_m,age_ythadult_y15_24,eco_sector_agr,2021,0.224
svn,sex_m,age_ythadult_y15_24,eco_sector_agr,2022,0.114
svn,sex_m,age_ythadult_y15_24,eco_sector_agr,2023,0.205
svn,sex_m,age_ythadult_y15_24,eco_sector_ind,1996,30.805
svn,sex_m,age_ythadult_y15_24,eco_sector_ind,1997,31.378
svn,sex_m,age_ythadult_y15_24,eco_sector_ind,1998,26.969
svn,sex_m,age_ythadult_y15_24,eco_sector_ind,1999,22.728
svn,sex_m,age_ythadult_y15_24,eco_sector_ind,2000,23.318
svn,sex_m,age_ythadult_y15_24,eco_sector_ind,2001,22.917
svn,sex_m,age_ythadult_y15_24,eco_sector_ind,2002,24.225
svn,sex_m,age_ythadult_y15_24,eco_sector_ind,2003,21.236
svn,sex_m,age_ythadult_y15_24,eco_sector_ind,2004,21.876
svn,sex_m,age_ythadult_y15_24,eco_sector_ind,2005,22.987
svn,sex_m,age_ythadult_y15_24,eco_sector_ind,2006,24.134
svn,sex_m,age_ythadult_y15_24,eco_sector_ind,2007,24.784
svn,sex_m,age_ythadult_y15_24,eco_sector_ind,2008,23.787
svn,sex_m,age_ythadult_y15_24,eco_sector_ind,2009,18.292
svn,sex_m,age_ythadult_y15_24,eco_sector_ind,2010,16.456
svn,sex_m,age_ythadult_y15_24,eco_sector_ind,2011,15.707
svn,sex_m,age_ythadult_y15_24,eco_sector_ind,2012,13.128
svn,sex_m,age_ythadult_y15_24,eco_sector_ind,2013,13.56
svn,sex_m,age_ythadult_y15_24,eco_sector_ind,2014,12.873
svn,sex_m,age_ythadult_y15_24,eco_sector_ind,2015,13.369
svn,sex_m,age_ythadult_y15_24,eco_sector_ind,2016,13.711
svn,sex_m,age_ythadult_y15_24,eco_sector_ind,2017,18.149
svn,sex_m,age_ythadult_y15_24,eco_sector_ind,2018,17.817
svn,sex_m,age_ythadult_y15_24,eco_sector_ind,2019,15.957
svn,sex_m,age_ythadult_y15_24,eco_sector_ind,2020,13.755
svn,sex_m,age_ythadult_y15_24,eco_sector_ind,2021,13.946
svn,sex_m,age_ythadult_y15_24,eco_sector_ind,2022,14.443
svn,sex_m,age_ythadult_y15_24,eco_sector_ind,2023,17.51
svn,sex_m,age_ythadult_y15_24,eco_sector_nag,1996,51.783
svn,sex_m,age_ythadult_y15_24,eco_sector_nag,1997,56.663
svn,sex_m,age_ythadult_y15_24,eco_sector_nag,1998,48.515
svn,sex_m,age_ythadult_y15_24,eco_sector_nag,1999,44.234
svn,sex_m,age_ythadult_y15_24,eco_sector_nag,2001,43.274
svn,sex_m,age_ythadult_y15_24,eco_sector_nag,2002,46.389
svn,sex_m,age_ythadult_y15_24,eco_sector_nag,2003,43.804
svn,sex_m,age_ythadult_y15_24,eco_sector_nag,2004,46.433
svn,sex_m,age_ythadult_y15_24,eco_sector_nag,2005,45.168
svn,sex_m,age_ythadult_y15_24,eco_sector_nag,2006,45.778
svn,sex_m,age_ythadult_y15_24,eco_sector_nag,2007,49.996
svn,sex_m,age_ythadult_y15_24,eco_sector_nag,2008,50.523
svn,sex_m,age_ythadult_y15_24,eco_sector_nag,2009,43.107
svn,sex_m,age_ythadult_y15_24,eco_sector_nag,2010,39.116
svn,sex_m,age_ythadult_y15_24,eco_sector_nag,2011,36.069
svn,sex_m,age_ythadult_y15_24,eco_sector_nag,2012,29.794
svn,sex_m,age_ythadult_y15_24,eco_sector_nag,2013,26.976
svn,sex_m,age_ythadult_y15_24,eco_sector_nag,2014,24.897
svn,sex_m,age_ythadult_y15_24,eco_sector_nag,2015,27.462
svn,sex_m,age_ythadult_y15_24,eco_sector_nag,2016,28.285
svn,sex_m,age_ythadult_y15_24,eco_sector_nag,2017,35.132
svn,sex_m,age_ythadult_y15_24,eco_sector_nag,2018,35.781
svn,sex_m,age_ythadult_y15_24,eco_sector_nag,2019,33.327
svn,sex_m,age_ythadult_y15_24,eco_sector_nag,2020,28.313
svn,sex_m,age_ythadult_y15_24,eco_sector_nag,2021,31.667
svn,sex_m,age_ythadult_y15_24,eco_sector_nag,2022,33.746
svn,sex_m,age_ythadult_y15_24,eco_sector_nag,2023,36.159
svn,sex_m,age_ythadult_y15_24,eco_sector_ser,1996,20.832
svn,sex_m,age_ythadult_y15_24,eco_sector_ser,1997,25.202
svn,sex_m,age_ythadult_y15_24,eco_sector_ser,1998,20.64
svn,sex_m,age_ythadult_y15_24,eco_sector_ser,1999,21.249
svn,sex_m,age_ythadult_y15_24,eco_sector_ser,2000,21.613
svn,sex_m,age_ythadult_y15_24,eco_sector_ser,2001,19.642
svn,sex_m,age_ythadult_y15_24,eco_sector_ser,2002,21.349
svn,sex_m,age_ythadult_y15_24,eco_sector_ser,2003,21.486
svn,sex_m,age_ythadult_y15_24,eco_sector_ser,2004,23.5
svn,sex_m,age_ythadult_y15_24,eco_sector_ser,2005,21.426
svn,sex_m,age_ythadult_y15_24,eco_sector_ser,2006,21.323
svn,sex_m,age_ythadult_y15_24,eco_sector_ser,2007,23.856
svn,sex_m,age_ythadult_y15_24,eco_sector_ser,2008,26.014
svn,sex_m,age_ythadult_y15_24,eco_sector_ser,2009,24.182
svn,sex_m,age_ythadult_y15_24,eco_sector_ser,2010,22.194
svn,sex_m,age_ythadult_y15_24,eco_sector_ser,2011,19.794
svn,sex_m,age_ythadult_y15_24,eco_sector_ser,2012,16.395
svn,sex_m,age_ythadult_y15_24,eco_sector_ser,2013,13.08
svn,sex_m,age_ythadult_y15_24,eco_sector_ser,2014,11.73
svn,sex_m,age_ythadult_y15_24,eco_sector_ser,2015,13.505
svn,sex_m,age_ythadult_y15_24,eco_sector_ser,2016,13.829
svn,sex_m,age_ythadult_y15_24,eco_sector_ser,2017,16.418
svn,sex_m,age_ythadult_y15_24,eco_sector_ser,2018,17.501
svn,sex_m,age_ythadult_y15_24,eco_sector_ser,2019,16.957
svn,sex_m,age_ythadult_y15_24,eco_sector_ser,2020,14.22
svn,sex_m,age_ythadult_y15_24,eco_sector_ser,2021,17.273
svn,sex_m,age_ythadult_y15_24,eco_sector_ser,2022,19.059
svn,sex_m,age_ythadult_y15_24,eco_sector_ser,2023,18.317
svn,sex_m,age_ythadult_y15_24,eco_sector_total,1996,53.112
svn,sex_m,age_ythadult_y15_24,eco_sector_total,1997,57.863
svn,sex_m,age_ythadult_y15_24,eco_sector_total,1998,49.172
svn,sex_m,age_ythadult_y15_24,eco_sector_total,1999,44.708
svn,sex_m,age_ythadult_y15_24,eco_sector_total,2000,45.975
svn,sex_m,age_ythadult_y15_24,eco_sector_total,2001,43.793
svn,sex_m,age_ythadult_y15_24,eco_sector_total,2002,47.3
svn,sex_m,age_ythadult_y15_24,eco_sector_total,2003,44.284
svn,sex_m,age_ythadult_y15_24,eco_sector_total,2004,47.586
svn,sex_m,age_ythadult_y15_24,eco_sector_total,2005,45.625
svn,sex_m,age_ythadult_y15_24,eco_sector_total,2006,46.752
svn,sex_m,age_ythadult_y15_24,eco_sector_total,2007,50.947
svn,sex_m,age_ythadult_y15_24,eco_sector_total,2008,51.381
svn,sex_m,age_ythadult_y15_24,eco_sector_total,2009,43.859
svn,sex_m,age_ythadult_y15_24,eco_sector_total,2010,39.685
svn,sex_m,age_ythadult_y15_24,eco_sector_total,2011,36.515
svn,sex_m,age_ythadult_y15_24,eco_sector_total,2012,30.169
svn,sex_m,age_ythadult_y15_24,eco_sector_total,2013,27.654
svn,sex_m,age_ythadult_y15_24,eco_sector_total,2014,25.525
svn,sex_m,age_ythadult_y15_24,eco_sector_total,2015,27.822
svn,sex_m,age_ythadult_y15_24,eco_sector_total,2016,28.45
svn,sex_m,age_ythadult_y15_24,eco_sector_total,2017,35.532
svn,sex_m,age_ythadult_y15_24,eco_sector_total,2018,36.078
svn,sex_m,age_ythadult_y15_24,eco_sector_total,2019,33.826
svn,sex_m,age_ythadult_y15_24,eco_sector_total,2020,28.663
svn,sex_m,age_ythadult_y15_24,eco_sector_total,2021,31.891
svn,sex_m,age_ythadult_y15_24,eco_sector_total,2022,33.86
svn,sex_m,age_ythadult_y15_24,eco_sector_total,2023,36.365
svn,sex_m,age_ythadult_y15_24,eco_sector_x,1998,0.907
svn,sex_m,age_ythadult_y15_24,eco_sector_x,2000,0.675
svn,sex_m,age_ythadult_y15_24,eco_sector_x,2001,0.715
svn,sex_m,age_ythadult_y15_24,eco_sector_x,2002,0.815
svn,sex_m,age_ythadult_y15_24,eco_sector_x,2003,1.082
svn,sex_m,age_ythadult_y15_24,eco_sector_x,2004,1.057
svn,sex_m,age_ythadult_y15_24,eco_sector_x,2005,0.756
svn,sex_m,age_ythadult_y15_24,eco_sector_x,2006,0.321
svn,sex_m,age_ythadult_y15_24,eco_sector_x,2007,1.356
svn,sex_m,age_ythadult_y15_24,eco_sector_x,2008,0.723
svn,sex_m,age_ythadult_y15_24,eco_sector_x,2009,0.633
svn,sex_m,age_ythadult_y15_24,eco_sector_x,2010,0.466
svn,sex_m,age_ythadult_y15_24,eco_sector_x,2011,0.568
svn,sex_m,age_ythadult_y15_24,eco_sector_x,2012,0.271
svn,sex_m,age_ythadult_y15_24,eco_sector_x,2013,0.335
svn,sex_m,age_ythadult_y15_24,eco_sector_x,2014,0.294
svn,sex_m,age_ythadult_y15_24,eco_sector_x,2015,0.588
svn,sex_m,age_ythadult_y15_24,eco_sector_x,2016,0.745
svn,sex_m,age_ythadult_y15_24,eco_sector_x,2017,0.565
svn,sex_m,age_ythadult_y15_24,eco_sector_x,2018,0.464
svn,sex_m,age_ythadult_y15_24,eco_sector_x,2019,0.413
svn,sex_m,age_ythadult_y15_24,eco_sector_x,2020,0.338
svn,sex_m,age_ythadult_y15_24,eco_sector_x,2021,0.448
svn,sex_m,age_ythadult_y15_24,eco_sector_x,2022,0.244
svn,sex_m,age_ythadult_y15_24,eco_sector_x,2023,0.332
svn,sex_m,age_ythadult_y15_64,eco_aggregate_agr,1996,8.497
svn,sex_m,age_ythadult_y15_64,eco_aggregate_agr,1997,8.217
svn,sex_m,age_ythadult_y15_64,eco_aggregate_agr,1998,5.215
svn,sex_m,age_ythadult_y15_64,eco_aggregate_agr,1999,5.866
svn,sex_m,age_ythadult_y15_64,eco_aggregate_agr,2000,6.059
svn,sex_m,age_ythadult_y15_64,eco_aggregate_agr,2001,6.577
svn,sex_m,age_ythadult_y15_64,eco_aggregate_agr,2002,8.113
svn,sex_m,age_ythadult_y15_64,eco_aggregate_agr,2003,6.628
svn,sex_m,age_ythadult_y15_64,eco_aggregate_agr,2004,8.662
svn,sex_m,age_ythadult_y15_64,eco_aggregate_agr,2005,6.897
svn,sex_m,age_ythadult_y15_64,eco_aggregate_agr,2006,8.119
svn,sex_m,age_ythadult_y15_64,eco_aggregate_agr,2007,8.456
svn,sex_m,age_ythadult_y15_64,eco_aggregate_agr,2008,8.543
svn,sex_m,age_ythadult_y15_64,eco_aggregate_agr,2009,7.103
svn,sex_m,age_ythadult_y15_64,eco_aggregate_agr,2010,6.424
svn,sex_m,age_ythadult_y15_64,eco_aggregate_agr,2011,6.624
svn,sex_m,age_ythadult_y15_64,eco_aggregate_agr,2012,6.71
svn,sex_m,age_ythadult_y15_64,eco_aggregate_agr,2013,5.963
svn,sex_m,age_ythadult_y15_64,eco_aggregate_agr,2014,5.668
svn,sex_m,age_ythadult_y15_64,eco_aggregate_agr,2015,6.082
svn,sex_m,age_ythadult_y15_64,eco_aggregate_agr,2016,5.23
svn,sex_m,age_ythadult_y15_64,eco_aggregate_agr,2017,5.879
svn,sex_m,age_ythadult_y15_64,eco_aggregate_agr,2018,5.344
svn,sex_m,age_ythadult_y15_64,eco_aggregate_agr,2019,4.292
svn,sex_m,age_ythadult_y15_64,eco_aggregate_agr,2020,4.427
svn,sex_m,age_ythadult_y15_64,eco_aggregate_agr,2021,2.904
svn,sex_m,age_ythadult_y15_64,eco_aggregate_agr,2022,2.82
svn,sex_m,age_ythadult_y15_64,eco_aggregate_agr,2023,3.85
svn,sex_m,age_ythadult_y15_64,eco_aggregate_con,1996,33.341
svn,sex_m,age_ythadult_y15_64,eco_aggregate_con,1997,39.505
svn,sex_m,age_ythadult_y15_64,eco_aggregate_con,1998,36.193
svn,sex_m,age_ythadult_y15_64,eco_aggregate_con,1999,33.604
svn,sex_m,age_ythadult_y15_64,eco_aggregate_con,2000,34.903
svn,sex_m,age_ythadult_y15_64,eco_aggregate_con,2001,39.628
svn,sex_m,age_ythadult_y15_64,eco_aggregate_con,2002,38.956
svn,sex_m,age_ythadult_y15_64,eco_aggregate_con,2003,39.143
svn,sex_m,age_ythadult_y15_64,eco_aggregate_con,2004,40.369
svn,sex_m,age_ythadult_y15_64,eco_aggregate_con,2005,43.962
svn,sex_m,age_ythadult_y15_64,eco_aggregate_con,2006,41.101
svn,sex_m,age_ythadult_y15_64,eco_aggregate_con,2007,42.661
svn,sex_m,age_ythadult_y15_64,eco_aggregate_con,2008,49.007
svn,sex_m,age_ythadult_y15_64,eco_aggregate_con,2009,43.476
svn,sex_m,age_ythadult_y15_64,eco_aggregate_con,2010,40.272
svn,sex_m,age_ythadult_y15_64,eco_aggregate_con,2011,36.883
svn,sex_m,age_ythadult_y15_64,eco_aggregate_con,2012,36.629
svn,sex_m,age_ythadult_y15_64,eco_aggregate_con,2013,36.59
svn,sex_m,age_ythadult_y15_64,eco_aggregate_con,2014,36.708
svn,sex_m,age_ythadult_y15_64,eco_aggregate_con,2015,36.162
svn,sex_m,age_ythadult_y15_64,eco_aggregate_con,2016,35.163
svn,sex_m,age_ythadult_y15_64,eco_aggregate_con,2017,37.729
svn,sex_m,age_ythadult_y15_64,eco_aggregate_con,2018,37.437
svn,sex_m,age_ythadult_y15_64,eco_aggregate_con,2019,37.881
svn,sex_m,age_ythadult_y15_64,eco_aggregate_con,2020,40.472
svn,sex_m,age_ythadult_y15_64,eco_aggregate_con,2021,33.346
svn,sex_m,age_ythadult_y15_64,eco_aggregate_con,2022,34.954
svn,sex_m,age_ythadult_y15_64,eco_aggregate_con,2023,44.074
svn,sex_m,age_ythadult_y15_64,eco_aggregate_man,1996,159.89
svn,sex_m,age_ythadult_y15_64,eco_aggregate_man,1997,157.632
svn,sex_m,age_ythadult_y15_64,eco_aggregate_man,1998,158.57
svn,sex_m,age_ythadult_y15_64,eco_aggregate_man,1999,153.201
svn,sex_m,age_ythadult_y15_64,eco_aggregate_man,2000,148.074
svn,sex_m,age_ythadult_y15_64,eco_aggregate_man,2001,151.91
svn,sex_m,age_ythadult_y15_64,eco_aggregate_man,2002,158.345
svn,sex_m,age_ythadult_y15_64,eco_aggregate_man,2003,154.514
svn,sex_m,age_ythadult_y15_64,eco_aggregate_man,2004,155.683
svn,sex_m,age_ythadult_y15_64,eco_aggregate_man,2005,161.51
svn,sex_m,age_ythadult_y15_64,eco_aggregate_man,2006,158.034
svn,sex_m,age_ythadult_y15_64,eco_aggregate_man,2007,163.223
svn,sex_m,age_ythadult_y15_64,eco_aggregate_man,2008,157.931
svn,sex_m,age_ythadult_y15_64,eco_aggregate_man,2009,140.151
svn,sex_m,age_ythadult_y15_64,eco_aggregate_man,2010,137.863
svn,sex_m,age_ythadult_y15_64,eco_aggregate_man,2011,134.813
svn,sex_m,age_ythadult_y15_64,eco_aggregate_man,2012,129.022
svn,sex_m,age_ythadult_y15_64,eco_aggregate_man,2013,128.231
svn,sex_m,age_ythadult_y15_64,eco_aggregate_man,2014,129.605
svn,sex_m,age_ythadult_y15_64,eco_aggregate_man,2015,135.226
svn,sex_m,age_ythadult_y15_64,eco_aggregate_man,2016,144.263
svn,sex_m,age_ythadult_y15_64,eco_aggregate_man,2017,155.177
svn,sex_m,age_ythadult_y15_64,eco_aggregate_man,2018,150.274
svn,sex_m,age_ythadult_y15_64,eco_aggregate_man,2019,158.75
svn,sex_m,age_ythadult_y15_64,eco_aggregate_man,2020,162.016
svn,sex_m,age_ythadult_y15_64,eco_aggregate_man,2021,138.925
svn,sex_m,age_ythadult_y15_64,eco_aggregate_man,2022,140.152
svn,sex_m,age_ythadult_y15_64,eco_aggregate_man,2023,141.51
svn,sex_m,age_ythadult_y15_64,eco_aggregate_mel,1996,18.971
svn,sex_m,age_ythadult_y15_64,eco_aggregate_mel,1997,17.557
svn,sex_m,age_ythadult_y15_64,eco_aggregate_mel,1998,14.449
svn,sex_m,age_ythadult_y15_64,eco_aggregate_mel,1999,12.351
svn,sex_m,age_ythadult_y15_64,eco_aggregate_mel,2000,14.644
svn,sex_m,age_ythadult_y15_64,eco_aggregate_mel,2001,14.776
svn,sex_m,age_ythadult_y15_64,eco_aggregate_mel,2002,12.59
svn,sex_m,age_ythadult_y15_64,eco_aggregate_mel,2003,12.44
svn,sex_m,age_ythadult_y15_64,eco_aggregate_mel,2004,13.664
svn,sex_m,age_ythadult_y15_64,eco_aggregate_mel,2005,12.636
svn,sex_m,age_ythadult_y15_64,eco_aggregate_mel,2006,12.902
svn,sex_m,age_ythadult_y15_64,eco_aggregate_mel,2007,12.463
svn,sex_m,age_ythadult_y15_64,eco_aggregate_mel,2008,17.556
svn,sex_m,age_ythadult_y15_64,eco_aggregate_mel,2009,17.486
svn,sex_m,age_ythadult_y15_64,eco_aggregate_mel,2010,17.708
svn,sex_m,age_ythadult_y15_64,eco_aggregate_mel,2011,19.53
svn,sex_m,age_ythadult_y15_64,eco_aggregate_mel,2012,18.816
svn,sex_m,age_ythadult_y15_64,eco_aggregate_mel,2013,17.964
svn,sex_m,age_ythadult_y15_64,eco_aggregate_mel,2014,18.654
svn,sex_m,age_ythadult_y15_64,eco_aggregate_mel,2015,18.653
svn,sex_m,age_ythadult_y15_64,eco_aggregate_mel,2016,16.95
svn,sex_m,age_ythadult_y15_64,eco_aggregate_mel,2017,17.329
svn,sex_m,age_ythadult_y15_64,eco_aggregate_mel,2018,20.282
svn,sex_m,age_ythadult_y15_64,eco_aggregate_mel,2019,20.217
svn,sex_m,age_ythadult_y15_64,eco_aggregate_mel,2020,19.733
svn,sex_m,age_ythadult_y15_64,eco_aggregate_mel,2021,18.004
svn,sex_m,age_ythadult_y15_64,eco_aggregate_mel,2022,18.877
svn,sex_m,age_ythadult_y15_64,eco_aggregate_mel,2023,20.368
svn,sex_m,age_ythadult_y15_64,eco_aggregate_mkt,1996,98.108
svn,sex_m,age_ythadult_y15_64,eco_aggregate_mkt,1997,104.833
svn,sex_m,age_ythadult_y15_64,eco_aggregate_mkt,1998,106.674
svn,sex_m,age_ythadult_y15_64,eco_aggregate_mkt,1999,110.322
svn,sex_m,age_ythadult_y15_64,eco_aggregate_mkt,2000,122.632
svn,sex_m,age_ythadult_y15_64,eco_aggregate_mkt,2001,119.408
svn,sex_m,age_ythadult_y15_64,eco_aggregate_mkt,2002,118.327
svn,sex_m,age_ythadult_y15_64,eco_aggregate_mkt,2003,127.57
svn,sex_m,age_ythadult_y15_64,eco_aggregate_mkt,2004,126.098
svn,sex_m,age_ythadult_y15_64,eco_aggregate_mkt,2005,128.617
svn,sex_m,age_ythadult_y15_64,eco_aggregate_mkt,2006,130.761
svn,sex_m,age_ythadult_y15_64,eco_aggregate_mkt,2007,135.478
svn,sex_m,age_ythadult_y15_64,eco_aggregate_mkt,2008,150.347
svn,sex_m,age_ythadult_y15_64,eco_aggregate_mkt,2009,152.222
svn,sex_m,age_ythadult_y15_64,eco_aggregate_mkt,2010,146.745
svn,sex_m,age_ythadult_y15_64,eco_aggregate_mkt,2011,142.52
svn,sex_m,age_ythadult_y15_64,eco_aggregate_mkt,2012,146.94
svn,sex_m,age_ythadult_y15_64,eco_aggregate_mkt,2013,141.766
svn,sex_m,age_ythadult_y15_64,eco_aggregate_mkt,2014,133.021
svn,sex_m,age_ythadult_y15_64,eco_aggregate_mkt,2015,136.064
svn,sex_m,age_ythadult_y15_64,eco_aggregate_mkt,2016,133.913
svn,sex_m,age_ythadult_y15_64,eco_aggregate_mkt,2017,139.896
svn,sex_m,age_ythadult_y15_64,eco_aggregate_mkt,2018,149.673
svn,sex_m,age_ythadult_y15_64,eco_aggregate_mkt,2019,150.98
svn,sex_m,age_ythadult_y15_64,eco_aggregate_mkt,2020,152.686
svn,sex_m,age_ythadult_y15_64,eco_aggregate_mkt,2021,159.324
svn,sex_m,age_ythadult_y15_64,eco_aggregate_mkt,2022,161.964
svn,sex_m,age_ythadult_y15_64,eco_aggregate_mkt,2023,161.322
svn,sex_m,age_ythadult_y15_64,eco_aggregate_pub,1996,51.429
svn,sex_m,age_ythadult_y15_64,eco_aggregate_pub,1997,50.019
svn,sex_m,age_ythadult_y15_64,eco_aggregate_pub,1998,53.343
svn,sex_m,age_ythadult_y15_64,eco_aggregate_pub,1999,60.147
svn,sex_m,age_ythadult_y15_64,eco_aggregate_pub,2000,60.412
svn,sex_m,age_ythadult_y15_64,eco_aggregate_pub,2001,60.63
svn,sex_m,age_ythadult_y15_64,eco_aggregate_pub,2002,63.582
svn,sex_m,age_ythadult_y15_64,eco_aggregate_pub,2003,62.635
svn,sex_m,age_ythadult_y15_64,eco_aggregate_pub,2004,68.459
svn,sex_m,age_ythadult_y15_64,eco_aggregate_pub,2005,68.23
svn,sex_m,age_ythadult_y15_64,eco_aggregate_pub,2006,71.306
svn,sex_m,age_ythadult_y15_64,eco_aggregate_pub,2007,73.543
svn,sex_m,age_ythadult_y15_64,eco_aggregate_pub,2008,66.342
svn,sex_m,age_ythadult_y15_64,eco_aggregate_pub,2009,64.733
svn,sex_m,age_ythadult_y15_64,eco_aggregate_pub,2010,65.712
svn,sex_m,age_ythadult_y15_64,eco_aggregate_pub,2011,62.532
svn,sex_m,age_ythadult_y15_64,eco_aggregate_pub,2012,62.425
svn,sex_m,age_ythadult_y15_64,eco_aggregate_pub,2013,62.212
svn,sex_m,age_ythadult_y15_64,eco_aggregate_pub,2014,67.814
svn,sex_m,age_ythadult_y15_64,eco_aggregate_pub,2015,66.463
svn,sex_m,age_ythadult_y15_64,eco_aggregate_pub,2016,64.663
svn,sex_m,age_ythadult_y15_64,eco_aggregate_pub,2017,66.462
svn,sex_m,age_ythadult_y15_64,eco_aggregate_pub,2018,66.17
svn,sex_m,age_ythadult_y15_64,eco_aggregate_pub,2019,64.162
svn,sex_m,age_ythadult_y15_64,eco_aggregate_pub,2020,66.859
svn,sex_m,age_ythadult_y15_64,eco_aggregate_pub,2021,76.485
svn,sex_m,age_ythadult_y15_64,eco_aggregate_pub,2022,76.348
svn,sex_m,age_ythadult_y15_64,eco_aggregate_pub,2023,65.276
svn,sex_m,age_ythadult_y15_64,eco_aggregate_total,1996,370.707
svn,sex_m,age_ythadult_y15_64,eco_aggregate_total,1997,379.031
svn,sex_m,age_ythadult_y15_64,eco_aggregate_total,1998,376.915
svn,sex_m,age_ythadult_y15_64,eco_aggregate_total,1999,377.505
svn,sex_m,age_ythadult_y15_64,eco_aggregate_total,2000,390.123
svn,sex_m,age_ythadult_y15_64,eco_aggregate_total,2001,398.059
svn,sex_m,age_ythadult_y15_64,eco_aggregate_total,2002,402.958
svn,sex_m,age_ythadult_y15_64,eco_aggregate_total,2003,406.049
svn,sex_m,age_ythadult_y15_64,eco_aggregate_total,2004,418.637
svn,sex_m,age_ythadult_y15_64,eco_aggregate_total,2005,424.417
svn,sex_m,age_ythadult_y15_64,eco_aggregate_total,2006,423.94
svn,sex_m,age_ythadult_y15_64,eco_aggregate_total,2007,440.173
svn,sex_m,age_ythadult_y15_64,eco_aggregate_total,2008,452
svn,sex_m,age_ythadult_y15_64,eco_aggregate_total,2009,427.914
svn,sex_m,age_ythadult_y15_64,eco_aggregate_total,2010,416.736
svn,sex_m,age_ythadult_y15_64,eco_aggregate_total,2011,404.943
svn,sex_m,age_ythadult_y15_64,eco_aggregate_total,2012,402.514
svn,sex_m,age_ythadult_y15_64,eco_aggregate_total,2013,395.275
svn,sex_m,age_ythadult_y15_64,eco_aggregate_total,2014,393.857
svn,sex_m,age_ythadult_y15_64,eco_aggregate_total,2015,403.962
svn,sex_m,age_ythadult_y15_64,eco_aggregate_total,2016,404.084
svn,sex_m,age_ythadult_y15_64,eco_aggregate_total,2017,424.872
svn,sex_m,age_ythadult_y15_64,eco_aggregate_total,2018,431.761
svn,sex_m,age_ythadult_y15_64,eco_aggregate_total,2019,438.645
svn,sex_m,age_ythadult_y15_64,eco_aggregate_total,2020,448.349
svn,sex_m,age_ythadult_y15_64,eco_aggregate_total,2021,431.616
svn,sex_m,age_ythadult_y15_64,eco_aggregate_total,2022,437.249
svn,sex_m,age_ythadult_y15_64,eco_aggregate_total,2023,438.417
svn,sex_m,age_ythadult_y15_64,eco_aggregate_x,1997,1.267
svn,sex_m,age_ythadult_y15_64,eco_aggregate_x,1998,2.471
svn,sex_m,age_ythadult_y15_64,eco_aggregate_x,1999,2.014
svn,sex_m,age_ythadult_y15_64,eco_aggregate_x,2000,3.399
svn,sex_m,age_ythadult_y15_64,eco_aggregate_x,2001,5.129
svn,sex_m,age_ythadult_y15_64,eco_aggregate_x,2002,3.045
svn,sex_m,age_ythadult_y15_64,eco_aggregate_x,2003,3.119
svn,sex_m,age_ythadult_y15_64,eco_aggregate_x,2004,5.702
svn,sex_m,age_ythadult_y15_64,eco_aggregate_x,2005,2.565
svn,sex_m,age_ythadult_y15_64,eco_aggregate_x,2006,1.718
svn,sex_m,age_ythadult_y15_64,eco_aggregate_x,2007,4.348
svn,sex_m,age_ythadult_y15_64,eco_aggregate_x,2008,2.273
svn,sex_m,age_ythadult_y15_64,eco_aggregate_x,2009,2.744
svn,sex_m,age_ythadult_y15_64,eco_aggregate_x,2010,2.013
svn,sex_m,age_ythadult_y15_64,eco_aggregate_x,2011,2.041
svn,sex_m,age_ythadult_y15_64,eco_aggregate_x,2012,1.973
svn,sex_m,age_ythadult_y15_64,eco_aggregate_x,2013,2.548
svn,sex_m,age_ythadult_y15_64,eco_aggregate_x,2014,2.386
svn,sex_m,age_ythadult_y15_64,eco_aggregate_x,2015,5.311
svn,sex_m,age_ythadult_y15_64,eco_aggregate_x,2016,3.901
svn,sex_m,age_ythadult_y15_64,eco_aggregate_x,2017,2.4
svn,sex_m,age_ythadult_y15_64,eco_aggregate_x,2018,2.581
svn,sex_m,age_ythadult_y15_64,eco_aggregate_x,2019,2.363
svn,sex_m,age_ythadult_y15_64,eco_aggregate_x,2020,2.156
svn,sex_m,age_ythadult_y15_64,eco_aggregate_x,2021,2.627
svn,sex_m,age_ythadult_y15_64,eco_aggregate_x,2022,2.133
svn,sex_m,age_ythadult_y15_64,eco_aggregate_x,2023,2.018
svn,sex_m,age_ythadult_y15_64,eco_isic3_a,1996,8.497
svn,sex_m,age_ythadult_y15_64,eco_isic3_a,1997,7.92
svn,sex_m,age_ythadult_y15_64,eco_isic3_a,1998,5.097
svn,sex_m,age_ythadult_y15_64,eco_isic3_a,1999,5.568
svn,sex_m,age_ythadult_y15_64,eco_isic3_a,2000,6.002
svn,sex_m,age_ythadult_y15_64,eco_isic3_a,2001,6.577
svn,sex_m,age_ythadult_y15_64,eco_isic3_a,2002,8.048
svn,sex_m,age_ythadult_y15_64,eco_isic3_a,2003,6.478
svn,sex_m,age_ythadult_y15_64,eco_isic3_a,2004,8.409
svn,sex_m,age_ythadult_y15_64,eco_isic3_a,2005,6.758
svn,sex_m,age_ythadult_y15_64,eco_isic3_a,2006,8.071
svn,sex_m,age_ythadult_y15_64,eco_isic3_a,2007,8.171
svn,sex_m,age_ythadult_y15_64,eco_isic3_b,2007,0.285
svn,sex_m,age_ythadult_y15_64,eco_isic3_c,1996,8.321
svn,sex_m,age_ythadult_y15_64,eco_isic3_c,1997,6.117
svn,sex_m,age_ythadult_y15_64,eco_isic3_c,1998,7.487
svn,sex_m,age_ythadult_y15_64,eco_isic3_c,1999,6.176
svn,sex_m,age_ythadult_y15_64,eco_isic3_c,2000,6.376
svn,sex_m,age_ythadult_y15_64,eco_isic3_c,2002,3.397
svn,sex_m,age_ythadult_y15_64,eco_isic3_c,2005,5.428
svn,sex_m,age_ythadult_y15_64,eco_isic3_c,2006,5.14
svn,sex_m,age_ythadult_y15_64,eco_isic3_c,2007,4.136
svn,sex_m,age_ythadult_y15_64,eco_isic3_d,1996,159.89
svn,sex_m,age_ythadult_y15_64,eco_isic3_d,1997,157.632
svn,sex_m,age_ythadult_y15_64,eco_isic3_d,1998,158.57
svn,sex_m,age_ythadult_y15_64,eco_isic3_d,1999,153.201
svn,sex_m,age_ythadult_y15_64,eco_isic3_d,2000,148.074
svn,sex_m,age_ythadult_y15_64,eco_isic3_d,2001,151.91
svn,sex_m,age_ythadult_y15_64,eco_isic3_d,2002,158.345
svn,sex_m,age_ythadult_y15_64,eco_isic3_d,2003,154.514
svn,sex_m,age_ythadult_y15_64,eco_isic3_d,2004,155.683
svn,sex_m,age_ythadult_y15_64,eco_isic3_d,2005,161.51
svn,sex_m,age_ythadult_y15_64,eco_isic3_d,2006,158.034
svn,sex_m,age_ythadult_y15_64,eco_isic3_d,2007,163.223
svn,sex_m,age_ythadult_y15_64,eco_isic3_e,1996,10.65
svn,sex_m,age_ythadult_y15_64,eco_isic3_e,1997,11.44
svn,sex_m,age_ythadult_y15_64,eco_isic3_e,1998,6.962
svn,sex_m,age_ythadult_y15_64,eco_isic3_e,1999,6.174
svn,sex_m,age_ythadult_y15_64,eco_isic3_e,2000,8.268
svn,sex_m,age_ythadult_y15_64,eco_isic3_e,2001,9.962
svn,sex_m,age_ythadult_y15_64,eco_isic3_e,2002,9.193
svn,sex_m,age_ythadult_y15_64,eco_isic3_e,2003,7.345
svn,sex_m,age_ythadult_y15_64,eco_isic3_e,2004,8.594
svn,sex_m,age_ythadult_y15_64,eco_isic3_e,2005,7.209
svn,sex_m,age_ythadult_y15_64,eco_isic3_e,2006,7.762
svn,sex_m,age_ythadult_y15_64,eco_isic3_e,2007,8.328
svn,sex_m,age_ythadult_y15_64,eco_isic3_f,1996,33.341
svn,sex_m,age_ythadult_y15_64,eco_isic3_f,1997,39.505
svn,sex_m,age_ythadult_y15_64,eco_isic3_f,1998,36.193
svn,sex_m,age_ythadult_y15_64,eco_isic3_f,1999,33.604
svn,sex_m,age_ythadult_y15_64,eco_isic3_f,2000,34.903
svn,sex_m,age_ythadult_y15_64,eco_isic3_f,2001,39.628
svn,sex_m,age_ythadult_y15_64,eco_isic3_f,2002,38.956
svn,sex_m,age_ythadult_y15_64,eco_isic3_f,2003,39.143
svn,sex_m,age_ythadult_y15_64,eco_isic3_f,2004,40.369
svn,sex_m,age_ythadult_y15_64,eco_isic3_f,2005,43.962
svn,sex_m,age_ythadult_y15_64,eco_isic3_f,2006,41.101
svn,sex_m,age_ythadult_y15_64,eco_isic3_f,2007,42.661
svn,sex_m,age_ythadult_y15_64,eco_isic3_g,1996,37.981
svn,sex_m,age_ythadult_y15_64,eco_isic3_g,1997,39.654
svn,sex_m,age_ythadult_y15_64,eco_isic3_g,1998,43.446
svn,sex_m,age_ythadult_y15_64,eco_isic3_g,1999,43.364
svn,sex_m,age_ythadult_y15_64,eco_isic3_g,2000,48.203
svn,sex_m,age_ythadult_y15_64,eco_isic3_g,2001,46.083
svn,sex_m,age_ythadult_y15_64,eco_isic3_g,2002,46.227
svn,sex_m,age_ythadult_y15_64,eco_isic3_g,2003,46.699
svn,sex_m,age_ythadult_y15_64,eco_isic3_g,2004,46.222
svn,sex_m,age_ythadult_y15_64,eco_isic3_g,2005,44.681
svn,sex_m,age_ythadult_y15_64,eco_isic3_g,2006,48.588
svn,sex_m,age_ythadult_y15_64,eco_isic3_g,2007,47.739
svn,sex_m,age_ythadult_y15_64,eco_isic3_h,1996,8.939
svn,sex_m,age_ythadult_y15_64,eco_isic3_h,1997,11.579
svn,sex_m,age_ythadult_y15_64,eco_isic3_h,1998,12.554
svn,sex_m,age_ythadult_y15_64,eco_isic3_h,1999,11.539
svn,sex_m,age_ythadult_y15_64,eco_isic3_h,2000,12.363
svn,sex_m,age_ythadult_y15_64,eco_isic3_h,2001,9.707
svn,sex_m,age_ythadult_y15_64,eco_isic3_h,2002,10.357
svn,sex_m,age_ythadult_y15_64,eco_isic3_h,2003,11.047
svn,sex_m,age_ythadult_y15_64,eco_isic3_h,2004,11.981
svn,sex_m,age_ythadult_y15_64,eco_isic3_h,2005,12.554
svn,sex_m,age_ythadult_y15_64,eco_isic3_h,2006,10.805
svn,sex_m,age_ythadult_y15_64,eco_isic3_h,2007,11.511
svn,sex_m,age_ythadult_y15_64,eco_isic3_i,1996,33.05
svn,sex_m,age_ythadult_y15_64,eco_isic3_i,1997,32.95
svn,sex_m,age_ythadult_y15_64,eco_isic3_i,1998,28.267
svn,sex_m,age_ythadult_y15_64,eco_isic3_i,1999,32.344
svn,sex_m,age_ythadult_y15_64,eco_isic3_i,2000,38.192
svn,sex_m,age_ythadult_y15_64,eco_isic3_i,2001,36.956
svn,sex_m,age_ythadult_y15_64,eco_isic3_i,2002,34.836
svn,sex_m,age_ythadult_y15_64,eco_isic3_i,2003,40.252
svn,sex_m,age_ythadult_y15_64,eco_isic3_i,2004,36.818
svn,sex_m,age_ythadult_y15_64,eco_isic3_i,2005,37.311
svn,sex_m,age_ythadult_y15_64,eco_isic3_i,2006,34.967
svn,sex_m,age_ythadult_y15_64,eco_isic3_i,2007,40.036
svn,sex_m,age_ythadult_y15_64,eco_isic3_j,1996,5.135
svn,sex_m,age_ythadult_y15_64,eco_isic3_j,1997,6.01
svn,sex_m,age_ythadult_y15_64,eco_isic3_j,1998,4.31
svn,sex_m,age_ythadult_y15_64,eco_isic3_j,1999,4.947
svn,sex_m,age_ythadult_y15_64,eco_isic3_j,2000,6.757
svn,sex_m,age_ythadult_y15_64,eco_isic3_j,2001,8.68
svn,sex_m,age_ythadult_y15_64,eco_isic3_j,2002,8.06
svn,sex_m,age_ythadult_y15_64,eco_isic3_j,2003,6.594
svn,sex_m,age_ythadult_y15_64,eco_isic3_j,2004,6.709
svn,sex_m,age_ythadult_y15_64,eco_isic3_j,2005,7.856
svn,sex_m,age_ythadult_y15_64,eco_isic3_j,2006,8.078
svn,sex_m,age_ythadult_y15_64,eco_isic3_j,2007,7.305
svn,sex_m,age_ythadult_y15_64,eco_isic3_k,1996,13.003
svn,sex_m,age_ythadult_y15_64,eco_isic3_k,1997,14.639
svn,sex_m,age_ythadult_y15_64,eco_isic3_k,1998,18.098
svn,sex_m,age_ythadult_y15_64,eco_isic3_k,1999,18.129
svn,sex_m,age_ythadult_y15_64,eco_isic3_k,2000,17.118
svn,sex_m,age_ythadult_y15_64,eco_isic3_k,2001,17.982
svn,sex_m,age_ythadult_y15_64,eco_isic3_k,2002,18.846
svn,sex_m,age_ythadult_y15_64,eco_isic3_k,2003,22.978
svn,sex_m,age_ythadult_y15_64,eco_isic3_k,2004,24.369
svn,sex_m,age_ythadult_y15_64,eco_isic3_k,2005,26.215
svn,sex_m,age_ythadult_y15_64,eco_isic3_k,2006,28.322
svn,sex_m,age_ythadult_y15_64,eco_isic3_k,2007,28.887
svn,sex_m,age_ythadult_y15_64,eco_isic3_l,1996,20.289
svn,sex_m,age_ythadult_y15_64,eco_isic3_l,1997,16.36
svn,sex_m,age_ythadult_y15_64,eco_isic3_l,1998,18.927
svn,sex_m,age_ythadult_y15_64,eco_isic3_l,1999,24.886
svn,sex_m,age_ythadult_y15_64,eco_isic3_l,2000,26.3
svn,sex_m,age_ythadult_y15_64,eco_isic3_l,2001,22.687
svn,sex_m,age_ythadult_y15_64,eco_isic3_l,2002,24.522
svn,sex_m,age_ythadult_y15_64,eco_isic3_l,2003,22.964
svn,sex_m,age_ythadult_y15_64,eco_isic3_l,2004,26.374
svn,sex_m,age_ythadult_y15_64,eco_isic3_l,2005,29.173
svn,sex_m,age_ythadult_y15_64,eco_isic3_l,2006,27.83
svn,sex_m,age_ythadult_y15_64,eco_isic3_l,2007,28.414
svn,sex_m,age_ythadult_y15_64,eco_isic3_m,1996,10.924
svn,sex_m,age_ythadult_y15_64,eco_isic3_m,1997,10.846
svn,sex_m,age_ythadult_y15_64,eco_isic3_m,1998,12.798
svn,sex_m,age_ythadult_y15_64,eco_isic3_m,1999,13.12
svn,sex_m,age_ythadult_y15_64,eco_isic3_m,2000,11.319
svn,sex_m,age_ythadult_y15_64,eco_isic3_m,2001,14.482
svn,sex_m,age_ythadult_y15_64,eco_isic3_m,2002,13.855
svn,sex_m,age_ythadult_y15_64,eco_isic3_m,2003,15.091
svn,sex_m,age_ythadult_y15_64,eco_isic3_m,2004,15.484
svn,sex_m,age_ythadult_y15_64,eco_isic3_m,2005,15.084
svn,sex_m,age_ythadult_y15_64,eco_isic3_m,2006,16.198
svn,sex_m,age_ythadult_y15_64,eco_isic3_m,2007,15.788
svn,sex_m,age_ythadult_y15_64,eco_isic3_n,1996,8.028
svn,sex_m,age_ythadult_y15_64,eco_isic3_n,1997,7.673
svn,sex_m,age_ythadult_y15_64,eco_isic3_n,1998,8.014
svn,sex_m,age_ythadult_y15_64,eco_isic3_n,1999,8.044
svn,sex_m,age_ythadult_y15_64,eco_isic3_n,2000,8.711
svn,sex_m,age_ythadult_y15_64,eco_isic3_n,2001,9.157
svn,sex_m,age_ythadult_y15_64,eco_isic3_n,2002,11.161
svn,sex_m,age_ythadult_y15_64,eco_isic3_n,2003,8.73
svn,sex_m,age_ythadult_y15_64,eco_isic3_n,2004,7.152
svn,sex_m,age_ythadult_y15_64,eco_isic3_n,2005,8.525
svn,sex_m,age_ythadult_y15_64,eco_isic3_n,2006,10.031
svn,sex_m,age_ythadult_y15_64,eco_isic3_n,2007,9.846
svn,sex_m,age_ythadult_y15_64,eco_isic3_o,1996,12.016
svn,sex_m,age_ythadult_y15_64,eco_isic3_o,1997,14.442
svn,sex_m,age_ythadult_y15_64,eco_isic3_o,1998,13.604
svn,sex_m,age_ythadult_y15_64,eco_isic3_o,1999,14.015
svn,sex_m,age_ythadult_y15_64,eco_isic3_o,2000,14.081
svn,sex_m,age_ythadult_y15_64,eco_isic3_o,2001,14.197
svn,sex_m,age_ythadult_y15_64,eco_isic3_o,2002,13.831
svn,sex_m,age_ythadult_y15_64,eco_isic3_o,2003,15.85
svn,sex_m,age_ythadult_y15_64,eco_isic3_o,2004,19.38
svn,sex_m,age_ythadult_y15_64,eco_isic3_o,2005,15.434
svn,sex_m,age_ythadult_y15_64,eco_isic3_o,2006,17.196
svn,sex_m,age_ythadult_y15_64,eco_isic3_o,2007,19.395
svn,sex_m,age_ythadult_y15_64,eco_isic3_p,1996,0
svn,sex_m,age_ythadult_y15_64,eco_isic3_p,1997,0.699
svn,sex_m,age_ythadult_y15_64,eco_isic3_p,1998,0
svn,sex_m,age_ythadult_y15_64,eco_isic3_p,2001,0.106
svn,sex_m,age_ythadult_y15_64,eco_isic3_p,2004,0.068
svn,sex_m,age_ythadult_y15_64,eco_isic3_p,2005,0.013
svn,sex_m,age_ythadult_y15_64,eco_isic3_p,2006,0.051
svn,sex_m,age_ythadult_y15_64,eco_isic3_total,1996,370.707
svn,sex_m,age_ythadult_y15_64,eco_isic3_total,1997,379.031
svn,sex_m,age_ythadult_y15_64,eco_isic3_total,1998,376.915
svn,sex_m,age_ythadult_y15_64,eco_isic3_total,1999,377.505
svn,sex_m,age_ythadult_y15_64,eco_isic3_total,2000,390.123
svn,sex_m,age_ythadult_y15_64,eco_isic3_total,2001,398.059
svn,sex_m,age_ythadult_y15_64,eco_isic3_total,2002,402.958
svn,sex_m,age_ythadult_y15_64,eco_isic3_total,2003,406.049
svn,sex_m,age_ythadult_y15_64,eco_isic3_total,2004,418.637
svn,sex_m,age_ythadult_y15_64,eco_isic3_total,2005,424.417
svn,sex_m,age_ythadult_y15_64,eco_isic3_total,2006,423.94
svn,sex_m,age_ythadult_y15_64,eco_isic3_total,2007,440.173
svn,sex_m,age_ythadult_y15_64,eco_isic3_x,1997,1.267
svn,sex_m,age_ythadult_y15_64,eco_isic3_x,1998,2.471
svn,sex_m,age_ythadult_y15_64,eco_isic3_x,1999,2.014
svn,sex_m,age_ythadult_y15_64,eco_isic3_x,2000,3.399
svn,sex_m,age_ythadult_y15_64,eco_isic3_x,2001,5.129
svn,sex_m,age_ythadult_y15_64,eco_isic3_x,2002,3.045
svn,sex_m,age_ythadult_y15_64,eco_isic3_x,2003,3.119
svn,sex_m,age_ythadult_y15_64,eco_isic3_x,2004,5.702
svn,sex_m,age_ythadult_y15_64,eco_isic3_x,2005,2.565
svn,sex_m,age_ythadult_y15_64,eco_isic3_x,2006,1.718
svn,sex_m,age_ythadult_y15_64,eco_isic3_x,2007,4.348
svn,sex_m,age_ythadult_y15_64,eco_isic4_a,2008,8.543
svn,sex_m,age_ythadult_y15_64,eco_isic4_a,2009,7.103
svn,sex_m,age_ythadult_y15_64,eco_isic4_a,2010,6.424
svn,sex_m,age_ythadult_y15_64,eco_isic4_a,2011,6.624
svn,sex_m,age_ythadult_y15_64,eco_isic4_a,2012,6.71
svn,sex_m,age_ythadult_y15_64,eco_isic4_a,2013,5.963
svn,sex_m,age_ythadult_y15_64,eco_isic4_a,2014,5.668
svn,sex_m,age_ythadult_y15_64,eco_isic4_a,2015,6.082
svn,sex_m,age_ythadult_y15_64,eco_isic4_a,2016,5.23
svn,sex_m,age_ythadult_y15_64,eco_isic4_a,2017,5.879
svn,sex_m,age_ythadult_y15_64,eco_isic4_a,2018,5.344
svn,sex_m,age_ythadult_y15_64,eco_isic4_a,2019,4.292
svn,sex_m,age_ythadult_y15_64,eco_isic4_a,2020,4.427
svn,sex_m,age_ythadult_y15_64,eco_isic4_a,2021,2.904
svn,sex_m,age_ythadult_y15_64,eco_isic4_a,2022,2.82
svn,sex_m,age_ythadult_y15_64,eco_isic4_a,2023,3.85
svn,sex_m,age_ythadult_y15_64,eco_isic4_b,2008,3.423
svn,sex_m,age_ythadult_y15_64,eco_isic4_b,2009,3.188
svn,sex_m,age_ythadult_y15_64,eco_isic4_b,2010,3.693
svn,sex_m,age_ythadult_y15_64,eco_isic4_b,2011,4.439
svn,sex_m,age_ythadult_y15_64,eco_isic4_b,2012,3.908
svn,sex_m,age_ythadult_y15_64,eco_isic4_b,2013,3.78
svn,sex_m,age_ythadult_y15_64,eco_isic4_b,2014,2.715
svn,sex_m,age_ythadult_y15_64,eco_isic4_b,2015,2.927
svn,sex_m,age_ythadult_y15_64,eco_isic4_b,2016,2.508
svn,sex_m,age_ythadult_y15_64,eco_isic4_b,2017,2.027
svn,sex_m,age_ythadult_y15_64,eco_isic4_b,2018,2.83
svn,sex_m,age_ythadult_y15_64,eco_isic4_b,2019,3.827
svn,sex_m,age_ythadult_y15_64,eco_isic4_b,2020,3.28
svn,sex_m,age_ythadult_y15_64,eco_isic4_b,2021,1.972
svn,sex_m,age_ythadult_y15_64,eco_isic4_b,2022,2.217
svn,sex_m,age_ythadult_y15_64,eco_isic4_b,2023,2.715
svn,sex_m,age_ythadult_y15_64,eco_isic4_c,2008,157.931
svn,sex_m,age_ythadult_y15_64,eco_isic4_c,2009,140.151
svn,sex_m,age_ythadult_y15_64,eco_isic4_c,2010,137.863
svn,sex_m,age_ythadult_y15_64,eco_isic4_c,2011,134.813
svn,sex_m,age_ythadult_y15_64,eco_isic4_c,2012,129.022
svn,sex_m,age_ythadult_y15_64,eco_isic4_c,2013,128.231
svn,sex_m,age_ythadult_y15_64,eco_isic4_c,2014,129.605
svn,sex_m,age_ythadult_y15_64,eco_isic4_c,2015,135.226
svn,sex_m,age_ythadult_y15_64,eco_isic4_c,2016,144.263
svn,sex_m,age_ythadult_y15_64,eco_isic4_c,2017,155.177
svn,sex_m,age_ythadult_y15_64,eco_isic4_c,2018,150.274
svn,sex_m,age_ythadult_y15_64,eco_isic4_c,2019,158.75
svn,sex_m,age_ythadult_y15_64,eco_isic4_c,2020,162.016
svn,sex_m,age_ythadult_y15_64,eco_isic4_c,2021,138.925
svn,sex_m,age_ythadult_y15_64,eco_isic4_c,2022,140.152
svn,sex_m,age_ythadult_y15_64,eco_isic4_c,2023,141.51
svn,sex_m,age_ythadult_y15_64,eco_isic4_d,2008,8.106
svn,sex_m,age_ythadult_y15_64,eco_isic4_d,2009,6.986
svn,sex_m,age_ythadult_y15_64,eco_isic4_d,2010,6.19
svn,sex_m,age_ythadult_y15_64,eco_isic4_d,2011,7.015
svn,sex_m,age_ythadult_y15_64,eco_isic4_d,2012,7.084
svn,sex_m,age_ythadult_y15_64,eco_isic4_d,2013,6.939
svn,sex_m,age_ythadult_y15_64,eco_isic4_d,2014,8.492
svn,sex_m,age_ythadult_y15_64,eco_isic4_d,2015,8.201
svn,sex_m,age_ythadult_y15_64,eco_isic4_d,2016,6.693
svn,sex_m,age_ythadult_y15_64,eco_isic4_d,2017,7.177
svn,sex_m,age_ythadult_y15_64,eco_isic4_d,2018,6.997
svn,sex_m,age_ythadult_y15_64,eco_isic4_d,2019,7.777
svn,sex_m,age_ythadult_y15_64,eco_isic4_d,2020,8.487
svn,sex_m,age_ythadult_y15_64,eco_isic4_d,2021,8.001
svn,sex_m,age_ythadult_y15_64,eco_isic4_d,2022,6.79
svn,sex_m,age_ythadult_y15_64,eco_isic4_d,2023,6.089
svn,sex_m,age_ythadult_y15_64,eco_isic4_e,2008,6.028
svn,sex_m,age_ythadult_y15_64,eco_isic4_e,2009,7.312
svn,sex_m,age_ythadult_y15_64,eco_isic4_e,2010,7.825
svn,sex_m,age_ythadult_y15_64,eco_isic4_e,2011,8.076
svn,sex_m,age_ythadult_y15_64,eco_isic4_e,2012,7.824
svn,sex_m,age_ythadult_y15_64,eco_isic4_e,2013,7.244
svn,sex_m,age_ythadult_y15_64,eco_isic4_e,2014,7.448
svn,sex_m,age_ythadult_y15_64,eco_isic4_e,2015,7.525
svn,sex_m,age_ythadult_y15_64,eco_isic4_e,2016,7.748
svn,sex_m,age_ythadult_y15_64,eco_isic4_e,2017,8.125
svn,sex_m,age_ythadult_y15_64,eco_isic4_e,2018,10.454
svn,sex_m,age_ythadult_y15_64,eco_isic4_e,2019,8.613
svn,sex_m,age_ythadult_y15_64,eco_isic4_e,2020,7.966
svn,sex_m,age_ythadult_y15_64,eco_isic4_e,2021,8.03
svn,sex_m,age_ythadult_y15_64,eco_isic4_e,2022,9.87
svn,sex_m,age_ythadult_y15_64,eco_isic4_e,2023,11.563
svn,sex_m,age_ythadult_y15_64,eco_isic4_f,2008,49.007
svn,sex_m,age_ythadult_y15_64,eco_isic4_f,2009,43.476
svn,sex_m,age_ythadult_y15_64,eco_isic4_f,2010,40.272
svn,sex_m,age_ythadult_y15_64,eco_isic4_f,2011,36.883
svn,sex_m,age_ythadult_y15_64,eco_isic4_f,2012,36.629
svn,sex_m,age_ythadult_y15_64,eco_isic4_f,2013,36.59
svn,sex_m,age_ythadult_y15_64,eco_isic4_f,2014,36.708
svn,sex_m,age_ythadult_y15_64,eco_isic4_f,2015,36.162
svn,sex_m,age_ythadult_y15_64,eco_isic4_f,2016,35.163
svn,sex_m,age_ythadult_y15_64,eco_isic4_f,2017,37.729
svn,sex_m,age_ythadult_y15_64,eco_isic4_f,2018,37.437
svn,sex_m,age_ythadult_y15_64,eco_isic4_f,2019,37.881
svn,sex_m,age_ythadult_y15_64,eco_isic4_f,2020,40.472
svn,sex_m,age_ythadult_y15_64,eco_isic4_f,2021,33.346
svn,sex_m,age_ythadult_y15_64,eco_isic4_f,2022,34.954
svn,sex_m,age_ythadult_y15_64,eco_isic4_f,2023,44.074
svn,sex_m,age_ythadult_y15_64,eco_isic4_g,2008,46.916
svn,sex_m,age_ythadult_y15_64,eco_isic4_g,2009,46.346
svn,sex_m,age_ythadult_y15_64,eco_isic4_g,2010,44.048
svn,sex_m,age_ythadult_y15_64,eco_isic4_g,2011,41.644
svn,sex_m,age_ythadult_y15_64,eco_isic4_g,2012,45.913
svn,sex_m,age_ythadult_y15_64,eco_isic4_g,2013,46.937
svn,sex_m,age_ythadult_y15_64,eco_isic4_g,2014,43.117
svn,sex_m,age_ythadult_y15_64,eco_isic4_g,2015,41.69
svn,sex_m,age_ythadult_y15_64,eco_isic4_g,2016,41.537
svn,sex_m,age_ythadult_y15_64,eco_isic4_g,2017,43.223
svn,sex_m,age_ythadult_y15_64,eco_isic4_g,2018,43.77
svn,sex_m,age_ythadult_y15_64,eco_isic4_g,2019,47.684
svn,sex_m,age_ythadult_y15_64,eco_isic4_g,2020,46.331
svn,sex_m,age_ythadult_y15_64,eco_isic4_g,2021,48.461
svn,sex_m,age_ythadult_y15_64,eco_isic4_g,2022,48.522
svn,sex_m,age_ythadult_y15_64,eco_isic4_g,2023,52.017
svn,sex_m,age_ythadult_y15_64,eco_isic4_h,2008,39.162
svn,sex_m,age_ythadult_y15_64,eco_isic4_h,2009,39.205
svn,sex_m,age_ythadult_y15_64,eco_isic4_h,2010,36.228
svn,sex_m,age_ythadult_y15_64,eco_isic4_h,2011,36.322
svn,sex_m,age_ythadult_y15_64,eco_isic4_h,2012,37.13
svn,sex_m,age_ythadult_y15_64,eco_isic4_h,2013,34.679
svn,sex_m,age_ythadult_y15_64,eco_isic4_h,2014,30.126
svn,sex_m,age_ythadult_y15_64,eco_isic4_h,2015,33.159
svn,sex_m,age_ythadult_y15_64,eco_isic4_h,2016,34.304
svn,sex_m,age_ythadult_y15_64,eco_isic4_h,2017,33.302
svn,sex_m,age_ythadult_y15_64,eco_isic4_h,2018,36.852
svn,sex_m,age_ythadult_y15_64,eco_isic4_h,2019,37.209
svn,sex_m,age_ythadult_y15_64,eco_isic4_h,2020,38.19
svn,sex_m,age_ythadult_y15_64,eco_isic4_h,2021,31.941
svn,sex_m,age_ythadult_y15_64,eco_isic4_h,2022,32.121
svn,sex_m,age_ythadult_y15_64,eco_isic4_h,2023,31.28
svn,sex_m,age_ythadult_y15_64,eco_isic4_i,2008,14.994
svn,sex_m,age_ythadult_y15_64,eco_isic4_i,2009,13.661
svn,sex_m,age_ythadult_y15_64,eco_isic4_i,2010,16.086
svn,sex_m,age_ythadult_y15_64,eco_isic4_i,2011,13.13
svn,sex_m,age_ythadult_y15_64,eco_isic4_i,2012,11.288
svn,sex_m,age_ythadult_y15_64,eco_isic4_i,2013,10.055
svn,sex_m,age_ythadult_y15_64,eco_isic4_i,2014,11.785
svn,sex_m,age_ythadult_y15_64,eco_isic4_i,2015,15.802
svn,sex_m,age_ythadult_y15_64,eco_isic4_i,2016,11.93
svn,sex_m,age_ythadult_y15_64,eco_isic4_i,2017,12.252
svn,sex_m,age_ythadult_y15_64,eco_isic4_i,2018,14.001
svn,sex_m,age_ythadult_y15_64,eco_isic4_i,2019,12.893
svn,sex_m,age_ythadult_y15_64,eco_isic4_i,2020,10.233
svn,sex_m,age_ythadult_y15_64,eco_isic4_i,2021,9.787
svn,sex_m,age_ythadult_y15_64,eco_isic4_i,2022,12.188
svn,sex_m,age_ythadult_y15_64,eco_isic4_i,2023,13.734
svn,sex_m,age_ythadult_y15_64,eco_isic4_j,2008,17.222
svn,sex_m,age_ythadult_y15_64,eco_isic4_j,2009,17.857
svn,sex_m,age_ythadult_y15_64,eco_isic4_j,2010,17.569
svn,sex_m,age_ythadult_y15_64,eco_isic4_j,2011,17.325
svn,sex_m,age_ythadult_y15_64,eco_isic4_j,2012,16.189
svn,sex_m,age_ythadult_y15_64,eco_isic4_j,2013,16.912
svn,sex_m,age_ythadult_y15_64,eco_isic4_j,2014,15.549
svn,sex_m,age_ythadult_y15_64,eco_isic4_j,2015,17.316
svn,sex_m,age_ythadult_y15_64,eco_isic4_j,2016,16.364
svn,sex_m,age_ythadult_y15_64,eco_isic4_j,2017,19.149
svn,sex_m,age_ythadult_y15_64,eco_isic4_j,2018,18.331
svn,sex_m,age_ythadult_y15_64,eco_isic4_j,2019,17.166
svn,sex_m,age_ythadult_y15_64,eco_isic4_j,2020,22.316
svn,sex_m,age_ythadult_y15_64,eco_isic4_j,2021,19.958
svn,sex_m,age_ythadult_y15_64,eco_isic4_j,2022,18.838
svn,sex_m,age_ythadult_y15_64,eco_isic4_j,2023,16.227
svn,sex_m,age_ythadult_y15_64,eco_isic4_k,2008,7.427
svn,sex_m,age_ythadult_y15_64,eco_isic4_k,2009,8.762
svn,sex_m,age_ythadult_y15_64,eco_isic4_k,2010,8.119
svn,sex_m,age_ythadult_y15_64,eco_isic4_k,2011,10.582
svn,sex_m,age_ythadult_y15_64,eco_isic4_k,2012,10.07
svn,sex_m,age_ythadult_y15_64,eco_isic4_k,2013,8.943
svn,sex_m,age_ythadult_y15_64,eco_isic4_k,2014,8.356
svn,sex_m,age_ythadult_y15_64,eco_isic4_k,2015,7.083
svn,sex_m,age_ythadult_y15_64,eco_isic4_k,2016,7.98
svn,sex_m,age_ythadult_y15_64,eco_isic4_k,2017,7.696
svn,sex_m,age_ythadult_y15_64,eco_isic4_k,2018,9.767
svn,sex_m,age_ythadult_y15_64,eco_isic4_k,2019,8.753
svn,sex_m,age_ythadult_y15_64,eco_isic4_k,2020,9.156
svn,sex_m,age_ythadult_y15_64,eco_isic4_k,2021,9.387
svn,sex_m,age_ythadult_y15_64,eco_isic4_k,2022,9.276
svn,sex_m,age_ythadult_y15_64,eco_isic4_k,2023,7.253
svn,sex_m,age_ythadult_y15_64,eco_isic4_l,2008,0.77
svn,sex_m,age_ythadult_y15_64,eco_isic4_l,2009,0.889
svn,sex_m,age_ythadult_y15_64,eco_isic4_l,2010,0.844
svn,sex_m,age_ythadult_y15_64,eco_isic4_l,2011,1.499
svn,sex_m,age_ythadult_y15_64,eco_isic4_l,2012,1.268
svn,sex_m,age_ythadult_y15_64,eco_isic4_l,2013,1.6
svn,sex_m,age_ythadult_y15_64,eco_isic4_l,2015,0.813
svn,sex_m,age_ythadult_y15_64,eco_isic4_l,2016,0.975
svn,sex_m,age_ythadult_y15_64,eco_isic4_l,2017,1.319
svn,sex_m,age_ythadult_y15_64,eco_isic4_l,2018,1.206
svn,sex_m,age_ythadult_y15_64,eco_isic4_l,2019,0.951
svn,sex_m,age_ythadult_y15_64,eco_isic4_l,2020,0.995
svn,sex_m,age_ythadult_y15_64,eco_isic4_l,2021,2.289
svn,sex_m,age_ythadult_y15_64,eco_isic4_l,2022,2.622
svn,sex_m,age_ythadult_y15_64,eco_isic4_l,2023,1.929
svn,sex_m,age_ythadult_y15_64,eco_isic4_m,2008,13.942
svn,sex_m,age_ythadult_y15_64,eco_isic4_m,2009,15.155
svn,sex_m,age_ythadult_y15_64,eco_isic4_m,2010,14.309
svn,sex_m,age_ythadult_y15_64,eco_isic4_m,2011,12.977
svn,sex_m,age_ythadult_y15_64,eco_isic4_m,2012,15.359
svn,sex_m,age_ythadult_y15_64,eco_isic4_m,2013,14.322
svn,sex_m,age_ythadult_y15_64,eco_isic4_m,2014,13.704
svn,sex_m,age_ythadult_y15_64,eco_isic4_m,2015,12.396
svn,sex_m,age_ythadult_y15_64,eco_isic4_m,2016,10.783
svn,sex_m,age_ythadult_y15_64,eco_isic4_m,2017,12.952
svn,sex_m,age_ythadult_y15_64,eco_isic4_m,2018,15.915
svn,sex_m,age_ythadult_y15_64,eco_isic4_m,2019,15.487
svn,sex_m,age_ythadult_y15_64,eco_isic4_m,2020,17.129
svn,sex_m,age_ythadult_y15_64,eco_isic4_m,2021,24.644
svn,sex_m,age_ythadult_y15_64,eco_isic4_m,2022,23.79
svn,sex_m,age_ythadult_y15_64,eco_isic4_m,2023,23.264
svn,sex_m,age_ythadult_y15_64,eco_isic4_n,2008,9.915
svn,sex_m,age_ythadult_y15_64,eco_isic4_n,2009,10.345
svn,sex_m,age_ythadult_y15_64,eco_isic4_n,2010,9.542
svn,sex_m,age_ythadult_y15_64,eco_isic4_n,2011,9.041
svn,sex_m,age_ythadult_y15_64,eco_isic4_n,2012,9.722
svn,sex_m,age_ythadult_y15_64,eco_isic4_n,2013,8.318
svn,sex_m,age_ythadult_y15_64,eco_isic4_n,2014,9.197
svn,sex_m,age_ythadult_y15_64,eco_isic4_n,2015,7.806
svn,sex_m,age_ythadult_y15_64,eco_isic4_n,2016,10.04
svn,sex_m,age_ythadult_y15_64,eco_isic4_n,2017,10.002
svn,sex_m,age_ythadult_y15_64,eco_isic4_n,2018,9.83
svn,sex_m,age_ythadult_y15_64,eco_isic4_n,2019,10.837
svn,sex_m,age_ythadult_y15_64,eco_isic4_n,2020,8.335
svn,sex_m,age_ythadult_y15_64,eco_isic4_n,2021,12.858
svn,sex_m,age_ythadult_y15_64,eco_isic4_n,2022,14.607
svn,sex_m,age_ythadult_y15_64,eco_isic4_n,2023,15.617
svn,sex_m,age_ythadult_y15_64,eco_isic4_o,2008,28.434
svn,sex_m,age_ythadult_y15_64,eco_isic4_o,2009,28.342
svn,sex_m,age_ythadult_y15_64,eco_isic4_o,2010,30.081
svn,sex_m,age_ythadult_y15_64,eco_isic4_o,2011,29.378
svn,sex_m,age_ythadult_y15_64,eco_isic4_o,2012,29.144
svn,sex_m,age_ythadult_y15_64,eco_isic4_o,2013,26.668
svn,sex_m,age_ythadult_y15_64,eco_isic4_o,2014,28.156
svn,sex_m,age_ythadult_y15_64,eco_isic4_o,2015,28.767
svn,sex_m,age_ythadult_y15_64,eco_isic4_o,2016,24.709
svn,sex_m,age_ythadult_y15_64,eco_isic4_o,2017,26.013
svn,sex_m,age_ythadult_y15_64,eco_isic4_o,2018,26.031
svn,sex_m,age_ythadult_y15_64,eco_isic4_o,2019,25.662
svn,sex_m,age_ythadult_y15_64,eco_isic4_o,2020,25.913
svn,sex_m,age_ythadult_y15_64,eco_isic4_o,2021,29.056
svn,sex_m,age_ythadult_y15_64,eco_isic4_o,2022,27.594
svn,sex_m,age_ythadult_y15_64,eco_isic4_o,2023,22.917
svn,sex_m,age_ythadult_y15_64,eco_isic4_p,2008,15.097
svn,sex_m,age_ythadult_y15_64,eco_isic4_p,2009,14.615
svn,sex_m,age_ythadult_y15_64,eco_isic4_p,2010,16.227
svn,sex_m,age_ythadult_y15_64,eco_isic4_p,2011,15.58
svn,sex_m,age_ythadult_y15_64,eco_isic4_p,2012,15.489
svn,sex_m,age_ythadult_y15_64,eco_isic4_p,2013,15.884
svn,sex_m,age_ythadult_y15_64,eco_isic4_p,2014,17.275
svn,sex_m,age_ythadult_y15_64,eco_isic4_p,2015,17.302
svn,sex_m,age_ythadult_y15_64,eco_isic4_p,2016,17.138
svn,sex_m,age_ythadult_y15_64,eco_isic4_p,2017,15.875
svn,sex_m,age_ythadult_y15_64,eco_isic4_p,2018,16.664
svn,sex_m,age_ythadult_y15_64,eco_isic4_p,2019,15.987
svn,sex_m,age_ythadult_y15_64,eco_isic4_p,2020,16.642
svn,sex_m,age_ythadult_y15_64,eco_isic4_p,2021,18.654
svn,sex_m,age_ythadult_y15_64,eco_isic4_p,2022,20.69
svn,sex_m,age_ythadult_y15_64,eco_isic4_p,2023,14.975
svn,sex_m,age_ythadult_y15_64,eco_isic4_q,2008,10.211
svn,sex_m,age_ythadult_y15_64,eco_isic4_q,2009,11.009
svn,sex_m,age_ythadult_y15_64,eco_isic4_q,2010,9.805
svn,sex_m,age_ythadult_y15_64,eco_isic4_q,2011,9.111
svn,sex_m,age_ythadult_y15_64,eco_isic4_q,2012,9.309
svn,sex_m,age_ythadult_y15_64,eco_isic4_q,2013,9.342
svn,sex_m,age_ythadult_y15_64,eco_isic4_q,2014,11.351
svn,sex_m,age_ythadult_y15_64,eco_isic4_q,2015,11.419
svn,sex_m,age_ythadult_y15_64,eco_isic4_q,2016,13.401
svn,sex_m,age_ythadult_y15_64,eco_isic4_q,2017,14.345
svn,sex_m,age_ythadult_y15_64,eco_isic4_q,2018,12.005
svn,sex_m,age_ythadult_y15_64,eco_isic4_q,2019,11.991
svn,sex_m,age_ythadult_y15_64,eco_isic4_q,2020,14.254
svn,sex_m,age_ythadult_y15_64,eco_isic4_q,2021,15.955
svn,sex_m,age_ythadult_y15_64,eco_isic4_q,2022,15.42
svn,sex_m,age_ythadult_y15_64,eco_isic4_q,2023,15.92
svn,sex_m,age_ythadult_y15_64,eco_isic4_r,2008,8.836
svn,sex_m,age_ythadult_y15_64,eco_isic4_r,2009,6.609
svn,sex_m,age_ythadult_y15_64,eco_isic4_r,2010,6.88
svn,sex_m,age_ythadult_y15_64,eco_isic4_r,2011,6.603
svn,sex_m,age_ythadult_y15_64,eco_isic4_r,2012,6.697
svn,sex_m,age_ythadult_y15_64,eco_isic4_r,2013,7.757
svn,sex_m,age_ythadult_y15_64,eco_isic4_r,2014,7.553
svn,sex_m,age_ythadult_y15_64,eco_isic4_r,2015,6.112
svn,sex_m,age_ythadult_y15_64,eco_isic4_r,2016,6.368
svn,sex_m,age_ythadult_y15_64,eco_isic4_r,2017,6.997
svn,sex_m,age_ythadult_y15_64,eco_isic4_r,2018,8.171
svn,sex_m,age_ythadult_y15_64,eco_isic4_r,2019,8.078
svn,sex_m,age_ythadult_y15_64,eco_isic4_r,2020,7.302
svn,sex_m,age_ythadult_y15_64,eco_isic4_r,2021,7.063
svn,sex_m,age_ythadult_y15_64,eco_isic4_r,2022,7.155
svn,sex_m,age_ythadult_y15_64,eco_isic4_r,2023,6.675
svn,sex_m,age_ythadult_y15_64,eco_isic4_s,2008,3.581
svn,sex_m,age_ythadult_y15_64,eco_isic4_s,2009,4.158
svn,sex_m,age_ythadult_y15_64,eco_isic4_s,2010,2.72
svn,sex_m,age_ythadult_y15_64,eco_isic4_s,2011,1.86
svn,sex_m,age_ythadult_y15_64,eco_isic4_s,2012,1.786
svn,sex_m,age_ythadult_y15_64,eco_isic4_s,2013,2.449
svn,sex_m,age_ythadult_y15_64,eco_isic4_s,2014,3.478
svn,sex_m,age_ythadult_y15_64,eco_isic4_s,2015,2.861
svn,sex_m,age_ythadult_y15_64,eco_isic4_s,2016,3.048
svn,sex_m,age_ythadult_y15_64,eco_isic4_s,2017,3.231
svn,sex_m,age_ythadult_y15_64,eco_isic4_s,2018,3.299
svn,sex_m,age_ythadult_y15_64,eco_isic4_s,2019,2.425
svn,sex_m,age_ythadult_y15_64,eco_isic4_s,2020,2.748
svn,sex_m,age_ythadult_y15_64,eco_isic4_s,2021,5.454
svn,sex_m,age_ythadult_y15_64,eco_isic4_s,2022,5.228
svn,sex_m,age_ythadult_y15_64,eco_isic4_s,2023,4.122
svn,sex_m,age_ythadult_y15_64,eco_isic4_t,2008,0.183
svn,sex_m,age_ythadult_y15_64,eco_isic4_t,2013,0.113
svn,sex_m,age_ythadult_y15_64,eco_isic4_t,2017,0
svn,sex_m,age_ythadult_y15_64,eco_isic4_t,2021,0.2
svn,sex_m,age_ythadult_y15_64,eco_isic4_t,2022,0.26
svn,sex_m,age_ythadult_y15_64,eco_isic4_t,2023,0.391
svn,sex_m,age_ythadult_y15_64,eco_isic4_total,2008,452
svn,sex_m,age_ythadult_y15_64,eco_isic4_total,2009,427.914
svn,sex_m,age_ythadult_y15_64,eco_isic4_total,2010,416.736
svn,sex_m,age_ythadult_y15_64,eco_isic4_total,2011,404.943
svn,sex_m,age_ythadult_y15_64,eco_isic4_total,2012,402.514
svn,sex_m,age_ythadult_y15_64,eco_isic4_total,2013,395.275
svn,sex_m,age_ythadult_y15_64,eco_isic4_total,2014,393.857
svn,sex_m,age_ythadult_y15_64,eco_isic4_total,2015,403.962
svn,sex_m,age_ythadult_y15_64,eco_isic4_total,2016,404.084
svn,sex_m,age_ythadult_y15_64,eco_isic4_total,2017,424.872
svn,sex_m,age_ythadult_y15_64,eco_isic4_total,2018,431.761
svn,sex_m,age_ythadult_y15_64,eco_isic4_total,2019,438.645
svn,sex_m,age_ythadult_y15_64,eco_isic4_total,2020,448.349
svn,sex_m,age_ythadult_y15_64,eco_isic4_total,2021,431.616
svn,sex_m,age_ythadult_y15_64,eco_isic4_total,2022,437.249
svn,sex_m,age_ythadult_y15_64,eco_isic4_total,2023,438.417
svn,sex_m,age_ythadult_y15_64,eco_isic4_x,2008,2.273
svn,sex_m,age_ythadult_y15_64,eco_isic4_x,2009,2.744
svn,sex_m,age_ythadult_y15_64,eco_isic4_x,2010,2.013
svn,sex_m,age_ythadult_y15_64,eco_isic4_x,2011,2.041
svn,sex_m,age_ythadult_y15_64,eco_isic4_x,2012,1.973
svn,sex_m,age_ythadult_y15_64,eco_isic4_x,2013,2.548
svn,sex_m,age_ythadult_y15_64,eco_isic4_x,2014,2.386
svn,sex_m,age_ythadult_y15_64,eco_isic4_x,2015,5.311
svn,sex_m,age_ythadult_y15_64,eco_isic4_x,2016,3.901
svn,sex_m,age_ythadult_y15_64,eco_isic4_x,2017,2.4
svn,sex_m,age_ythadult_y15_64,eco_isic4_x,2018,2.581
svn,sex_m,age_ythadult_y15_64,eco_isic4_x,2019,2.363
svn,sex_m,age_ythadult_y15_64,eco_isic4_x,2020,2.156
svn,sex_m,age_ythadult_y15_64,eco_isic4_x,2021,2.627
svn,sex_m,age_ythadult_y15_64,eco_isic4_x,2022,2.133
svn,sex_m,age_ythadult_y15_64,eco_isic4_x,2023,2.018
svn,sex_m,age_ythadult_y15_64,eco_sector_agr,1996,8.497
svn,sex_m,age_ythadult_y15_64,eco_sector_agr,1997,8.217
svn,sex_m,age_ythadult_y15_64,eco_sector_agr,1998,5.215
svn,sex_m,age_ythadult_y15_64,eco_sector_agr,1999,5.866
svn,sex_m,age_ythadult_y15_64,eco_sector_agr,2000,6.059
svn,sex_m,age_ythadult_y15_64,eco_sector_agr,2001,6.577
svn,sex_m,age_ythadult_y15_64,eco_sector_agr,2002,8.113
svn,sex_m,age_ythadult_y15_64,eco_sector_agr,2003,6.628
svn,sex_m,age_ythadult_y15_64,eco_sector_agr,2004,8.662
svn,sex_m,age_ythadult_y15_64,eco_sector_agr,2005,6.897
svn,sex_m,age_ythadult_y15_64,eco_sector_agr,2006,8.119
svn,sex_m,age_ythadult_y15_64,eco_sector_agr,2007,8.456
svn,sex_m,age_ythadult_y15_64,eco_sector_agr,2008,8.543
svn,sex_m,age_ythadult_y15_64,eco_sector_agr,2009,7.103
svn,sex_m,age_ythadult_y15_64,eco_sector_agr,2010,6.424
svn,sex_m,age_ythadult_y15_64,eco_sector_agr,2011,6.624
svn,sex_m,age_ythadult_y15_64,eco_sector_agr,2012,6.71
svn,sex_m,age_ythadult_y15_64,eco_sector_agr,2013,5.963
svn,sex_m,age_ythadult_y15_64,eco_sector_agr,2014,5.668
svn,sex_m,age_ythadult_y15_64,eco_sector_agr,2015,6.082
svn,sex_m,age_ythadult_y15_64,eco_sector_agr,2016,5.23
svn,sex_m,age_ythadult_y15_64,eco_sector_agr,2017,5.879
svn,sex_m,age_ythadult_y15_64,eco_sector_agr,2018,5.344
svn,sex_m,age_ythadult_y15_64,eco_sector_agr,2019,4.292
svn,sex_m,age_ythadult_y15_64,eco_sector_agr,2020,4.427
svn,sex_m,age_ythadult_y15_64,eco_sector_agr,2021,2.904
svn,sex_m,age_ythadult_y15_64,eco_sector_agr,2022,2.82
svn,sex_m,age_ythadult_y15_64,eco_sector_agr,2023,3.85
svn,sex_m,age_ythadult_y15_64,eco_sector_ind,1996,212.202
svn,sex_m,age_ythadult_y15_64,eco_sector_ind,1997,214.694
svn,sex_m,age_ythadult_y15_64,eco_sector_ind,1998,209.212
svn,sex_m,age_ythadult_y15_64,eco_sector_ind,1999,199.156
svn,sex_m,age_ythadult_y15_64,eco_sector_ind,2000,197.622
svn,sex_m,age_ythadult_y15_64,eco_sector_ind,2001,206.315
svn,sex_m,age_ythadult_y15_64,eco_sector_ind,2002,209.892
svn,sex_m,age_ythadult_y15_64,eco_sector_ind,2003,206.097
svn,sex_m,age_ythadult_y15_64,eco_sector_ind,2004,209.716
svn,sex_m,age_ythadult_y15_64,eco_sector_ind,2005,218.108
svn,sex_m,age_ythadult_y15_64,eco_sector_ind,2006,212.037
svn,sex_m,age_ythadult_y15_64,eco_sector_ind,2007,218.348
svn,sex_m,age_ythadult_y15_64,eco_sector_ind,2008,224.495
svn,sex_m,age_ythadult_y15_64,eco_sector_ind,2009,201.113
svn,sex_m,age_ythadult_y15_64,eco_sector_ind,2010,195.843
svn,sex_m,age_ythadult_y15_64,eco_sector_ind,2011,191.226
svn,sex_m,age_ythadult_y15_64,eco_sector_ind,2012,184.467
svn,sex_m,age_ythadult_y15_64,eco_sector_ind,2013,182.785
svn,sex_m,age_ythadult_y15_64,eco_sector_ind,2014,184.968
svn,sex_m,age_ythadult_y15_64,eco_sector_ind,2015,190.041
svn,sex_m,age_ythadult_y15_64,eco_sector_ind,2016,196.376
svn,sex_m,age_ythadult_y15_64,eco_sector_ind,2017,210.235
svn,sex_m,age_ythadult_y15_64,eco_sector_ind,2018,207.993
svn,sex_m,age_ythadult_y15_64,eco_sector_ind,2019,216.848
svn,sex_m,age_ythadult_y15_64,eco_sector_ind,2020,222.221
svn,sex_m,age_ythadult_y15_64,eco_sector_ind,2021,190.276
svn,sex_m,age_ythadult_y15_64,eco_sector_ind,2022,193.983
svn,sex_m,age_ythadult_y15_64,eco_sector_ind,2023,205.951
svn,sex_m,age_ythadult_y15_64,eco_sector_nag,1996,362.21
svn,sex_m,age_ythadult_y15_64,eco_sector_nag,1997,370.814
svn,sex_m,age_ythadult_y15_64,eco_sector_nag,1998,371.7
svn,sex_m,age_ythadult_y15_64,eco_sector_nag,1999,371.639
svn,sex_m,age_ythadult_y15_64,eco_sector_nag,2000,384.064
svn,sex_m,age_ythadult_y15_64,eco_sector_nag,2001,391.482
svn,sex_m,age_ythadult_y15_64,eco_sector_nag,2002,394.845
svn,sex_m,age_ythadult_y15_64,eco_sector_nag,2003,399.421
svn,sex_m,age_ythadult_y15_64,eco_sector_nag,2004,409.975
svn,sex_m,age_ythadult_y15_64,eco_sector_nag,2005,417.52
svn,sex_m,age_ythadult_y15_64,eco_sector_nag,2006,415.82
svn,sex_m,age_ythadult_y15_64,eco_sector_nag,2007,431.717
svn,sex_m,age_ythadult_y15_64,eco_sector_nag,2008,443.456
svn,sex_m,age_ythadult_y15_64,eco_sector_nag,2009,420.811
svn,sex_m,age_ythadult_y15_64,eco_sector_nag,2010,410.312
svn,sex_m,age_ythadult_y15_64,eco_sector_nag,2011,398.319
svn,sex_m,age_ythadult_y15_64,eco_sector_nag,2012,395.804
svn,sex_m,age_ythadult_y15_64,eco_sector_nag,2013,389.312
svn,sex_m,age_ythadult_y15_64,eco_sector_nag,2014,388.189
svn,sex_m,age_ythadult_y15_64,eco_sector_nag,2015,397.879
svn,sex_m,age_ythadult_y15_64,eco_sector_nag,2016,398.854
svn,sex_m,age_ythadult_y15_64,eco_sector_nag,2017,418.993
svn,sex_m,age_ythadult_y15_64,eco_sector_nag,2018,426.417
svn,sex_m,age_ythadult_y15_64,eco_sector_nag,2019,434.353
svn,sex_m,age_ythadult_y15_64,eco_sector_nag,2020,443.922
svn,sex_m,age_ythadult_y15_64,eco_sector_nag,2021,428.712
svn,sex_m,age_ythadult_y15_64,eco_sector_nag,2022,434.429
svn,sex_m,age_ythadult_y15_64,eco_sector_nag,2023,434.567
svn,sex_m,age_ythadult_y15_64,eco_sector_ser,1996,149.537
svn,sex_m,age_ythadult_y15_64,eco_sector_ser,1997,154.852
svn,sex_m,age_ythadult_y15_64,eco_sector_ser,1998,160.017
svn,sex_m,age_ythadult_y15_64,eco_sector_ser,1999,170.469
svn,sex_m,age_ythadult_y15_64,eco_sector_ser,2000,183.044
svn,sex_m,age_ythadult_y15_64,eco_sector_ser,2001,180.038
svn,sex_m,age_ythadult_y15_64,eco_sector_ser,2002,181.908
svn,sex_m,age_ythadult_y15_64,eco_sector_ser,2003,190.204
svn,sex_m,age_ythadult_y15_64,eco_sector_ser,2004,194.557
svn,sex_m,age_ythadult_y15_64,eco_sector_ser,2005,196.847
svn,sex_m,age_ythadult_y15_64,eco_sector_ser,2006,202.066
svn,sex_m,age_ythadult_y15_64,eco_sector_ser,2007,209.021
svn,sex_m,age_ythadult_y15_64,eco_sector_ser,2008,216.689
svn,sex_m,age_ythadult_y15_64,eco_sector_ser,2009,216.954
svn,sex_m,age_ythadult_y15_64,eco_sector_ser,2010,212.457
svn,sex_m,age_ythadult_y15_64,eco_sector_ser,2011,205.052
svn,sex_m,age_ythadult_y15_64,eco_sector_ser,2012,209.364
svn,sex_m,age_ythadult_y15_64,eco_sector_ser,2013,203.979
svn,sex_m,age_ythadult_y15_64,eco_sector_ser,2014,200.835
svn,sex_m,age_ythadult_y15_64,eco_sector_ser,2015,202.527
svn,sex_m,age_ythadult_y15_64,eco_sector_ser,2016,198.576
svn,sex_m,age_ythadult_y15_64,eco_sector_ser,2017,206.357
svn,sex_m,age_ythadult_y15_64,eco_sector_ser,2018,215.843
svn,sex_m,age_ythadult_y15_64,eco_sector_ser,2019,215.142
svn,sex_m,age_ythadult_y15_64,eco_sector_ser,2020,219.545
svn,sex_m,age_ythadult_y15_64,eco_sector_ser,2021,235.809
svn,sex_m,age_ythadult_y15_64,eco_sector_ser,2022,238.312
svn,sex_m,age_ythadult_y15_64,eco_sector_ser,2023,226.598
svn,sex_m,age_ythadult_y15_64,eco_sector_total,1996,370.707
svn,sex_m,age_ythadult_y15_64,eco_sector_total,1997,379.031
svn,sex_m,age_ythadult_y15_64,eco_sector_total,1998,376.915
svn,sex_m,age_ythadult_y15_64,eco_sector_total,1999,377.505
svn,sex_m,age_ythadult_y15_64,eco_sector_total,2000,390.123
svn,sex_m,age_ythadult_y15_64,eco_sector_total,2001,398.059
svn,sex_m,age_ythadult_y15_64,eco_sector_total,2002,402.958
svn,sex_m,age_ythadult_y15_64,eco_sector_total,2003,406.049
svn,sex_m,age_ythadult_y15_64,eco_sector_total,2004,418.637
svn,sex_m,age_ythadult_y15_64,eco_sector_total,2005,424.417
svn,sex_m,age_ythadult_y15_64,eco_sector_total,2006,423.94
svn,sex_m,age_ythadult_y15_64,eco_sector_total,2007,440.173
svn,sex_m,age_ythadult_y15_64,eco_sector_total,2008,452
svn,sex_m,age_ythadult_y15_64,eco_sector_total,2009,427.914
svn,sex_m,age_ythadult_y15_64,eco_sector_total,2010,416.736
svn,sex_m,age_ythadult_y15_64,eco_sector_total,2011,404.943
svn,sex_m,age_ythadult_y15_64,eco_sector_total,2012,402.514
svn,sex_m,age_ythadult_y15_64,eco_sector_total,2013,395.275
svn,sex_m,age_ythadult_y15_64,eco_sector_total,2014,393.857
svn,sex_m,age_ythadult_y15_64,eco_sector_total,2015,403.962
svn,sex_m,age_ythadult_y15_64,eco_sector_total,2016,404.084
svn,sex_m,age_ythadult_y15_64,eco_sector_total,2017,424.872
svn,sex_m,age_ythadult_y15_64,eco_sector_total,2018,431.761
svn,sex_m,age_ythadult_y15_64,eco_sector_total,2019,438.645
svn,sex_m,age_ythadult_y15_64,eco_sector_total,2020,448.349
svn,sex_m,age_ythadult_y15_64,eco_sector_total,2021,431.616
svn,sex_m,age_ythadult_y15_64,eco_sector_total,2022,437.249
svn,sex_m,age_ythadult_y15_64,eco_sector_total,2023,438.417
svn,sex_m,age_ythadult_y15_64,eco_sector_x,1997,1.267
svn,sex_m,age_ythadult_y15_64,eco_sector_x,1998,2.471
svn,sex_m,age_ythadult_y15_64,eco_sector_x,1999,2.014
svn,sex_m,age_ythadult_y15_64,eco_sector_x,2000,3.399
svn,sex_m,age_ythadult_y15_64,eco_sector_x,2001,5.129
svn,sex_m,age_ythadult_y15_64,eco_sector_x,2002,3.045
svn,sex_m,age_ythadult_y15_64,eco_sector_x,2003,3.119
svn,sex_m,age_ythadult_y15_64,eco_sector_x,2004,5.702
svn,sex_m,age_ythadult_y15_64,eco_sector_x,2005,2.565
svn,sex_m,age_ythadult_y15_64,eco_sector_x,2006,1.718
svn,sex_m,age_ythadult_y15_64,eco_sector_x,2007,4.348
svn,sex_m,age_ythadult_y15_64,eco_sector_x,2008,2.273
svn,sex_m,age_ythadult_y15_64,eco_sector_x,2009,2.744
svn,sex_m,age_ythadult_y15_64,eco_sector_x,2010,2.013
svn,sex_m,age_ythadult_y15_64,eco_sector_x,2011,2.041
svn,sex_m,age_ythadult_y15_64,eco_sector_x,2012,1.973
svn,sex_m,age_ythadult_y15_64,eco_sector_x,2013,2.548
svn,sex_m,age_ythadult_y15_64,eco_sector_x,2014,2.386
svn,sex_m,age_ythadult_y15_64,eco_sector_x,2015,5.311
svn,sex_m,age_ythadult_y15_64,eco_sector_x,2016,3.901
svn,sex_m,age_ythadult_y15_64,eco_sector_x,2017,2.4
svn,sex_m,age_ythadult_y15_64,eco_sector_x,2018,2.581
svn,sex_m,age_ythadult_y15_64,eco_sector_x,2019,2.363
svn,sex_m,age_ythadult_y15_64,eco_sector_x,2020,2.156
svn,sex_m,age_ythadult_y15_64,eco_sector_x,2021,2.627
svn,sex_m,age_ythadult_y15_64,eco_sector_x,2022,2.133
svn,sex_m,age_ythadult_y15_64,eco_sector_x,2023,2.018
svn,sex_m,age_ythadult_yge15,eco_aggregate_agr,1996,8.497
svn,sex_m,age_ythadult_yge15,eco_aggregate_agr,1997,8.308
svn,sex_m,age_ythadult_yge15,eco_aggregate_agr,1998,5.215
svn,sex_m,age_ythadult_yge15,eco_aggregate_agr,1999,5.956
svn,sex_m,age_ythadult_yge15,eco_aggregate_agr,2000,6.178
svn,sex_m,age_ythadult_yge15,eco_aggregate_agr,2001,6.64
svn,sex_m,age_ythadult_yge15,eco_aggregate_agr,2002,8.254
svn,sex_m,age_ythadult_yge15,eco_aggregate_agr,2003,6.628
svn,sex_m,age_ythadult_yge15,eco_aggregate_agr,2004,8.662
svn,sex_m,age_ythadult_yge15,eco_aggregate_agr,2005,6.996
svn,sex_m,age_ythadult_yge15,eco_aggregate_agr,2006,8.169
svn,sex_m,age_ythadult_yge15,eco_aggregate_agr,2007,8.523
svn,sex_m,age_ythadult_yge15,eco_aggregate_agr,2008,8.703
svn,sex_m,age_ythadult_yge15,eco_aggregate_agr,2009,7.103
svn,sex_m,age_ythadult_yge15,eco_aggregate_agr,2010,6.494
svn,sex_m,age_ythadult_yge15,eco_aggregate_agr,2011,6.66
svn,sex_m,age_ythadult_yge15,eco_aggregate_agr,2012,6.71
svn,sex_m,age_ythadult_yge15,eco_aggregate_agr,2013,6.012
svn,sex_m,age_ythadult_yge15,eco_aggregate_agr,2014,5.689
svn,sex_m,age_ythadult_yge15,eco_aggregate_agr,2015,6.104
svn,sex_m,age_ythadult_yge15,eco_aggregate_agr,2016,5.317
svn,sex_m,age_ythadult_yge15,eco_aggregate_agr,2017,5.946
svn,sex_m,age_ythadult_yge15,eco_aggregate_agr,2018,5.344
svn,sex_m,age_ythadult_yge15,eco_aggregate_agr,2019,4.292
svn,sex_m,age_ythadult_yge15,eco_aggregate_agr,2020,4.45
svn,sex_m,age_ythadult_yge15,eco_aggregate_agr,2021,3.049
svn,sex_m,age_ythadult_yge15,eco_aggregate_agr,2022,2.951
svn,sex_m,age_ythadult_yge15,eco_aggregate_agr,2023,3.85
svn,sex_m,age_ythadult_yge15,eco_aggregate_con,1996,33.341
svn,sex_m,age_ythadult_yge15,eco_aggregate_con,1997,39.676
svn,sex_m,age_ythadult_yge15,eco_aggregate_con,1998,36.255
svn,sex_m,age_ythadult_yge15,eco_aggregate_con,1999,33.604
svn,sex_m,age_ythadult_yge15,eco_aggregate_con,2000,34.903
svn,sex_m,age_ythadult_yge15,eco_aggregate_con,2001,39.628
svn,sex_m,age_ythadult_yge15,eco_aggregate_con,2002,38.956
svn,sex_m,age_ythadult_yge15,eco_aggregate_con,2003,39.143
svn,sex_m,age_ythadult_yge15,eco_aggregate_con,2004,40.369
svn,sex_m,age_ythadult_yge15,eco_aggregate_con,2005,43.972
svn,sex_m,age_ythadult_yge15,eco_aggregate_con,2006,41.128
svn,sex_m,age_ythadult_yge15,eco_aggregate_con,2007,42.661
svn,sex_m,age_ythadult_yge15,eco_aggregate_con,2008,49.02
svn,sex_m,age_ythadult_yge15,eco_aggregate_con,2009,43.476
svn,sex_m,age_ythadult_yge15,eco_aggregate_con,2010,40.324
svn,sex_m,age_ythadult_yge15,eco_aggregate_con,2011,36.961
svn,sex_m,age_ythadult_yge15,eco_aggregate_con,2012,36.666
svn,sex_m,age_ythadult_yge15,eco_aggregate_con,2013,36.619
svn,sex_m,age_ythadult_yge15,eco_aggregate_con,2014,36.765
svn,sex_m,age_ythadult_yge15,eco_aggregate_con,2015,36.19
svn,sex_m,age_ythadult_yge15,eco_aggregate_con,2016,35.163
svn,sex_m,age_ythadult_yge15,eco_aggregate_con,2017,37.849
svn,sex_m,age_ythadult_yge15,eco_aggregate_con,2018,37.638
svn,sex_m,age_ythadult_yge15,eco_aggregate_con,2019,38.069
svn,sex_m,age_ythadult_yge15,eco_aggregate_con,2020,40.627
svn,sex_m,age_ythadult_yge15,eco_aggregate_con,2021,33.413
svn,sex_m,age_ythadult_yge15,eco_aggregate_con,2022,35.304
svn,sex_m,age_ythadult_yge15,eco_aggregate_con,2023,44.465
svn,sex_m,age_ythadult_yge15,eco_aggregate_man,1996,160.086
svn,sex_m,age_ythadult_yge15,eco_aggregate_man,1997,158.023
svn,sex_m,age_ythadult_yge15,eco_aggregate_man,1998,158.57
svn,sex_m,age_ythadult_yge15,eco_aggregate_man,1999,153.278
svn,sex_m,age_ythadult_yge15,eco_aggregate_man,2000,148.074
svn,sex_m,age_ythadult_yge15,eco_aggregate_man,2001,151.945
svn,sex_m,age_ythadult_yge15,eco_aggregate_man,2002,158.686
svn,sex_m,age_ythadult_yge15,eco_aggregate_man,2003,154.924
svn,sex_m,age_ythadult_yge15,eco_aggregate_man,2004,155.848
svn,sex_m,age_ythadult_yge15,eco_aggregate_man,2005,161.716
svn,sex_m,age_ythadult_yge15,eco_aggregate_man,2006,158.292
svn,sex_m,age_ythadult_yge15,eco_aggregate_man,2007,163.464
svn,sex_m,age_ythadult_yge15,eco_aggregate_man,2008,158.02
svn,sex_m,age_ythadult_yge15,eco_aggregate_man,2009,140.259
svn,sex_m,age_ythadult_yge15,eco_aggregate_man,2010,138.327
svn,sex_m,age_ythadult_yge15,eco_aggregate_man,2011,134.984
svn,sex_m,age_ythadult_yge15,eco_aggregate_man,2012,129.16
svn,sex_m,age_ythadult_yge15,eco_aggregate_man,2013,128.723
svn,sex_m,age_ythadult_yge15,eco_aggregate_man,2014,129.861
svn,sex_m,age_ythadult_yge15,eco_aggregate_man,2015,135.387
svn,sex_m,age_ythadult_yge15,eco_aggregate_man,2016,144.608
svn,sex_m,age_ythadult_yge15,eco_aggregate_man,2017,155.7
svn,sex_m,age_ythadult_yge15,eco_aggregate_man,2018,150.555
svn,sex_m,age_ythadult_yge15,eco_aggregate_man,2019,159.051
svn,sex_m,age_ythadult_yge15,eco_aggregate_man,2020,162.369
svn,sex_m,age_ythadult_yge15,eco_aggregate_man,2021,139.563
svn,sex_m,age_ythadult_yge15,eco_aggregate_man,2022,140.933
svn,sex_m,age_ythadult_yge15,eco_aggregate_man,2023,142.072
svn,sex_m,age_ythadult_yge15,eco_aggregate_mel,1996,18.971
svn,sex_m,age_ythadult_yge15,eco_aggregate_mel,1997,17.557
svn,sex_m,age_ythadult_yge15,eco_aggregate_mel,1998,14.52
svn,sex_m,age_ythadult_yge15,eco_aggregate_mel,1999,12.351
svn,sex_m,age_ythadult_yge15,eco_aggregate_mel,2000,14.644
svn,sex_m,age_ythadult_yge15,eco_aggregate_mel,2001,14.776
svn,sex_m,age_ythadult_yge15,eco_aggregate_mel,2002,12.59
svn,sex_m,age_ythadult_yge15,eco_aggregate_mel,2003,12.44
svn,sex_m,age_ythadult_yge15,eco_aggregate_mel,2004,13.664
svn,sex_m,age_ythadult_yge15,eco_aggregate_mel,2005,12.636
svn,sex_m,age_ythadult_yge15,eco_aggregate_mel,2006,12.902
svn,sex_m,age_ythadult_yge15,eco_aggregate_mel,2007,12.463
svn,sex_m,age_ythadult_yge15,eco_aggregate_mel,2008,17.612
svn,sex_m,age_ythadult_yge15,eco_aggregate_mel,2009,17.526
svn,sex_m,age_ythadult_yge15,eco_aggregate_mel,2010,17.708
svn,sex_m,age_ythadult_yge15,eco_aggregate_mel,2011,19.574
svn,sex_m,age_ythadult_yge15,eco_aggregate_mel,2012,18.836
svn,sex_m,age_ythadult_yge15,eco_aggregate_mel,2013,17.984
svn,sex_m,age_ythadult_yge15,eco_aggregate_mel,2014,18.684
svn,sex_m,age_ythadult_yge15,eco_aggregate_mel,2015,18.653
svn,sex_m,age_ythadult_yge15,eco_aggregate_mel,2016,16.95
svn,sex_m,age_ythadult_yge15,eco_aggregate_mel,2017,17.356
svn,sex_m,age_ythadult_yge15,eco_aggregate_mel,2018,20.403
svn,sex_m,age_ythadult_yge15,eco_aggregate_mel,2019,20.373
svn,sex_m,age_ythadult_yge15,eco_aggregate_mel,2020,19.849
svn,sex_m,age_ythadult_yge15,eco_aggregate_mel,2021,18.178
svn,sex_m,age_ythadult_yge15,eco_aggregate_mel,2022,19.052
svn,sex_m,age_ythadult_yge15,eco_aggregate_mel,2023,20.445
svn,sex_m,age_ythadult_yge15,eco_aggregate_mkt,1996,98.29
svn,sex_m,age_ythadult_yge15,eco_aggregate_mkt,1997,105.066
svn,sex_m,age_ythadult_yge15,eco_aggregate_mkt,1998,108.078
svn,sex_m,age_ythadult_yge15,eco_aggregate_mkt,1999,110.354
svn,sex_m,age_ythadult_yge15,eco_aggregate_mkt,2000,122.708
svn,sex_m,age_ythadult_yge15,eco_aggregate_mkt,2001,119.408
svn,sex_m,age_ythadult_yge15,eco_aggregate_mkt,2002,118.43
svn,sex_m,age_ythadult_yge15,eco_aggregate_mkt,2003,127.815
svn,sex_m,age_ythadult_yge15,eco_aggregate_mkt,2004,126.349
svn,sex_m,age_ythadult_yge15,eco_aggregate_mkt,2005,129.165
svn,sex_m,age_ythadult_yge15,eco_aggregate_mkt,2006,131.178
svn,sex_m,age_ythadult_yge15,eco_aggregate_mkt,2007,136.156
svn,sex_m,age_ythadult_yge15,eco_aggregate_mkt,2008,150.821
svn,sex_m,age_ythadult_yge15,eco_aggregate_mkt,2009,152.683
svn,sex_m,age_ythadult_yge15,eco_aggregate_mkt,2010,146.828
svn,sex_m,age_ythadult_yge15,eco_aggregate_mkt,2011,142.787
svn,sex_m,age_ythadult_yge15,eco_aggregate_mkt,2012,147.443
svn,sex_m,age_ythadult_yge15,eco_aggregate_mkt,2013,142.391
svn,sex_m,age_ythadult_yge15,eco_aggregate_mkt,2014,133.75
svn,sex_m,age_ythadult_yge15,eco_aggregate_mkt,2015,136.489
svn,sex_m,age_ythadult_yge15,eco_aggregate_mkt,2016,134.502
svn,sex_m,age_ythadult_yge15,eco_aggregate_mkt,2017,140.754
svn,sex_m,age_ythadult_yge15,eco_aggregate_mkt,2018,150.807
svn,sex_m,age_ythadult_yge15,eco_aggregate_mkt,2019,151.724
svn,sex_m,age_ythadult_yge15,eco_aggregate_mkt,2020,153.804
svn,sex_m,age_ythadult_yge15,eco_aggregate_mkt,2021,160.691
svn,sex_m,age_ythadult_yge15,eco_aggregate_mkt,2022,163.957
svn,sex_m,age_ythadult_yge15,eco_aggregate_mkt,2023,163.209
svn,sex_m,age_ythadult_yge15,eco_aggregate_pub,1996,51.867
svn,sex_m,age_ythadult_yge15,eco_aggregate_pub,1997,50.477
svn,sex_m,age_ythadult_yge15,eco_aggregate_pub,1998,54.275
svn,sex_m,age_ythadult_yge15,eco_aggregate_pub,1999,61.37
svn,sex_m,age_ythadult_yge15,eco_aggregate_pub,2000,61.555
svn,sex_m,age_ythadult_yge15,eco_aggregate_pub,2001,61.506
svn,sex_m,age_ythadult_yge15,eco_aggregate_pub,2002,64.506
svn,sex_m,age_ythadult_yge15,eco_aggregate_pub,2003,63.153
svn,sex_m,age_ythadult_yge15,eco_aggregate_pub,2004,69.76
svn,sex_m,age_ythadult_yge15,eco_aggregate_pub,2005,69.631
svn,sex_m,age_ythadult_yge15,eco_aggregate_pub,2006,72.802
svn,sex_m,age_ythadult_yge15,eco_aggregate_pub,2007,74.3
svn,sex_m,age_ythadult_yge15,eco_aggregate_pub,2008,66.906
svn,sex_m,age_ythadult_yge15,eco_aggregate_pub,2009,65.723
svn,sex_m,age_ythadult_yge15,eco_aggregate_pub,2010,67.058
svn,sex_m,age_ythadult_yge15,eco_aggregate_pub,2011,63.448
svn,sex_m,age_ythadult_yge15,eco_aggregate_pub,2012,63.207
svn,sex_m,age_ythadult_yge15,eco_aggregate_pub,2013,63.292
svn,sex_m,age_ythadult_yge15,eco_aggregate_pub,2014,68.625
svn,sex_m,age_ythadult_yge15,eco_aggregate_pub,2015,67.214
svn,sex_m,age_ythadult_yge15,eco_aggregate_pub,2016,65.814
svn,sex_m,age_ythadult_yge15,eco_aggregate_pub,2017,67.737
svn,sex_m,age_ythadult_yge15,eco_aggregate_pub,2018,67.554
svn,sex_m,age_ythadult_yge15,eco_aggregate_pub,2019,65.618
svn,sex_m,age_ythadult_yge15,eco_aggregate_pub,2020,68.647
svn,sex_m,age_ythadult_yge15,eco_aggregate_pub,2021,78.76
svn,sex_m,age_ythadult_yge15,eco_aggregate_pub,2022,78.415
svn,sex_m,age_ythadult_yge15,eco_aggregate_pub,2023,67.001
svn,sex_m,age_ythadult_yge15,eco_aggregate_total,1996,371.523
svn,sex_m,age_ythadult_yge15,eco_aggregate_total,1997,380.374
svn,sex_m,age_ythadult_yge15,eco_aggregate_total,1998,379.452
svn,sex_m,age_ythadult_yge15,eco_aggregate_total,1999,379.067
svn,sex_m,age_ythadult_yge15,eco_aggregate_total,2000,391.461
svn,sex_m,age_ythadult_yge15,eco_aggregate_total,2001,399.033
svn,sex_m,age_ythadult_yge15,eco_aggregate_total,2002,404.468
svn,sex_m,age_ythadult_yge15,eco_aggregate_total,2003,407.292
svn,sex_m,age_ythadult_yge15,eco_aggregate_total,2004,420.465
svn,sex_m,age_ythadult_yge15,eco_aggregate_total,2005,426.701
svn,sex_m,age_ythadult_yge15,eco_aggregate_total,2006,426.189
svn,sex_m,age_ythadult_yge15,eco_aggregate_total,2007,442.058
svn,sex_m,age_ythadult_yge15,eco_aggregate_total,2008,453.379
svn,sex_m,age_ythadult_yge15,eco_aggregate_total,2009,429.626
svn,sex_m,age_ythadult_yge15,eco_aggregate_total,2010,418.815
svn,sex_m,age_ythadult_yge15,eco_aggregate_total,2011,406.456
svn,sex_m,age_ythadult_yge15,eco_aggregate_total,2012,404.027
svn,sex_m,age_ythadult_yge15,eco_aggregate_total,2013,397.592
svn,sex_m,age_ythadult_yge15,eco_aggregate_total,2014,395.761
svn,sex_m,age_ythadult_yge15,eco_aggregate_total,2015,405.476
svn,sex_m,age_ythadult_yge15,eco_aggregate_total,2016,406.442
svn,sex_m,age_ythadult_yge15,eco_aggregate_total,2017,427.769
svn,sex_m,age_ythadult_yge15,eco_aggregate_total,2018,434.896
svn,sex_m,age_ythadult_yge15,eco_aggregate_total,2019,441.652
svn,sex_m,age_ythadult_yge15,eco_aggregate_total,2020,451.925
svn,sex_m,age_ythadult_yge15,eco_aggregate_total,2021,436.317
svn,sex_m,age_ythadult_yge15,eco_aggregate_total,2022,442.779
svn,sex_m,age_ythadult_yge15,eco_aggregate_total,2023,443.077
svn,sex_m,age_ythadult_yge15,eco_aggregate_x,1996,0.471
svn,sex_m,age_ythadult_yge15,eco_aggregate_x,1997,1.267
svn,sex_m,age_ythadult_yge15,eco_aggregate_x,1998,2.539
svn,sex_m,age_ythadult_yge15,eco_aggregate_x,1999,2.155
svn,sex_m,age_ythadult_yge15,eco_aggregate_x,2000,3.399
svn,sex_m,age_ythadult_yge15,eco_aggregate_x,2001,5.129
svn,sex_m,age_ythadult_yge15,eco_aggregate_x,2002,3.045
svn,sex_m,age_ythadult_yge15,eco_aggregate_x,2003,3.188
svn,sex_m,age_ythadult_yge15,eco_aggregate_x,2004,5.812
svn,sex_m,age_ythadult_yge15,eco_aggregate_x,2005,2.584
svn,sex_m,age_ythadult_yge15,eco_aggregate_x,2006,1.718
svn,sex_m,age_ythadult_yge15,eco_aggregate_x,2007,4.49
svn,sex_m,age_ythadult_yge15,eco_aggregate_x,2008,2.297
svn,sex_m,age_ythadult_yge15,eco_aggregate_x,2009,2.856
svn,sex_m,age_ythadult_yge15,eco_aggregate_x,2010,2.077
svn,sex_m,age_ythadult_yge15,eco_aggregate_x,2011,2.041
svn,sex_m,age_ythadult_yge15,eco_aggregate_x,2012,2.004
svn,sex_m,age_ythadult_yge15,eco_aggregate_x,2013,2.571
svn,sex_m,age_ythadult_yge15,eco_aggregate_x,2014,2.386
svn,sex_m,age_ythadult_yge15,eco_aggregate_x,2015,5.44
svn,sex_m,age_ythadult_yge15,eco_aggregate_x,2016,4.088
svn,sex_m,age_ythadult_yge15,eco_aggregate_x,2017,2.427
svn,sex_m,age_ythadult_yge15,eco_aggregate_x,2018,2.596
svn,sex_m,age_ythadult_yge15,eco_aggregate_x,2019,2.526
svn,sex_m,age_ythadult_yge15,eco_aggregate_x,2020,2.18
svn,sex_m,age_ythadult_yge15,eco_aggregate_x,2021,2.664
svn,sex_m,age_ythadult_yge15,eco_aggregate_x,2022,2.166
svn,sex_m,age_ythadult_yge15,eco_aggregate_x,2023,2.035
svn,sex_m,age_ythadult_yge15,eco_isic3_a,1996,8.497
svn,sex_m,age_ythadult_yge15,eco_isic3_a,1997,8.011
svn,sex_m,age_ythadult_yge15,eco_isic3_a,1998,5.097
svn,sex_m,age_ythadult_yge15,eco_isic3_a,1999,5.658
svn,sex_m,age_ythadult_yge15,eco_isic3_a,2000,6.121
svn,sex_m,age_ythadult_yge15,eco_isic3_a,2001,6.64
svn,sex_m,age_ythadult_yge15,eco_isic3_a,2002,8.189
svn,sex_m,age_ythadult_yge15,eco_isic3_a,2003,6.478
svn,sex_m,age_ythadult_yge15,eco_isic3_a,2004,8.409
svn,sex_m,age_ythadult_yge15,eco_isic3_a,2005,6.857
svn,sex_m,age_ythadult_yge15,eco_isic3_a,2006,8.121
svn,sex_m,age_ythadult_yge15,eco_isic3_a,2007,8.237
svn,sex_m,age_ythadult_yge15,eco_isic3_b,2005,0.139
svn,sex_m,age_ythadult_yge15,eco_isic3_b,2007,0.285
svn,sex_m,age_ythadult_yge15,eco_isic3_c,1996,8.321
svn,sex_m,age_ythadult_yge15,eco_isic3_c,1997,6.117
svn,sex_m,age_ythadult_yge15,eco_isic3_c,1998,7.487
svn,sex_m,age_ythadult_yge15,eco_isic3_c,1999,6.176
svn,sex_m,age_ythadult_yge15,eco_isic3_c,2000,6.376
svn,sex_m,age_ythadult_yge15,eco_isic3_c,2001,4.814
svn,sex_m,age_ythadult_yge15,eco_isic3_c,2002,3.397
svn,sex_m,age_ythadult_yge15,eco_isic3_c,2003,5.095
svn,sex_m,age_ythadult_yge15,eco_isic3_c,2004,5.07
svn,sex_m,age_ythadult_yge15,eco_isic3_c,2005,5.428
svn,sex_m,age_ythadult_yge15,eco_isic3_c,2006,5.14
svn,sex_m,age_ythadult_yge15,eco_isic3_c,2007,4.136
svn,sex_m,age_ythadult_yge15,eco_isic3_d,1996,160.086
svn,sex_m,age_ythadult_yge15,eco_isic3_d,1997,158.023
svn,sex_m,age_ythadult_yge15,eco_isic3_d,1998,158.57
svn,sex_m,age_ythadult_yge15,eco_isic3_d,1999,153.278
svn,sex_m,age_ythadult_yge15,eco_isic3_d,2000,148.074
svn,sex_m,age_ythadult_yge15,eco_isic3_d,2001,151.945
svn,sex_m,age_ythadult_yge15,eco_isic3_d,2002,158.686
svn,sex_m,age_ythadult_yge15,eco_isic3_d,2003,154.924
svn,sex_m,age_ythadult_yge15,eco_isic3_d,2004,155.848
svn,sex_m,age_ythadult_yge15,eco_isic3_d,2005,161.716
svn,sex_m,age_ythadult_yge15,eco_isic3_d,2006,158.292
svn,sex_m,age_ythadult_yge15,eco_isic3_d,2007,163.464
svn,sex_m,age_ythadult_yge15,eco_isic3_e,1996,10.65
svn,sex_m,age_ythadult_yge15,eco_isic3_e,1997,11.44
svn,sex_m,age_ythadult_yge15,eco_isic3_e,1998,7.033
svn,sex_m,age_ythadult_yge15,eco_isic3_e,1999,6.174
svn,sex_m,age_ythadult_yge15,eco_isic3_e,2000,8.268
svn,sex_m,age_ythadult_yge15,eco_isic3_e,2001,9.962
svn,sex_m,age_ythadult_yge15,eco_isic3_e,2002,9.193
svn,sex_m,age_ythadult_yge15,eco_isic3_e,2003,7.345
svn,sex_m,age_ythadult_yge15,eco_isic3_e,2004,8.594
svn,sex_m,age_ythadult_yge15,eco_isic3_e,2005,7.209
svn,sex_m,age_ythadult_yge15,eco_isic3_e,2006,7.762
svn,sex_m,age_ythadult_yge15,eco_isic3_e,2007,8.328
svn,sex_m,age_ythadult_yge15,eco_isic3_f,1996,33.341
svn,sex_m,age_ythadult_yge15,eco_isic3_f,1997,39.676
svn,sex_m,age_ythadult_yge15,eco_isic3_f,1998,36.255
svn,sex_m,age_ythadult_yge15,eco_isic3_f,1999,33.604
svn,sex_m,age_ythadult_yge15,eco_isic3_f,2000,34.903
svn,sex_m,age_ythadult_yge15,eco_isic3_f,2001,39.628
svn,sex_m,age_ythadult_yge15,eco_isic3_f,2002,38.956
svn,sex_m,age_ythadult_yge15,eco_isic3_f,2003,39.143
svn,sex_m,age_ythadult_yge15,eco_isic3_f,2004,40.369
svn,sex_m,age_ythadult_yge15,eco_isic3_f,2005,43.972
svn,sex_m,age_ythadult_yge15,eco_isic3_f,2006,41.128
svn,sex_m,age_ythadult_yge15,eco_isic3_f,2007,42.661
svn,sex_m,age_ythadult_yge15,eco_isic3_g,1996,38.038
svn,sex_m,age_ythadult_yge15,eco_isic3_g,1997,39.654
svn,sex_m,age_ythadult_yge15,eco_isic3_g,1998,43.446
svn,sex_m,age_ythadult_yge15,eco_isic3_g,1999,43.396
svn,sex_m,age_ythadult_yge15,eco_isic3_g,2000,48.203
svn,sex_m,age_ythadult_yge15,eco_isic3_g,2001,46.083
svn,sex_m,age_ythadult_yge15,eco_isic3_g,2002,46.227
svn,sex_m,age_ythadult_yge15,eco_isic3_g,2003,46.699
svn,sex_m,age_ythadult_yge15,eco_isic3_g,2004,46.222
svn,sex_m,age_ythadult_yge15,eco_isic3_g,2005,44.681
svn,sex_m,age_ythadult_yge15,eco_isic3_g,2006,48.64
svn,sex_m,age_ythadult_yge15,eco_isic3_g,2007,47.8
svn,sex_m,age_ythadult_yge15,eco_isic3_h,1996,8.939
svn,sex_m,age_ythadult_yge15,eco_isic3_h,1997,11.579
svn,sex_m,age_ythadult_yge15,eco_isic3_h,1998,12.728
svn,sex_m,age_ythadult_yge15,eco_isic3_h,1999,11.539
svn,sex_m,age_ythadult_yge15,eco_isic3_h,2000,12.363
svn,sex_m,age_ythadult_yge15,eco_isic3_h,2001,9.707
svn,sex_m,age_ythadult_yge15,eco_isic3_h,2002,10.46
svn,sex_m,age_ythadult_yge15,eco_isic3_h,2003,11.178
svn,sex_m,age_ythadult_yge15,eco_isic3_h,2004,11.981
svn,sex_m,age_ythadult_yge15,eco_isic3_h,2005,12.554
svn,sex_m,age_ythadult_yge15,eco_isic3_h,2006,10.86
svn,sex_m,age_ythadult_yge15,eco_isic3_h,2007,11.52
svn,sex_m,age_ythadult_yge15,eco_isic3_i,1996,33.075
svn,sex_m,age_ythadult_yge15,eco_isic3_i,1997,33.049
svn,sex_m,age_ythadult_yge15,eco_isic3_i,1998,28.566
svn,sex_m,age_ythadult_yge15,eco_isic3_i,1999,32.344
svn,sex_m,age_ythadult_yge15,eco_isic3_i,2000,38.192
svn,sex_m,age_ythadult_yge15,eco_isic3_i,2001,36.956
svn,sex_m,age_ythadult_yge15,eco_isic3_i,2002,34.836
svn,sex_m,age_ythadult_yge15,eco_isic3_i,2003,40.252
svn,sex_m,age_ythadult_yge15,eco_isic3_i,2004,36.818
svn,sex_m,age_ythadult_yge15,eco_isic3_i,2005,37.422
svn,sex_m,age_ythadult_yge15,eco_isic3_i,2006,35.022
svn,sex_m,age_ythadult_yge15,eco_isic3_i,2007,40.265
svn,sex_m,age_ythadult_yge15,eco_isic3_j,1996,5.135
svn,sex_m,age_ythadult_yge15,eco_isic3_j,1997,6.01
svn,sex_m,age_ythadult_yge15,eco_isic3_j,1998,4.487
svn,sex_m,age_ythadult_yge15,eco_isic3_j,1999,4.947
svn,sex_m,age_ythadult_yge15,eco_isic3_j,2000,6.757
svn,sex_m,age_ythadult_yge15,eco_isic3_j,2001,8.68
svn,sex_m,age_ythadult_yge15,eco_isic3_j,2002,8.06
svn,sex_m,age_ythadult_yge15,eco_isic3_j,2003,6.594
svn,sex_m,age_ythadult_yge15,eco_isic3_j,2004,6.709
svn,sex_m,age_ythadult_yge15,eco_isic3_j,2005,7.856
svn,sex_m,age_ythadult_yge15,eco_isic3_j,2006,8.105
svn,sex_m,age_ythadult_yge15,eco_isic3_j,2007,7.336
svn,sex_m,age_ythadult_yge15,eco_isic3_k,1996,13.103
svn,sex_m,age_ythadult_yge15,eco_isic3_k,1997,14.774
svn,sex_m,age_ythadult_yge15,eco_isic3_k,1998,18.851
svn,sex_m,age_ythadult_yge15,eco_isic3_k,1999,18.129
svn,sex_m,age_ythadult_yge15,eco_isic3_k,2000,17.193
svn,sex_m,age_ythadult_yge15,eco_isic3_k,2001,17.982
svn,sex_m,age_ythadult_yge15,eco_isic3_k,2002,18.846
svn,sex_m,age_ythadult_yge15,eco_isic3_k,2003,23.093
svn,sex_m,age_ythadult_yge15,eco_isic3_k,2004,24.62
svn,sex_m,age_ythadult_yge15,eco_isic3_k,2005,26.652
svn,sex_m,age_ythadult_yge15,eco_isic3_k,2006,28.549
svn,sex_m,age_ythadult_yge15,eco_isic3_k,2007,29.235
svn,sex_m,age_ythadult_yge15,eco_isic3_l,1996,20.406
svn,sex_m,age_ythadult_yge15,eco_isic3_l,1997,16.625
svn,sex_m,age_ythadult_yge15,eco_isic3_l,1998,18.992
svn,sex_m,age_ythadult_yge15,eco_isic3_l,1999,25.273
svn,sex_m,age_ythadult_yge15,eco_isic3_l,2000,26.414
svn,sex_m,age_ythadult_yge15,eco_isic3_l,2001,22.78
svn,sex_m,age_ythadult_yge15,eco_isic3_l,2002,24.739
svn,sex_m,age_ythadult_yge15,eco_isic3_l,2003,23.183
svn,sex_m,age_ythadult_yge15,eco_isic3_l,2004,26.998
svn,sex_m,age_ythadult_yge15,eco_isic3_l,2005,29.409
svn,sex_m,age_ythadult_yge15,eco_isic3_l,2006,28.247
svn,sex_m,age_ythadult_yge15,eco_isic3_l,2007,28.555
svn,sex_m,age_ythadult_yge15,eco_isic3_m,1996,11.022
svn,sex_m,age_ythadult_yge15,eco_isic3_m,1997,11.038
svn,sex_m,age_ythadult_yge15,eco_isic3_m,1998,13.447
svn,sex_m,age_ythadult_yge15,eco_isic3_m,1999,13.399
svn,sex_m,age_ythadult_yge15,eco_isic3_m,2000,11.705
svn,sex_m,age_ythadult_yge15,eco_isic3_m,2001,14.678
svn,sex_m,age_ythadult_yge15,eco_isic3_m,2002,14.056
svn,sex_m,age_ythadult_yge15,eco_isic3_m,2003,15.091
svn,sex_m,age_ythadult_yge15,eco_isic3_m,2004,15.774
svn,sex_m,age_ythadult_yge15,eco_isic3_m,2005,15.811
svn,sex_m,age_ythadult_yge15,eco_isic3_m,2006,16.587
svn,sex_m,age_ythadult_yge15,eco_isic3_m,2007,15.883
svn,sex_m,age_ythadult_yge15,eco_isic3_n,1996,8.028
svn,sex_m,age_ythadult_yge15,eco_isic3_n,1997,7.673
svn,sex_m,age_ythadult_yge15,eco_isic3_n,1998,8.155
svn,sex_m,age_ythadult_yge15,eco_isic3_n,1999,8.183
svn,sex_m,age_ythadult_yge15,eco_isic3_n,2000,8.959
svn,sex_m,age_ythadult_yge15,eco_isic3_n,2001,9.157
svn,sex_m,age_ythadult_yge15,eco_isic3_n,2002,11.469
svn,sex_m,age_ythadult_yge15,eco_isic3_n,2003,9.029
svn,sex_m,age_ythadult_yge15,eco_isic3_n,2004,7.452
svn,sex_m,age_ythadult_yge15,eco_isic3_n,2005,8.742
svn,sex_m,age_ythadult_yge15,eco_isic3_n,2006,10.325
svn,sex_m,age_ythadult_yge15,eco_isic3_n,2007,10.203
svn,sex_m,age_ythadult_yge15,eco_isic3_o,1996,12.24
svn,sex_m,age_ythadult_yge15,eco_isic3_o,1997,14.442
svn,sex_m,age_ythadult_yge15,eco_isic3_o,1998,13.681
svn,sex_m,age_ythadult_yge15,eco_isic3_o,1999,14.434
svn,sex_m,age_ythadult_yge15,eco_isic3_o,2000,14.476
svn,sex_m,age_ythadult_yge15,eco_isic3_o,2001,14.784
svn,sex_m,age_ythadult_yge15,eco_isic3_o,2002,13.927
svn,sex_m,age_ythadult_yge15,eco_isic3_o,2003,15.85
svn,sex_m,age_ythadult_yge15,eco_isic3_o,2004,19.467
svn,sex_m,age_ythadult_yge15,eco_isic3_o,2005,15.656
svn,sex_m,age_ythadult_yge15,eco_isic3_o,2006,17.593
svn,sex_m,age_ythadult_yge15,eco_isic3_o,2007,19.559
svn,sex_m,age_ythadult_yge15,eco_isic3_total,1996,371.523
svn,sex_m,age_ythadult_yge15,eco_isic3_total,1997,380.374
svn,sex_m,age_ythadult_yge15,eco_isic3_total,1998,379.452
svn,sex_m,age_ythadult_yge15,eco_isic3_total,1999,379.067
svn,sex_m,age_ythadult_yge15,eco_isic3_total,2000,391.461
svn,sex_m,age_ythadult_yge15,eco_isic3_total,2001,399.033
svn,sex_m,age_ythadult_yge15,eco_isic3_total,2002,404.468
svn,sex_m,age_ythadult_yge15,eco_isic3_total,2003,407.292
svn,sex_m,age_ythadult_yge15,eco_isic3_total,2004,420.465
svn,sex_m,age_ythadult_yge15,eco_isic3_total,2005,426.701
svn,sex_m,age_ythadult_yge15,eco_isic3_total,2006,426.189
svn,sex_m,age_ythadult_yge15,eco_isic3_total,2007,442.058
svn,sex_m,age_ythadult_yge15,eco_isic3_x,1996,0.471
svn,sex_m,age_ythadult_yge15,eco_isic3_x,1997,1.267
svn,sex_m,age_ythadult_yge15,eco_isic3_x,1998,2.539
svn,sex_m,age_ythadult_yge15,eco_isic3_x,1999,2.155
svn,sex_m,age_ythadult_yge15,eco_isic3_x,2000,3.399
svn,sex_m,age_ythadult_yge15,eco_isic3_x,2001,5.129
svn,sex_m,age_ythadult_yge15,eco_isic3_x,2002,3.045
svn,sex_m,age_ythadult_yge15,eco_isic3_x,2003,3.188
svn,sex_m,age_ythadult_yge15,eco_isic3_x,2004,5.812
svn,sex_m,age_ythadult_yge15,eco_isic3_x,2005,2.584
svn,sex_m,age_ythadult_yge15,eco_isic3_x,2006,1.718
svn,sex_m,age_ythadult_yge15,eco_isic3_x,2007,4.49
svn,sex_m,age_ythadult_yge15,eco_isic4_a,2008,8.703
svn,sex_m,age_ythadult_yge15,eco_isic4_a,2009,7.103
svn,sex_m,age_ythadult_yge15,eco_isic4_a,2010,6.494
svn,sex_m,age_ythadult_yge15,eco_isic4_a,2011,6.66
svn,sex_m,age_ythadult_yge15,eco_isic4_a,2012,6.71
svn,sex_m,age_ythadult_yge15,eco_isic4_a,2013,6.012
svn,sex_m,age_ythadult_yge15,eco_isic4_a,2014,5.689
svn,sex_m,age_ythadult_yge15,eco_isic4_a,2015,6.104
svn,sex_m,age_ythadult_yge15,eco_isic4_a,2016,5.317
svn,sex_m,age_ythadult_yge15,eco_isic4_a,2017,5.946
svn,sex_m,age_ythadult_yge15,eco_isic4_a,2018,5.344
svn,sex_m,age_ythadult_yge15,eco_isic4_a,2019,4.292
svn,sex_m,age_ythadult_yge15,eco_isic4_a,2020,4.45
svn,sex_m,age_ythadult_yge15,eco_isic4_a,2021,3.049
svn,sex_m,age_ythadult_yge15,eco_isic4_a,2022,2.951
svn,sex_m,age_ythadult_yge15,eco_isic4_a,2023,3.85
svn,sex_m,age_ythadult_yge15,eco_isic4_b,2008,3.423
svn,sex_m,age_ythadult_yge15,eco_isic4_b,2009,3.188
svn,sex_m,age_ythadult_yge15,eco_isic4_b,2010,3.693
svn,sex_m,age_ythadult_yge15,eco_isic4_b,2011,4.466
svn,sex_m,age_ythadult_yge15,eco_isic4_b,2012,3.908
svn,sex_m,age_ythadult_yge15,eco_isic4_b,2013,3.78
svn,sex_m,age_ythadult_yge15,eco_isic4_b,2014,2.715
svn,sex_m,age_ythadult_yge15,eco_isic4_b,2015,2.927
svn,sex_m,age_ythadult_yge15,eco_isic4_b,2016,2.508
svn,sex_m,age_ythadult_yge15,eco_isic4_b,2017,2.027
svn,sex_m,age_ythadult_yge15,eco_isic4_b,2018,2.83
svn,sex_m,age_ythadult_yge15,eco_isic4_b,2019,3.827
svn,sex_m,age_ythadult_yge15,eco_isic4_b,2020,3.28
svn,sex_m,age_ythadult_yge15,eco_isic4_b,2021,1.972
svn,sex_m,age_ythadult_yge15,eco_isic4_b,2022,2.217
svn,sex_m,age_ythadult_yge15,eco_isic4_b,2023,2.715
svn,sex_m,age_ythadult_yge15,eco_isic4_c,2008,158.02
svn,sex_m,age_ythadult_yge15,eco_isic4_c,2009,140.259
svn,sex_m,age_ythadult_yge15,eco_isic4_c,2010,138.327
svn,sex_m,age_ythadult_yge15,eco_isic4_c,2011,134.984
svn,sex_m,age_ythadult_yge15,eco_isic4_c,2012,129.16
svn,sex_m,age_ythadult_yge15,eco_isic4_c,2013,128.723
svn,sex_m,age_ythadult_yge15,eco_isic4_c,2014,129.861
svn,sex_m,age_ythadult_yge15,eco_isic4_c,2015,135.387
svn,sex_m,age_ythadult_yge15,eco_isic4_c,2016,144.608
svn,sex_m,age_ythadult_yge15,eco_isic4_c,2017,155.7
svn,sex_m,age_ythadult_yge15,eco_isic4_c,2018,150.555
svn,sex_m,age_ythadult_yge15,eco_isic4_c,2019,159.051
svn,sex_m,age_ythadult_yge15,eco_isic4_c,2020,162.369
svn,sex_m,age_ythadult_yge15,eco_isic4_c,2021,139.563
svn,sex_m,age_ythadult_yge15,eco_isic4_c,2022,140.933
svn,sex_m,age_ythadult_yge15,eco_isic4_c,2023,142.072
svn,sex_m,age_ythadult_yge15,eco_isic4_d,2008,8.132
svn,sex_m,age_ythadult_yge15,eco_isic4_d,2009,6.986
svn,sex_m,age_ythadult_yge15,eco_isic4_d,2010,6.19
svn,sex_m,age_ythadult_yge15,eco_isic4_d,2011,7.032
svn,sex_m,age_ythadult_yge15,eco_isic4_d,2012,7.104
svn,sex_m,age_ythadult_yge15,eco_isic4_d,2013,6.939
svn,sex_m,age_ythadult_yge15,eco_isic4_d,2014,8.492
svn,sex_m,age_ythadult_yge15,eco_isic4_d,2015,8.201
svn,sex_m,age_ythadult_yge15,eco_isic4_d,2016,6.693
svn,sex_m,age_ythadult_yge15,eco_isic4_d,2017,7.193
svn,sex_m,age_ythadult_yge15,eco_isic4_d,2018,7.096
svn,sex_m,age_ythadult_yge15,eco_isic4_d,2019,7.905
svn,sex_m,age_ythadult_yge15,eco_isic4_d,2020,8.55
svn,sex_m,age_ythadult_yge15,eco_isic4_d,2021,8.155
svn,sex_m,age_ythadult_yge15,eco_isic4_d,2022,6.924
svn,sex_m,age_ythadult_yge15,eco_isic4_d,2023,6.15
svn,sex_m,age_ythadult_yge15,eco_isic4_e,2008,6.057
svn,sex_m,age_ythadult_yge15,eco_isic4_e,2009,7.352
svn,sex_m,age_ythadult_yge15,eco_isic4_e,2010,7.825
svn,sex_m,age_ythadult_yge15,eco_isic4_e,2011,8.076
svn,sex_m,age_ythadult_yge15,eco_isic4_e,2012,7.824
svn,sex_m,age_ythadult_yge15,eco_isic4_e,2013,7.264
svn,sex_m,age_ythadult_yge15,eco_isic4_e,2014,7.478
svn,sex_m,age_ythadult_yge15,eco_isic4_e,2015,7.525
svn,sex_m,age_ythadult_yge15,eco_isic4_e,2016,7.748
svn,sex_m,age_ythadult_yge15,eco_isic4_e,2017,8.136
svn,sex_m,age_ythadult_yge15,eco_isic4_e,2018,10.477
svn,sex_m,age_ythadult_yge15,eco_isic4_e,2019,8.641
svn,sex_m,age_ythadult_yge15,eco_isic4_e,2020,8.019
svn,sex_m,age_ythadult_yge15,eco_isic4_e,2021,8.051
svn,sex_m,age_ythadult_yge15,eco_isic4_e,2022,9.912
svn,sex_m,age_ythadult_yge15,eco_isic4_e,2023,11.581
svn,sex_m,age_ythadult_yge15,eco_isic4_f,2008,49.02
svn,sex_m,age_ythadult_yge15,eco_isic4_f,2009,43.476
svn,sex_m,age_ythadult_yge15,eco_isic4_f,2010,40.324
svn,sex_m,age_ythadult_yge15,eco_isic4_f,2011,36.961
svn,sex_m,age_ythadult_yge15,eco_isic4_f,2012,36.666
svn,sex_m,age_ythadult_yge15,eco_isic4_f,2013,36.619
svn,sex_m,age_ythadult_yge15,eco_isic4_f,2014,36.765
svn,sex_m,age_ythadult_yge15,eco_isic4_f,2015,36.19
svn,sex_m,age_ythadult_yge15,eco_isic4_f,2016,35.163
svn,sex_m,age_ythadult_yge15,eco_isic4_f,2017,37.849
svn,sex_m,age_ythadult_yge15,eco_isic4_f,2018,37.638
svn,sex_m,age_ythadult_yge15,eco_isic4_f,2019,38.069
svn,sex_m,age_ythadult_yge15,eco_isic4_f,2020,40.627
svn,sex_m,age_ythadult_yge15,eco_isic4_f,2021,33.413
svn,sex_m,age_ythadult_yge15,eco_isic4_f,2022,35.304
svn,sex_m,age_ythadult_yge15,eco_isic4_f,2023,44.465
svn,sex_m,age_ythadult_yge15,eco_isic4_g,2008,46.996
svn,sex_m,age_ythadult_yge15,eco_isic4_g,2009,46.403
svn,sex_m,age_ythadult_yge15,eco_isic4_g,2010,44.067
svn,sex_m,age_ythadult_yge15,eco_isic4_g,2011,41.698
svn,sex_m,age_ythadult_yge15,eco_isic4_g,2012,45.979
svn,sex_m,age_ythadult_yge15,eco_isic4_g,2013,47.077
svn,sex_m,age_ythadult_yge15,eco_isic4_g,2014,43.222
svn,sex_m,age_ythadult_yge15,eco_isic4_g,2015,41.765
svn,sex_m,age_ythadult_yge15,eco_isic4_g,2016,41.537
svn,sex_m,age_ythadult_yge15,eco_isic4_g,2017,43.475
svn,sex_m,age_ythadult_yge15,eco_isic4_g,2018,43.952
svn,sex_m,age_ythadult_yge15,eco_isic4_g,2019,47.805
svn,sex_m,age_ythadult_yge15,eco_isic4_g,2020,46.384
svn,sex_m,age_ythadult_yge15,eco_isic4_g,2021,48.604
svn,sex_m,age_ythadult_yge15,eco_isic4_g,2022,48.751
svn,sex_m,age_ythadult_yge15,eco_isic4_g,2023,52.456
svn,sex_m,age_ythadult_yge15,eco_isic4_h,2008,39.162
svn,sex_m,age_ythadult_yge15,eco_isic4_h,2009,39.254
svn,sex_m,age_ythadult_yge15,eco_isic4_h,2010,36.228
svn,sex_m,age_ythadult_yge15,eco_isic4_h,2011,36.349
svn,sex_m,age_ythadult_yge15,eco_isic4_h,2012,37.142
svn,sex_m,age_ythadult_yge15,eco_isic4_h,2013,34.711
svn,sex_m,age_ythadult_yge15,eco_isic4_h,2014,30.251
svn,sex_m,age_ythadult_yge15,eco_isic4_h,2015,33.188
svn,sex_m,age_ythadult_yge15,eco_isic4_h,2016,34.47
svn,sex_m,age_ythadult_yge15,eco_isic4_h,2017,33.471
svn,sex_m,age_ythadult_yge15,eco_isic4_h,2018,37.123
svn,sex_m,age_ythadult_yge15,eco_isic4_h,2019,37.317
svn,sex_m,age_ythadult_yge15,eco_isic4_h,2020,38.337
svn,sex_m,age_ythadult_yge15,eco_isic4_h,2021,32.247
svn,sex_m,age_ythadult_yge15,eco_isic4_h,2022,32.65
svn,sex_m,age_ythadult_yge15,eco_isic4_h,2023,31.515
svn,sex_m,age_ythadult_yge15,eco_isic4_i,2008,14.994
svn,sex_m,age_ythadult_yge15,eco_isic4_i,2009,13.702
svn,sex_m,age_ythadult_yge15,eco_isic4_i,2010,16.086
svn,sex_m,age_ythadult_yge15,eco_isic4_i,2011,13.13
svn,sex_m,age_ythadult_yge15,eco_isic4_i,2012,11.288
svn,sex_m,age_ythadult_yge15,eco_isic4_i,2013,10.055
svn,sex_m,age_ythadult_yge15,eco_isic4_i,2014,11.785
svn,sex_m,age_ythadult_yge15,eco_isic4_i,2015,15.829
svn,sex_m,age_ythadult_yge15,eco_isic4_i,2016,11.977
svn,sex_m,age_ythadult_yge15,eco_isic4_i,2017,12.252
svn,sex_m,age_ythadult_yge15,eco_isic4_i,2018,14.053
svn,sex_m,age_ythadult_yge15,eco_isic4_i,2019,12.893
svn,sex_m,age_ythadult_yge15,eco_isic4_i,2020,10.32
svn,sex_m,age_ythadult_yge15,eco_isic4_i,2021,9.854
svn,sex_m,age_ythadult_yge15,eco_isic4_i,2022,12.188
svn,sex_m,age_ythadult_yge15,eco_isic4_i,2023,13.837
svn,sex_m,age_ythadult_yge15,eco_isic4_j,2008,17.285
svn,sex_m,age_ythadult_yge15,eco_isic4_j,2009,17.883
svn,sex_m,age_ythadult_yge15,eco_isic4_j,2010,17.569
svn,sex_m,age_ythadult_yge15,eco_isic4_j,2011,17.364
svn,sex_m,age_ythadult_yge15,eco_isic4_j,2012,16.241
svn,sex_m,age_ythadult_yge15,eco_isic4_j,2013,17.021
svn,sex_m,age_ythadult_yge15,eco_isic4_j,2014,15.748
svn,sex_m,age_ythadult_yge15,eco_isic4_j,2015,17.325
svn,sex_m,age_ythadult_yge15,eco_isic4_j,2016,16.476
svn,sex_m,age_ythadult_yge15,eco_isic4_j,2017,19.254
svn,sex_m,age_ythadult_yge15,eco_isic4_j,2018,18.586
svn,sex_m,age_ythadult_yge15,eco_isic4_j,2019,17.411
svn,sex_m,age_ythadult_yge15,eco_isic4_j,2020,22.698
svn,sex_m,age_ythadult_yge15,eco_isic4_j,2021,20.042
svn,sex_m,age_ythadult_yge15,eco_isic4_j,2022,19.085
svn,sex_m,age_ythadult_yge15,eco_isic4_j,2023,16.42
svn,sex_m,age_ythadult_yge15,eco_isic4_k,2008,7.427
svn,sex_m,age_ythadult_yge15,eco_isic4_k,2009,8.798
svn,sex_m,age_ythadult_yge15,eco_isic4_k,2010,8.119
svn,sex_m,age_ythadult_yge15,eco_isic4_k,2011,10.635
svn,sex_m,age_ythadult_yge15,eco_isic4_k,2012,10.107
svn,sex_m,age_ythadult_yge15,eco_isic4_k,2013,8.943
svn,sex_m,age_ythadult_yge15,eco_isic4_k,2014,8.356
svn,sex_m,age_ythadult_yge15,eco_isic4_k,2015,7.132
svn,sex_m,age_ythadult_yge15,eco_isic4_k,2016,8.158
svn,sex_m,age_ythadult_yge15,eco_isic4_k,2017,7.749
svn,sex_m,age_ythadult_yge15,eco_isic4_k,2018,9.853
svn,sex_m,age_ythadult_yge15,eco_isic4_k,2019,8.883
svn,sex_m,age_ythadult_yge15,eco_isic4_k,2020,9.249
svn,sex_m,age_ythadult_yge15,eco_isic4_k,2021,9.474
svn,sex_m,age_ythadult_yge15,eco_isic4_k,2022,9.436
svn,sex_m,age_ythadult_yge15,eco_isic4_k,2023,7.323
svn,sex_m,age_ythadult_yge15,eco_isic4_l,2008,0.77
svn,sex_m,age_ythadult_yge15,eco_isic4_l,2009,0.889
svn,sex_m,age_ythadult_yge15,eco_isic4_l,2010,0.844
svn,sex_m,age_ythadult_yge15,eco_isic4_l,2011,1.499
svn,sex_m,age_ythadult_yge15,eco_isic4_l,2012,1.287
svn,sex_m,age_ythadult_yge15,eco_isic4_l,2013,1.645
svn,sex_m,age_ythadult_yge15,eco_isic4_l,2014,1.274
svn,sex_m,age_ythadult_yge15,eco_isic4_l,2015,0.928
svn,sex_m,age_ythadult_yge15,eco_isic4_l,2016,0.975
svn,sex_m,age_ythadult_yge15,eco_isic4_l,2017,1.409
svn,sex_m,age_ythadult_yge15,eco_isic4_l,2018,1.251
svn,sex_m,age_ythadult_yge15,eco_isic4_l,2019,0.97
svn,sex_m,age_ythadult_yge15,eco_isic4_l,2020,0.995
svn,sex_m,age_ythadult_yge15,eco_isic4_l,2021,2.339
svn,sex_m,age_ythadult_yge15,eco_isic4_l,2022,2.716
svn,sex_m,age_ythadult_yge15,eco_isic4_l,2023,1.929
svn,sex_m,age_ythadult_yge15,eco_isic4_m,2008,14.247
svn,sex_m,age_ythadult_yge15,eco_isic4_m,2009,15.365
svn,sex_m,age_ythadult_yge15,eco_isic4_m,2010,14.373
svn,sex_m,age_ythadult_yge15,eco_isic4_m,2011,13.071
svn,sex_m,age_ythadult_yge15,eco_isic4_m,2012,15.677
svn,sex_m,age_ythadult_yge15,eco_isic4_m,2013,14.561
svn,sex_m,age_ythadult_yge15,eco_isic4_m,2014,13.891
svn,sex_m,age_ythadult_yge15,eco_isic4_m,2015,12.514
svn,sex_m,age_ythadult_yge15,eco_isic4_m,2016,10.851
svn,sex_m,age_ythadult_yge15,eco_isic4_m,2017,13.059
svn,sex_m,age_ythadult_yge15,eco_isic4_m,2018,16.06
svn,sex_m,age_ythadult_yge15,eco_isic4_m,2019,15.607
svn,sex_m,age_ythadult_yge15,eco_isic4_m,2020,17.338
svn,sex_m,age_ythadult_yge15,eco_isic4_m,2021,25.2
svn,sex_m,age_ythadult_yge15,eco_isic4_m,2022,24.419
svn,sex_m,age_ythadult_yge15,eco_isic4_m,2023,23.97
svn,sex_m,age_ythadult_yge15,eco_isic4_n,2008,9.941
svn,sex_m,age_ythadult_yge15,eco_isic4_n,2009,10.39
svn,sex_m,age_ythadult_yge15,eco_isic4_n,2010,9.542
svn,sex_m,age_ythadult_yge15,eco_isic4_n,2011,9.041
svn,sex_m,age_ythadult_yge15,eco_isic4_n,2012,9.722
svn,sex_m,age_ythadult_yge15,eco_isic4_n,2013,8.378
svn,sex_m,age_ythadult_yge15,eco_isic4_n,2014,9.223
svn,sex_m,age_ythadult_yge15,eco_isic4_n,2015,7.806
svn,sex_m,age_ythadult_yge15,eco_isic4_n,2016,10.057
svn,sex_m,age_ythadult_yge15,eco_isic4_n,2017,10.085
svn,sex_m,age_ythadult_yge15,eco_isic4_n,2018,9.929
svn,sex_m,age_ythadult_yge15,eco_isic4_n,2019,10.837
svn,sex_m,age_ythadult_yge15,eco_isic4_n,2020,8.483
svn,sex_m,age_ythadult_yge15,eco_isic4_n,2021,12.932
svn,sex_m,age_ythadult_yge15,eco_isic4_n,2022,14.711
svn,sex_m,age_ythadult_yge15,eco_isic4_n,2023,15.761
svn,sex_m,age_ythadult_yge15,eco_isic4_o,2008,28.498
svn,sex_m,age_ythadult_yge15,eco_isic4_o,2009,28.44
svn,sex_m,age_ythadult_yge15,eco_isic4_o,2010,30.276
svn,sex_m,age_ythadult_yge15,eco_isic4_o,2011,29.647
svn,sex_m,age_ythadult_yge15,eco_isic4_o,2012,29.382
svn,sex_m,age_ythadult_yge15,eco_isic4_o,2013,27.037
svn,sex_m,age_ythadult_yge15,eco_isic4_o,2014,28.323
svn,sex_m,age_ythadult_yge15,eco_isic4_o,2015,28.936
svn,sex_m,age_ythadult_yge15,eco_isic4_o,2016,24.878
svn,sex_m,age_ythadult_yge15,eco_isic4_o,2017,26.31
svn,sex_m,age_ythadult_yge15,eco_isic4_o,2018,26.413
svn,sex_m,age_ythadult_yge15,eco_isic4_o,2019,25.994
svn,sex_m,age_ythadult_yge15,eco_isic4_o,2020,26.25
svn,sex_m,age_ythadult_yge15,eco_isic4_o,2021,29.471
svn,sex_m,age_ythadult_yge15,eco_isic4_o,2022,28.058
svn,sex_m,age_ythadult_yge15,eco_isic4_o,2023,23.701
svn,sex_m,age_ythadult_yge15,eco_isic4_p,2008,15.262
svn,sex_m,age_ythadult_yge15,eco_isic4_p,2009,15.019
svn,sex_m,age_ythadult_yge15,eco_isic4_p,2010,16.667
svn,sex_m,age_ythadult_yge15,eco_isic4_p,2011,15.83
svn,sex_m,age_ythadult_yge15,eco_isic4_p,2012,15.682
svn,sex_m,age_ythadult_yge15,eco_isic4_p,2013,16.116
svn,sex_m,age_ythadult_yge15,eco_isic4_p,2014,17.536
svn,sex_m,age_ythadult_yge15,eco_isic4_p,2015,17.518
svn,sex_m,age_ythadult_yge15,eco_isic4_p,2016,17.606
svn,sex_m,age_ythadult_yge15,eco_isic4_p,2017,16.322
svn,sex_m,age_ythadult_yge15,eco_isic4_p,2018,16.985
svn,sex_m,age_ythadult_yge15,eco_isic4_p,2019,16.44
svn,sex_m,age_ythadult_yge15,eco_isic4_p,2020,17.241
svn,sex_m,age_ythadult_yge15,eco_isic4_p,2021,19.315
svn,sex_m,age_ythadult_yge15,eco_isic4_p,2022,21.102
svn,sex_m,age_ythadult_yge15,eco_isic4_p,2023,15.112
svn,sex_m,age_ythadult_yge15,eco_isic4_q,2008,10.478
svn,sex_m,age_ythadult_yge15,eco_isic4_q,2009,11.191
svn,sex_m,age_ythadult_yge15,eco_isic4_q,2010,10.186
svn,sex_m,age_ythadult_yge15,eco_isic4_q,2011,9.44
svn,sex_m,age_ythadult_yge15,eco_isic4_q,2012,9.553
svn,sex_m,age_ythadult_yge15,eco_isic4_q,2013,9.679
svn,sex_m,age_ythadult_yge15,eco_isic4_q,2014,11.709
svn,sex_m,age_ythadult_yge15,eco_isic4_q,2015,11.746
svn,sex_m,age_ythadult_yge15,eco_isic4_q,2016,13.841
svn,sex_m,age_ythadult_yge15,eco_isic4_q,2017,14.622
svn,sex_m,age_ythadult_yge15,eco_isic4_q,2018,12.362
svn,sex_m,age_ythadult_yge15,eco_isic4_q,2019,12.5
svn,sex_m,age_ythadult_yge15,eco_isic4_q,2020,14.767
svn,sex_m,age_ythadult_yge15,eco_isic4_q,2021,16.565
svn,sex_m,age_ythadult_yge15,eco_isic4_q,2022,15.88
svn,sex_m,age_ythadult_yge15,eco_isic4_q,2023,16.444
svn,sex_m,age_ythadult_yge15,eco_isic4_r,2008,8.903
svn,sex_m,age_ythadult_yge15,eco_isic4_r,2009,6.708
svn,sex_m,age_ythadult_yge15,eco_isic4_r,2010,7.063
svn,sex_m,age_ythadult_yge15,eco_isic4_r,2011,6.603
svn,sex_m,age_ythadult_yge15,eco_isic4_r,2012,6.725
svn,sex_m,age_ythadult_yge15,eco_isic4_r,2013,7.827
svn,sex_m,age_ythadult_yge15,eco_isic4_r,2014,7.579
svn,sex_m,age_ythadult_yge15,eco_isic4_r,2015,6.153
svn,sex_m,age_ythadult_yge15,eco_isic4_r,2016,6.368
svn,sex_m,age_ythadult_yge15,eco_isic4_r,2017,7.15
svn,sex_m,age_ythadult_yge15,eco_isic4_r,2018,8.29
svn,sex_m,age_ythadult_yge15,eco_isic4_r,2019,8.217
svn,sex_m,age_ythadult_yge15,eco_isic4_r,2020,7.377
svn,sex_m,age_ythadult_yge15,eco_isic4_r,2021,7.242
svn,sex_m,age_ythadult_yge15,eco_isic4_r,2022,7.355
svn,sex_m,age_ythadult_yge15,eco_isic4_r,2023,6.827
svn,sex_m,age_ythadult_yge15,eco_isic4_s,2008,3.581
svn,sex_m,age_ythadult_yge15,eco_isic4_s,2009,4.366
svn,sex_m,age_ythadult_yge15,eco_isic4_s,2010,2.866
svn,sex_m,age_ythadult_yge15,eco_isic4_s,2011,1.929
svn,sex_m,age_ythadult_yge15,eco_isic4_s,2012,1.865
svn,sex_m,age_ythadult_yge15,eco_isic4_s,2013,2.521
svn,sex_m,age_ythadult_yge15,eco_isic4_s,2014,3.478
svn,sex_m,age_ythadult_yge15,eco_isic4_s,2015,2.861
svn,sex_m,age_ythadult_yge15,eco_isic4_s,2016,3.121
svn,sex_m,age_ythadult_yge15,eco_isic4_s,2017,3.333
svn,sex_m,age_ythadult_yge15,eco_isic4_s,2018,3.504
svn,sex_m,age_ythadult_yge15,eco_isic4_s,2019,2.448
svn,sex_m,age_ythadult_yge15,eco_isic4_s,2020,3.011
svn,sex_m,age_ythadult_yge15,eco_isic4_s,2021,5.866
svn,sex_m,age_ythadult_yge15,eco_isic4_s,2022,5.761
svn,sex_m,age_ythadult_yge15,eco_isic4_s,2023,4.251
svn,sex_m,age_ythadult_yge15,eco_isic4_t,2011,0
svn,sex_m,age_ythadult_yge15,eco_isic4_t,2021,0.2
svn,sex_m,age_ythadult_yge15,eco_isic4_t,2022,0.26
svn,sex_m,age_ythadult_yge15,eco_isic4_t,2023,0.391
svn,sex_m,age_ythadult_yge15,eco_isic4_total,2008,453.379
svn,sex_m,age_ythadult_yge15,eco_isic4_total,2009,429.626
svn,sex_m,age_ythadult_yge15,eco_isic4_total,2010,418.815
svn,sex_m,age_ythadult_yge15,eco_isic4_total,2011,406.456
svn,sex_m,age_ythadult_yge15,eco_isic4_total,2012,404.027
svn,sex_m,age_ythadult_yge15,eco_isic4_total,2013,397.592
svn,sex_m,age_ythadult_yge15,eco_isic4_total,2014,395.761
svn,sex_m,age_ythadult_yge15,eco_isic4_total,2015,405.476
svn,sex_m,age_ythadult_yge15,eco_isic4_total,2016,406.442
svn,sex_m,age_ythadult_yge15,eco_isic4_total,2017,427.769
svn,sex_m,age_ythadult_yge15,eco_isic4_total,2018,434.896
svn,sex_m,age_ythadult_yge15,eco_isic4_total,2019,441.652
svn,sex_m,age_ythadult_yge15,eco_isic4_total,2020,451.925
svn,sex_m,age_ythadult_yge15,eco_isic4_total,2021,436.317
svn,sex_m,age_ythadult_yge15,eco_isic4_total,2022,442.779
svn,sex_m,age_ythadult_yge15,eco_isic4_total,2023,443.077
svn,sex_m,age_ythadult_yge15,eco_isic4_x,2008,2.297
svn,sex_m,age_ythadult_yge15,eco_isic4_x,2009,2.856
svn,sex_m,age_ythadult_yge15,eco_isic4_x,2010,2.077
svn,sex_m,age_ythadult_yge15,eco_isic4_x,2011,2.041
svn,sex_m,age_ythadult_yge15,eco_isic4_x,2012,2.004
svn,sex_m,age_ythadult_yge15,eco_isic4_x,2013,2.571
svn,sex_m,age_ythadult_yge15,eco_isic4_x,2014,2.386
svn,sex_m,age_ythadult_yge15,eco_isic4_x,2015,5.44
svn,sex_m,age_ythadult_yge15,eco_isic4_x,2016,4.088
svn,sex_m,age_ythadult_yge15,eco_isic4_x,2017,2.427
svn,sex_m,age_ythadult_yge15,eco_isic4_x,2018,2.596
svn,sex_m,age_ythadult_yge15,eco_isic4_x,2019,2.526
svn,sex_m,age_ythadult_yge15,eco_isic4_x,2020,2.18
svn,sex_m,age_ythadult_yge15,eco_isic4_x,2021,2.664
svn,sex_m,age_ythadult_yge15,eco_isic4_x,2022,2.166
svn,sex_m,age_ythadult_yge15,eco_isic4_x,2023,2.035
svn,sex_m,age_ythadult_yge15,eco_sector_agr,1996,8.497
svn,sex_m,age_ythadult_yge15,eco_sector_agr,1997,8.308
svn,sex_m,age_ythadult_yge15,eco_sector_agr,1998,5.215
svn,sex_m,age_ythadult_yge15,eco_sector_agr,1999,5.956
svn,sex_m,age_ythadult_yge15,eco_sector_agr,2000,6.178
svn,sex_m,age_ythadult_yge15,eco_sector_agr,2001,6.64
svn,sex_m,age_ythadult_yge15,eco_sector_agr,2002,8.254
svn,sex_m,age_ythadult_yge15,eco_sector_agr,2003,6.628
svn,sex_m,age_ythadult_yge15,eco_sector_agr,2004,8.662
svn,sex_m,age_ythadult_yge15,eco_sector_agr,2005,6.996
svn,sex_m,age_ythadult_yge15,eco_sector_agr,2006,8.169
svn,sex_m,age_ythadult_yge15,eco_sector_agr,2007,8.523
svn,sex_m,age_ythadult_yge15,eco_sector_agr,2008,8.703
svn,sex_m,age_ythadult_yge15,eco_sector_agr,2009,7.103
svn,sex_m,age_ythadult_yge15,eco_sector_agr,2010,6.494
svn,sex_m,age_ythadult_yge15,eco_sector_agr,2011,6.66
svn,sex_m,age_ythadult_yge15,eco_sector_agr,2012,6.71
svn,sex_m,age_ythadult_yge15,eco_sector_agr,2013,6.012
svn,sex_m,age_ythadult_yge15,eco_sector_agr,2014,5.689
svn,sex_m,age_ythadult_yge15,eco_sector_agr,2015,6.104
svn,sex_m,age_ythadult_yge15,eco_sector_agr,2016,5.317
svn,sex_m,age_ythadult_yge15,eco_sector_agr,2017,5.946
svn,sex_m,age_ythadult_yge15,eco_sector_agr,2018,5.344
svn,sex_m,age_ythadult_yge15,eco_sector_agr,2019,4.292
svn,sex_m,age_ythadult_yge15,eco_sector_agr,2020,4.45
svn,sex_m,age_ythadult_yge15,eco_sector_agr,2021,3.049
svn,sex_m,age_ythadult_yge15,eco_sector_agr,2022,2.951
svn,sex_m,age_ythadult_yge15,eco_sector_agr,2023,3.85
svn,sex_m,age_ythadult_yge15,eco_sector_ind,1996,212.397
svn,sex_m,age_ythadult_yge15,eco_sector_ind,1997,215.256
svn,sex_m,age_ythadult_yge15,eco_sector_ind,1998,209.345
svn,sex_m,age_ythadult_yge15,eco_sector_ind,1999,199.232
svn,sex_m,age_ythadult_yge15,eco_sector_ind,2000,197.622
svn,sex_m,age_ythadult_yge15,eco_sector_ind,2001,206.349
svn,sex_m,age_ythadult_yge15,eco_sector_ind,2002,210.232
svn,sex_m,age_ythadult_yge15,eco_sector_ind,2003,206.507
svn,sex_m,age_ythadult_yge15,eco_sector_ind,2004,209.881
svn,sex_m,age_ythadult_yge15,eco_sector_ind,2005,218.325
svn,sex_m,age_ythadult_yge15,eco_sector_ind,2006,212.322
svn,sex_m,age_ythadult_yge15,eco_sector_ind,2007,218.589
svn,sex_m,age_ythadult_yge15,eco_sector_ind,2008,224.653
svn,sex_m,age_ythadult_yge15,eco_sector_ind,2009,201.261
svn,sex_m,age_ythadult_yge15,eco_sector_ind,2010,196.358
svn,sex_m,age_ythadult_yge15,eco_sector_ind,2011,191.519
svn,sex_m,age_ythadult_yge15,eco_sector_ind,2012,184.663
svn,sex_m,age_ythadult_yge15,eco_sector_ind,2013,183.325
svn,sex_m,age_ythadult_yge15,eco_sector_ind,2014,185.31
svn,sex_m,age_ythadult_yge15,eco_sector_ind,2015,190.23
svn,sex_m,age_ythadult_yge15,eco_sector_ind,2016,196.721
svn,sex_m,age_ythadult_yge15,eco_sector_ind,2017,210.905
svn,sex_m,age_ythadult_yge15,eco_sector_ind,2018,208.596
svn,sex_m,age_ythadult_yge15,eco_sector_ind,2019,217.493
svn,sex_m,age_ythadult_yge15,eco_sector_ind,2020,222.845
svn,sex_m,age_ythadult_yge15,eco_sector_ind,2021,191.153
svn,sex_m,age_ythadult_yge15,eco_sector_ind,2022,195.289
svn,sex_m,age_ythadult_yge15,eco_sector_ind,2023,206.983
svn,sex_m,age_ythadult_yge15,eco_sector_nag,1996,363.026
svn,sex_m,age_ythadult_yge15,eco_sector_nag,1997,372.067
svn,sex_m,age_ythadult_yge15,eco_sector_nag,1998,374.238
svn,sex_m,age_ythadult_yge15,eco_sector_nag,1999,373.111
svn,sex_m,age_ythadult_yge15,eco_sector_nag,2000,385.283
svn,sex_m,age_ythadult_yge15,eco_sector_nag,2001,392.392
svn,sex_m,age_ythadult_yge15,eco_sector_nag,2002,396.214
svn,sex_m,age_ythadult_yge15,eco_sector_nag,2003,400.664
svn,sex_m,age_ythadult_yge15,eco_sector_nag,2004,411.803
svn,sex_m,age_ythadult_yge15,eco_sector_nag,2005,419.705
svn,sex_m,age_ythadult_yge15,eco_sector_nag,2006,418.02
svn,sex_m,age_ythadult_yge15,eco_sector_nag,2007,433.535
svn,sex_m,age_ythadult_yge15,eco_sector_nag,2008,444.676
svn,sex_m,age_ythadult_yge15,eco_sector_nag,2009,422.523
svn,sex_m,age_ythadult_yge15,eco_sector_nag,2010,412.32
svn,sex_m,age_ythadult_yge15,eco_sector_nag,2011,399.796
svn,sex_m,age_ythadult_yge15,eco_sector_nag,2012,397.317
svn,sex_m,age_ythadult_yge15,eco_sector_nag,2013,391.58
svn,sex_m,age_ythadult_yge15,eco_sector_nag,2014,390.072
svn,sex_m,age_ythadult_yge15,eco_sector_nag,2015,399.372
svn,sex_m,age_ythadult_yge15,eco_sector_nag,2016,401.124
svn,sex_m,age_ythadult_yge15,eco_sector_nag,2017,421.823
svn,sex_m,age_ythadult_yge15,eco_sector_nag,2018,429.553
svn,sex_m,age_ythadult_yge15,eco_sector_nag,2019,437.36
svn,sex_m,age_ythadult_yge15,eco_sector_nag,2020,447.475
svn,sex_m,age_ythadult_yge15,eco_sector_nag,2021,433.269
svn,sex_m,age_ythadult_yge15,eco_sector_nag,2022,439.828
svn,sex_m,age_ythadult_yge15,eco_sector_nag,2023,439.228
svn,sex_m,age_ythadult_yge15,eco_sector_ser,1996,150.157
svn,sex_m,age_ythadult_yge15,eco_sector_ser,1997,155.543
svn,sex_m,age_ythadult_yge15,eco_sector_ser,1998,162.353
svn,sex_m,age_ythadult_yge15,eco_sector_ser,1999,171.724
svn,sex_m,age_ythadult_yge15,eco_sector_ser,2000,184.263
svn,sex_m,age_ythadult_yge15,eco_sector_ser,2001,180.914
svn,sex_m,age_ythadult_yge15,eco_sector_ser,2002,182.936
svn,sex_m,age_ythadult_yge15,eco_sector_ser,2003,190.968
svn,sex_m,age_ythadult_yge15,eco_sector_ser,2004,196.11
svn,sex_m,age_ythadult_yge15,eco_sector_ser,2005,198.796
svn,sex_m,age_ythadult_yge15,eco_sector_ser,2006,203.98
svn,sex_m,age_ythadult_yge15,eco_sector_ser,2007,210.455
svn,sex_m,age_ythadult_yge15,eco_sector_ser,2008,217.727
svn,sex_m,age_ythadult_yge15,eco_sector_ser,2009,218.407
svn,sex_m,age_ythadult_yge15,eco_sector_ser,2010,213.885
svn,sex_m,age_ythadult_yge15,eco_sector_ser,2011,206.235
svn,sex_m,age_ythadult_yge15,eco_sector_ser,2012,210.65
svn,sex_m,age_ythadult_yge15,eco_sector_ser,2013,205.683
svn,sex_m,age_ythadult_yge15,eco_sector_ser,2014,202.376
svn,sex_m,age_ythadult_yge15,eco_sector_ser,2015,203.702
svn,sex_m,age_ythadult_yge15,eco_sector_ser,2016,200.316
svn,sex_m,age_ythadult_yge15,eco_sector_ser,2017,208.49
svn,sex_m,age_ythadult_yge15,eco_sector_ser,2018,218.361
svn,sex_m,age_ythadult_yge15,eco_sector_ser,2019,217.341
svn,sex_m,age_ythadult_yge15,eco_sector_ser,2020,222.45
svn,sex_m,age_ythadult_yge15,eco_sector_ser,2021,239.451
svn,sex_m,age_ythadult_yge15,eco_sector_ser,2022,242.372
svn,sex_m,age_ythadult_yge15,eco_sector_ser,2023,230.21
svn,sex_m,age_ythadult_yge15,eco_sector_total,1996,371.523
svn,sex_m,age_ythadult_yge15,eco_sector_total,1997,380.374
svn,sex_m,age_ythadult_yge15,eco_sector_total,1998,379.452
svn,sex_m,age_ythadult_yge15,eco_sector_total,1999,379.067
svn,sex_m,age_ythadult_yge15,eco_sector_total,2000,391.461
svn,sex_m,age_ythadult_yge15,eco_sector_total,2001,399.033
svn,sex_m,age_ythadult_yge15,eco_sector_total,2002,404.468
svn,sex_m,age_ythadult_yge15,eco_sector_total,2003,407.292
svn,sex_m,age_ythadult_yge15,eco_sector_total,2004,420.465
svn,sex_m,age_ythadult_yge15,eco_sector_total,2005,426.701
svn,sex_m,age_ythadult_yge15,eco_sector_total,2006,426.189
svn,sex_m,age_ythadult_yge15,eco_sector_total,2007,442.058
svn,sex_m,age_ythadult_yge15,eco_sector_total,2008,453.379
svn,sex_m,age_ythadult_yge15,eco_sector_total,2009,429.626
svn,sex_m,age_ythadult_yge15,eco_sector_total,2010,418.815
svn,sex_m,age_ythadult_yge15,eco_sector_total,2011,406.456
svn,sex_m,age_ythadult_yge15,eco_sector_total,2012,404.027
svn,sex_m,age_ythadult_yge15,eco_sector_total,2013,397.592
svn,sex_m,age_ythadult_yge15,eco_sector_total,2014,395.761
svn,sex_m,age_ythadult_yge15,eco_sector_total,2015,405.476
svn,sex_m,age_ythadult_yge15,eco_sector_total,2016,406.442
svn,sex_m,age_ythadult_yge15,eco_sector_total,2017,427.769
svn,sex_m,age_ythadult_yge15,eco_sector_total,2018,434.896
svn,sex_m,age_ythadult_yge15,eco_sector_total,2019,441.652
svn,sex_m,age_ythadult_yge15,eco_sector_total,2020,451.925
svn,sex_m,age_ythadult_yge15,eco_sector_total,2021,436.317
svn,sex_m,age_ythadult_yge15,eco_sector_total,2022,442.779
svn,sex_m,age_ythadult_yge15,eco_sector_total,2023,443.077
svn,sex_m,age_ythadult_yge15,eco_sector_x,1996,0.471
svn,sex_m,age_ythadult_yge15,eco_sector_x,1997,1.267
svn,sex_m,age_ythadult_yge15,eco_sector_x,1998,2.539
svn,sex_m,age_ythadult_yge15,eco_sector_x,1999,2.155
svn,sex_m,age_ythadult_yge15,eco_sector_x,2000,3.399
svn,sex_m,age_ythadult_yge15,eco_sector_x,2001,5.129
svn,sex_m,age_ythadult_yge15,eco_sector_x,2002,3.045
svn,sex_m,age_ythadult_yge15,eco_sector_x,2003,3.188
svn,sex_m,age_ythadult_yge15,eco_sector_x,2004,5.812
svn,sex_m,age_ythadult_yge15,eco_sector_x,2005,2.584
svn,sex_m,age_ythadult_yge15,eco_sector_x,2006,1.718
svn,sex_m,age_ythadult_yge15,eco_sector_x,2007,4.49
svn,sex_m,age_ythadult_yge15,eco_sector_x,2008,2.297
svn,sex_m,age_ythadult_yge15,eco_sector_x,2009,2.856
svn,sex_m,age_ythadult_yge15,eco_sector_x,2010,2.077
svn,sex_m,age_ythadult_yge15,eco_sector_x,2011,2.041
svn,sex_m,age_ythadult_yge15,eco_sector_x,2012,2.004
svn,sex_m,age_ythadult_yge15,eco_sector_x,2013,2.571
svn,sex_m,age_ythadult_yge15,eco_sector_x,2014,2.386
svn,sex_m,age_ythadult_yge15,eco_sector_x,2015,5.44
svn,sex_m,age_ythadult_yge15,eco_sector_x,2016,4.088
svn,sex_m,age_ythadult_yge15,eco_sector_x,2017,2.427
svn,sex_m,age_ythadult_yge15,eco_sector_x,2018,2.596
svn,sex_m,age_ythadult_yge15,eco_sector_x,2019,2.526
svn,sex_m,age_ythadult_yge15,eco_sector_x,2020,2.18
svn,sex_m,age_ythadult_yge15,eco_sector_x,2021,2.664
svn,sex_m,age_ythadult_yge15,eco_sector_x,2022,2.166
svn,sex_m,age_ythadult_yge15,eco_sector_x,2023,2.035
svn,sex_m,age_ythadult_yge25,eco_aggregate_agr,1996,7.168
svn,sex_m,age_ythadult_yge25,eco_aggregate_agr,1997,7.108
svn,sex_m,age_ythadult_yge25,eco_aggregate_agr,1998,4.558
svn,sex_m,age_ythadult_yge25,eco_aggregate_agr,1999,5.482
svn,sex_m,age_ythadult_yge25,eco_aggregate_agr,2000,5.809
svn,sex_m,age_ythadult_yge25,eco_aggregate_agr,2001,6.121
svn,sex_m,age_ythadult_yge25,eco_aggregate_agr,2002,7.343
svn,sex_m,age_ythadult_yge25,eco_aggregate_agr,2003,6.149
svn,sex_m,age_ythadult_yge25,eco_aggregate_agr,2004,7.509
svn,sex_m,age_ythadult_yge25,eco_aggregate_agr,2005,6.539
svn,sex_m,age_ythadult_yge25,eco_aggregate_agr,2006,7.196
svn,sex_m,age_ythadult_yge25,eco_aggregate_agr,2007,7.572
svn,sex_m,age_ythadult_yge25,eco_aggregate_agr,2008,7.846
svn,sex_m,age_ythadult_yge25,eco_aggregate_agr,2009,6.351
svn,sex_m,age_ythadult_yge25,eco_aggregate_agr,2010,5.925
svn,sex_m,age_ythadult_yge25,eco_aggregate_agr,2011,6.215
svn,sex_m,age_ythadult_yge25,eco_aggregate_agr,2012,6.335
svn,sex_m,age_ythadult_yge25,eco_aggregate_agr,2013,5.334
svn,sex_m,age_ythadult_yge25,eco_aggregate_agr,2014,5.061
svn,sex_m,age_ythadult_yge25,eco_aggregate_agr,2015,5.744
svn,sex_m,age_ythadult_yge25,eco_aggregate_agr,2016,5.152
svn,sex_m,age_ythadult_yge25,eco_aggregate_agr,2017,5.546
svn,sex_m,age_ythadult_yge25,eco_aggregate_agr,2018,5.047
svn,sex_m,age_ythadult_yge25,eco_aggregate_agr,2019,3.793
svn,sex_m,age_ythadult_yge25,eco_aggregate_agr,2020,4.1
svn,sex_m,age_ythadult_yge25,eco_aggregate_agr,2021,2.824
svn,sex_m,age_ythadult_yge25,eco_aggregate_agr,2022,2.838
svn,sex_m,age_ythadult_yge25,eco_aggregate_agr,2023,3.644
svn,sex_m,age_ythadult_yge25,eco_aggregate_con,1996,27.495
svn,sex_m,age_ythadult_yge25,eco_aggregate_con,1997,33.033
svn,sex_m,age_ythadult_yge25,eco_aggregate_con,1998,30.956
svn,sex_m,age_ythadult_yge25,eco_aggregate_con,1999,27.795
svn,sex_m,age_ythadult_yge25,eco_aggregate_con,2000,30.084
svn,sex_m,age_ythadult_yge25,eco_aggregate_con,2001,34.642
svn,sex_m,age_ythadult_yge25,eco_aggregate_con,2002,33.836
svn,sex_m,age_ythadult_yge25,eco_aggregate_con,2003,35.35
svn,sex_m,age_ythadult_yge25,eco_aggregate_con,2004,35.616
svn,sex_m,age_ythadult_yge25,eco_aggregate_con,2005,38.958
svn,sex_m,age_ythadult_yge25,eco_aggregate_con,2006,35.948
svn,sex_m,age_ythadult_yge25,eco_aggregate_con,2007,37.398
svn,sex_m,age_ythadult_yge25,eco_aggregate_con,2008,41.909
svn,sex_m,age_ythadult_yge25,eco_aggregate_con,2009,37.531
svn,sex_m,age_ythadult_yge25,eco_aggregate_con,2010,35.768
svn,sex_m,age_ythadult_yge25,eco_aggregate_con,2011,33.492
svn,sex_m,age_ythadult_yge25,eco_aggregate_con,2012,33.838
svn,sex_m,age_ythadult_yge25,eco_aggregate_con,2013,33.662
svn,sex_m,age_ythadult_yge25,eco_aggregate_con,2014,33.959
svn,sex_m,age_ythadult_yge25,eco_aggregate_con,2015,33.702
svn,sex_m,age_ythadult_yge25,eco_aggregate_con,2016,33.293
svn,sex_m,age_ythadult_yge25,eco_aggregate_con,2017,35.965
svn,sex_m,age_ythadult_yge25,eco_aggregate_con,2018,34.737
svn,sex_m,age_ythadult_yge25,eco_aggregate_con,2019,35.563
svn,sex_m,age_ythadult_yge25,eco_aggregate_con,2020,37.938
svn,sex_m,age_ythadult_yge25,eco_aggregate_con,2021,30.996
svn,sex_m,age_ythadult_yge25,eco_aggregate_con,2022,32.431
svn,sex_m,age_ythadult_yge25,eco_aggregate_con,2023,39.902
svn,sex_m,age_ythadult_yge25,eco_aggregate_man,1996,136.547
svn,sex_m,age_ythadult_yge25,eco_aggregate_man,1997,134.682
svn,sex_m,age_ythadult_yge25,eco_aggregate_man,1998,137.911
svn,sex_m,age_ythadult_yge25,eco_aggregate_man,1999,136.895
svn,sex_m,age_ythadult_yge25,eco_aggregate_man,2000,130.337
svn,sex_m,age_ythadult_yge25,eco_aggregate_man,2001,134.122
svn,sex_m,age_ythadult_yge25,eco_aggregate_man,2002,139.673
svn,sex_m,age_ythadult_yge25,eco_aggregate_man,2003,137.714
svn,sex_m,age_ythadult_yge25,eco_aggregate_man,2004,139.517
svn,sex_m,age_ythadult_yge25,eco_aggregate_man,2005,144.36
svn,sex_m,age_ythadult_yge25,eco_aggregate_man,2006,140.076
svn,sex_m,age_ythadult_yge25,eco_aggregate_man,2007,144.472
svn,sex_m,age_ythadult_yge25,eco_aggregate_man,2008,142.147
svn,sex_m,age_ythadult_yge25,eco_aggregate_man,2009,128.865
svn,sex_m,age_ythadult_yge25,eco_aggregate_man,2010,126.91
svn,sex_m,age_ythadult_yge25,eco_aggregate_man,2011,123.357
svn,sex_m,age_ythadult_yge25,eco_aggregate_man,2012,119.949
svn,sex_m,age_ythadult_yge25,eco_aggregate_man,2013,118.862
svn,sex_m,age_ythadult_yge25,eco_aggregate_man,2014,120.288
svn,sex_m,age_ythadult_yge25,eco_aggregate_man,2015,125.163
svn,sex_m,age_ythadult_yge25,eco_aggregate_man,2016,133.331
svn,sex_m,age_ythadult_yge25,eco_aggregate_man,2017,140.558
svn,sex_m,age_ythadult_yge25,eco_aggregate_man,2018,136.542
svn,sex_m,age_ythadult_yge25,eco_aggregate_man,2019,146.799
svn,sex_m,age_ythadult_yge25,eco_aggregate_man,2020,152.055
svn,sex_m,age_ythadult_yge25,eco_aggregate_man,2021,128.741
svn,sex_m,age_ythadult_yge25,eco_aggregate_man,2022,129.959
svn,sex_m,age_ythadult_yge25,eco_aggregate_man,2023,129.863
svn,sex_m,age_ythadult_yge25,eco_aggregate_mel,1996,17.551
svn,sex_m,age_ythadult_yge25,eco_aggregate_mel,1997,16.163
svn,sex_m,age_ythadult_yge25,eco_aggregate_mel,1998,13.51
svn,sex_m,age_ythadult_yge25,eco_aggregate_mel,1999,11.814
svn,sex_m,age_ythadult_yge25,eco_aggregate_mel,2000,13.883
svn,sex_m,age_ythadult_yge25,eco_aggregate_mel,2001,14.668
svn,sex_m,age_ythadult_yge25,eco_aggregate_mel,2002,12.498
svn,sex_m,age_ythadult_yge25,eco_aggregate_mel,2003,12.208
svn,sex_m,age_ythadult_yge25,eco_aggregate_mel,2004,12.872
svn,sex_m,age_ythadult_yge25,eco_aggregate_mel,2005,12.019
svn,sex_m,age_ythadult_yge25,eco_aggregate_mel,2006,12.164
svn,sex_m,age_ythadult_yge25,eco_aggregate_mel,2007,11.936
svn,sex_m,age_ythadult_yge25,eco_aggregate_mel,2008,16.81
svn,sex_m,age_ythadult_yge25,eco_aggregate_mel,2009,16.572
svn,sex_m,age_ythadult_yge25,eco_aggregate_mel,2010,17.224
svn,sex_m,age_ythadult_yge25,eco_aggregate_mel,2011,18.964
svn,sex_m,age_ythadult_yge25,eco_aggregate_mel,2012,17.747
svn,sex_m,age_ythadult_yge25,eco_aggregate_mel,2013,17.242
svn,sex_m,age_ythadult_yge25,eco_aggregate_mel,2014,18.19
svn,sex_m,age_ythadult_yge25,eco_aggregate_mel,2015,17.996
svn,sex_m,age_ythadult_yge25,eco_aggregate_mel,2016,16.385
svn,sex_m,age_ythadult_yge25,eco_aggregate_mel,2017,16.233
svn,sex_m,age_ythadult_yge25,eco_aggregate_mel,2018,19.5
svn,sex_m,age_ythadult_yge25,eco_aggregate_mel,2019,19.174
svn,sex_m,age_ythadult_yge25,eco_aggregate_mel,2020,19.097
svn,sex_m,age_ythadult_yge25,eco_aggregate_mel,2021,17.471
svn,sex_m,age_ythadult_yge25,eco_aggregate_mel,2022,18.455
svn,sex_m,age_ythadult_yge25,eco_aggregate_mel,2023,19.708
svn,sex_m,age_ythadult_yge25,eco_aggregate_mkt,1996,82.482
svn,sex_m,age_ythadult_yge25,eco_aggregate_mkt,1997,86.106
svn,sex_m,age_ythadult_yge25,eco_aggregate_mkt,1998,90.557
svn,sex_m,age_ythadult_yge25,eco_aggregate_mkt,1999,92.034
svn,sex_m,age_ythadult_yge25,eco_aggregate_mkt,2000,105.015
svn,sex_m,age_ythadult_yge25,eco_aggregate_mkt,2001,104.118
svn,sex_m,age_ythadult_yge25,eco_aggregate_mkt,2002,101.899
svn,sex_m,age_ythadult_yge25,eco_aggregate_mkt,2003,112.031
svn,sex_m,age_ythadult_yge25,eco_aggregate_mkt,2004,108.1
svn,sex_m,age_ythadult_yge25,eco_aggregate_mkt,2005,112.919
svn,sex_m,age_ythadult_yge25,eco_aggregate_mkt,2006,114.943
svn,sex_m,age_ythadult_yge25,eco_aggregate_mkt,2007,117.728
svn,sex_m,age_ythadult_yge25,eco_aggregate_mkt,2008,129.957
svn,sex_m,age_ythadult_yge25,eco_aggregate_mkt,2009,133.02
svn,sex_m,age_ythadult_yge25,eco_aggregate_mkt,2010,129.088
svn,sex_m,age_ythadult_yge25,eco_aggregate_mkt,2011,127.451
svn,sex_m,age_ythadult_yge25,eco_aggregate_mkt,2012,135.631
svn,sex_m,age_ythadult_yge25,eco_aggregate_mkt,2013,131.81
svn,sex_m,age_ythadult_yge25,eco_aggregate_mkt,2014,124.314
svn,sex_m,age_ythadult_yge25,eco_aggregate_mkt,2015,125.728
svn,sex_m,age_ythadult_yge25,eco_aggregate_mkt,2016,123.28
svn,sex_m,age_ythadult_yge25,eco_aggregate_mkt,2017,128.218
svn,sex_m,age_ythadult_yge25,eco_aggregate_mkt,2018,137.113
svn,sex_m,age_ythadult_yge25,eco_aggregate_mkt,2019,137.926
svn,sex_m,age_ythadult_yge25,eco_aggregate_mkt,2020,143.072
svn,sex_m,age_ythadult_yge25,eco_aggregate_mkt,2021,148.358
svn,sex_m,age_ythadult_yge25,eco_aggregate_mkt,2022,149.858
svn,sex_m,age_ythadult_yge25,eco_aggregate_mkt,2023,149.794
svn,sex_m,age_ythadult_yge25,eco_aggregate_pub,1996,46.843
svn,sex_m,age_ythadult_yge25,eco_aggregate_pub,1997,44.235
svn,sex_m,age_ythadult_yge25,eco_aggregate_pub,1998,51.157
svn,sex_m,age_ythadult_yge25,eco_aggregate_pub,1999,58.441
svn,sex_m,age_ythadult_yge25,eco_aggregate_pub,2000,57.635
svn,sex_m,age_ythadult_yge25,eco_aggregate_pub,2001,57.154
svn,sex_m,age_ythadult_yge25,eco_aggregate_pub,2002,59.688
svn,sex_m,age_ythadult_yge25,eco_aggregate_pub,2003,57.452
svn,sex_m,age_ythadult_yge25,eco_aggregate_pub,2004,64.51
svn,sex_m,age_ythadult_yge25,eco_aggregate_pub,2005,64.452
svn,sex_m,age_ythadult_yge25,eco_aggregate_pub,2006,67.715
svn,sex_m,age_ythadult_yge25,eco_aggregate_pub,2007,68.871
svn,sex_m,age_ythadult_yge25,eco_aggregate_pub,2008,61.757
svn,sex_m,age_ythadult_yge25,eco_aggregate_pub,2009,61.205
svn,sex_m,age_ythadult_yge25,eco_aggregate_pub,2010,62.603
svn,sex_m,age_ythadult_yge25,eco_aggregate_pub,2011,58.99
svn,sex_m,age_ythadult_yge25,eco_aggregate_pub,2012,58.623
svn,sex_m,age_ythadult_yge25,eco_aggregate_pub,2013,60.793
svn,sex_m,age_ythadult_yge25,eco_aggregate_pub,2014,66.332
svn,sex_m,age_ythadult_yge25,eco_aggregate_pub,2015,64.47
svn,sex_m,age_ythadult_yge25,eco_aggregate_pub,2016,63.206
svn,sex_m,age_ythadult_yge25,eco_aggregate_pub,2017,63.854
svn,sex_m,age_ythadult_yge25,eco_aggregate_pub,2018,63.747
svn,sex_m,age_ythadult_yge25,eco_aggregate_pub,2019,62.459
svn,sex_m,age_ythadult_yge25,eco_aggregate_pub,2020,65.158
svn,sex_m,age_ythadult_yge25,eco_aggregate_pub,2021,73.82
svn,sex_m,age_ythadult_yge25,eco_aggregate_pub,2022,73.455
svn,sex_m,age_ythadult_yge25,eco_aggregate_pub,2023,62.099
svn,sex_m,age_ythadult_yge25,eco_aggregate_total,1996,318.411
svn,sex_m,age_ythadult_yge25,eco_aggregate_total,1997,322.511
svn,sex_m,age_ythadult_yge25,eco_aggregate_total,1998,330.281
svn,sex_m,age_ythadult_yge25,eco_aggregate_total,1999,334.359
svn,sex_m,age_ythadult_yge25,eco_aggregate_total,2000,345.486
svn,sex_m,age_ythadult_yge25,eco_aggregate_total,2001,355.24
svn,sex_m,age_ythadult_yge25,eco_aggregate_total,2002,357.168
svn,sex_m,age_ythadult_yge25,eco_aggregate_total,2003,363.008
svn,sex_m,age_ythadult_yge25,eco_aggregate_total,2004,372.879
svn,sex_m,age_ythadult_yge25,eco_aggregate_total,2005,381.076
svn,sex_m,age_ythadult_yge25,eco_aggregate_total,2006,379.438
svn,sex_m,age_ythadult_yge25,eco_aggregate_total,2007,391.111
svn,sex_m,age_ythadult_yge25,eco_aggregate_total,2008,401.998
svn,sex_m,age_ythadult_yge25,eco_aggregate_total,2009,385.767
svn,sex_m,age_ythadult_yge25,eco_aggregate_total,2010,379.129
svn,sex_m,age_ythadult_yge25,eco_aggregate_total,2011,369.941
svn,sex_m,age_ythadult_yge25,eco_aggregate_total,2012,373.858
svn,sex_m,age_ythadult_yge25,eco_aggregate_total,2013,369.938
svn,sex_m,age_ythadult_yge25,eco_aggregate_total,2014,370.236
svn,sex_m,age_ythadult_yge25,eco_aggregate_total,2015,377.654
svn,sex_m,age_ythadult_yge25,eco_aggregate_total,2016,377.992
svn,sex_m,age_ythadult_yge25,eco_aggregate_total,2017,392.237
svn,sex_m,age_ythadult_yge25,eco_aggregate_total,2018,398.818
svn,sex_m,age_ythadult_yge25,eco_aggregate_total,2019,407.826
svn,sex_m,age_ythadult_yge25,eco_aggregate_total,2020,423.262
svn,sex_m,age_ythadult_yge25,eco_aggregate_total,2021,404.426
svn,sex_m,age_ythadult_yge25,eco_aggregate_total,2022,408.919
svn,sex_m,age_ythadult_yge25,eco_aggregate_total,2023,406.713
svn,sex_m,age_ythadult_yge25,eco_aggregate_x,1996,0.325
svn,sex_m,age_ythadult_yge25,eco_aggregate_x,1997,1.184
svn,sex_m,age_ythadult_yge25,eco_aggregate_x,1998,1.633
svn,sex_m,age_ythadult_yge25,eco_aggregate_x,1999,1.898
svn,sex_m,age_ythadult_yge25,eco_aggregate_x,2000,2.723
svn,sex_m,age_ythadult_yge25,eco_aggregate_x,2001,4.414
svn,sex_m,age_ythadult_yge25,eco_aggregate_x,2002,2.23
svn,sex_m,age_ythadult_yge25,eco_aggregate_x,2003,2.106
svn,sex_m,age_ythadult_yge25,eco_aggregate_x,2004,4.755
svn,sex_m,age_ythadult_yge25,eco_aggregate_x,2005,1.828
svn,sex_m,age_ythadult_yge25,eco_aggregate_x,2006,1.396
svn,sex_m,age_ythadult_yge25,eco_aggregate_x,2007,3.134
svn,sex_m,age_ythadult_yge25,eco_aggregate_x,2008,1.574
svn,sex_m,age_ythadult_yge25,eco_aggregate_x,2009,2.223
svn,sex_m,age_ythadult_yge25,eco_aggregate_x,2010,1.61
svn,sex_m,age_ythadult_yge25,eco_aggregate_x,2011,1.473
svn,sex_m,age_ythadult_yge25,eco_aggregate_x,2012,1.733
svn,sex_m,age_ythadult_yge25,eco_aggregate_x,2013,2.236
svn,sex_m,age_ythadult_yge25,eco_aggregate_x,2014,2.091
svn,sex_m,age_ythadult_yge25,eco_aggregate_x,2015,4.852
svn,sex_m,age_ythadult_yge25,eco_aggregate_x,2016,3.343
svn,sex_m,age_ythadult_yge25,eco_aggregate_x,2017,1.862
svn,sex_m,age_ythadult_yge25,eco_aggregate_x,2018,2.132
svn,sex_m,age_ythadult_yge25,eco_aggregate_x,2019,2.112
svn,sex_m,age_ythadult_yge25,eco_aggregate_x,2020,1.842
svn,sex_m,age_ythadult_yge25,eco_aggregate_x,2021,2.216
svn,sex_m,age_ythadult_yge25,eco_aggregate_x,2022,1.923
svn,sex_m,age_ythadult_yge25,eco_aggregate_x,2023,1.703
svn,sex_m,age_ythadult_yge25,eco_isic3_a,1996,7.168
svn,sex_m,age_ythadult_yge25,eco_isic3_a,1997,6.929
svn,sex_m,age_ythadult_yge25,eco_isic3_a,1998,4.441
svn,sex_m,age_ythadult_yge25,eco_isic3_a,1999,5.184
svn,sex_m,age_ythadult_yge25,eco_isic3_a,2000,5.752
svn,sex_m,age_ythadult_yge25,eco_isic3_a,2001,6.121
svn,sex_m,age_ythadult_yge25,eco_isic3_a,2002,7.278
svn,sex_m,age_ythadult_yge25,eco_isic3_a,2003,5.998
svn,sex_m,age_ythadult_yge25,eco_isic3_a,2004,7.256
svn,sex_m,age_ythadult_yge25,eco_isic3_a,2005,6.4
svn,sex_m,age_ythadult_yge25,eco_isic3_a,2006,7.148
svn,sex_m,age_ythadult_yge25,eco_isic3_a,2007,7.345
svn,sex_m,age_ythadult_yge25,eco_isic3_b,2005,0.139
svn,sex_m,age_ythadult_yge25,eco_isic3_b,2007,0.227
svn,sex_m,age_ythadult_yge25,eco_isic3_c,1996,7.793
svn,sex_m,age_ythadult_yge25,eco_isic3_c,1997,5.858
svn,sex_m,age_ythadult_yge25,eco_isic3_c,1998,6.87
svn,sex_m,age_ythadult_yge25,eco_isic3_c,1999,5.808
svn,sex_m,age_ythadult_yge25,eco_isic3_c,2000,6.068
svn,sex_m,age_ythadult_yge25,eco_isic3_c,2001,4.814
svn,sex_m,age_ythadult_yge25,eco_isic3_c,2002,3.344
svn,sex_m,age_ythadult_yge25,eco_isic3_c,2003,5.032
svn,sex_m,age_ythadult_yge25,eco_isic3_c,2004,4.652
svn,sex_m,age_ythadult_yge25,eco_isic3_c,2005,5.003
svn,sex_m,age_ythadult_yge25,eco_isic3_c,2006,4.562
svn,sex_m,age_ythadult_yge25,eco_isic3_c,2007,3.795
svn,sex_m,age_ythadult_yge25,eco_isic3_d,1996,136.547
svn,sex_m,age_ythadult_yge25,eco_isic3_d,1997,134.682
svn,sex_m,age_ythadult_yge25,eco_isic3_d,1998,137.911
svn,sex_m,age_ythadult_yge25,eco_isic3_d,1999,136.895
svn,sex_m,age_ythadult_yge25,eco_isic3_d,2000,130.337
svn,sex_m,age_ythadult_yge25,eco_isic3_d,2001,134.122
svn,sex_m,age_ythadult_yge25,eco_isic3_d,2002,139.673
svn,sex_m,age_ythadult_yge25,eco_isic3_d,2003,137.714
svn,sex_m,age_ythadult_yge25,eco_isic3_d,2004,139.517
svn,sex_m,age_ythadult_yge25,eco_isic3_d,2005,144.36
svn,sex_m,age_ythadult_yge25,eco_isic3_d,2006,140.076
svn,sex_m,age_ythadult_yge25,eco_isic3_d,2007,144.472
svn,sex_m,age_ythadult_yge25,eco_isic3_e,1996,9.758
svn,sex_m,age_ythadult_yge25,eco_isic3_e,1997,10.305
svn,sex_m,age_ythadult_yge25,eco_isic3_e,1998,6.64
svn,sex_m,age_ythadult_yge25,eco_isic3_e,1999,6.006
svn,sex_m,age_ythadult_yge25,eco_isic3_e,2000,7.815
svn,sex_m,age_ythadult_yge25,eco_isic3_e,2001,9.854
svn,sex_m,age_ythadult_yge25,eco_isic3_e,2002,9.154
svn,sex_m,age_ythadult_yge25,eco_isic3_e,2003,7.176
svn,sex_m,age_ythadult_yge25,eco_isic3_e,2004,8.219
svn,sex_m,age_ythadult_yge25,eco_isic3_e,2005,7.016
svn,sex_m,age_ythadult_yge25,eco_isic3_e,2006,7.602
svn,sex_m,age_ythadult_yge25,eco_isic3_e,2007,8.141
svn,sex_m,age_ythadult_yge25,eco_isic3_f,1996,27.495
svn,sex_m,age_ythadult_yge25,eco_isic3_f,1997,33.033
svn,sex_m,age_ythadult_yge25,eco_isic3_f,1998,30.956
svn,sex_m,age_ythadult_yge25,eco_isic3_f,1999,27.795
svn,sex_m,age_ythadult_yge25,eco_isic3_f,2000,30.084
svn,sex_m,age_ythadult_yge25,eco_isic3_f,2001,34.642
svn,sex_m,age_ythadult_yge25,eco_isic3_f,2002,33.836
svn,sex_m,age_ythadult_yge25,eco_isic3_f,2003,35.35
svn,sex_m,age_ythadult_yge25,eco_isic3_f,2004,35.616
svn,sex_m,age_ythadult_yge25,eco_isic3_f,2005,38.958
svn,sex_m,age_ythadult_yge25,eco_isic3_f,2006,35.948
svn,sex_m,age_ythadult_yge25,eco_isic3_f,2007,37.398
svn,sex_m,age_ythadult_yge25,eco_isic3_g,1996,30.942
svn,sex_m,age_ythadult_yge25,eco_isic3_g,1997,30.169
svn,sex_m,age_ythadult_yge25,eco_isic3_g,1998,34.779
svn,sex_m,age_ythadult_yge25,eco_isic3_g,1999,34.975
svn,sex_m,age_ythadult_yge25,eco_isic3_g,2000,39.886
svn,sex_m,age_ythadult_yge25,eco_isic3_g,2001,39.425
svn,sex_m,age_ythadult_yge25,eco_isic3_g,2002,38.919
svn,sex_m,age_ythadult_yge25,eco_isic3_g,2003,40.38
svn,sex_m,age_ythadult_yge25,eco_isic3_g,2004,38.538
svn,sex_m,age_ythadult_yge25,eco_isic3_g,2005,38.986
svn,sex_m,age_ythadult_yge25,eco_isic3_g,2006,41.811
svn,sex_m,age_ythadult_yge25,eco_isic3_g,2007,40.462
svn,sex_m,age_ythadult_yge25,eco_isic3_h,1996,6.496
svn,sex_m,age_ythadult_yge25,eco_isic3_h,1997,8.265
svn,sex_m,age_ythadult_yge25,eco_isic3_h,1998,8.962
svn,sex_m,age_ythadult_yge25,eco_isic3_h,1999,7.376
svn,sex_m,age_ythadult_yge25,eco_isic3_h,2000,8.04
svn,sex_m,age_ythadult_yge25,eco_isic3_h,2001,6.483
svn,sex_m,age_ythadult_yge25,eco_isic3_h,2002,7.854
svn,sex_m,age_ythadult_yge25,eco_isic3_h,2003,7.795
svn,sex_m,age_ythadult_yge25,eco_isic3_h,2004,8.496
svn,sex_m,age_ythadult_yge25,eco_isic3_h,2005,8.914
svn,sex_m,age_ythadult_yge25,eco_isic3_h,2006,7.608
svn,sex_m,age_ythadult_yge25,eco_isic3_h,2007,8.394
svn,sex_m,age_ythadult_yge25,eco_isic3_i,1996,29.024
svn,sex_m,age_ythadult_yge25,eco_isic3_i,1997,29.52
svn,sex_m,age_ythadult_yge25,eco_isic3_i,1998,25.66
svn,sex_m,age_ythadult_yge25,eco_isic3_i,1999,29.714
svn,sex_m,age_ythadult_yge25,eco_isic3_i,2000,36.101
svn,sex_m,age_ythadult_yge25,eco_isic3_i,2001,34.721
svn,sex_m,age_ythadult_yge25,eco_isic3_i,2002,31.531
svn,sex_m,age_ythadult_yge25,eco_isic3_i,2003,36.985
svn,sex_m,age_ythadult_yge25,eco_isic3_i,2004,32.75
svn,sex_m,age_ythadult_yge25,eco_isic3_i,2005,34.105
svn,sex_m,age_ythadult_yge25,eco_isic3_i,2006,31.976
svn,sex_m,age_ythadult_yge25,eco_isic3_i,2007,35.925
svn,sex_m,age_ythadult_yge25,eco_isic3_j,1996,4.529
svn,sex_m,age_ythadult_yge25,eco_isic3_j,1997,5.454
svn,sex_m,age_ythadult_yge25,eco_isic3_j,1998,4.152
svn,sex_m,age_ythadult_yge25,eco_isic3_j,1999,4.33
svn,sex_m,age_ythadult_yge25,eco_isic3_j,2000,6.548
svn,sex_m,age_ythadult_yge25,eco_isic3_j,2001,7.67
svn,sex_m,age_ythadult_yge25,eco_isic3_j,2002,7.444
svn,sex_m,age_ythadult_yge25,eco_isic3_j,2003,6.093
svn,sex_m,age_ythadult_yge25,eco_isic3_j,2004,6.144
svn,sex_m,age_ythadult_yge25,eco_isic3_j,2005,7.152
svn,sex_m,age_ythadult_yge25,eco_isic3_j,2006,7.597
svn,sex_m,age_ythadult_yge25,eco_isic3_j,2007,7.018
svn,sex_m,age_ythadult_yge25,eco_isic3_k,1996,11.492
svn,sex_m,age_ythadult_yge25,eco_isic3_k,1997,12.697
svn,sex_m,age_ythadult_yge25,eco_isic3_k,1998,17.004
svn,sex_m,age_ythadult_yge25,eco_isic3_k,1999,15.638
svn,sex_m,age_ythadult_yge25,eco_isic3_k,2000,14.441
svn,sex_m,age_ythadult_yge25,eco_isic3_k,2001,15.82
svn,sex_m,age_ythadult_yge25,eco_isic3_k,2002,16.152
svn,sex_m,age_ythadult_yge25,eco_isic3_k,2003,20.778
svn,sex_m,age_ythadult_yge25,eco_isic3_k,2004,22.173
svn,sex_m,age_ythadult_yge25,eco_isic3_k,2005,23.762
svn,sex_m,age_ythadult_yge25,eco_isic3_k,2006,25.951
svn,sex_m,age_ythadult_yge25,eco_isic3_k,2007,25.929
svn,sex_m,age_ythadult_yge25,eco_isic3_l,1996,18.079
svn,sex_m,age_ythadult_yge25,eco_isic3_l,1997,14.928
svn,sex_m,age_ythadult_yge25,eco_isic3_l,1998,18.169
svn,sex_m,age_ythadult_yge25,eco_isic3_l,1999,24.125
svn,sex_m,age_ythadult_yge25,eco_isic3_l,2000,24.581
svn,sex_m,age_ythadult_yge25,eco_isic3_l,2001,21.541
svn,sex_m,age_ythadult_yge25,eco_isic3_l,2002,23.219
svn,sex_m,age_ythadult_yge25,eco_isic3_l,2003,20.914
svn,sex_m,age_ythadult_yge25,eco_isic3_l,2004,24.868
svn,sex_m,age_ythadult_yge25,eco_isic3_l,2005,27.296
svn,sex_m,age_ythadult_yge25,eco_isic3_l,2006,26.397
svn,sex_m,age_ythadult_yge25,eco_isic3_l,2007,27.018
svn,sex_m,age_ythadult_yge25,eco_isic3_m,1996,10.849
svn,sex_m,age_ythadult_yge25,eco_isic3_m,1997,10.444
svn,sex_m,age_ythadult_yge25,eco_isic3_m,1998,12.976
svn,sex_m,age_ythadult_yge25,eco_isic3_m,1999,12.942
svn,sex_m,age_ythadult_yge25,eco_isic3_m,2000,11.31
svn,sex_m,age_ythadult_yge25,eco_isic3_m,2001,14.221
svn,sex_m,age_ythadult_yge25,eco_isic3_m,2002,13.469
svn,sex_m,age_ythadult_yge25,eco_isic3_m,2003,14.234
svn,sex_m,age_ythadult_yge25,eco_isic3_m,2004,15.362
svn,sex_m,age_ythadult_yge25,eco_isic3_m,2005,15.397
svn,sex_m,age_ythadult_yge25,eco_isic3_m,2006,16.131
svn,sex_m,age_ythadult_yge25,eco_isic3_m,2007,15.367
svn,sex_m,age_ythadult_yge25,eco_isic3_n,1996,7.327
svn,sex_m,age_ythadult_yge25,eco_isic3_n,1997,6.54
svn,sex_m,age_ythadult_yge25,eco_isic3_n,1998,7.539
svn,sex_m,age_ythadult_yge25,eco_isic3_n,1999,7.69
svn,sex_m,age_ythadult_yge25,eco_isic3_n,2000,8.738
svn,sex_m,age_ythadult_yge25,eco_isic3_n,2001,7.937
svn,sex_m,age_ythadult_yge25,eco_isic3_n,2002,10.056
svn,sex_m,age_ythadult_yge25,eco_isic3_n,2003,8.538
svn,sex_m,age_ythadult_yge25,eco_isic3_n,2004,6.838
svn,sex_m,age_ythadult_yge25,eco_isic3_n,2005,8.102
svn,sex_m,age_ythadult_yge25,eco_isic3_n,2006,9.379
svn,sex_m,age_ythadult_yge25,eco_isic3_n,2007,9.489
svn,sex_m,age_ythadult_yge25,eco_isic3_o,1996,10.415
svn,sex_m,age_ythadult_yge25,eco_isic3_o,1997,11.72
svn,sex_m,age_ythadult_yge25,eco_isic3_o,1998,12.473
svn,sex_m,age_ythadult_yge25,eco_isic3_o,1999,13.601
svn,sex_m,age_ythadult_yge25,eco_isic3_o,2000,13.007
svn,sex_m,age_ythadult_yge25,eco_isic3_o,2001,13.349
svn,sex_m,age_ythadult_yge25,eco_isic3_o,2002,12.628
svn,sex_m,age_ythadult_yge25,eco_isic3_o,2003,13.765
svn,sex_m,age_ythadult_yge25,eco_isic3_o,2004,17.373
svn,sex_m,age_ythadult_yge25,eco_isic3_o,2005,13.656
svn,sex_m,age_ythadult_yge25,eco_isic3_o,2006,15.757
svn,sex_m,age_ythadult_yge25,eco_isic3_o,2007,16.962
svn,sex_m,age_ythadult_yge25,eco_isic3_p,2005,0
svn,sex_m,age_ythadult_yge25,eco_isic3_total,1996,318.411
svn,sex_m,age_ythadult_yge25,eco_isic3_total,1997,322.511
svn,sex_m,age_ythadult_yge25,eco_isic3_total,1998,330.281
svn,sex_m,age_ythadult_yge25,eco_isic3_total,1999,334.359
svn,sex_m,age_ythadult_yge25,eco_isic3_total,2000,345.486
svn,sex_m,age_ythadult_yge25,eco_isic3_total,2001,355.24
svn,sex_m,age_ythadult_yge25,eco_isic3_total,2002,357.168
svn,sex_m,age_ythadult_yge25,eco_isic3_total,2003,363.008
svn,sex_m,age_ythadult_yge25,eco_isic3_total,2004,372.879
svn,sex_m,age_ythadult_yge25,eco_isic3_total,2005,381.076
svn,sex_m,age_ythadult_yge25,eco_isic3_total,2006,379.438
svn,sex_m,age_ythadult_yge25,eco_isic3_total,2007,391.111
svn,sex_m,age_ythadult_yge25,eco_isic3_x,1996,0.325
svn,sex_m,age_ythadult_yge25,eco_isic3_x,1997,1.184
svn,sex_m,age_ythadult_yge25,eco_isic3_x,1998,1.633
svn,sex_m,age_ythadult_yge25,eco_isic3_x,1999,1.898
svn,sex_m,age_ythadult_yge25,eco_isic3_x,2000,2.723
svn,sex_m,age_ythadult_yge25,eco_isic3_x,2001,4.414
svn,sex_m,age_ythadult_yge25,eco_isic3_x,2002,2.23
svn,sex_m,age_ythadult_yge25,eco_isic3_x,2003,2.106
svn,sex_m,age_ythadult_yge25,eco_isic3_x,2004,4.755
svn,sex_m,age_ythadult_yge25,eco_isic3_x,2005,1.828
svn,sex_m,age_ythadult_yge25,eco_isic3_x,2006,1.396
svn,sex_m,age_ythadult_yge25,eco_isic3_x,2007,3.134
svn,sex_m,age_ythadult_yge25,eco_isic4_a,2008,7.846
svn,sex_m,age_ythadult_yge25,eco_isic4_a,2009,6.351
svn,sex_m,age_ythadult_yge25,eco_isic4_a,2010,5.925
svn,sex_m,age_ythadult_yge25,eco_isic4_a,2011,6.215
svn,sex_m,age_ythadult_yge25,eco_isic4_a,2012,6.335
svn,sex_m,age_ythadult_yge25,eco_isic4_a,2013,5.334
svn,sex_m,age_ythadult_yge25,eco_isic4_a,2014,5.061
svn,sex_m,age_ythadult_yge25,eco_isic4_a,2015,5.744
svn,sex_m,age_ythadult_yge25,eco_isic4_a,2016,5.152
svn,sex_m,age_ythadult_yge25,eco_isic4_a,2017,5.546
svn,sex_m,age_ythadult_yge25,eco_isic4_a,2018,5.047
svn,sex_m,age_ythadult_yge25,eco_isic4_a,2019,3.793
svn,sex_m,age_ythadult_yge25,eco_isic4_a,2020,4.1
svn,sex_m,age_ythadult_yge25,eco_isic4_a,2021,2.824
svn,sex_m,age_ythadult_yge25,eco_isic4_a,2022,2.838
svn,sex_m,age_ythadult_yge25,eco_isic4_a,2023,3.644
svn,sex_m,age_ythadult_yge25,eco_isic4_b,2008,3.306
svn,sex_m,age_ythadult_yge25,eco_isic4_b,2009,3.113
svn,sex_m,age_ythadult_yge25,eco_isic4_b,2010,3.643
svn,sex_m,age_ythadult_yge25,eco_isic4_b,2011,4.36
svn,sex_m,age_ythadult_yge25,eco_isic4_b,2012,3.413
svn,sex_m,age_ythadult_yge25,eco_isic4_b,2013,3.506
svn,sex_m,age_ythadult_yge25,eco_isic4_b,2014,2.657
svn,sex_m,age_ythadult_yge25,eco_isic4_b,2015,2.744
svn,sex_m,age_ythadult_yge25,eco_isic4_b,2016,2.396
svn,sex_m,age_ythadult_yge25,eco_isic4_b,2017,1.979
svn,sex_m,age_ythadult_yge25,eco_isic4_b,2018,2.534
svn,sex_m,age_ythadult_yge25,eco_isic4_b,2019,3.187
svn,sex_m,age_ythadult_yge25,eco_isic4_b,2020,3.014
svn,sex_m,age_ythadult_yge25,eco_isic4_b,2021,1.791
svn,sex_m,age_ythadult_yge25,eco_isic4_b,2022,2.051
svn,sex_m,age_ythadult_yge25,eco_isic4_b,2023,2.381
svn,sex_m,age_ythadult_yge25,eco_isic4_c,2008,142.147
svn,sex_m,age_ythadult_yge25,eco_isic4_c,2009,128.865
svn,sex_m,age_ythadult_yge25,eco_isic4_c,2010,126.91
svn,sex_m,age_ythadult_yge25,eco_isic4_c,2011,123.357
svn,sex_m,age_ythadult_yge25,eco_isic4_c,2012,119.949
svn,sex_m,age_ythadult_yge25,eco_isic4_c,2013,118.862
svn,sex_m,age_ythadult_yge25,eco_isic4_c,2014,120.288
svn,sex_m,age_ythadult_yge25,eco_isic4_c,2015,125.163
svn,sex_m,age_ythadult_yge25,eco_isic4_c,2016,133.331
svn,sex_m,age_ythadult_yge25,eco_isic4_c,2017,140.558
svn,sex_m,age_ythadult_yge25,eco_isic4_c,2018,136.542
svn,sex_m,age_ythadult_yge25,eco_isic4_c,2019,146.799
svn,sex_m,age_ythadult_yge25,eco_isic4_c,2020,152.055
svn,sex_m,age_ythadult_yge25,eco_isic4_c,2021,128.741
svn,sex_m,age_ythadult_yge25,eco_isic4_c,2022,129.959
svn,sex_m,age_ythadult_yge25,eco_isic4_c,2023,129.863
svn,sex_m,age_ythadult_yge25,eco_isic4_d,2008,7.783
svn,sex_m,age_ythadult_yge25,eco_isic4_d,2009,6.606
svn,sex_m,age_ythadult_yge25,eco_isic4_d,2010,5.935
svn,sex_m,age_ythadult_yge25,eco_isic4_d,2011,6.739
svn,sex_m,age_ythadult_yge25,eco_isic4_d,2012,6.905
svn,sex_m,age_ythadult_yge25,eco_isic4_d,2013,6.705
svn,sex_m,age_ythadult_yge25,eco_isic4_d,2014,8.056
svn,sex_m,age_ythadult_yge25,eco_isic4_d,2015,7.963
svn,sex_m,age_ythadult_yge25,eco_isic4_d,2016,6.385
svn,sex_m,age_ythadult_yge25,eco_isic4_d,2017,6.69
svn,sex_m,age_ythadult_yge25,eco_isic4_d,2018,6.908
svn,sex_m,age_ythadult_yge25,eco_isic4_d,2019,7.529
svn,sex_m,age_ythadult_yge25,eco_isic4_d,2020,8.303
svn,sex_m,age_ythadult_yge25,eco_isic4_d,2021,7.913
svn,sex_m,age_ythadult_yge25,eco_isic4_d,2022,6.839
svn,sex_m,age_ythadult_yge25,eco_isic4_d,2023,5.983
svn,sex_m,age_ythadult_yge25,eco_isic4_e,2008,5.722
svn,sex_m,age_ythadult_yge25,eco_isic4_e,2009,6.854
svn,sex_m,age_ythadult_yge25,eco_isic4_e,2010,7.646
svn,sex_m,age_ythadult_yge25,eco_isic4_e,2011,7.864
svn,sex_m,age_ythadult_yge25,eco_isic4_e,2012,7.43
svn,sex_m,age_ythadult_yge25,eco_isic4_e,2013,7.031
svn,sex_m,age_ythadult_yge25,eco_isic4_e,2014,7.478
svn,sex_m,age_ythadult_yge25,eco_isic4_e,2015,7.288
svn,sex_m,age_ythadult_yge25,eco_isic4_e,2016,7.604
svn,sex_m,age_ythadult_yge25,eco_isic4_e,2017,7.564
svn,sex_m,age_ythadult_yge25,eco_isic4_e,2018,10.057
svn,sex_m,age_ythadult_yge25,eco_isic4_e,2019,8.458
svn,sex_m,age_ythadult_yge25,eco_isic4_e,2020,7.78
svn,sex_m,age_ythadult_yge25,eco_isic4_e,2021,7.766
svn,sex_m,age_ythadult_yge25,eco_isic4_e,2022,9.565
svn,sex_m,age_ythadult_yge25,eco_isic4_e,2023,11.344
svn,sex_m,age_ythadult_yge25,eco_isic4_f,2008,41.909
svn,sex_m,age_ythadult_yge25,eco_isic4_f,2009,37.531
svn,sex_m,age_ythadult_yge25,eco_isic4_f,2010,35.768
svn,sex_m,age_ythadult_yge25,eco_isic4_f,2011,33.492
svn,sex_m,age_ythadult_yge25,eco_isic4_f,2012,33.838
svn,sex_m,age_ythadult_yge25,eco_isic4_f,2013,33.662
svn,sex_m,age_ythadult_yge25,eco_isic4_f,2014,33.959
svn,sex_m,age_ythadult_yge25,eco_isic4_f,2015,33.702
svn,sex_m,age_ythadult_yge25,eco_isic4_f,2016,33.293
svn,sex_m,age_ythadult_yge25,eco_isic4_f,2017,35.965
svn,sex_m,age_ythadult_yge25,eco_isic4_f,2018,34.737
svn,sex_m,age_ythadult_yge25,eco_isic4_f,2019,35.563
svn,sex_m,age_ythadult_yge25,eco_isic4_f,2020,37.938
svn,sex_m,age_ythadult_yge25,eco_isic4_f,2021,30.996
svn,sex_m,age_ythadult_yge25,eco_isic4_f,2022,32.431
svn,sex_m,age_ythadult_yge25,eco_isic4_f,2023,39.902
svn,sex_m,age_ythadult_yge25,eco_isic4_g,2008,40.807
svn,sex_m,age_ythadult_yge25,eco_isic4_g,2009,40.196
svn,sex_m,age_ythadult_yge25,eco_isic4_g,2010,37.264
svn,sex_m,age_ythadult_yge25,eco_isic4_g,2011,35.865
svn,sex_m,age_ythadult_yge25,eco_isic4_g,2012,41.331
svn,sex_m,age_ythadult_yge25,eco_isic4_g,2013,42.925
svn,sex_m,age_ythadult_yge25,eco_isic4_g,2014,39.297
svn,sex_m,age_ythadult_yge25,eco_isic4_g,2015,38.329
svn,sex_m,age_ythadult_yge25,eco_isic4_g,2016,37.839
svn,sex_m,age_ythadult_yge25,eco_isic4_g,2017,38.487
svn,sex_m,age_ythadult_yge25,eco_isic4_g,2018,38.77
svn,sex_m,age_ythadult_yge25,eco_isic4_g,2019,41.858
svn,sex_m,age_ythadult_yge25,eco_isic4_g,2020,41.929
svn,sex_m,age_ythadult_yge25,eco_isic4_g,2021,43.754
svn,sex_m,age_ythadult_yge25,eco_isic4_g,2022,43.498
svn,sex_m,age_ythadult_yge25,eco_isic4_g,2023,47.475
svn,sex_m,age_ythadult_yge25,eco_isic4_h,2008,36.026
svn,sex_m,age_ythadult_yge25,eco_isic4_h,2009,36.212
svn,sex_m,age_ythadult_yge25,eco_isic4_h,2010,33.526
svn,sex_m,age_ythadult_yge25,eco_isic4_h,2011,33.886
svn,sex_m,age_ythadult_yge25,eco_isic4_h,2012,34.924
svn,sex_m,age_ythadult_yge25,eco_isic4_h,2013,32.65
svn,sex_m,age_ythadult_yge25,eco_isic4_h,2014,28.515
svn,sex_m,age_ythadult_yge25,eco_isic4_h,2015,31.474
svn,sex_m,age_ythadult_yge25,eco_isic4_h,2016,32.429
svn,sex_m,age_ythadult_yge25,eco_isic4_h,2017,31.794
svn,sex_m,age_ythadult_yge25,eco_isic4_h,2018,34.279
svn,sex_m,age_ythadult_yge25,eco_isic4_h,2019,35.149
svn,sex_m,age_ythadult_yge25,eco_isic4_h,2020,36.971
svn,sex_m,age_ythadult_yge25,eco_isic4_h,2021,30.553
svn,sex_m,age_ythadult_yge25,eco_isic4_h,2022,31.24
svn,sex_m,age_ythadult_yge25,eco_isic4_h,2023,29.933
svn,sex_m,age_ythadult_yge25,eco_isic4_i,2008,9.976
svn,sex_m,age_ythadult_yge25,eco_isic4_i,2009,9.144
svn,sex_m,age_ythadult_yge25,eco_isic4_i,2010,12.256
svn,sex_m,age_ythadult_yge25,eco_isic4_i,2011,9.794
svn,sex_m,age_ythadult_yge25,eco_isic4_i,2012,8.475
svn,sex_m,age_ythadult_yge25,eco_isic4_i,2013,7.794
svn,sex_m,age_ythadult_yge25,eco_isic4_i,2014,10.322
svn,sex_m,age_ythadult_yge25,eco_isic4_i,2015,13.127
svn,sex_m,age_ythadult_yge25,eco_isic4_i,2016,9.066
svn,sex_m,age_ythadult_yge25,eco_isic4_i,2017,9.37
svn,sex_m,age_ythadult_yge25,eco_isic4_i,2018,11.661
svn,sex_m,age_ythadult_yge25,eco_isic4_i,2019,10.475
svn,sex_m,age_ythadult_yge25,eco_isic4_i,2020,7.927
svn,sex_m,age_ythadult_yge25,eco_isic4_i,2021,8.329
svn,sex_m,age_ythadult_yge25,eco_isic4_i,2022,9.955
svn,sex_m,age_ythadult_yge25,eco_isic4_i,2023,11.198
svn,sex_m,age_ythadult_yge25,eco_isic4_j,2008,14.968
svn,sex_m,age_ythadult_yge25,eco_isic4_j,2009,15.755
svn,sex_m,age_ythadult_yge25,eco_isic4_j,2010,15.241
svn,sex_m,age_ythadult_yge25,eco_isic4_j,2011,16.06
svn,sex_m,age_ythadult_yge25,eco_isic4_j,2012,15.33
svn,sex_m,age_ythadult_yge25,eco_isic4_j,2013,16.093
svn,sex_m,age_ythadult_yge25,eco_isic4_j,2014,15.225
svn,sex_m,age_ythadult_yge25,eco_isic4_j,2015,16.18
svn,sex_m,age_ythadult_yge25,eco_isic4_j,2016,15.623
svn,sex_m,age_ythadult_yge25,eco_isic4_j,2017,18.151
svn,sex_m,age_ythadult_yge25,eco_isic4_j,2018,17.111
svn,sex_m,age_ythadult_yge25,eco_isic4_j,2019,15.978
svn,sex_m,age_ythadult_yge25,eco_isic4_j,2020,21.346
svn,sex_m,age_ythadult_yge25,eco_isic4_j,2021,18.777
svn,sex_m,age_ythadult_yge25,eco_isic4_j,2022,17.787
svn,sex_m,age_ythadult_yge25,eco_isic4_j,2023,15.108
svn,sex_m,age_ythadult_yge25,eco_isic4_k,2008,6.853
svn,sex_m,age_ythadult_yge25,eco_isic4_k,2009,8.245
svn,sex_m,age_ythadult_yge25,eco_isic4_k,2010,7.888
svn,sex_m,age_ythadult_yge25,eco_isic4_k,2011,10.373
svn,sex_m,age_ythadult_yge25,eco_isic4_k,2012,9.865
svn,sex_m,age_ythadult_yge25,eco_isic4_k,2013,8.705
svn,sex_m,age_ythadult_yge25,eco_isic4_k,2014,8.11
svn,sex_m,age_ythadult_yge25,eco_isic4_k,2015,6.808
svn,sex_m,age_ythadult_yge25,eco_isic4_k,2016,7.867
svn,sex_m,age_ythadult_yge25,eco_isic4_k,2017,7.595
svn,sex_m,age_ythadult_yge25,eco_isic4_k,2018,9.594
svn,sex_m,age_ythadult_yge25,eco_isic4_k,2019,8.701
svn,sex_m,age_ythadult_yge25,eco_isic4_k,2020,9.187
svn,sex_m,age_ythadult_yge25,eco_isic4_k,2021,9.354
svn,sex_m,age_ythadult_yge25,eco_isic4_k,2022,9.277
svn,sex_m,age_ythadult_yge25,eco_isic4_k,2023,7.138
svn,sex_m,age_ythadult_yge25,eco_isic4_l,2008,0.684
svn,sex_m,age_ythadult_yge25,eco_isic4_l,2009,0.765
svn,sex_m,age_ythadult_yge25,eco_isic4_l,2010,0.682
svn,sex_m,age_ythadult_yge25,eco_isic4_l,2011,1.475
svn,sex_m,age_ythadult_yge25,eco_isic4_l,2012,1.261
svn,sex_m,age_ythadult_yge25,eco_isic4_l,2013,1.596
svn,sex_m,age_ythadult_yge25,eco_isic4_l,2014,1.274
svn,sex_m,age_ythadult_yge25,eco_isic4_l,2015,0.928
svn,sex_m,age_ythadult_yge25,eco_isic4_l,2016,0.963
svn,sex_m,age_ythadult_yge25,eco_isic4_l,2017,1.392
svn,sex_m,age_ythadult_yge25,eco_isic4_l,2018,1.12
svn,sex_m,age_ythadult_yge25,eco_isic4_l,2019,0.862
svn,sex_m,age_ythadult_yge25,eco_isic4_l,2020,0.882
svn,sex_m,age_ythadult_yge25,eco_isic4_l,2021,2.117
svn,sex_m,age_ythadult_yge25,eco_isic4_l,2022,2.529
svn,sex_m,age_ythadult_yge25,eco_isic4_l,2023,1.901
svn,sex_m,age_ythadult_yge25,eco_isic4_m,2008,12.474
svn,sex_m,age_ythadult_yge25,eco_isic4_m,2009,13.734
svn,sex_m,age_ythadult_yge25,eco_isic4_m,2010,13.741
svn,sex_m,age_ythadult_yge25,eco_isic4_m,2011,11.933
svn,sex_m,age_ythadult_yge25,eco_isic4_m,2012,15.108
svn,sex_m,age_ythadult_yge25,eco_isic4_m,2013,14.092
svn,sex_m,age_ythadult_yge25,eco_isic4_m,2014,13.498
svn,sex_m,age_ythadult_yge25,eco_isic4_m,2015,12.08
svn,sex_m,age_ythadult_yge25,eco_isic4_m,2016,10.145
svn,sex_m,age_ythadult_yge25,eco_isic4_m,2017,12.491
svn,sex_m,age_ythadult_yge25,eco_isic4_m,2018,15.302
svn,sex_m,age_ythadult_yge25,eco_isic4_m,2019,14.866
svn,sex_m,age_ythadult_yge25,eco_isic4_m,2020,16.876
svn,sex_m,age_ythadult_yge25,eco_isic4_m,2021,24.034
svn,sex_m,age_ythadult_yge25,eco_isic4_m,2022,22.456
svn,sex_m,age_ythadult_yge25,eco_isic4_m,2023,22.609
svn,sex_m,age_ythadult_yge25,eco_isic4_n,2008,8.168
svn,sex_m,age_ythadult_yge25,eco_isic4_n,2009,8.969
svn,sex_m,age_ythadult_yge25,eco_isic4_n,2010,8.49
svn,sex_m,age_ythadult_yge25,eco_isic4_n,2011,8.066
svn,sex_m,age_ythadult_yge25,eco_isic4_n,2012,9.336
svn,sex_m,age_ythadult_yge25,eco_isic4_n,2013,7.955
svn,sex_m,age_ythadult_yge25,eco_isic4_n,2014,8.073
svn,sex_m,age_ythadult_yge25,eco_isic4_n,2015,6.803
svn,sex_m,age_ythadult_yge25,eco_isic4_n,2016,9.348
svn,sex_m,age_ythadult_yge25,eco_isic4_n,2017,8.938
svn,sex_m,age_ythadult_yge25,eco_isic4_n,2018,9.277
svn,sex_m,age_ythadult_yge25,eco_isic4_n,2019,10.036
svn,sex_m,age_ythadult_yge25,eco_isic4_n,2020,7.953
svn,sex_m,age_ythadult_yge25,eco_isic4_n,2021,11.441
svn,sex_m,age_ythadult_yge25,eco_isic4_n,2022,13.116
svn,sex_m,age_ythadult_yge25,eco_isic4_n,2023,14.432
svn,sex_m,age_ythadult_yge25,eco_isic4_o,2008,26.863
svn,sex_m,age_ythadult_yge25,eco_isic4_o,2009,26.769
svn,sex_m,age_ythadult_yge25,eco_isic4_o,2010,28.67
svn,sex_m,age_ythadult_yge25,eco_isic4_o,2011,28.466
svn,sex_m,age_ythadult_yge25,eco_isic4_o,2012,27.602
svn,sex_m,age_ythadult_yge25,eco_isic4_o,2013,26.219
svn,sex_m,age_ythadult_yge25,eco_isic4_o,2014,27.844
svn,sex_m,age_ythadult_yge25,eco_isic4_o,2015,28.374
svn,sex_m,age_ythadult_yge25,eco_isic4_o,2016,24.423
svn,sex_m,age_ythadult_yge25,eco_isic4_o,2017,25.256
svn,sex_m,age_ythadult_yge25,eco_isic4_o,2018,25.642
svn,sex_m,age_ythadult_yge25,eco_isic4_o,2019,25.58
svn,sex_m,age_ythadult_yge25,eco_isic4_o,2020,25.474
svn,sex_m,age_ythadult_yge25,eco_isic4_o,2021,28.484
svn,sex_m,age_ythadult_yge25,eco_isic4_o,2022,26.923
svn,sex_m,age_ythadult_yge25,eco_isic4_o,2023,22.868
svn,sex_m,age_ythadult_yge25,eco_isic4_p,2008,14.857
svn,sex_m,age_ythadult_yge25,eco_isic4_p,2009,14.398
svn,sex_m,age_ythadult_yge25,eco_isic4_p,2010,16.11
svn,sex_m,age_ythadult_yge25,eco_isic4_p,2011,15.439
svn,sex_m,age_ythadult_yge25,eco_isic4_p,2012,15.176
svn,sex_m,age_ythadult_yge25,eco_isic4_p,2013,15.931
svn,sex_m,age_ythadult_yge25,eco_isic4_p,2014,17.306
svn,sex_m,age_ythadult_yge25,eco_isic4_p,2015,16.977
svn,sex_m,age_ythadult_yge25,eco_isic4_p,2016,17.14
svn,sex_m,age_ythadult_yge25,eco_isic4_p,2017,16.09
svn,sex_m,age_ythadult_yge25,eco_isic4_p,2018,16.605
svn,sex_m,age_ythadult_yge25,eco_isic4_p,2019,15.765
svn,sex_m,age_ythadult_yge25,eco_isic4_p,2020,16.784
svn,sex_m,age_ythadult_yge25,eco_isic4_p,2021,18.473
svn,sex_m,age_ythadult_yge25,eco_isic4_p,2022,20.529
svn,sex_m,age_ythadult_yge25,eco_isic4_p,2023,14.646
svn,sex_m,age_ythadult_yge25,eco_isic4_q,2008,9.575
svn,sex_m,age_ythadult_yge25,eco_isic4_q,2009,10.29
svn,sex_m,age_ythadult_yge25,eco_isic4_q,2010,9.556
svn,sex_m,age_ythadult_yge25,eco_isic4_q,2011,8.613
svn,sex_m,age_ythadult_yge25,eco_isic4_q,2012,8.408
svn,sex_m,age_ythadult_yge25,eco_isic4_q,2013,8.973
svn,sex_m,age_ythadult_yge25,eco_isic4_q,2014,10.974
svn,sex_m,age_ythadult_yge25,eco_isic4_q,2015,10.841
svn,sex_m,age_ythadult_yge25,eco_isic4_q,2016,13.253
svn,sex_m,age_ythadult_yge25,eco_isic4_q,2017,13.835
svn,sex_m,age_ythadult_yge25,eco_isic4_q,2018,11.427
svn,sex_m,age_ythadult_yge25,eco_isic4_q,2019,11.825
svn,sex_m,age_ythadult_yge25,eco_isic4_q,2020,13.388
svn,sex_m,age_ythadult_yge25,eco_isic4_q,2021,15.567
svn,sex_m,age_ythadult_yge25,eco_isic4_q,2022,14.947
svn,sex_m,age_ythadult_yge25,eco_isic4_q,2023,15.622
svn,sex_m,age_ythadult_yge25,eco_isic4_r,2008,7.059
svn,sex_m,age_ythadult_yge25,eco_isic4_r,2009,5.553
svn,sex_m,age_ythadult_yge25,eco_isic4_r,2010,5.731
svn,sex_m,age_ythadult_yge25,eco_isic4_r,2011,5.087
svn,sex_m,age_ythadult_yge25,eco_isic4_r,2012,5.672
svn,sex_m,age_ythadult_yge25,eco_isic4_r,2013,7.246
svn,sex_m,age_ythadult_yge25,eco_isic4_r,2014,6.857
svn,sex_m,age_ythadult_yge25,eco_isic4_r,2015,5.576
svn,sex_m,age_ythadult_yge25,eco_isic4_r,2016,5.629
svn,sex_m,age_ythadult_yge25,eco_isic4_r,2017,5.507
svn,sex_m,age_ythadult_yge25,eco_isic4_r,2018,6.964
svn,sex_m,age_ythadult_yge25,eco_isic4_r,2019,7.377
svn,sex_m,age_ythadult_yge25,eco_isic4_r,2020,6.582
svn,sex_m,age_ythadult_yge25,eco_isic4_r,2021,6.347
svn,sex_m,age_ythadult_yge25,eco_isic4_r,2022,6.374
svn,sex_m,age_ythadult_yge25,eco_isic4_r,2023,5.509
svn,sex_m,age_ythadult_yge25,eco_isic4_s,2008,3.22
svn,sex_m,age_ythadult_yge25,eco_isic4_s,2009,4.196
svn,sex_m,age_ythadult_yge25,eco_isic4_s,2010,2.536
svn,sex_m,age_ythadult_yge25,eco_isic4_s,2011,1.384
svn,sex_m,age_ythadult_yge25,eco_isic4_s,2012,1.765
svn,sex_m,age_ythadult_yge25,eco_isic4_s,2013,2.342
svn,sex_m,age_ythadult_yge25,eco_isic4_s,2014,3.35
svn,sex_m,age_ythadult_yge25,eco_isic4_s,2015,2.701
svn,sex_m,age_ythadult_yge25,eco_isic4_s,2016,2.76
svn,sex_m,age_ythadult_yge25,eco_isic4_s,2017,3.166
svn,sex_m,age_ythadult_yge25,eco_isic4_s,2018,3.11
svn,sex_m,age_ythadult_yge25,eco_isic4_s,2019,1.894
svn,sex_m,age_ythadult_yge25,eco_isic4_s,2020,2.93
svn,sex_m,age_ythadult_yge25,eco_isic4_s,2021,4.698
svn,sex_m,age_ythadult_yge25,eco_isic4_s,2022,4.448
svn,sex_m,age_ythadult_yge25,eco_isic4_s,2023,2.922
svn,sex_m,age_ythadult_yge25,eco_isic4_t,2011,0
svn,sex_m,age_ythadult_yge25,eco_isic4_t,2021,0.149
svn,sex_m,age_ythadult_yge25,eco_isic4_t,2022,0.234
svn,sex_m,age_ythadult_yge25,eco_isic4_t,2023,0.256
svn,sex_m,age_ythadult_yge25,eco_isic4_total,2008,401.998
svn,sex_m,age_ythadult_yge25,eco_isic4_total,2009,385.767
svn,sex_m,age_ythadult_yge25,eco_isic4_total,2010,379.129
svn,sex_m,age_ythadult_yge25,eco_isic4_total,2011,369.941
svn,sex_m,age_ythadult_yge25,eco_isic4_total,2012,373.858
svn,sex_m,age_ythadult_yge25,eco_isic4_total,2013,369.938
svn,sex_m,age_ythadult_yge25,eco_isic4_total,2014,370.236
svn,sex_m,age_ythadult_yge25,eco_isic4_total,2015,377.654
svn,sex_m,age_ythadult_yge25,eco_isic4_total,2016,377.992
svn,sex_m,age_ythadult_yge25,eco_isic4_total,2017,392.237
svn,sex_m,age_ythadult_yge25,eco_isic4_total,2018,398.818
svn,sex_m,age_ythadult_yge25,eco_isic4_total,2019,407.826
svn,sex_m,age_ythadult_yge25,eco_isic4_total,2020,423.262
svn,sex_m,age_ythadult_yge25,eco_isic4_total,2021,404.426
svn,sex_m,age_ythadult_yge25,eco_isic4_total,2022,408.919
svn,sex_m,age_ythadult_yge25,eco_isic4_total,2023,406.713
svn,sex_m,age_ythadult_yge25,eco_isic4_x,2008,1.574
svn,sex_m,age_ythadult_yge25,eco_isic4_x,2009,2.223
svn,sex_m,age_ythadult_yge25,eco_isic4_x,2010,1.61
svn,sex_m,age_ythadult_yge25,eco_isic4_x,2011,1.473
svn,sex_m,age_ythadult_yge25,eco_isic4_x,2012,1.733
svn,sex_m,age_ythadult_yge25,eco_isic4_x,2013,2.236
svn,sex_m,age_ythadult_yge25,eco_isic4_x,2014,2.091
svn,sex_m,age_ythadult_yge25,eco_isic4_x,2015,4.852
svn,sex_m,age_ythadult_yge25,eco_isic4_x,2016,3.343
svn,sex_m,age_ythadult_yge25,eco_isic4_x,2017,1.862
svn,sex_m,age_ythadult_yge25,eco_isic4_x,2018,2.132
svn,sex_m,age_ythadult_yge25,eco_isic4_x,2019,2.112
svn,sex_m,age_ythadult_yge25,eco_isic4_x,2020,1.842
svn,sex_m,age_ythadult_yge25,eco_isic4_x,2021,2.216
svn,sex_m,age_ythadult_yge25,eco_isic4_x,2022,1.923
svn,sex_m,age_ythadult_yge25,eco_isic4_x,2023,1.703
svn,sex_m,age_ythadult_yge25,eco_sector_agr,1996,7.168
svn,sex_m,age_ythadult_yge25,eco_sector_agr,1997,7.108
svn,sex_m,age_ythadult_yge25,eco_sector_agr,1998,4.558
svn,sex_m,age_ythadult_yge25,eco_sector_agr,1999,5.482
svn,sex_m,age_ythadult_yge25,eco_sector_agr,2000,5.809
svn,sex_m,age_ythadult_yge25,eco_sector_agr,2001,6.121
svn,sex_m,age_ythadult_yge25,eco_sector_agr,2002,7.343
svn,sex_m,age_ythadult_yge25,eco_sector_agr,2003,6.149
svn,sex_m,age_ythadult_yge25,eco_sector_agr,2004,7.509
svn,sex_m,age_ythadult_yge25,eco_sector_agr,2005,6.539
svn,sex_m,age_ythadult_yge25,eco_sector_agr,2006,7.196
svn,sex_m,age_ythadult_yge25,eco_sector_agr,2007,7.572
svn,sex_m,age_ythadult_yge25,eco_sector_agr,2008,7.846
svn,sex_m,age_ythadult_yge25,eco_sector_agr,2009,6.351
svn,sex_m,age_ythadult_yge25,eco_sector_agr,2010,5.925
svn,sex_m,age_ythadult_yge25,eco_sector_agr,2011,6.215
svn,sex_m,age_ythadult_yge25,eco_sector_agr,2012,6.335
svn,sex_m,age_ythadult_yge25,eco_sector_agr,2013,5.334
svn,sex_m,age_ythadult_yge25,eco_sector_agr,2014,5.061
svn,sex_m,age_ythadult_yge25,eco_sector_agr,2015,5.744
svn,sex_m,age_ythadult_yge25,eco_sector_agr,2016,5.152
svn,sex_m,age_ythadult_yge25,eco_sector_agr,2017,5.546
svn,sex_m,age_ythadult_yge25,eco_sector_agr,2018,5.047
svn,sex_m,age_ythadult_yge25,eco_sector_agr,2019,3.793
svn,sex_m,age_ythadult_yge25,eco_sector_agr,2020,4.1
svn,sex_m,age_ythadult_yge25,eco_sector_agr,2021,2.824
svn,sex_m,age_ythadult_yge25,eco_sector_agr,2022,2.838
svn,sex_m,age_ythadult_yge25,eco_sector_agr,2023,3.644
svn,sex_m,age_ythadult_yge25,eco_sector_ind,1996,181.592
svn,sex_m,age_ythadult_yge25,eco_sector_ind,1997,183.878
svn,sex_m,age_ythadult_yge25,eco_sector_ind,1998,182.376
svn,sex_m,age_ythadult_yge25,eco_sector_ind,1999,176.504
svn,sex_m,age_ythadult_yge25,eco_sector_ind,2000,174.304
svn,sex_m,age_ythadult_yge25,eco_sector_ind,2001,183.432
svn,sex_m,age_ythadult_yge25,eco_sector_ind,2002,186.008
svn,sex_m,age_ythadult_yge25,eco_sector_ind,2003,185.271
svn,sex_m,age_ythadult_yge25,eco_sector_ind,2004,188.005
svn,sex_m,age_ythadult_yge25,eco_sector_ind,2005,195.338
svn,sex_m,age_ythadult_yge25,eco_sector_ind,2006,188.188
svn,sex_m,age_ythadult_yge25,eco_sector_ind,2007,193.805
svn,sex_m,age_ythadult_yge25,eco_sector_ind,2008,200.866
svn,sex_m,age_ythadult_yge25,eco_sector_ind,2009,182.968
svn,sex_m,age_ythadult_yge25,eco_sector_ind,2010,179.903
svn,sex_m,age_ythadult_yge25,eco_sector_ind,2011,175.812
svn,sex_m,age_ythadult_yge25,eco_sector_ind,2012,171.535
svn,sex_m,age_ythadult_yge25,eco_sector_ind,2013,169.766
svn,sex_m,age_ythadult_yge25,eco_sector_ind,2014,172.438
svn,sex_m,age_ythadult_yge25,eco_sector_ind,2015,176.861
svn,sex_m,age_ythadult_yge25,eco_sector_ind,2016,183.01
svn,sex_m,age_ythadult_yge25,eco_sector_ind,2017,192.756
svn,sex_m,age_ythadult_yge25,eco_sector_ind,2018,190.779
svn,sex_m,age_ythadult_yge25,eco_sector_ind,2019,201.536
svn,sex_m,age_ythadult_yge25,eco_sector_ind,2020,209.09
svn,sex_m,age_ythadult_yge25,eco_sector_ind,2021,177.207
svn,sex_m,age_ythadult_yge25,eco_sector_ind,2022,180.846
svn,sex_m,age_ythadult_yge25,eco_sector_ind,2023,189.473
svn,sex_m,age_ythadult_yge25,eco_sector_nag,1996,311.242
svn,sex_m,age_ythadult_yge25,eco_sector_nag,1997,315.403
svn,sex_m,age_ythadult_yge25,eco_sector_nag,1998,325.722
svn,sex_m,age_ythadult_yge25,eco_sector_nag,1999,328.877
svn,sex_m,age_ythadult_yge25,eco_sector_nag,2000,339.677
svn,sex_m,age_ythadult_yge25,eco_sector_nag,2001,349.119
svn,sex_m,age_ythadult_yge25,eco_sector_nag,2002,349.825
svn,sex_m,age_ythadult_yge25,eco_sector_nag,2003,356.859
svn,sex_m,age_ythadult_yge25,eco_sector_nag,2004,365.37
svn,sex_m,age_ythadult_yge25,eco_sector_nag,2005,374.537
svn,sex_m,age_ythadult_yge25,eco_sector_nag,2006,372.241
svn,sex_m,age_ythadult_yge25,eco_sector_nag,2007,383.538
svn,sex_m,age_ythadult_yge25,eco_sector_nag,2008,394.153
svn,sex_m,age_ythadult_yge25,eco_sector_nag,2009,379.416
svn,sex_m,age_ythadult_yge25,eco_sector_nag,2010,373.204
svn,sex_m,age_ythadult_yge25,eco_sector_nag,2011,363.727
svn,sex_m,age_ythadult_yge25,eco_sector_nag,2012,367.523
svn,sex_m,age_ythadult_yge25,eco_sector_nag,2013,364.604
svn,sex_m,age_ythadult_yge25,eco_sector_nag,2014,365.175
svn,sex_m,age_ythadult_yge25,eco_sector_nag,2015,371.91
svn,sex_m,age_ythadult_yge25,eco_sector_nag,2016,372.839
svn,sex_m,age_ythadult_yge25,eco_sector_nag,2017,386.691
svn,sex_m,age_ythadult_yge25,eco_sector_nag,2018,393.772
svn,sex_m,age_ythadult_yge25,eco_sector_nag,2019,404.034
svn,sex_m,age_ythadult_yge25,eco_sector_nag,2020,419.162
svn,sex_m,age_ythadult_yge25,eco_sector_nag,2021,401.601
svn,sex_m,age_ythadult_yge25,eco_sector_nag,2022,406.081
svn,sex_m,age_ythadult_yge25,eco_sector_nag,2023,403.068
svn,sex_m,age_ythadult_yge25,eco_sector_ser,1996,129.325
svn,sex_m,age_ythadult_yge25,eco_sector_ser,1997,130.341
svn,sex_m,age_ythadult_yge25,eco_sector_ser,1998,141.714
svn,sex_m,age_ythadult_yge25,eco_sector_ser,1999,150.475
svn,sex_m,age_ythadult_yge25,eco_sector_ser,2000,162.65
svn,sex_m,age_ythadult_yge25,eco_sector_ser,2001,161.272
svn,sex_m,age_ythadult_yge25,eco_sector_ser,2002,161.587
svn,sex_m,age_ythadult_yge25,eco_sector_ser,2003,169.482
svn,sex_m,age_ythadult_yge25,eco_sector_ser,2004,172.61
svn,sex_m,age_ythadult_yge25,eco_sector_ser,2005,177.37
svn,sex_m,age_ythadult_yge25,eco_sector_ser,2006,182.657
svn,sex_m,age_ythadult_yge25,eco_sector_ser,2007,186.599
svn,sex_m,age_ythadult_yge25,eco_sector_ser,2008,191.713
svn,sex_m,age_ythadult_yge25,eco_sector_ser,2009,194.225
svn,sex_m,age_ythadult_yge25,eco_sector_ser,2010,191.691
svn,sex_m,age_ythadult_yge25,eco_sector_ser,2011,186.442
svn,sex_m,age_ythadult_yge25,eco_sector_ser,2012,194.254
svn,sex_m,age_ythadult_yge25,eco_sector_ser,2013,192.603
svn,sex_m,age_ythadult_yge25,eco_sector_ser,2014,190.646
svn,sex_m,age_ythadult_yge25,eco_sector_ser,2015,190.198
svn,sex_m,age_ythadult_yge25,eco_sector_ser,2016,186.487
svn,sex_m,age_ythadult_yge25,eco_sector_ser,2017,192.073
svn,sex_m,age_ythadult_yge25,eco_sector_ser,2018,200.861
svn,sex_m,age_ythadult_yge25,eco_sector_ser,2019,200.385
svn,sex_m,age_ythadult_yge25,eco_sector_ser,2020,208.23
svn,sex_m,age_ythadult_yge25,eco_sector_ser,2021,222.178
svn,sex_m,age_ythadult_yge25,eco_sector_ser,2022,223.313
svn,sex_m,age_ythadult_yge25,eco_sector_ser,2023,211.893
svn,sex_m,age_ythadult_yge25,eco_sector_total,1996,318.411
svn,sex_m,age_ythadult_yge25,eco_sector_total,1997,322.511
svn,sex_m,age_ythadult_yge25,eco_sector_total,1998,330.281
svn,sex_m,age_ythadult_yge25,eco_sector_total,1999,334.359
svn,sex_m,age_ythadult_yge25,eco_sector_total,2000,345.486
svn,sex_m,age_ythadult_yge25,eco_sector_total,2001,355.24
svn,sex_m,age_ythadult_yge25,eco_sector_total,2002,357.168
svn,sex_m,age_ythadult_yge25,eco_sector_total,2003,363.008
svn,sex_m,age_ythadult_yge25,eco_sector_total,2004,372.879
svn,sex_m,age_ythadult_yge25,eco_sector_total,2005,381.076
svn,sex_m,age_ythadult_yge25,eco_sector_total,2006,379.438
svn,sex_m,age_ythadult_yge25,eco_sector_total,2007,391.111
svn,sex_m,age_ythadult_yge25,eco_sector_total,2008,401.998
svn,sex_m,age_ythadult_yge25,eco_sector_total,2009,385.767
svn,sex_m,age_ythadult_yge25,eco_sector_total,2010,379.129
svn,sex_m,age_ythadult_yge25,eco_sector_total,2011,369.941
svn,sex_m,age_ythadult_yge25,eco_sector_total,2012,373.858
svn,sex_m,age_ythadult_yge25,eco_sector_total,2013,369.938
svn,sex_m,age_ythadult_yge25,eco_sector_total,2014,370.236
svn,sex_m,age_ythadult_yge25,eco_sector_total,2015,377.654
svn,sex_m,age_ythadult_yge25,eco_sector_total,2016,377.992
svn,sex_m,age_ythadult_yge25,eco_sector_total,2017,392.237
svn,sex_m,age_ythadult_yge25,eco_sector_total,2018,398.818
svn,sex_m,age_ythadult_yge25,eco_sector_total,2019,407.826
svn,sex_m,age_ythadult_yge25,eco_sector_total,2020,423.262
svn,sex_m,age_ythadult_yge25,eco_sector_total,2021,404.426
svn,sex_m,age_ythadult_yge25,eco_sector_total,2022,408.919
svn,sex_m,age_ythadult_yge25,eco_sector_total,2023,406.713
svn,sex_m,age_ythadult_yge25,eco_sector_x,1996,0.325
svn,sex_m,age_ythadult_yge25,eco_sector_x,1997,1.184
svn,sex_m,age_ythadult_yge25,eco_sector_x,1998,1.633
svn,sex_m,age_ythadult_yge25,eco_sector_x,1999,1.898
svn,sex_m,age_ythadult_yge25,eco_sector_x,2000,2.723
svn,sex_m,age_ythadult_yge25,eco_sector_x,2001,4.414
svn,sex_m,age_ythadult_yge25,eco_sector_x,2002,2.23
svn,sex_m,age_ythadult_yge25,eco_sector_x,2003,2.106
svn,sex_m,age_ythadult_yge25,eco_sector_x,2004,4.755
svn,sex_m,age_ythadult_yge25,eco_sector_x,2005,1.828
svn,sex_m,age_ythadult_yge25,eco_sector_x,2006,1.396
svn,sex_m,age_ythadult_yge25,eco_sector_x,2007,3.134
svn,sex_m,age_ythadult_yge25,eco_sector_x,2008,1.574
svn,sex_m,age_ythadult_yge25,eco_sector_x,2009,2.223
svn,sex_m,age_ythadult_yge25,eco_sector_x,2010,1.61
svn,sex_m,age_ythadult_yge25,eco_sector_x,2011,1.473
svn,sex_m,age_ythadult_yge25,eco_sector_x,2012,1.733
svn,sex_m,age_ythadult_yge25,eco_sector_x,2013,2.236
svn,sex_m,age_ythadult_yge25,eco_sector_x,2014,2.091
svn,sex_m,age_ythadult_yge25,eco_sector_x,2015,4.852
svn,sex_m,age_ythadult_yge25,eco_sector_x,2016,3.343
svn,sex_m,age_ythadult_yge25,eco_sector_x,2017,1.862
svn,sex_m,age_ythadult_yge25,eco_sector_x,2018,2.132
svn,sex_m,age_ythadult_yge25,eco_sector_x,2019,2.112
svn,sex_m,age_ythadult_yge25,eco_sector_x,2020,1.842
svn,sex_m,age_ythadult_yge25,eco_sector_x,2021,2.216
svn,sex_m,age_ythadult_yge25,eco_sector_x,2022,1.923
svn,sex_m,age_ythadult_yge25,eco_sector_x,2023,1.703
svn,sex_t,age_10yrbands_total,eco_aggregate_agr,1996,13.802
svn,sex_t,age_10yrbands_total,eco_aggregate_agr,1997,12.999
svn,sex_t,age_10yrbands_total,eco_aggregate_agr,1998,10.129
svn,sex_t,age_10yrbands_total,eco_aggregate_agr,1999,8.61
svn,sex_t,age_10yrbands_total,eco_aggregate_agr,2000,9.722
svn,sex_t,age_10yrbands_total,eco_aggregate_agr,2001,8.797
svn,sex_t,age_10yrbands_total,eco_aggregate_agr,2002,11.536
svn,sex_t,age_10yrbands_total,eco_aggregate_agr,2003,10.506
svn,sex_t,age_10yrbands_total,eco_aggregate_agr,2004,13.859
svn,sex_t,age_10yrbands_total,eco_aggregate_agr,2005,10.525
svn,sex_t,age_10yrbands_total,eco_aggregate_agr,2006,11.253
svn,sex_t,age_10yrbands_total,eco_aggregate_agr,2007,13.781
svn,sex_t,age_10yrbands_total,eco_aggregate_agr,2008,12.867
svn,sex_t,age_10yrbands_total,eco_aggregate_agr,2009,10.448
svn,sex_t,age_10yrbands_total,eco_aggregate_agr,2010,9.407
svn,sex_t,age_10yrbands_total,eco_aggregate_agr,2011,9.822
svn,sex_t,age_10yrbands_total,eco_aggregate_agr,2012,9.988
svn,sex_t,age_10yrbands_total,eco_aggregate_agr,2013,8.743
svn,sex_t,age_10yrbands_total,eco_aggregate_agr,2014,8.737
svn,sex_t,age_10yrbands_total,eco_aggregate_agr,2015,8.699
svn,sex_t,age_10yrbands_total,eco_aggregate_agr,2016,7.761
svn,sex_t,age_10yrbands_total,eco_aggregate_agr,2017,9.126
svn,sex_t,age_10yrbands_total,eco_aggregate_agr,2018,8.184
svn,sex_t,age_10yrbands_total,eco_aggregate_agr,2019,7.428
svn,sex_t,age_10yrbands_total,eco_aggregate_agr,2020,7.388
svn,sex_t,age_10yrbands_total,eco_aggregate_agr,2021,6.534
svn,sex_t,age_10yrbands_total,eco_aggregate_agr,2022,6.819
svn,sex_t,age_10yrbands_total,eco_aggregate_agr,2023,6.8
svn,sex_t,age_10yrbands_total,eco_aggregate_con,1996,38.882
svn,sex_t,age_10yrbands_total,eco_aggregate_con,1997,45.406
svn,sex_t,age_10yrbands_total,eco_aggregate_con,1998,41.311
svn,sex_t,age_10yrbands_total,eco_aggregate_con,1999,37.205
svn,sex_t,age_10yrbands_total,eco_aggregate_con,2000,39.534
svn,sex_t,age_10yrbands_total,eco_aggregate_con,2001,45.214
svn,sex_t,age_10yrbands_total,eco_aggregate_con,2002,43.811
svn,sex_t,age_10yrbands_total,eco_aggregate_con,2003,43.959
svn,sex_t,age_10yrbands_total,eco_aggregate_con,2004,44.617
svn,sex_t,age_10yrbands_total,eco_aggregate_con,2005,47.63
svn,sex_t,age_10yrbands_total,eco_aggregate_con,2006,45.27
svn,sex_t,age_10yrbands_total,eco_aggregate_con,2007,47.083
svn,sex_t,age_10yrbands_total,eco_aggregate_con,2008,55.529
svn,sex_t,age_10yrbands_total,eco_aggregate_con,2009,50.275
svn,sex_t,age_10yrbands_total,eco_aggregate_con,2010,45.651
svn,sex_t,age_10yrbands_total,eco_aggregate_con,2011,41.58
svn,sex_t,age_10yrbands_total,eco_aggregate_con,2012,41.587
svn,sex_t,age_10yrbands_total,eco_aggregate_con,2013,42.141
svn,sex_t,age_10yrbands_total,eco_aggregate_con,2014,39.755
svn,sex_t,age_10yrbands_total,eco_aggregate_con,2015,39.793
svn,sex_t,age_10yrbands_total,eco_aggregate_con,2016,39.028
svn,sex_t,age_10yrbands_total,eco_aggregate_con,2017,42.128
svn,sex_t,age_10yrbands_total,eco_aggregate_con,2018,42.14
svn,sex_t,age_10yrbands_total,eco_aggregate_con,2019,42.919
svn,sex_t,age_10yrbands_total,eco_aggregate_con,2020,45.375
svn,sex_t,age_10yrbands_total,eco_aggregate_con,2021,39.135
svn,sex_t,age_10yrbands_total,eco_aggregate_con,2022,41.313
svn,sex_t,age_10yrbands_total,eco_aggregate_con,2023,49.829
svn,sex_t,age_10yrbands_total,eco_aggregate_man,1996,278.506
svn,sex_t,age_10yrbands_total,eco_aggregate_man,1997,271.849
svn,sex_t,age_10yrbands_total,eco_aggregate_man,1998,271.157
svn,sex_t,age_10yrbands_total,eco_aggregate_man,1999,257.161
svn,sex_t,age_10yrbands_total,eco_aggregate_man,2000,253.49
svn,sex_t,age_10yrbands_total,eco_aggregate_man,2001,260.007
svn,sex_t,age_10yrbands_total,eco_aggregate_man,2002,268.936
svn,sex_t,age_10yrbands_total,eco_aggregate_man,2003,251.985
svn,sex_t,age_10yrbands_total,eco_aggregate_man,2004,254.2
svn,sex_t,age_10yrbands_total,eco_aggregate_man,2005,261.13
svn,sex_t,age_10yrbands_total,eco_aggregate_man,2006,250.553
svn,sex_t,age_10yrbands_total,eco_aggregate_man,2007,253.786
svn,sex_t,age_10yrbands_total,eco_aggregate_man,2008,247.952
svn,sex_t,age_10yrbands_total,eco_aggregate_man,2009,223.503
svn,sex_t,age_10yrbands_total,eco_aggregate_man,2010,216.404
svn,sex_t,age_10yrbands_total,eco_aggregate_man,2011,201.735
svn,sex_t,age_10yrbands_total,eco_aggregate_man,2012,193.394
svn,sex_t,age_10yrbands_total,eco_aggregate_man,2013,190.622
svn,sex_t,age_10yrbands_total,eco_aggregate_man,2014,192.211
svn,sex_t,age_10yrbands_total,eco_aggregate_man,2015,199.724
svn,sex_t,age_10yrbands_total,eco_aggregate_man,2016,214.831
svn,sex_t,age_10yrbands_total,eco_aggregate_man,2017,226.817
svn,sex_t,age_10yrbands_total,eco_aggregate_man,2018,228.993
svn,sex_t,age_10yrbands_total,eco_aggregate_man,2019,238.02
svn,sex_t,age_10yrbands_total,eco_aggregate_man,2020,234.775
svn,sex_t,age_10yrbands_total,eco_aggregate_man,2021,200.575
svn,sex_t,age_10yrbands_total,eco_aggregate_man,2022,203.341
svn,sex_t,age_10yrbands_total,eco_aggregate_man,2023,210.325
svn,sex_t,age_10yrbands_total,eco_aggregate_mel,1996,21.88
svn,sex_t,age_10yrbands_total,eco_aggregate_mel,1997,19.573
svn,sex_t,age_10yrbands_total,eco_aggregate_mel,1998,16.452
svn,sex_t,age_10yrbands_total,eco_aggregate_mel,1999,14.06
svn,sex_t,age_10yrbands_total,eco_aggregate_mel,2000,17.542
svn,sex_t,age_10yrbands_total,eco_aggregate_mel,2001,16.564
svn,sex_t,age_10yrbands_total,eco_aggregate_mel,2002,14.23
svn,sex_t,age_10yrbands_total,eco_aggregate_mel,2003,14.198
svn,sex_t,age_10yrbands_total,eco_aggregate_mel,2004,15.648
svn,sex_t,age_10yrbands_total,eco_aggregate_mel,2005,15.325
svn,sex_t,age_10yrbands_total,eco_aggregate_mel,2006,15.748
svn,sex_t,age_10yrbands_total,eco_aggregate_mel,2007,14.982
svn,sex_t,age_10yrbands_total,eco_aggregate_mel,2008,21.359
svn,sex_t,age_10yrbands_total,eco_aggregate_mel,2009,21.946
svn,sex_t,age_10yrbands_total,eco_aggregate_mel,2010,21.11
svn,sex_t,age_10yrbands_total,eco_aggregate_mel,2011,23.776
svn,sex_t,age_10yrbands_total,eco_aggregate_mel,2012,23.18
svn,sex_t,age_10yrbands_total,eco_aggregate_mel,2013,22.241
svn,sex_t,age_10yrbands_total,eco_aggregate_mel,2014,22.96
svn,sex_t,age_10yrbands_total,eco_aggregate_mel,2015,22.182
svn,sex_t,age_10yrbands_total,eco_aggregate_mel,2016,20.099
svn,sex_t,age_10yrbands_total,eco_aggregate_mel,2017,21.496
svn,sex_t,age_10yrbands_total,eco_aggregate_mel,2018,24.589
svn,sex_t,age_10yrbands_total,eco_aggregate_mel,2019,24.541
svn,sex_t,age_10yrbands_total,eco_aggregate_mel,2020,24.754
svn,sex_t,age_10yrbands_total,eco_aggregate_mel,2021,22.901
svn,sex_t,age_10yrbands_total,eco_aggregate_mel,2022,24.28
svn,sex_t,age_10yrbands_total,eco_aggregate_mel,2023,25.737
svn,sex_t,age_10yrbands_total,eco_aggregate_mkt,1996,204.269
svn,sex_t,age_10yrbands_total,eco_aggregate_mkt,1997,215.82
svn,sex_t,age_10yrbands_total,eco_aggregate_mkt,1998,220.552
svn,sex_t,age_10yrbands_total,eco_aggregate_mkt,1999,223.203
svn,sex_t,age_10yrbands_total,eco_aggregate_mkt,2000,240.734
svn,sex_t,age_10yrbands_total,eco_aggregate_mkt,2001,235.298
svn,sex_t,age_10yrbands_total,eco_aggregate_mkt,2002,240.835
svn,sex_t,age_10yrbands_total,eco_aggregate_mkt,2003,255.152
svn,sex_t,age_10yrbands_total,eco_aggregate_mkt,2004,257.233
svn,sex_t,age_10yrbands_total,eco_aggregate_mkt,2005,257.142
svn,sex_t,age_10yrbands_total,eco_aggregate_mkt,2006,259.933
svn,sex_t,age_10yrbands_total,eco_aggregate_mkt,2007,273.132
svn,sex_t,age_10yrbands_total,eco_aggregate_mkt,2008,301.782
svn,sex_t,age_10yrbands_total,eco_aggregate_mkt,2009,300.701
svn,sex_t,age_10yrbands_total,eco_aggregate_mkt,2010,289.84
svn,sex_t,age_10yrbands_total,eco_aggregate_mkt,2011,285.093
svn,sex_t,age_10yrbands_total,eco_aggregate_mkt,2012,286.466
svn,sex_t,age_10yrbands_total,eco_aggregate_mkt,2013,277.271
svn,sex_t,age_10yrbands_total,eco_aggregate_mkt,2014,266.992
svn,sex_t,age_10yrbands_total,eco_aggregate_mkt,2015,270.987
svn,sex_t,age_10yrbands_total,eco_aggregate_mkt,2016,277.114
svn,sex_t,age_10yrbands_total,eco_aggregate_mkt,2017,284.237
svn,sex_t,age_10yrbands_total,eco_aggregate_mkt,2018,293.369
svn,sex_t,age_10yrbands_total,eco_aggregate_mkt,2019,299.729
svn,sex_t,age_10yrbands_total,eco_aggregate_mkt,2020,298.782
svn,sex_t,age_10yrbands_total,eco_aggregate_mkt,2021,298.391
svn,sex_t,age_10yrbands_total,eco_aggregate_mkt,2022,304.683
svn,sex_t,age_10yrbands_total,eco_aggregate_mkt,2023,311.286
svn,sex_t,age_10yrbands_total,eco_aggregate_pub,1996,165.58
svn,sex_t,age_10yrbands_total,eco_aggregate_pub,1997,158.619
svn,sex_t,age_10yrbands_total,eco_aggregate_pub,1998,167.286
svn,sex_t,age_10yrbands_total,eco_aggregate_pub,1999,181.721
svn,sex_t,age_10yrbands_total,eco_aggregate_pub,2000,184.288
svn,sex_t,age_10yrbands_total,eco_aggregate_pub,2001,183.841
svn,sex_t,age_10yrbands_total,eco_aggregate_pub,2002,187.479
svn,sex_t,age_10yrbands_total,eco_aggregate_pub,2003,189.638
svn,sex_t,age_10yrbands_total,eco_aggregate_pub,2004,202.854
svn,sex_t,age_10yrbands_total,eco_aggregate_pub,2005,209.734
svn,sex_t,age_10yrbands_total,eco_aggregate_pub,2006,218.832
svn,sex_t,age_10yrbands_total,eco_aggregate_pub,2007,217.051
svn,sex_t,age_10yrbands_total,eco_aggregate_pub,2008,211.57
svn,sex_t,age_10yrbands_total,eco_aggregate_pub,2009,210.078
svn,sex_t,age_10yrbands_total,eco_aggregate_pub,2010,213.48
svn,sex_t,age_10yrbands_total,eco_aggregate_pub,2011,212.361
svn,sex_t,age_10yrbands_total,eco_aggregate_pub,2012,214.664
svn,sex_t,age_10yrbands_total,eco_aggregate_pub,2013,207.781
svn,sex_t,age_10yrbands_total,eco_aggregate_pub,2014,210.863
svn,sex_t,age_10yrbands_total,eco_aggregate_pub,2015,215.173
svn,sex_t,age_10yrbands_total,eco_aggregate_pub,2016,220.116
svn,sex_t,age_10yrbands_total,eco_aggregate_pub,2017,230.627
svn,sex_t,age_10yrbands_total,eco_aggregate_pub,2018,228.962
svn,sex_t,age_10yrbands_total,eco_aggregate_pub,2019,231.212
svn,sex_t,age_10yrbands_total,eco_aggregate_pub,2020,240.321
svn,sex_t,age_10yrbands_total,eco_aggregate_pub,2021,263.514
svn,sex_t,age_10yrbands_total,eco_aggregate_pub,2022,264.407
svn,sex_t,age_10yrbands_total,eco_aggregate_pub,2023,240.502
svn,sex_t,age_10yrbands_total,eco_aggregate_total,1996,723.98
svn,sex_t,age_10yrbands_total,eco_aggregate_total,1997,726.138
svn,sex_t,age_10yrbands_total,eco_aggregate_total,1998,730.741
svn,sex_t,age_10yrbands_total,eco_aggregate_total,1999,724.65
svn,sex_t,age_10yrbands_total,eco_aggregate_total,2000,750.094
svn,sex_t,age_10yrbands_total,eco_aggregate_total,2001,757.931
svn,sex_t,age_10yrbands_total,eco_aggregate_total,2002,772.503
svn,sex_t,age_10yrbands_total,eco_aggregate_total,2003,770.83
svn,sex_t,age_10yrbands_total,eco_aggregate_total,2004,798.073
svn,sex_t,age_10yrbands_total,eco_aggregate_total,2005,805.534
svn,sex_t,age_10yrbands_total,eco_aggregate_total,2006,805.51
svn,sex_t,age_10yrbands_total,eco_aggregate_total,2007,828.653
svn,sex_t,age_10yrbands_total,eco_aggregate_total,2008,855.433
svn,sex_t,age_10yrbands_total,eco_aggregate_total,2009,821.858
svn,sex_t,age_10yrbands_total,eco_aggregate_total,2010,799.32
svn,sex_t,age_10yrbands_total,eco_aggregate_total,2011,778.725
svn,sex_t,age_10yrbands_total,eco_aggregate_total,2012,773.764
svn,sex_t,age_10yrbands_total,eco_aggregate_total,2013,753.003
svn,sex_t,age_10yrbands_total,eco_aggregate_total,2014,746.432
svn,sex_t,age_10yrbands_total,eco_aggregate_total,2015,766.069
svn,sex_t,age_10yrbands_total,eco_aggregate_total,2016,785.129
svn,sex_t,age_10yrbands_total,eco_aggregate_total,2017,819.238
svn,sex_t,age_10yrbands_total,eco_aggregate_total,2018,831.585
svn,sex_t,age_10yrbands_total,eco_aggregate_total,2019,848.288
svn,sex_t,age_10yrbands_total,eco_aggregate_total,2020,855.131
svn,sex_t,age_10yrbands_total,eco_aggregate_total,2021,835.467
svn,sex_t,age_10yrbands_total,eco_aggregate_total,2022,848.402
svn,sex_t,age_10yrbands_total,eco_aggregate_total,2023,848.275
svn,sex_t,age_10yrbands_total,eco_aggregate_x,1996,1.062
svn,sex_t,age_10yrbands_total,eco_aggregate_x,1997,1.874
svn,sex_t,age_10yrbands_total,eco_aggregate_x,1998,3.854
svn,sex_t,age_10yrbands_total,eco_aggregate_x,1999,2.69
svn,sex_t,age_10yrbands_total,eco_aggregate_x,2000,4.785
svn,sex_t,age_10yrbands_total,eco_aggregate_x,2001,8.212
svn,sex_t,age_10yrbands_total,eco_aggregate_x,2002,5.677
svn,sex_t,age_10yrbands_total,eco_aggregate_x,2003,5.392
svn,sex_t,age_10yrbands_total,eco_aggregate_x,2004,9.661
svn,sex_t,age_10yrbands_total,eco_aggregate_x,2005,4.049
svn,sex_t,age_10yrbands_total,eco_aggregate_x,2006,3.921
svn,sex_t,age_10yrbands_total,eco_aggregate_x,2007,8.838
svn,sex_t,age_10yrbands_total,eco_aggregate_x,2008,4.375
svn,sex_t,age_10yrbands_total,eco_aggregate_x,2009,4.907
svn,sex_t,age_10yrbands_total,eco_aggregate_x,2010,3.428
svn,sex_t,age_10yrbands_total,eco_aggregate_x,2011,4.357
svn,sex_t,age_10yrbands_total,eco_aggregate_x,2012,4.485
svn,sex_t,age_10yrbands_total,eco_aggregate_x,2013,4.203
svn,sex_t,age_10yrbands_total,eco_aggregate_x,2014,4.914
svn,sex_t,age_10yrbands_total,eco_aggregate_x,2015,9.51
svn,sex_t,age_10yrbands_total,eco_aggregate_x,2016,6.179
svn,sex_t,age_10yrbands_total,eco_aggregate_x,2017,4.807
svn,sex_t,age_10yrbands_total,eco_aggregate_x,2018,5.348
svn,sex_t,age_10yrbands_total,eco_aggregate_x,2019,4.44
svn,sex_t,age_10yrbands_total,eco_aggregate_x,2020,3.736
svn,sex_t,age_10yrbands_total,eco_aggregate_x,2021,4.416
svn,sex_t,age_10yrbands_total,eco_aggregate_x,2022,3.559
svn,sex_t,age_10yrbands_total,eco_aggregate_x,2023,3.795
svn,sex_t,age_10yrbands_total,eco_sector_agr,1996,13.802
svn,sex_t,age_10yrbands_total,eco_sector_agr,1997,12.999
svn,sex_t,age_10yrbands_total,eco_sector_agr,1998,10.129
svn,sex_t,age_10yrbands_total,eco_sector_agr,1999,8.61
svn,sex_t,age_10yrbands_total,eco_sector_agr,2000,9.722
svn,sex_t,age_10yrbands_total,eco_sector_agr,2001,8.797
svn,sex_t,age_10yrbands_total,eco_sector_agr,2002,11.536
svn,sex_t,age_10yrbands_total,eco_sector_agr,2003,10.506
svn,sex_t,age_10yrbands_total,eco_sector_agr,2004,13.859
svn,sex_t,age_10yrbands_total,eco_sector_agr,2005,10.525
svn,sex_t,age_10yrbands_total,eco_sector_agr,2006,11.253
svn,sex_t,age_10yrbands_total,eco_sector_agr,2007,13.781
svn,sex_t,age_10yrbands_total,eco_sector_agr,2008,12.867
svn,sex_t,age_10yrbands_total,eco_sector_agr,2009,10.448
svn,sex_t,age_10yrbands_total,eco_sector_agr,2010,9.407
svn,sex_t,age_10yrbands_total,eco_sector_agr,2011,9.822
svn,sex_t,age_10yrbands_total,eco_sector_agr,2012,9.988
svn,sex_t,age_10yrbands_total,eco_sector_agr,2013,8.743
svn,sex_t,age_10yrbands_total,eco_sector_agr,2014,8.737
svn,sex_t,age_10yrbands_total,eco_sector_agr,2015,8.699
svn,sex_t,age_10yrbands_total,eco_sector_agr,2016,7.761
svn,sex_t,age_10yrbands_total,eco_sector_agr,2017,9.126
svn,sex_t,age_10yrbands_total,eco_sector_agr,2018,8.184
svn,sex_t,age_10yrbands_total,eco_sector_agr,2019,7.428
svn,sex_t,age_10yrbands_total,eco_sector_agr,2020,7.388
svn,sex_t,age_10yrbands_total,eco_sector_agr,2021,6.534
svn,sex_t,age_10yrbands_total,eco_sector_agr,2022,6.819
svn,sex_t,age_10yrbands_total,eco_sector_agr,2023,6.8
svn,sex_t,age_10yrbands_total,eco_sector_ind,1996,339.268
svn,sex_t,age_10yrbands_total,eco_sector_ind,1997,336.827
svn,sex_t,age_10yrbands_total,eco_sector_ind,1998,328.92
svn,sex_t,age_10yrbands_total,eco_sector_ind,1999,308.426
svn,sex_t,age_10yrbands_total,eco_sector_ind,2000,310.566
svn,sex_t,age_10yrbands_total,eco_sector_ind,2001,321.785
svn,sex_t,age_10yrbands_total,eco_sector_ind,2002,326.977
svn,sex_t,age_10yrbands_total,eco_sector_ind,2003,310.142
svn,sex_t,age_10yrbands_total,eco_sector_ind,2004,314.466
svn,sex_t,age_10yrbands_total,eco_sector_ind,2005,324.085
svn,sex_t,age_10yrbands_total,eco_sector_ind,2006,311.571
svn,sex_t,age_10yrbands_total,eco_sector_ind,2007,315.851
svn,sex_t,age_10yrbands_total,eco_sector_ind,2008,324.839
svn,sex_t,age_10yrbands_total,eco_sector_ind,2009,295.724
svn,sex_t,age_10yrbands_total,eco_sector_ind,2010,283.165
svn,sex_t,age_10yrbands_total,eco_sector_ind,2011,267.091
svn,sex_t,age_10yrbands_total,eco_sector_ind,2012,258.161
svn,sex_t,age_10yrbands_total,eco_sector_ind,2013,255.004
svn,sex_t,age_10yrbands_total,eco_sector_ind,2014,254.926
svn,sex_t,age_10yrbands_total,eco_sector_ind,2015,261.699
svn,sex_t,age_10yrbands_total,eco_sector_ind,2016,273.958
svn,sex_t,age_10yrbands_total,eco_sector_ind,2017,290.441
svn,sex_t,age_10yrbands_total,eco_sector_ind,2018,295.722
svn,sex_t,age_10yrbands_total,eco_sector_ind,2019,305.48
svn,sex_t,age_10yrbands_total,eco_sector_ind,2020,304.903
svn,sex_t,age_10yrbands_total,eco_sector_ind,2021,262.611
svn,sex_t,age_10yrbands_total,eco_sector_ind,2022,268.935
svn,sex_t,age_10yrbands_total,eco_sector_ind,2023,285.891
svn,sex_t,age_10yrbands_total,eco_sector_nag,1996,710.178
svn,sex_t,age_10yrbands_total,eco_sector_nag,1997,713.139
svn,sex_t,age_10yrbands_total,eco_sector_nag,1998,720.612
svn,sex_t,age_10yrbands_total,eco_sector_nag,1999,716.04
svn,sex_t,age_10yrbands_total,eco_sector_nag,2000,740.373
svn,sex_t,age_10yrbands_total,eco_sector_nag,2001,749.135
svn,sex_t,age_10yrbands_total,eco_sector_nag,2002,760.968
svn,sex_t,age_10yrbands_total,eco_sector_nag,2003,760.324
svn,sex_t,age_10yrbands_total,eco_sector_nag,2004,784.214
svn,sex_t,age_10yrbands_total,eco_sector_nag,2005,795.009
svn,sex_t,age_10yrbands_total,eco_sector_nag,2006,794.257
svn,sex_t,age_10yrbands_total,eco_sector_nag,2007,814.872
svn,sex_t,age_10yrbands_total,eco_sector_nag,2008,842.566
svn,sex_t,age_10yrbands_total,eco_sector_nag,2009,811.411
svn,sex_t,age_10yrbands_total,eco_sector_nag,2010,789.914
svn,sex_t,age_10yrbands_total,eco_sector_nag,2011,768.903
svn,sex_t,age_10yrbands_total,eco_sector_nag,2012,763.776
svn,sex_t,age_10yrbands_total,eco_sector_nag,2013,744.26
svn,sex_t,age_10yrbands_total,eco_sector_nag,2014,737.695
svn,sex_t,age_10yrbands_total,eco_sector_nag,2015,757.37
svn,sex_t,age_10yrbands_total,eco_sector_nag,2016,777.367
svn,sex_t,age_10yrbands_total,eco_sector_nag,2017,810.112
svn,sex_t,age_10yrbands_total,eco_sector_nag,2018,823.401
svn,sex_t,age_10yrbands_total,eco_sector_nag,2019,840.86
svn,sex_t,age_10yrbands_total,eco_sector_nag,2020,847.743
svn,sex_t,age_10yrbands_total,eco_sector_nag,2021,828.932
svn,sex_t,age_10yrbands_total,eco_sector_nag,2022,841.583
svn,sex_t,age_10yrbands_total,eco_sector_nag,2023,841.475
svn,sex_t,age_10yrbands_total,eco_sector_ser,1996,369.848
svn,sex_t,age_10yrbands_total,eco_sector_ser,1997,374.439
svn,sex_t,age_10yrbands_total,eco_sector_ser,1998,387.838
svn,sex_t,age_10yrbands_total,eco_sector_ser,1999,404.924
svn,sex_t,age_10yrbands_total,eco_sector_ser,2000,425.022
svn,sex_t,age_10yrbands_total,eco_sector_ser,2001,419.139
svn,sex_t,age_10yrbands_total,eco_sector_ser,2002,428.314
svn,sex_t,age_10yrbands_total,eco_sector_ser,2003,444.79
svn,sex_t,age_10yrbands_total,eco_sector_ser,2004,460.088
svn,sex_t,age_10yrbands_total,eco_sector_ser,2005,466.875
svn,sex_t,age_10yrbands_total,eco_sector_ser,2006,478.764
svn,sex_t,age_10yrbands_total,eco_sector_ser,2007,490.183
svn,sex_t,age_10yrbands_total,eco_sector_ser,2008,513.352
svn,sex_t,age_10yrbands_total,eco_sector_ser,2009,510.78
svn,sex_t,age_10yrbands_total,eco_sector_ser,2010,503.32
svn,sex_t,age_10yrbands_total,eco_sector_ser,2011,497.455
svn,sex_t,age_10yrbands_total,eco_sector_ser,2012,501.13
svn,sex_t,age_10yrbands_total,eco_sector_ser,2013,485.052
svn,sex_t,age_10yrbands_total,eco_sector_ser,2014,477.855
svn,sex_t,age_10yrbands_total,eco_sector_ser,2015,486.16
svn,sex_t,age_10yrbands_total,eco_sector_ser,2016,497.23
svn,sex_t,age_10yrbands_total,eco_sector_ser,2017,514.864
svn,sex_t,age_10yrbands_total,eco_sector_ser,2018,522.331
svn,sex_t,age_10yrbands_total,eco_sector_ser,2019,530.941
svn,sex_t,age_10yrbands_total,eco_sector_ser,2020,539.104
svn,sex_t,age_10yrbands_total,eco_sector_ser,2021,561.905
svn,sex_t,age_10yrbands_total,eco_sector_ser,2022,569.09
svn,sex_t,age_10yrbands_total,eco_sector_ser,2023,551.789
svn,sex_t,age_10yrbands_total,eco_sector_total,1996,723.98
svn,sex_t,age_10yrbands_total,eco_sector_total,1997,726.138
svn,sex_t,age_10yrbands_total,eco_sector_total,1998,730.741
svn,sex_t,age_10yrbands_total,eco_sector_total,1999,724.65
svn,sex_t,age_10yrbands_total,eco_sector_total,2000,750.094
svn,sex_t,age_10yrbands_total,eco_sector_total,2001,757.931
svn,sex_t,age_10yrbands_total,eco_sector_total,2002,772.503
svn,sex_t,age_10yrbands_total,eco_sector_total,2003,770.83
svn,sex_t,age_10yrbands_total,eco_sector_total,2004,798.073
svn,sex_t,age_10yrbands_total,eco_sector_total,2005,805.534
svn,sex_t,age_10yrbands_total,eco_sector_total,2006,805.51
svn,sex_t,age_10yrbands_total,eco_sector_total,2007,828.653
svn,sex_t,age_10yrbands_total,eco_sector_total,2008,855.433
svn,sex_t,age_10yrbands_total,eco_sector_total,2009,821.858
svn,sex_t,age_10yrbands_total,eco_sector_total,2010,799.32
svn,sex_t,age_10yrbands_total,eco_sector_total,2011,778.725
svn,sex_t,age_10yrbands_total,eco_sector_total,2012,773.764
svn,sex_t,age_10yrbands_total,eco_sector_total,2013,753.003
svn,sex_t,age_10yrbands_total,eco_sector_total,2014,746.432
svn,sex_t,age_10yrbands_total,eco_sector_total,2015,766.069
svn,sex_t,age_10yrbands_total,eco_sector_total,2016,785.129
svn,sex_t,age_10yrbands_total,eco_sector_total,2017,819.238
svn,sex_t,age_10yrbands_total,eco_sector_total,2018,831.585
svn,sex_t,age_10yrbands_total,eco_sector_total,2019,848.288
svn,sex_t,age_10yrbands_total,eco_sector_total,2020,855.131
svn,sex_t,age_10yrbands_total,eco_sector_total,2021,835.467
svn,sex_t,age_10yrbands_total,eco_sector_total,2022,848.402
svn,sex_t,age_10yrbands_total,eco_sector_total,2023,848.275
svn,sex_t,age_10yrbands_total,eco_sector_x,1996,1.062
svn,sex_t,age_10yrbands_total,eco_sector_x,1997,1.874
svn,sex_t,age_10yrbands_total,eco_sector_x,1998,3.854
svn,sex_t,age_10yrbands_total,eco_sector_x,1999,2.69
svn,sex_t,age_10yrbands_total,eco_sector_x,2000,4.785
svn,sex_t,age_10yrbands_total,eco_sector_x,2001,8.212
svn,sex_t,age_10yrbands_total,eco_sector_x,2002,5.677
svn,sex_t,age_10yrbands_total,eco_sector_x,2003,5.392
svn,sex_t,age_10yrbands_total,eco_sector_x,2004,9.661
svn,sex_t,age_10yrbands_total,eco_sector_x,2005,4.049
svn,sex_t,age_10yrbands_total,eco_sector_x,2006,3.921
svn,sex_t,age_10yrbands_total,eco_sector_x,2007,8.838
svn,sex_t,age_10yrbands_total,eco_sector_x,2008,4.375
svn,sex_t,age_10yrbands_total,eco_sector_x,2009,4.907
svn,sex_t,age_10yrbands_total,eco_sector_x,2010,3.428
svn,sex_t,age_10yrbands_total,eco_sector_x,2011,4.357
svn,sex_t,age_10yrbands_total,eco_sector_x,2012,4.485
svn,sex_t,age_10yrbands_total,eco_sector_x,2013,4.203
svn,sex_t,age_10yrbands_total,eco_sector_x,2014,4.914
svn,sex_t,age_10yrbands_total,eco_sector_x,2015,9.51
svn,sex_t,age_10yrbands_total,eco_sector_x,2016,6.179
svn,sex_t,age_10yrbands_total,eco_sector_x,2017,4.807
svn,sex_t,age_10yrbands_total,eco_sector_x,2018,5.348
svn,sex_t,age_10yrbands_total,eco_sector_x,2019,4.44
svn,sex_t,age_10yrbands_total,eco_sector_x,2020,3.736
svn,sex_t,age_10yrbands_total,eco_sector_x,2021,4.416
svn,sex_t,age_10yrbands_total,eco_sector_x,2022,3.559
svn,sex_t,age_10yrbands_total,eco_sector_x,2023,3.795
svn,sex_t,age_10yrbands_y15_24,eco_aggregate_agr,1996,1.902
svn,sex_t,age_10yrbands_y15_24,eco_aggregate_agr,1997,1.7
svn,sex_t,age_10yrbands_y15_24,eco_aggregate_agr,1998,1.467
svn,sex_t,age_10yrbands_y15_24,eco_aggregate_agr,1999,0.94
svn,sex_t,age_10yrbands_y15_24,eco_aggregate_agr,2000,0.601
svn,sex_t,age_10yrbands_y15_24,eco_aggregate_agr,2001,0.77
svn,sex_t,age_10yrbands_y15_24,eco_aggregate_agr,2002,0.911
svn,sex_t,age_10yrbands_y15_24,eco_aggregate_agr,2003,0.627
svn,sex_t,age_10yrbands_y15_24,eco_aggregate_agr,2004,1.566
svn,sex_t,age_10yrbands_y15_24,eco_aggregate_agr,2005,0.663
svn,sex_t,age_10yrbands_y15_24,eco_aggregate_agr,2006,1.076
svn,sex_t,age_10yrbands_y15_24,eco_aggregate_agr,2007,1.22
svn,sex_t,age_10yrbands_y15_24,eco_aggregate_agr,2008,1.078
svn,sex_t,age_10yrbands_y15_24,eco_aggregate_agr,2009,1.064
svn,sex_t,age_10yrbands_y15_24,eco_aggregate_agr,2010,0.717
svn,sex_t,age_10yrbands_y15_24,eco_aggregate_agr,2011,0.648
svn,sex_t,age_10yrbands_y15_24,eco_aggregate_agr,2012,0.592
svn,sex_t,age_10yrbands_y15_24,eco_aggregate_agr,2013,0.774
svn,sex_t,age_10yrbands_y15_24,eco_aggregate_agr,2014,0.661
svn,sex_t,age_10yrbands_y15_24,eco_aggregate_agr,2015,0.608
svn,sex_t,age_10yrbands_y15_24,eco_aggregate_agr,2016,0.262
svn,sex_t,age_10yrbands_y15_24,eco_aggregate_agr,2017,0.411
svn,sex_t,age_10yrbands_y15_24,eco_aggregate_agr,2018,0.456
svn,sex_t,age_10yrbands_y15_24,eco_aggregate_agr,2019,0.773
svn,sex_t,age_10yrbands_y15_24,eco_aggregate_agr,2020,0.54
svn,sex_t,age_10yrbands_y15_24,eco_aggregate_agr,2021,0.363
svn,sex_t,age_10yrbands_y15_24,eco_aggregate_agr,2022,0.198
svn,sex_t,age_10yrbands_y15_24,eco_aggregate_agr,2023,0.37
svn,sex_t,age_10yrbands_y15_24,eco_aggregate_con,1996,6.215
svn,sex_t,age_10yrbands_y15_24,eco_aggregate_con,1997,6.934
svn,sex_t,age_10yrbands_y15_24,eco_aggregate_con,1998,5.824
svn,sex_t,age_10yrbands_y15_24,eco_aggregate_con,1999,6.332
svn,sex_t,age_10yrbands_y15_24,eco_aggregate_con,2000,4.929
svn,sex_t,age_10yrbands_y15_24,eco_aggregate_con,2001,5.181
svn,sex_t,age_10yrbands_y15_24,eco_aggregate_con,2002,5.495
svn,sex_t,age_10yrbands_y15_24,eco_aggregate_con,2003,4.01
svn,sex_t,age_10yrbands_y15_24,eco_aggregate_con,2004,4.817
svn,sex_t,age_10yrbands_y15_24,eco_aggregate_con,2005,5.117
svn,sex_t,age_10yrbands_y15_24,eco_aggregate_con,2006,5.509
svn,sex_t,age_10yrbands_y15_24,eco_aggregate_con,2007,5.894
svn,sex_t,age_10yrbands_y15_24,eco_aggregate_con,2008,7.565
svn,sex_t,age_10yrbands_y15_24,eco_aggregate_con,2009,6.345
svn,sex_t,age_10yrbands_y15_24,eco_aggregate_con,2010,4.658
svn,sex_t,age_10yrbands_y15_24,eco_aggregate_con,2011,3.613
svn,sex_t,age_10yrbands_y15_24,eco_aggregate_con,2012,3.337
svn,sex_t,age_10yrbands_y15_24,eco_aggregate_con,2013,3.396
svn,sex_t,age_10yrbands_y15_24,eco_aggregate_con,2014,2.835
svn,sex_t,age_10yrbands_y15_24,eco_aggregate_con,2015,2.63
svn,sex_t,age_10yrbands_y15_24,eco_aggregate_con,2016,2.433
svn,sex_t,age_10yrbands_y15_24,eco_aggregate_con,2017,2.011
svn,sex_t,age_10yrbands_y15_24,eco_aggregate_con,2018,3.064
svn,sex_t,age_10yrbands_y15_24,eco_aggregate_con,2019,3.004
svn,sex_t,age_10yrbands_y15_24,eco_aggregate_con,2020,2.869
svn,sex_t,age_10yrbands_y15_24,eco_aggregate_con,2021,2.599
svn,sex_t,age_10yrbands_y15_24,eco_aggregate_con,2022,3.137
svn,sex_t,age_10yrbands_y15_24,eco_aggregate_con,2023,4.945
svn,sex_t,age_10yrbands_y15_24,eco_aggregate_man,1996,37.669
svn,sex_t,age_10yrbands_y15_24,eco_aggregate_man,1997,33.212
svn,sex_t,age_10yrbands_y15_24,eco_aggregate_man,1998,33.238
svn,sex_t,age_10yrbands_y15_24,eco_aggregate_man,1999,29.252
svn,sex_t,age_10yrbands_y15_24,eco_aggregate_man,2000,26.012
svn,sex_t,age_10yrbands_y15_24,eco_aggregate_man,2001,27.929
svn,sex_t,age_10yrbands_y15_24,eco_aggregate_man,2002,27.697
svn,sex_t,age_10yrbands_y15_24,eco_aggregate_man,2003,22.82
svn,sex_t,age_10yrbands_y15_24,eco_aggregate_man,2004,22.838
svn,sex_t,age_10yrbands_y15_24,eco_aggregate_man,2005,24.634
svn,sex_t,age_10yrbands_y15_24,eco_aggregate_man,2006,24.652
svn,sex_t,age_10yrbands_y15_24,eco_aggregate_man,2007,26.325
svn,sex_t,age_10yrbands_y15_24,eco_aggregate_man,2008,21.19
svn,sex_t,age_10yrbands_y15_24,eco_aggregate_man,2009,14.609
svn,sex_t,age_10yrbands_y15_24,eco_aggregate_man,2010,14.6
svn,sex_t,age_10yrbands_y15_24,eco_aggregate_man,2011,14.464
svn,sex_t,age_10yrbands_y15_24,eco_aggregate_man,2012,12.602
svn,sex_t,age_10yrbands_y15_24,eco_aggregate_man,2013,12.233
svn,sex_t,age_10yrbands_y15_24,eco_aggregate_man,2014,12.012
svn,sex_t,age_10yrbands_y15_24,eco_aggregate_man,2015,13.785
svn,sex_t,age_10yrbands_y15_24,eco_aggregate_man,2016,14.538
svn,sex_t,age_10yrbands_y15_24,eco_aggregate_man,2017,18.731
svn,sex_t,age_10yrbands_y15_24,eco_aggregate_man,2018,17.936
svn,sex_t,age_10yrbands_y15_24,eco_aggregate_man,2019,15.699
svn,sex_t,age_10yrbands_y15_24,eco_aggregate_man,2020,12.753
svn,sex_t,age_10yrbands_y15_24,eco_aggregate_man,2021,14.141
svn,sex_t,age_10yrbands_y15_24,eco_aggregate_man,2022,13.537
svn,sex_t,age_10yrbands_y15_24,eco_aggregate_man,2023,15.381
svn,sex_t,age_10yrbands_y15_24,eco_aggregate_mel,1996,1.671
svn,sex_t,age_10yrbands_y15_24,eco_aggregate_mel,1997,1.457
svn,sex_t,age_10yrbands_y15_24,eco_aggregate_mel,1998,1.01
svn,sex_t,age_10yrbands_y15_24,eco_aggregate_mel,1999,0.536
svn,sex_t,age_10yrbands_y15_24,eco_aggregate_mel,2000,0.948
svn,sex_t,age_10yrbands_y15_24,eco_aggregate_mel,2004,0.793
svn,sex_t,age_10yrbands_y15_24,eco_aggregate_mel,2005,0.698
svn,sex_t,age_10yrbands_y15_24,eco_aggregate_mel,2006,0.863
svn,sex_t,age_10yrbands_y15_24,eco_aggregate_mel,2007,0.527
svn,sex_t,age_10yrbands_y15_24,eco_aggregate_mel,2008,1.024
svn,sex_t,age_10yrbands_y15_24,eco_aggregate_mel,2009,1.158
svn,sex_t,age_10yrbands_y15_24,eco_aggregate_mel,2010,0.762
svn,sex_t,age_10yrbands_y15_24,eco_aggregate_mel,2011,0.944
svn,sex_t,age_10yrbands_y15_24,eco_aggregate_mel,2012,1.244
svn,sex_t,age_10yrbands_y15_24,eco_aggregate_mel,2013,0.8
svn,sex_t,age_10yrbands_y15_24,eco_aggregate_mel,2014,0.528
svn,sex_t,age_10yrbands_y15_24,eco_aggregate_mel,2015,0.754
svn,sex_t,age_10yrbands_y15_24,eco_aggregate_mel,2016,0.58
svn,sex_t,age_10yrbands_y15_24,eco_aggregate_mel,2017,1.402
svn,sex_t,age_10yrbands_y15_24,eco_aggregate_mel,2018,0.941
svn,sex_t,age_10yrbands_y15_24,eco_aggregate_mel,2019,1.238
svn,sex_t,age_10yrbands_y15_24,eco_aggregate_mel,2020,0.831
svn,sex_t,age_10yrbands_y15_24,eco_aggregate_mel,2021,0.775
svn,sex_t,age_10yrbands_y15_24,eco_aggregate_mel,2022,0.685
svn,sex_t,age_10yrbands_y15_24,eco_aggregate_mel,2023,0.921
svn,sex_t,age_10yrbands_y15_24,eco_aggregate_mkt,1996,36.485
svn,sex_t,age_10yrbands_y15_24,eco_aggregate_mkt,1997,41.63
svn,sex_t,age_10yrbands_y15_24,eco_aggregate_mkt,1998,36.03
svn,sex_t,age_10yrbands_y15_24,eco_aggregate_mkt,1999,35.657
svn,sex_t,age_10yrbands_y15_24,eco_aggregate_mkt,2000,34.695
svn,sex_t,age_10yrbands_y15_24,eco_aggregate_mkt,2001,29.612
svn,sex_t,age_10yrbands_y15_24,eco_aggregate_mkt,2002,34.84
svn,sex_t,age_10yrbands_y15_24,eco_aggregate_mkt,2003,30.982
svn,sex_t,age_10yrbands_y15_24,eco_aggregate_mkt,2004,36.963
svn,sex_t,age_10yrbands_y15_24,eco_aggregate_mkt,2005,33.192
svn,sex_t,age_10yrbands_y15_24,eco_aggregate_mkt,2006,33.266
svn,sex_t,age_10yrbands_y15_24,eco_aggregate_mkt,2007,36.232
svn,sex_t,age_10yrbands_y15_24,eco_aggregate_mkt,2008,41.118
svn,sex_t,age_10yrbands_y15_24,eco_aggregate_mkt,2009,37.852
svn,sex_t,age_10yrbands_y15_24,eco_aggregate_mkt,2010,34.019
svn,sex_t,age_10yrbands_y15_24,eco_aggregate_mkt,2011,29.046
svn,sex_t,age_10yrbands_y15_24,eco_aggregate_mkt,2012,22.789
svn,sex_t,age_10yrbands_y15_24,eco_aggregate_mkt,2013,20.611
svn,sex_t,age_10yrbands_y15_24,eco_aggregate_mkt,2014,21.173
svn,sex_t,age_10yrbands_y15_24,eco_aggregate_mkt,2015,23.114
svn,sex_t,age_10yrbands_y15_24,eco_aggregate_mkt,2016,24.432
svn,sex_t,age_10yrbands_y15_24,eco_aggregate_mkt,2017,26.112
svn,sex_t,age_10yrbands_y15_24,eco_aggregate_mkt,2018,28.319
svn,sex_t,age_10yrbands_y15_24,eco_aggregate_mkt,2019,29.345
svn,sex_t,age_10yrbands_y15_24,eco_aggregate_mkt,2020,22.378
svn,sex_t,age_10yrbands_y15_24,eco_aggregate_mkt,2021,23.704
svn,sex_t,age_10yrbands_y15_24,eco_aggregate_mkt,2022,27.341
svn,sex_t,age_10yrbands_y15_24,eco_aggregate_mkt,2023,27.779
svn,sex_t,age_10yrbands_y15_24,eco_aggregate_pub,1996,18.862
svn,sex_t,age_10yrbands_y15_24,eco_aggregate_pub,1997,19.441
svn,sex_t,age_10yrbands_y15_24,eco_aggregate_pub,1998,14.295
svn,sex_t,age_10yrbands_y15_24,eco_aggregate_pub,1999,13.677
svn,sex_t,age_10yrbands_y15_24,eco_aggregate_pub,2000,11.951
svn,sex_t,age_10yrbands_y15_24,eco_aggregate_pub,2001,12.708
svn,sex_t,age_10yrbands_y15_24,eco_aggregate_pub,2002,11.865
svn,sex_t,age_10yrbands_y15_24,eco_aggregate_pub,2003,14.212
svn,sex_t,age_10yrbands_y15_24,eco_aggregate_pub,2004,13.882
svn,sex_t,age_10yrbands_y15_24,eco_aggregate_pub,2005,14.208
svn,sex_t,age_10yrbands_y15_24,eco_aggregate_pub,2006,14.206
svn,sex_t,age_10yrbands_y15_24,eco_aggregate_pub,2007,13.132
svn,sex_t,age_10yrbands_y15_24,eco_aggregate_pub,2008,14.562
svn,sex_t,age_10yrbands_y15_24,eco_aggregate_pub,2009,13.241
svn,sex_t,age_10yrbands_y15_24,eco_aggregate_pub,2010,12.868
svn,sex_t,age_10yrbands_y15_24,eco_aggregate_pub,2011,12.699
svn,sex_t,age_10yrbands_y15_24,eco_aggregate_pub,2012,10.758
svn,sex_t,age_10yrbands_y15_24,eco_aggregate_pub,2013,8.221
svn,sex_t,age_10yrbands_y15_24,eco_aggregate_pub,2014,7.132
svn,sex_t,age_10yrbands_y15_24,eco_aggregate_pub,2015,8.403
svn,sex_t,age_10yrbands_y15_24,eco_aggregate_pub,2016,9.332
svn,sex_t,age_10yrbands_y15_24,eco_aggregate_pub,2017,11.189
svn,sex_t,age_10yrbands_y15_24,eco_aggregate_pub,2018,11.098
svn,sex_t,age_10yrbands_y15_24,eco_aggregate_pub,2019,9.404
svn,sex_t,age_10yrbands_y15_24,eco_aggregate_pub,2020,9.799
svn,sex_t,age_10yrbands_y15_24,eco_aggregate_pub,2021,14.201
svn,sex_t,age_10yrbands_y15_24,eco_aggregate_pub,2022,14.811
svn,sex_t,age_10yrbands_y15_24,eco_aggregate_pub,2023,12.681
svn,sex_t,age_10yrbands_y15_24,eco_aggregate_total,1996,103.135
svn,sex_t,age_10yrbands_y15_24,eco_aggregate_total,1997,104.679
svn,sex_t,age_10yrbands_y15_24,eco_aggregate_total,1998,92.918
svn,sex_t,age_10yrbands_y15_24,eco_aggregate_total,1999,86.796
svn,sex_t,age_10yrbands_y15_24,eco_aggregate_total,2000,80.196
svn,sex_t,age_10yrbands_y15_24,eco_aggregate_total,2001,77.832
svn,sex_t,age_10yrbands_y15_24,eco_aggregate_total,2002,82.16
svn,sex_t,age_10yrbands_y15_24,eco_aggregate_total,2003,74.601
svn,sex_t,age_10yrbands_y15_24,eco_aggregate_total,2004,83.348
svn,sex_t,age_10yrbands_y15_24,eco_aggregate_total,2005,79.652
svn,sex_t,age_10yrbands_y15_24,eco_aggregate_total,2006,80.553
svn,sex_t,age_10yrbands_y15_24,eco_aggregate_total,2007,85.578
svn,sex_t,age_10yrbands_y15_24,eco_aggregate_total,2008,87.823
svn,sex_t,age_10yrbands_y15_24,eco_aggregate_total,2009,75.558
svn,sex_t,age_10yrbands_y15_24,eco_aggregate_total,2010,68.582
svn,sex_t,age_10yrbands_y15_24,eco_aggregate_total,2011,62.302
svn,sex_t,age_10yrbands_y15_24,eco_aggregate_total,2012,51.905
svn,sex_t,age_10yrbands_y15_24,eco_aggregate_total,2013,46.562
svn,sex_t,age_10yrbands_y15_24,eco_aggregate_total,2014,45.045
svn,sex_t,age_10yrbands_y15_24,eco_aggregate_total,2015,50.589
svn,sex_t,age_10yrbands_y15_24,eco_aggregate_total,2016,52.564
svn,sex_t,age_10yrbands_y15_24,eco_aggregate_total,2017,60.783
svn,sex_t,age_10yrbands_y15_24,eco_aggregate_total,2018,62.996
svn,sex_t,age_10yrbands_y15_24,eco_aggregate_total,2019,60.188
svn,sex_t,age_10yrbands_y15_24,eco_aggregate_total,2020,49.747
svn,sex_t,age_10yrbands_y15_24,eco_aggregate_total,2021,56.539
svn,sex_t,age_10yrbands_y15_24,eco_aggregate_total,2022,60.195
svn,sex_t,age_10yrbands_y15_24,eco_aggregate_total,2023,62.705
svn,sex_t,age_10yrbands_y15_24,eco_aggregate_x,1998,1.054
svn,sex_t,age_10yrbands_y15_24,eco_aggregate_x,1999,0.401
svn,sex_t,age_10yrbands_y15_24,eco_aggregate_x,2000,1.06
svn,sex_t,age_10yrbands_y15_24,eco_aggregate_x,2001,1.524
svn,sex_t,age_10yrbands_y15_24,eco_aggregate_x,2002,1.261
svn,sex_t,age_10yrbands_y15_24,eco_aggregate_x,2003,1.6
svn,sex_t,age_10yrbands_y15_24,eco_aggregate_x,2004,2.489
svn,sex_t,age_10yrbands_y15_24,eco_aggregate_x,2005,1.141
svn,sex_t,age_10yrbands_y15_24,eco_aggregate_x,2006,0.981
svn,sex_t,age_10yrbands_y15_24,eco_aggregate_x,2007,2.248
svn,sex_t,age_10yrbands_y15_24,eco_aggregate_x,2008,1.285
svn,sex_t,age_10yrbands_y15_24,eco_aggregate_x,2009,1.288
svn,sex_t,age_10yrbands_y15_24,eco_aggregate_x,2010,0.957
svn,sex_t,age_10yrbands_y15_24,eco_aggregate_x,2011,0.887
svn,sex_t,age_10yrbands_y15_24,eco_aggregate_x,2012,0.583
svn,sex_t,age_10yrbands_y15_24,eco_aggregate_x,2013,0.527
svn,sex_t,age_10yrbands_y15_24,eco_aggregate_x,2014,0.705
svn,sex_t,age_10yrbands_y15_24,eco_aggregate_x,2015,1.295
svn,sex_t,age_10yrbands_y15_24,eco_aggregate_x,2016,0.988
svn,sex_t,age_10yrbands_y15_24,eco_aggregate_x,2017,0.928
svn,sex_t,age_10yrbands_y15_24,eco_aggregate_x,2018,1.182
svn,sex_t,age_10yrbands_y15_24,eco_aggregate_x,2019,0.723
svn,sex_t,age_10yrbands_y15_24,eco_aggregate_x,2020,0.577
svn,sex_t,age_10yrbands_y15_24,eco_aggregate_x,2021,0.755
svn,sex_t,age_10yrbands_y15_24,eco_aggregate_x,2022,0.486
svn,sex_t,age_10yrbands_y15_24,eco_aggregate_x,2023,0.629
svn,sex_t,age_10yrbands_y15_24,eco_sector_agr,1996,1.902
svn,sex_t,age_10yrbands_y15_24,eco_sector_agr,1997,1.7
svn,sex_t,age_10yrbands_y15_24,eco_sector_agr,1998,1.467
svn,sex_t,age_10yrbands_y15_24,eco_sector_agr,1999,0.94
svn,sex_t,age_10yrbands_y15_24,eco_sector_agr,2000,0.601
svn,sex_t,age_10yrbands_y15_24,eco_sector_agr,2001,0.77
svn,sex_t,age_10yrbands_y15_24,eco_sector_agr,2002,0.911
svn,sex_t,age_10yrbands_y15_24,eco_sector_agr,2003,0.627
svn,sex_t,age_10yrbands_y15_24,eco_sector_agr,2004,1.566
svn,sex_t,age_10yrbands_y15_24,eco_sector_agr,2005,0.663
svn,sex_t,age_10yrbands_y15_24,eco_sector_agr,2006,1.076
svn,sex_t,age_10yrbands_y15_24,eco_sector_agr,2007,1.22
svn,sex_t,age_10yrbands_y15_24,eco_sector_agr,2008,1.078
svn,sex_t,age_10yrbands_y15_24,eco_sector_agr,2009,1.064
svn,sex_t,age_10yrbands_y15_24,eco_sector_agr,2010,0.717
svn,sex_t,age_10yrbands_y15_24,eco_sector_agr,2011,0.648
svn,sex_t,age_10yrbands_y15_24,eco_sector_agr,2012,0.592
svn,sex_t,age_10yrbands_y15_24,eco_sector_agr,2013,0.774
svn,sex_t,age_10yrbands_y15_24,eco_sector_agr,2014,0.661
svn,sex_t,age_10yrbands_y15_24,eco_sector_agr,2015,0.608
svn,sex_t,age_10yrbands_y15_24,eco_sector_agr,2016,0.262
svn,sex_t,age_10yrbands_y15_24,eco_sector_agr,2017,0.411
svn,sex_t,age_10yrbands_y15_24,eco_sector_agr,2018,0.456
svn,sex_t,age_10yrbands_y15_24,eco_sector_agr,2019,0.773
svn,sex_t,age_10yrbands_y15_24,eco_sector_agr,2020,0.54
svn,sex_t,age_10yrbands_y15_24,eco_sector_agr,2021,0.363
svn,sex_t,age_10yrbands_y15_24,eco_sector_agr,2022,0.198
svn,sex_t,age_10yrbands_y15_24,eco_sector_agr,2023,0.37
svn,sex_t,age_10yrbands_y15_24,eco_sector_ind,1996,45.555
svn,sex_t,age_10yrbands_y15_24,eco_sector_ind,1997,41.603
svn,sex_t,age_10yrbands_y15_24,eco_sector_ind,1998,40.072
svn,sex_t,age_10yrbands_y15_24,eco_sector_ind,1999,36.12
svn,sex_t,age_10yrbands_y15_24,eco_sector_ind,2000,31.889
svn,sex_t,age_10yrbands_y15_24,eco_sector_ind,2001,33.218
svn,sex_t,age_10yrbands_y15_24,eco_sector_ind,2002,33.283
svn,sex_t,age_10yrbands_y15_24,eco_sector_ind,2003,27.18
svn,sex_t,age_10yrbands_y15_24,eco_sector_ind,2004,28.447
svn,sex_t,age_10yrbands_y15_24,eco_sector_ind,2005,30.448
svn,sex_t,age_10yrbands_y15_24,eco_sector_ind,2006,31.024
svn,sex_t,age_10yrbands_y15_24,eco_sector_ind,2007,32.747
svn,sex_t,age_10yrbands_y15_24,eco_sector_ind,2008,29.779
svn,sex_t,age_10yrbands_y15_24,eco_sector_ind,2009,22.113
svn,sex_t,age_10yrbands_y15_24,eco_sector_ind,2010,20.021
svn,sex_t,age_10yrbands_y15_24,eco_sector_ind,2011,19.021
svn,sex_t,age_10yrbands_y15_24,eco_sector_ind,2012,17.184
svn,sex_t,age_10yrbands_y15_24,eco_sector_ind,2013,16.429
svn,sex_t,age_10yrbands_y15_24,eco_sector_ind,2014,15.375
svn,sex_t,age_10yrbands_y15_24,eco_sector_ind,2015,17.169
svn,sex_t,age_10yrbands_y15_24,eco_sector_ind,2016,17.55
svn,sex_t,age_10yrbands_y15_24,eco_sector_ind,2017,22.144
svn,sex_t,age_10yrbands_y15_24,eco_sector_ind,2018,21.942
svn,sex_t,age_10yrbands_y15_24,eco_sector_ind,2019,19.942
svn,sex_t,age_10yrbands_y15_24,eco_sector_ind,2020,16.454
svn,sex_t,age_10yrbands_y15_24,eco_sector_ind,2021,17.515
svn,sex_t,age_10yrbands_y15_24,eco_sector_ind,2022,17.36
svn,sex_t,age_10yrbands_y15_24,eco_sector_ind,2023,21.247
svn,sex_t,age_10yrbands_y15_24,eco_sector_nag,1996,101.234
svn,sex_t,age_10yrbands_y15_24,eco_sector_nag,1997,102.979
svn,sex_t,age_10yrbands_y15_24,eco_sector_nag,1998,91.451
svn,sex_t,age_10yrbands_y15_24,eco_sector_nag,1999,85.856
svn,sex_t,age_10yrbands_y15_24,eco_sector_nag,2000,79.594
svn,sex_t,age_10yrbands_y15_24,eco_sector_nag,2001,77.062
svn,sex_t,age_10yrbands_y15_24,eco_sector_nag,2002,81.249
svn,sex_t,age_10yrbands_y15_24,eco_sector_nag,2003,73.974
svn,sex_t,age_10yrbands_y15_24,eco_sector_nag,2004,81.782
svn,sex_t,age_10yrbands_y15_24,eco_sector_nag,2005,78.989
svn,sex_t,age_10yrbands_y15_24,eco_sector_nag,2006,79.477
svn,sex_t,age_10yrbands_y15_24,eco_sector_nag,2007,84.359
svn,sex_t,age_10yrbands_y15_24,eco_sector_nag,2008,86.745
svn,sex_t,age_10yrbands_y15_24,eco_sector_nag,2009,74.494
svn,sex_t,age_10yrbands_y15_24,eco_sector_nag,2010,67.865
svn,sex_t,age_10yrbands_y15_24,eco_sector_nag,2011,61.654
svn,sex_t,age_10yrbands_y15_24,eco_sector_nag,2012,51.314
svn,sex_t,age_10yrbands_y15_24,eco_sector_nag,2013,45.788
svn,sex_t,age_10yrbands_y15_24,eco_sector_nag,2014,44.385
svn,sex_t,age_10yrbands_y15_24,eco_sector_nag,2015,49.981
svn,sex_t,age_10yrbands_y15_24,eco_sector_nag,2016,52.303
svn,sex_t,age_10yrbands_y15_24,eco_sector_nag,2017,60.373
svn,sex_t,age_10yrbands_y15_24,eco_sector_nag,2018,62.541
svn,sex_t,age_10yrbands_y15_24,eco_sector_nag,2019,59.415
svn,sex_t,age_10yrbands_y15_24,eco_sector_nag,2020,49.207
svn,sex_t,age_10yrbands_y15_24,eco_sector_nag,2021,56.176
svn,sex_t,age_10yrbands_y15_24,eco_sector_nag,2022,59.997
svn,sex_t,age_10yrbands_y15_24,eco_sector_nag,2023,62.336
svn,sex_t,age_10yrbands_y15_24,eco_sector_ser,1996,55.348
svn,sex_t,age_10yrbands_y15_24,eco_sector_ser,1997,61.071
svn,sex_t,age_10yrbands_y15_24,eco_sector_ser,1998,50.325
svn,sex_t,age_10yrbands_y15_24,eco_sector_ser,1999,49.334
svn,sex_t,age_10yrbands_y15_24,eco_sector_ser,2000,46.646
svn,sex_t,age_10yrbands_y15_24,eco_sector_ser,2001,42.32
svn,sex_t,age_10yrbands_y15_24,eco_sector_ser,2002,46.705
svn,sex_t,age_10yrbands_y15_24,eco_sector_ser,2003,45.194
svn,sex_t,age_10yrbands_y15_24,eco_sector_ser,2004,50.846
svn,sex_t,age_10yrbands_y15_24,eco_sector_ser,2005,47.4
svn,sex_t,age_10yrbands_y15_24,eco_sector_ser,2006,47.472
svn,sex_t,age_10yrbands_y15_24,eco_sector_ser,2007,49.364
svn,sex_t,age_10yrbands_y15_24,eco_sector_ser,2008,55.681
svn,sex_t,age_10yrbands_y15_24,eco_sector_ser,2009,51.093
svn,sex_t,age_10yrbands_y15_24,eco_sector_ser,2010,46.887
svn,sex_t,age_10yrbands_y15_24,eco_sector_ser,2011,41.746
svn,sex_t,age_10yrbands_y15_24,eco_sector_ser,2012,33.547
svn,sex_t,age_10yrbands_y15_24,eco_sector_ser,2013,28.832
svn,sex_t,age_10yrbands_y15_24,eco_sector_ser,2014,28.305
svn,sex_t,age_10yrbands_y15_24,eco_sector_ser,2015,31.517
svn,sex_t,age_10yrbands_y15_24,eco_sector_ser,2016,33.765
svn,sex_t,age_10yrbands_y15_24,eco_sector_ser,2017,37.301
svn,sex_t,age_10yrbands_y15_24,eco_sector_ser,2018,39.417
svn,sex_t,age_10yrbands_y15_24,eco_sector_ser,2019,38.75
svn,sex_t,age_10yrbands_y15_24,eco_sector_ser,2020,32.177
svn,sex_t,age_10yrbands_y15_24,eco_sector_ser,2021,37.906
svn,sex_t,age_10yrbands_y15_24,eco_sector_ser,2022,42.152
svn,sex_t,age_10yrbands_y15_24,eco_sector_ser,2023,40.46
svn,sex_t,age_10yrbands_y15_24,eco_sector_total,1996,103.135
svn,sex_t,age_10yrbands_y15_24,eco_sector_total,1997,104.679
svn,sex_t,age_10yrbands_y15_24,eco_sector_total,1998,92.918
svn,sex_t,age_10yrbands_y15_24,eco_sector_total,1999,86.796
svn,sex_t,age_10yrbands_y15_24,eco_sector_total,2000,80.196
svn,sex_t,age_10yrbands_y15_24,eco_sector_total,2001,77.832
svn,sex_t,age_10yrbands_y15_24,eco_sector_total,2002,82.16
svn,sex_t,age_10yrbands_y15_24,eco_sector_total,2003,74.601
svn,sex_t,age_10yrbands_y15_24,eco_sector_total,2004,83.348
svn,sex_t,age_10yrbands_y15_24,eco_sector_total,2005,79.652
svn,sex_t,age_10yrbands_y15_24,eco_sector_total,2006,80.553
svn,sex_t,age_10yrbands_y15_24,eco_sector_total,2007,85.578
svn,sex_t,age_10yrbands_y15_24,eco_sector_total,2008,87.823
svn,sex_t,age_10yrbands_y15_24,eco_sector_total,2009,75.558
svn,sex_t,age_10yrbands_y15_24,eco_sector_total,2010,68.582
svn,sex_t,age_10yrbands_y15_24,eco_sector_total,2011,62.302
svn,sex_t,age_10yrbands_y15_24,eco_sector_total,2012,51.905
svn,sex_t,age_10yrbands_y15_24,eco_sector_total,2013,46.562
svn,sex_t,age_10yrbands_y15_24,eco_sector_total,2014,45.045
svn,sex_t,age_10yrbands_y15_24,eco_sector_total,2015,50.589
svn,sex_t,age_10yrbands_y15_24,eco_sector_total,2016,52.564
svn,sex_t,age_10yrbands_y15_24,eco_sector_total,2017,60.783
svn,sex_t,age_10yrbands_y15_24,eco_sector_total,2018,62.996
svn,sex_t,age_10yrbands_y15_24,eco_sector_total,2019,60.188
svn,sex_t,age_10yrbands_y15_24,eco_sector_total,2020,49.747
svn,sex_t,age_10yrbands_y15_24,eco_sector_total,2021,56.539
svn,sex_t,age_10yrbands_y15_24,eco_sector_total,2022,60.195
svn,sex_t,age_10yrbands_y15_24,eco_sector_total,2023,62.705
svn,sex_t,age_10yrbands_y15_24,eco_sector_x,1998,1.054
svn,sex_t,age_10yrbands_y15_24,eco_sector_x,1999,0.401
svn,sex_t,age_10yrbands_y15_24,eco_sector_x,2000,1.06
svn,sex_t,age_10yrbands_y15_24,eco_sector_x,2001,1.524
svn,sex_t,age_10yrbands_y15_24,eco_sector_x,2002,1.261
svn,sex_t,age_10yrbands_y15_24,eco_sector_x,2003,1.6
svn,sex_t,age_10yrbands_y15_24,eco_sector_x,2004,2.489
svn,sex_t,age_10yrbands_y15_24,eco_sector_x,2005,1.141
svn,sex_t,age_10yrbands_y15_24,eco_sector_x,2006,0.981
svn,sex_t,age_10yrbands_y15_24,eco_sector_x,2007,2.248
svn,sex_t,age_10yrbands_y15_24,eco_sector_x,2008,1.285
svn,sex_t,age_10yrbands_y15_24,eco_sector_x,2009,1.288
svn,sex_t,age_10yrbands_y15_24,eco_sector_x,2010,0.957
svn,sex_t,age_10yrbands_y15_24,eco_sector_x,2011,0.887
svn,sex_t,age_10yrbands_y15_24,eco_sector_x,2012,0.583
svn,sex_t,age_10yrbands_y15_24,eco_sector_x,2013,0.527
svn,sex_t,age_10yrbands_y15_24,eco_sector_x,2014,0.705
svn,sex_t,age_10yrbands_y15_24,eco_sector_x,2015,1.295
svn,sex_t,age_10yrbands_y15_24,eco_sector_x,2016,0.988
svn,sex_t,age_10yrbands_y15_24,eco_sector_x,2017,0.928
svn,sex_t,age_10yrbands_y15_24,eco_sector_x,2018,1.182
svn,sex_t,age_10yrbands_y15_24,eco_sector_x,2019,0.723
svn,sex_t,age_10yrbands_y15_24,eco_sector_x,2020,0.577
svn,sex_t,age_10yrbands_y15_24,eco_sector_x,2021,0.755
svn,sex_t,age_10yrbands_y15_24,eco_sector_x,2022,0.486
svn,sex_t,age_10yrbands_y15_24,eco_sector_x,2023,0.629
svn,sex_t,age_10yrbands_y25_34,eco_aggregate_agr,1996,4.256
svn,sex_t,age_10yrbands_y25_34,eco_aggregate_agr,1997,2.794
svn,sex_t,age_10yrbands_y25_34,eco_aggregate_agr,1998,2.374
svn,sex_t,age_10yrbands_y25_34,eco_aggregate_agr,1999,2.553
svn,sex_t,age_10yrbands_y25_34,eco_aggregate_agr,2000,2.805
svn,sex_t,age_10yrbands_y25_34,eco_aggregate_agr,2001,1.728
svn,sex_t,age_10yrbands_y25_34,eco_aggregate_agr,2002,2.66
svn,sex_t,age_10yrbands_y25_34,eco_aggregate_agr,2003,2.063
svn,sex_t,age_10yrbands_y25_34,eco_aggregate_agr,2004,3.997
svn,sex_t,age_10yrbands_y25_34,eco_aggregate_agr,2005,2.075
svn,sex_t,age_10yrbands_y25_34,eco_aggregate_agr,2006,2.625
svn,sex_t,age_10yrbands_y25_34,eco_aggregate_agr,2007,3.506
svn,sex_t,age_10yrbands_y25_34,eco_aggregate_agr,2008,2.656
svn,sex_t,age_10yrbands_y25_34,eco_aggregate_agr,2009,1.829
svn,sex_t,age_10yrbands_y25_34,eco_aggregate_agr,2010,2.349
svn,sex_t,age_10yrbands_y25_34,eco_aggregate_agr,2011,2.209
svn,sex_t,age_10yrbands_y25_34,eco_aggregate_agr,2012,2.251
svn,sex_t,age_10yrbands_y25_34,eco_aggregate_agr,2013,2.22
svn,sex_t,age_10yrbands_y25_34,eco_aggregate_agr,2014,1.649
svn,sex_t,age_10yrbands_y25_34,eco_aggregate_agr,2015,1.966
svn,sex_t,age_10yrbands_y25_34,eco_aggregate_agr,2016,1.313
svn,sex_t,age_10yrbands_y25_34,eco_aggregate_agr,2017,1.282
svn,sex_t,age_10yrbands_y25_34,eco_aggregate_agr,2018,1.247
svn,sex_t,age_10yrbands_y25_34,eco_aggregate_agr,2019,1.49
svn,sex_t,age_10yrbands_y25_34,eco_aggregate_agr,2020,1.913
svn,sex_t,age_10yrbands_y25_34,eco_aggregate_agr,2021,1.268
svn,sex_t,age_10yrbands_y25_34,eco_aggregate_agr,2022,1.292
svn,sex_t,age_10yrbands_y25_34,eco_aggregate_agr,2023,0.851
svn,sex_t,age_10yrbands_y25_34,eco_aggregate_con,1996,10.878
svn,sex_t,age_10yrbands_y25_34,eco_aggregate_con,1997,13.733
svn,sex_t,age_10yrbands_y25_34,eco_aggregate_con,1998,10.304
svn,sex_t,age_10yrbands_y25_34,eco_aggregate_con,1999,8.43
svn,sex_t,age_10yrbands_y25_34,eco_aggregate_con,2000,12.536
svn,sex_t,age_10yrbands_y25_34,eco_aggregate_con,2001,13.172
svn,sex_t,age_10yrbands_y25_34,eco_aggregate_con,2002,11.65
svn,sex_t,age_10yrbands_y25_34,eco_aggregate_con,2003,12.272
svn,sex_t,age_10yrbands_y25_34,eco_aggregate_con,2004,12.201
svn,sex_t,age_10yrbands_y25_34,eco_aggregate_con,2005,14.072
svn,sex_t,age_10yrbands_y25_34,eco_aggregate_con,2006,11.432
svn,sex_t,age_10yrbands_y25_34,eco_aggregate_con,2007,10.918
svn,sex_t,age_10yrbands_y25_34,eco_aggregate_con,2008,14.363
svn,sex_t,age_10yrbands_y25_34,eco_aggregate_con,2009,13.106
svn,sex_t,age_10yrbands_y25_34,eco_aggregate_con,2010,11.652
svn,sex_t,age_10yrbands_y25_34,eco_aggregate_con,2011,10.55
svn,sex_t,age_10yrbands_y25_34,eco_aggregate_con,2012,10.499
svn,sex_t,age_10yrbands_y25_34,eco_aggregate_con,2013,10.062
svn,sex_t,age_10yrbands_y25_34,eco_aggregate_con,2014,10.029
svn,sex_t,age_10yrbands_y25_34,eco_aggregate_con,2015,9.788
svn,sex_t,age_10yrbands_y25_34,eco_aggregate_con,2016,9.677
svn,sex_t,age_10yrbands_y25_34,eco_aggregate_con,2017,10.753
svn,sex_t,age_10yrbands_y25_34,eco_aggregate_con,2018,9.9
svn,sex_t,age_10yrbands_y25_34,eco_aggregate_con,2019,8.202
svn,sex_t,age_10yrbands_y25_34,eco_aggregate_con,2020,10.751
svn,sex_t,age_10yrbands_y25_34,eco_aggregate_con,2021,8.14
svn,sex_t,age_10yrbands_y25_34,eco_aggregate_con,2022,8.857
svn,sex_t,age_10yrbands_y25_34,eco_aggregate_con,2023,10.579
svn,sex_t,age_10yrbands_y25_34,eco_aggregate_man,1996,79.369
svn,sex_t,age_10yrbands_y25_34,eco_aggregate_man,1997,78.237
svn,sex_t,age_10yrbands_y25_34,eco_aggregate_man,1998,81.755
svn,sex_t,age_10yrbands_y25_34,eco_aggregate_man,1999,83.111
svn,sex_t,age_10yrbands_y25_34,eco_aggregate_man,2000,78.999
svn,sex_t,age_10yrbands_y25_34,eco_aggregate_man,2001,76.812
svn,sex_t,age_10yrbands_y25_34,eco_aggregate_man,2002,72.934
svn,sex_t,age_10yrbands_y25_34,eco_aggregate_man,2003,70.787
svn,sex_t,age_10yrbands_y25_34,eco_aggregate_man,2004,68.362
svn,sex_t,age_10yrbands_y25_34,eco_aggregate_man,2005,66.67
svn,sex_t,age_10yrbands_y25_34,eco_aggregate_man,2006,64.361
svn,sex_t,age_10yrbands_y25_34,eco_aggregate_man,2007,68.575
svn,sex_t,age_10yrbands_y25_34,eco_aggregate_man,2008,65.033
svn,sex_t,age_10yrbands_y25_34,eco_aggregate_man,2009,55.475
svn,sex_t,age_10yrbands_y25_34,eco_aggregate_man,2010,54.918
svn,sex_t,age_10yrbands_y25_34,eco_aggregate_man,2011,49.643
svn,sex_t,age_10yrbands_y25_34,eco_aggregate_man,2012,48.366
svn,sex_t,age_10yrbands_y25_34,eco_aggregate_man,2013,48.137
svn,sex_t,age_10yrbands_y25_34,eco_aggregate_man,2014,45.903
svn,sex_t,age_10yrbands_y25_34,eco_aggregate_man,2015,48.984
svn,sex_t,age_10yrbands_y25_34,eco_aggregate_man,2016,52.928
svn,sex_t,age_10yrbands_y25_34,eco_aggregate_man,2017,55.916
svn,sex_t,age_10yrbands_y25_34,eco_aggregate_man,2018,56.829
svn,sex_t,age_10yrbands_y25_34,eco_aggregate_man,2019,58.387
svn,sex_t,age_10yrbands_y25_34,eco_aggregate_man,2020,55.133
svn,sex_t,age_10yrbands_y25_34,eco_aggregate_man,2021,41.72
svn,sex_t,age_10yrbands_y25_34,eco_aggregate_man,2022,43.507
svn,sex_t,age_10yrbands_y25_34,eco_aggregate_man,2023,44.4
svn,sex_t,age_10yrbands_y25_34,eco_aggregate_mel,1996,6.43
svn,sex_t,age_10yrbands_y25_34,eco_aggregate_mel,1997,4.865
svn,sex_t,age_10yrbands_y25_34,eco_aggregate_mel,1998,4.292
svn,sex_t,age_10yrbands_y25_34,eco_aggregate_mel,1999,3.717
svn,sex_t,age_10yrbands_y25_34,eco_aggregate_mel,2000,4.845
svn,sex_t,age_10yrbands_y25_34,eco_aggregate_mel,2001,4.464
svn,sex_t,age_10yrbands_y25_34,eco_aggregate_mel,2002,3.347
svn,sex_t,age_10yrbands_y25_34,eco_aggregate_mel,2003,3.321
svn,sex_t,age_10yrbands_y25_34,eco_aggregate_mel,2004,2.696
svn,sex_t,age_10yrbands_y25_34,eco_aggregate_mel,2005,2.997
svn,sex_t,age_10yrbands_y25_34,eco_aggregate_mel,2006,3.76
svn,sex_t,age_10yrbands_y25_34,eco_aggregate_mel,2007,3.046
svn,sex_t,age_10yrbands_y25_34,eco_aggregate_mel,2008,3.705
svn,sex_t,age_10yrbands_y25_34,eco_aggregate_mel,2009,5.266
svn,sex_t,age_10yrbands_y25_34,eco_aggregate_mel,2010,4.525
svn,sex_t,age_10yrbands_y25_34,eco_aggregate_mel,2011,5.467
svn,sex_t,age_10yrbands_y25_34,eco_aggregate_mel,2012,5.784
svn,sex_t,age_10yrbands_y25_34,eco_aggregate_mel,2013,4.624
svn,sex_t,age_10yrbands_y25_34,eco_aggregate_mel,2014,4.85
svn,sex_t,age_10yrbands_y25_34,eco_aggregate_mel,2015,4.167
svn,sex_t,age_10yrbands_y25_34,eco_aggregate_mel,2016,3.875
svn,sex_t,age_10yrbands_y25_34,eco_aggregate_mel,2017,4.047
svn,sex_t,age_10yrbands_y25_34,eco_aggregate_mel,2018,4.994
svn,sex_t,age_10yrbands_y25_34,eco_aggregate_mel,2019,3.551
svn,sex_t,age_10yrbands_y25_34,eco_aggregate_mel,2020,3.861
svn,sex_t,age_10yrbands_y25_34,eco_aggregate_mel,2021,2.451
svn,sex_t,age_10yrbands_y25_34,eco_aggregate_mel,2022,2.793
svn,sex_t,age_10yrbands_y25_34,eco_aggregate_mel,2023,3.637
svn,sex_t,age_10yrbands_y25_34,eco_aggregate_mkt,1996,62.944
svn,sex_t,age_10yrbands_y25_34,eco_aggregate_mkt,1997,67.16
svn,sex_t,age_10yrbands_y25_34,eco_aggregate_mkt,1998,67.538
svn,sex_t,age_10yrbands_y25_34,eco_aggregate_mkt,1999,74.126
svn,sex_t,age_10yrbands_y25_34,eco_aggregate_mkt,2000,80.344
svn,sex_t,age_10yrbands_y25_34,eco_aggregate_mkt,2001,79.111
svn,sex_t,age_10yrbands_y25_34,eco_aggregate_mkt,2002,75.147
svn,sex_t,age_10yrbands_y25_34,eco_aggregate_mkt,2003,82.258
svn,sex_t,age_10yrbands_y25_34,eco_aggregate_mkt,2004,82.236
svn,sex_t,age_10yrbands_y25_34,eco_aggregate_mkt,2005,83.141
svn,sex_t,age_10yrbands_y25_34,eco_aggregate_mkt,2006,81.337
svn,sex_t,age_10yrbands_y25_34,eco_aggregate_mkt,2007,85.728
svn,sex_t,age_10yrbands_y25_34,eco_aggregate_mkt,2008,95.12
svn,sex_t,age_10yrbands_y25_34,eco_aggregate_mkt,2009,95.543
svn,sex_t,age_10yrbands_y25_34,eco_aggregate_mkt,2010,92.758
svn,sex_t,age_10yrbands_y25_34,eco_aggregate_mkt,2011,91.723
svn,sex_t,age_10yrbands_y25_34,eco_aggregate_mkt,2012,86.707
svn,sex_t,age_10yrbands_y25_34,eco_aggregate_mkt,2013,80.818
svn,sex_t,age_10yrbands_y25_34,eco_aggregate_mkt,2014,73.706
svn,sex_t,age_10yrbands_y25_34,eco_aggregate_mkt,2015,77.718
svn,sex_t,age_10yrbands_y25_34,eco_aggregate_mkt,2016,74.619
svn,sex_t,age_10yrbands_y25_34,eco_aggregate_mkt,2017,72.081
svn,sex_t,age_10yrbands_y25_34,eco_aggregate_mkt,2018,70.1
svn,sex_t,age_10yrbands_y25_34,eco_aggregate_mkt,2019,73.36
svn,sex_t,age_10yrbands_y25_34,eco_aggregate_mkt,2020,69.71
svn,sex_t,age_10yrbands_y25_34,eco_aggregate_mkt,2021,65.554
svn,sex_t,age_10yrbands_y25_34,eco_aggregate_mkt,2022,64.818
svn,sex_t,age_10yrbands_y25_34,eco_aggregate_mkt,2023,68.153
svn,sex_t,age_10yrbands_y25_34,eco_aggregate_pub,1996,53.461
svn,sex_t,age_10yrbands_y25_34,eco_aggregate_pub,1997,49.071
svn,sex_t,age_10yrbands_y25_34,eco_aggregate_pub,1998,52.662
svn,sex_t,age_10yrbands_y25_34,eco_aggregate_pub,1999,54.827
svn,sex_t,age_10yrbands_y25_34,eco_aggregate_pub,2000,53.456
svn,sex_t,age_10yrbands_y25_34,eco_aggregate_pub,2001,51.554
svn,sex_t,age_10yrbands_y25_34,eco_aggregate_pub,2002,57.817
svn,sex_t,age_10yrbands_y25_34,eco_aggregate_pub,2003,56.568
svn,sex_t,age_10yrbands_y25_34,eco_aggregate_pub,2004,60.808
svn,sex_t,age_10yrbands_y25_34,eco_aggregate_pub,2005,56.489
svn,sex_t,age_10yrbands_y25_34,eco_aggregate_pub,2006,58.447
svn,sex_t,age_10yrbands_y25_34,eco_aggregate_pub,2007,62.778
svn,sex_t,age_10yrbands_y25_34,eco_aggregate_pub,2008,60.775
svn,sex_t,age_10yrbands_y25_34,eco_aggregate_pub,2009,58.105
svn,sex_t,age_10yrbands_y25_34,eco_aggregate_pub,2010,58.608
svn,sex_t,age_10yrbands_y25_34,eco_aggregate_pub,2011,56.254
svn,sex_t,age_10yrbands_y25_34,eco_aggregate_pub,2012,53.965
svn,sex_t,age_10yrbands_y25_34,eco_aggregate_pub,2013,50.148
svn,sex_t,age_10yrbands_y25_34,eco_aggregate_pub,2014,50.307
svn,sex_t,age_10yrbands_y25_34,eco_aggregate_pub,2015,51.716
svn,sex_t,age_10yrbands_y25_34,eco_aggregate_pub,2016,48.323
svn,sex_t,age_10yrbands_y25_34,eco_aggregate_pub,2017,50.06
svn,sex_t,age_10yrbands_y25_34,eco_aggregate_pub,2018,44.29
svn,sex_t,age_10yrbands_y25_34,eco_aggregate_pub,2019,46.062
svn,sex_t,age_10yrbands_y25_34,eco_aggregate_pub,2020,47.952
svn,sex_t,age_10yrbands_y25_34,eco_aggregate_pub,2021,46.394
svn,sex_t,age_10yrbands_y25_34,eco_aggregate_pub,2022,47.298
svn,sex_t,age_10yrbands_y25_34,eco_aggregate_pub,2023,42.08
svn,sex_t,age_10yrbands_y25_34,eco_aggregate_total,1996,217.893
svn,sex_t,age_10yrbands_y25_34,eco_aggregate_total,1997,216.319
svn,sex_t,age_10yrbands_y25_34,eco_aggregate_total,1998,220.069
svn,sex_t,age_10yrbands_y25_34,eco_aggregate_total,1999,227.567
svn,sex_t,age_10yrbands_y25_34,eco_aggregate_total,2000,234.617
svn,sex_t,age_10yrbands_y25_34,eco_aggregate_total,2001,228.68
svn,sex_t,age_10yrbands_y25_34,eco_aggregate_total,2002,225.745
svn,sex_t,age_10yrbands_y25_34,eco_aggregate_total,2003,228.991
svn,sex_t,age_10yrbands_y25_34,eco_aggregate_total,2004,234.32
svn,sex_t,age_10yrbands_y25_34,eco_aggregate_total,2005,226.516
svn,sex_t,age_10yrbands_y25_34,eco_aggregate_total,2006,223.137
svn,sex_t,age_10yrbands_y25_34,eco_aggregate_total,2007,238.233
svn,sex_t,age_10yrbands_y25_34,eco_aggregate_total,2008,242.987
svn,sex_t,age_10yrbands_y25_34,eco_aggregate_total,2009,231.447
svn,sex_t,age_10yrbands_y25_34,eco_aggregate_total,2010,226.042
svn,sex_t,age_10yrbands_y25_34,eco_aggregate_total,2011,216.793
svn,sex_t,age_10yrbands_y25_34,eco_aggregate_total,2012,209.01
svn,sex_t,age_10yrbands_y25_34,eco_aggregate_total,2013,196.995
svn,sex_t,age_10yrbands_y25_34,eco_aggregate_total,2014,187.673
svn,sex_t,age_10yrbands_y25_34,eco_aggregate_total,2015,197.093
svn,sex_t,age_10yrbands_y25_34,eco_aggregate_total,2016,192.105
svn,sex_t,age_10yrbands_y25_34,eco_aggregate_total,2017,195.082
svn,sex_t,age_10yrbands_y25_34,eco_aggregate_total,2018,189.011
svn,sex_t,age_10yrbands_y25_34,eco_aggregate_total,2019,192.848
svn,sex_t,age_10yrbands_y25_34,eco_aggregate_total,2020,190.597
svn,sex_t,age_10yrbands_y25_34,eco_aggregate_total,2021,166.575
svn,sex_t,age_10yrbands_y25_34,eco_aggregate_total,2022,169.214
svn,sex_t,age_10yrbands_y25_34,eco_aggregate_total,2023,170.153
svn,sex_t,age_10yrbands_y25_34,eco_aggregate_x,1996,0.555
svn,sex_t,age_10yrbands_y25_34,eco_aggregate_x,1998,1.145
svn,sex_t,age_10yrbands_y25_34,eco_aggregate_x,1999,0.803
svn,sex_t,age_10yrbands_y25_34,eco_aggregate_x,2000,1.632
svn,sex_t,age_10yrbands_y25_34,eco_aggregate_x,2001,1.839
svn,sex_t,age_10yrbands_y25_34,eco_aggregate_x,2002,2.19
svn,sex_t,age_10yrbands_y25_34,eco_aggregate_x,2003,1.723
svn,sex_t,age_10yrbands_y25_34,eco_aggregate_x,2004,4.021
svn,sex_t,age_10yrbands_y25_34,eco_aggregate_x,2005,1.072
svn,sex_t,age_10yrbands_y25_34,eco_aggregate_x,2006,1.177
svn,sex_t,age_10yrbands_y25_34,eco_aggregate_x,2007,3.682
svn,sex_t,age_10yrbands_y25_34,eco_aggregate_x,2008,1.334
svn,sex_t,age_10yrbands_y25_34,eco_aggregate_x,2009,2.123
svn,sex_t,age_10yrbands_y25_34,eco_aggregate_x,2010,1.233
svn,sex_t,age_10yrbands_y25_34,eco_aggregate_x,2011,0.945
svn,sex_t,age_10yrbands_y25_34,eco_aggregate_x,2012,1.439
svn,sex_t,age_10yrbands_y25_34,eco_aggregate_x,2013,0.985
svn,sex_t,age_10yrbands_y25_34,eco_aggregate_x,2014,1.229
svn,sex_t,age_10yrbands_y25_34,eco_aggregate_x,2015,2.754
svn,sex_t,age_10yrbands_y25_34,eco_aggregate_x,2016,1.369
svn,sex_t,age_10yrbands_y25_34,eco_aggregate_x,2017,0.943
svn,sex_t,age_10yrbands_y25_34,eco_aggregate_x,2018,1.652
svn,sex_t,age_10yrbands_y25_34,eco_aggregate_x,2019,1.797
svn,sex_t,age_10yrbands_y25_34,eco_aggregate_x,2020,1.276
svn,sex_t,age_10yrbands_y25_34,eco_aggregate_x,2021,1.048
svn,sex_t,age_10yrbands_y25_34,eco_aggregate_x,2022,0.649
svn,sex_t,age_10yrbands_y25_34,eco_aggregate_x,2023,0.453
svn,sex_t,age_10yrbands_y25_34,eco_sector_agr,1996,4.256
svn,sex_t,age_10yrbands_y25_34,eco_sector_agr,1997,2.794
svn,sex_t,age_10yrbands_y25_34,eco_sector_agr,1998,2.374
svn,sex_t,age_10yrbands_y25_34,eco_sector_agr,1999,2.553
svn,sex_t,age_10yrbands_y25_34,eco_sector_agr,2000,2.805
svn,sex_t,age_10yrbands_y25_34,eco_sector_agr,2001,1.728
svn,sex_t,age_10yrbands_y25_34,eco_sector_agr,2002,2.66
svn,sex_t,age_10yrbands_y25_34,eco_sector_agr,2003,2.063
svn,sex_t,age_10yrbands_y25_34,eco_sector_agr,2004,3.997
svn,sex_t,age_10yrbands_y25_34,eco_sector_agr,2005,2.075
svn,sex_t,age_10yrbands_y25_34,eco_sector_agr,2006,2.625
svn,sex_t,age_10yrbands_y25_34,eco_sector_agr,2007,3.506
svn,sex_t,age_10yrbands_y25_34,eco_sector_agr,2008,2.656
svn,sex_t,age_10yrbands_y25_34,eco_sector_agr,2009,1.829
svn,sex_t,age_10yrbands_y25_34,eco_sector_agr,2010,2.349
svn,sex_t,age_10yrbands_y25_34,eco_sector_agr,2011,2.209
svn,sex_t,age_10yrbands_y25_34,eco_sector_agr,2012,2.251
svn,sex_t,age_10yrbands_y25_34,eco_sector_agr,2013,2.22
svn,sex_t,age_10yrbands_y25_34,eco_sector_agr,2014,1.649
svn,sex_t,age_10yrbands_y25_34,eco_sector_agr,2015,1.966
svn,sex_t,age_10yrbands_y25_34,eco_sector_agr,2016,1.313
svn,sex_t,age_10yrbands_y25_34,eco_sector_agr,2017,1.282
svn,sex_t,age_10yrbands_y25_34,eco_sector_agr,2018,1.247
svn,sex_t,age_10yrbands_y25_34,eco_sector_agr,2019,1.49
svn,sex_t,age_10yrbands_y25_34,eco_sector_agr,2020,1.913
svn,sex_t,age_10yrbands_y25_34,eco_sector_agr,2021,1.268
svn,sex_t,age_10yrbands_y25_34,eco_sector_agr,2022,1.292
svn,sex_t,age_10yrbands_y25_34,eco_sector_agr,2023,0.851
svn,sex_t,age_10yrbands_y25_34,eco_sector_ind,1996,96.676
svn,sex_t,age_10yrbands_y25_34,eco_sector_ind,1997,96.835
svn,sex_t,age_10yrbands_y25_34,eco_sector_ind,1998,96.35
svn,sex_t,age_10yrbands_y25_34,eco_sector_ind,1999,95.258
svn,sex_t,age_10yrbands_y25_34,eco_sector_ind,2000,96.38
svn,sex_t,age_10yrbands_y25_34,eco_sector_ind,2001,94.447
svn,sex_t,age_10yrbands_y25_34,eco_sector_ind,2002,87.931
svn,sex_t,age_10yrbands_y25_34,eco_sector_ind,2003,86.379
svn,sex_t,age_10yrbands_y25_34,eco_sector_ind,2004,83.259
svn,sex_t,age_10yrbands_y25_34,eco_sector_ind,2005,83.74
svn,sex_t,age_10yrbands_y25_34,eco_sector_ind,2006,79.552
svn,sex_t,age_10yrbands_y25_34,eco_sector_ind,2007,82.539
svn,sex_t,age_10yrbands_y25_34,eco_sector_ind,2008,83.101
svn,sex_t,age_10yrbands_y25_34,eco_sector_ind,2009,73.847
svn,sex_t,age_10yrbands_y25_34,eco_sector_ind,2010,71.095
svn,sex_t,age_10yrbands_y25_34,eco_sector_ind,2011,65.661
svn,sex_t,age_10yrbands_y25_34,eco_sector_ind,2012,64.649
svn,sex_t,age_10yrbands_y25_34,eco_sector_ind,2013,62.824
svn,sex_t,age_10yrbands_y25_34,eco_sector_ind,2014,60.782
svn,sex_t,age_10yrbands_y25_34,eco_sector_ind,2015,62.939
svn,sex_t,age_10yrbands_y25_34,eco_sector_ind,2016,66.481
svn,sex_t,age_10yrbands_y25_34,eco_sector_ind,2017,70.716
svn,sex_t,age_10yrbands_y25_34,eco_sector_ind,2018,71.722
svn,sex_t,age_10yrbands_y25_34,eco_sector_ind,2019,70.14
svn,sex_t,age_10yrbands_y25_34,eco_sector_ind,2020,69.745
svn,sex_t,age_10yrbands_y25_34,eco_sector_ind,2021,52.311
svn,sex_t,age_10yrbands_y25_34,eco_sector_ind,2022,55.157
svn,sex_t,age_10yrbands_y25_34,eco_sector_ind,2023,58.615
svn,sex_t,age_10yrbands_y25_34,eco_sector_nag,1996,213.636
svn,sex_t,age_10yrbands_y25_34,eco_sector_nag,1997,213.526
svn,sex_t,age_10yrbands_y25_34,eco_sector_nag,1998,217.695
svn,sex_t,age_10yrbands_y25_34,eco_sector_nag,1999,225.014
svn,sex_t,age_10yrbands_y25_34,eco_sector_nag,2000,231.812
svn,sex_t,age_10yrbands_y25_34,eco_sector_nag,2001,226.952
svn,sex_t,age_10yrbands_y25_34,eco_sector_nag,2002,223.085
svn,sex_t,age_10yrbands_y25_34,eco_sector_nag,2003,226.929
svn,sex_t,age_10yrbands_y25_34,eco_sector_nag,2004,230.323
svn,sex_t,age_10yrbands_y25_34,eco_sector_nag,2005,224.441
svn,sex_t,age_10yrbands_y25_34,eco_sector_nag,2006,220.512
svn,sex_t,age_10yrbands_y25_34,eco_sector_nag,2007,234.727
svn,sex_t,age_10yrbands_y25_34,eco_sector_nag,2008,240.33
svn,sex_t,age_10yrbands_y25_34,eco_sector_nag,2009,229.618
svn,sex_t,age_10yrbands_y25_34,eco_sector_nag,2010,223.693
svn,sex_t,age_10yrbands_y25_34,eco_sector_nag,2011,214.583
svn,sex_t,age_10yrbands_y25_34,eco_sector_nag,2012,206.76
svn,sex_t,age_10yrbands_y25_34,eco_sector_nag,2013,194.775
svn,sex_t,age_10yrbands_y25_34,eco_sector_nag,2014,186.024
svn,sex_t,age_10yrbands_y25_34,eco_sector_nag,2015,195.127
svn,sex_t,age_10yrbands_y25_34,eco_sector_nag,2016,190.792
svn,sex_t,age_10yrbands_y25_34,eco_sector_nag,2017,193.799
svn,sex_t,age_10yrbands_y25_34,eco_sector_nag,2018,187.764
svn,sex_t,age_10yrbands_y25_34,eco_sector_nag,2019,191.358
svn,sex_t,age_10yrbands_y25_34,eco_sector_nag,2020,188.684
svn,sex_t,age_10yrbands_y25_34,eco_sector_nag,2021,165.307
svn,sex_t,age_10yrbands_y25_34,eco_sector_nag,2022,167.922
svn,sex_t,age_10yrbands_y25_34,eco_sector_nag,2023,169.302
svn,sex_t,age_10yrbands_y25_34,eco_sector_ser,1996,116.405
svn,sex_t,age_10yrbands_y25_34,eco_sector_ser,1997,116.231
svn,sex_t,age_10yrbands_y25_34,eco_sector_ser,1998,120.2
svn,sex_t,age_10yrbands_y25_34,eco_sector_ser,1999,128.953
svn,sex_t,age_10yrbands_y25_34,eco_sector_ser,2000,133.8
svn,sex_t,age_10yrbands_y25_34,eco_sector_ser,2001,130.665
svn,sex_t,age_10yrbands_y25_34,eco_sector_ser,2002,132.964
svn,sex_t,age_10yrbands_y25_34,eco_sector_ser,2003,138.826
svn,sex_t,age_10yrbands_y25_34,eco_sector_ser,2004,143.043
svn,sex_t,age_10yrbands_y25_34,eco_sector_ser,2005,139.63
svn,sex_t,age_10yrbands_y25_34,eco_sector_ser,2006,139.784
svn,sex_t,age_10yrbands_y25_34,eco_sector_ser,2007,148.506
svn,sex_t,age_10yrbands_y25_34,eco_sector_ser,2008,155.895
svn,sex_t,age_10yrbands_y25_34,eco_sector_ser,2009,153.649
svn,sex_t,age_10yrbands_y25_34,eco_sector_ser,2010,151.365
svn,sex_t,age_10yrbands_y25_34,eco_sector_ser,2011,147.977
svn,sex_t,age_10yrbands_y25_34,eco_sector_ser,2012,140.672
svn,sex_t,age_10yrbands_y25_34,eco_sector_ser,2013,130.966
svn,sex_t,age_10yrbands_y25_34,eco_sector_ser,2014,124.013
svn,sex_t,age_10yrbands_y25_34,eco_sector_ser,2015,129.434
svn,sex_t,age_10yrbands_y25_34,eco_sector_ser,2016,122.942
svn,sex_t,age_10yrbands_y25_34,eco_sector_ser,2017,122.14
svn,sex_t,age_10yrbands_y25_34,eco_sector_ser,2018,114.389
svn,sex_t,age_10yrbands_y25_34,eco_sector_ser,2019,119.421
svn,sex_t,age_10yrbands_y25_34,eco_sector_ser,2020,117.663
svn,sex_t,age_10yrbands_y25_34,eco_sector_ser,2021,111.948
svn,sex_t,age_10yrbands_y25_34,eco_sector_ser,2022,112.116
svn,sex_t,age_10yrbands_y25_34,eco_sector_ser,2023,110.233
svn,sex_t,age_10yrbands_y25_34,eco_sector_total,1996,217.893
svn,sex_t,age_10yrbands_y25_34,eco_sector_total,1997,216.319
svn,sex_t,age_10yrbands_y25_34,eco_sector_total,1998,220.069
svn,sex_t,age_10yrbands_y25_34,eco_sector_total,1999,227.567
svn,sex_t,age_10yrbands_y25_34,eco_sector_total,2000,234.617
svn,sex_t,age_10yrbands_y25_34,eco_sector_total,2001,228.68
svn,sex_t,age_10yrbands_y25_34,eco_sector_total,2002,225.745
svn,sex_t,age_10yrbands_y25_34,eco_sector_total,2003,228.991
svn,sex_t,age_10yrbands_y25_34,eco_sector_total,2004,234.32
svn,sex_t,age_10yrbands_y25_34,eco_sector_total,2005,226.516
svn,sex_t,age_10yrbands_y25_34,eco_sector_total,2006,223.137
svn,sex_t,age_10yrbands_y25_34,eco_sector_total,2007,238.233
svn,sex_t,age_10yrbands_y25_34,eco_sector_total,2008,242.987
svn,sex_t,age_10yrbands_y25_34,eco_sector_total,2009,231.447
svn,sex_t,age_10yrbands_y25_34,eco_sector_total,2010,226.042
svn,sex_t,age_10yrbands_y25_34,eco_sector_total,2011,216.793
svn,sex_t,age_10yrbands_y25_34,eco_sector_total,2012,209.01
svn,sex_t,age_10yrbands_y25_34,eco_sector_total,2013,196.995
svn,sex_t,age_10yrbands_y25_34,eco_sector_total,2014,187.673
svn,sex_t,age_10yrbands_y25_34,eco_sector_total,2015,197.093
svn,sex_t,age_10yrbands_y25_34,eco_sector_total,2016,192.105
svn,sex_t,age_10yrbands_y25_34,eco_sector_total,2017,195.082
svn,sex_t,age_10yrbands_y25_34,eco_sector_total,2018,189.011
svn,sex_t,age_10yrbands_y25_34,eco_sector_total,2019,192.848
svn,sex_t,age_10yrbands_y25_34,eco_sector_total,2020,190.597
svn,sex_t,age_10yrbands_y25_34,eco_sector_total,2021,166.575
svn,sex_t,age_10yrbands_y25_34,eco_sector_total,2022,169.214
svn,sex_t,age_10yrbands_y25_34,eco_sector_total,2023,170.153
svn,sex_t,age_10yrbands_y25_34,eco_sector_x,1996,0.555
svn,sex_t,age_10yrbands_y25_34,eco_sector_x,1998,1.145
svn,sex_t,age_10yrbands_y25_34,eco_sector_x,1999,0.803
svn,sex_t,age_10yrbands_y25_34,eco_sector_x,2000,1.632
svn,sex_t,age_10yrbands_y25_34,eco_sector_x,2001,1.839
svn,sex_t,age_10yrbands_y25_34,eco_sector_x,2002,2.19
svn,sex_t,age_10yrbands_y25_34,eco_sector_x,2003,1.723
svn,sex_t,age_10yrbands_y25_34,eco_sector_x,2004,4.021
svn,sex_t,age_10yrbands_y25_34,eco_sector_x,2005,1.072
svn,sex_t,age_10yrbands_y25_34,eco_sector_x,2006,1.177
svn,sex_t,age_10yrbands_y25_34,eco_sector_x,2007,3.682
svn,sex_t,age_10yrbands_y25_34,eco_sector_x,2008,1.334
svn,sex_t,age_10yrbands_y25_34,eco_sector_x,2009,2.123
svn,sex_t,age_10yrbands_y25_34,eco_sector_x,2010,1.233
svn,sex_t,age_10yrbands_y25_34,eco_sector_x,2011,0.945
svn,sex_t,age_10yrbands_y25_34,eco_sector_x,2012,1.439
svn,sex_t,age_10yrbands_y25_34,eco_sector_x,2013,0.985
svn,sex_t,age_10yrbands_y25_34,eco_sector_x,2014,1.229
svn,sex_t,age_10yrbands_y25_34,eco_sector_x,2015,2.754
svn,sex_t,age_10yrbands_y25_34,eco_sector_x,2016,1.369
svn,sex_t,age_10yrbands_y25_34,eco_sector_x,2017,0.943
svn,sex_t,age_10yrbands_y25_34,eco_sector_x,2018,1.652
svn,sex_t,age_10yrbands_y25_34,eco_sector_x,2019,1.797
svn,sex_t,age_10yrbands_y25_34,eco_sector_x,2020,1.276
svn,sex_t,age_10yrbands_y25_34,eco_sector_x,2021,1.048
svn,sex_t,age_10yrbands_y25_34,eco_sector_x,2022,0.649
svn,sex_t,age_10yrbands_y25_34,eco_sector_x,2023,0.453
svn,sex_t,age_10yrbands_y35_44,eco_aggregate_agr,1996,4.122
svn,sex_t,age_10yrbands_y35_44,eco_aggregate_agr,1997,4.029
svn,sex_t,age_10yrbands_y35_44,eco_aggregate_agr,1998,3.025
svn,sex_t,age_10yrbands_y35_44,eco_aggregate_agr,1999,2.168
svn,sex_t,age_10yrbands_y35_44,eco_aggregate_agr,2000,2.793
svn,sex_t,age_10yrbands_y35_44,eco_aggregate_agr,2001,2.989
svn,sex_t,age_10yrbands_y35_44,eco_aggregate_agr,2002,4.322
svn,sex_t,age_10yrbands_y35_44,eco_aggregate_agr,2003,3.266
svn,sex_t,age_10yrbands_y35_44,eco_aggregate_agr,2004,3.558
svn,sex_t,age_10yrbands_y35_44,eco_aggregate_agr,2005,3.205
svn,sex_t,age_10yrbands_y35_44,eco_aggregate_agr,2006,2.796
svn,sex_t,age_10yrbands_y35_44,eco_aggregate_agr,2007,3.532
svn,sex_t,age_10yrbands_y35_44,eco_aggregate_agr,2008,2.843
svn,sex_t,age_10yrbands_y35_44,eco_aggregate_agr,2009,3.44
svn,sex_t,age_10yrbands_y35_44,eco_aggregate_agr,2010,3.048
svn,sex_t,age_10yrbands_y35_44,eco_aggregate_agr,2011,3.219
svn,sex_t,age_10yrbands_y35_44,eco_aggregate_agr,2012,3.45
svn,sex_t,age_10yrbands_y35_44,eco_aggregate_agr,2013,1.653
svn,sex_t,age_10yrbands_y35_44,eco_aggregate_agr,2014,2.22
svn,sex_t,age_10yrbands_y35_44,eco_aggregate_agr,2015,2.497
svn,sex_t,age_10yrbands_y35_44,eco_aggregate_agr,2016,2.966
svn,sex_t,age_10yrbands_y35_44,eco_aggregate_agr,2017,3.136
svn,sex_t,age_10yrbands_y35_44,eco_aggregate_agr,2018,1.888
svn,sex_t,age_10yrbands_y35_44,eco_aggregate_agr,2019,1.811
svn,sex_t,age_10yrbands_y35_44,eco_aggregate_agr,2020,1.597
svn,sex_t,age_10yrbands_y35_44,eco_aggregate_agr,2021,1.17
svn,sex_t,age_10yrbands_y35_44,eco_aggregate_agr,2022,1.76
svn,sex_t,age_10yrbands_y35_44,eco_aggregate_agr,2023,1.576
svn,sex_t,age_10yrbands_y35_44,eco_aggregate_con,1996,10.908
svn,sex_t,age_10yrbands_y35_44,eco_aggregate_con,1997,13.217
svn,sex_t,age_10yrbands_y35_44,eco_aggregate_con,1998,12.46
svn,sex_t,age_10yrbands_y35_44,eco_aggregate_con,1999,10.141
svn,sex_t,age_10yrbands_y35_44,eco_aggregate_con,2000,9.622
svn,sex_t,age_10yrbands_y35_44,eco_aggregate_con,2001,13.495
svn,sex_t,age_10yrbands_y35_44,eco_aggregate_con,2002,10.775
svn,sex_t,age_10yrbands_y35_44,eco_aggregate_con,2003,12.362
svn,sex_t,age_10yrbands_y35_44,eco_aggregate_con,2004,13.285
svn,sex_t,age_10yrbands_y35_44,eco_aggregate_con,2005,12.289
svn,sex_t,age_10yrbands_y35_44,eco_aggregate_con,2006,12.328
svn,sex_t,age_10yrbands_y35_44,eco_aggregate_con,2007,12.366
svn,sex_t,age_10yrbands_y35_44,eco_aggregate_con,2008,15.214
svn,sex_t,age_10yrbands_y35_44,eco_aggregate_con,2009,12.704
svn,sex_t,age_10yrbands_y35_44,eco_aggregate_con,2010,10.764
svn,sex_t,age_10yrbands_y35_44,eco_aggregate_con,2011,13.331
svn,sex_t,age_10yrbands_y35_44,eco_aggregate_con,2012,13.992
svn,sex_t,age_10yrbands_y35_44,eco_aggregate_con,2013,13.384
svn,sex_t,age_10yrbands_y35_44,eco_aggregate_con,2014,11.368
svn,sex_t,age_10yrbands_y35_44,eco_aggregate_con,2015,12.514
svn,sex_t,age_10yrbands_y35_44,eco_aggregate_con,2016,12.536
svn,sex_t,age_10yrbands_y35_44,eco_aggregate_con,2017,13
svn,sex_t,age_10yrbands_y35_44,eco_aggregate_con,2018,11.939
svn,sex_t,age_10yrbands_y35_44,eco_aggregate_con,2019,14.274
svn,sex_t,age_10yrbands_y35_44,eco_aggregate_con,2020,11.78
svn,sex_t,age_10yrbands_y35_44,eco_aggregate_con,2021,11.932
svn,sex_t,age_10yrbands_y35_44,eco_aggregate_con,2022,12.276
svn,sex_t,age_10yrbands_y35_44,eco_aggregate_con,2023,13.667
svn,sex_t,age_10yrbands_y35_44,eco_aggregate_man,1996,96.61
svn,sex_t,age_10yrbands_y35_44,eco_aggregate_man,1997,88.547
svn,sex_t,age_10yrbands_y35_44,eco_aggregate_man,1998,85.893
svn,sex_t,age_10yrbands_y35_44,eco_aggregate_man,1999,77.982
svn,sex_t,age_10yrbands_y35_44,eco_aggregate_man,2000,76.051
svn,sex_t,age_10yrbands_y35_44,eco_aggregate_man,2001,81.16
svn,sex_t,age_10yrbands_y35_44,eco_aggregate_man,2002,86.08
svn,sex_t,age_10yrbands_y35_44,eco_aggregate_man,2003,76.556
svn,sex_t,age_10yrbands_y35_44,eco_aggregate_man,2004,75.548
svn,sex_t,age_10yrbands_y35_44,eco_aggregate_man,2005,83.818
svn,sex_t,age_10yrbands_y35_44,eco_aggregate_man,2006,77.426
svn,sex_t,age_10yrbands_y35_44,eco_aggregate_man,2007,72.373
svn,sex_t,age_10yrbands_y35_44,eco_aggregate_man,2008,71.405
svn,sex_t,age_10yrbands_y35_44,eco_aggregate_man,2009,66.696
svn,sex_t,age_10yrbands_y35_44,eco_aggregate_man,2010,66.069
svn,sex_t,age_10yrbands_y35_44,eco_aggregate_man,2011,65.148
svn,sex_t,age_10yrbands_y35_44,eco_aggregate_man,2012,60.448
svn,sex_t,age_10yrbands_y35_44,eco_aggregate_man,2013,52.853
svn,sex_t,age_10yrbands_y35_44,eco_aggregate_man,2014,54.031
svn,sex_t,age_10yrbands_y35_44,eco_aggregate_man,2015,54.859
svn,sex_t,age_10yrbands_y35_44,eco_aggregate_man,2016,60.443
svn,sex_t,age_10yrbands_y35_44,eco_aggregate_man,2017,62.621
svn,sex_t,age_10yrbands_y35_44,eco_aggregate_man,2018,64.522
svn,sex_t,age_10yrbands_y35_44,eco_aggregate_man,2019,66.81
svn,sex_t,age_10yrbands_y35_44,eco_aggregate_man,2020,64.119
svn,sex_t,age_10yrbands_y35_44,eco_aggregate_man,2021,54.092
svn,sex_t,age_10yrbands_y35_44,eco_aggregate_man,2022,57.641
svn,sex_t,age_10yrbands_y35_44,eco_aggregate_man,2023,59.462
svn,sex_t,age_10yrbands_y35_44,eco_aggregate_mel,1996,7.569
svn,sex_t,age_10yrbands_y35_44,eco_aggregate_mel,1997,5.764
svn,sex_t,age_10yrbands_y35_44,eco_aggregate_mel,1998,6.082
svn,sex_t,age_10yrbands_y35_44,eco_aggregate_mel,1999,6.254
svn,sex_t,age_10yrbands_y35_44,eco_aggregate_mel,2000,7.166
svn,sex_t,age_10yrbands_y35_44,eco_aggregate_mel,2001,6.258
svn,sex_t,age_10yrbands_y35_44,eco_aggregate_mel,2002,5.173
svn,sex_t,age_10yrbands_y35_44,eco_aggregate_mel,2003,5.818
svn,sex_t,age_10yrbands_y35_44,eco_aggregate_mel,2004,6.407
svn,sex_t,age_10yrbands_y35_44,eco_aggregate_mel,2005,6.28
svn,sex_t,age_10yrbands_y35_44,eco_aggregate_mel,2006,5.498
svn,sex_t,age_10yrbands_y35_44,eco_aggregate_mel,2007,4.952
svn,sex_t,age_10yrbands_y35_44,eco_aggregate_mel,2008,6.98
svn,sex_t,age_10yrbands_y35_44,eco_aggregate_mel,2009,6.629
svn,sex_t,age_10yrbands_y35_44,eco_aggregate_mel,2010,6.408
svn,sex_t,age_10yrbands_y35_44,eco_aggregate_mel,2011,6.75
svn,sex_t,age_10yrbands_y35_44,eco_aggregate_mel,2012,6.339
svn,sex_t,age_10yrbands_y35_44,eco_aggregate_mel,2013,6.63
svn,sex_t,age_10yrbands_y35_44,eco_aggregate_mel,2014,6.303
svn,sex_t,age_10yrbands_y35_44,eco_aggregate_mel,2015,5.698
svn,sex_t,age_10yrbands_y35_44,eco_aggregate_mel,2016,5.299
svn,sex_t,age_10yrbands_y35_44,eco_aggregate_mel,2017,5.155
svn,sex_t,age_10yrbands_y35_44,eco_aggregate_mel,2018,6.067
svn,sex_t,age_10yrbands_y35_44,eco_aggregate_mel,2019,7.526
svn,sex_t,age_10yrbands_y35_44,eco_aggregate_mel,2020,8.072
svn,sex_t,age_10yrbands_y35_44,eco_aggregate_mel,2021,7.151
svn,sex_t,age_10yrbands_y35_44,eco_aggregate_mel,2022,7.116
svn,sex_t,age_10yrbands_y35_44,eco_aggregate_mel,2023,6.844
svn,sex_t,age_10yrbands_y35_44,eco_aggregate_mkt,1996,59.226
svn,sex_t,age_10yrbands_y35_44,eco_aggregate_mkt,1997,61.821
svn,sex_t,age_10yrbands_y35_44,eco_aggregate_mkt,1998,63.865
svn,sex_t,age_10yrbands_y35_44,eco_aggregate_mkt,1999,63.984
svn,sex_t,age_10yrbands_y35_44,eco_aggregate_mkt,2000,72.046
svn,sex_t,age_10yrbands_y35_44,eco_aggregate_mkt,2001,68.136
svn,sex_t,age_10yrbands_y35_44,eco_aggregate_mkt,2002,67.143
svn,sex_t,age_10yrbands_y35_44,eco_aggregate_mkt,2003,68.062
svn,sex_t,age_10yrbands_y35_44,eco_aggregate_mkt,2004,66.02
svn,sex_t,age_10yrbands_y35_44,eco_aggregate_mkt,2005,71.761
svn,sex_t,age_10yrbands_y35_44,eco_aggregate_mkt,2006,72.708
svn,sex_t,age_10yrbands_y35_44,eco_aggregate_mkt,2007,77.274
svn,sex_t,age_10yrbands_y35_44,eco_aggregate_mkt,2008,82.674
svn,sex_t,age_10yrbands_y35_44,eco_aggregate_mkt,2009,79.324
svn,sex_t,age_10yrbands_y35_44,eco_aggregate_mkt,2010,72.531
svn,sex_t,age_10yrbands_y35_44,eco_aggregate_mkt,2011,74.679
svn,sex_t,age_10yrbands_y35_44,eco_aggregate_mkt,2012,78.699
svn,sex_t,age_10yrbands_y35_44,eco_aggregate_mkt,2013,82.665
svn,sex_t,age_10yrbands_y35_44,eco_aggregate_mkt,2014,83.519
svn,sex_t,age_10yrbands_y35_44,eco_aggregate_mkt,2015,80.642
svn,sex_t,age_10yrbands_y35_44,eco_aggregate_mkt,2016,83.308
svn,sex_t,age_10yrbands_y35_44,eco_aggregate_mkt,2017,86.629
svn,sex_t,age_10yrbands_y35_44,eco_aggregate_mkt,2018,87.837
svn,sex_t,age_10yrbands_y35_44,eco_aggregate_mkt,2019,88.886
svn,sex_t,age_10yrbands_y35_44,eco_aggregate_mkt,2020,87.147
svn,sex_t,age_10yrbands_y35_44,eco_aggregate_mkt,2021,91.231
svn,sex_t,age_10yrbands_y35_44,eco_aggregate_mkt,2022,89.595
svn,sex_t,age_10yrbands_y35_44,eco_aggregate_mkt,2023,89.573
svn,sex_t,age_10yrbands_y35_44,eco_aggregate_pub,1996,52.096
svn,sex_t,age_10yrbands_y35_44,eco_aggregate_pub,1997,46.84
svn,sex_t,age_10yrbands_y35_44,eco_aggregate_pub,1998,49.512
svn,sex_t,age_10yrbands_y35_44,eco_aggregate_pub,1999,56.788
svn,sex_t,age_10yrbands_y35_44,eco_aggregate_pub,2000,56.735
svn,sex_t,age_10yrbands_y35_44,eco_aggregate_pub,2001,58.889
svn,sex_t,age_10yrbands_y35_44,eco_aggregate_pub,2002,56.64
svn,sex_t,age_10yrbands_y35_44,eco_aggregate_pub,2003,55.432
svn,sex_t,age_10yrbands_y35_44,eco_aggregate_pub,2004,56.643
svn,sex_t,age_10yrbands_y35_44,eco_aggregate_pub,2005,64.166
svn,sex_t,age_10yrbands_y35_44,eco_aggregate_pub,2006,65.747
svn,sex_t,age_10yrbands_y35_44,eco_aggregate_pub,2007,60.367
svn,sex_t,age_10yrbands_y35_44,eco_aggregate_pub,2008,59.256
svn,sex_t,age_10yrbands_y35_44,eco_aggregate_pub,2009,55.992
svn,sex_t,age_10yrbands_y35_44,eco_aggregate_pub,2010,56.954
svn,sex_t,age_10yrbands_y35_44,eco_aggregate_pub,2011,58.027
svn,sex_t,age_10yrbands_y35_44,eco_aggregate_pub,2012,59.938
svn,sex_t,age_10yrbands_y35_44,eco_aggregate_pub,2013,60.876
svn,sex_t,age_10yrbands_y35_44,eco_aggregate_pub,2014,61.177
svn,sex_t,age_10yrbands_y35_44,eco_aggregate_pub,2015,62.321
svn,sex_t,age_10yrbands_y35_44,eco_aggregate_pub,2016,66.726
svn,sex_t,age_10yrbands_y35_44,eco_aggregate_pub,2017,64.574
svn,sex_t,age_10yrbands_y35_44,eco_aggregate_pub,2018,62.381
svn,sex_t,age_10yrbands_y35_44,eco_aggregate_pub,2019,64.388
svn,sex_t,age_10yrbands_y35_44,eco_aggregate_pub,2020,65.937
svn,sex_t,age_10yrbands_y35_44,eco_aggregate_pub,2021,71.001
svn,sex_t,age_10yrbands_y35_44,eco_aggregate_pub,2022,68.77
svn,sex_t,age_10yrbands_y35_44,eco_aggregate_pub,2023,67.206
svn,sex_t,age_10yrbands_y35_44,eco_aggregate_total,1996,230.656
svn,sex_t,age_10yrbands_y35_44,eco_aggregate_total,1997,220.68
svn,sex_t,age_10yrbands_y35_44,eco_aggregate_total,1998,221.619
svn,sex_t,age_10yrbands_y35_44,eco_aggregate_total,1999,217.919
svn,sex_t,age_10yrbands_y35_44,eco_aggregate_total,2000,225.059
svn,sex_t,age_10yrbands_y35_44,eco_aggregate_total,2001,233.898
svn,sex_t,age_10yrbands_y35_44,eco_aggregate_total,2002,231.734
svn,sex_t,age_10yrbands_y35_44,eco_aggregate_total,2003,222.45
svn,sex_t,age_10yrbands_y35_44,eco_aggregate_total,2004,222.843
svn,sex_t,age_10yrbands_y35_44,eco_aggregate_total,2005,242.52
svn,sex_t,age_10yrbands_y35_44,eco_aggregate_total,2006,237.044
svn,sex_t,age_10yrbands_y35_44,eco_aggregate_total,2007,232.435
svn,sex_t,age_10yrbands_y35_44,eco_aggregate_total,2008,239.391
svn,sex_t,age_10yrbands_y35_44,eco_aggregate_total,2009,225.167
svn,sex_t,age_10yrbands_y35_44,eco_aggregate_total,2010,216.15
svn,sex_t,age_10yrbands_y35_44,eco_aggregate_total,2011,222.506
svn,sex_t,age_10yrbands_y35_44,eco_aggregate_total,2012,224.506
svn,sex_t,age_10yrbands_y35_44,eco_aggregate_total,2013,219.4
svn,sex_t,age_10yrbands_y35_44,eco_aggregate_total,2014,219.813
svn,sex_t,age_10yrbands_y35_44,eco_aggregate_total,2015,221.544
svn,sex_t,age_10yrbands_y35_44,eco_aggregate_total,2016,233.361
svn,sex_t,age_10yrbands_y35_44,eco_aggregate_total,2017,236.763
svn,sex_t,age_10yrbands_y35_44,eco_aggregate_total,2018,235.857
svn,sex_t,age_10yrbands_y35_44,eco_aggregate_total,2019,244.499
svn,sex_t,age_10yrbands_y35_44,eco_aggregate_total,2020,239.299
svn,sex_t,age_10yrbands_y35_44,eco_aggregate_total,2021,237.387
svn,sex_t,age_10yrbands_y35_44,eco_aggregate_total,2022,238.272
svn,sex_t,age_10yrbands_y35_44,eco_aggregate_total,2023,239.339
svn,sex_t,age_10yrbands_y35_44,eco_aggregate_x,1997,0.461
svn,sex_t,age_10yrbands_y35_44,eco_aggregate_x,1998,0.782
svn,sex_t,age_10yrbands_y35_44,eco_aggregate_x,2000,0.647
svn,sex_t,age_10yrbands_y35_44,eco_aggregate_x,2001,2.971
svn,sex_t,age_10yrbands_y35_44,eco_aggregate_x,2002,1.601
svn,sex_t,age_10yrbands_y35_44,eco_aggregate_x,2003,0.954
svn,sex_t,age_10yrbands_y35_44,eco_aggregate_x,2004,1.382
svn,sex_t,age_10yrbands_y35_44,eco_aggregate_x,2005,1.001
svn,sex_t,age_10yrbands_y35_44,eco_aggregate_x,2006,0.54
svn,sex_t,age_10yrbands_y35_44,eco_aggregate_x,2007,1.572
svn,sex_t,age_10yrbands_y35_44,eco_aggregate_x,2008,1.02
svn,sex_t,age_10yrbands_y35_44,eco_aggregate_x,2009,0.382
svn,sex_t,age_10yrbands_y35_44,eco_aggregate_x,2010,0.375
svn,sex_t,age_10yrbands_y35_44,eco_aggregate_x,2011,1.352
svn,sex_t,age_10yrbands_y35_44,eco_aggregate_x,2012,1.64
svn,sex_t,age_10yrbands_y35_44,eco_aggregate_x,2013,1.339
svn,sex_t,age_10yrbands_y35_44,eco_aggregate_x,2014,1.195
svn,sex_t,age_10yrbands_y35_44,eco_aggregate_x,2015,3.011
svn,sex_t,age_10yrbands_y35_44,eco_aggregate_x,2016,2.084
svn,sex_t,age_10yrbands_y35_44,eco_aggregate_x,2017,1.647
svn,sex_t,age_10yrbands_y35_44,eco_aggregate_x,2018,1.224
svn,sex_t,age_10yrbands_y35_44,eco_aggregate_x,2019,0.803
svn,sex_t,age_10yrbands_y35_44,eco_aggregate_x,2020,0.647
svn,sex_t,age_10yrbands_y35_44,eco_aggregate_x,2021,0.811
svn,sex_t,age_10yrbands_y35_44,eco_aggregate_x,2022,1.115
svn,sex_t,age_10yrbands_y35_44,eco_aggregate_x,2023,1.011
svn,sex_t,age_10yrbands_y35_44,eco_sector_agr,1996,4.122
svn,sex_t,age_10yrbands_y35_44,eco_sector_agr,1997,4.029
svn,sex_t,age_10yrbands_y35_44,eco_sector_agr,1998,3.025
svn,sex_t,age_10yrbands_y35_44,eco_sector_agr,1999,2.168
svn,sex_t,age_10yrbands_y35_44,eco_sector_agr,2000,2.793
svn,sex_t,age_10yrbands_y35_44,eco_sector_agr,2001,2.989
svn,sex_t,age_10yrbands_y35_44,eco_sector_agr,2002,4.322
svn,sex_t,age_10yrbands_y35_44,eco_sector_agr,2003,3.266
svn,sex_t,age_10yrbands_y35_44,eco_sector_agr,2004,3.558
svn,sex_t,age_10yrbands_y35_44,eco_sector_agr,2005,3.205
svn,sex_t,age_10yrbands_y35_44,eco_sector_agr,2006,2.796
svn,sex_t,age_10yrbands_y35_44,eco_sector_agr,2007,3.532
svn,sex_t,age_10yrbands_y35_44,eco_sector_agr,2008,2.843
svn,sex_t,age_10yrbands_y35_44,eco_sector_agr,2009,3.44
svn,sex_t,age_10yrbands_y35_44,eco_sector_agr,2010,3.048
svn,sex_t,age_10yrbands_y35_44,eco_sector_agr,2011,3.219
svn,sex_t,age_10yrbands_y35_44,eco_sector_agr,2012,3.45
svn,sex_t,age_10yrbands_y35_44,eco_sector_agr,2013,1.653
svn,sex_t,age_10yrbands_y35_44,eco_sector_agr,2014,2.22
svn,sex_t,age_10yrbands_y35_44,eco_sector_agr,2015,2.497
svn,sex_t,age_10yrbands_y35_44,eco_sector_agr,2016,2.966
svn,sex_t,age_10yrbands_y35_44,eco_sector_agr,2017,3.136
svn,sex_t,age_10yrbands_y35_44,eco_sector_agr,2018,1.888
svn,sex_t,age_10yrbands_y35_44,eco_sector_agr,2019,1.811
svn,sex_t,age_10yrbands_y35_44,eco_sector_agr,2020,1.597
svn,sex_t,age_10yrbands_y35_44,eco_sector_agr,2021,1.17
svn,sex_t,age_10yrbands_y35_44,eco_sector_agr,2022,1.76
svn,sex_t,age_10yrbands_y35_44,eco_sector_agr,2023,1.576
svn,sex_t,age_10yrbands_y35_44,eco_sector_ind,1996,115.086
svn,sex_t,age_10yrbands_y35_44,eco_sector_ind,1997,107.528
svn,sex_t,age_10yrbands_y35_44,eco_sector_ind,1998,104.435
svn,sex_t,age_10yrbands_y35_44,eco_sector_ind,1999,94.378
svn,sex_t,age_10yrbands_y35_44,eco_sector_ind,2000,92.839
svn,sex_t,age_10yrbands_y35_44,eco_sector_ind,2001,100.913
svn,sex_t,age_10yrbands_y35_44,eco_sector_ind,2002,102.029
svn,sex_t,age_10yrbands_y35_44,eco_sector_ind,2003,94.736
svn,sex_t,age_10yrbands_y35_44,eco_sector_ind,2004,95.24
svn,sex_t,age_10yrbands_y35_44,eco_sector_ind,2005,102.387
svn,sex_t,age_10yrbands_y35_44,eco_sector_ind,2006,95.252
svn,sex_t,age_10yrbands_y35_44,eco_sector_ind,2007,89.69
svn,sex_t,age_10yrbands_y35_44,eco_sector_ind,2008,93.599
svn,sex_t,age_10yrbands_y35_44,eco_sector_ind,2009,86.028
svn,sex_t,age_10yrbands_y35_44,eco_sector_ind,2010,83.241
svn,sex_t,age_10yrbands_y35_44,eco_sector_ind,2011,85.23
svn,sex_t,age_10yrbands_y35_44,eco_sector_ind,2012,80.779
svn,sex_t,age_10yrbands_y35_44,eco_sector_ind,2013,72.868
svn,sex_t,age_10yrbands_y35_44,eco_sector_ind,2014,71.702
svn,sex_t,age_10yrbands_y35_44,eco_sector_ind,2015,73.072
svn,sex_t,age_10yrbands_y35_44,eco_sector_ind,2016,78.277
svn,sex_t,age_10yrbands_y35_44,eco_sector_ind,2017,80.776
svn,sex_t,age_10yrbands_y35_44,eco_sector_ind,2018,82.528
svn,sex_t,age_10yrbands_y35_44,eco_sector_ind,2019,88.611
svn,sex_t,age_10yrbands_y35_44,eco_sector_ind,2020,83.971
svn,sex_t,age_10yrbands_y35_44,eco_sector_ind,2021,73.175
svn,sex_t,age_10yrbands_y35_44,eco_sector_ind,2022,77.033
svn,sex_t,age_10yrbands_y35_44,eco_sector_ind,2023,79.972
svn,sex_t,age_10yrbands_y35_44,eco_sector_nag,1996,226.533
svn,sex_t,age_10yrbands_y35_44,eco_sector_nag,1997,216.651
svn,sex_t,age_10yrbands_y35_44,eco_sector_nag,1998,218.594
svn,sex_t,age_10yrbands_y35_44,eco_sector_nag,1999,215.751
svn,sex_t,age_10yrbands_y35_44,eco_sector_nag,2000,222.266
svn,sex_t,age_10yrbands_y35_44,eco_sector_nag,2001,230.909
svn,sex_t,age_10yrbands_y35_44,eco_sector_nag,2002,227.412
svn,sex_t,age_10yrbands_y35_44,eco_sector_nag,2003,219.184
svn,sex_t,age_10yrbands_y35_44,eco_sector_nag,2004,219.285
svn,sex_t,age_10yrbands_y35_44,eco_sector_nag,2005,239.315
svn,sex_t,age_10yrbands_y35_44,eco_sector_nag,2006,234.248
svn,sex_t,age_10yrbands_y35_44,eco_sector_nag,2007,228.903
svn,sex_t,age_10yrbands_y35_44,eco_sector_nag,2008,236.548
svn,sex_t,age_10yrbands_y35_44,eco_sector_nag,2009,221.727
svn,sex_t,age_10yrbands_y35_44,eco_sector_nag,2010,213.101
svn,sex_t,age_10yrbands_y35_44,eco_sector_nag,2011,219.288
svn,sex_t,age_10yrbands_y35_44,eco_sector_nag,2012,221.056
svn,sex_t,age_10yrbands_y35_44,eco_sector_nag,2013,217.747
svn,sex_t,age_10yrbands_y35_44,eco_sector_nag,2014,217.593
svn,sex_t,age_10yrbands_y35_44,eco_sector_nag,2015,219.047
svn,sex_t,age_10yrbands_y35_44,eco_sector_nag,2016,230.395
svn,sex_t,age_10yrbands_y35_44,eco_sector_nag,2017,233.626
svn,sex_t,age_10yrbands_y35_44,eco_sector_nag,2018,233.97
svn,sex_t,age_10yrbands_y35_44,eco_sector_nag,2019,242.688
svn,sex_t,age_10yrbands_y35_44,eco_sector_nag,2020,237.702
svn,sex_t,age_10yrbands_y35_44,eco_sector_nag,2021,236.218
svn,sex_t,age_10yrbands_y35_44,eco_sector_nag,2022,236.513
svn,sex_t,age_10yrbands_y35_44,eco_sector_nag,2023,237.763
svn,sex_t,age_10yrbands_y35_44,eco_sector_ser,1996,111.322
svn,sex_t,age_10yrbands_y35_44,eco_sector_ser,1997,108.661
svn,sex_t,age_10yrbands_y35_44,eco_sector_ser,1998,113.377
svn,sex_t,age_10yrbands_y35_44,eco_sector_ser,1999,120.771
svn,sex_t,age_10yrbands_y35_44,eco_sector_ser,2000,128.78
svn,sex_t,age_10yrbands_y35_44,eco_sector_ser,2001,127.025
svn,sex_t,age_10yrbands_y35_44,eco_sector_ser,2002,123.783
svn,sex_t,age_10yrbands_y35_44,eco_sector_ser,2003,123.494
svn,sex_t,age_10yrbands_y35_44,eco_sector_ser,2004,122.663
svn,sex_t,age_10yrbands_y35_44,eco_sector_ser,2005,135.927
svn,sex_t,age_10yrbands_y35_44,eco_sector_ser,2006,138.455
svn,sex_t,age_10yrbands_y35_44,eco_sector_ser,2007,137.641
svn,sex_t,age_10yrbands_y35_44,eco_sector_ser,2008,141.929
svn,sex_t,age_10yrbands_y35_44,eco_sector_ser,2009,135.317
svn,sex_t,age_10yrbands_y35_44,eco_sector_ser,2010,129.485
svn,sex_t,age_10yrbands_y35_44,eco_sector_ser,2011,132.706
svn,sex_t,age_10yrbands_y35_44,eco_sector_ser,2012,138.637
svn,sex_t,age_10yrbands_y35_44,eco_sector_ser,2013,143.541
svn,sex_t,age_10yrbands_y35_44,eco_sector_ser,2014,144.696
svn,sex_t,age_10yrbands_y35_44,eco_sector_ser,2015,142.963
svn,sex_t,age_10yrbands_y35_44,eco_sector_ser,2016,150.034
svn,sex_t,age_10yrbands_y35_44,eco_sector_ser,2017,151.204
svn,sex_t,age_10yrbands_y35_44,eco_sector_ser,2018,150.218
svn,sex_t,age_10yrbands_y35_44,eco_sector_ser,2019,153.274
svn,sex_t,age_10yrbands_y35_44,eco_sector_ser,2020,153.084
svn,sex_t,age_10yrbands_y35_44,eco_sector_ser,2021,162.232
svn,sex_t,age_10yrbands_y35_44,eco_sector_ser,2022,158.365
svn,sex_t,age_10yrbands_y35_44,eco_sector_ser,2023,156.78
svn,sex_t,age_10yrbands_y35_44,eco_sector_total,1996,230.656
svn,sex_t,age_10yrbands_y35_44,eco_sector_total,1997,220.68
svn,sex_t,age_10yrbands_y35_44,eco_sector_total,1998,221.619
svn,sex_t,age_10yrbands_y35_44,eco_sector_total,1999,217.919
svn,sex_t,age_10yrbands_y35_44,eco_sector_total,2000,225.059
svn,sex_t,age_10yrbands_y35_44,eco_sector_total,2001,233.898
svn,sex_t,age_10yrbands_y35_44,eco_sector_total,2002,231.734
svn,sex_t,age_10yrbands_y35_44,eco_sector_total,2003,222.45
svn,sex_t,age_10yrbands_y35_44,eco_sector_total,2004,222.843
svn,sex_t,age_10yrbands_y35_44,eco_sector_total,2005,242.52
svn,sex_t,age_10yrbands_y35_44,eco_sector_total,2006,237.044
svn,sex_t,age_10yrbands_y35_44,eco_sector_total,2007,232.435
svn,sex_t,age_10yrbands_y35_44,eco_sector_total,2008,239.391
svn,sex_t,age_10yrbands_y35_44,eco_sector_total,2009,225.167
svn,sex_t,age_10yrbands_y35_44,eco_sector_total,2010,216.15
svn,sex_t,age_10yrbands_y35_44,eco_sector_total,2011,222.506
svn,sex_t,age_10yrbands_y35_44,eco_sector_total,2012,224.506
svn,sex_t,age_10yrbands_y35_44,eco_sector_total,2013,219.4
svn,sex_t,age_10yrbands_y35_44,eco_sector_total,2014,219.813
svn,sex_t,age_10yrbands_y35_44,eco_sector_total,2015,221.544
svn,sex_t,age_10yrbands_y35_44,eco_sector_total,2016,233.361
svn,sex_t,age_10yrbands_y35_44,eco_sector_total,2017,236.763
svn,sex_t,age_10yrbands_y35_44,eco_sector_total,2018,235.857
svn,sex_t,age_10yrbands_y35_44,eco_sector_total,2019,244.499
svn,sex_t,age_10yrbands_y35_44,eco_sector_total,2020,239.299
svn,sex_t,age_10yrbands_y35_44,eco_sector_total,2021,237.387
svn,sex_t,age_10yrbands_y35_44,eco_sector_total,2022,238.272
svn,sex_t,age_10yrbands_y35_44,eco_sector_total,2023,239.339
svn,sex_t,age_10yrbands_y35_44,eco_sector_x,1997,0.461
svn,sex_t,age_10yrbands_y35_44,eco_sector_x,1998,0.782
svn,sex_t,age_10yrbands_y35_44,eco_sector_x,2000,0.647
svn,sex_t,age_10yrbands_y35_44,eco_sector_x,2001,2.971
svn,sex_t,age_10yrbands_y35_44,eco_sector_x,2002,1.601
svn,sex_t,age_10yrbands_y35_44,eco_sector_x,2003,0.954
svn,sex_t,age_10yrbands_y35_44,eco_sector_x,2004,1.382
svn,sex_t,age_10yrbands_y35_44,eco_sector_x,2005,1.001
svn,sex_t,age_10yrbands_y35_44,eco_sector_x,2006,0.54
svn,sex_t,age_10yrbands_y35_44,eco_sector_x,2007,1.572
svn,sex_t,age_10yrbands_y35_44,eco_sector_x,2008,1.02
svn,sex_t,age_10yrbands_y35_44,eco_sector_x,2009,0.382
svn,sex_t,age_10yrbands_y35_44,eco_sector_x,2010,0.375
svn,sex_t,age_10yrbands_y35_44,eco_sector_x,2011,1.352
svn,sex_t,age_10yrbands_y35_44,eco_sector_x,2012,1.64
svn,sex_t,age_10yrbands_y35_44,eco_sector_x,2013,1.339
svn,sex_t,age_10yrbands_y35_44,eco_sector_x,2014,1.195
svn,sex_t,age_10yrbands_y35_44,eco_sector_x,2015,3.011
svn,sex_t,age_10yrbands_y35_44,eco_sector_x,2016,2.084
svn,sex_t,age_10yrbands_y35_44,eco_sector_x,2017,1.647
svn,sex_t,age_10yrbands_y35_44,eco_sector_x,2018,1.224
svn,sex_t,age_10yrbands_y35_44,eco_sector_x,2019,0.803
svn,sex_t,age_10yrbands_y35_44,eco_sector_x,2020,0.647
svn,sex_t,age_10yrbands_y35_44,eco_sector_x,2021,0.811
svn,sex_t,age_10yrbands_y35_44,eco_sector_x,2022,1.115
svn,sex_t,age_10yrbands_y35_44,eco_sector_x,2023,1.011
svn,sex_t,age_10yrbands_y45_54,eco_aggregate_agr,1996,3.072
svn,sex_t,age_10yrbands_y45_54,eco_aggregate_agr,1997,3.584
svn,sex_t,age_10yrbands_y45_54,eco_aggregate_agr,1998,2.717
svn,sex_t,age_10yrbands_y45_54,eco_aggregate_agr,1999,2.331
svn,sex_t,age_10yrbands_y45_54,eco_aggregate_agr,2000,2.689
svn,sex_t,age_10yrbands_y45_54,eco_aggregate_agr,2001,2.284
svn,sex_t,age_10yrbands_y45_54,eco_aggregate_agr,2002,2.666
svn,sex_t,age_10yrbands_y45_54,eco_aggregate_agr,2003,3.76
svn,sex_t,age_10yrbands_y45_54,eco_aggregate_agr,2004,3.589
svn,sex_t,age_10yrbands_y45_54,eco_aggregate_agr,2005,3.251
svn,sex_t,age_10yrbands_y45_54,eco_aggregate_agr,2006,4.033
svn,sex_t,age_10yrbands_y45_54,eco_aggregate_agr,2007,4.024
svn,sex_t,age_10yrbands_y45_54,eco_aggregate_agr,2008,4.582
svn,sex_t,age_10yrbands_y45_54,eco_aggregate_agr,2009,2.915
svn,sex_t,age_10yrbands_y45_54,eco_aggregate_agr,2010,2.373
svn,sex_t,age_10yrbands_y45_54,eco_aggregate_agr,2011,2.971
svn,sex_t,age_10yrbands_y45_54,eco_aggregate_agr,2012,2.775
svn,sex_t,age_10yrbands_y45_54,eco_aggregate_agr,2013,3.129
svn,sex_t,age_10yrbands_y45_54,eco_aggregate_agr,2014,3.43
svn,sex_t,age_10yrbands_y45_54,eco_aggregate_agr,2015,2.805
svn,sex_t,age_10yrbands_y45_54,eco_aggregate_agr,2016,2.369
svn,sex_t,age_10yrbands_y45_54,eco_aggregate_agr,2017,3.136
svn,sex_t,age_10yrbands_y45_54,eco_aggregate_agr,2018,2.845
svn,sex_t,age_10yrbands_y45_54,eco_aggregate_agr,2019,1.478
svn,sex_t,age_10yrbands_y45_54,eco_aggregate_agr,2020,1.462
svn,sex_t,age_10yrbands_y45_54,eco_aggregate_agr,2021,2.594
svn,sex_t,age_10yrbands_y45_54,eco_aggregate_agr,2022,2.54
svn,sex_t,age_10yrbands_y45_54,eco_aggregate_agr,2023,2.238
svn,sex_t,age_10yrbands_y45_54,eco_aggregate_con,1996,9.41
svn,sex_t,age_10yrbands_y45_54,eco_aggregate_con,1997,9.543
svn,sex_t,age_10yrbands_y45_54,eco_aggregate_con,1998,10.936
svn,sex_t,age_10yrbands_y45_54,eco_aggregate_con,1999,10.206
svn,sex_t,age_10yrbands_y45_54,eco_aggregate_con,2000,10.709
svn,sex_t,age_10yrbands_y45_54,eco_aggregate_con,2001,11.416
svn,sex_t,age_10yrbands_y45_54,eco_aggregate_con,2002,13.577
svn,sex_t,age_10yrbands_y45_54,eco_aggregate_con,2003,13.108
svn,sex_t,age_10yrbands_y45_54,eco_aggregate_con,2004,11.502
svn,sex_t,age_10yrbands_y45_54,eco_aggregate_con,2005,12.361
svn,sex_t,age_10yrbands_y45_54,eco_aggregate_con,2006,11.57
svn,sex_t,age_10yrbands_y45_54,eco_aggregate_con,2007,13.709
svn,sex_t,age_10yrbands_y45_54,eco_aggregate_con,2008,13.611
svn,sex_t,age_10yrbands_y45_54,eco_aggregate_con,2009,13.249
svn,sex_t,age_10yrbands_y45_54,eco_aggregate_con,2010,13.2
svn,sex_t,age_10yrbands_y45_54,eco_aggregate_con,2011,10.405
svn,sex_t,age_10yrbands_y45_54,eco_aggregate_con,2012,10.713
svn,sex_t,age_10yrbands_y45_54,eco_aggregate_con,2013,11.401
svn,sex_t,age_10yrbands_y45_54,eco_aggregate_con,2014,11.482
svn,sex_t,age_10yrbands_y45_54,eco_aggregate_con,2015,10.929
svn,sex_t,age_10yrbands_y45_54,eco_aggregate_con,2016,9.936
svn,sex_t,age_10yrbands_y45_54,eco_aggregate_con,2017,10.926
svn,sex_t,age_10yrbands_y45_54,eco_aggregate_con,2018,10.938
svn,sex_t,age_10yrbands_y45_54,eco_aggregate_con,2019,11.917
svn,sex_t,age_10yrbands_y45_54,eco_aggregate_con,2020,13.315
svn,sex_t,age_10yrbands_y45_54,eco_aggregate_con,2021,10.635
svn,sex_t,age_10yrbands_y45_54,eco_aggregate_con,2022,10.056
svn,sex_t,age_10yrbands_y45_54,eco_aggregate_con,2023,11.75
svn,sex_t,age_10yrbands_y45_54,eco_aggregate_man,1996,58.62
svn,sex_t,age_10yrbands_y45_54,eco_aggregate_man,1997,65.968
svn,sex_t,age_10yrbands_y45_54,eco_aggregate_man,1998,63.992
svn,sex_t,age_10yrbands_y45_54,eco_aggregate_man,1999,59.186
svn,sex_t,age_10yrbands_y45_54,eco_aggregate_man,2000,66.163
svn,sex_t,age_10yrbands_y45_54,eco_aggregate_man,2001,67.866
svn,sex_t,age_10yrbands_y45_54,eco_aggregate_man,2002,73.042
svn,sex_t,age_10yrbands_y45_54,eco_aggregate_man,2003,74.385
svn,sex_t,age_10yrbands_y45_54,eco_aggregate_man,2004,75.941
svn,sex_t,age_10yrbands_y45_54,eco_aggregate_man,2005,72.572
svn,sex_t,age_10yrbands_y45_54,eco_aggregate_man,2006,69.798
svn,sex_t,age_10yrbands_y45_54,eco_aggregate_man,2007,71.043
svn,sex_t,age_10yrbands_y45_54,eco_aggregate_man,2008,73.819
svn,sex_t,age_10yrbands_y45_54,eco_aggregate_man,2009,71.545
svn,sex_t,age_10yrbands_y45_54,eco_aggregate_man,2010,64.198
svn,sex_t,age_10yrbands_y45_54,eco_aggregate_man,2011,59.51
svn,sex_t,age_10yrbands_y45_54,eco_aggregate_man,2012,57.589
svn,sex_t,age_10yrbands_y45_54,eco_aggregate_man,2013,61.914
svn,sex_t,age_10yrbands_y45_54,eco_aggregate_man,2014,62.483
svn,sex_t,age_10yrbands_y45_54,eco_aggregate_man,2015,62.472
svn,sex_t,age_10yrbands_y45_54,eco_aggregate_man,2016,65.086
svn,sex_t,age_10yrbands_y45_54,eco_aggregate_man,2017,62.964
svn,sex_t,age_10yrbands_y45_54,eco_aggregate_man,2018,65.456
svn,sex_t,age_10yrbands_y45_54,eco_aggregate_man,2019,67.421
svn,sex_t,age_10yrbands_y45_54,eco_aggregate_man,2020,68.891
svn,sex_t,age_10yrbands_y45_54,eco_aggregate_man,2021,61.807
svn,sex_t,age_10yrbands_y45_54,eco_aggregate_man,2022,58.068
svn,sex_t,age_10yrbands_y45_54,eco_aggregate_man,2023,59.063
svn,sex_t,age_10yrbands_y45_54,eco_aggregate_mel,1996,5.112
svn,sex_t,age_10yrbands_y45_54,eco_aggregate_mel,1997,5.778
svn,sex_t,age_10yrbands_y45_54,eco_aggregate_mel,1998,3.878
svn,sex_t,age_10yrbands_y45_54,eco_aggregate_mel,1999,3.07
svn,sex_t,age_10yrbands_y45_54,eco_aggregate_mel,2000,3.771
svn,sex_t,age_10yrbands_y45_54,eco_aggregate_mel,2001,4.333
svn,sex_t,age_10yrbands_y45_54,eco_aggregate_mel,2002,3.978
svn,sex_t,age_10yrbands_y45_54,eco_aggregate_mel,2003,3.521
svn,sex_t,age_10yrbands_y45_54,eco_aggregate_mel,2004,4.357
svn,sex_t,age_10yrbands_y45_54,eco_aggregate_mel,2005,4.155
svn,sex_t,age_10yrbands_y45_54,eco_aggregate_mel,2006,4.193
svn,sex_t,age_10yrbands_y45_54,eco_aggregate_mel,2007,4.67
svn,sex_t,age_10yrbands_y45_54,eco_aggregate_mel,2008,6.985
svn,sex_t,age_10yrbands_y45_54,eco_aggregate_mel,2009,6.238
svn,sex_t,age_10yrbands_y45_54,eco_aggregate_mel,2010,7.212
svn,sex_t,age_10yrbands_y45_54,eco_aggregate_mel,2011,7.909
svn,sex_t,age_10yrbands_y45_54,eco_aggregate_mel,2012,6.724
svn,sex_t,age_10yrbands_y45_54,eco_aggregate_mel,2013,7.051
svn,sex_t,age_10yrbands_y45_54,eco_aggregate_mel,2014,8.633
svn,sex_t,age_10yrbands_y45_54,eco_aggregate_mel,2015,8.243
svn,sex_t,age_10yrbands_y45_54,eco_aggregate_mel,2016,7.007
svn,sex_t,age_10yrbands_y45_54,eco_aggregate_mel,2017,7.419
svn,sex_t,age_10yrbands_y45_54,eco_aggregate_mel,2018,8.281
svn,sex_t,age_10yrbands_y45_54,eco_aggregate_mel,2019,8.349
svn,sex_t,age_10yrbands_y45_54,eco_aggregate_mel,2020,7.985
svn,sex_t,age_10yrbands_y45_54,eco_aggregate_mel,2021,8.013
svn,sex_t,age_10yrbands_y45_54,eco_aggregate_mel,2022,8.964
svn,sex_t,age_10yrbands_y45_54,eco_aggregate_mel,2023,9.795
svn,sex_t,age_10yrbands_y45_54,eco_aggregate_mkt,1996,39.622
svn,sex_t,age_10yrbands_y45_54,eco_aggregate_mkt,1997,40.211
svn,sex_t,age_10yrbands_y45_54,eco_aggregate_mkt,1998,43.815
svn,sex_t,age_10yrbands_y45_54,eco_aggregate_mkt,1999,44.747
svn,sex_t,age_10yrbands_y45_54,eco_aggregate_mkt,2000,47.469
svn,sex_t,age_10yrbands_y45_54,eco_aggregate_mkt,2001,51.945
svn,sex_t,age_10yrbands_y45_54,eco_aggregate_mkt,2002,56.132
svn,sex_t,age_10yrbands_y45_54,eco_aggregate_mkt,2003,65.578
svn,sex_t,age_10yrbands_y45_54,eco_aggregate_mkt,2004,62.473
svn,sex_t,age_10yrbands_y45_54,eco_aggregate_mkt,2005,57.274
svn,sex_t,age_10yrbands_y45_54,eco_aggregate_mkt,2006,60.145
svn,sex_t,age_10yrbands_y45_54,eco_aggregate_mkt,2007,59.996
svn,sex_t,age_10yrbands_y45_54,eco_aggregate_mkt,2008,65.61
svn,sex_t,age_10yrbands_y45_54,eco_aggregate_mkt,2009,68.409
svn,sex_t,age_10yrbands_y45_54,eco_aggregate_mkt,2010,70.942
svn,sex_t,age_10yrbands_y45_54,eco_aggregate_mkt,2011,70.363
svn,sex_t,age_10yrbands_y45_54,eco_aggregate_mkt,2012,76.438
svn,sex_t,age_10yrbands_y45_54,eco_aggregate_mkt,2013,71.229
svn,sex_t,age_10yrbands_y45_54,eco_aggregate_mkt,2014,67.072
svn,sex_t,age_10yrbands_y45_54,eco_aggregate_mkt,2015,63.661
svn,sex_t,age_10yrbands_y45_54,eco_aggregate_mkt,2016,65.784
svn,sex_t,age_10yrbands_y45_54,eco_aggregate_mkt,2017,71.932
svn,sex_t,age_10yrbands_y45_54,eco_aggregate_mkt,2018,74.235
svn,sex_t,age_10yrbands_y45_54,eco_aggregate_mkt,2019,71.671
svn,sex_t,age_10yrbands_y45_54,eco_aggregate_mkt,2020,79.443
svn,sex_t,age_10yrbands_y45_54,eco_aggregate_mkt,2021,79.244
svn,sex_t,age_10yrbands_y45_54,eco_aggregate_mkt,2022,80.746
svn,sex_t,age_10yrbands_y45_54,eco_aggregate_mkt,2023,79.408
svn,sex_t,age_10yrbands_y45_54,eco_aggregate_pub,1996,34.808
svn,sex_t,age_10yrbands_y45_54,eco_aggregate_pub,1997,35.465
svn,sex_t,age_10yrbands_y45_54,eco_aggregate_pub,1998,41.188
svn,sex_t,age_10yrbands_y45_54,eco_aggregate_pub,1999,44.83
svn,sex_t,age_10yrbands_y45_54,eco_aggregate_pub,2000,51.218
svn,sex_t,age_10yrbands_y45_54,eco_aggregate_pub,2001,50.6
svn,sex_t,age_10yrbands_y45_54,eco_aggregate_pub,2002,49.118
svn,sex_t,age_10yrbands_y45_54,eco_aggregate_pub,2003,51.166
svn,sex_t,age_10yrbands_y45_54,eco_aggregate_pub,2004,55.67
svn,sex_t,age_10yrbands_y45_54,eco_aggregate_pub,2005,59.521
svn,sex_t,age_10yrbands_y45_54,eco_aggregate_pub,2006,62.704
svn,sex_t,age_10yrbands_y45_54,eco_aggregate_pub,2007,62.028
svn,sex_t,age_10yrbands_y45_54,eco_aggregate_pub,2008,60.734
svn,sex_t,age_10yrbands_y45_54,eco_aggregate_pub,2009,62.047
svn,sex_t,age_10yrbands_y45_54,eco_aggregate_pub,2010,63.194
svn,sex_t,age_10yrbands_y45_54,eco_aggregate_pub,2011,64.033
svn,sex_t,age_10yrbands_y45_54,eco_aggregate_pub,2012,65.791
svn,sex_t,age_10yrbands_y45_54,eco_aggregate_pub,2013,63.441
svn,sex_t,age_10yrbands_y45_54,eco_aggregate_pub,2014,65.941
svn,sex_t,age_10yrbands_y45_54,eco_aggregate_pub,2015,64.57
svn,sex_t,age_10yrbands_y45_54,eco_aggregate_pub,2016,62.949
svn,sex_t,age_10yrbands_y45_54,eco_aggregate_pub,2017,66.786
svn,sex_t,age_10yrbands_y45_54,eco_aggregate_pub,2018,67.888
svn,sex_t,age_10yrbands_y45_54,eco_aggregate_pub,2019,68.525
svn,sex_t,age_10yrbands_y45_54,eco_aggregate_pub,2020,69.582
svn,sex_t,age_10yrbands_y45_54,eco_aggregate_pub,2021,76.775
svn,sex_t,age_10yrbands_y45_54,eco_aggregate_pub,2022,77.504
svn,sex_t,age_10yrbands_y45_54,eco_aggregate_pub,2023,68.96
svn,sex_t,age_10yrbands_y45_54,eco_aggregate_total,1996,150.695
svn,sex_t,age_10yrbands_y45_54,eco_aggregate_total,1997,161.092
svn,sex_t,age_10yrbands_y45_54,eco_aggregate_total,1998,167.266
svn,sex_t,age_10yrbands_y45_54,eco_aggregate_total,1999,165.027
svn,sex_t,age_10yrbands_y45_54,eco_aggregate_total,2000,183.187
svn,sex_t,age_10yrbands_y45_54,eco_aggregate_total,2001,190.119
svn,sex_t,age_10yrbands_y45_54,eco_aggregate_total,2002,198.949
svn,sex_t,age_10yrbands_y45_54,eco_aggregate_total,2003,212.325
svn,sex_t,age_10yrbands_y45_54,eco_aggregate_total,2004,214.38
svn,sex_t,age_10yrbands_y45_54,eco_aggregate_total,2005,209.835
svn,sex_t,age_10yrbands_y45_54,eco_aggregate_total,2006,213.536
svn,sex_t,age_10yrbands_y45_54,eco_aggregate_total,2007,216.156
svn,sex_t,age_10yrbands_y45_54,eco_aggregate_total,2008,225.76
svn,sex_t,age_10yrbands_y45_54,eco_aggregate_total,2009,225.077
svn,sex_t,age_10yrbands_y45_54,eco_aggregate_total,2010,221.612
svn,sex_t,age_10yrbands_y45_54,eco_aggregate_total,2011,215.982
svn,sex_t,age_10yrbands_y45_54,eco_aggregate_total,2012,220.639
svn,sex_t,age_10yrbands_y45_54,eco_aggregate_total,2013,218.985
svn,sex_t,age_10yrbands_y45_54,eco_aggregate_total,2014,219.893
svn,sex_t,age_10yrbands_y45_54,eco_aggregate_total,2015,214.207
svn,sex_t,age_10yrbands_y45_54,eco_aggregate_total,2016,214.279
svn,sex_t,age_10yrbands_y45_54,eco_aggregate_total,2017,223.997
svn,sex_t,age_10yrbands_y45_54,eco_aggregate_total,2018,230.611
svn,sex_t,age_10yrbands_y45_54,eco_aggregate_total,2019,229.778
svn,sex_t,age_10yrbands_y45_54,eco_aggregate_total,2020,241.42
svn,sex_t,age_10yrbands_y45_54,eco_aggregate_total,2021,240.282
svn,sex_t,age_10yrbands_y45_54,eco_aggregate_total,2022,238.923
svn,sex_t,age_10yrbands_y45_54,eco_aggregate_total,2023,232.374
svn,sex_t,age_10yrbands_y45_54,eco_aggregate_x,1998,0.741
svn,sex_t,age_10yrbands_y45_54,eco_aggregate_x,1999,0.657
svn,sex_t,age_10yrbands_y45_54,eco_aggregate_x,2000,1.167
svn,sex_t,age_10yrbands_y45_54,eco_aggregate_x,2001,1.675
svn,sex_t,age_10yrbands_y45_54,eco_aggregate_x,2002,0.436
svn,sex_t,age_10yrbands_y45_54,eco_aggregate_x,2003,0.807
svn,sex_t,age_10yrbands_y45_54,eco_aggregate_x,2004,0.849
svn,sex_t,age_10yrbands_y45_54,eco_aggregate_x,2005,0.702
svn,sex_t,age_10yrbands_y45_54,eco_aggregate_x,2006,1.091
svn,sex_t,age_10yrbands_y45_54,eco_aggregate_x,2007,0.685
svn,sex_t,age_10yrbands_y45_54,eco_aggregate_x,2008,0.418
svn,sex_t,age_10yrbands_y45_54,eco_aggregate_x,2009,0.674
svn,sex_t,age_10yrbands_y45_54,eco_aggregate_x,2010,0.494
svn,sex_t,age_10yrbands_y45_54,eco_aggregate_x,2011,0.792
svn,sex_t,age_10yrbands_y45_54,eco_aggregate_x,2012,0.609
svn,sex_t,age_10yrbands_y45_54,eco_aggregate_x,2013,0.82
svn,sex_t,age_10yrbands_y45_54,eco_aggregate_x,2014,0.85
svn,sex_t,age_10yrbands_y45_54,eco_aggregate_x,2015,1.526
svn,sex_t,age_10yrbands_y45_54,eco_aggregate_x,2016,1.149
svn,sex_t,age_10yrbands_y45_54,eco_aggregate_x,2017,0.834
svn,sex_t,age_10yrbands_y45_54,eco_aggregate_x,2018,0.969
svn,sex_t,age_10yrbands_y45_54,eco_aggregate_x,2019,0.417
svn,sex_t,age_10yrbands_y45_54,eco_aggregate_x,2020,0.743
svn,sex_t,age_10yrbands_y45_54,eco_aggregate_x,2021,1.213
svn,sex_t,age_10yrbands_y45_54,eco_aggregate_x,2022,1.045
svn,sex_t,age_10yrbands_y45_54,eco_aggregate_x,2023,1.159
svn,sex_t,age_10yrbands_y45_54,eco_sector_agr,1996,3.072
svn,sex_t,age_10yrbands_y45_54,eco_sector_agr,1997,3.584
svn,sex_t,age_10yrbands_y45_54,eco_sector_agr,1998,2.717
svn,sex_t,age_10yrbands_y45_54,eco_sector_agr,1999,2.331
svn,sex_t,age_10yrbands_y45_54,eco_sector_agr,2000,2.689
svn,sex_t,age_10yrbands_y45_54,eco_sector_agr,2001,2.284
svn,sex_t,age_10yrbands_y45_54,eco_sector_agr,2002,2.666
svn,sex_t,age_10yrbands_y45_54,eco_sector_agr,2003,3.76
svn,sex_t,age_10yrbands_y45_54,eco_sector_agr,2004,3.589
svn,sex_t,age_10yrbands_y45_54,eco_sector_agr,2005,3.251
svn,sex_t,age_10yrbands_y45_54,eco_sector_agr,2006,4.033
svn,sex_t,age_10yrbands_y45_54,eco_sector_agr,2007,4.024
svn,sex_t,age_10yrbands_y45_54,eco_sector_agr,2008,4.582
svn,sex_t,age_10yrbands_y45_54,eco_sector_agr,2009,2.915
svn,sex_t,age_10yrbands_y45_54,eco_sector_agr,2010,2.373
svn,sex_t,age_10yrbands_y45_54,eco_sector_agr,2011,2.971
svn,sex_t,age_10yrbands_y45_54,eco_sector_agr,2012,2.775
svn,sex_t,age_10yrbands_y45_54,eco_sector_agr,2013,3.129
svn,sex_t,age_10yrbands_y45_54,eco_sector_agr,2014,3.43
svn,sex_t,age_10yrbands_y45_54,eco_sector_agr,2015,2.805
svn,sex_t,age_10yrbands_y45_54,eco_sector_agr,2016,2.369
svn,sex_t,age_10yrbands_y45_54,eco_sector_agr,2017,3.136
svn,sex_t,age_10yrbands_y45_54,eco_sector_agr,2018,2.845
svn,sex_t,age_10yrbands_y45_54,eco_sector_agr,2019,1.478
svn,sex_t,age_10yrbands_y45_54,eco_sector_agr,2020,1.462
svn,sex_t,age_10yrbands_y45_54,eco_sector_agr,2021,2.594
svn,sex_t,age_10yrbands_y45_54,eco_sector_agr,2022,2.54
svn,sex_t,age_10yrbands_y45_54,eco_sector_agr,2023,2.238
svn,sex_t,age_10yrbands_y45_54,eco_sector_ind,1996,73.142
svn,sex_t,age_10yrbands_y45_54,eco_sector_ind,1997,81.288
svn,sex_t,age_10yrbands_y45_54,eco_sector_ind,1998,78.806
svn,sex_t,age_10yrbands_y45_54,eco_sector_ind,1999,72.462
svn,sex_t,age_10yrbands_y45_54,eco_sector_ind,2000,80.643
svn,sex_t,age_10yrbands_y45_54,eco_sector_ind,2001,83.616
svn,sex_t,age_10yrbands_y45_54,eco_sector_ind,2002,90.597
svn,sex_t,age_10yrbands_y45_54,eco_sector_ind,2003,91.015
svn,sex_t,age_10yrbands_y45_54,eco_sector_ind,2004,91.8
svn,sex_t,age_10yrbands_y45_54,eco_sector_ind,2005,89.088
svn,sex_t,age_10yrbands_y45_54,eco_sector_ind,2006,85.562
svn,sex_t,age_10yrbands_y45_54,eco_sector_ind,2007,89.422
svn,sex_t,age_10yrbands_y45_54,eco_sector_ind,2008,94.415
svn,sex_t,age_10yrbands_y45_54,eco_sector_ind,2009,91.032
svn,sex_t,age_10yrbands_y45_54,eco_sector_ind,2010,84.61
svn,sex_t,age_10yrbands_y45_54,eco_sector_ind,2011,77.824
svn,sex_t,age_10yrbands_y45_54,eco_sector_ind,2012,75.026
svn,sex_t,age_10yrbands_y45_54,eco_sector_ind,2013,80.366
svn,sex_t,age_10yrbands_y45_54,eco_sector_ind,2014,82.598
svn,sex_t,age_10yrbands_y45_54,eco_sector_ind,2015,81.644
svn,sex_t,age_10yrbands_y45_54,eco_sector_ind,2016,82.028
svn,sex_t,age_10yrbands_y45_54,eco_sector_ind,2017,81.309
svn,sex_t,age_10yrbands_y45_54,eco_sector_ind,2018,84.675
svn,sex_t,age_10yrbands_y45_54,eco_sector_ind,2019,87.686
svn,sex_t,age_10yrbands_y45_54,eco_sector_ind,2020,90.19
svn,sex_t,age_10yrbands_y45_54,eco_sector_ind,2021,80.456
svn,sex_t,age_10yrbands_y45_54,eco_sector_ind,2022,77.088
svn,sex_t,age_10yrbands_y45_54,eco_sector_ind,2023,80.609
svn,sex_t,age_10yrbands_y45_54,eco_sector_nag,1996,147.623
svn,sex_t,age_10yrbands_y45_54,eco_sector_nag,1997,157.508
svn,sex_t,age_10yrbands_y45_54,eco_sector_nag,1998,164.549
svn,sex_t,age_10yrbands_y45_54,eco_sector_nag,1999,162.696
svn,sex_t,age_10yrbands_y45_54,eco_sector_nag,2000,180.497
svn,sex_t,age_10yrbands_y45_54,eco_sector_nag,2001,187.835
svn,sex_t,age_10yrbands_y45_54,eco_sector_nag,2002,196.283
svn,sex_t,age_10yrbands_y45_54,eco_sector_nag,2003,208.565
svn,sex_t,age_10yrbands_y45_54,eco_sector_nag,2004,210.791
svn,sex_t,age_10yrbands_y45_54,eco_sector_nag,2005,206.584
svn,sex_t,age_10yrbands_y45_54,eco_sector_nag,2006,209.503
svn,sex_t,age_10yrbands_y45_54,eco_sector_nag,2007,212.133
svn,sex_t,age_10yrbands_y45_54,eco_sector_nag,2008,221.178
svn,sex_t,age_10yrbands_y45_54,eco_sector_nag,2009,222.161
svn,sex_t,age_10yrbands_y45_54,eco_sector_nag,2010,219.239
svn,sex_t,age_10yrbands_y45_54,eco_sector_nag,2011,213.011
svn,sex_t,age_10yrbands_y45_54,eco_sector_nag,2012,217.864
svn,sex_t,age_10yrbands_y45_54,eco_sector_nag,2013,215.856
svn,sex_t,age_10yrbands_y45_54,eco_sector_nag,2014,216.462
svn,sex_t,age_10yrbands_y45_54,eco_sector_nag,2015,211.402
svn,sex_t,age_10yrbands_y45_54,eco_sector_nag,2016,211.91
svn,sex_t,age_10yrbands_y45_54,eco_sector_nag,2017,220.861
svn,sex_t,age_10yrbands_y45_54,eco_sector_nag,2018,227.766
svn,sex_t,age_10yrbands_y45_54,eco_sector_nag,2019,228.299
svn,sex_t,age_10yrbands_y45_54,eco_sector_nag,2020,239.958
svn,sex_t,age_10yrbands_y45_54,eco_sector_nag,2021,237.688
svn,sex_t,age_10yrbands_y45_54,eco_sector_nag,2022,236.383
svn,sex_t,age_10yrbands_y45_54,eco_sector_nag,2023,230.136
svn,sex_t,age_10yrbands_y45_54,eco_sector_ser,1996,74.43
svn,sex_t,age_10yrbands_y45_54,eco_sector_ser,1997,75.676
svn,sex_t,age_10yrbands_y45_54,eco_sector_ser,1998,85.003
svn,sex_t,age_10yrbands_y45_54,eco_sector_ser,1999,89.577
svn,sex_t,age_10yrbands_y45_54,eco_sector_ser,2000,98.688
svn,sex_t,age_10yrbands_y45_54,eco_sector_ser,2001,102.545
svn,sex_t,age_10yrbands_y45_54,eco_sector_ser,2002,105.25
svn,sex_t,age_10yrbands_y45_54,eco_sector_ser,2003,116.744
svn,sex_t,age_10yrbands_y45_54,eco_sector_ser,2004,118.143
svn,sex_t,age_10yrbands_y45_54,eco_sector_ser,2005,116.795
svn,sex_t,age_10yrbands_y45_54,eco_sector_ser,2006,122.85
svn,sex_t,age_10yrbands_y45_54,eco_sector_ser,2007,122.025
svn,sex_t,age_10yrbands_y45_54,eco_sector_ser,2008,126.344
svn,sex_t,age_10yrbands_y45_54,eco_sector_ser,2009,130.456
svn,sex_t,age_10yrbands_y45_54,eco_sector_ser,2010,134.135
svn,sex_t,age_10yrbands_y45_54,eco_sector_ser,2011,134.396
svn,sex_t,age_10yrbands_y45_54,eco_sector_ser,2012,142.229
svn,sex_t,age_10yrbands_y45_54,eco_sector_ser,2013,134.67
svn,sex_t,age_10yrbands_y45_54,eco_sector_ser,2014,133.014
svn,sex_t,age_10yrbands_y45_54,eco_sector_ser,2015,128.231
svn,sex_t,age_10yrbands_y45_54,eco_sector_ser,2016,128.733
svn,sex_t,age_10yrbands_y45_54,eco_sector_ser,2017,138.719
svn,sex_t,age_10yrbands_y45_54,eco_sector_ser,2018,142.122
svn,sex_t,age_10yrbands_y45_54,eco_sector_ser,2019,140.196
svn,sex_t,age_10yrbands_y45_54,eco_sector_ser,2020,149.025
svn,sex_t,age_10yrbands_y45_54,eco_sector_ser,2021,156.019
svn,sex_t,age_10yrbands_y45_54,eco_sector_ser,2022,158.25
svn,sex_t,age_10yrbands_y45_54,eco_sector_ser,2023,148.368
svn,sex_t,age_10yrbands_y45_54,eco_sector_total,1996,150.695
svn,sex_t,age_10yrbands_y45_54,eco_sector_total,1997,161.092
svn,sex_t,age_10yrbands_y45_54,eco_sector_total,1998,167.266
svn,sex_t,age_10yrbands_y45_54,eco_sector_total,1999,165.027
svn,sex_t,age_10yrbands_y45_54,eco_sector_total,2000,183.187
svn,sex_t,age_10yrbands_y45_54,eco_sector_total,2001,190.119
svn,sex_t,age_10yrbands_y45_54,eco_sector_total,2002,198.949
svn,sex_t,age_10yrbands_y45_54,eco_sector_total,2003,212.325
svn,sex_t,age_10yrbands_y45_54,eco_sector_total,2004,214.38
svn,sex_t,age_10yrbands_y45_54,eco_sector_total,2005,209.835
svn,sex_t,age_10yrbands_y45_54,eco_sector_total,2006,213.536
svn,sex_t,age_10yrbands_y45_54,eco_sector_total,2007,216.156
svn,sex_t,age_10yrbands_y45_54,eco_sector_total,2008,225.76
svn,sex_t,age_10yrbands_y45_54,eco_sector_total,2009,225.077
svn,sex_t,age_10yrbands_y45_54,eco_sector_total,2010,221.612
svn,sex_t,age_10yrbands_y45_54,eco_sector_total,2011,215.982
svn,sex_t,age_10yrbands_y45_54,eco_sector_total,2012,220.639
svn,sex_t,age_10yrbands_y45_54,eco_sector_total,2013,218.985
svn,sex_t,age_10yrbands_y45_54,eco_sector_total,2014,219.893
svn,sex_t,age_10yrbands_y45_54,eco_sector_total,2015,214.207
svn,sex_t,age_10yrbands_y45_54,eco_sector_total,2016,214.279
svn,sex_t,age_10yrbands_y45_54,eco_sector_total,2017,223.997
svn,sex_t,age_10yrbands_y45_54,eco_sector_total,2018,230.611
svn,sex_t,age_10yrbands_y45_54,eco_sector_total,2019,229.778
svn,sex_t,age_10yrbands_y45_54,eco_sector_total,2020,241.42
svn,sex_t,age_10yrbands_y45_54,eco_sector_total,2021,240.282
svn,sex_t,age_10yrbands_y45_54,eco_sector_total,2022,238.923
svn,sex_t,age_10yrbands_y45_54,eco_sector_total,2023,232.374
svn,sex_t,age_10yrbands_y45_54,eco_sector_x,1998,0.741
svn,sex_t,age_10yrbands_y45_54,eco_sector_x,1999,0.657
svn,sex_t,age_10yrbands_y45_54,eco_sector_x,2000,1.167
svn,sex_t,age_10yrbands_y45_54,eco_sector_x,2001,1.675
svn,sex_t,age_10yrbands_y45_54,eco_sector_x,2002,0.436
svn,sex_t,age_10yrbands_y45_54,eco_sector_x,2003,0.807
svn,sex_t,age_10yrbands_y45_54,eco_sector_x,2004,0.849
svn,sex_t,age_10yrbands_y45_54,eco_sector_x,2005,0.702
svn,sex_t,age_10yrbands_y45_54,eco_sector_x,2006,1.091
svn,sex_t,age_10yrbands_y45_54,eco_sector_x,2007,0.685
svn,sex_t,age_10yrbands_y45_54,eco_sector_x,2008,0.418
svn,sex_t,age_10yrbands_y45_54,eco_sector_x,2009,0.674
svn,sex_t,age_10yrbands_y45_54,eco_sector_x,2010,0.494
svn,sex_t,age_10yrbands_y45_54,eco_sector_x,2011,0.792
svn,sex_t,age_10yrbands_y45_54,eco_sector_x,2012,0.609
svn,sex_t,age_10yrbands_y45_54,eco_sector_x,2013,0.82
svn,sex_t,age_10yrbands_y45_54,eco_sector_x,2014,0.85
svn,sex_t,age_10yrbands_y45_54,eco_sector_x,2015,1.526
svn,sex_t,age_10yrbands_y45_54,eco_sector_x,2016,1.149
svn,sex_t,age_10yrbands_y45_54,eco_sector_x,2017,0.834
svn,sex_t,age_10yrbands_y45_54,eco_sector_x,2018,0.969
svn,sex_t,age_10yrbands_y45_54,eco_sector_x,2019,0.417
svn,sex_t,age_10yrbands_y45_54,eco_sector_x,2020,0.743
svn,sex_t,age_10yrbands_y45_54,eco_sector_x,2021,1.213
svn,sex_t,age_10yrbands_y45_54,eco_sector_x,2022,1.045
svn,sex_t,age_10yrbands_y45_54,eco_sector_x,2023,1.159
svn,sex_t,age_10yrbands_y55_64,eco_aggregate_agr,1997,0.716
svn,sex_t,age_10yrbands_y55_64,eco_aggregate_agr,1998,0.546
svn,sex_t,age_10yrbands_y55_64,eco_aggregate_agr,1999,0.527
svn,sex_t,age_10yrbands_y55_64,eco_aggregate_agr,2000,0.714
svn,sex_t,age_10yrbands_y55_64,eco_aggregate_agr,2001,0.803
svn,sex_t,age_10yrbands_y55_64,eco_aggregate_agr,2002,0.836
svn,sex_t,age_10yrbands_y55_64,eco_aggregate_agr,2003,0.791
svn,sex_t,age_10yrbands_y55_64,eco_aggregate_agr,2004,1.149
svn,sex_t,age_10yrbands_y55_64,eco_aggregate_agr,2005,1.007
svn,sex_t,age_10yrbands_y55_64,eco_aggregate_agr,2006,0.636
svn,sex_t,age_10yrbands_y55_64,eco_aggregate_agr,2007,1.402
svn,sex_t,age_10yrbands_y55_64,eco_aggregate_agr,2008,1.528
svn,sex_t,age_10yrbands_y55_64,eco_aggregate_agr,2009,1.176
svn,sex_t,age_10yrbands_y55_64,eco_aggregate_agr,2010,0.849
svn,sex_t,age_10yrbands_y55_64,eco_aggregate_agr,2011,0.719
svn,sex_t,age_10yrbands_y55_64,eco_aggregate_agr,2012,0.921
svn,sex_t,age_10yrbands_y55_64,eco_aggregate_agr,2013,0.86
svn,sex_t,age_10yrbands_y55_64,eco_aggregate_agr,2014,0.743
svn,sex_t,age_10yrbands_y55_64,eco_aggregate_agr,2015,0.787
svn,sex_t,age_10yrbands_y55_64,eco_aggregate_agr,2016,0.765
svn,sex_t,age_10yrbands_y55_64,eco_aggregate_agr,2017,1.071
svn,sex_t,age_10yrbands_y55_64,eco_aggregate_agr,2018,1.748
svn,sex_t,age_10yrbands_y55_64,eco_aggregate_agr,2019,1.876
svn,sex_t,age_10yrbands_y55_64,eco_aggregate_agr,2020,1.76
svn,sex_t,age_10yrbands_y55_64,eco_aggregate_agr,2021,0.912
svn,sex_t,age_10yrbands_y55_64,eco_aggregate_agr,2022,0.881
svn,sex_t,age_10yrbands_y55_64,eco_aggregate_agr,2023,1.731
svn,sex_t,age_10yrbands_y55_64,eco_aggregate_con,1996,1.471
svn,sex_t,age_10yrbands_y55_64,eco_aggregate_con,1997,1.808
svn,sex_t,age_10yrbands_y55_64,eco_aggregate_con,1998,1.725
svn,sex_t,age_10yrbands_y55_64,eco_aggregate_con,1999,2.096
svn,sex_t,age_10yrbands_y55_64,eco_aggregate_con,2000,1.738
svn,sex_t,age_10yrbands_y55_64,eco_aggregate_con,2001,1.95
svn,sex_t,age_10yrbands_y55_64,eco_aggregate_con,2002,2.314
svn,sex_t,age_10yrbands_y55_64,eco_aggregate_con,2003,2.207
svn,sex_t,age_10yrbands_y55_64,eco_aggregate_con,2004,2.812
svn,sex_t,age_10yrbands_y55_64,eco_aggregate_con,2005,3.781
svn,sex_t,age_10yrbands_y55_64,eco_aggregate_con,2006,4.404
svn,sex_t,age_10yrbands_y55_64,eco_aggregate_con,2007,4.197
svn,sex_t,age_10yrbands_y55_64,eco_aggregate_con,2008,4.763
svn,sex_t,age_10yrbands_y55_64,eco_aggregate_con,2009,4.87
svn,sex_t,age_10yrbands_y55_64,eco_aggregate_con,2010,5.325
svn,sex_t,age_10yrbands_y55_64,eco_aggregate_con,2011,3.533
svn,sex_t,age_10yrbands_y55_64,eco_aggregate_con,2012,3.009
svn,sex_t,age_10yrbands_y55_64,eco_aggregate_con,2013,3.868
svn,sex_t,age_10yrbands_y55_64,eco_aggregate_con,2014,3.984
svn,sex_t,age_10yrbands_y55_64,eco_aggregate_con,2015,3.904
svn,sex_t,age_10yrbands_y55_64,eco_aggregate_con,2016,4.447
svn,sex_t,age_10yrbands_y55_64,eco_aggregate_con,2017,5.244
svn,sex_t,age_10yrbands_y55_64,eco_aggregate_con,2018,6.097
svn,sex_t,age_10yrbands_y55_64,eco_aggregate_con,2019,5.304
svn,sex_t,age_10yrbands_y55_64,eco_aggregate_con,2020,6.504
svn,sex_t,age_10yrbands_y55_64,eco_aggregate_con,2021,5.763
svn,sex_t,age_10yrbands_y55_64,eco_aggregate_con,2022,6.637
svn,sex_t,age_10yrbands_y55_64,eco_aggregate_con,2023,8.448
svn,sex_t,age_10yrbands_y55_64,eco_aggregate_man,1996,5.891
svn,sex_t,age_10yrbands_y55_64,eco_aggregate_man,1997,4.963
svn,sex_t,age_10yrbands_y55_64,eco_aggregate_man,1998,6.088
svn,sex_t,age_10yrbands_y55_64,eco_aggregate_man,1999,7.467
svn,sex_t,age_10yrbands_y55_64,eco_aggregate_man,2000,6.265
svn,sex_t,age_10yrbands_y55_64,eco_aggregate_man,2001,6.126
svn,sex_t,age_10yrbands_y55_64,eco_aggregate_man,2002,8.811
svn,sex_t,age_10yrbands_y55_64,eco_aggregate_man,2003,6.941
svn,sex_t,age_10yrbands_y55_64,eco_aggregate_man,2004,11.191
svn,sex_t,age_10yrbands_y55_64,eco_aggregate_man,2005,13.156
svn,sex_t,age_10yrbands_y55_64,eco_aggregate_man,2006,13.985
svn,sex_t,age_10yrbands_y55_64,eco_aggregate_man,2007,15.043
svn,sex_t,age_10yrbands_y55_64,eco_aggregate_man,2008,16.37
svn,sex_t,age_10yrbands_y55_64,eco_aggregate_man,2009,15.055
svn,sex_t,age_10yrbands_y55_64,eco_aggregate_man,2010,15.98
svn,sex_t,age_10yrbands_y55_64,eco_aggregate_man,2011,12.799
svn,sex_t,age_10yrbands_y55_64,eco_aggregate_man,2012,14.203
svn,sex_t,age_10yrbands_y55_64,eco_aggregate_man,2013,14.95
svn,sex_t,age_10yrbands_y55_64,eco_aggregate_man,2014,17.527
svn,sex_t,age_10yrbands_y55_64,eco_aggregate_man,2015,19.439
svn,sex_t,age_10yrbands_y55_64,eco_aggregate_man,2016,21.454
svn,sex_t,age_10yrbands_y55_64,eco_aggregate_man,2017,26.019
svn,sex_t,age_10yrbands_y55_64,eco_aggregate_man,2018,23.783
svn,sex_t,age_10yrbands_y55_64,eco_aggregate_man,2019,29.315
svn,sex_t,age_10yrbands_y55_64,eco_aggregate_man,2020,33.279
svn,sex_t,age_10yrbands_y55_64,eco_aggregate_man,2021,28.064
svn,sex_t,age_10yrbands_y55_64,eco_aggregate_man,2022,29.744
svn,sex_t,age_10yrbands_y55_64,eco_aggregate_man,2023,31.375
svn,sex_t,age_10yrbands_y55_64,eco_aggregate_mel,1996,1.099
svn,sex_t,age_10yrbands_y55_64,eco_aggregate_mel,1997,1.506
svn,sex_t,age_10yrbands_y55_64,eco_aggregate_mel,1998,1.12
svn,sex_t,age_10yrbands_y55_64,eco_aggregate_mel,1999,0.483
svn,sex_t,age_10yrbands_y55_64,eco_aggregate_mel,2000,0.813
svn,sex_t,age_10yrbands_y55_64,eco_aggregate_mel,2001,1.4
svn,sex_t,age_10yrbands_y55_64,eco_aggregate_mel,2002,1.641
svn,sex_t,age_10yrbands_y55_64,eco_aggregate_mel,2003,1.188
svn,sex_t,age_10yrbands_y55_64,eco_aggregate_mel,2004,1.396
svn,sex_t,age_10yrbands_y55_64,eco_aggregate_mel,2005,1.194
svn,sex_t,age_10yrbands_y55_64,eco_aggregate_mel,2006,1.434
svn,sex_t,age_10yrbands_y55_64,eco_aggregate_mel,2007,1.787
svn,sex_t,age_10yrbands_y55_64,eco_aggregate_mel,2008,2.609
svn,sex_t,age_10yrbands_y55_64,eco_aggregate_mel,2009,2.615
svn,sex_t,age_10yrbands_y55_64,eco_aggregate_mel,2010,2.204
svn,sex_t,age_10yrbands_y55_64,eco_aggregate_mel,2011,2.662
svn,sex_t,age_10yrbands_y55_64,eco_aggregate_mel,2012,3.067
svn,sex_t,age_10yrbands_y55_64,eco_aggregate_mel,2013,3.116
svn,sex_t,age_10yrbands_y55_64,eco_aggregate_mel,2014,2.616
svn,sex_t,age_10yrbands_y55_64,eco_aggregate_mel,2015,3.32
svn,sex_t,age_10yrbands_y55_64,eco_aggregate_mel,2016,3.338
svn,sex_t,age_10yrbands_y55_64,eco_aggregate_mel,2017,3.446
svn,sex_t,age_10yrbands_y55_64,eco_aggregate_mel,2018,4.187
svn,sex_t,age_10yrbands_y55_64,eco_aggregate_mel,2019,3.721
svn,sex_t,age_10yrbands_y55_64,eco_aggregate_mel,2020,3.888
svn,sex_t,age_10yrbands_y55_64,eco_aggregate_mel,2021,4.337
svn,sex_t,age_10yrbands_y55_64,eco_aggregate_mel,2022,4.547
svn,sex_t,age_10yrbands_y55_64,eco_aggregate_mel,2023,4.462
svn,sex_t,age_10yrbands_y55_64,eco_aggregate_mkt,1996,5.359
svn,sex_t,age_10yrbands_y55_64,eco_aggregate_mkt,1997,4.243
svn,sex_t,age_10yrbands_y55_64,eco_aggregate_mkt,1998,7.61
svn,sex_t,age_10yrbands_y55_64,eco_aggregate_mkt,1999,4.658
svn,sex_t,age_10yrbands_y55_64,eco_aggregate_mkt,2000,6.104
svn,sex_t,age_10yrbands_y55_64,eco_aggregate_mkt,2001,6.219
svn,sex_t,age_10yrbands_y55_64,eco_aggregate_mkt,2002,7.47
svn,sex_t,age_10yrbands_y55_64,eco_aggregate_mkt,2003,7.916
svn,sex_t,age_10yrbands_y55_64,eco_aggregate_mkt,2004,9.132
svn,sex_t,age_10yrbands_y55_64,eco_aggregate_mkt,2005,10.847
svn,sex_t,age_10yrbands_y55_64,eco_aggregate_mkt,2006,11.886
svn,sex_t,age_10yrbands_y55_64,eco_aggregate_mkt,2007,12.966
svn,sex_t,age_10yrbands_y55_64,eco_aggregate_mkt,2008,16.603
svn,sex_t,age_10yrbands_y55_64,eco_aggregate_mkt,2009,18.893
svn,sex_t,age_10yrbands_y55_64,eco_aggregate_mkt,2010,19.099
svn,sex_t,age_10yrbands_y55_64,eco_aggregate_mkt,2011,18.506
svn,sex_t,age_10yrbands_y55_64,eco_aggregate_mkt,2012,20.989
svn,sex_t,age_10yrbands_y55_64,eco_aggregate_mkt,2013,20.926
svn,sex_t,age_10yrbands_y55_64,eco_aggregate_mkt,2014,20.741
svn,sex_t,age_10yrbands_y55_64,eco_aggregate_mkt,2015,25.122
svn,sex_t,age_10yrbands_y55_64,eco_aggregate_mkt,2016,28.125
svn,sex_t,age_10yrbands_y55_64,eco_aggregate_mkt,2017,26.008
svn,sex_t,age_10yrbands_y55_64,eco_aggregate_mkt,2018,31.319
svn,sex_t,age_10yrbands_y55_64,eco_aggregate_mkt,2019,35.24
svn,sex_t,age_10yrbands_y55_64,eco_aggregate_mkt,2020,38.465
svn,sex_t,age_10yrbands_y55_64,eco_aggregate_mkt,2021,36.584
svn,sex_t,age_10yrbands_y55_64,eco_aggregate_mkt,2022,39.584
svn,sex_t,age_10yrbands_y55_64,eco_aggregate_mkt,2023,43.478
svn,sex_t,age_10yrbands_y55_64,eco_aggregate_pub,1996,5.773
svn,sex_t,age_10yrbands_y55_64,eco_aggregate_pub,1997,6.651
svn,sex_t,age_10yrbands_y55_64,eco_aggregate_pub,1998,8.697
svn,sex_t,age_10yrbands_y55_64,eco_aggregate_pub,1999,9.96
svn,sex_t,age_10yrbands_y55_64,eco_aggregate_pub,2000,9.493
svn,sex_t,age_10yrbands_y55_64,eco_aggregate_pub,2001,9.159
svn,sex_t,age_10yrbands_y55_64,eco_aggregate_pub,2002,10.853
svn,sex_t,age_10yrbands_y55_64,eco_aggregate_pub,2003,11.405
svn,sex_t,age_10yrbands_y55_64,eco_aggregate_pub,2004,14.398
svn,sex_t,age_10yrbands_y55_64,eco_aggregate_pub,2005,13.501
svn,sex_t,age_10yrbands_y55_64,eco_aggregate_pub,2006,15.702
svn,sex_t,age_10yrbands_y55_64,eco_aggregate_pub,2007,17.426
svn,sex_t,age_10yrbands_y55_64,eco_aggregate_pub,2008,15.305
svn,sex_t,age_10yrbands_y55_64,eco_aggregate_pub,2009,19.102
svn,sex_t,age_10yrbands_y55_64,eco_aggregate_pub,2010,20.007
svn,sex_t,age_10yrbands_y55_64,eco_aggregate_pub,2011,19.771
svn,sex_t,age_10yrbands_y55_64,eco_aggregate_pub,2012,23.051
svn,sex_t,age_10yrbands_y55_64,eco_aggregate_pub,2013,23.511
svn,sex_t,age_10yrbands_y55_64,eco_aggregate_pub,2014,24.898
svn,sex_t,age_10yrbands_y55_64,eco_aggregate_pub,2015,26.71
svn,sex_t,age_10yrbands_y55_64,eco_aggregate_pub,2016,30.743
svn,sex_t,age_10yrbands_y55_64,eco_aggregate_pub,2017,35.979
svn,sex_t,age_10yrbands_y55_64,eco_aggregate_pub,2018,41.423
svn,sex_t,age_10yrbands_y55_64,eco_aggregate_pub,2019,40.328
svn,sex_t,age_10yrbands_y55_64,eco_aggregate_pub,2020,44.117
svn,sex_t,age_10yrbands_y55_64,eco_aggregate_pub,2021,51.359
svn,sex_t,age_10yrbands_y55_64,eco_aggregate_pub,2022,51.977
svn,sex_t,age_10yrbands_y55_64,eco_aggregate_pub,2023,46.4
svn,sex_t,age_10yrbands_y55_64,eco_aggregate_total,1996,19.941
svn,sex_t,age_10yrbands_y55_64,eco_aggregate_total,1997,19.991
svn,sex_t,age_10yrbands_y55_64,eco_aggregate_total,1998,25.849
svn,sex_t,age_10yrbands_y55_64,eco_aggregate_total,1999,25.276
svn,sex_t,age_10yrbands_y55_64,eco_aggregate_total,2000,25.406
svn,sex_t,age_10yrbands_y55_64,eco_aggregate_total,2001,25.861
svn,sex_t,age_10yrbands_y55_64,eco_aggregate_total,2002,32.113
svn,sex_t,age_10yrbands_y55_64,eco_aggregate_total,2003,30.509
svn,sex_t,age_10yrbands_y55_64,eco_aggregate_total,2004,40.584
svn,sex_t,age_10yrbands_y55_64,eco_aggregate_total,2005,43.583
svn,sex_t,age_10yrbands_y55_64,eco_aggregate_total,2006,48.178
svn,sex_t,age_10yrbands_y55_64,eco_aggregate_total,2007,53.329
svn,sex_t,age_10yrbands_y55_64,eco_aggregate_total,2008,57.473
svn,sex_t,age_10yrbands_y55_64,eco_aggregate_total,2009,62
svn,sex_t,age_10yrbands_y55_64,eco_aggregate_total,2010,63.693
svn,sex_t,age_10yrbands_y55_64,eco_aggregate_total,2011,58.264
svn,sex_t,age_10yrbands_y55_64,eco_aggregate_total,2012,65.399
svn,sex_t,age_10yrbands_y55_64,eco_aggregate_total,2013,67.741
svn,sex_t,age_10yrbands_y55_64,eco_aggregate_total,2014,71.444
svn,sex_t,age_10yrbands_y55_64,eco_aggregate_total,2015,80.076
svn,sex_t,age_10yrbands_y55_64,eco_aggregate_total,2016,89.274
svn,sex_t,age_10yrbands_y55_64,eco_aggregate_total,2017,98.175
svn,sex_t,age_10yrbands_y55_64,eco_aggregate_total,2018,108.82
svn,sex_t,age_10yrbands_y55_64,eco_aggregate_total,2019,116.248
svn,sex_t,age_10yrbands_y55_64,eco_aggregate_total,2020,128.483
svn,sex_t,age_10yrbands_y55_64,eco_aggregate_total,2021,127.53
svn,sex_t,age_10yrbands_y55_64,eco_aggregate_total,2022,133.6
svn,sex_t,age_10yrbands_y55_64,eco_aggregate_total,2023,136.395
svn,sex_t,age_10yrbands_y55_64,eco_aggregate_x,2004,0.507
svn,sex_t,age_10yrbands_y55_64,eco_aggregate_x,2006,0.131
svn,sex_t,age_10yrbands_y55_64,eco_aggregate_x,2007,0.509
svn,sex_t,age_10yrbands_y55_64,eco_aggregate_x,2008,0.294
svn,sex_t,age_10yrbands_y55_64,eco_aggregate_x,2009,0.289
svn,sex_t,age_10yrbands_y55_64,eco_aggregate_x,2010,0.229
svn,sex_t,age_10yrbands_y55_64,eco_aggregate_x,2011,0.275
svn,sex_t,age_10yrbands_y55_64,eco_aggregate_x,2012,0.159
svn,sex_t,age_10yrbands_y55_64,eco_aggregate_x,2013,0.509
svn,sex_t,age_10yrbands_y55_64,eco_aggregate_x,2014,0.935
svn,sex_t,age_10yrbands_y55_64,eco_aggregate_x,2015,0.795
svn,sex_t,age_10yrbands_y55_64,eco_aggregate_x,2016,0.403
svn,sex_t,age_10yrbands_y55_64,eco_aggregate_x,2017,0.408
svn,sex_t,age_10yrbands_y55_64,eco_aggregate_x,2018,0.262
svn,sex_t,age_10yrbands_y55_64,eco_aggregate_x,2019,0.464
svn,sex_t,age_10yrbands_y55_64,eco_aggregate_x,2020,0.47
svn,sex_t,age_10yrbands_y55_64,eco_aggregate_x,2021,0.511
svn,sex_t,age_10yrbands_y55_64,eco_aggregate_x,2022,0.231
svn,sex_t,age_10yrbands_y55_64,eco_aggregate_x,2023,0.501
svn,sex_t,age_10yrbands_y55_64,eco_sector_agr,1997,0.716
svn,sex_t,age_10yrbands_y55_64,eco_sector_agr,1998,0.546
svn,sex_t,age_10yrbands_y55_64,eco_sector_agr,1999,0.527
svn,sex_t,age_10yrbands_y55_64,eco_sector_agr,2000,0.714
svn,sex_t,age_10yrbands_y55_64,eco_sector_agr,2001,0.803
svn,sex_t,age_10yrbands_y55_64,eco_sector_agr,2002,0.836
svn,sex_t,age_10yrbands_y55_64,eco_sector_agr,2003,0.791
svn,sex_t,age_10yrbands_y55_64,eco_sector_agr,2004,1.149
svn,sex_t,age_10yrbands_y55_64,eco_sector_agr,2005,1.007
svn,sex_t,age_10yrbands_y55_64,eco_sector_agr,2006,0.636
svn,sex_t,age_10yrbands_y55_64,eco_sector_agr,2007,1.402
svn,sex_t,age_10yrbands_y55_64,eco_sector_agr,2008,1.528
svn,sex_t,age_10yrbands_y55_64,eco_sector_agr,2009,1.176
svn,sex_t,age_10yrbands_y55_64,eco_sector_agr,2010,0.849
svn,sex_t,age_10yrbands_y55_64,eco_sector_agr,2011,0.719
svn,sex_t,age_10yrbands_y55_64,eco_sector_agr,2012,0.921
svn,sex_t,age_10yrbands_y55_64,eco_sector_agr,2013,0.86
svn,sex_t,age_10yrbands_y55_64,eco_sector_agr,2014,0.743
svn,sex_t,age_10yrbands_y55_64,eco_sector_agr,2015,0.787
svn,sex_t,age_10yrbands_y55_64,eco_sector_agr,2016,0.765
svn,sex_t,age_10yrbands_y55_64,eco_sector_agr,2017,1.071
svn,sex_t,age_10yrbands_y55_64,eco_sector_agr,2018,1.748
svn,sex_t,age_10yrbands_y55_64,eco_sector_agr,2019,1.876
svn,sex_t,age_10yrbands_y55_64,eco_sector_agr,2020,1.76
svn,sex_t,age_10yrbands_y55_64,eco_sector_agr,2021,0.912
svn,sex_t,age_10yrbands_y55_64,eco_sector_agr,2022,0.881
svn,sex_t,age_10yrbands_y55_64,eco_sector_agr,2023,1.731
svn,sex_t,age_10yrbands_y55_64,eco_sector_ind,1996,8.461
svn,sex_t,age_10yrbands_y55_64,eco_sector_ind,1997,8.277
svn,sex_t,age_10yrbands_y55_64,eco_sector_ind,1998,8.933
svn,sex_t,age_10yrbands_y55_64,eco_sector_ind,1999,10.045
svn,sex_t,age_10yrbands_y55_64,eco_sector_ind,2000,8.816
svn,sex_t,age_10yrbands_y55_64,eco_sector_ind,2001,9.476
svn,sex_t,age_10yrbands_y55_64,eco_sector_ind,2002,12.765
svn,sex_t,age_10yrbands_y55_64,eco_sector_ind,2003,10.337
svn,sex_t,age_10yrbands_y55_64,eco_sector_ind,2004,15.399
svn,sex_t,age_10yrbands_y55_64,eco_sector_ind,2005,18.131
svn,sex_t,age_10yrbands_y55_64,eco_sector_ind,2006,19.823
svn,sex_t,age_10yrbands_y55_64,eco_sector_ind,2007,21.026
svn,sex_t,age_10yrbands_y55_64,eco_sector_ind,2008,23.742
svn,sex_t,age_10yrbands_y55_64,eco_sector_ind,2009,22.54
svn,sex_t,age_10yrbands_y55_64,eco_sector_ind,2010,23.509
svn,sex_t,age_10yrbands_y55_64,eco_sector_ind,2011,18.993
svn,sex_t,age_10yrbands_y55_64,eco_sector_ind,2012,20.279
svn,sex_t,age_10yrbands_y55_64,eco_sector_ind,2013,21.935
svn,sex_t,age_10yrbands_y55_64,eco_sector_ind,2014,24.126
svn,sex_t,age_10yrbands_y55_64,eco_sector_ind,2015,26.663
svn,sex_t,age_10yrbands_y55_64,eco_sector_ind,2016,29.238
svn,sex_t,age_10yrbands_y55_64,eco_sector_ind,2017,34.709
svn,sex_t,age_10yrbands_y55_64,eco_sector_ind,2018,34.067
svn,sex_t,age_10yrbands_y55_64,eco_sector_ind,2019,38.34
svn,sex_t,age_10yrbands_y55_64,eco_sector_ind,2020,43.672
svn,sex_t,age_10yrbands_y55_64,eco_sector_ind,2021,38.164
svn,sex_t,age_10yrbands_y55_64,eco_sector_ind,2022,40.928
svn,sex_t,age_10yrbands_y55_64,eco_sector_ind,2023,44.286
svn,sex_t,age_10yrbands_y55_64,eco_sector_nag,1997,19.276
svn,sex_t,age_10yrbands_y55_64,eco_sector_nag,1998,25.303
svn,sex_t,age_10yrbands_y55_64,eco_sector_nag,1999,24.75
svn,sex_t,age_10yrbands_y55_64,eco_sector_nag,2000,24.691
svn,sex_t,age_10yrbands_y55_64,eco_sector_nag,2001,25.058
svn,sex_t,age_10yrbands_y55_64,eco_sector_nag,2002,31.278
svn,sex_t,age_10yrbands_y55_64,eco_sector_nag,2003,29.718
svn,sex_t,age_10yrbands_y55_64,eco_sector_nag,2004,39.435
svn,sex_t,age_10yrbands_y55_64,eco_sector_nag,2005,42.575
svn,sex_t,age_10yrbands_y55_64,eco_sector_nag,2006,47.542
svn,sex_t,age_10yrbands_y55_64,eco_sector_nag,2007,51.927
svn,sex_t,age_10yrbands_y55_64,eco_sector_nag,2008,55.945
svn,sex_t,age_10yrbands_y55_64,eco_sector_nag,2009,60.824
svn,sex_t,age_10yrbands_y55_64,eco_sector_nag,2010,62.844
svn,sex_t,age_10yrbands_y55_64,eco_sector_nag,2011,57.545
svn,sex_t,age_10yrbands_y55_64,eco_sector_nag,2012,64.478
svn,sex_t,age_10yrbands_y55_64,eco_sector_nag,2013,66.88
svn,sex_t,age_10yrbands_y55_64,eco_sector_nag,2014,70.7
svn,sex_t,age_10yrbands_y55_64,eco_sector_nag,2015,79.289
svn,sex_t,age_10yrbands_y55_64,eco_sector_nag,2016,88.509
svn,sex_t,age_10yrbands_y55_64,eco_sector_nag,2017,97.104
svn,sex_t,age_10yrbands_y55_64,eco_sector_nag,2018,107.072
svn,sex_t,age_10yrbands_y55_64,eco_sector_nag,2019,114.373
svn,sex_t,age_10yrbands_y55_64,eco_sector_nag,2020,126.722
svn,sex_t,age_10yrbands_y55_64,eco_sector_nag,2021,126.618
svn,sex_t,age_10yrbands_y55_64,eco_sector_nag,2022,132.719
svn,sex_t,age_10yrbands_y55_64,eco_sector_nag,2023,134.664
svn,sex_t,age_10yrbands_y55_64,eco_sector_ser,1996,11.132
svn,sex_t,age_10yrbands_y55_64,eco_sector_ser,1997,10.894
svn,sex_t,age_10yrbands_y55_64,eco_sector_ser,1998,16.307
svn,sex_t,age_10yrbands_y55_64,eco_sector_ser,1999,14.618
svn,sex_t,age_10yrbands_y55_64,eco_sector_ser,2000,15.597
svn,sex_t,age_10yrbands_y55_64,eco_sector_ser,2001,15.379
svn,sex_t,age_10yrbands_y55_64,eco_sector_ser,2002,18.323
svn,sex_t,age_10yrbands_y55_64,eco_sector_ser,2003,19.322
svn,sex_t,age_10yrbands_y55_64,eco_sector_ser,2004,23.529
svn,sex_t,age_10yrbands_y55_64,eco_sector_ser,2005,24.348
svn,sex_t,age_10yrbands_y55_64,eco_sector_ser,2006,27.588
svn,sex_t,age_10yrbands_y55_64,eco_sector_ser,2007,30.392
svn,sex_t,age_10yrbands_y55_64,eco_sector_ser,2008,31.908
svn,sex_t,age_10yrbands_y55_64,eco_sector_ser,2009,37.995
svn,sex_t,age_10yrbands_y55_64,eco_sector_ser,2010,39.106
svn,sex_t,age_10yrbands_y55_64,eco_sector_ser,2011,38.276
svn,sex_t,age_10yrbands_y55_64,eco_sector_ser,2012,44.04
svn,sex_t,age_10yrbands_y55_64,eco_sector_ser,2013,44.436
svn,sex_t,age_10yrbands_y55_64,eco_sector_ser,2014,45.639
svn,sex_t,age_10yrbands_y55_64,eco_sector_ser,2015,51.831
svn,sex_t,age_10yrbands_y55_64,eco_sector_ser,2016,58.868
svn,sex_t,age_10yrbands_y55_64,eco_sector_ser,2017,61.987
svn,sex_t,age_10yrbands_y55_64,eco_sector_ser,2018,72.743
svn,sex_t,age_10yrbands_y55_64,eco_sector_ser,2019,75.568
svn,sex_t,age_10yrbands_y55_64,eco_sector_ser,2020,82.581
svn,sex_t,age_10yrbands_y55_64,eco_sector_ser,2021,87.943
svn,sex_t,age_10yrbands_y55_64,eco_sector_ser,2022,91.561
svn,sex_t,age_10yrbands_y55_64,eco_sector_ser,2023,89.878
svn,sex_t,age_10yrbands_y55_64,eco_sector_total,1996,19.941
svn,sex_t,age_10yrbands_y55_64,eco_sector_total,1997,19.991
svn,sex_t,age_10yrbands_y55_64,eco_sector_total,1998,25.849
svn,sex_t,age_10yrbands_y55_64,eco_sector_total,1999,25.276
svn,sex_t,age_10yrbands_y55_64,eco_sector_total,2000,25.406
svn,sex_t,age_10yrbands_y55_64,eco_sector_total,2001,25.861
svn,sex_t,age_10yrbands_y55_64,eco_sector_total,2002,32.113
svn,sex_t,age_10yrbands_y55_64,eco_sector_total,2003,30.509
svn,sex_t,age_10yrbands_y55_64,eco_sector_total,2004,40.584
svn,sex_t,age_10yrbands_y55_64,eco_sector_total,2005,43.583
svn,sex_t,age_10yrbands_y55_64,eco_sector_total,2006,48.178
svn,sex_t,age_10yrbands_y55_64,eco_sector_total,2007,53.329
svn,sex_t,age_10yrbands_y55_64,eco_sector_total,2008,57.473
svn,sex_t,age_10yrbands_y55_64,eco_sector_total,2009,62
svn,sex_t,age_10yrbands_y55_64,eco_sector_total,2010,63.693
svn,sex_t,age_10yrbands_y55_64,eco_sector_total,2011,58.264
svn,sex_t,age_10yrbands_y55_64,eco_sector_total,2012,65.399
svn,sex_t,age_10yrbands_y55_64,eco_sector_total,2013,67.741
svn,sex_t,age_10yrbands_y55_64,eco_sector_total,2014,71.444
svn,sex_t,age_10yrbands_y55_64,eco_sector_total,2015,80.076
svn,sex_t,age_10yrbands_y55_64,eco_sector_total,2016,89.274
svn,sex_t,age_10yrbands_y55_64,eco_sector_total,2017,98.175
svn,sex_t,age_10yrbands_y55_64,eco_sector_total,2018,108.82
svn,sex_t,age_10yrbands_y55_64,eco_sector_total,2019,116.248
svn,sex_t,age_10yrbands_y55_64,eco_sector_total,2020,128.483
svn,sex_t,age_10yrbands_y55_64,eco_sector_total,2021,127.53
svn,sex_t,age_10yrbands_y55_64,eco_sector_total,2022,133.6
svn,sex_t,age_10yrbands_y55_64,eco_sector_total,2023,136.395
svn,sex_t,age_10yrbands_y55_64,eco_sector_x,2004,0.507
svn,sex_t,age_10yrbands_y55_64,eco_sector_x,2006,0.131
svn,sex_t,age_10yrbands_y55_64,eco_sector_x,2007,0.509
svn,sex_t,age_10yrbands_y55_64,eco_sector_x,2008,0.294
svn,sex_t,age_10yrbands_y55_64,eco_sector_x,2009,0.289
svn,sex_t,age_10yrbands_y55_64,eco_sector_x,2010,0.229
svn,sex_t,age_10yrbands_y55_64,eco_sector_x,2011,0.275
svn,sex_t,age_10yrbands_y55_64,eco_sector_x,2012,0.159
svn,sex_t,age_10yrbands_y55_64,eco_sector_x,2013,0.509
svn,sex_t,age_10yrbands_y55_64,eco_sector_x,2014,0.935
svn,sex_t,age_10yrbands_y55_64,eco_sector_x,2015,0.795
svn,sex_t,age_10yrbands_y55_64,eco_sector_x,2016,0.403
svn,sex_t,age_10yrbands_y55_64,eco_sector_x,2017,0.408
svn,sex_t,age_10yrbands_y55_64,eco_sector_x,2018,0.262
svn,sex_t,age_10yrbands_y55_64,eco_sector_x,2019,0.464
svn,sex_t,age_10yrbands_y55_64,eco_sector_x,2020,0.47
svn,sex_t,age_10yrbands_y55_64,eco_sector_x,2021,0.511
svn,sex_t,age_10yrbands_y55_64,eco_sector_x,2022,0.231
svn,sex_t,age_10yrbands_y55_64,eco_sector_x,2023,0.501
svn,sex_t,age_10yrbands_yge65,eco_aggregate_agr,2005,0.324
svn,sex_t,age_10yrbands_yge65,eco_aggregate_agr,2007,0.098
svn,sex_t,age_10yrbands_yge65,eco_aggregate_agr,2008,0.18
svn,sex_t,age_10yrbands_yge65,eco_aggregate_agr,2020,0.115
svn,sex_t,age_10yrbands_yge65,eco_aggregate_agr,2021,0.227
svn,sex_t,age_10yrbands_yge65,eco_aggregate_agr,2022,0.149
svn,sex_t,age_10yrbands_yge65,eco_aggregate_con,2017,0.195
svn,sex_t,age_10yrbands_yge65,eco_aggregate_con,2018,0.201
svn,sex_t,age_10yrbands_yge65,eco_aggregate_con,2019,0.219
svn,sex_t,age_10yrbands_yge65,eco_aggregate_con,2020,0.155
svn,sex_t,age_10yrbands_yge65,eco_aggregate_con,2022,0.35
svn,sex_t,age_10yrbands_yge65,eco_aggregate_con,2023,0.44
svn,sex_t,age_10yrbands_yge65,eco_aggregate_man,1997,0.922
svn,sex_t,age_10yrbands_yge65,eco_aggregate_man,2002,0.372
svn,sex_t,age_10yrbands_yge65,eco_aggregate_man,2003,0.495
svn,sex_t,age_10yrbands_yge65,eco_aggregate_man,2005,0.28
svn,sex_t,age_10yrbands_yge65,eco_aggregate_man,2006,0.332
svn,sex_t,age_10yrbands_yge65,eco_aggregate_man,2007,0.426
svn,sex_t,age_10yrbands_yge65,eco_aggregate_man,2009,0.123
svn,sex_t,age_10yrbands_yge65,eco_aggregate_man,2010,0.637
svn,sex_t,age_10yrbands_yge65,eco_aggregate_man,2011,0.172
svn,sex_t,age_10yrbands_yge65,eco_aggregate_man,2012,0.186
svn,sex_t,age_10yrbands_yge65,eco_aggregate_man,2013,0.534
svn,sex_t,age_10yrbands_yge65,eco_aggregate_man,2014,0.256
svn,sex_t,age_10yrbands_yge65,eco_aggregate_man,2015,0.184
svn,sex_t,age_10yrbands_yge65,eco_aggregate_man,2016,0.383
svn,sex_t,age_10yrbands_yge65,eco_aggregate_man,2017,0.567
svn,sex_t,age_10yrbands_yge65,eco_aggregate_man,2018,0.466
svn,sex_t,age_10yrbands_yge65,eco_aggregate_man,2019,0.386
svn,sex_t,age_10yrbands_yge65,eco_aggregate_man,2020,0.6
svn,sex_t,age_10yrbands_yge65,eco_aggregate_man,2021,0.751
svn,sex_t,age_10yrbands_yge65,eco_aggregate_man,2022,0.844
svn,sex_t,age_10yrbands_yge65,eco_aggregate_man,2023,0.643
svn,sex_t,age_10yrbands_yge65,eco_aggregate_mel,2018,0.121
svn,sex_t,age_10yrbands_yge65,eco_aggregate_mel,2019,0.156
svn,sex_t,age_10yrbands_yge65,eco_aggregate_mel,2021,0.174
svn,sex_t,age_10yrbands_yge65,eco_aggregate_mel,2022,0.175
svn,sex_t,age_10yrbands_yge65,eco_aggregate_mkt,1996,0.632
svn,sex_t,age_10yrbands_yge65,eco_aggregate_mkt,1997,0.754
svn,sex_t,age_10yrbands_yge65,eco_aggregate_mkt,1998,1.694
svn,sex_t,age_10yrbands_yge65,eco_aggregate_mkt,2005,0.928
svn,sex_t,age_10yrbands_yge65,eco_aggregate_mkt,2006,0.59
svn,sex_t,age_10yrbands_yge65,eco_aggregate_mkt,2007,0.936
svn,sex_t,age_10yrbands_yge65,eco_aggregate_mkt,2008,0.657
svn,sex_t,age_10yrbands_yge65,eco_aggregate_mkt,2009,0.68
svn,sex_t,age_10yrbands_yge65,eco_aggregate_mkt,2010,0.491
svn,sex_t,age_10yrbands_yge65,eco_aggregate_mkt,2011,0.776
svn,sex_t,age_10yrbands_yge65,eco_aggregate_mkt,2012,0.844
svn,sex_t,age_10yrbands_yge65,eco_aggregate_mkt,2013,1.023
svn,sex_t,age_10yrbands_yge65,eco_aggregate_mkt,2014,0.78
svn,sex_t,age_10yrbands_yge65,eco_aggregate_mkt,2015,0.731
svn,sex_t,age_10yrbands_yge65,eco_aggregate_mkt,2016,0.846
svn,sex_t,age_10yrbands_yge65,eco_aggregate_mkt,2017,1.475
svn,sex_t,age_10yrbands_yge65,eco_aggregate_mkt,2018,1.56
svn,sex_t,age_10yrbands_yge65,eco_aggregate_mkt,2019,1.227
svn,sex_t,age_10yrbands_yge65,eco_aggregate_mkt,2020,1.64
svn,sex_t,age_10yrbands_yge65,eco_aggregate_mkt,2021,2.073
svn,sex_t,age_10yrbands_yge65,eco_aggregate_mkt,2022,2.599
svn,sex_t,age_10yrbands_yge65,eco_aggregate_mkt,2023,2.895
svn,sex_t,age_10yrbands_yge65,eco_aggregate_pub,1996,0.579
svn,sex_t,age_10yrbands_yge65,eco_aggregate_pub,1997,1.15
svn,sex_t,age_10yrbands_yge65,eco_aggregate_pub,1998,0.932
svn,sex_t,age_10yrbands_yge65,eco_aggregate_pub,1999,1.64
svn,sex_t,age_10yrbands_yge65,eco_aggregate_pub,2000,1.435
svn,sex_t,age_10yrbands_yge65,eco_aggregate_pub,2001,0.931
svn,sex_t,age_10yrbands_yge65,eco_aggregate_pub,2002,1.186
svn,sex_t,age_10yrbands_yge65,eco_aggregate_pub,2003,0.855
svn,sex_t,age_10yrbands_yge65,eco_aggregate_pub,2004,1.454
svn,sex_t,age_10yrbands_yge65,eco_aggregate_pub,2005,1.848
svn,sex_t,age_10yrbands_yge65,eco_aggregate_pub,2006,2.026
svn,sex_t,age_10yrbands_yge65,eco_aggregate_pub,2007,1.32
svn,sex_t,age_10yrbands_yge65,eco_aggregate_pub,2008,0.938
svn,sex_t,age_10yrbands_yge65,eco_aggregate_pub,2009,1.591
svn,sex_t,age_10yrbands_yge65,eco_aggregate_pub,2010,1.85
svn,sex_t,age_10yrbands_yge65,eco_aggregate_pub,2011,1.577
svn,sex_t,age_10yrbands_yge65,eco_aggregate_pub,2012,1.161
svn,sex_t,age_10yrbands_yge65,eco_aggregate_pub,2013,1.584
svn,sex_t,age_10yrbands_yge65,eco_aggregate_pub,2014,1.408
svn,sex_t,age_10yrbands_yge65,eco_aggregate_pub,2015,1.453
svn,sex_t,age_10yrbands_yge65,eco_aggregate_pub,2016,2.043
svn,sex_t,age_10yrbands_yge65,eco_aggregate_pub,2017,2.039
svn,sex_t,age_10yrbands_yge65,eco_aggregate_pub,2018,1.882
svn,sex_t,age_10yrbands_yge65,eco_aggregate_pub,2019,2.504
svn,sex_t,age_10yrbands_yge65,eco_aggregate_pub,2020,2.935
svn,sex_t,age_10yrbands_yge65,eco_aggregate_pub,2021,3.784
svn,sex_t,age_10yrbands_yge65,eco_aggregate_pub,2022,4.048
svn,sex_t,age_10yrbands_yge65,eco_aggregate_pub,2023,3.175
svn,sex_t,age_10yrbands_yge65,eco_aggregate_total,1996,1.661
svn,sex_t,age_10yrbands_yge65,eco_aggregate_total,1997,3.377
svn,sex_t,age_10yrbands_yge65,eco_aggregate_total,1998,3.019
svn,sex_t,age_10yrbands_yge65,eco_aggregate_total,1999,2.065
svn,sex_t,age_10yrbands_yge65,eco_aggregate_total,2000,1.63
svn,sex_t,age_10yrbands_yge65,eco_aggregate_total,2001,1.54
svn,sex_t,age_10yrbands_yge65,eco_aggregate_total,2002,1.802
svn,sex_t,age_10yrbands_yge65,eco_aggregate_total,2003,1.954
svn,sex_t,age_10yrbands_yge65,eco_aggregate_total,2004,2.598
svn,sex_t,age_10yrbands_yge65,eco_aggregate_total,2005,3.429
svn,sex_t,age_10yrbands_yge65,eco_aggregate_total,2006,3.062
svn,sex_t,age_10yrbands_yge65,eco_aggregate_total,2007,2.922
svn,sex_t,age_10yrbands_yge65,eco_aggregate_total,2008,2.001
svn,sex_t,age_10yrbands_yge65,eco_aggregate_total,2009,2.61
svn,sex_t,age_10yrbands_yge65,eco_aggregate_total,2010,3.241
svn,sex_t,age_10yrbands_yge65,eco_aggregate_total,2011,2.878
svn,sex_t,age_10yrbands_yge65,eco_aggregate_total,2012,2.305
svn,sex_t,age_10yrbands_yge65,eco_aggregate_total,2013,3.32
svn,sex_t,age_10yrbands_yge65,eco_aggregate_total,2014,2.564
svn,sex_t,age_10yrbands_yge65,eco_aggregate_total,2015,2.561
svn,sex_t,age_10yrbands_yge65,eco_aggregate_total,2016,3.546
svn,sex_t,age_10yrbands_yge65,eco_aggregate_total,2017,4.438
svn,sex_t,age_10yrbands_yge65,eco_aggregate_total,2018,4.288
svn,sex_t,age_10yrbands_yge65,eco_aggregate_total,2019,4.728
svn,sex_t,age_10yrbands_yge65,eco_aggregate_total,2020,5.585
svn,sex_t,age_10yrbands_yge65,eco_aggregate_total,2021,7.154
svn,sex_t,age_10yrbands_yge65,eco_aggregate_total,2022,8.198
svn,sex_t,age_10yrbands_yge65,eco_aggregate_total,2023,7.308
svn,sex_t,age_10yrbands_yge65,eco_aggregate_x,2009,0.152
svn,sex_t,age_10yrbands_yge65,eco_aggregate_x,2010,0.14
svn,sex_t,age_10yrbands_yge65,eco_aggregate_x,2019,0.236
svn,sex_t,age_10yrbands_yge65,eco_aggregate_x,2021,0.079
svn,sex_t,age_10yrbands_yge65,eco_sector_agr,2005,0.324
svn,sex_t,age_10yrbands_yge65,eco_sector_agr,2007,0.098
svn,sex_t,age_10yrbands_yge65,eco_sector_agr,2008,0.18
svn,sex_t,age_10yrbands_yge65,eco_sector_agr,2020,0.115
svn,sex_t,age_10yrbands_yge65,eco_sector_agr,2021,0.227
svn,sex_t,age_10yrbands_yge65,eco_sector_agr,2022,0.149
svn,sex_t,age_10yrbands_yge65,eco_sector_ind,1997,1.295
svn,sex_t,age_10yrbands_yge65,eco_sector_ind,2002,0.372
svn,sex_t,age_10yrbands_yge65,eco_sector_ind,2003,0.495
svn,sex_t,age_10yrbands_yge65,eco_sector_ind,2005,0.29
svn,sex_t,age_10yrbands_yge65,eco_sector_ind,2006,0.359
svn,sex_t,age_10yrbands_yge65,eco_sector_ind,2007,0.426
svn,sex_t,age_10yrbands_yge65,eco_sector_ind,2008,0.202
svn,sex_t,age_10yrbands_yge65,eco_sector_ind,2009,0.164
svn,sex_t,age_10yrbands_yge65,eco_sector_ind,2010,0.689
svn,sex_t,age_10yrbands_yge65,eco_sector_ind,2011,0.363
svn,sex_t,age_10yrbands_yge65,eco_sector_ind,2012,0.244
svn,sex_t,age_10yrbands_yge65,eco_sector_ind,2013,0.583
svn,sex_t,age_10yrbands_yge65,eco_sector_ind,2014,0.343
svn,sex_t,age_10yrbands_yge65,eco_sector_ind,2015,0.212
svn,sex_t,age_10yrbands_yge65,eco_sector_ind,2016,0.383
svn,sex_t,age_10yrbands_yge65,eco_sector_ind,2017,0.788
svn,sex_t,age_10yrbands_yge65,eco_sector_ind,2018,0.787
svn,sex_t,age_10yrbands_yge65,eco_sector_ind,2019,0.761
svn,sex_t,age_10yrbands_yge65,eco_sector_ind,2020,0.871
svn,sex_t,age_10yrbands_yge65,eco_sector_ind,2021,0.991
svn,sex_t,age_10yrbands_yge65,eco_sector_ind,2022,1.369
svn,sex_t,age_10yrbands_yge65,eco_sector_ind,2023,1.162
svn,sex_t,age_10yrbands_yge65,eco_sector_nag,2005,3.105
svn,sex_t,age_10yrbands_yge65,eco_sector_nag,2007,2.824
svn,sex_t,age_10yrbands_yge65,eco_sector_nag,2008,1.821
svn,sex_t,age_10yrbands_yge65,eco_sector_nag,2020,5.47
svn,sex_t,age_10yrbands_yge65,eco_sector_nag,2021,6.927
svn,sex_t,age_10yrbands_yge65,eco_sector_nag,2022,8.049
svn,sex_t,age_10yrbands_yge65,eco_sector_ser,1996,1.212
svn,sex_t,age_10yrbands_yge65,eco_sector_ser,1997,1.905
svn,sex_t,age_10yrbands_yge65,eco_sector_ser,1998,2.626
svn,sex_t,age_10yrbands_yge65,eco_sector_ser,1999,1.671
svn,sex_t,age_10yrbands_yge65,eco_sector_ser,2000,1.511
svn,sex_t,age_10yrbands_yge65,eco_sector_ser,2001,1.206
svn,sex_t,age_10yrbands_yge65,eco_sector_ser,2002,1.289
svn,sex_t,age_10yrbands_yge65,eco_sector_ser,2003,1.21
svn,sex_t,age_10yrbands_yge65,eco_sector_ser,2004,1.864
svn,sex_t,age_10yrbands_yge65,eco_sector_ser,2005,2.776
svn,sex_t,age_10yrbands_yge65,eco_sector_ser,2006,2.616
svn,sex_t,age_10yrbands_yge65,eco_sector_ser,2007,2.256
svn,sex_t,age_10yrbands_yge65,eco_sector_ser,2008,1.594
svn,sex_t,age_10yrbands_yge65,eco_sector_ser,2009,2.271
svn,sex_t,age_10yrbands_yge65,eco_sector_ser,2010,2.342
svn,sex_t,age_10yrbands_yge65,eco_sector_ser,2011,2.353
svn,sex_t,age_10yrbands_yge65,eco_sector_ser,2012,2.005
svn,sex_t,age_10yrbands_yge65,eco_sector_ser,2013,2.607
svn,sex_t,age_10yrbands_yge65,eco_sector_ser,2014,2.189
svn,sex_t,age_10yrbands_yge65,eco_sector_ser,2015,2.184
svn,sex_t,age_10yrbands_yge65,eco_sector_ser,2016,2.889
svn,sex_t,age_10yrbands_yge65,eco_sector_ser,2017,3.514
svn,sex_t,age_10yrbands_yge65,eco_sector_ser,2018,3.442
svn,sex_t,age_10yrbands_yge65,eco_sector_ser,2019,3.731
svn,sex_t,age_10yrbands_yge65,eco_sector_ser,2020,4.575
svn,sex_t,age_10yrbands_yge65,eco_sector_ser,2021,5.857
svn,sex_t,age_10yrbands_yge65,eco_sector_ser,2022,6.646
svn,sex_t,age_10yrbands_yge65,eco_sector_ser,2023,6.07
svn,sex_t,age_10yrbands_yge65,eco_sector_total,1996,1.661
svn,sex_t,age_10yrbands_yge65,eco_sector_total,1997,3.377
svn,sex_t,age_10yrbands_yge65,eco_sector_total,1998,3.019
svn,sex_t,age_10yrbands_yge65,eco_sector_total,1999,2.065
svn,sex_t,age_10yrbands_yge65,eco_sector_total,2000,1.63
svn,sex_t,age_10yrbands_yge65,eco_sector_total,2001,1.54
svn,sex_t,age_10yrbands_yge65,eco_sector_total,2002,1.802
svn,sex_t,age_10yrbands_yge65,eco_sector_total,2003,1.954
svn,sex_t,age_10yrbands_yge65,eco_sector_total,2004,2.598
svn,sex_t,age_10yrbands_yge65,eco_sector_total,2005,3.429
svn,sex_t,age_10yrbands_yge65,eco_sector_total,2006,3.062
svn,sex_t,age_10yrbands_yge65,eco_sector_total,2007,2.922
svn,sex_t,age_10yrbands_yge65,eco_sector_total,2008,2.001
svn,sex_t,age_10yrbands_yge65,eco_sector_total,2009,2.61
svn,sex_t,age_10yrbands_yge65,eco_sector_total,2010,3.241
svn,sex_t,age_10yrbands_yge65,eco_sector_total,2011,2.878
svn,sex_t,age_10yrbands_yge65,eco_sector_total,2012,2.305
svn,sex_t,age_10yrbands_yge65,eco_sector_total,2013,3.32
svn,sex_t,age_10yrbands_yge65,eco_sector_total,2014,2.564
svn,sex_t,age_10yrbands_yge65,eco_sector_total,2015,2.561
svn,sex_t,age_10yrbands_yge65,eco_sector_total,2016,3.546
svn,sex_t,age_10yrbands_yge65,eco_sector_total,2017,4.438
svn,sex_t,age_10yrbands_yge65,eco_sector_total,2018,4.288
svn,sex_t,age_10yrbands_yge65,eco_sector_total,2019,4.728
svn,sex_t,age_10yrbands_yge65,eco_sector_total,2020,5.585
svn,sex_t,age_10yrbands_yge65,eco_sector_total,2021,7.154
svn,sex_t,age_10yrbands_yge65,eco_sector_total,2022,8.198
svn,sex_t,age_10yrbands_yge65,eco_sector_total,2023,7.308
svn,sex_t,age_10yrbands_yge65,eco_sector_x,2009,0.152
svn,sex_t,age_10yrbands_yge65,eco_sector_x,2010,0.14
svn,sex_t,age_10yrbands_yge65,eco_sector_x,2019,0.236
svn,sex_t,age_10yrbands_yge65,eco_sector_x,2021,0.079
svn,sex_t,age_aggregate_total,eco_aggregate_agr,1996,13.802
svn,sex_t,age_aggregate_total,eco_aggregate_agr,1997,12.999
svn,sex_t,age_aggregate_total,eco_aggregate_agr,1998,10.129
svn,sex_t,age_aggregate_total,eco_aggregate_agr,1999,8.61
svn,sex_t,age_aggregate_total,eco_aggregate_agr,2000,9.722
svn,sex_t,age_aggregate_total,eco_aggregate_agr,2001,8.797
svn,sex_t,age_aggregate_total,eco_aggregate_agr,2002,11.536
svn,sex_t,age_aggregate_total,eco_aggregate_agr,2003,10.506
svn,sex_t,age_aggregate_total,eco_aggregate_agr,2004,13.859
svn,sex_t,age_aggregate_total,eco_aggregate_agr,2005,10.525
svn,sex_t,age_aggregate_total,eco_aggregate_agr,2006,11.253
svn,sex_t,age_aggregate_total,eco_aggregate_agr,2007,13.781
svn,sex_t,age_aggregate_total,eco_aggregate_agr,2008,12.867
svn,sex_t,age_aggregate_total,eco_aggregate_agr,2009,10.448
svn,sex_t,age_aggregate_total,eco_aggregate_agr,2010,9.407
svn,sex_t,age_aggregate_total,eco_aggregate_agr,2011,9.822
svn,sex_t,age_aggregate_total,eco_aggregate_agr,2012,9.988
svn,sex_t,age_aggregate_total,eco_aggregate_agr,2013,8.743
svn,sex_t,age_aggregate_total,eco_aggregate_agr,2014,8.737
svn,sex_t,age_aggregate_total,eco_aggregate_agr,2015,8.699
svn,sex_t,age_aggregate_total,eco_aggregate_agr,2016,7.761
svn,sex_t,age_aggregate_total,eco_aggregate_agr,2017,9.126
svn,sex_t,age_aggregate_total,eco_aggregate_agr,2018,8.184
svn,sex_t,age_aggregate_total,eco_aggregate_agr,2019,7.428
svn,sex_t,age_aggregate_total,eco_aggregate_agr,2020,7.388
svn,sex_t,age_aggregate_total,eco_aggregate_agr,2021,6.534
svn,sex_t,age_aggregate_total,eco_aggregate_agr,2022,6.819
svn,sex_t,age_aggregate_total,eco_aggregate_agr,2023,6.8
svn,sex_t,age_aggregate_total,eco_aggregate_con,1996,38.882
svn,sex_t,age_aggregate_total,eco_aggregate_con,1997,45.406
svn,sex_t,age_aggregate_total,eco_aggregate_con,1998,41.311
svn,sex_t,age_aggregate_total,eco_aggregate_con,1999,37.205
svn,sex_t,age_aggregate_total,eco_aggregate_con,2000,39.534
svn,sex_t,age_aggregate_total,eco_aggregate_con,2001,45.214
svn,sex_t,age_aggregate_total,eco_aggregate_con,2002,43.811
svn,sex_t,age_aggregate_total,eco_aggregate_con,2003,43.959
svn,sex_t,age_aggregate_total,eco_aggregate_con,2004,44.617
svn,sex_t,age_aggregate_total,eco_aggregate_con,2005,47.63
svn,sex_t,age_aggregate_total,eco_aggregate_con,2006,45.27
svn,sex_t,age_aggregate_total,eco_aggregate_con,2007,47.083
svn,sex_t,age_aggregate_total,eco_aggregate_con,2008,55.529
svn,sex_t,age_aggregate_total,eco_aggregate_con,2009,50.275
svn,sex_t,age_aggregate_total,eco_aggregate_con,2010,45.651
svn,sex_t,age_aggregate_total,eco_aggregate_con,2011,41.58
svn,sex_t,age_aggregate_total,eco_aggregate_con,2012,41.587
svn,sex_t,age_aggregate_total,eco_aggregate_con,2013,42.141
svn,sex_t,age_aggregate_total,eco_aggregate_con,2014,39.755
svn,sex_t,age_aggregate_total,eco_aggregate_con,2015,39.793
svn,sex_t,age_aggregate_total,eco_aggregate_con,2016,39.028
svn,sex_t,age_aggregate_total,eco_aggregate_con,2017,42.128
svn,sex_t,age_aggregate_total,eco_aggregate_con,2018,42.14
svn,sex_t,age_aggregate_total,eco_aggregate_con,2019,42.919
svn,sex_t,age_aggregate_total,eco_aggregate_con,2020,45.375
svn,sex_t,age_aggregate_total,eco_aggregate_con,2021,39.135
svn,sex_t,age_aggregate_total,eco_aggregate_con,2022,41.313
svn,sex_t,age_aggregate_total,eco_aggregate_con,2023,49.829
svn,sex_t,age_aggregate_total,eco_aggregate_man,1996,278.506
svn,sex_t,age_aggregate_total,eco_aggregate_man,1997,271.849
svn,sex_t,age_aggregate_total,eco_aggregate_man,1998,271.157
svn,sex_t,age_aggregate_total,eco_aggregate_man,1999,257.161
svn,sex_t,age_aggregate_total,eco_aggregate_man,2000,253.49
svn,sex_t,age_aggregate_total,eco_aggregate_man,2001,260.007
svn,sex_t,age_aggregate_total,eco_aggregate_man,2002,268.936
svn,sex_t,age_aggregate_total,eco_aggregate_man,2003,251.985
svn,sex_t,age_aggregate_total,eco_aggregate_man,2004,254.2
svn,sex_t,age_aggregate_total,eco_aggregate_man,2005,261.13
svn,sex_t,age_aggregate_total,eco_aggregate_man,2006,250.553
svn,sex_t,age_aggregate_total,eco_aggregate_man,2007,253.786
svn,sex_t,age_aggregate_total,eco_aggregate_man,2008,247.952
svn,sex_t,age_aggregate_total,eco_aggregate_man,2009,223.503
svn,sex_t,age_aggregate_total,eco_aggregate_man,2010,216.404
svn,sex_t,age_aggregate_total,eco_aggregate_man,2011,201.735
svn,sex_t,age_aggregate_total,eco_aggregate_man,2012,193.394
svn,sex_t,age_aggregate_total,eco_aggregate_man,2013,190.622
svn,sex_t,age_aggregate_total,eco_aggregate_man,2014,192.211
svn,sex_t,age_aggregate_total,eco_aggregate_man,2015,199.724
svn,sex_t,age_aggregate_total,eco_aggregate_man,2016,214.831
svn,sex_t,age_aggregate_total,eco_aggregate_man,2017,226.817
svn,sex_t,age_aggregate_total,eco_aggregate_man,2018,228.993
svn,sex_t,age_aggregate_total,eco_aggregate_man,2019,238.02
svn,sex_t,age_aggregate_total,eco_aggregate_man,2020,234.775
svn,sex_t,age_aggregate_total,eco_aggregate_man,2021,200.575
svn,sex_t,age_aggregate_total,eco_aggregate_man,2022,203.341
svn,sex_t,age_aggregate_total,eco_aggregate_man,2023,210.325
svn,sex_t,age_aggregate_total,eco_aggregate_mel,1996,21.88
svn,sex_t,age_aggregate_total,eco_aggregate_mel,1997,19.573
svn,sex_t,age_aggregate_total,eco_aggregate_mel,1998,16.452
svn,sex_t,age_aggregate_total,eco_aggregate_mel,1999,14.06
svn,sex_t,age_aggregate_total,eco_aggregate_mel,2000,17.542
svn,sex_t,age_aggregate_total,eco_aggregate_mel,2001,16.564
svn,sex_t,age_aggregate_total,eco_aggregate_mel,2002,14.23
svn,sex_t,age_aggregate_total,eco_aggregate_mel,2003,14.198
svn,sex_t,age_aggregate_total,eco_aggregate_mel,2004,15.648
svn,sex_t,age_aggregate_total,eco_aggregate_mel,2005,15.325
svn,sex_t,age_aggregate_total,eco_aggregate_mel,2006,15.748
svn,sex_t,age_aggregate_total,eco_aggregate_mel,2007,14.982
svn,sex_t,age_aggregate_total,eco_aggregate_mel,2008,21.359
svn,sex_t,age_aggregate_total,eco_aggregate_mel,2009,21.946
svn,sex_t,age_aggregate_total,eco_aggregate_mel,2010,21.11
svn,sex_t,age_aggregate_total,eco_aggregate_mel,2011,23.776
svn,sex_t,age_aggregate_total,eco_aggregate_mel,2012,23.18
svn,sex_t,age_aggregate_total,eco_aggregate_mel,2013,22.241
svn,sex_t,age_aggregate_total,eco_aggregate_mel,2014,22.96
svn,sex_t,age_aggregate_total,eco_aggregate_mel,2015,22.182
svn,sex_t,age_aggregate_total,eco_aggregate_mel,2016,20.099
svn,sex_t,age_aggregate_total,eco_aggregate_mel,2017,21.496
svn,sex_t,age_aggregate_total,eco_aggregate_mel,2018,24.589
svn,sex_t,age_aggregate_total,eco_aggregate_mel,2019,24.541
svn,sex_t,age_aggregate_total,eco_aggregate_mel,2020,24.754
svn,sex_t,age_aggregate_total,eco_aggregate_mel,2021,22.901
svn,sex_t,age_aggregate_total,eco_aggregate_mel,2022,24.28
svn,sex_t,age_aggregate_total,eco_aggregate_mel,2023,25.737
svn,sex_t,age_aggregate_total,eco_aggregate_mkt,1996,204.269
svn,sex_t,age_aggregate_total,eco_aggregate_mkt,1997,215.82
svn,sex_t,age_aggregate_total,eco_aggregate_mkt,1998,220.552
svn,sex_t,age_aggregate_total,eco_aggregate_mkt,1999,223.203
svn,sex_t,age_aggregate_total,eco_aggregate_mkt,2000,240.734
svn,sex_t,age_aggregate_total,eco_aggregate_mkt,2001,235.298
svn,sex_t,age_aggregate_total,eco_aggregate_mkt,2002,240.835
svn,sex_t,age_aggregate_total,eco_aggregate_mkt,2003,255.152
svn,sex_t,age_aggregate_total,eco_aggregate_mkt,2004,257.233
svn,sex_t,age_aggregate_total,eco_aggregate_mkt,2005,257.142
svn,sex_t,age_aggregate_total,eco_aggregate_mkt,2006,259.933
svn,sex_t,age_aggregate_total,eco_aggregate_mkt,2007,273.132
svn,sex_t,age_aggregate_total,eco_aggregate_mkt,2008,301.782
svn,sex_t,age_aggregate_total,eco_aggregate_mkt,2009,300.701
svn,sex_t,age_aggregate_total,eco_aggregate_mkt,2010,289.84
svn,sex_t,age_aggregate_total,eco_aggregate_mkt,2011,285.093
svn,sex_t,age_aggregate_total,eco_aggregate_mkt,2012,286.466
svn,sex_t,age_aggregate_total,eco_aggregate_mkt,2013,277.271
svn,sex_t,age_aggregate_total,eco_aggregate_mkt,2014,266.992
svn,sex_t,age_aggregate_total,eco_aggregate_mkt,2015,270.987
svn,sex_t,age_aggregate_total,eco_aggregate_mkt,2016,277.114
svn,sex_t,age_aggregate_total,eco_aggregate_mkt,2017,284.237
svn,sex_t,age_aggregate_total,eco_aggregate_mkt,2018,293.369
svn,sex_t,age_aggregate_total,eco_aggregate_mkt,2019,299.729
svn,sex_t,age_aggregate_total,eco_aggregate_mkt,2020,298.782
svn,sex_t,age_aggregate_total,eco_aggregate_mkt,2021,298.391
svn,sex_t,age_aggregate_total,eco_aggregate_mkt,2022,304.683
svn,sex_t,age_aggregate_total,eco_aggregate_mkt,2023,311.286
svn,sex_t,age_aggregate_total,eco_aggregate_pub,1996,165.58
svn,sex_t,age_aggregate_total,eco_aggregate_pub,1997,158.619
svn,sex_t,age_aggregate_total,eco_aggregate_pub,1998,167.286
svn,sex_t,age_aggregate_total,eco_aggregate_pub,1999,181.721
svn,sex_t,age_aggregate_total,eco_aggregate_pub,2000,184.288
svn,sex_t,age_aggregate_total,eco_aggregate_pub,2001,183.841
svn,sex_t,age_aggregate_total,eco_aggregate_pub,2002,187.479
svn,sex_t,age_aggregate_total,eco_aggregate_pub,2003,189.638
svn,sex_t,age_aggregate_total,eco_aggregate_pub,2004,202.854
svn,sex_t,age_aggregate_total,eco_aggregate_pub,2005,209.734
svn,sex_t,age_aggregate_total,eco_aggregate_pub,2006,218.832
svn,sex_t,age_aggregate_total,eco_aggregate_pub,2007,217.051
svn,sex_t,age_aggregate_total,eco_aggregate_pub,2008,211.57
svn,sex_t,age_aggregate_total,eco_aggregate_pub,2009,210.078
svn,sex_t,age_aggregate_total,eco_aggregate_pub,2010,213.48
svn,sex_t,age_aggregate_total,eco_aggregate_pub,2011,212.361
svn,sex_t,age_aggregate_total,eco_aggregate_pub,2012,214.664
svn,sex_t,age_aggregate_total,eco_aggregate_pub,2013,207.781
svn,sex_t,age_aggregate_total,eco_aggregate_pub,2014,210.863
svn,sex_t,age_aggregate_total,eco_aggregate_pub,2015,215.173
svn,sex_t,age_aggregate_total,eco_aggregate_pub,2016,220.116
svn,sex_t,age_aggregate_total,eco_aggregate_pub,2017,230.627
svn,sex_t,age_aggregate_total,eco_aggregate_pub,2018,228.962
svn,sex_t,age_aggregate_total,eco_aggregate_pub,2019,231.212
svn,sex_t,age_aggregate_total,eco_aggregate_pub,2020,240.321
svn,sex_t,age_aggregate_total,eco_aggregate_pub,2021,263.514
svn,sex_t,age_aggregate_total,eco_aggregate_pub,2022,264.407
svn,sex_t,age_aggregate_total,eco_aggregate_pub,2023,240.502
svn,sex_t,age_aggregate_total,eco_aggregate_total,1996,723.98
svn,sex_t,age_aggregate_total,eco_aggregate_total,1997,726.138
svn,sex_t,age_aggregate_total,eco_aggregate_total,1998,730.741
svn,sex_t,age_aggregate_total,eco_aggregate_total,1999,724.65
svn,sex_t,age_aggregate_total,eco_aggregate_total,2000,750.094
svn,sex_t,age_aggregate_total,eco_aggregate_total,2001,757.931
svn,sex_t,age_aggregate_total,eco_aggregate_total,2002,772.503
svn,sex_t,age_aggregate_total,eco_aggregate_total,2003,770.83
svn,sex_t,age_aggregate_total,eco_aggregate_total,2004,798.073
svn,sex_t,age_aggregate_total,eco_aggregate_total,2005,805.534
svn,sex_t,age_aggregate_total,eco_aggregate_total,2006,805.51
svn,sex_t,age_aggregate_total,eco_aggregate_total,2007,828.653
svn,sex_t,age_aggregate_total,eco_aggregate_total,2008,855.433
svn,sex_t,age_aggregate_total,eco_aggregate_total,2009,821.858
svn,sex_t,age_aggregate_total,eco_aggregate_total,2010,799.32
svn,sex_t,age_aggregate_total,eco_aggregate_total,2011,778.725
svn,sex_t,age_aggregate_total,eco_aggregate_total,2012,773.764
svn,sex_t,age_aggregate_total,eco_aggregate_total,2013,753.003
svn,sex_t,age_aggregate_total,eco_aggregate_total,2014,746.432
svn,sex_t,age_aggregate_total,eco_aggregate_total,2015,766.069
svn,sex_t,age_aggregate_total,eco_aggregate_total,2016,785.129
svn,sex_t,age_aggregate_total,eco_aggregate_total,2017,819.238
svn,sex_t,age_aggregate_total,eco_aggregate_total,2018,831.585
svn,sex_t,age_aggregate_total,eco_aggregate_total,2019,848.288
svn,sex_t,age_aggregate_total,eco_aggregate_total,2020,855.131
svn,sex_t,age_aggregate_total,eco_aggregate_total,2021,835.467
svn,sex_t,age_aggregate_total,eco_aggregate_total,2022,848.402
svn,sex_t,age_aggregate_total,eco_aggregate_total,2023,848.275
svn,sex_t,age_aggregate_total,eco_aggregate_x,1996,1.062
svn,sex_t,age_aggregate_total,eco_aggregate_x,1997,1.874
svn,sex_t,age_aggregate_total,eco_aggregate_x,1998,3.854
svn,sex_t,age_aggregate_total,eco_aggregate_x,1999,2.69
svn,sex_t,age_aggregate_total,eco_aggregate_x,2000,4.785
svn,sex_t,age_aggregate_total,eco_aggregate_x,2001,8.212
svn,sex_t,age_aggregate_total,eco_aggregate_x,2002,5.677
svn,sex_t,age_aggregate_total,eco_aggregate_x,2003,5.392
svn,sex_t,age_aggregate_total,eco_aggregate_x,2004,9.661
svn,sex_t,age_aggregate_total,eco_aggregate_x,2005,4.049
svn,sex_t,age_aggregate_total,eco_aggregate_x,2006,3.921
svn,sex_t,age_aggregate_total,eco_aggregate_x,2007,8.838
svn,sex_t,age_aggregate_total,eco_aggregate_x,2008,4.375
svn,sex_t,age_aggregate_total,eco_aggregate_x,2009,4.907
svn,sex_t,age_aggregate_total,eco_aggregate_x,2010,3.428
svn,sex_t,age_aggregate_total,eco_aggregate_x,2011,4.357
svn,sex_t,age_aggregate_total,eco_aggregate_x,2012,4.485
svn,sex_t,age_aggregate_total,eco_aggregate_x,2013,4.203
svn,sex_t,age_aggregate_total,eco_aggregate_x,2014,4.914
svn,sex_t,age_aggregate_total,eco_aggregate_x,2015,9.51
svn,sex_t,age_aggregate_total,eco_aggregate_x,2016,6.179
svn,sex_t,age_aggregate_total,eco_aggregate_x,2017,4.807
svn,sex_t,age_aggregate_total,eco_aggregate_x,2018,5.348
svn,sex_t,age_aggregate_total,eco_aggregate_x,2019,4.44
svn,sex_t,age_aggregate_total,eco_aggregate_x,2020,3.736
svn,sex_t,age_aggregate_total,eco_aggregate_x,2021,4.416
svn,sex_t,age_aggregate_total,eco_aggregate_x,2022,3.559
svn,sex_t,age_aggregate_total,eco_aggregate_x,2023,3.795
svn,sex_t,age_aggregate_total,eco_isic3_a,1996,13.749
svn,sex_t,age_aggregate_total,eco_isic3_a,1997,12.702
svn,sex_t,age_aggregate_total,eco_isic3_a,1998,9.934
svn,sex_t,age_aggregate_total,eco_isic3_a,1999,8.152
svn,sex_t,age_aggregate_total,eco_isic3_a,2000,9.665
svn,sex_t,age_aggregate_total,eco_isic3_a,2001,8.797
svn,sex_t,age_aggregate_total,eco_isic3_a,2002,11.47
svn,sex_t,age_aggregate_total,eco_isic3_a,2003,10.356
svn,sex_t,age_aggregate_total,eco_isic3_a,2004,13.53
svn,sex_t,age_aggregate_total,eco_isic3_a,2005,10.375
svn,sex_t,age_aggregate_total,eco_isic3_a,2006,11.152
svn,sex_t,age_aggregate_total,eco_isic3_a,2007,13.423
svn,sex_t,age_aggregate_total,eco_isic3_b,1999,0.458
svn,sex_t,age_aggregate_total,eco_isic3_b,2005,0.15
svn,sex_t,age_aggregate_total,eco_isic3_b,2006,0.101
svn,sex_t,age_aggregate_total,eco_isic3_b,2007,0.358
svn,sex_t,age_aggregate_total,eco_isic3_c,1996,9.157
svn,sex_t,age_aggregate_total,eco_isic3_c,1997,6.593
svn,sex_t,age_aggregate_total,eco_isic3_c,1998,8.01
svn,sex_t,age_aggregate_total,eco_isic3_c,1999,6.418
svn,sex_t,age_aggregate_total,eco_isic3_c,2000,7.404
svn,sex_t,age_aggregate_total,eco_isic3_c,2001,5.355
svn,sex_t,age_aggregate_total,eco_isic3_c,2002,3.537
svn,sex_t,age_aggregate_total,eco_isic3_c,2003,5.442
svn,sex_t,age_aggregate_total,eco_isic3_c,2004,6.036
svn,sex_t,age_aggregate_total,eco_isic3_c,2005,6.283
svn,sex_t,age_aggregate_total,eco_isic3_c,2006,5.807
svn,sex_t,age_aggregate_total,eco_isic3_c,2007,4.603
svn,sex_t,age_aggregate_total,eco_isic3_d,1996,278.506
svn,sex_t,age_aggregate_total,eco_isic3_d,1997,271.849
svn,sex_t,age_aggregate_total,eco_isic3_d,1998,271.157
svn,sex_t,age_aggregate_total,eco_isic3_d,1999,257.161
svn,sex_t,age_aggregate_total,eco_isic3_d,2000,253.49
svn,sex_t,age_aggregate_total,eco_isic3_d,2001,260.007
svn,sex_t,age_aggregate_total,eco_isic3_d,2002,268.936
svn,sex_t,age_aggregate_total,eco_isic3_d,2003,251.985
svn,sex_t,age_aggregate_total,eco_isic3_d,2004,254.2
svn,sex_t,age_aggregate_total,eco_isic3_d,2005,261.13
svn,sex_t,age_aggregate_total,eco_isic3_d,2006,250.553
svn,sex_t,age_aggregate_total,eco_isic3_d,2007,253.786
svn,sex_t,age_aggregate_total,eco_isic3_e,1996,12.723
svn,sex_t,age_aggregate_total,eco_isic3_e,1997,12.979
svn,sex_t,age_aggregate_total,eco_isic3_e,1998,8.442
svn,sex_t,age_aggregate_total,eco_isic3_e,1999,7.643
svn,sex_t,age_aggregate_total,eco_isic3_e,2000,10.139
svn,sex_t,age_aggregate_total,eco_isic3_e,2001,11.209
svn,sex_t,age_aggregate_total,eco_isic3_e,2002,10.693
svn,sex_t,age_aggregate_total,eco_isic3_e,2003,8.755
svn,sex_t,age_aggregate_total,eco_isic3_e,2004,9.613
svn,sex_t,age_aggregate_total,eco_isic3_e,2005,9.043
svn,sex_t,age_aggregate_total,eco_isic3_e,2006,9.941
svn,sex_t,age_aggregate_total,eco_isic3_e,2007,10.379
svn,sex_t,age_aggregate_total,eco_isic3_f,1996,38.882
svn,sex_t,age_aggregate_total,eco_isic3_f,1997,45.406
svn,sex_t,age_aggregate_total,eco_isic3_f,1998,41.311
svn,sex_t,age_aggregate_total,eco_isic3_f,1999,37.205
svn,sex_t,age_aggregate_total,eco_isic3_f,2000,39.534
svn,sex_t,age_aggregate_total,eco_isic3_f,2001,45.214
svn,sex_t,age_aggregate_total,eco_isic3_f,2002,43.811
svn,sex_t,age_aggregate_total,eco_isic3_f,2003,43.959
svn,sex_t,age_aggregate_total,eco_isic3_f,2004,44.617
svn,sex_t,age_aggregate_total,eco_isic3_f,2005,47.63
svn,sex_t,age_aggregate_total,eco_isic3_f,2006,45.27
svn,sex_t,age_aggregate_total,eco_isic3_f,2007,47.083
svn,sex_t,age_aggregate_total,eco_isic3_g,1996,87.366
svn,sex_t,age_aggregate_total,eco_isic3_g,1997,88.96
svn,sex_t,age_aggregate_total,eco_isic3_g,1998,94.388
svn,sex_t,age_aggregate_total,eco_isic3_g,1999,94.293
svn,sex_t,age_aggregate_total,eco_isic3_g,2000,106.034
svn,sex_t,age_aggregate_total,eco_isic3_g,2001,98.507
svn,sex_t,age_aggregate_total,eco_isic3_g,2002,104.62
svn,sex_t,age_aggregate_total,eco_isic3_g,2003,107.55
svn,sex_t,age_aggregate_total,eco_isic3_g,2004,106.398
svn,sex_t,age_aggregate_total,eco_isic3_g,2005,100.339
svn,sex_t,age_aggregate_total,eco_isic3_g,2006,106.074
svn,sex_t,age_aggregate_total,eco_isic3_g,2007,106.415
svn,sex_t,age_aggregate_total,eco_isic3_h,1996,28.61
svn,sex_t,age_aggregate_total,eco_isic3_h,1997,32.848
svn,sex_t,age_aggregate_total,eco_isic3_h,1998,32.511
svn,sex_t,age_aggregate_total,eco_isic3_h,1999,28.13
svn,sex_t,age_aggregate_total,eco_isic3_h,2000,29.259
svn,sex_t,age_aggregate_total,eco_isic3_h,2001,28.749
svn,sex_t,age_aggregate_total,eco_isic3_h,2002,31.185
svn,sex_t,age_aggregate_total,eco_isic3_h,2003,30.529
svn,sex_t,age_aggregate_total,eco_isic3_h,2004,33.044
svn,sex_t,age_aggregate_total,eco_isic3_h,2005,34.735
svn,sex_t,age_aggregate_total,eco_isic3_h,2006,33.163
svn,sex_t,age_aggregate_total,eco_isic3_h,2007,34.782
svn,sex_t,age_aggregate_total,eco_isic3_i,1996,42.572
svn,sex_t,age_aggregate_total,eco_isic3_i,1997,42.123
svn,sex_t,age_aggregate_total,eco_isic3_i,1998,40.441
svn,sex_t,age_aggregate_total,eco_isic3_i,1999,43.029
svn,sex_t,age_aggregate_total,eco_isic3_i,2000,51.593
svn,sex_t,age_aggregate_total,eco_isic3_i,2001,50.148
svn,sex_t,age_aggregate_total,eco_isic3_i,2002,46.66
svn,sex_t,age_aggregate_total,eco_isic3_i,2003,52.011
svn,sex_t,age_aggregate_total,eco_isic3_i,2004,49.233
svn,sex_t,age_aggregate_total,eco_isic3_i,2005,49.532
svn,sex_t,age_aggregate_total,eco_isic3_i,2006,47.418
svn,sex_t,age_aggregate_total,eco_isic3_i,2007,52.754
svn,sex_t,age_aggregate_total,eco_isic3_j,1996,19.237
svn,sex_t,age_aggregate_total,eco_isic3_j,1997,20.096
svn,sex_t,age_aggregate_total,eco_isic3_j,1998,17.142
svn,sex_t,age_aggregate_total,eco_isic3_j,1999,19.988
svn,sex_t,age_aggregate_total,eco_isic3_j,2000,21.29
svn,sex_t,age_aggregate_total,eco_isic3_j,2001,23.914
svn,sex_t,age_aggregate_total,eco_isic3_j,2002,21.644
svn,sex_t,age_aggregate_total,eco_isic3_j,2003,21.626
svn,sex_t,age_aggregate_total,eco_isic3_j,2004,21.354
svn,sex_t,age_aggregate_total,eco_isic3_j,2005,22.585
svn,sex_t,age_aggregate_total,eco_isic3_j,2006,22.089
svn,sex_t,age_aggregate_total,eco_isic3_j,2007,23.383
svn,sex_t,age_aggregate_total,eco_isic3_k,1996,26.484
svn,sex_t,age_aggregate_total,eco_isic3_k,1997,31.794
svn,sex_t,age_aggregate_total,eco_isic3_k,1998,36.069
svn,sex_t,age_aggregate_total,eco_isic3_k,1999,37.763
svn,sex_t,age_aggregate_total,eco_isic3_k,2000,32.558
svn,sex_t,age_aggregate_total,eco_isic3_k,2001,33.98
svn,sex_t,age_aggregate_total,eco_isic3_k,2002,36.725
svn,sex_t,age_aggregate_total,eco_isic3_k,2003,43.437
svn,sex_t,age_aggregate_total,eco_isic3_k,2004,47.204
svn,sex_t,age_aggregate_total,eco_isic3_k,2005,49.95
svn,sex_t,age_aggregate_total,eco_isic3_k,2006,51.189
svn,sex_t,age_aggregate_total,eco_isic3_k,2007,55.799
svn,sex_t,age_aggregate_total,eco_isic3_l,1996,40.919
svn,sex_t,age_aggregate_total,eco_isic3_l,1997,35.604
svn,sex_t,age_aggregate_total,eco_isic3_l,1998,40.91
svn,sex_t,age_aggregate_total,eco_isic3_l,1999,48.882
svn,sex_t,age_aggregate_total,eco_isic3_l,2000,52.908
svn,sex_t,age_aggregate_total,eco_isic3_l,2001,47.702
svn,sex_t,age_aggregate_total,eco_isic3_l,2002,49.919
svn,sex_t,age_aggregate_total,eco_isic3_l,2003,49.551
svn,sex_t,age_aggregate_total,eco_isic3_l,2004,55.736
svn,sex_t,age_aggregate_total,eco_isic3_l,2005,57.935
svn,sex_t,age_aggregate_total,eco_isic3_l,2006,56.615
svn,sex_t,age_aggregate_total,eco_isic3_l,2007,54.281
svn,sex_t,age_aggregate_total,eco_isic3_m,1996,54.6
svn,sex_t,age_aggregate_total,eco_isic3_m,1997,52.344
svn,sex_t,age_aggregate_total,eco_isic3_m,1998,59.526
svn,sex_t,age_aggregate_total,eco_isic3_m,1999,58.733
svn,sex_t,age_aggregate_total,eco_isic3_m,2000,56.565
svn,sex_t,age_aggregate_total,eco_isic3_m,2001,61.509
svn,sex_t,age_aggregate_total,eco_isic3_m,2002,60.144
svn,sex_t,age_aggregate_total,eco_isic3_m,2003,61.897
svn,sex_t,age_aggregate_total,eco_isic3_m,2004,64.368
svn,sex_t,age_aggregate_total,eco_isic3_m,2005,70.945
svn,sex_t,age_aggregate_total,eco_isic3_m,2006,74.355
svn,sex_t,age_aggregate_total,eco_isic3_m,2007,74.052
svn,sex_t,age_aggregate_total,eco_isic3_n,1996,43.169
svn,sex_t,age_aggregate_total,eco_isic3_n,1997,40.496
svn,sex_t,age_aggregate_total,eco_isic3_n,1998,40.495
svn,sex_t,age_aggregate_total,eco_isic3_n,1999,43.637
svn,sex_t,age_aggregate_total,eco_isic3_n,2000,45.589
svn,sex_t,age_aggregate_total,eco_isic3_n,2001,44.899
svn,sex_t,age_aggregate_total,eco_isic3_n,2002,49.604
svn,sex_t,age_aggregate_total,eco_isic3_n,2003,46.199
svn,sex_t,age_aggregate_total,eco_isic3_n,2004,46.838
svn,sex_t,age_aggregate_total,eco_isic3_n,2005,49.36
svn,sex_t,age_aggregate_total,eco_isic3_n,2006,53.924
svn,sex_t,age_aggregate_total,eco_isic3_n,2007,53.615
svn,sex_t,age_aggregate_total,eco_isic3_o,1996,25.749
svn,sex_t,age_aggregate_total,eco_isic3_o,1997,28.051
svn,sex_t,age_aggregate_total,eco_isic3_o,1998,25.819
svn,sex_t,age_aggregate_total,eco_isic3_o,1999,30.006
svn,sex_t,age_aggregate_total,eco_isic3_o,2000,28.975
svn,sex_t,age_aggregate_total,eco_isic3_o,2001,28.741
svn,sex_t,age_aggregate_total,eco_isic3_o,2002,27.25
svn,sex_t,age_aggregate_total,eco_isic3_o,2003,31.806
svn,sex_t,age_aggregate_total,eco_isic3_o,2004,35.339
svn,sex_t,age_aggregate_total,eco_isic3_o,2005,30.99
svn,sex_t,age_aggregate_total,eco_isic3_o,2006,33.239
svn,sex_t,age_aggregate_total,eco_isic3_o,2007,34.558
svn,sex_t,age_aggregate_total,eco_isic3_p,1996,0.971
svn,sex_t,age_aggregate_total,eco_isic3_p,1997,2.123
svn,sex_t,age_aggregate_total,eco_isic3_p,1998,0.537
svn,sex_t,age_aggregate_total,eco_isic3_p,1999,0.464
svn,sex_t,age_aggregate_total,eco_isic3_p,2001,0.989
svn,sex_t,age_aggregate_total,eco_isic3_p,2002,0.562
svn,sex_t,age_aggregate_total,eco_isic3_p,2004,0.574
svn,sex_t,age_aggregate_total,eco_isic3_p,2005,0.503
svn,sex_t,age_aggregate_total,eco_isic3_p,2006,0.699
svn,sex_t,age_aggregate_total,eco_isic3_p,2007,0.433
svn,sex_t,age_aggregate_total,eco_isic3_total,1996,723.98
svn,sex_t,age_aggregate_total,eco_isic3_total,1997,726.138
svn,sex_t,age_aggregate_total,eco_isic3_total,1998,730.741
svn,sex_t,age_aggregate_total,eco_isic3_total,1999,724.65
svn,sex_t,age_aggregate_total,eco_isic3_total,2000,750.094
svn,sex_t,age_aggregate_total,eco_isic3_total,2001,757.931
svn,sex_t,age_aggregate_total,eco_isic3_total,2002,772.503
svn,sex_t,age_aggregate_total,eco_isic3_total,2003,770.83
svn,sex_t,age_aggregate_total,eco_isic3_total,2004,798.073
svn,sex_t,age_aggregate_total,eco_isic3_total,2005,805.534
svn,sex_t,age_aggregate_total,eco_isic3_total,2006,805.51
svn,sex_t,age_aggregate_total,eco_isic3_total,2007,828.653
svn,sex_t,age_aggregate_total,eco_isic3_x,1996,1.062
svn,sex_t,age_aggregate_total,eco_isic3_x,1997,1.874
svn,sex_t,age_aggregate_total,eco_isic3_x,1998,3.854
svn,sex_t,age_aggregate_total,eco_isic3_x,1999,2.69
svn,sex_t,age_aggregate_total,eco_isic3_x,2000,4.785
svn,sex_t,age_aggregate_total,eco_isic3_x,2001,8.212
svn,sex_t,age_aggregate_total,eco_isic3_x,2002,5.677
svn,sex_t,age_aggregate_total,eco_isic3_x,2003,5.392
svn,sex_t,age_aggregate_total,eco_isic3_x,2004,9.661
svn,sex_t,age_aggregate_total,eco_isic3_x,2005,4.049
svn,sex_t,age_aggregate_total,eco_isic3_x,2006,3.921
svn,sex_t,age_aggregate_total,eco_isic3_x,2007,8.838
svn,sex_t,age_aggregate_total,eco_isic4_a,2008,12.867
svn,sex_t,age_aggregate_total,eco_isic4_a,2009,10.448
svn,sex_t,age_aggregate_total,eco_isic4_a,2010,9.407
svn,sex_t,age_aggregate_total,eco_isic4_a,2011,9.822
svn,sex_t,age_aggregate_total,eco_isic4_a,2012,9.988
svn,sex_t,age_aggregate_total,eco_isic4_a,2013,8.743
svn,sex_t,age_aggregate_total,eco_isic4_a,2014,8.737
svn,sex_t,age_aggregate_total,eco_isic4_a,2015,8.699
svn,sex_t,age_aggregate_total,eco_isic4_a,2016,7.761
svn,sex_t,age_aggregate_total,eco_isic4_a,2017,9.126
svn,sex_t,age_aggregate_total,eco_isic4_a,2018,8.184
svn,sex_t,age_aggregate_total,eco_isic4_a,2019,7.428
svn,sex_t,age_aggregate_total,eco_isic4_a,2020,7.388
svn,sex_t,age_aggregate_total,eco_isic4_a,2021,6.534
svn,sex_t,age_aggregate_total,eco_isic4_a,2022,6.819
svn,sex_t,age_aggregate_total,eco_isic4_a,2023,6.8
svn,sex_t,age_aggregate_total,eco_isic4_b,2008,3.765
svn,sex_t,age_aggregate_total,eco_isic4_b,2009,3.916
svn,sex_t,age_aggregate_total,eco_isic4_b,2010,4.079
svn,sex_t,age_aggregate_total,eco_isic4_b,2011,4.807
svn,sex_t,age_aggregate_total,eco_isic4_b,2012,4.228
svn,sex_t,age_aggregate_total,eco_isic4_b,2013,4.139
svn,sex_t,age_aggregate_total,eco_isic4_b,2014,2.856
svn,sex_t,age_aggregate_total,eco_isic4_b,2015,3.009
svn,sex_t,age_aggregate_total,eco_isic4_b,2016,2.724
svn,sex_t,age_aggregate_total,eco_isic4_b,2017,2.381
svn,sex_t,age_aggregate_total,eco_isic4_b,2018,3.232
svn,sex_t,age_aggregate_total,eco_isic4_b,2019,4.184
svn,sex_t,age_aggregate_total,eco_isic4_b,2020,3.771
svn,sex_t,age_aggregate_total,eco_isic4_b,2021,2.15
svn,sex_t,age_aggregate_total,eco_isic4_b,2022,2.347
svn,sex_t,age_aggregate_total,eco_isic4_b,2023,3.053
svn,sex_t,age_aggregate_total,eco_isic4_c,2008,247.952
svn,sex_t,age_aggregate_total,eco_isic4_c,2009,223.503
svn,sex_t,age_aggregate_total,eco_isic4_c,2010,216.404
svn,sex_t,age_aggregate_total,eco_isic4_c,2011,201.735
svn,sex_t,age_aggregate_total,eco_isic4_c,2012,193.394
svn,sex_t,age_aggregate_total,eco_isic4_c,2013,190.622
svn,sex_t,age_aggregate_total,eco_isic4_c,2014,192.211
svn,sex_t,age_aggregate_total,eco_isic4_c,2015,199.724
svn,sex_t,age_aggregate_total,eco_isic4_c,2016,214.831
svn,sex_t,age_aggregate_total,eco_isic4_c,2017,226.817
svn,sex_t,age_aggregate_total,eco_isic4_c,2018,228.993
svn,sex_t,age_aggregate_total,eco_isic4_c,2019,238.02
svn,sex_t,age_aggregate_total,eco_isic4_c,2020,234.775
svn,sex_t,age_aggregate_total,eco_isic4_c,2021,200.575
svn,sex_t,age_aggregate_total,eco_isic4_c,2022,203.341
svn,sex_t,age_aggregate_total,eco_isic4_c,2023,210.325
svn,sex_t,age_aggregate_total,eco_isic4_d,2008,9.714
svn,sex_t,age_aggregate_total,eco_isic4_d,2009,7.988
svn,sex_t,age_aggregate_total,eco_isic4_d,2010,7.285
svn,sex_t,age_aggregate_total,eco_isic4_d,2011,9.075
svn,sex_t,age_aggregate_total,eco_isic4_d,2012,8.927
svn,sex_t,age_aggregate_total,eco_isic4_d,2013,8.783
svn,sex_t,age_aggregate_total,eco_isic4_d,2014,10.906
svn,sex_t,age_aggregate_total,eco_isic4_d,2015,10.113
svn,sex_t,age_aggregate_total,eco_isic4_d,2016,8.077
svn,sex_t,age_aggregate_total,eco_isic4_d,2017,8.89
svn,sex_t,age_aggregate_total,eco_isic4_d,2018,8.725
svn,sex_t,age_aggregate_total,eco_isic4_d,2019,9.897
svn,sex_t,age_aggregate_total,eco_isic4_d,2020,10.781
svn,sex_t,age_aggregate_total,eco_isic4_d,2021,9.877
svn,sex_t,age_aggregate_total,eco_isic4_d,2022,8.426
svn,sex_t,age_aggregate_total,eco_isic4_d,2023,8.079
svn,sex_t,age_aggregate_total,eco_isic4_e,2008,7.879
svn,sex_t,age_aggregate_total,eco_isic4_e,2009,10.041
svn,sex_t,age_aggregate_total,eco_isic4_e,2010,9.747
svn,sex_t,age_aggregate_total,eco_isic4_e,2011,9.895
svn,sex_t,age_aggregate_total,eco_isic4_e,2012,10.025
svn,sex_t,age_aggregate_total,eco_isic4_e,2013,9.32
svn,sex_t,age_aggregate_total,eco_isic4_e,2014,9.198
svn,sex_t,age_aggregate_total,eco_isic4_e,2015,9.06
svn,sex_t,age_aggregate_total,eco_isic4_e,2016,9.298
svn,sex_t,age_aggregate_total,eco_isic4_e,2017,10.224
svn,sex_t,age_aggregate_total,eco_isic4_e,2018,12.634
svn,sex_t,age_aggregate_total,eco_isic4_e,2019,10.46
svn,sex_t,age_aggregate_total,eco_isic4_e,2020,10.202
svn,sex_t,age_aggregate_total,eco_isic4_e,2021,10.874
svn,sex_t,age_aggregate_total,eco_isic4_e,2022,13.507
svn,sex_t,age_aggregate_total,eco_isic4_e,2023,14.605
svn,sex_t,age_aggregate_total,eco_isic4_f,2008,55.529
svn,sex_t,age_aggregate_total,eco_isic4_f,2009,50.275
svn,sex_t,age_aggregate_total,eco_isic4_f,2010,45.651
svn,sex_t,age_aggregate_total,eco_isic4_f,2011,41.58
svn,sex_t,age_aggregate_total,eco_isic4_f,2012,41.587
svn,sex_t,age_aggregate_total,eco_isic4_f,2013,42.141
svn,sex_t,age_aggregate_total,eco_isic4_f,2014,39.755
svn,sex_t,age_aggregate_total,eco_isic4_f,2015,39.793
svn,sex_t,age_aggregate_total,eco_isic4_f,2016,39.028
svn,sex_t,age_aggregate_total,eco_isic4_f,2017,42.128
svn,sex_t,age_aggregate_total,eco_isic4_f,2018,42.14
svn,sex_t,age_aggregate_total,eco_isic4_f,2019,42.919
svn,sex_t,age_aggregate_total,eco_isic4_f,2020,45.375
svn,sex_t,age_aggregate_total,eco_isic4_f,2021,39.135
svn,sex_t,age_aggregate_total,eco_isic4_f,2022,41.313
svn,sex_t,age_aggregate_total,eco_isic4_f,2023,49.829
svn,sex_t,age_aggregate_total,eco_isic4_g,2008,109.65
svn,sex_t,age_aggregate_total,eco_isic4_g,2009,108.386
svn,sex_t,age_aggregate_total,eco_isic4_g,2010,101.991
svn,sex_t,age_aggregate_total,eco_isic4_g,2011,98.104
svn,sex_t,age_aggregate_total,eco_isic4_g,2012,99.511
svn,sex_t,age_aggregate_total,eco_isic4_g,2013,101.086
svn,sex_t,age_aggregate_total,eco_isic4_g,2014,95.423
svn,sex_t,age_aggregate_total,eco_isic4_g,2015,94.476
svn,sex_t,age_aggregate_total,eco_isic4_g,2016,101.87
svn,sex_t,age_aggregate_total,eco_isic4_g,2017,100.643
svn,sex_t,age_aggregate_total,eco_isic4_g,2018,103.476
svn,sex_t,age_aggregate_total,eco_isic4_g,2019,111.201
svn,sex_t,age_aggregate_total,eco_isic4_g,2020,105.117
svn,sex_t,age_aggregate_total,eco_isic4_g,2021,102.787
svn,sex_t,age_aggregate_total,eco_isic4_g,2022,102.555
svn,sex_t,age_aggregate_total,eco_isic4_g,2023,111.543
svn,sex_t,age_aggregate_total,eco_isic4_h,2008,49.845
svn,sex_t,age_aggregate_total,eco_isic4_h,2009,51.109
svn,sex_t,age_aggregate_total,eco_isic4_h,2010,45.306
svn,sex_t,age_aggregate_total,eco_isic4_h,2011,45.886
svn,sex_t,age_aggregate_total,eco_isic4_h,2012,45.366
svn,sex_t,age_aggregate_total,eco_isic4_h,2013,42.984
svn,sex_t,age_aggregate_total,eco_isic4_h,2014,36.747
svn,sex_t,age_aggregate_total,eco_isic4_h,2015,40.446
svn,sex_t,age_aggregate_total,eco_isic4_h,2016,43.214
svn,sex_t,age_aggregate_total,eco_isic4_h,2017,41.801
svn,sex_t,age_aggregate_total,eco_isic4_h,2018,48.846
svn,sex_t,age_aggregate_total,eco_isic4_h,2019,48.07
svn,sex_t,age_aggregate_total,eco_isic4_h,2020,45.974
svn,sex_t,age_aggregate_total,eco_isic4_h,2021,41.249
svn,sex_t,age_aggregate_total,eco_isic4_h,2022,41.33
svn,sex_t,age_aggregate_total,eco_isic4_h,2023,40.43
svn,sex_t,age_aggregate_total,eco_isic4_i,2008,38.353
svn,sex_t,age_aggregate_total,eco_isic4_i,2009,34.277
svn,sex_t,age_aggregate_total,eco_isic4_i,2010,39.379
svn,sex_t,age_aggregate_total,eco_isic4_i,2011,37.283
svn,sex_t,age_aggregate_total,eco_isic4_i,2012,33.056
svn,sex_t,age_aggregate_total,eco_isic4_i,2013,31.794
svn,sex_t,age_aggregate_total,eco_isic4_i,2014,34.263
svn,sex_t,age_aggregate_total,eco_isic4_i,2015,39.339
svn,sex_t,age_aggregate_total,eco_isic4_i,2016,34.74
svn,sex_t,age_aggregate_total,eco_isic4_i,2017,38.876
svn,sex_t,age_aggregate_total,eco_isic4_i,2018,37.579
svn,sex_t,age_aggregate_total,eco_isic4_i,2019,35.798
svn,sex_t,age_aggregate_total,eco_isic4_i,2020,30.477
svn,sex_t,age_aggregate_total,eco_isic4_i,2021,24.718
svn,sex_t,age_aggregate_total,eco_isic4_i,2022,33.074
svn,sex_t,age_aggregate_total,eco_isic4_i,2023,35.455
svn,sex_t,age_aggregate_total,eco_isic4_j,2008,26.491
svn,sex_t,age_aggregate_total,eco_isic4_j,2009,26.345
svn,sex_t,age_aggregate_total,eco_isic4_j,2010,27.934
svn,sex_t,age_aggregate_total,eco_isic4_j,2011,26.895
svn,sex_t,age_aggregate_total,eco_isic4_j,2012,23.846
svn,sex_t,age_aggregate_total,eco_isic4_j,2013,24.992
svn,sex_t,age_aggregate_total,eco_isic4_j,2014,25.225
svn,sex_t,age_aggregate_total,eco_isic4_j,2015,28.012
svn,sex_t,age_aggregate_total,eco_isic4_j,2016,26.494
svn,sex_t,age_aggregate_total,eco_isic4_j,2017,27.879
svn,sex_t,age_aggregate_total,eco_isic4_j,2018,27.234
svn,sex_t,age_aggregate_total,eco_isic4_j,2019,27.927
svn,sex_t,age_aggregate_total,eco_isic4_j,2020,33.976
svn,sex_t,age_aggregate_total,eco_isic4_j,2021,29.948
svn,sex_t,age_aggregate_total,eco_isic4_j,2022,29.028
svn,sex_t,age_aggregate_total,eco_isic4_j,2023,25.92
svn,sex_t,age_aggregate_total,eco_isic4_k,2008,23.404
svn,sex_t,age_aggregate_total,eco_isic4_k,2009,26.221
svn,sex_t,age_aggregate_total,eco_isic4_k,2010,24.891
svn,sex_t,age_aggregate_total,eco_isic4_k,2011,27.788
svn,sex_t,age_aggregate_total,eco_isic4_k,2012,29.762
svn,sex_t,age_aggregate_total,eco_isic4_k,2013,24.215
svn,sex_t,age_aggregate_total,eco_isic4_k,2014,22.792
svn,sex_t,age_aggregate_total,eco_isic4_k,2015,22.59
svn,sex_t,age_aggregate_total,eco_isic4_k,2016,21.518
svn,sex_t,age_aggregate_total,eco_isic4_k,2017,20.972
svn,sex_t,age_aggregate_total,eco_isic4_k,2018,23.331
svn,sex_t,age_aggregate_total,eco_isic4_k,2019,24.294
svn,sex_t,age_aggregate_total,eco_isic4_k,2020,26.392
svn,sex_t,age_aggregate_total,eco_isic4_k,2021,21.743
svn,sex_t,age_aggregate_total,eco_isic4_k,2022,21.093
svn,sex_t,age_aggregate_total,eco_isic4_k,2023,19.339
svn,sex_t,age_aggregate_total,eco_isic4_l,2008,2.134
svn,sex_t,age_aggregate_total,eco_isic4_l,2009,1.993
svn,sex_t,age_aggregate_total,eco_isic4_l,2010,1.816
svn,sex_t,age_aggregate_total,eco_isic4_l,2011,2.626
svn,sex_t,age_aggregate_total,eco_isic4_l,2012,2.117
svn,sex_t,age_aggregate_total,eco_isic4_l,2013,3.041
svn,sex_t,age_aggregate_total,eco_isic4_l,2014,2.666
svn,sex_t,age_aggregate_total,eco_isic4_l,2015,1.753
svn,sex_t,age_aggregate_total,eco_isic4_l,2016,1.536
svn,sex_t,age_aggregate_total,eco_isic4_l,2017,2.517
svn,sex_t,age_aggregate_total,eco_isic4_l,2018,2.695
svn,sex_t,age_aggregate_total,eco_isic4_l,2019,1.706
svn,sex_t,age_aggregate_total,eco_isic4_l,2020,1.942
svn,sex_t,age_aggregate_total,eco_isic4_l,2021,4.113
svn,sex_t,age_aggregate_total,eco_isic4_l,2022,4.142
svn,sex_t,age_aggregate_total,eco_isic4_l,2023,3.09
svn,sex_t,age_aggregate_total,eco_isic4_m,2008,31.212
svn,sex_t,age_aggregate_total,eco_isic4_m,2009,31.539
svn,sex_t,age_aggregate_total,eco_isic4_m,2010,29.007
svn,sex_t,age_aggregate_total,eco_isic4_m,2011,28.848
svn,sex_t,age_aggregate_total,eco_isic4_m,2012,32.91
svn,sex_t,age_aggregate_total,eco_isic4_m,2013,30.451
svn,sex_t,age_aggregate_total,eco_isic4_m,2014,29.853
svn,sex_t,age_aggregate_total,eco_isic4_m,2015,26.993
svn,sex_t,age_aggregate_total,eco_isic4_m,2016,26.962
svn,sex_t,age_aggregate_total,eco_isic4_m,2017,30.071
svn,sex_t,age_aggregate_total,eco_isic4_m,2018,30.418
svn,sex_t,age_aggregate_total,eco_isic4_m,2019,30.369
svn,sex_t,age_aggregate_total,eco_isic4_m,2020,34.724
svn,sex_t,age_aggregate_total,eco_isic4_m,2021,49.441
svn,sex_t,age_aggregate_total,eco_isic4_m,2022,46.469
svn,sex_t,age_aggregate_total,eco_isic4_m,2023,43.91
svn,sex_t,age_aggregate_total,eco_isic4_n,2008,20.692
svn,sex_t,age_aggregate_total,eco_isic4_n,2009,20.831
svn,sex_t,age_aggregate_total,eco_isic4_n,2010,19.516
svn,sex_t,age_aggregate_total,eco_isic4_n,2011,17.664
svn,sex_t,age_aggregate_total,eco_isic4_n,2012,19.898
svn,sex_t,age_aggregate_total,eco_isic4_n,2013,18.709
svn,sex_t,age_aggregate_total,eco_isic4_n,2014,20.023
svn,sex_t,age_aggregate_total,eco_isic4_n,2015,17.379
svn,sex_t,age_aggregate_total,eco_isic4_n,2016,20.781
svn,sex_t,age_aggregate_total,eco_isic4_n,2017,21.478
svn,sex_t,age_aggregate_total,eco_isic4_n,2018,19.79
svn,sex_t,age_aggregate_total,eco_isic4_n,2019,20.364
svn,sex_t,age_aggregate_total,eco_isic4_n,2020,20.18
svn,sex_t,age_aggregate_total,eco_isic4_n,2021,24.393
svn,sex_t,age_aggregate_total,eco_isic4_n,2022,26.991
svn,sex_t,age_aggregate_total,eco_isic4_n,2023,31.598
svn,sex_t,age_aggregate_total,eco_isic4_o,2008,57.05
svn,sex_t,age_aggregate_total,eco_isic4_o,2009,60.391
svn,sex_t,age_aggregate_total,eco_isic4_o,2010,58.911
svn,sex_t,age_aggregate_total,eco_isic4_o,2011,58.267
svn,sex_t,age_aggregate_total,eco_isic4_o,2012,60.952
svn,sex_t,age_aggregate_total,eco_isic4_o,2013,54.161
svn,sex_t,age_aggregate_total,eco_isic4_o,2014,56.894
svn,sex_t,age_aggregate_total,eco_isic4_o,2015,55.25
svn,sex_t,age_aggregate_total,eco_isic4_o,2016,54.925
svn,sex_t,age_aggregate_total,eco_isic4_o,2017,59.242
svn,sex_t,age_aggregate_total,eco_isic4_o,2018,58.203
svn,sex_t,age_aggregate_total,eco_isic4_o,2019,56.99
svn,sex_t,age_aggregate_total,eco_isic4_o,2020,57.171
svn,sex_t,age_aggregate_total,eco_isic4_o,2021,61.932
svn,sex_t,age_aggregate_total,eco_isic4_o,2022,60.915
svn,sex_t,age_aggregate_total,eco_isic4_o,2023,52.601
svn,sex_t,age_aggregate_total,eco_isic4_p,2008,73.883
svn,sex_t,age_aggregate_total,eco_isic4_p,2009,71.602
svn,sex_t,age_aggregate_total,eco_isic4_p,2010,75.109
svn,sex_t,age_aggregate_total,eco_isic4_p,2011,76.556
svn,sex_t,age_aggregate_total,eco_isic4_p,2012,78.678
svn,sex_t,age_aggregate_total,eco_isic4_p,2013,76.604
svn,sex_t,age_aggregate_total,eco_isic4_p,2014,74.476
svn,sex_t,age_aggregate_total,eco_isic4_p,2015,78.862
svn,sex_t,age_aggregate_total,eco_isic4_p,2016,79.647
svn,sex_t,age_aggregate_total,eco_isic4_p,2017,81.13
svn,sex_t,age_aggregate_total,eco_isic4_p,2018,80.496
svn,sex_t,age_aggregate_total,eco_isic4_p,2019,81.46
svn,sex_t,age_aggregate_total,eco_isic4_p,2020,87.94
svn,sex_t,age_aggregate_total,eco_isic4_p,2021,92.211
svn,sex_t,age_aggregate_total,eco_isic4_p,2022,92.868
svn,sex_t,age_aggregate_total,eco_isic4_p,2023,82.397
svn,sex_t,age_aggregate_total,eco_isic4_q,2008,53.837
svn,sex_t,age_aggregate_total,eco_isic4_q,2009,51.724
svn,sex_t,age_aggregate_total,eco_isic4_q,2010,53.409
svn,sex_t,age_aggregate_total,eco_isic4_q,2011,53.079
svn,sex_t,age_aggregate_total,eco_isic4_q,2012,51.65
svn,sex_t,age_aggregate_total,eco_isic4_q,2013,53.588
svn,sex_t,age_aggregate_total,eco_isic4_q,2014,55.886
svn,sex_t,age_aggregate_total,eco_isic4_q,2015,58.253
svn,sex_t,age_aggregate_total,eco_isic4_q,2016,64.462
svn,sex_t,age_aggregate_total,eco_isic4_q,2017,65.406
svn,sex_t,age_aggregate_total,eco_isic4_q,2018,66.133
svn,sex_t,age_aggregate_total,eco_isic4_q,2019,67.475
svn,sex_t,age_aggregate_total,eco_isic4_q,2020,69.918
svn,sex_t,age_aggregate_total,eco_isic4_q,2021,77.645
svn,sex_t,age_aggregate_total,eco_isic4_q,2022,77.696
svn,sex_t,age_aggregate_total,eco_isic4_q,2023,76.307
svn,sex_t,age_aggregate_total,eco_isic4_r,2008,16.082
svn,sex_t,age_aggregate_total,eco_isic4_r,2009,15.605
svn,sex_t,age_aggregate_total,eco_isic4_r,2010,15.329
svn,sex_t,age_aggregate_total,eco_isic4_r,2011,14.925
svn,sex_t,age_aggregate_total,eco_isic4_r,2012,14.299
svn,sex_t,age_aggregate_total,eco_isic4_r,2013,14.346
svn,sex_t,age_aggregate_total,eco_isic4_r,2014,14.144
svn,sex_t,age_aggregate_total,eco_isic4_r,2015,14.12
svn,sex_t,age_aggregate_total,eco_isic4_r,2016,12
svn,sex_t,age_aggregate_total,eco_isic4_r,2017,14.573
svn,sex_t,age_aggregate_total,eco_isic4_r,2018,14.886
svn,sex_t,age_aggregate_total,eco_isic4_r,2019,16.59
svn,sex_t,age_aggregate_total,eco_isic4_r,2020,14.539
svn,sex_t,age_aggregate_total,eco_isic4_r,2021,15.44
svn,sex_t,age_aggregate_total,eco_isic4_r,2022,16.348
svn,sex_t,age_aggregate_total,eco_isic4_r,2023,13.598
svn,sex_t,age_aggregate_total,eco_isic4_s,2008,9.894
svn,sex_t,age_aggregate_total,eco_isic4_s,2009,10.701
svn,sex_t,age_aggregate_total,eco_isic4_s,2010,10.483
svn,sex_t,age_aggregate_total,eco_isic4_s,2011,9.115
svn,sex_t,age_aggregate_total,eco_isic4_s,2012,8.792
svn,sex_t,age_aggregate_total,eco_isic4_s,2013,8.907
svn,sex_t,age_aggregate_total,eco_isic4_s,2014,9.444
svn,sex_t,age_aggregate_total,eco_isic4_s,2015,8.587
svn,sex_t,age_aggregate_total,eco_isic4_s,2016,9.059
svn,sex_t,age_aggregate_total,eco_isic4_s,2017,10.171
svn,sex_t,age_aggregate_total,eco_isic4_s,2018,9.127
svn,sex_t,age_aggregate_total,eco_isic4_s,2019,8.516
svn,sex_t,age_aggregate_total,eco_isic4_s,2020,10.619
svn,sex_t,age_aggregate_total,eco_isic4_s,2021,15.172
svn,sex_t,age_aggregate_total,eco_isic4_s,2022,15.77
svn,sex_t,age_aggregate_total,eco_isic4_s,2023,14.191
svn,sex_t,age_aggregate_total,eco_isic4_t,2008,0.623
svn,sex_t,age_aggregate_total,eco_isic4_t,2010,0.239
svn,sex_t,age_aggregate_total,eco_isic4_t,2011,0.419
svn,sex_t,age_aggregate_total,eco_isic4_t,2012,0.293
svn,sex_t,age_aggregate_total,eco_isic4_t,2013,0.174
svn,sex_t,age_aggregate_total,eco_isic4_t,2017,0.106
svn,sex_t,age_aggregate_total,eco_isic4_t,2021,0.707
svn,sex_t,age_aggregate_total,eco_isic4_t,2022,0.631
svn,sex_t,age_aggregate_total,eco_isic4_t,2023,0.854
svn,sex_t,age_aggregate_total,eco_isic4_total,2008,855.433
svn,sex_t,age_aggregate_total,eco_isic4_total,2009,821.858
svn,sex_t,age_aggregate_total,eco_isic4_total,2010,799.32
svn,sex_t,age_aggregate_total,eco_isic4_total,2011,778.725
svn,sex_t,age_aggregate_total,eco_isic4_total,2012,773.764
svn,sex_t,age_aggregate_total,eco_isic4_total,2013,753.003
svn,sex_t,age_aggregate_total,eco_isic4_total,2014,746.432
svn,sex_t,age_aggregate_total,eco_isic4_total,2015,766.069
svn,sex_t,age_aggregate_total,eco_isic4_total,2016,785.129
svn,sex_t,age_aggregate_total,eco_isic4_total,2017,819.238
svn,sex_t,age_aggregate_total,eco_isic4_total,2018,831.585
svn,sex_t,age_aggregate_total,eco_isic4_total,2019,848.288
svn,sex_t,age_aggregate_total,eco_isic4_total,2020,855.131
svn,sex_t,age_aggregate_total,eco_isic4_total,2021,835.467
svn,sex_t,age_aggregate_total,eco_isic4_total,2022,848.402
svn,sex_t,age_aggregate_total,eco_isic4_total,2023,848.275
svn,sex_t,age_aggregate_total,eco_isic4_u,2008,0.2
svn,sex_t,age_aggregate_total,eco_isic4_u,2021,0.408
svn,sex_t,age_aggregate_total,eco_isic4_u,2022,0.181
svn,sex_t,age_aggregate_total,eco_isic4_u,2023,0.555
svn,sex_t,age_aggregate_total,eco_isic4_x,2008,4.375
svn,sex_t,age_aggregate_total,eco_isic4_x,2009,4.907
svn,sex_t,age_aggregate_total,eco_isic4_x,2010,3.428
svn,sex_t,age_aggregate_total,eco_isic4_x,2011,4.357
svn,sex_t,age_aggregate_total,eco_isic4_x,2012,4.485
svn,sex_t,age_aggregate_total,eco_isic4_x,2013,4.203
svn,sex_t,age_aggregate_total,eco_isic4_x,2014,4.914
svn,sex_t,age_aggregate_total,eco_isic4_x,2015,9.51
svn,sex_t,age_aggregate_total,eco_isic4_x,2016,6.179
svn,sex_t,age_aggregate_total,eco_isic4_x,2017,4.807
svn,sex_t,age_aggregate_total,eco_isic4_x,2018,5.348
svn,sex_t,age_aggregate_total,eco_isic4_x,2019,4.44
svn,sex_t,age_aggregate_total,eco_isic4_x,2020,3.736
svn,sex_t,age_aggregate_total,eco_isic4_x,2021,4.416
svn,sex_t,age_aggregate_total,eco_isic4_x,2022,3.559
svn,sex_t,age_aggregate_total,eco_isic4_x,2023,3.795
svn,sex_t,age_aggregate_total,eco_sector_agr,1996,13.802
svn,sex_t,age_aggregate_total,eco_sector_agr,1997,12.999
svn,sex_t,age_aggregate_total,eco_sector_agr,1998,10.129
svn,sex_t,age_aggregate_total,eco_sector_agr,1999,8.61
svn,sex_t,age_aggregate_total,eco_sector_agr,2000,9.722
svn,sex_t,age_aggregate_total,eco_sector_agr,2001,8.797
svn,sex_t,age_aggregate_total,eco_sector_agr,2002,11.536
svn,sex_t,age_aggregate_total,eco_sector_agr,2003,10.506
svn,sex_t,age_aggregate_total,eco_sector_agr,2004,13.859
svn,sex_t,age_aggregate_total,eco_sector_agr,2005,10.525
svn,sex_t,age_aggregate_total,eco_sector_agr,2006,11.253
svn,sex_t,age_aggregate_total,eco_sector_agr,2007,13.781
svn,sex_t,age_aggregate_total,eco_sector_agr,2008,12.867
svn,sex_t,age_aggregate_total,eco_sector_agr,2009,10.448
svn,sex_t,age_aggregate_total,eco_sector_agr,2010,9.407
svn,sex_t,age_aggregate_total,eco_sector_agr,2011,9.822
svn,sex_t,age_aggregate_total,eco_sector_agr,2012,9.988
svn,sex_t,age_aggregate_total,eco_sector_agr,2013,8.743
svn,sex_t,age_aggregate_total,eco_sector_agr,2014,8.737
svn,sex_t,age_aggregate_total,eco_sector_agr,2015,8.699
svn,sex_t,age_aggregate_total,eco_sector_agr,2016,7.761
svn,sex_t,age_aggregate_total,eco_sector_agr,2017,9.126
svn,sex_t,age_aggregate_total,eco_sector_agr,2018,8.184
svn,sex_t,age_aggregate_total,eco_sector_agr,2019,7.428
svn,sex_t,age_aggregate_total,eco_sector_agr,2020,7.388
svn,sex_t,age_aggregate_total,eco_sector_agr,2021,6.534
svn,sex_t,age_aggregate_total,eco_sector_agr,2022,6.819
svn,sex_t,age_aggregate_total,eco_sector_agr,2023,6.8
svn,sex_t,age_aggregate_total,eco_sector_ind,1996,339.268
svn,sex_t,age_aggregate_total,eco_sector_ind,1997,336.827
svn,sex_t,age_aggregate_total,eco_sector_ind,1998,328.92
svn,sex_t,age_aggregate_total,eco_sector_ind,1999,308.426
svn,sex_t,age_aggregate_total,eco_sector_ind,2000,310.566
svn,sex_t,age_aggregate_total,eco_sector_ind,2001,321.785
svn,sex_t,age_aggregate_total,eco_sector_ind,2002,326.977
svn,sex_t,age_aggregate_total,eco_sector_ind,2003,310.142
svn,sex_t,age_aggregate_total,eco_sector_ind,2004,314.466
svn,sex_t,age_aggregate_total,eco_sector_ind,2005,324.085
svn,sex_t,age_aggregate_total,eco_sector_ind,2006,311.571
svn,sex_t,age_aggregate_total,eco_sector_ind,2007,315.851
svn,sex_t,age_aggregate_total,eco_sector_ind,2008,324.839
svn,sex_t,age_aggregate_total,eco_sector_ind,2009,295.724
svn,sex_t,age_aggregate_total,eco_sector_ind,2010,283.165
svn,sex_t,age_aggregate_total,eco_sector_ind,2011,267.091
svn,sex_t,age_aggregate_total,eco_sector_ind,2012,258.161
svn,sex_t,age_aggregate_total,eco_sector_ind,2013,255.004
svn,sex_t,age_aggregate_total,eco_sector_ind,2014,254.926
svn,sex_t,age_aggregate_total,eco_sector_ind,2015,261.699
svn,sex_t,age_aggregate_total,eco_sector_ind,2016,273.958
svn,sex_t,age_aggregate_total,eco_sector_ind,2017,290.441
svn,sex_t,age_aggregate_total,eco_sector_ind,2018,295.722
svn,sex_t,age_aggregate_total,eco_sector_ind,2019,305.48
svn,sex_t,age_aggregate_total,eco_sector_ind,2020,304.903
svn,sex_t,age_aggregate_total,eco_sector_ind,2021,262.611
svn,sex_t,age_aggregate_total,eco_sector_ind,2022,268.935
svn,sex_t,age_aggregate_total,eco_sector_ind,2023,285.891
svn,sex_t,age_aggregate_total,eco_sector_nag,1996,710.178
svn,sex_t,age_aggregate_total,eco_sector_nag,1997,713.139
svn,sex_t,age_aggregate_total,eco_sector_nag,1998,720.612
svn,sex_t,age_aggregate_total,eco_sector_nag,1999,716.04
svn,sex_t,age_aggregate_total,eco_sector_nag,2000,740.373
svn,sex_t,age_aggregate_total,eco_sector_nag,2001,749.135
svn,sex_t,age_aggregate_total,eco_sector_nag,2002,760.968
svn,sex_t,age_aggregate_total,eco_sector_nag,2003,760.324
svn,sex_t,age_aggregate_total,eco_sector_nag,2004,784.214
svn,sex_t,age_aggregate_total,eco_sector_nag,2005,795.009
svn,sex_t,age_aggregate_total,eco_sector_nag,2006,794.257
svn,sex_t,age_aggregate_total,eco_sector_nag,2007,814.872
svn,sex_t,age_aggregate_total,eco_sector_nag,2008,842.566
svn,sex_t,age_aggregate_total,eco_sector_nag,2009,811.411
svn,sex_t,age_aggregate_total,eco_sector_nag,2010,789.914
svn,sex_t,age_aggregate_total,eco_sector_nag,2011,768.903
svn,sex_t,age_aggregate_total,eco_sector_nag,2012,763.776
svn,sex_t,age_aggregate_total,eco_sector_nag,2013,744.26
svn,sex_t,age_aggregate_total,eco_sector_nag,2014,737.695
svn,sex_t,age_aggregate_total,eco_sector_nag,2015,757.37
svn,sex_t,age_aggregate_total,eco_sector_nag,2016,777.367
svn,sex_t,age_aggregate_total,eco_sector_nag,2017,810.112
svn,sex_t,age_aggregate_total,eco_sector_nag,2018,823.401
svn,sex_t,age_aggregate_total,eco_sector_nag,2019,840.86
svn,sex_t,age_aggregate_total,eco_sector_nag,2020,847.743
svn,sex_t,age_aggregate_total,eco_sector_nag,2021,828.932
svn,sex_t,age_aggregate_total,eco_sector_nag,2022,841.583
svn,sex_t,age_aggregate_total,eco_sector_nag,2023,841.475
svn,sex_t,age_aggregate_total,eco_sector_ser,1996,369.848
svn,sex_t,age_aggregate_total,eco_sector_ser,1997,374.439
svn,sex_t,age_aggregate_total,eco_sector_ser,1998,387.838
svn,sex_t,age_aggregate_total,eco_sector_ser,1999,404.924
svn,sex_t,age_aggregate_total,eco_sector_ser,2000,425.022
svn,sex_t,age_aggregate_total,eco_sector_ser,2001,419.139
svn,sex_t,age_aggregate_total,eco_sector_ser,2002,428.314
svn,sex_t,age_aggregate_total,eco_sector_ser,2003,444.79
svn,sex_t,age_aggregate_total,eco_sector_ser,2004,460.088
svn,sex_t,age_aggregate_total,eco_sector_ser,2005,466.875
svn,sex_t,age_aggregate_total,eco_sector_ser,2006,478.764
svn,sex_t,age_aggregate_total,eco_sector_ser,2007,490.183
svn,sex_t,age_aggregate_total,eco_sector_ser,2008,513.352
svn,sex_t,age_aggregate_total,eco_sector_ser,2009,510.78
svn,sex_t,age_aggregate_total,eco_sector_ser,2010,503.32
svn,sex_t,age_aggregate_total,eco_sector_ser,2011,497.455
svn,sex_t,age_aggregate_total,eco_sector_ser,2012,501.13
svn,sex_t,age_aggregate_total,eco_sector_ser,2013,485.052
svn,sex_t,age_aggregate_total,eco_sector_ser,2014,477.855
svn,sex_t,age_aggregate_total,eco_sector_ser,2015,486.16
svn,sex_t,age_aggregate_total,eco_sector_ser,2016,497.23
svn,sex_t,age_aggregate_total,eco_sector_ser,2017,514.864
svn,sex_t,age_aggregate_total,eco_sector_ser,2018,522.331
svn,sex_t,age_aggregate_total,eco_sector_ser,2019,530.941
svn,sex_t,age_aggregate_total,eco_sector_ser,2020,539.104
svn,sex_t,age_aggregate_total,eco_sector_ser,2021,561.905
svn,sex_t,age_aggregate_total,eco_sector_ser,2022,569.09
svn,sex_t,age_aggregate_total,eco_sector_ser,2023,551.789
svn,sex_t,age_aggregate_total,eco_sector_total,1996,723.98
svn,sex_t,age_aggregate_total,eco_sector_total,1997,726.138
svn,sex_t,age_aggregate_total,eco_sector_total,1998,730.741
svn,sex_t,age_aggregate_total,eco_sector_total,1999,724.65
svn,sex_t,age_aggregate_total,eco_sector_total,2000,750.094
svn,sex_t,age_aggregate_total,eco_sector_total,2001,757.931
svn,sex_t,age_aggregate_total,eco_sector_total,2002,772.503
svn,sex_t,age_aggregate_total,eco_sector_total,2003,770.83
svn,sex_t,age_aggregate_total,eco_sector_total,2004,798.073
svn,sex_t,age_aggregate_total,eco_sector_total,2005,805.534
svn,sex_t,age_aggregate_total,eco_sector_total,2006,805.51
svn,sex_t,age_aggregate_total,eco_sector_total,2007,828.653
svn,sex_t,age_aggregate_total,eco_sector_total,2008,855.433
svn,sex_t,age_aggregate_total,eco_sector_total,2009,821.858
svn,sex_t,age_aggregate_total,eco_sector_total,2010,799.32
svn,sex_t,age_aggregate_total,eco_sector_total,2011,778.725
svn,sex_t,age_aggregate_total,eco_sector_total,2012,773.764
svn,sex_t,age_aggregate_total,eco_sector_total,2013,753.003
svn,sex_t,age_aggregate_total,eco_sector_total,2014,746.432
svn,sex_t,age_aggregate_total,eco_sector_total,2015,766.069
svn,sex_t,age_aggregate_total,eco_sector_total,2016,785.129
svn,sex_t,age_aggregate_total,eco_sector_total,2017,819.238
svn,sex_t,age_aggregate_total,eco_sector_total,2018,831.585
svn,sex_t,age_aggregate_total,eco_sector_total,2019,848.288
svn,sex_t,age_aggregate_total,eco_sector_total,2020,855.131
svn,sex_t,age_aggregate_total,eco_sector_total,2021,835.467
svn,sex_t,age_aggregate_total,eco_sector_total,2022,848.402
svn,sex_t,age_aggregate_total,eco_sector_total,2023,848.275
svn,sex_t,age_aggregate_total,eco_sector_x,1996,1.062
svn,sex_t,age_aggregate_total,eco_sector_x,1997,1.874
svn,sex_t,age_aggregate_total,eco_sector_x,1998,3.854
svn,sex_t,age_aggregate_total,eco_sector_x,1999,2.69
svn,sex_t,age_aggregate_total,eco_sector_x,2000,4.785
svn,sex_t,age_aggregate_total,eco_sector_x,2001,8.212
svn,sex_t,age_aggregate_total,eco_sector_x,2002,5.677
svn,sex_t,age_aggregate_total,eco_sector_x,2003,5.392
svn,sex_t,age_aggregate_total,eco_sector_x,2004,9.661
svn,sex_t,age_aggregate_total,eco_sector_x,2005,4.049
svn,sex_t,age_aggregate_total,eco_sector_x,2006,3.921
svn,sex_t,age_aggregate_total,eco_sector_x,2007,8.838
svn,sex_t,age_aggregate_total,eco_sector_x,2008,4.375
svn,sex_t,age_aggregate_total,eco_sector_x,2009,4.907
svn,sex_t,age_aggregate_total,eco_sector_x,2010,3.428
svn,sex_t,age_aggregate_total,eco_sector_x,2011,4.357
svn,sex_t,age_aggregate_total,eco_sector_x,2012,4.485
svn,sex_t,age_aggregate_total,eco_sector_x,2013,4.203
svn,sex_t,age_aggregate_total,eco_sector_x,2014,4.914
svn,sex_t,age_aggregate_total,eco_sector_x,2015,9.51
svn,sex_t,age_aggregate_total,eco_sector_x,2016,6.179
svn,sex_t,age_aggregate_total,eco_sector_x,2017,4.807
svn,sex_t,age_aggregate_total,eco_sector_x,2018,5.348
svn,sex_t,age_aggregate_total,eco_sector_x,2019,4.44
svn,sex_t,age_aggregate_total,eco_sector_x,2020,3.736
svn,sex_t,age_aggregate_total,eco_sector_x,2021,4.416
svn,sex_t,age_aggregate_total,eco_sector_x,2022,3.559
svn,sex_t,age_aggregate_total,eco_sector_x,2023,3.795
svn,sex_t,age_aggregate_y15_24,eco_aggregate_agr,1996,1.902
svn,sex_t,age_aggregate_y15_24,eco_aggregate_agr,1997,1.7
svn,sex_t,age_aggregate_y15_24,eco_aggregate_agr,1998,1.467
svn,sex_t,age_aggregate_y15_24,eco_aggregate_agr,1999,0.94
svn,sex_t,age_aggregate_y15_24,eco_aggregate_agr,2000,0.601
svn,sex_t,age_aggregate_y15_24,eco_aggregate_agr,2001,0.77
svn,sex_t,age_aggregate_y15_24,eco_aggregate_agr,2002,0.911
svn,sex_t,age_aggregate_y15_24,eco_aggregate_agr,2003,0.627
svn,sex_t,age_aggregate_y15_24,eco_aggregate_agr,2004,1.566
svn,sex_t,age_aggregate_y15_24,eco_aggregate_agr,2005,0.663
svn,sex_t,age_aggregate_y15_24,eco_aggregate_agr,2006,1.076
svn,sex_t,age_aggregate_y15_24,eco_aggregate_agr,2007,1.22
svn,sex_t,age_aggregate_y15_24,eco_aggregate_agr,2008,1.078
svn,sex_t,age_aggregate_y15_24,eco_aggregate_agr,2009,1.064
svn,sex_t,age_aggregate_y15_24,eco_aggregate_agr,2010,0.717
svn,sex_t,age_aggregate_y15_24,eco_aggregate_agr,2011,0.648
svn,sex_t,age_aggregate_y15_24,eco_aggregate_agr,2012,0.592
svn,sex_t,age_aggregate_y15_24,eco_aggregate_agr,2013,0.774
svn,sex_t,age_aggregate_y15_24,eco_aggregate_agr,2014,0.661
svn,sex_t,age_aggregate_y15_24,eco_aggregate_agr,2015,0.608
svn,sex_t,age_aggregate_y15_24,eco_aggregate_agr,2016,0.262
svn,sex_t,age_aggregate_y15_24,eco_aggregate_agr,2017,0.411
svn,sex_t,age_aggregate_y15_24,eco_aggregate_agr,2018,0.456
svn,sex_t,age_aggregate_y15_24,eco_aggregate_agr,2019,0.773
svn,sex_t,age_aggregate_y15_24,eco_aggregate_agr,2020,0.54
svn,sex_t,age_aggregate_y15_24,eco_aggregate_agr,2021,0.363
svn,sex_t,age_aggregate_y15_24,eco_aggregate_agr,2022,0.198
svn,sex_t,age_aggregate_y15_24,eco_aggregate_agr,2023,0.37
svn,sex_t,age_aggregate_y15_24,eco_aggregate_con,1996,6.215
svn,sex_t,age_aggregate_y15_24,eco_aggregate_con,1997,6.934
svn,sex_t,age_aggregate_y15_24,eco_aggregate_con,1998,5.824
svn,sex_t,age_aggregate_y15_24,eco_aggregate_con,1999,6.332
svn,sex_t,age_aggregate_y15_24,eco_aggregate_con,2000,4.929
svn,sex_t,age_aggregate_y15_24,eco_aggregate_con,2001,5.181
svn,sex_t,age_aggregate_y15_24,eco_aggregate_con,2002,5.495
svn,sex_t,age_aggregate_y15_24,eco_aggregate_con,2003,4.01
svn,sex_t,age_aggregate_y15_24,eco_aggregate_con,2004,4.817
svn,sex_t,age_aggregate_y15_24,eco_aggregate_con,2005,5.117
svn,sex_t,age_aggregate_y15_24,eco_aggregate_con,2006,5.509
svn,sex_t,age_aggregate_y15_24,eco_aggregate_con,2007,5.894
svn,sex_t,age_aggregate_y15_24,eco_aggregate_con,2008,7.565
svn,sex_t,age_aggregate_y15_24,eco_aggregate_con,2009,6.345
svn,sex_t,age_aggregate_y15_24,eco_aggregate_con,2010,4.658
svn,sex_t,age_aggregate_y15_24,eco_aggregate_con,2011,3.613
svn,sex_t,age_aggregate_y15_24,eco_aggregate_con,2012,3.337
svn,sex_t,age_aggregate_y15_24,eco_aggregate_con,2013,3.396
svn,sex_t,age_aggregate_y15_24,eco_aggregate_con,2014,2.835
svn,sex_t,age_aggregate_y15_24,eco_aggregate_con,2015,2.63
svn,sex_t,age_aggregate_y15_24,eco_aggregate_con,2016,2.433
svn,sex_t,age_aggregate_y15_24,eco_aggregate_con,2017,2.011
svn,sex_t,age_aggregate_y15_24,eco_aggregate_con,2018,3.064
svn,sex_t,age_aggregate_y15_24,eco_aggregate_con,2019,3.004
svn,sex_t,age_aggregate_y15_24,eco_aggregate_con,2020,2.869
svn,sex_t,age_aggregate_y15_24,eco_aggregate_con,2021,2.599
svn,sex_t,age_aggregate_y15_24,eco_aggregate_con,2022,3.137
svn,sex_t,age_aggregate_y15_24,eco_aggregate_con,2023,4.945
svn,sex_t,age_aggregate_y15_24,eco_aggregate_man,1996,37.669
svn,sex_t,age_aggregate_y15_24,eco_aggregate_man,1997,33.212
svn,sex_t,age_aggregate_y15_24,eco_aggregate_man,1998,33.238
svn,sex_t,age_aggregate_y15_24,eco_aggregate_man,1999,29.252
svn,sex_t,age_aggregate_y15_24,eco_aggregate_man,2000,26.012
svn,sex_t,age_aggregate_y15_24,eco_aggregate_man,2001,27.929
svn,sex_t,age_aggregate_y15_24,eco_aggregate_man,2002,27.697
svn,sex_t,age_aggregate_y15_24,eco_aggregate_man,2003,22.82
svn,sex_t,age_aggregate_y15_24,eco_aggregate_man,2004,22.838
svn,sex_t,age_aggregate_y15_24,eco_aggregate_man,2005,24.634
svn,sex_t,age_aggregate_y15_24,eco_aggregate_man,2006,24.652
svn,sex_t,age_aggregate_y15_24,eco_aggregate_man,2007,26.325
svn,sex_t,age_aggregate_y15_24,eco_aggregate_man,2008,21.19
svn,sex_t,age_aggregate_y15_24,eco_aggregate_man,2009,14.609
svn,sex_t,age_aggregate_y15_24,eco_aggregate_man,2010,14.6
svn,sex_t,age_aggregate_y15_24,eco_aggregate_man,2011,14.464
svn,sex_t,age_aggregate_y15_24,eco_aggregate_man,2012,12.602
svn,sex_t,age_aggregate_y15_24,eco_aggregate_man,2013,12.233
svn,sex_t,age_aggregate_y15_24,eco_aggregate_man,2014,12.012
svn,sex_t,age_aggregate_y15_24,eco_aggregate_man,2015,13.785
svn,sex_t,age_aggregate_y15_24,eco_aggregate_man,2016,14.538
svn,sex_t,age_aggregate_y15_24,eco_aggregate_man,2017,18.731
svn,sex_t,age_aggregate_y15_24,eco_aggregate_man,2018,17.936
svn,sex_t,age_aggregate_y15_24,eco_aggregate_man,2019,15.699
svn,sex_t,age_aggregate_y15_24,eco_aggregate_man,2020,12.753
svn,sex_t,age_aggregate_y15_24,eco_aggregate_man,2021,14.141
svn,sex_t,age_aggregate_y15_24,eco_aggregate_man,2022,13.537
svn,sex_t,age_aggregate_y15_24,eco_aggregate_man,2023,15.381
svn,sex_t,age_aggregate_y15_24,eco_aggregate_mel,1996,1.671
svn,sex_t,age_aggregate_y15_24,eco_aggregate_mel,1997,1.457
svn,sex_t,age_aggregate_y15_24,eco_aggregate_mel,1998,1.01
svn,sex_t,age_aggregate_y15_24,eco_aggregate_mel,1999,0.536
svn,sex_t,age_aggregate_y15_24,eco_aggregate_mel,2000,0.948
svn,sex_t,age_aggregate_y15_24,eco_aggregate_mel,2004,0.793
svn,sex_t,age_aggregate_y15_24,eco_aggregate_mel,2005,0.698
svn,sex_t,age_aggregate_y15_24,eco_aggregate_mel,2006,0.863
svn,sex_t,age_aggregate_y15_24,eco_aggregate_mel,2007,0.527
svn,sex_t,age_aggregate_y15_24,eco_aggregate_mel,2008,1.024
svn,sex_t,age_aggregate_y15_24,eco_aggregate_mel,2009,1.158
svn,sex_t,age_aggregate_y15_24,eco_aggregate_mel,2010,0.762
svn,sex_t,age_aggregate_y15_24,eco_aggregate_mel,2011,0.944
svn,sex_t,age_aggregate_y15_24,eco_aggregate_mel,2012,1.244
svn,sex_t,age_aggregate_y15_24,eco_aggregate_mel,2013,0.8
svn,sex_t,age_aggregate_y15_24,eco_aggregate_mel,2014,0.528
svn,sex_t,age_aggregate_y15_24,eco_aggregate_mel,2015,0.754
svn,sex_t,age_aggregate_y15_24,eco_aggregate_mel,2016,0.58
svn,sex_t,age_aggregate_y15_24,eco_aggregate_mel,2017,1.402
svn,sex_t,age_aggregate_y15_24,eco_aggregate_mel,2018,0.941
svn,sex_t,age_aggregate_y15_24,eco_aggregate_mel,2019,1.238
svn,sex_t,age_aggregate_y15_24,eco_aggregate_mel,2020,0.831
svn,sex_t,age_aggregate_y15_24,eco_aggregate_mel,2021,0.775
svn,sex_t,age_aggregate_y15_24,eco_aggregate_mel,2022,0.685
svn,sex_t,age_aggregate_y15_24,eco_aggregate_mel,2023,0.921
svn,sex_t,age_aggregate_y15_24,eco_aggregate_mkt,1996,36.485
svn,sex_t,age_aggregate_y15_24,eco_aggregate_mkt,1997,41.63
svn,sex_t,age_aggregate_y15_24,eco_aggregate_mkt,1998,36.03
svn,sex_t,age_aggregate_y15_24,eco_aggregate_mkt,1999,35.657
svn,sex_t,age_aggregate_y15_24,eco_aggregate_mkt,2000,34.695
svn,sex_t,age_aggregate_y15_24,eco_aggregate_mkt,2001,29.612
svn,sex_t,age_aggregate_y15_24,eco_aggregate_mkt,2002,34.84
svn,sex_t,age_aggregate_y15_24,eco_aggregate_mkt,2003,30.982
svn,sex_t,age_aggregate_y15_24,eco_aggregate_mkt,2004,36.963
svn,sex_t,age_aggregate_y15_24,eco_aggregate_mkt,2005,33.192
svn,sex_t,age_aggregate_y15_24,eco_aggregate_mkt,2006,33.266
svn,sex_t,age_aggregate_y15_24,eco_aggregate_mkt,2007,36.232
svn,sex_t,age_aggregate_y15_24,eco_aggregate_mkt,2008,41.118
svn,sex_t,age_aggregate_y15_24,eco_aggregate_mkt,2009,37.852
svn,sex_t,age_aggregate_y15_24,eco_aggregate_mkt,2010,34.019
svn,sex_t,age_aggregate_y15_24,eco_aggregate_mkt,2011,29.046
svn,sex_t,age_aggregate_y15_24,eco_aggregate_mkt,2012,22.789
svn,sex_t,age_aggregate_y15_24,eco_aggregate_mkt,2013,20.611
svn,sex_t,age_aggregate_y15_24,eco_aggregate_mkt,2014,21.173
svn,sex_t,age_aggregate_y15_24,eco_aggregate_mkt,2015,23.114
svn,sex_t,age_aggregate_y15_24,eco_aggregate_mkt,2016,24.432
svn,sex_t,age_aggregate_y15_24,eco_aggregate_mkt,2017,26.112
svn,sex_t,age_aggregate_y15_24,eco_aggregate_mkt,2018,28.319
svn,sex_t,age_aggregate_y15_24,eco_aggregate_mkt,2019,29.345
svn,sex_t,age_aggregate_y15_24,eco_aggregate_mkt,2020,22.378
svn,sex_t,age_aggregate_y15_24,eco_aggregate_mkt,2021,23.704
svn,sex_t,age_aggregate_y15_24,eco_aggregate_mkt,2022,27.341
svn,sex_t,age_aggregate_y15_24,eco_aggregate_mkt,2023,27.779
svn,sex_t,age_aggregate_y15_24,eco_aggregate_pub,1996,18.862
svn,sex_t,age_aggregate_y15_24,eco_aggregate_pub,1997,19.441
svn,sex_t,age_aggregate_y15_24,eco_aggregate_pub,1998,14.295
svn,sex_t,age_aggregate_y15_24,eco_aggregate_pub,1999,13.677
svn,sex_t,age_aggregate_y15_24,eco_aggregate_pub,2000,11.951
svn,sex_t,age_aggregate_y15_24,eco_aggregate_pub,2001,12.708
svn,sex_t,age_aggregate_y15_24,eco_aggregate_pub,2002,11.865
svn,sex_t,age_aggregate_y15_24,eco_aggregate_pub,2003,14.212
svn,sex_t,age_aggregate_y15_24,eco_aggregate_pub,2004,13.882
svn,sex_t,age_aggregate_y15_24,eco_aggregate_pub,2005,14.208
svn,sex_t,age_aggregate_y15_24,eco_aggregate_pub,2006,14.206
svn,sex_t,age_aggregate_y15_24,eco_aggregate_pub,2007,13.132
svn,sex_t,age_aggregate_y15_24,eco_aggregate_pub,2008,14.562
svn,sex_t,age_aggregate_y15_24,eco_aggregate_pub,2009,13.241
svn,sex_t,age_aggregate_y15_24,eco_aggregate_pub,2010,12.868
svn,sex_t,age_aggregate_y15_24,eco_aggregate_pub,2011,12.699
svn,sex_t,age_aggregate_y15_24,eco_aggregate_pub,2012,10.758
svn,sex_t,age_aggregate_y15_24,eco_aggregate_pub,2013,8.221
svn,sex_t,age_aggregate_y15_24,eco_aggregate_pub,2014,7.132
svn,sex_t,age_aggregate_y15_24,eco_aggregate_pub,2015,8.403
svn,sex_t,age_aggregate_y15_24,eco_aggregate_pub,2016,9.332
svn,sex_t,age_aggregate_y15_24,eco_aggregate_pub,2017,11.189
svn,sex_t,age_aggregate_y15_24,eco_aggregate_pub,2018,11.098
svn,sex_t,age_aggregate_y15_24,eco_aggregate_pub,2019,9.404
svn,sex_t,age_aggregate_y15_24,eco_aggregate_pub,2020,9.799
svn,sex_t,age_aggregate_y15_24,eco_aggregate_pub,2021,14.201
svn,sex_t,age_aggregate_y15_24,eco_aggregate_pub,2022,14.811
svn,sex_t,age_aggregate_y15_24,eco_aggregate_pub,2023,12.681
svn,sex_t,age_aggregate_y15_24,eco_aggregate_total,1996,103.135
svn,sex_t,age_aggregate_y15_24,eco_aggregate_total,1997,104.679
svn,sex_t,age_aggregate_y15_24,eco_aggregate_total,1998,92.918
svn,sex_t,age_aggregate_y15_24,eco_aggregate_total,1999,86.796
svn,sex_t,age_aggregate_y15_24,eco_aggregate_total,2000,80.196
svn,sex_t,age_aggregate_y15_24,eco_aggregate_total,2001,77.832
svn,sex_t,age_aggregate_y15_24,eco_aggregate_total,2002,82.16
svn,sex_t,age_aggregate_y15_24,eco_aggregate_total,2003,74.601
svn,sex_t,age_aggregate_y15_24,eco_aggregate_total,2004,83.348
svn,sex_t,age_aggregate_y15_24,eco_aggregate_total,2005,79.652
svn,sex_t,age_aggregate_y15_24,eco_aggregate_total,2006,80.553
svn,sex_t,age_aggregate_y15_24,eco_aggregate_total,2007,85.578
svn,sex_t,age_aggregate_y15_24,eco_aggregate_total,2008,87.823
svn,sex_t,age_aggregate_y15_24,eco_aggregate_total,2009,75.558
svn,sex_t,age_aggregate_y15_24,eco_aggregate_total,2010,68.582
svn,sex_t,age_aggregate_y15_24,eco_aggregate_total,2011,62.302
svn,sex_t,age_aggregate_y15_24,eco_aggregate_total,2012,51.905
svn,sex_t,age_aggregate_y15_24,eco_aggregate_total,2013,46.562
svn,sex_t,age_aggregate_y15_24,eco_aggregate_total,2014,45.045
svn,sex_t,age_aggregate_y15_24,eco_aggregate_total,2015,50.589
svn,sex_t,age_aggregate_y15_24,eco_aggregate_total,2016,52.564
svn,sex_t,age_aggregate_y15_24,eco_aggregate_total,2017,60.783
svn,sex_t,age_aggregate_y15_24,eco_aggregate_total,2018,62.996
svn,sex_t,age_aggregate_y15_24,eco_aggregate_total,2019,60.188
svn,sex_t,age_aggregate_y15_24,eco_aggregate_total,2020,49.747
svn,sex_t,age_aggregate_y15_24,eco_aggregate_total,2021,56.539
svn,sex_t,age_aggregate_y15_24,eco_aggregate_total,2022,60.195
svn,sex_t,age_aggregate_y15_24,eco_aggregate_total,2023,62.705
svn,sex_t,age_aggregate_y15_24,eco_aggregate_x,1998,1.054
svn,sex_t,age_aggregate_y15_24,eco_aggregate_x,1999,0.401
svn,sex_t,age_aggregate_y15_24,eco_aggregate_x,2000,1.06
svn,sex_t,age_aggregate_y15_24,eco_aggregate_x,2001,1.524
svn,sex_t,age_aggregate_y15_24,eco_aggregate_x,2002,1.261
svn,sex_t,age_aggregate_y15_24,eco_aggregate_x,2003,1.6
svn,sex_t,age_aggregate_y15_24,eco_aggregate_x,2004,2.489
svn,sex_t,age_aggregate_y15_24,eco_aggregate_x,2005,1.141
svn,sex_t,age_aggregate_y15_24,eco_aggregate_x,2006,0.981
svn,sex_t,age_aggregate_y15_24,eco_aggregate_x,2007,2.248
svn,sex_t,age_aggregate_y15_24,eco_aggregate_x,2008,1.285
svn,sex_t,age_aggregate_y15_24,eco_aggregate_x,2009,1.288
svn,sex_t,age_aggregate_y15_24,eco_aggregate_x,2010,0.957
svn,sex_t,age_aggregate_y15_24,eco_aggregate_x,2011,0.887
svn,sex_t,age_aggregate_y15_24,eco_aggregate_x,2012,0.583
svn,sex_t,age_aggregate_y15_24,eco_aggregate_x,2013,0.527
svn,sex_t,age_aggregate_y15_24,eco_aggregate_x,2014,0.705
svn,sex_t,age_aggregate_y15_24,eco_aggregate_x,2015,1.295
svn,sex_t,age_aggregate_y15_24,eco_aggregate_x,2016,0.988
svn,sex_t,age_aggregate_y15_24,eco_aggregate_x,2017,0.928
svn,sex_t,age_aggregate_y15_24,eco_aggregate_x,2018,1.182
svn,sex_t,age_aggregate_y15_24,eco_aggregate_x,2019,0.723
svn,sex_t,age_aggregate_y15_24,eco_aggregate_x,2020,0.577
svn,sex_t,age_aggregate_y15_24,eco_aggregate_x,2021,0.755
svn,sex_t,age_aggregate_y15_24,eco_aggregate_x,2022,0.486
svn,sex_t,age_aggregate_y15_24,eco_aggregate_x,2023,0.629
svn,sex_t,age_aggregate_y15_24,eco_isic3_a,1996,1.902
svn,sex_t,age_aggregate_y15_24,eco_isic3_a,1997,1.582
svn,sex_t,age_aggregate_y15_24,eco_isic3_a,1998,1.467
svn,sex_t,age_aggregate_y15_24,eco_isic3_a,1999,0.94
svn,sex_t,age_aggregate_y15_24,eco_isic3_a,2000,0.601
svn,sex_t,age_aggregate_y15_24,eco_isic3_a,2001,0.77
svn,sex_t,age_aggregate_y15_24,eco_isic3_a,2002,0.911
svn,sex_t,age_aggregate_y15_24,eco_isic3_a,2003,0.627
svn,sex_t,age_aggregate_y15_24,eco_isic3_a,2004,1.566
svn,sex_t,age_aggregate_y15_24,eco_isic3_a,2005,0.663
svn,sex_t,age_aggregate_y15_24,eco_isic3_a,2006,1.076
svn,sex_t,age_aggregate_y15_24,eco_isic3_a,2007,1.162
svn,sex_t,age_aggregate_y15_24,eco_isic3_c,1996,0.529
svn,sex_t,age_aggregate_y15_24,eco_isic3_c,1998,0.617
svn,sex_t,age_aggregate_y15_24,eco_isic3_c,1999,0.369
svn,sex_t,age_aggregate_y15_24,eco_isic3_c,2000,0.308
svn,sex_t,age_aggregate_y15_24,eco_isic3_c,2005,0.452
svn,sex_t,age_aggregate_y15_24,eco_isic3_c,2006,0.578
svn,sex_t,age_aggregate_y15_24,eco_isic3_c,2007,0.34
svn,sex_t,age_aggregate_y15_24,eco_isic3_d,1996,37.669
svn,sex_t,age_aggregate_y15_24,eco_isic3_d,1997,33.212
svn,sex_t,age_aggregate_y15_24,eco_isic3_d,1998,33.238
svn,sex_t,age_aggregate_y15_24,eco_isic3_d,1999,29.252
svn,sex_t,age_aggregate_y15_24,eco_isic3_d,2000,26.012
svn,sex_t,age_aggregate_y15_24,eco_isic3_d,2001,27.929
svn,sex_t,age_aggregate_y15_24,eco_isic3_d,2002,27.697
svn,sex_t,age_aggregate_y15_24,eco_isic3_d,2003,22.82
svn,sex_t,age_aggregate_y15_24,eco_isic3_d,2004,22.838
svn,sex_t,age_aggregate_y15_24,eco_isic3_d,2005,24.634
svn,sex_t,age_aggregate_y15_24,eco_isic3_d,2006,24.652
svn,sex_t,age_aggregate_y15_24,eco_isic3_d,2007,26.325
svn,sex_t,age_aggregate_y15_24,eco_isic3_e,1996,1.143
svn,sex_t,age_aggregate_y15_24,eco_isic3_e,1997,1.197
svn,sex_t,age_aggregate_y15_24,eco_isic3_e,2000,0.64
svn,sex_t,age_aggregate_y15_24,eco_isic3_e,2005,0.247
svn,sex_t,age_aggregate_y15_24,eco_isic3_e,2006,0.285
svn,sex_t,age_aggregate_y15_24,eco_isic3_e,2007,0.187
svn,sex_t,age_aggregate_y15_24,eco_isic3_f,1996,6.215
svn,sex_t,age_aggregate_y15_24,eco_isic3_f,1997,6.934
svn,sex_t,age_aggregate_y15_24,eco_isic3_f,1998,5.824
svn,sex_t,age_aggregate_y15_24,eco_isic3_f,1999,6.332
svn,sex_t,age_aggregate_y15_24,eco_isic3_f,2000,4.929
svn,sex_t,age_aggregate_y15_24,eco_isic3_f,2001,5.181
svn,sex_t,age_aggregate_y15_24,eco_isic3_f,2002,5.495
svn,sex_t,age_aggregate_y15_24,eco_isic3_f,2003,4.01
svn,sex_t,age_aggregate_y15_24,eco_isic3_f,2004,4.817
svn,sex_t,age_aggregate_y15_24,eco_isic3_f,2005,5.117
svn,sex_t,age_aggregate_y15_24,eco_isic3_f,2006,5.509
svn,sex_t,age_aggregate_y15_24,eco_isic3_f,2007,5.894
svn,sex_t,age_aggregate_y15_24,eco_isic3_g,1996,16.422
svn,sex_t,age_aggregate_y15_24,eco_isic3_g,1997,19.757
svn,sex_t,age_aggregate_y15_24,eco_isic3_g,1998,17.276
svn,sex_t,age_aggregate_y15_24,eco_isic3_g,1999,16.192
svn,sex_t,age_aggregate_y15_24,eco_isic3_g,2000,17.299
svn,sex_t,age_aggregate_y15_24,eco_isic3_g,2001,12.494
svn,sex_t,age_aggregate_y15_24,eco_isic3_g,2002,15.316
svn,sex_t,age_aggregate_y15_24,eco_isic3_g,2003,13.759
svn,sex_t,age_aggregate_y15_24,eco_isic3_g,2004,15.954
svn,sex_t,age_aggregate_y15_24,eco_isic3_g,2005,12.584
svn,sex_t,age_aggregate_y15_24,eco_isic3_g,2006,13.554
svn,sex_t,age_aggregate_y15_24,eco_isic3_g,2007,14.346
svn,sex_t,age_aggregate_y15_24,eco_isic3_h,1996,9.031
svn,sex_t,age_aggregate_y15_24,eco_isic3_h,1997,9.71
svn,sex_t,age_aggregate_y15_24,eco_isic3_h,1998,9.017
svn,sex_t,age_aggregate_y15_24,eco_isic3_h,1999,9.403
svn,sex_t,age_aggregate_y15_24,eco_isic3_h,2000,8.904
svn,sex_t,age_aggregate_y15_24,eco_isic3_h,2001,8.146
svn,sex_t,age_aggregate_y15_24,eco_isic3_h,2002,7.421
svn,sex_t,age_aggregate_y15_24,eco_isic3_h,2003,7.784
svn,sex_t,age_aggregate_y15_24,eco_isic3_h,2004,9.089
svn,sex_t,age_aggregate_y15_24,eco_isic3_h,2005,9.057
svn,sex_t,age_aggregate_y15_24,eco_isic3_h,2006,8.803
svn,sex_t,age_aggregate_y15_24,eco_isic3_h,2007,8.624
svn,sex_t,age_aggregate_y15_24,eco_isic3_i,1996,5.335
svn,sex_t,age_aggregate_y15_24,eco_isic3_i,1997,4.693
svn,sex_t,age_aggregate_y15_24,eco_isic3_i,1998,4.432
svn,sex_t,age_aggregate_y15_24,eco_isic3_i,1999,3.189
svn,sex_t,age_aggregate_y15_24,eco_isic3_i,2000,3.382
svn,sex_t,age_aggregate_y15_24,eco_isic3_i,2001,3.589
svn,sex_t,age_aggregate_y15_24,eco_isic3_i,2002,4.426
svn,sex_t,age_aggregate_y15_24,eco_isic3_i,2003,3.745
svn,sex_t,age_aggregate_y15_24,eco_isic3_i,2004,4.934
svn,sex_t,age_aggregate_y15_24,eco_isic3_i,2005,4.823
svn,sex_t,age_aggregate_y15_24,eco_isic3_i,2006,4.8
svn,sex_t,age_aggregate_y15_24,eco_isic3_i,2007,5.803
svn,sex_t,age_aggregate_y15_24,eco_isic3_j,1996,2.344
svn,sex_t,age_aggregate_y15_24,eco_isic3_j,1997,2.361
svn,sex_t,age_aggregate_y15_24,eco_isic3_j,1998,1.504
svn,sex_t,age_aggregate_y15_24,eco_isic3_j,1999,1.735
svn,sex_t,age_aggregate_y15_24,eco_isic3_j,2000,1.022
svn,sex_t,age_aggregate_y15_24,eco_isic3_j,2001,1.926
svn,sex_t,age_aggregate_y15_24,eco_isic3_j,2002,2.109
svn,sex_t,age_aggregate_y15_24,eco_isic3_j,2003,1.146
svn,sex_t,age_aggregate_y15_24,eco_isic3_j,2004,1.964
svn,sex_t,age_aggregate_y15_24,eco_isic3_j,2005,1.772
svn,sex_t,age_aggregate_y15_24,eco_isic3_j,2006,1.433
svn,sex_t,age_aggregate_y15_24,eco_isic3_j,2007,1.081
svn,sex_t,age_aggregate_y15_24,eco_isic3_k,1996,3.352
svn,sex_t,age_aggregate_y15_24,eco_isic3_k,1997,5.11
svn,sex_t,age_aggregate_y15_24,eco_isic3_k,1998,3.801
svn,sex_t,age_aggregate_y15_24,eco_isic3_k,1999,5.138
svn,sex_t,age_aggregate_y15_24,eco_isic3_k,2000,4.088
svn,sex_t,age_aggregate_y15_24,eco_isic3_k,2001,3.457
svn,sex_t,age_aggregate_y15_24,eco_isic3_k,2002,5.569
svn,sex_t,age_aggregate_y15_24,eco_isic3_k,2003,4.548
svn,sex_t,age_aggregate_y15_24,eco_isic3_k,2004,5.023
svn,sex_t,age_aggregate_y15_24,eco_isic3_k,2005,4.956
svn,sex_t,age_aggregate_y15_24,eco_isic3_k,2006,4.675
svn,sex_t,age_aggregate_y15_24,eco_isic3_k,2007,6.378
svn,sex_t,age_aggregate_y15_24,eco_isic3_l,1996,4.595
svn,sex_t,age_aggregate_y15_24,eco_isic3_l,1997,4.029
svn,sex_t,age_aggregate_y15_24,eco_isic3_l,1998,3.225
svn,sex_t,age_aggregate_y15_24,eco_isic3_l,1999,3.565
svn,sex_t,age_aggregate_y15_24,eco_isic3_l,2000,4.343
svn,sex_t,age_aggregate_y15_24,eco_isic3_l,2001,2.752
svn,sex_t,age_aggregate_y15_24,eco_isic3_l,2002,3.268
svn,sex_t,age_aggregate_y15_24,eco_isic3_l,2003,3.535
svn,sex_t,age_aggregate_y15_24,eco_isic3_l,2004,3.744
svn,sex_t,age_aggregate_y15_24,eco_isic3_l,2005,3.428
svn,sex_t,age_aggregate_y15_24,eco_isic3_l,2006,2.992
svn,sex_t,age_aggregate_y15_24,eco_isic3_l,2007,2.538
svn,sex_t,age_aggregate_y15_24,eco_isic3_m,1996,3.209
svn,sex_t,age_aggregate_y15_24,eco_isic3_m,1997,3.542
svn,sex_t,age_aggregate_y15_24,eco_isic3_m,1998,3.841
svn,sex_t,age_aggregate_y15_24,eco_isic3_m,1999,3.217
svn,sex_t,age_aggregate_y15_24,eco_isic3_m,2000,1.324
svn,sex_t,age_aggregate_y15_24,eco_isic3_m,2001,2.209
svn,sex_t,age_aggregate_y15_24,eco_isic3_m,2002,1.244
svn,sex_t,age_aggregate_y15_24,eco_isic3_m,2003,3.297
svn,sex_t,age_aggregate_y15_24,eco_isic3_m,2004,2.617
svn,sex_t,age_aggregate_y15_24,eco_isic3_m,2005,2.363
svn,sex_t,age_aggregate_y15_24,eco_isic3_m,2006,2.133
svn,sex_t,age_aggregate_y15_24,eco_isic3_m,2007,2.252
svn,sex_t,age_aggregate_y15_24,eco_isic3_n,1996,5.036
svn,sex_t,age_aggregate_y15_24,eco_isic3_n,1997,5.882
svn,sex_t,age_aggregate_y15_24,eco_isic3_n,1998,3.916
svn,sex_t,age_aggregate_y15_24,eco_isic3_n,1999,3.413
svn,sex_t,age_aggregate_y15_24,eco_isic3_n,2000,2.332
svn,sex_t,age_aggregate_y15_24,eco_isic3_n,2001,3.168
svn,sex_t,age_aggregate_y15_24,eco_isic3_n,2002,3.051
svn,sex_t,age_aggregate_y15_24,eco_isic3_n,2003,2.713
svn,sex_t,age_aggregate_y15_24,eco_isic3_n,2004,2.585
svn,sex_t,age_aggregate_y15_24,eco_isic3_n,2005,3.289
svn,sex_t,age_aggregate_y15_24,eco_isic3_n,2006,3.533
svn,sex_t,age_aggregate_y15_24,eco_isic3_n,2007,2.695
svn,sex_t,age_aggregate_y15_24,eco_isic3_o,1996,5.49
svn,sex_t,age_aggregate_y15_24,eco_isic3_o,1997,5.623
svn,sex_t,age_aggregate_y15_24,eco_isic3_o,1998,3.207
svn,sex_t,age_aggregate_y15_24,eco_isic3_o,1999,3.482
svn,sex_t,age_aggregate_y15_24,eco_isic3_o,2000,3.895
svn,sex_t,age_aggregate_y15_24,eco_isic3_o,2001,4.42
svn,sex_t,age_aggregate_y15_24,eco_isic3_o,2002,4.301
svn,sex_t,age_aggregate_y15_24,eco_isic3_o,2003,4.667
svn,sex_t,age_aggregate_y15_24,eco_isic3_o,2004,4.84
svn,sex_t,age_aggregate_y15_24,eco_isic3_o,2005,5.063
svn,sex_t,age_aggregate_y15_24,eco_isic3_o,2006,5.519
svn,sex_t,age_aggregate_y15_24,eco_isic3_o,2007,5.581
svn,sex_t,age_aggregate_y15_24,eco_isic3_p,1996,0.532
svn,sex_t,age_aggregate_y15_24,eco_isic3_total,1996,103.135
svn,sex_t,age_aggregate_y15_24,eco_isic3_total,1997,104.679
svn,sex_t,age_aggregate_y15_24,eco_isic3_total,1998,92.918
svn,sex_t,age_aggregate_y15_24,eco_isic3_total,1999,86.796
svn,sex_t,age_aggregate_y15_24,eco_isic3_total,2000,80.196
svn,sex_t,age_aggregate_y15_24,eco_isic3_total,2001,77.832
svn,sex_t,age_aggregate_y15_24,eco_isic3_total,2002,82.16
svn,sex_t,age_aggregate_y15_24,eco_isic3_total,2003,74.601
svn,sex_t,age_aggregate_y15_24,eco_isic3_total,2004,83.348
svn,sex_t,age_aggregate_y15_24,eco_isic3_total,2005,79.652
svn,sex_t,age_aggregate_y15_24,eco_isic3_total,2006,80.553
svn,sex_t,age_aggregate_y15_24,eco_isic3_total,2007,85.578
svn,sex_t,age_aggregate_y15_24,eco_isic3_x,1998,1.054
svn,sex_t,age_aggregate_y15_24,eco_isic3_x,1999,0.401
svn,sex_t,age_aggregate_y15_24,eco_isic3_x,2000,1.06
svn,sex_t,age_aggregate_y15_24,eco_isic3_x,2001,1.524
svn,sex_t,age_aggregate_y15_24,eco_isic3_x,2002,1.261
svn,sex_t,age_aggregate_y15_24,eco_isic3_x,2003,1.6
svn,sex_t,age_aggregate_y15_24,eco_isic3_x,2004,2.489
svn,sex_t,age_aggregate_y15_24,eco_isic3_x,2005,1.141
svn,sex_t,age_aggregate_y15_24,eco_isic3_x,2006,0.981
svn,sex_t,age_aggregate_y15_24,eco_isic3_x,2007,2.248
svn,sex_t,age_aggregate_y15_24,eco_isic4_a,2008,1.078
svn,sex_t,age_aggregate_y15_24,eco_isic4_a,2009,1.064
svn,sex_t,age_aggregate_y15_24,eco_isic4_a,2010,0.717
svn,sex_t,age_aggregate_y15_24,eco_isic4_a,2011,0.648
svn,sex_t,age_aggregate_y15_24,eco_isic4_a,2012,0.592
svn,sex_t,age_aggregate_y15_24,eco_isic4_a,2013,0.774
svn,sex_t,age_aggregate_y15_24,eco_isic4_a,2014,0.661
svn,sex_t,age_aggregate_y15_24,eco_isic4_a,2015,0.608
svn,sex_t,age_aggregate_y15_24,eco_isic4_a,2016,0.262
svn,sex_t,age_aggregate_y15_24,eco_isic4_a,2017,0.411
svn,sex_t,age_aggregate_y15_24,eco_isic4_a,2018,0.456
svn,sex_t,age_aggregate_y15_24,eco_isic4_a,2019,0.773
svn,sex_t,age_aggregate_y15_24,eco_isic4_a,2020,0.54
svn,sex_t,age_aggregate_y15_24,eco_isic4_a,2021,0.363
svn,sex_t,age_aggregate_y15_24,eco_isic4_a,2022,0.198
svn,sex_t,age_aggregate_y15_24,eco_isic4_a,2023,0.37
svn,sex_t,age_aggregate_y15_24,eco_isic4_b,2008,0.118
svn,sex_t,age_aggregate_y15_24,eco_isic4_b,2009,0.112
svn,sex_t,age_aggregate_y15_24,eco_isic4_b,2012,0.495
svn,sex_t,age_aggregate_y15_24,eco_isic4_b,2013,0.274
svn,sex_t,age_aggregate_y15_24,eco_isic4_b,2015,0.182
svn,sex_t,age_aggregate_y15_24,eco_isic4_b,2018,0.296
svn,sex_t,age_aggregate_y15_24,eco_isic4_b,2019,0.64
svn,sex_t,age_aggregate_y15_24,eco_isic4_b,2020,0.265
svn,sex_t,age_aggregate_y15_24,eco_isic4_b,2021,0.181
svn,sex_t,age_aggregate_y15_24,eco_isic4_b,2022,0.197
svn,sex_t,age_aggregate_y15_24,eco_isic4_b,2023,0.489
svn,sex_t,age_aggregate_y15_24,eco_isic4_c,2008,21.19
svn,sex_t,age_aggregate_y15_24,eco_isic4_c,2009,14.609
svn,sex_t,age_aggregate_y15_24,eco_isic4_c,2010,14.6
svn,sex_t,age_aggregate_y15_24,eco_isic4_c,2011,14.464
svn,sex_t,age_aggregate_y15_24,eco_isic4_c,2012,12.602
svn,sex_t,age_aggregate_y15_24,eco_isic4_c,2013,12.233
svn,sex_t,age_aggregate_y15_24,eco_isic4_c,2014,12.012
svn,sex_t,age_aggregate_y15_24,eco_isic4_c,2015,13.785
svn,sex_t,age_aggregate_y15_24,eco_isic4_c,2016,14.538
svn,sex_t,age_aggregate_y15_24,eco_isic4_c,2017,18.731
svn,sex_t,age_aggregate_y15_24,eco_isic4_c,2018,17.936
svn,sex_t,age_aggregate_y15_24,eco_isic4_c,2019,15.699
svn,sex_t,age_aggregate_y15_24,eco_isic4_c,2020,12.753
svn,sex_t,age_aggregate_y15_24,eco_isic4_c,2021,14.141
svn,sex_t,age_aggregate_y15_24,eco_isic4_c,2022,13.537
svn,sex_t,age_aggregate_y15_24,eco_isic4_c,2023,15.381
svn,sex_t,age_aggregate_y15_24,eco_isic4_d,2008,0.456
svn,sex_t,age_aggregate_y15_24,eco_isic4_d,2009,0.477
svn,sex_t,age_aggregate_y15_24,eco_isic4_d,2010,0.383
svn,sex_t,age_aggregate_y15_24,eco_isic4_d,2011,0.411
svn,sex_t,age_aggregate_y15_24,eco_isic4_d,2012,0.356
svn,sex_t,age_aggregate_y15_24,eco_isic4_d,2013,0.276
svn,sex_t,age_aggregate_y15_24,eco_isic4_d,2014,0.453
svn,sex_t,age_aggregate_y15_24,eco_isic4_d,2015,0.335
svn,sex_t,age_aggregate_y15_24,eco_isic4_d,2016,0.324
svn,sex_t,age_aggregate_y15_24,eco_isic4_d,2017,0.559
svn,sex_t,age_aggregate_y15_24,eco_isic4_d,2018,0.187
svn,sex_t,age_aggregate_y15_24,eco_isic4_d,2019,0.415
svn,sex_t,age_aggregate_y15_24,eco_isic4_d,2020,0.293
svn,sex_t,age_aggregate_y15_24,eco_isic4_d,2021,0.264
svn,sex_t,age_aggregate_y15_24,eco_isic4_d,2023,0.196
svn,sex_t,age_aggregate_y15_24,eco_isic4_e,2008,0.45
svn,sex_t,age_aggregate_y15_24,eco_isic4_e,2009,0.569
svn,sex_t,age_aggregate_y15_24,eco_isic4_e,2010,0.308
svn,sex_t,age_aggregate_y15_24,eco_isic4_e,2011,0.428
svn,sex_t,age_aggregate_y15_24,eco_isic4_e,2012,0.394
svn,sex_t,age_aggregate_y15_24,eco_isic4_e,2013,0.25
svn,sex_t,age_aggregate_y15_24,eco_isic4_e,2015,0.237
svn,sex_t,age_aggregate_y15_24,eco_isic4_e,2016,0.144
svn,sex_t,age_aggregate_y15_24,eco_isic4_e,2017,0.795
svn,sex_t,age_aggregate_y15_24,eco_isic4_e,2018,0.458
svn,sex_t,age_aggregate_y15_24,eco_isic4_e,2019,0.183
svn,sex_t,age_aggregate_y15_24,eco_isic4_e,2020,0.273
svn,sex_t,age_aggregate_y15_24,eco_isic4_e,2021,0.33
svn,sex_t,age_aggregate_y15_24,eco_isic4_e,2022,0.404
svn,sex_t,age_aggregate_y15_24,eco_isic4_e,2023,0.237
svn,sex_t,age_aggregate_y15_24,eco_isic4_f,2008,7.565
svn,sex_t,age_aggregate_y15_24,eco_isic4_f,2009,6.345
svn,sex_t,age_aggregate_y15_24,eco_isic4_f,2010,4.658
svn,sex_t,age_aggregate_y15_24,eco_isic4_f,2011,3.613
svn,sex_t,age_aggregate_y15_24,eco_isic4_f,2012,3.337
svn,sex_t,age_aggregate_y15_24,eco_isic4_f,2013,3.396
svn,sex_t,age_aggregate_y15_24,eco_isic4_f,2014,2.835
svn,sex_t,age_aggregate_y15_24,eco_isic4_f,2015,2.63
svn,sex_t,age_aggregate_y15_24,eco_isic4_f,2016,2.433
svn,sex_t,age_aggregate_y15_24,eco_isic4_f,2017,2.011
svn,sex_t,age_aggregate_y15_24,eco_isic4_f,2018,3.064
svn,sex_t,age_aggregate_y15_24,eco_isic4_f,2019,3.004
svn,sex_t,age_aggregate_y15_24,eco_isic4_f,2020,2.869
svn,sex_t,age_aggregate_y15_24,eco_isic4_f,2021,2.599
svn,sex_t,age_aggregate_y15_24,eco_isic4_f,2022,3.137
svn,sex_t,age_aggregate_y15_24,eco_isic4_f,2023,4.945
svn,sex_t,age_aggregate_y15_24,eco_isic4_g,2008,14.143
svn,sex_t,age_aggregate_y15_24,eco_isic4_g,2009,13.89
svn,sex_t,age_aggregate_y15_24,eco_isic4_g,2010,12.87
svn,sex_t,age_aggregate_y15_24,eco_isic4_g,2011,11.637
svn,sex_t,age_aggregate_y15_24,eco_isic4_g,2012,9.244
svn,sex_t,age_aggregate_y15_24,eco_isic4_g,2013,8.217
svn,sex_t,age_aggregate_y15_24,eco_isic4_g,2014,8.846
svn,sex_t,age_aggregate_y15_24,eco_isic4_g,2015,8.17
svn,sex_t,age_aggregate_y15_24,eco_isic4_g,2016,9.637
svn,sex_t,age_aggregate_y15_24,eco_isic4_g,2017,9.669
svn,sex_t,age_aggregate_y15_24,eco_isic4_g,2018,12.001
svn,sex_t,age_aggregate_y15_24,eco_isic4_g,2019,13.752
svn,sex_t,age_aggregate_y15_24,eco_isic4_g,2020,10.575
svn,sex_t,age_aggregate_y15_24,eco_isic4_g,2021,9.664
svn,sex_t,age_aggregate_y15_24,eco_isic4_g,2022,10.665
svn,sex_t,age_aggregate_y15_24,eco_isic4_g,2023,11.076
svn,sex_t,age_aggregate_y15_24,eco_isic4_h,2008,3.741
svn,sex_t,age_aggregate_y15_24,eco_isic4_h,2009,3.695
svn,sex_t,age_aggregate_y15_24,eco_isic4_h,2010,3.104
svn,sex_t,age_aggregate_y15_24,eco_isic4_h,2011,3.033
svn,sex_t,age_aggregate_y15_24,eco_isic4_h,2012,2.845
svn,sex_t,age_aggregate_y15_24,eco_isic4_h,2013,2.389
svn,sex_t,age_aggregate_y15_24,eco_isic4_h,2014,2.18
svn,sex_t,age_aggregate_y15_24,eco_isic4_h,2015,1.821
svn,sex_t,age_aggregate_y15_24,eco_isic4_h,2016,2.417
svn,sex_t,age_aggregate_y15_24,eco_isic4_h,2017,2.142
svn,sex_t,age_aggregate_y15_24,eco_isic4_h,2018,3.686
svn,sex_t,age_aggregate_y15_24,eco_isic4_h,2019,2.908
svn,sex_t,age_aggregate_y15_24,eco_isic4_h,2020,1.584
svn,sex_t,age_aggregate_y15_24,eco_isic4_h,2021,1.98
svn,sex_t,age_aggregate_y15_24,eco_isic4_h,2022,1.922
svn,sex_t,age_aggregate_y15_24,eco_isic4_h,2023,1.925
svn,sex_t,age_aggregate_y15_24,eco_isic4_i,2008,12.185
svn,sex_t,age_aggregate_y15_24,eco_isic4_i,2009,10.102
svn,sex_t,age_aggregate_y15_24,eco_isic4_i,2010,9.761
svn,sex_t,age_aggregate_y15_24,eco_isic4_i,2011,8.095
svn,sex_t,age_aggregate_y15_24,eco_isic4_i,2012,6.808
svn,sex_t,age_aggregate_y15_24,eco_isic4_i,2013,6.215
svn,sex_t,age_aggregate_y15_24,eco_isic4_i,2014,5.803
svn,sex_t,age_aggregate_y15_24,eco_isic4_i,2015,8.367
svn,sex_t,age_aggregate_y15_24,eco_isic4_i,2016,7.755
svn,sex_t,age_aggregate_y15_24,eco_isic4_i,2017,8.965
svn,sex_t,age_aggregate_y15_24,eco_isic4_i,2018,7.379
svn,sex_t,age_aggregate_y15_24,eco_isic4_i,2019,6.965
svn,sex_t,age_aggregate_y15_24,eco_isic4_i,2020,5.871
svn,sex_t,age_aggregate_y15_24,eco_isic4_i,2021,4.936
svn,sex_t,age_aggregate_y15_24,eco_isic4_i,2022,6.554
svn,sex_t,age_aggregate_y15_24,eco_isic4_i,2023,6.954
svn,sex_t,age_aggregate_y15_24,eco_isic4_j,2008,3.605
svn,sex_t,age_aggregate_y15_24,eco_isic4_j,2009,3.555
svn,sex_t,age_aggregate_y15_24,eco_isic4_j,2010,3.414
svn,sex_t,age_aggregate_y15_24,eco_isic4_j,2011,1.868
svn,sex_t,age_aggregate_y15_24,eco_isic4_j,2012,1.04
svn,sex_t,age_aggregate_y15_24,eco_isic4_j,2013,1.341
svn,sex_t,age_aggregate_y15_24,eco_isic4_j,2014,0.812
svn,sex_t,age_aggregate_y15_24,eco_isic4_j,2015,1.472
svn,sex_t,age_aggregate_y15_24,eco_isic4_j,2016,1.288
svn,sex_t,age_aggregate_y15_24,eco_isic4_j,2017,1.733
svn,sex_t,age_aggregate_y15_24,eco_isic4_j,2018,1.963
svn,sex_t,age_aggregate_y15_24,eco_isic4_j,2019,2.002
svn,sex_t,age_aggregate_y15_24,eco_isic4_j,2020,1.991
svn,sex_t,age_aggregate_y15_24,eco_isic4_j,2021,1.699
svn,sex_t,age_aggregate_y15_24,eco_isic4_j,2022,1.795
svn,sex_t,age_aggregate_y15_24,eco_isic4_j,2023,1.837
svn,sex_t,age_aggregate_y15_24,eco_isic4_k,2008,1.248
svn,sex_t,age_aggregate_y15_24,eco_isic4_k,2009,1.38
svn,sex_t,age_aggregate_y15_24,eco_isic4_k,2010,0.923
svn,sex_t,age_aggregate_y15_24,eco_isic4_k,2011,0.852
svn,sex_t,age_aggregate_y15_24,eco_isic4_k,2012,0.797
svn,sex_t,age_aggregate_y15_24,eco_isic4_k,2013,0.602
svn,sex_t,age_aggregate_y15_24,eco_isic4_k,2014,0.432
svn,sex_t,age_aggregate_y15_24,eco_isic4_k,2015,0.742
svn,sex_t,age_aggregate_y15_24,eco_isic4_k,2016,0.483
svn,sex_t,age_aggregate_y15_24,eco_isic4_k,2017,0.511
svn,sex_t,age_aggregate_y15_24,eco_isic4_k,2018,0.595
svn,sex_t,age_aggregate_y15_24,eco_isic4_k,2019,0.627
svn,sex_t,age_aggregate_y15_24,eco_isic4_k,2020,0.148
svn,sex_t,age_aggregate_y15_24,eco_isic4_k,2021,0.191
svn,sex_t,age_aggregate_y15_24,eco_isic4_k,2022,0.439
svn,sex_t,age_aggregate_y15_24,eco_isic4_k,2023,0.597
svn,sex_t,age_aggregate_y15_24,eco_isic4_l,2008,0.191
svn,sex_t,age_aggregate_y15_24,eco_isic4_l,2009,0.124
svn,sex_t,age_aggregate_y15_24,eco_isic4_l,2010,0.161
svn,sex_t,age_aggregate_y15_24,eco_isic4_l,2019,0.141
svn,sex_t,age_aggregate_y15_24,eco_isic4_l,2021,0.484
svn,sex_t,age_aggregate_y15_24,eco_isic4_l,2022,0.356
svn,sex_t,age_aggregate_y15_24,eco_isic4_l,2023,0.231
svn,sex_t,age_aggregate_y15_24,eco_isic4_m,2008,3.282
svn,sex_t,age_aggregate_y15_24,eco_isic4_m,2009,2.619
svn,sex_t,age_aggregate_y15_24,eco_isic4_m,2010,1.757
svn,sex_t,age_aggregate_y15_24,eco_isic4_m,2011,2.127
svn,sex_t,age_aggregate_y15_24,eco_isic4_m,2012,1.246
svn,sex_t,age_aggregate_y15_24,eco_isic4_m,2013,0.915
svn,sex_t,age_aggregate_y15_24,eco_isic4_m,2014,1.22
svn,sex_t,age_aggregate_y15_24,eco_isic4_m,2015,0.678
svn,sex_t,age_aggregate_y15_24,eco_isic4_m,2016,0.944
svn,sex_t,age_aggregate_y15_24,eco_isic4_m,2017,1.267
svn,sex_t,age_aggregate_y15_24,eco_isic4_m,2018,1.461
svn,sex_t,age_aggregate_y15_24,eco_isic4_m,2019,1.618
svn,sex_t,age_aggregate_y15_24,eco_isic4_m,2020,1.216
svn,sex_t,age_aggregate_y15_24,eco_isic4_m,2021,2.366
svn,sex_t,age_aggregate_y15_24,eco_isic4_m,2022,3.065
svn,sex_t,age_aggregate_y15_24,eco_isic4_m,2023,3.05
svn,sex_t,age_aggregate_y15_24,eco_isic4_n,2008,2.724
svn,sex_t,age_aggregate_y15_24,eco_isic4_n,2009,2.487
svn,sex_t,age_aggregate_y15_24,eco_isic4_n,2010,2.029
svn,sex_t,age_aggregate_y15_24,eco_isic4_n,2011,1.41
svn,sex_t,age_aggregate_y15_24,eco_isic4_n,2012,0.783
svn,sex_t,age_aggregate_y15_24,eco_isic4_n,2013,0.884
svn,sex_t,age_aggregate_y15_24,eco_isic4_n,2014,1.879
svn,sex_t,age_aggregate_y15_24,eco_isic4_n,2015,1.852
svn,sex_t,age_aggregate_y15_24,eco_isic4_n,2016,1.897
svn,sex_t,age_aggregate_y15_24,eco_isic4_n,2017,1.717
svn,sex_t,age_aggregate_y15_24,eco_isic4_n,2018,1.086
svn,sex_t,age_aggregate_y15_24,eco_isic4_n,2019,1.332
svn,sex_t,age_aggregate_y15_24,eco_isic4_n,2020,0.879
svn,sex_t,age_aggregate_y15_24,eco_isic4_n,2021,2.384
svn,sex_t,age_aggregate_y15_24,eco_isic4_n,2022,2.545
svn,sex_t,age_aggregate_y15_24,eco_isic4_n,2023,2.109
svn,sex_t,age_aggregate_y15_24,eco_isic4_o,2008,3.05
svn,sex_t,age_aggregate_y15_24,eco_isic4_o,2009,3.212
svn,sex_t,age_aggregate_y15_24,eco_isic4_o,2010,2.856
svn,sex_t,age_aggregate_y15_24,eco_isic4_o,2011,1.508
svn,sex_t,age_aggregate_y15_24,eco_isic4_o,2012,1.971
svn,sex_t,age_aggregate_y15_24,eco_isic4_o,2013,1.052
svn,sex_t,age_aggregate_y15_24,eco_isic4_o,2014,0.658
svn,sex_t,age_aggregate_y15_24,eco_isic4_o,2015,0.675
svn,sex_t,age_aggregate_y15_24,eco_isic4_o,2016,0.599
svn,sex_t,age_aggregate_y15_24,eco_isic4_o,2017,1.378
svn,sex_t,age_aggregate_y15_24,eco_isic4_o,2018,0.998
svn,sex_t,age_aggregate_y15_24,eco_isic4_o,2019,0.535
svn,sex_t,age_aggregate_y15_24,eco_isic4_o,2020,0.851
svn,sex_t,age_aggregate_y15_24,eco_isic4_o,2021,1.481
svn,sex_t,age_aggregate_y15_24,eco_isic4_o,2022,1.552
svn,sex_t,age_aggregate_y15_24,eco_isic4_o,2023,1.121
svn,sex_t,age_aggregate_y15_24,eco_isic4_p,2008,2.906
svn,sex_t,age_aggregate_y15_24,eco_isic4_p,2009,2.849
svn,sex_t,age_aggregate_y15_24,eco_isic4_p,2010,2.54
svn,sex_t,age_aggregate_y15_24,eco_isic4_p,2011,3.218
svn,sex_t,age_aggregate_y15_24,eco_isic4_p,2012,2.55
svn,sex_t,age_aggregate_y15_24,eco_isic4_p,2013,2.006
svn,sex_t,age_aggregate_y15_24,eco_isic4_p,2014,1.294
svn,sex_t,age_aggregate_y15_24,eco_isic4_p,2015,1.823
svn,sex_t,age_aggregate_y15_24,eco_isic4_p,2016,2.188
svn,sex_t,age_aggregate_y15_24,eco_isic4_p,2017,1.483
svn,sex_t,age_aggregate_y15_24,eco_isic4_p,2018,2.163
svn,sex_t,age_aggregate_y15_24,eco_isic4_p,2019,2.118
svn,sex_t,age_aggregate_y15_24,eco_isic4_p,2020,2.923
svn,sex_t,age_aggregate_y15_24,eco_isic4_p,2021,2.823
svn,sex_t,age_aggregate_y15_24,eco_isic4_p,2022,2.966
svn,sex_t,age_aggregate_y15_24,eco_isic4_p,2023,2.513
svn,sex_t,age_aggregate_y15_24,eco_isic4_q,2008,3.607
svn,sex_t,age_aggregate_y15_24,eco_isic4_q,2009,3.621
svn,sex_t,age_aggregate_y15_24,eco_isic4_q,2010,3.648
svn,sex_t,age_aggregate_y15_24,eco_isic4_q,2011,3.393
svn,sex_t,age_aggregate_y15_24,eco_isic4_q,2012,3.234
svn,sex_t,age_aggregate_y15_24,eco_isic4_q,2013,2.397
svn,sex_t,age_aggregate_y15_24,eco_isic4_q,2014,2.518
svn,sex_t,age_aggregate_y15_24,eco_isic4_q,2015,3.26
svn,sex_t,age_aggregate_y15_24,eco_isic4_q,2016,3.244
svn,sex_t,age_aggregate_y15_24,eco_isic4_q,2017,3.537
svn,sex_t,age_aggregate_y15_24,eco_isic4_q,2018,3.757
svn,sex_t,age_aggregate_y15_24,eco_isic4_q,2019,3.058
svn,sex_t,age_aggregate_y15_24,eco_isic4_q,2020,3.402
svn,sex_t,age_aggregate_y15_24,eco_isic4_q,2021,4.147
svn,sex_t,age_aggregate_y15_24,eco_isic4_q,2022,3.953
svn,sex_t,age_aggregate_y15_24,eco_isic4_q,2023,3.558
svn,sex_t,age_aggregate_y15_24,eco_isic4_r,2008,3.218
svn,sex_t,age_aggregate_y15_24,eco_isic4_r,2009,2.266
svn,sex_t,age_aggregate_y15_24,eco_isic4_r,2010,2.304
svn,sex_t,age_aggregate_y15_24,eco_isic4_r,2011,2.597
svn,sex_t,age_aggregate_y15_24,eco_isic4_r,2012,2.052
svn,sex_t,age_aggregate_y15_24,eco_isic4_r,2013,1.621
svn,sex_t,age_aggregate_y15_24,eco_isic4_r,2014,1.774
svn,sex_t,age_aggregate_y15_24,eco_isic4_r,2015,1.594
svn,sex_t,age_aggregate_y15_24,eco_isic4_r,2016,1.875
svn,sex_t,age_aggregate_y15_24,eco_isic4_r,2017,3.587
svn,sex_t,age_aggregate_y15_24,eco_isic4_r,2018,3.058
svn,sex_t,age_aggregate_y15_24,eco_isic4_r,2019,2.569
svn,sex_t,age_aggregate_y15_24,eco_isic4_r,2020,1.408
svn,sex_t,age_aggregate_y15_24,eco_isic4_r,2021,2.397
svn,sex_t,age_aggregate_y15_24,eco_isic4_r,2022,2.549
svn,sex_t,age_aggregate_y15_24,eco_isic4_r,2023,2.498
svn,sex_t,age_aggregate_y15_24,eco_isic4_s,2008,1.762
svn,sex_t,age_aggregate_y15_24,eco_isic4_s,2009,1.294
svn,sex_t,age_aggregate_y15_24,eco_isic4_s,2010,1.519
svn,sex_t,age_aggregate_y15_24,eco_isic4_s,2011,1.983
svn,sex_t,age_aggregate_y15_24,eco_isic4_s,2012,0.95
svn,sex_t,age_aggregate_y15_24,eco_isic4_s,2013,1.113
svn,sex_t,age_aggregate_y15_24,eco_isic4_s,2014,0.887
svn,sex_t,age_aggregate_y15_24,eco_isic4_s,2015,1.026
svn,sex_t,age_aggregate_y15_24,eco_isic4_s,2016,1.427
svn,sex_t,age_aggregate_y15_24,eco_isic4_s,2017,1.185
svn,sex_t,age_aggregate_y15_24,eco_isic4_s,2018,1.103
svn,sex_t,age_aggregate_y15_24,eco_isic4_s,2019,1.124
svn,sex_t,age_aggregate_y15_24,eco_isic4_s,2020,1.214
svn,sex_t,age_aggregate_y15_24,eco_isic4_s,2021,3.203
svn,sex_t,age_aggregate_y15_24,eco_isic4_s,2022,3.765
svn,sex_t,age_aggregate_y15_24,eco_isic4_s,2023,2.856
svn,sex_t,age_aggregate_y15_24,eco_isic4_t,2021,0.151
svn,sex_t,age_aggregate_y15_24,eco_isic4_total,2008,87.823
svn,sex_t,age_aggregate_y15_24,eco_isic4_total,2009,75.558
svn,sex_t,age_aggregate_y15_24,eco_isic4_total,2010,68.582
svn,sex_t,age_aggregate_y15_24,eco_isic4_total,2011,62.302
svn,sex_t,age_aggregate_y15_24,eco_isic4_total,2012,51.905
svn,sex_t,age_aggregate_y15_24,eco_isic4_total,2013,46.562
svn,sex_t,age_aggregate_y15_24,eco_isic4_total,2014,45.045
svn,sex_t,age_aggregate_y15_24,eco_isic4_total,2015,50.589
svn,sex_t,age_aggregate_y15_24,eco_isic4_total,2016,52.564
svn,sex_t,age_aggregate_y15_24,eco_isic4_total,2017,60.783
svn,sex_t,age_aggregate_y15_24,eco_isic4_total,2018,62.996
svn,sex_t,age_aggregate_y15_24,eco_isic4_total,2019,60.188
svn,sex_t,age_aggregate_y15_24,eco_isic4_total,2020,49.747
svn,sex_t,age_aggregate_y15_24,eco_isic4_total,2021,56.539
svn,sex_t,age_aggregate_y15_24,eco_isic4_total,2022,60.195
svn,sex_t,age_aggregate_y15_24,eco_isic4_total,2023,62.705
svn,sex_t,age_aggregate_y15_24,eco_isic4_x,2008,1.285
svn,sex_t,age_aggregate_y15_24,eco_isic4_x,2009,1.288
svn,sex_t,age_aggregate_y15_24,eco_isic4_x,2010,0.957
svn,sex_t,age_aggregate_y15_24,eco_isic4_x,2011,0.887
svn,sex_t,age_aggregate_y15_24,eco_isic4_x,2012,0.583
svn,sex_t,age_aggregate_y15_24,eco_isic4_x,2013,0.527
svn,sex_t,age_aggregate_y15_24,eco_isic4_x,2014,0.705
svn,sex_t,age_aggregate_y15_24,eco_isic4_x,2015,1.295
svn,sex_t,age_aggregate_y15_24,eco_isic4_x,2016,0.988
svn,sex_t,age_aggregate_y15_24,eco_isic4_x,2017,0.928
svn,sex_t,age_aggregate_y15_24,eco_isic4_x,2018,1.182
svn,sex_t,age_aggregate_y15_24,eco_isic4_x,2019,0.723
svn,sex_t,age_aggregate_y15_24,eco_isic4_x,2020,0.577
svn,sex_t,age_aggregate_y15_24,eco_isic4_x,2021,0.755
svn,sex_t,age_aggregate_y15_24,eco_isic4_x,2022,0.486
svn,sex_t,age_aggregate_y15_24,eco_isic4_x,2023,0.629
svn,sex_t,age_aggregate_y15_24,eco_sector_agr,1996,1.902
svn,sex_t,age_aggregate_y15_24,eco_sector_agr,1997,1.7
svn,sex_t,age_aggregate_y15_24,eco_sector_agr,1998,1.467
svn,sex_t,age_aggregate_y15_24,eco_sector_agr,1999,0.94
svn,sex_t,age_aggregate_y15_24,eco_sector_agr,2000,0.601
svn,sex_t,age_aggregate_y15_24,eco_sector_agr,2001,0.77
svn,sex_t,age_aggregate_y15_24,eco_sector_agr,2002,0.911
svn,sex_t,age_aggregate_y15_24,eco_sector_agr,2003,0.627
svn,sex_t,age_aggregate_y15_24,eco_sector_agr,2004,1.566
svn,sex_t,age_aggregate_y15_24,eco_sector_agr,2005,0.663
svn,sex_t,age_aggregate_y15_24,eco_sector_agr,2006,1.076
svn,sex_t,age_aggregate_y15_24,eco_sector_agr,2007,1.22
svn,sex_t,age_aggregate_y15_24,eco_sector_agr,2008,1.078
svn,sex_t,age_aggregate_y15_24,eco_sector_agr,2009,1.064
svn,sex_t,age_aggregate_y15_24,eco_sector_agr,2010,0.717
svn,sex_t,age_aggregate_y15_24,eco_sector_agr,2011,0.648
svn,sex_t,age_aggregate_y15_24,eco_sector_agr,2012,0.592
svn,sex_t,age_aggregate_y15_24,eco_sector_agr,2013,0.774
svn,sex_t,age_aggregate_y15_24,eco_sector_agr,2014,0.661
svn,sex_t,age_aggregate_y15_24,eco_sector_agr,2015,0.608
svn,sex_t,age_aggregate_y15_24,eco_sector_agr,2016,0.262
svn,sex_t,age_aggregate_y15_24,eco_sector_agr,2017,0.411
svn,sex_t,age_aggregate_y15_24,eco_sector_agr,2018,0.456
svn,sex_t,age_aggregate_y15_24,eco_sector_agr,2019,0.773
svn,sex_t,age_aggregate_y15_24,eco_sector_agr,2020,0.54
svn,sex_t,age_aggregate_y15_24,eco_sector_agr,2021,0.363
svn,sex_t,age_aggregate_y15_24,eco_sector_agr,2022,0.198
svn,sex_t,age_aggregate_y15_24,eco_sector_agr,2023,0.37
svn,sex_t,age_aggregate_y15_24,eco_sector_ind,1996,45.555
svn,sex_t,age_aggregate_y15_24,eco_sector_ind,1997,41.603
svn,sex_t,age_aggregate_y15_24,eco_sector_ind,1998,40.072
svn,sex_t,age_aggregate_y15_24,eco_sector_ind,1999,36.12
svn,sex_t,age_aggregate_y15_24,eco_sector_ind,2000,31.889
svn,sex_t,age_aggregate_y15_24,eco_sector_ind,2001,33.218
svn,sex_t,age_aggregate_y15_24,eco_sector_ind,2002,33.283
svn,sex_t,age_aggregate_y15_24,eco_sector_ind,2003,27.18
svn,sex_t,age_aggregate_y15_24,eco_sector_ind,2004,28.447
svn,sex_t,age_aggregate_y15_24,eco_sector_ind,2005,30.448
svn,sex_t,age_aggregate_y15_24,eco_sector_ind,2006,31.024
svn,sex_t,age_aggregate_y15_24,eco_sector_ind,2007,32.747
svn,sex_t,age_aggregate_y15_24,eco_sector_ind,2008,29.779
svn,sex_t,age_aggregate_y15_24,eco_sector_ind,2009,22.113
svn,sex_t,age_aggregate_y15_24,eco_sector_ind,2010,20.021
svn,sex_t,age_aggregate_y15_24,eco_sector_ind,2011,19.021
svn,sex_t,age_aggregate_y15_24,eco_sector_ind,2012,17.184
svn,sex_t,age_aggregate_y15_24,eco_sector_ind,2013,16.429
svn,sex_t,age_aggregate_y15_24,eco_sector_ind,2014,15.375
svn,sex_t,age_aggregate_y15_24,eco_sector_ind,2015,17.169
svn,sex_t,age_aggregate_y15_24,eco_sector_ind,2016,17.55
svn,sex_t,age_aggregate_y15_24,eco_sector_ind,2017,22.144
svn,sex_t,age_aggregate_y15_24,eco_sector_ind,2018,21.942
svn,sex_t,age_aggregate_y15_24,eco_sector_ind,2019,19.942
svn,sex_t,age_aggregate_y15_24,eco_sector_ind,2020,16.454
svn,sex_t,age_aggregate_y15_24,eco_sector_ind,2021,17.515
svn,sex_t,age_aggregate_y15_24,eco_sector_ind,2022,17.36
svn,sex_t,age_aggregate_y15_24,eco_sector_ind,2023,21.247
svn,sex_t,age_aggregate_y15_24,eco_sector_nag,1996,101.234
svn,sex_t,age_aggregate_y15_24,eco_sector_nag,1997,102.979
svn,sex_t,age_aggregate_y15_24,eco_sector_nag,1998,91.451
svn,sex_t,age_aggregate_y15_24,eco_sector_nag,1999,85.856
svn,sex_t,age_aggregate_y15_24,eco_sector_nag,2000,79.594
svn,sex_t,age_aggregate_y15_24,eco_sector_nag,2001,77.062
svn,sex_t,age_aggregate_y15_24,eco_sector_nag,2002,81.249
svn,sex_t,age_aggregate_y15_24,eco_sector_nag,2003,73.974
svn,sex_t,age_aggregate_y15_24,eco_sector_nag,2004,81.782
svn,sex_t,age_aggregate_y15_24,eco_sector_nag,2005,78.989
svn,sex_t,age_aggregate_y15_24,eco_sector_nag,2006,79.477
svn,sex_t,age_aggregate_y15_24,eco_sector_nag,2007,84.359
svn,sex_t,age_aggregate_y15_24,eco_sector_nag,2008,86.745
svn,sex_t,age_aggregate_y15_24,eco_sector_nag,2009,74.494
svn,sex_t,age_aggregate_y15_24,eco_sector_nag,2010,67.865
svn,sex_t,age_aggregate_y15_24,eco_sector_nag,2011,61.654
svn,sex_t,age_aggregate_y15_24,eco_sector_nag,2012,51.314
svn,sex_t,age_aggregate_y15_24,eco_sector_nag,2013,45.788
svn,sex_t,age_aggregate_y15_24,eco_sector_nag,2014,44.385
svn,sex_t,age_aggregate_y15_24,eco_sector_nag,2015,49.981
svn,sex_t,age_aggregate_y15_24,eco_sector_nag,2016,52.303
svn,sex_t,age_aggregate_y15_24,eco_sector_nag,2017,60.373
svn,sex_t,age_aggregate_y15_24,eco_sector_nag,2018,62.541
svn,sex_t,age_aggregate_y15_24,eco_sector_nag,2019,59.415
svn,sex_t,age_aggregate_y15_24,eco_sector_nag,2020,49.207
svn,sex_t,age_aggregate_y15_24,eco_sector_nag,2021,56.176
svn,sex_t,age_aggregate_y15_24,eco_sector_nag,2022,59.997
svn,sex_t,age_aggregate_y15_24,eco_sector_nag,2023,62.336
svn,sex_t,age_aggregate_y15_24,eco_sector_ser,1996,55.348
svn,sex_t,age_aggregate_y15_24,eco_sector_ser,1997,61.071
svn,sex_t,age_aggregate_y15_24,eco_sector_ser,1998,50.325
svn,sex_t,age_aggregate_y15_24,eco_sector_ser,1999,49.334
svn,sex_t,age_aggregate_y15_24,eco_sector_ser,2000,46.646
svn,sex_t,age_aggregate_y15_24,eco_sector_ser,2001,42.32
svn,sex_t,age_aggregate_y15_24,eco_sector_ser,2002,46.705
svn,sex_t,age_aggregate_y15_24,eco_sector_ser,2003,45.194
svn,sex_t,age_aggregate_y15_24,eco_sector_ser,2004,50.846
svn,sex_t,age_aggregate_y15_24,eco_sector_ser,2005,47.4
svn,sex_t,age_aggregate_y15_24,eco_sector_ser,2006,47.472
svn,sex_t,age_aggregate_y15_24,eco_sector_ser,2007,49.364
svn,sex_t,age_aggregate_y15_24,eco_sector_ser,2008,55.681
svn,sex_t,age_aggregate_y15_24,eco_sector_ser,2009,51.093
svn,sex_t,age_aggregate_y15_24,eco_sector_ser,2010,46.887
svn,sex_t,age_aggregate_y15_24,eco_sector_ser,2011,41.746
svn,sex_t,age_aggregate_y15_24,eco_sector_ser,2012,33.547
svn,sex_t,age_aggregate_y15_24,eco_sector_ser,2013,28.832
svn,sex_t,age_aggregate_y15_24,eco_sector_ser,2014,28.305
svn,sex_t,age_aggregate_y15_24,eco_sector_ser,2015,31.517
svn,sex_t,age_aggregate_y15_24,eco_sector_ser,2016,33.765
svn,sex_t,age_aggregate_y15_24,eco_sector_ser,2017,37.301
svn,sex_t,age_aggregate_y15_24,eco_sector_ser,2018,39.417
svn,sex_t,age_aggregate_y15_24,eco_sector_ser,2019,38.75
svn,sex_t,age_aggregate_y15_24,eco_sector_ser,2020,32.177
svn,sex_t,age_aggregate_y15_24,eco_sector_ser,2021,37.906
svn,sex_t,age_aggregate_y15_24,eco_sector_ser,2022,42.152
svn,sex_t,age_aggregate_y15_24,eco_sector_ser,2023,40.46
svn,sex_t,age_aggregate_y15_24,eco_sector_total,1996,103.135
svn,sex_t,age_aggregate_y15_24,eco_sector_total,1997,104.679
svn,sex_t,age_aggregate_y15_24,eco_sector_total,1998,92.918
svn,sex_t,age_aggregate_y15_24,eco_sector_total,1999,86.796
svn,sex_t,age_aggregate_y15_24,eco_sector_total,2000,80.196
svn,sex_t,age_aggregate_y15_24,eco_sector_total,2001,77.832
svn,sex_t,age_aggregate_y15_24,eco_sector_total,2002,82.16
svn,sex_t,age_aggregate_y15_24,eco_sector_total,2003,74.601
svn,sex_t,age_aggregate_y15_24,eco_sector_total,2004,83.348
svn,sex_t,age_aggregate_y15_24,eco_sector_total,2005,79.652
svn,sex_t,age_aggregate_y15_24,eco_sector_total,2006,80.553
svn,sex_t,age_aggregate_y15_24,eco_sector_total,2007,85.578
svn,sex_t,age_aggregate_y15_24,eco_sector_total,2008,87.823
svn,sex_t,age_aggregate_y15_24,eco_sector_total,2009,75.558
svn,sex_t,age_aggregate_y15_24,eco_sector_total,2010,68.582
svn,sex_t,age_aggregate_y15_24,eco_sector_total,2011,62.302
svn,sex_t,age_aggregate_y15_24,eco_sector_total,2012,51.905
svn,sex_t,age_aggregate_y15_24,eco_sector_total,2013,46.562
svn,sex_t,age_aggregate_y15_24,eco_sector_total,2014,45.045
svn,sex_t,age_aggregate_y15_24,eco_sector_total,2015,50.589
svn,sex_t,age_aggregate_y15_24,eco_sector_total,2016,52.564
svn,sex_t,age_aggregate_y15_24,eco_sector_total,2017,60.783
svn,sex_t,age_aggregate_y15_24,eco_sector_total,2018,62.996
svn,sex_t,age_aggregate_y15_24,eco_sector_total,2019,60.188
svn,sex_t,age_aggregate_y15_24,eco_sector_total,2020,49.747
svn,sex_t,age_aggregate_y15_24,eco_sector_total,2021,56.539
svn,sex_t,age_aggregate_y15_24,eco_sector_total,2022,60.195
svn,sex_t,age_aggregate_y15_24,eco_sector_total,2023,62.705
svn,sex_t,age_aggregate_y15_24,eco_sector_x,1998,1.054
svn,sex_t,age_aggregate_y15_24,eco_sector_x,1999,0.401
svn,sex_t,age_aggregate_y15_24,eco_sector_x,2000,1.06
svn,sex_t,age_aggregate_y15_24,eco_sector_x,2001,1.524
svn,sex_t,age_aggregate_y15_24,eco_sector_x,2002,1.261
svn,sex_t,age_aggregate_y15_24,eco_sector_x,2003,1.6
svn,sex_t,age_aggregate_y15_24,eco_sector_x,2004,2.489
svn,sex_t,age_aggregate_y15_24,eco_sector_x,2005,1.141
svn,sex_t,age_aggregate_y15_24,eco_sector_x,2006,0.981
svn,sex_t,age_aggregate_y15_24,eco_sector_x,2007,2.248
svn,sex_t,age_aggregate_y15_24,eco_sector_x,2008,1.285
svn,sex_t,age_aggregate_y15_24,eco_sector_x,2009,1.288
svn,sex_t,age_aggregate_y15_24,eco_sector_x,2010,0.957
svn,sex_t,age_aggregate_y15_24,eco_sector_x,2011,0.887
svn,sex_t,age_aggregate_y15_24,eco_sector_x,2012,0.583
svn,sex_t,age_aggregate_y15_24,eco_sector_x,2013,0.527
svn,sex_t,age_aggregate_y15_24,eco_sector_x,2014,0.705
svn,sex_t,age_aggregate_y15_24,eco_sector_x,2015,1.295
svn,sex_t,age_aggregate_y15_24,eco_sector_x,2016,0.988
svn,sex_t,age_aggregate_y15_24,eco_sector_x,2017,0.928
svn,sex_t,age_aggregate_y15_24,eco_sector_x,2018,1.182
svn,sex_t,age_aggregate_y15_24,eco_sector_x,2019,0.723
svn,sex_t,age_aggregate_y15_24,eco_sector_x,2020,0.577
svn,sex_t,age_aggregate_y15_24,eco_sector_x,2021,0.755
svn,sex_t,age_aggregate_y15_24,eco_sector_x,2022,0.486
svn,sex_t,age_aggregate_y15_24,eco_sector_x,2023,0.629
svn,sex_t,age_aggregate_y25_54,eco_aggregate_agr,1996,11.451
svn,sex_t,age_aggregate_y25_54,eco_aggregate_agr,1997,10.406
svn,sex_t,age_aggregate_y25_54,eco_aggregate_agr,1998,8.116
svn,sex_t,age_aggregate_y25_54,eco_aggregate_agr,1999,7.053
svn,sex_t,age_aggregate_y25_54,eco_aggregate_agr,2000,8.287
svn,sex_t,age_aggregate_y25_54,eco_aggregate_agr,2001,7.002
svn,sex_t,age_aggregate_y25_54,eco_aggregate_agr,2002,9.648
svn,sex_t,age_aggregate_y25_54,eco_aggregate_agr,2003,9.088
svn,sex_t,age_aggregate_y25_54,eco_aggregate_agr,2004,11.144
svn,sex_t,age_aggregate_y25_54,eco_aggregate_agr,2005,8.531
svn,sex_t,age_aggregate_y25_54,eco_aggregate_agr,2006,9.455
svn,sex_t,age_aggregate_y25_54,eco_aggregate_agr,2007,11.061
svn,sex_t,age_aggregate_y25_54,eco_aggregate_agr,2008,10.081
svn,sex_t,age_aggregate_y25_54,eco_aggregate_agr,2009,8.184
svn,sex_t,age_aggregate_y25_54,eco_aggregate_agr,2010,7.771
svn,sex_t,age_aggregate_y25_54,eco_aggregate_agr,2011,8.399
svn,sex_t,age_aggregate_y25_54,eco_aggregate_agr,2012,8.475
svn,sex_t,age_aggregate_y25_54,eco_aggregate_agr,2013,7.002
svn,sex_t,age_aggregate_y25_54,eco_aggregate_agr,2014,7.3
svn,sex_t,age_aggregate_y25_54,eco_aggregate_agr,2015,7.269
svn,sex_t,age_aggregate_y25_54,eco_aggregate_agr,2016,6.648
svn,sex_t,age_aggregate_y25_54,eco_aggregate_agr,2017,7.555
svn,sex_t,age_aggregate_y25_54,eco_aggregate_agr,2018,5.98
svn,sex_t,age_aggregate_y25_54,eco_aggregate_agr,2019,4.779
svn,sex_t,age_aggregate_y25_54,eco_aggregate_agr,2020,4.972
svn,sex_t,age_aggregate_y25_54,eco_aggregate_agr,2021,5.032
svn,sex_t,age_aggregate_y25_54,eco_aggregate_agr,2022,5.592
svn,sex_t,age_aggregate_y25_54,eco_aggregate_agr,2023,4.665
svn,sex_t,age_aggregate_y25_54,eco_aggregate_con,1996,31.196
svn,sex_t,age_aggregate_y25_54,eco_aggregate_con,1997,36.492
svn,sex_t,age_aggregate_y25_54,eco_aggregate_con,1998,33.7
svn,sex_t,age_aggregate_y25_54,eco_aggregate_con,1999,28.777
svn,sex_t,age_aggregate_y25_54,eco_aggregate_con,2000,32.868
svn,sex_t,age_aggregate_y25_54,eco_aggregate_con,2001,38.083
svn,sex_t,age_aggregate_y25_54,eco_aggregate_con,2002,36.002
svn,sex_t,age_aggregate_y25_54,eco_aggregate_con,2003,37.742
svn,sex_t,age_aggregate_y25_54,eco_aggregate_con,2004,36.988
svn,sex_t,age_aggregate_y25_54,eco_aggregate_con,2005,38.722
svn,sex_t,age_aggregate_y25_54,eco_aggregate_con,2006,35.33
svn,sex_t,age_aggregate_y25_54,eco_aggregate_con,2007,36.992
svn,sex_t,age_aggregate_y25_54,eco_aggregate_con,2008,43.188
svn,sex_t,age_aggregate_y25_54,eco_aggregate_con,2009,39.059
svn,sex_t,age_aggregate_y25_54,eco_aggregate_con,2010,35.615
svn,sex_t,age_aggregate_y25_54,eco_aggregate_con,2011,34.286
svn,sex_t,age_aggregate_y25_54,eco_aggregate_con,2012,35.204
svn,sex_t,age_aggregate_y25_54,eco_aggregate_con,2013,34.848
svn,sex_t,age_aggregate_y25_54,eco_aggregate_con,2014,32.879
svn,sex_t,age_aggregate_y25_54,eco_aggregate_con,2015,33.231
svn,sex_t,age_aggregate_y25_54,eco_aggregate_con,2016,32.149
svn,sex_t,age_aggregate_y25_54,eco_aggregate_con,2017,34.678
svn,sex_t,age_aggregate_y25_54,eco_aggregate_con,2018,32.777
svn,sex_t,age_aggregate_y25_54,eco_aggregate_con,2019,34.393
svn,sex_t,age_aggregate_y25_54,eco_aggregate_con,2020,35.846
svn,sex_t,age_aggregate_y25_54,eco_aggregate_con,2021,30.707
svn,sex_t,age_aggregate_y25_54,eco_aggregate_con,2022,31.19
svn,sex_t,age_aggregate_y25_54,eco_aggregate_con,2023,35.996
svn,sex_t,age_aggregate_y25_54,eco_aggregate_man,1996,234.599
svn,sex_t,age_aggregate_y25_54,eco_aggregate_man,1997,232.752
svn,sex_t,age_aggregate_y25_54,eco_aggregate_man,1998,231.64
svn,sex_t,age_aggregate_y25_54,eco_aggregate_man,1999,220.28
svn,sex_t,age_aggregate_y25_54,eco_aggregate_man,2000,221.212
svn,sex_t,age_aggregate_y25_54,eco_aggregate_man,2001,225.838
svn,sex_t,age_aggregate_y25_54,eco_aggregate_man,2002,232.056
svn,sex_t,age_aggregate_y25_54,eco_aggregate_man,2003,221.728
svn,sex_t,age_aggregate_y25_54,eco_aggregate_man,2004,219.851
svn,sex_t,age_aggregate_y25_54,eco_aggregate_man,2005,223.06
svn,sex_t,age_aggregate_y25_54,eco_aggregate_man,2006,211.584
svn,sex_t,age_aggregate_y25_54,eco_aggregate_man,2007,211.992
svn,sex_t,age_aggregate_y25_54,eco_aggregate_man,2008,210.257
svn,sex_t,age_aggregate_y25_54,eco_aggregate_man,2009,193.716
svn,sex_t,age_aggregate_y25_54,eco_aggregate_man,2010,185.186
svn,sex_t,age_aggregate_y25_54,eco_aggregate_man,2011,174.301
svn,sex_t,age_aggregate_y25_54,eco_aggregate_man,2012,166.403
svn,sex_t,age_aggregate_y25_54,eco_aggregate_man,2013,162.905
svn,sex_t,age_aggregate_y25_54,eco_aggregate_man,2014,162.417
svn,sex_t,age_aggregate_y25_54,eco_aggregate_man,2015,166.316
svn,sex_t,age_aggregate_y25_54,eco_aggregate_man,2016,178.456
svn,sex_t,age_aggregate_y25_54,eco_aggregate_man,2017,181.501
svn,sex_t,age_aggregate_y25_54,eco_aggregate_man,2018,186.808
svn,sex_t,age_aggregate_y25_54,eco_aggregate_man,2019,192.619
svn,sex_t,age_aggregate_y25_54,eco_aggregate_man,2020,188.143
svn,sex_t,age_aggregate_y25_54,eco_aggregate_man,2021,157.619
svn,sex_t,age_aggregate_y25_54,eco_aggregate_man,2022,159.215
svn,sex_t,age_aggregate_y25_54,eco_aggregate_man,2023,162.925
svn,sex_t,age_aggregate_y25_54,eco_aggregate_mel,1996,19.11
svn,sex_t,age_aggregate_y25_54,eco_aggregate_mel,1997,16.407
svn,sex_t,age_aggregate_y25_54,eco_aggregate_mel,1998,14.251
svn,sex_t,age_aggregate_y25_54,eco_aggregate_mel,1999,13.041
svn,sex_t,age_aggregate_y25_54,eco_aggregate_mel,2000,15.781
svn,sex_t,age_aggregate_y25_54,eco_aggregate_mel,2001,15.055
svn,sex_t,age_aggregate_y25_54,eco_aggregate_mel,2002,12.498
svn,sex_t,age_aggregate_y25_54,eco_aggregate_mel,2003,12.66
svn,sex_t,age_aggregate_y25_54,eco_aggregate_mel,2004,13.46
svn,sex_t,age_aggregate_y25_54,eco_aggregate_mel,2005,13.433
svn,sex_t,age_aggregate_y25_54,eco_aggregate_mel,2006,13.451
svn,sex_t,age_aggregate_y25_54,eco_aggregate_mel,2007,12.668
svn,sex_t,age_aggregate_y25_54,eco_aggregate_mel,2008,17.67
svn,sex_t,age_aggregate_y25_54,eco_aggregate_mel,2009,18.133
svn,sex_t,age_aggregate_y25_54,eco_aggregate_mel,2010,18.144
svn,sex_t,age_aggregate_y25_54,eco_aggregate_mel,2011,20.127
svn,sex_t,age_aggregate_y25_54,eco_aggregate_mel,2012,18.847
svn,sex_t,age_aggregate_y25_54,eco_aggregate_mel,2013,18.305
svn,sex_t,age_aggregate_y25_54,eco_aggregate_mel,2014,19.786
svn,sex_t,age_aggregate_y25_54,eco_aggregate_mel,2015,18.109
svn,sex_t,age_aggregate_y25_54,eco_aggregate_mel,2016,16.181
svn,sex_t,age_aggregate_y25_54,eco_aggregate_mel,2017,16.621
svn,sex_t,age_aggregate_y25_54,eco_aggregate_mel,2018,19.341
svn,sex_t,age_aggregate_y25_54,eco_aggregate_mel,2019,19.425
svn,sex_t,age_aggregate_y25_54,eco_aggregate_mel,2020,19.918
svn,sex_t,age_aggregate_y25_54,eco_aggregate_mel,2021,17.615
svn,sex_t,age_aggregate_y25_54,eco_aggregate_mel,2022,18.873
svn,sex_t,age_aggregate_y25_54,eco_aggregate_mel,2023,20.276
svn,sex_t,age_aggregate_y25_54,eco_aggregate_mkt,1996,161.792
svn,sex_t,age_aggregate_y25_54,eco_aggregate_mkt,1997,169.192
svn,sex_t,age_aggregate_y25_54,eco_aggregate_mkt,1998,175.218
svn,sex_t,age_aggregate_y25_54,eco_aggregate_mkt,1999,182.857
svn,sex_t,age_aggregate_y25_54,eco_aggregate_mkt,2000,199.859
svn,sex_t,age_aggregate_y25_54,eco_aggregate_mkt,2001,199.192
svn,sex_t,age_aggregate_y25_54,eco_aggregate_mkt,2002,198.421
svn,sex_t,age_aggregate_y25_54,eco_aggregate_mkt,2003,215.899
svn,sex_t,age_aggregate_y25_54,eco_aggregate_mkt,2004,210.728
svn,sex_t,age_aggregate_y25_54,eco_aggregate_mkt,2005,212.175
svn,sex_t,age_aggregate_y25_54,eco_aggregate_mkt,2006,214.191
svn,sex_t,age_aggregate_y25_54,eco_aggregate_mkt,2007,222.999
svn,sex_t,age_aggregate_y25_54,eco_aggregate_mkt,2008,243.404
svn,sex_t,age_aggregate_y25_54,eco_aggregate_mkt,2009,243.276
svn,sex_t,age_aggregate_y25_54,eco_aggregate_mkt,2010,236.231
svn,sex_t,age_aggregate_y25_54,eco_aggregate_mkt,2011,236.765
svn,sex_t,age_aggregate_y25_54,eco_aggregate_mkt,2012,241.844
svn,sex_t,age_aggregate_y25_54,eco_aggregate_mkt,2013,234.712
svn,sex_t,age_aggregate_y25_54,eco_aggregate_mkt,2014,224.298
svn,sex_t,age_aggregate_y25_54,eco_aggregate_mkt,2015,222.021
svn,sex_t,age_aggregate_y25_54,eco_aggregate_mkt,2016,223.711
svn,sex_t,age_aggregate_y25_54,eco_aggregate_mkt,2017,230.642
svn,sex_t,age_aggregate_y25_54,eco_aggregate_mkt,2018,232.171
svn,sex_t,age_aggregate_y25_54,eco_aggregate_mkt,2019,233.916
svn,sex_t,age_aggregate_y25_54,eco_aggregate_mkt,2020,236.3
svn,sex_t,age_aggregate_y25_54,eco_aggregate_mkt,2021,236.029
svn,sex_t,age_aggregate_y25_54,eco_aggregate_mkt,2022,235.159
svn,sex_t,age_aggregate_y25_54,eco_aggregate_mkt,2023,237.134
svn,sex_t,age_aggregate_y25_54,eco_aggregate_pub,1996,140.365
svn,sex_t,age_aggregate_y25_54,eco_aggregate_pub,1997,131.377
svn,sex_t,age_aggregate_y25_54,eco_aggregate_pub,1998,143.361
svn,sex_t,age_aggregate_y25_54,eco_aggregate_pub,1999,156.445
svn,sex_t,age_aggregate_y25_54,eco_aggregate_pub,2000,161.409
svn,sex_t,age_aggregate_y25_54,eco_aggregate_pub,2001,161.042
svn,sex_t,age_aggregate_y25_54,eco_aggregate_pub,2002,163.576
svn,sex_t,age_aggregate_y25_54,eco_aggregate_pub,2003,163.166
svn,sex_t,age_aggregate_y25_54,eco_aggregate_pub,2004,173.121
svn,sex_t,age_aggregate_y25_54,eco_aggregate_pub,2005,180.176
svn,sex_t,age_aggregate_y25_54,eco_aggregate_pub,2006,186.898
svn,sex_t,age_aggregate_y25_54,eco_aggregate_pub,2007,185.173
svn,sex_t,age_aggregate_y25_54,eco_aggregate_pub,2008,180.765
svn,sex_t,age_aggregate_y25_54,eco_aggregate_pub,2009,176.145
svn,sex_t,age_aggregate_y25_54,eco_aggregate_pub,2010,178.755
svn,sex_t,age_aggregate_y25_54,eco_aggregate_pub,2011,178.314
svn,sex_t,age_aggregate_y25_54,eco_aggregate_pub,2012,179.694
svn,sex_t,age_aggregate_y25_54,eco_aggregate_pub,2013,174.465
svn,sex_t,age_aggregate_y25_54,eco_aggregate_pub,2014,177.425
svn,sex_t,age_aggregate_y25_54,eco_aggregate_pub,2015,178.607
svn,sex_t,age_aggregate_y25_54,eco_aggregate_pub,2016,177.998
svn,sex_t,age_aggregate_y25_54,eco_aggregate_pub,2017,181.42
svn,sex_t,age_aggregate_y25_54,eco_aggregate_pub,2018,174.558
svn,sex_t,age_aggregate_y25_54,eco_aggregate_pub,2019,178.976
svn,sex_t,age_aggregate_y25_54,eco_aggregate_pub,2020,183.471
svn,sex_t,age_aggregate_y25_54,eco_aggregate_pub,2021,194.17
svn,sex_t,age_aggregate_y25_54,eco_aggregate_pub,2022,193.572
svn,sex_t,age_aggregate_y25_54,eco_aggregate_pub,2023,178.246
svn,sex_t,age_aggregate_y25_54,eco_aggregate_total,1996,599.243
svn,sex_t,age_aggregate_y25_54,eco_aggregate_total,1997,598.09
svn,sex_t,age_aggregate_y25_54,eco_aggregate_total,1998,608.954
svn,sex_t,age_aggregate_y25_54,eco_aggregate_total,1999,610.513
svn,sex_t,age_aggregate_y25_54,eco_aggregate_total,2000,642.863
svn,sex_t,age_aggregate_y25_54,eco_aggregate_total,2001,652.698
svn,sex_t,age_aggregate_y25_54,eco_aggregate_total,2002,656.428
svn,sex_t,age_aggregate_y25_54,eco_aggregate_total,2003,663.766
svn,sex_t,age_aggregate_y25_54,eco_aggregate_total,2004,671.543
svn,sex_t,age_aggregate_y25_54,eco_aggregate_total,2005,678.871
svn,sex_t,age_aggregate_y25_54,eco_aggregate_total,2006,673.717
svn,sex_t,age_aggregate_y25_54,eco_aggregate_total,2007,686.824
svn,sex_t,age_aggregate_y25_54,eco_aggregate_total,2008,708.137
svn,sex_t,age_aggregate_y25_54,eco_aggregate_total,2009,681.691
svn,sex_t,age_aggregate_y25_54,eco_aggregate_total,2010,663.804
svn,sex_t,age_aggregate_y25_54,eco_aggregate_total,2011,655.281
svn,sex_t,age_aggregate_y25_54,eco_aggregate_total,2012,654.155
svn,sex_t,age_aggregate_y25_54,eco_aggregate_total,2013,635.381
svn,sex_t,age_aggregate_y25_54,eco_aggregate_total,2014,627.379
svn,sex_t,age_aggregate_y25_54,eco_aggregate_total,2015,632.844
svn,sex_t,age_aggregate_y25_54,eco_aggregate_total,2016,639.744
svn,sex_t,age_aggregate_y25_54,eco_aggregate_total,2017,655.842
svn,sex_t,age_aggregate_y25_54,eco_aggregate_total,2018,655.48
svn,sex_t,age_aggregate_y25_54,eco_aggregate_total,2019,667.124
svn,sex_t,age_aggregate_y25_54,eco_aggregate_total,2020,671.316
svn,sex_t,age_aggregate_y25_54,eco_aggregate_total,2021,644.244
svn,sex_t,age_aggregate_y25_54,eco_aggregate_total,2022,646.41
svn,sex_t,age_aggregate_y25_54,eco_aggregate_total,2023,641.867
svn,sex_t,age_aggregate_y25_54,eco_aggregate_x,1996,0.731
svn,sex_t,age_aggregate_y25_54,eco_aggregate_x,1997,1.464
svn,sex_t,age_aggregate_y25_54,eco_aggregate_x,1998,2.668
svn,sex_t,age_aggregate_y25_54,eco_aggregate_x,1999,2.061
svn,sex_t,age_aggregate_y25_54,eco_aggregate_x,2000,3.447
svn,sex_t,age_aggregate_y25_54,eco_aggregate_x,2001,6.485
svn,sex_t,age_aggregate_y25_54,eco_aggregate_x,2002,4.227
svn,sex_t,age_aggregate_y25_54,eco_aggregate_x,2003,3.484
svn,sex_t,age_aggregate_y25_54,eco_aggregate_x,2004,6.251
svn,sex_t,age_aggregate_y25_54,eco_aggregate_x,2005,2.774
svn,sex_t,age_aggregate_y25_54,eco_aggregate_x,2006,2.809
svn,sex_t,age_aggregate_y25_54,eco_aggregate_x,2007,5.94
svn,sex_t,age_aggregate_y25_54,eco_aggregate_x,2008,2.772
svn,sex_t,age_aggregate_y25_54,eco_aggregate_x,2009,3.178
svn,sex_t,age_aggregate_y25_54,eco_aggregate_x,2010,2.102
svn,sex_t,age_aggregate_y25_54,eco_aggregate_x,2011,3.088
svn,sex_t,age_aggregate_y25_54,eco_aggregate_x,2012,3.688
svn,sex_t,age_aggregate_y25_54,eco_aggregate_x,2013,3.144
svn,sex_t,age_aggregate_y25_54,eco_aggregate_x,2014,3.274
svn,sex_t,age_aggregate_y25_54,eco_aggregate_x,2015,7.292
svn,sex_t,age_aggregate_y25_54,eco_aggregate_x,2016,4.602
svn,sex_t,age_aggregate_y25_54,eco_aggregate_x,2017,3.424
svn,sex_t,age_aggregate_y25_54,eco_aggregate_x,2018,3.844
svn,sex_t,age_aggregate_y25_54,eco_aggregate_x,2019,3.016
svn,sex_t,age_aggregate_y25_54,eco_aggregate_x,2020,2.666
svn,sex_t,age_aggregate_y25_54,eco_aggregate_x,2021,3.072
svn,sex_t,age_aggregate_y25_54,eco_aggregate_x,2022,2.809
svn,sex_t,age_aggregate_y25_54,eco_aggregate_x,2023,2.624
svn,sex_t,age_aggregate_y25_54,eco_isic3_a,1996,11.398
svn,sex_t,age_aggregate_y25_54,eco_isic3_a,1997,10.228
svn,sex_t,age_aggregate_y25_54,eco_isic3_a,1998,7.968
svn,sex_t,age_aggregate_y25_54,eco_isic3_a,1999,6.594
svn,sex_t,age_aggregate_y25_54,eco_isic3_a,2000,8.23
svn,sex_t,age_aggregate_y25_54,eco_isic3_a,2001,7.002
svn,sex_t,age_aggregate_y25_54,eco_isic3_a,2002,9.583
svn,sex_t,age_aggregate_y25_54,eco_isic3_a,2003,8.938
svn,sex_t,age_aggregate_y25_54,eco_isic3_a,2004,10.892
svn,sex_t,age_aggregate_y25_54,eco_isic3_a,2005,8.381
svn,sex_t,age_aggregate_y25_54,eco_isic3_a,2006,9.391
svn,sex_t,age_aggregate_y25_54,eco_isic3_a,2007,10.845
svn,sex_t,age_aggregate_y25_54,eco_isic3_b,1999,0.458
svn,sex_t,age_aggregate_y25_54,eco_isic3_b,2005,0.15
svn,sex_t,age_aggregate_y25_54,eco_isic3_b,2007,0.216
svn,sex_t,age_aggregate_y25_54,eco_isic3_c,1996,8.556
svn,sex_t,age_aggregate_y25_54,eco_isic3_c,1997,6.149
svn,sex_t,age_aggregate_y25_54,eco_isic3_c,1998,7.313
svn,sex_t,age_aggregate_y25_54,eco_isic3_c,1999,5.979
svn,sex_t,age_aggregate_y25_54,eco_isic3_c,2000,7.019
svn,sex_t,age_aggregate_y25_54,eco_isic3_c,2001,5.298
svn,sex_t,age_aggregate_y25_54,eco_isic3_c,2002,3.301
svn,sex_t,age_aggregate_y25_54,eco_isic3_c,2003,5.263
svn,sex_t,age_aggregate_y25_54,eco_isic3_c,2004,5.618
svn,sex_t,age_aggregate_y25_54,eco_isic3_c,2005,5.788
svn,sex_t,age_aggregate_y25_54,eco_isic3_c,2006,5.08
svn,sex_t,age_aggregate_y25_54,eco_isic3_c,2007,4.032
svn,sex_t,age_aggregate_y25_54,eco_isic3_d,1996,234.599
svn,sex_t,age_aggregate_y25_54,eco_isic3_d,1997,232.752
svn,sex_t,age_aggregate_y25_54,eco_isic3_d,1998,231.64
svn,sex_t,age_aggregate_y25_54,eco_isic3_d,1999,220.28
svn,sex_t,age_aggregate_y25_54,eco_isic3_d,2000,221.212
svn,sex_t,age_aggregate_y25_54,eco_isic3_d,2001,225.838
svn,sex_t,age_aggregate_y25_54,eco_isic3_d,2002,232.056
svn,sex_t,age_aggregate_y25_54,eco_isic3_d,2003,221.728
svn,sex_t,age_aggregate_y25_54,eco_isic3_d,2004,219.851
svn,sex_t,age_aggregate_y25_54,eco_isic3_d,2005,223.06
svn,sex_t,age_aggregate_y25_54,eco_isic3_d,2006,211.584
svn,sex_t,age_aggregate_y25_54,eco_isic3_d,2007,211.992
svn,sex_t,age_aggregate_y25_54,eco_isic3_e,1996,10.554
svn,sex_t,age_aggregate_y25_54,eco_isic3_e,1997,10.258
svn,sex_t,age_aggregate_y25_54,eco_isic3_e,1998,6.938
svn,sex_t,age_aggregate_y25_54,eco_isic3_e,1999,7.062
svn,sex_t,age_aggregate_y25_54,eco_isic3_e,2000,8.762
svn,sex_t,age_aggregate_y25_54,eco_isic3_e,2001,9.757
svn,sex_t,age_aggregate_y25_54,eco_isic3_e,2002,9.196
svn,sex_t,age_aggregate_y25_54,eco_isic3_e,2003,7.397
svn,sex_t,age_aggregate_y25_54,eco_isic3_e,2004,7.842
svn,sex_t,age_aggregate_y25_54,eco_isic3_e,2005,7.644
svn,sex_t,age_aggregate_y25_54,eco_isic3_e,2006,8.371
svn,sex_t,age_aggregate_y25_54,eco_isic3_e,2007,8.637
svn,sex_t,age_aggregate_y25_54,eco_isic3_f,1996,31.196
svn,sex_t,age_aggregate_y25_54,eco_isic3_f,1997,36.492
svn,sex_t,age_aggregate_y25_54,eco_isic3_f,1998,33.7
svn,sex_t,age_aggregate_y25_54,eco_isic3_f,1999,28.777
svn,sex_t,age_aggregate_y25_54,eco_isic3_f,2000,32.868
svn,sex_t,age_aggregate_y25_54,eco_isic3_f,2001,38.083
svn,sex_t,age_aggregate_y25_54,eco_isic3_f,2002,36.002
svn,sex_t,age_aggregate_y25_54,eco_isic3_f,2003,37.742
svn,sex_t,age_aggregate_y25_54,eco_isic3_f,2004,36.988
svn,sex_t,age_aggregate_y25_54,eco_isic3_f,2005,38.722
svn,sex_t,age_aggregate_y25_54,eco_isic3_f,2006,35.33
svn,sex_t,age_aggregate_y25_54,eco_isic3_f,2007,36.992
svn,sex_t,age_aggregate_y25_54,eco_isic3_g,1996,69.086
svn,sex_t,age_aggregate_y25_54,eco_isic3_g,1997,67.88
svn,sex_t,age_aggregate_y25_54,eco_isic3_g,1998,74.556
svn,sex_t,age_aggregate_y25_54,eco_isic3_g,1999,76.622
svn,sex_t,age_aggregate_y25_54,eco_isic3_g,2000,86.774
svn,sex_t,age_aggregate_y25_54,eco_isic3_g,2001,84.194
svn,sex_t,age_aggregate_y25_54,eco_isic3_g,2002,87.105
svn,sex_t,age_aggregate_y25_54,eco_isic3_g,2003,91.152
svn,sex_t,age_aggregate_y25_54,eco_isic3_g,2004,87.102
svn,sex_t,age_aggregate_y25_54,eco_isic3_g,2005,84.899
svn,sex_t,age_aggregate_y25_54,eco_isic3_g,2006,89.359
svn,sex_t,age_aggregate_y25_54,eco_isic3_g,2007,87.749
svn,sex_t,age_aggregate_y25_54,eco_isic3_h,1996,18.608
svn,sex_t,age_aggregate_y25_54,eco_isic3_h,1997,22
svn,sex_t,age_aggregate_y25_54,eco_isic3_h,1998,22.375
svn,sex_t,age_aggregate_y25_54,eco_isic3_h,1999,18.358
svn,sex_t,age_aggregate_y25_54,eco_isic3_h,2000,20.178
svn,sex_t,age_aggregate_y25_54,eco_isic3_h,2001,20.19
svn,sex_t,age_aggregate_y25_54,eco_isic3_h,2002,23.019
svn,sex_t,age_aggregate_y25_54,eco_isic3_h,2003,21.816
svn,sex_t,age_aggregate_y25_54,eco_isic3_h,2004,23.095
svn,sex_t,age_aggregate_y25_54,eco_isic3_h,2005,24.994
svn,sex_t,age_aggregate_y25_54,eco_isic3_h,2006,23.277
svn,sex_t,age_aggregate_y25_54,eco_isic3_h,2007,25.408
svn,sex_t,age_aggregate_y25_54,eco_isic3_i,1996,36.067
svn,sex_t,age_aggregate_y25_54,eco_isic3_i,1997,36.358
svn,sex_t,age_aggregate_y25_54,eco_isic3_i,1998,34.554
svn,sex_t,age_aggregate_y25_54,eco_isic3_i,1999,38.708
svn,sex_t,age_aggregate_y25_54,eco_isic3_i,2000,46.046
svn,sex_t,age_aggregate_y25_54,eco_isic3_i,2001,44.847
svn,sex_t,age_aggregate_y25_54,eco_isic3_i,2002,39.982
svn,sex_t,age_aggregate_y25_54,eco_isic3_i,2003,46.489
svn,sex_t,age_aggregate_y25_54,eco_isic3_i,2004,42.192
svn,sex_t,age_aggregate_y25_54,eco_isic3_i,2005,41.299
svn,sex_t,age_aggregate_y25_54,eco_isic3_i,2006,39.262
svn,sex_t,age_aggregate_y25_54,eco_isic3_i,2007,43.675
svn,sex_t,age_aggregate_y25_54,eco_isic3_j,1996,16.425
svn,sex_t,age_aggregate_y25_54,eco_isic3_j,1997,17.363
svn,sex_t,age_aggregate_y25_54,eco_isic3_j,1998,14.518
svn,sex_t,age_aggregate_y25_54,eco_isic3_j,1999,17.875
svn,sex_t,age_aggregate_y25_54,eco_isic3_j,2000,19.473
svn,sex_t,age_aggregate_y25_54,eco_isic3_j,2001,20.899
svn,sex_t,age_aggregate_y25_54,eco_isic3_j,2002,18.717
svn,sex_t,age_aggregate_y25_54,eco_isic3_j,2003,19.578
svn,sex_t,age_aggregate_y25_54,eco_isic3_j,2004,18.691
svn,sex_t,age_aggregate_y25_54,eco_isic3_j,2005,19.853
svn,sex_t,age_aggregate_y25_54,eco_isic3_j,2006,19.265
svn,sex_t,age_aggregate_y25_54,eco_isic3_j,2007,20.593
svn,sex_t,age_aggregate_y25_54,eco_isic3_k,1996,21.606
svn,sex_t,age_aggregate_y25_54,eco_isic3_k,1997,25.591
svn,sex_t,age_aggregate_y25_54,eco_isic3_k,1998,29.216
svn,sex_t,age_aggregate_y25_54,eco_isic3_k,1999,31.294
svn,sex_t,age_aggregate_y25_54,eco_isic3_k,2000,27.388
svn,sex_t,age_aggregate_y25_54,eco_isic3_k,2001,29.062
svn,sex_t,age_aggregate_y25_54,eco_isic3_k,2002,29.598
svn,sex_t,age_aggregate_y25_54,eco_isic3_k,2003,36.864
svn,sex_t,age_aggregate_y25_54,eco_isic3_k,2004,39.649
svn,sex_t,age_aggregate_y25_54,eco_isic3_k,2005,41.13
svn,sex_t,age_aggregate_y25_54,eco_isic3_k,2006,43.028
svn,sex_t,age_aggregate_y25_54,eco_isic3_k,2007,45.574
svn,sex_t,age_aggregate_y25_54,eco_isic3_l,1996,34.645
svn,sex_t,age_aggregate_y25_54,eco_isic3_l,1997,30.582
svn,sex_t,age_aggregate_y25_54,eco_isic3_l,1998,36.072
svn,sex_t,age_aggregate_y25_54,eco_isic3_l,1999,42.95
svn,sex_t,age_aggregate_y25_54,eco_isic3_l,2000,45.531
svn,sex_t,age_aggregate_y25_54,eco_isic3_l,2001,42.251
svn,sex_t,age_aggregate_y25_54,eco_isic3_l,2002,43.802
svn,sex_t,age_aggregate_y25_54,eco_isic3_l,2003,43.427
svn,sex_t,age_aggregate_y25_54,eco_isic3_l,2004,47.663
svn,sex_t,age_aggregate_y25_54,eco_isic3_l,2005,50.057
svn,sex_t,age_aggregate_y25_54,eco_isic3_l,2006,48.578
svn,sex_t,age_aggregate_y25_54,eco_isic3_l,2007,47.31
svn,sex_t,age_aggregate_y25_54,eco_isic3_m,1996,49.049
svn,sex_t,age_aggregate_y25_54,eco_isic3_m,1997,45.934
svn,sex_t,age_aggregate_y25_54,eco_isic3_m,1998,51.283
svn,sex_t,age_aggregate_y25_54,eco_isic3_m,1999,51.134
svn,sex_t,age_aggregate_y25_54,eco_isic3_m,2000,51.37
svn,sex_t,age_aggregate_y25_54,eco_isic3_m,2001,55.319
svn,sex_t,age_aggregate_y25_54,eco_isic3_m,2002,54.639
svn,sex_t,age_aggregate_y25_54,eco_isic3_m,2003,54.048
svn,sex_t,age_aggregate_y25_54,eco_isic3_m,2004,56.355
svn,sex_t,age_aggregate_y25_54,eco_isic3_m,2005,63.752
svn,sex_t,age_aggregate_y25_54,eco_isic3_m,2006,66.211
svn,sex_t,age_aggregate_y25_54,eco_isic3_m,2007,65.746
svn,sex_t,age_aggregate_y25_54,eco_isic3_n,1996,36.706
svn,sex_t,age_aggregate_y25_54,eco_isic3_n,1997,33.544
svn,sex_t,age_aggregate_y25_54,eco_isic3_n,1998,34.672
svn,sex_t,age_aggregate_y25_54,eco_isic3_n,1999,37.93
svn,sex_t,age_aggregate_y25_54,eco_isic3_n,2000,41.263
svn,sex_t,age_aggregate_y25_54,eco_isic3_n,2001,40.291
svn,sex_t,age_aggregate_y25_54,eco_isic3_n,2002,43.885
svn,sex_t,age_aggregate_y25_54,eco_isic3_n,2003,40.809
svn,sex_t,age_aggregate_y25_54,eco_isic3_n,2004,41.469
svn,sex_t,age_aggregate_y25_54,eco_isic3_n,2005,42.692
svn,sex_t,age_aggregate_y25_54,eco_isic3_n,2006,46.96
svn,sex_t,age_aggregate_y25_54,eco_isic3_n,2007,46.26
svn,sex_t,age_aggregate_y25_54,eco_isic3_o,1996,19.485
svn,sex_t,age_aggregate_y25_54,eco_isic3_o,1997,20.232
svn,sex_t,age_aggregate_y25_54,eco_isic3_o,1998,21.019
svn,sex_t,age_aggregate_y25_54,eco_isic3_o,1999,24.155
svn,sex_t,age_aggregate_y25_54,eco_isic3_o,2000,23.178
svn,sex_t,age_aggregate_y25_54,eco_isic3_o,2001,22.398
svn,sex_t,age_aggregate_y25_54,eco_isic3_o,2002,20.979
svn,sex_t,age_aggregate_y25_54,eco_isic3_o,2003,24.698
svn,sex_t,age_aggregate_y25_54,eco_isic3_o,2004,27.327
svn,sex_t,age_aggregate_y25_54,eco_isic3_o,2005,23.35
svn,sex_t,age_aggregate_y25_54,eco_isic3_o,2006,24.849
svn,sex_t,age_aggregate_y25_54,eco_isic3_o,2007,25.574
svn,sex_t,age_aggregate_y25_54,eco_isic3_p,1996,0.307
svn,sex_t,age_aggregate_y25_54,eco_isic3_p,1997,1.084
svn,sex_t,age_aggregate_y25_54,eco_isic3_p,2005,0.325
svn,sex_t,age_aggregate_y25_54,eco_isic3_p,2006,0.3
svn,sex_t,age_aggregate_y25_54,eco_isic3_p,2007,0.236
svn,sex_t,age_aggregate_y25_54,eco_isic3_total,1996,599.243
svn,sex_t,age_aggregate_y25_54,eco_isic3_total,1997,598.09
svn,sex_t,age_aggregate_y25_54,eco_isic3_total,1998,608.954
svn,sex_t,age_aggregate_y25_54,eco_isic3_total,1999,610.513
svn,sex_t,age_aggregate_y25_54,eco_isic3_total,2000,642.863
svn,sex_t,age_aggregate_y25_54,eco_isic3_total,2001,652.698
svn,sex_t,age_aggregate_y25_54,eco_isic3_total,2002,656.428
svn,sex_t,age_aggregate_y25_54,eco_isic3_total,2003,663.766
svn,sex_t,age_aggregate_y25_54,eco_isic3_total,2004,671.543
svn,sex_t,age_aggregate_y25_54,eco_isic3_total,2005,678.871
svn,sex_t,age_aggregate_y25_54,eco_isic3_total,2006,673.717
svn,sex_t,age_aggregate_y25_54,eco_isic3_total,2007,686.824
svn,sex_t,age_aggregate_y25_54,eco_isic3_x,1996,0.731
svn,sex_t,age_aggregate_y25_54,eco_isic3_x,1997,1.464
svn,sex_t,age_aggregate_y25_54,eco_isic3_x,1998,2.668
svn,sex_t,age_aggregate_y25_54,eco_isic3_x,1999,2.061
svn,sex_t,age_aggregate_y25_54,eco_isic3_x,2000,3.447
svn,sex_t,age_aggregate_y25_54,eco_isic3_x,2001,6.485
svn,sex_t,age_aggregate_y25_54,eco_isic3_x,2002,4.227
svn,sex_t,age_aggregate_y25_54,eco_isic3_x,2003,3.484
svn,sex_t,age_aggregate_y25_54,eco_isic3_x,2004,6.251
svn,sex_t,age_aggregate_y25_54,eco_isic3_x,2005,2.774
svn,sex_t,age_aggregate_y25_54,eco_isic3_x,2006,2.809
svn,sex_t,age_aggregate_y25_54,eco_isic3_x,2007,5.94
svn,sex_t,age_aggregate_y25_54,eco_isic4_a,2008,10.081
svn,sex_t,age_aggregate_y25_54,eco_isic4_a,2009,8.184
svn,sex_t,age_aggregate_y25_54,eco_isic4_a,2010,7.771
svn,sex_t,age_aggregate_y25_54,eco_isic4_a,2011,8.399
svn,sex_t,age_aggregate_y25_54,eco_isic4_a,2012,8.475
svn,sex_t,age_aggregate_y25_54,eco_isic4_a,2013,7.002
svn,sex_t,age_aggregate_y25_54,eco_isic4_a,2014,7.3
svn,sex_t,age_aggregate_y25_54,eco_isic4_a,2015,7.269
svn,sex_t,age_aggregate_y25_54,eco_isic4_a,2016,6.648
svn,sex_t,age_aggregate_y25_54,eco_isic4_a,2017,7.555
svn,sex_t,age_aggregate_y25_54,eco_isic4_a,2018,5.98
svn,sex_t,age_aggregate_y25_54,eco_isic4_a,2019,4.779
svn,sex_t,age_aggregate_y25_54,eco_isic4_a,2020,4.972
svn,sex_t,age_aggregate_y25_54,eco_isic4_a,2021,5.032
svn,sex_t,age_aggregate_y25_54,eco_isic4_a,2022,5.592
svn,sex_t,age_aggregate_y25_54,eco_isic4_a,2023,4.665
svn,sex_t,age_aggregate_y25_54,eco_isic4_b,2008,3.417
svn,sex_t,age_aggregate_y25_54,eco_isic4_b,2009,3.608
svn,sex_t,age_aggregate_y25_54,eco_isic4_b,2010,3.85
svn,sex_t,age_aggregate_y25_54,eco_isic4_b,2011,4.64
svn,sex_t,age_aggregate_y25_54,eco_isic4_b,2012,3.633
svn,sex_t,age_aggregate_y25_54,eco_isic4_b,2013,3.683
svn,sex_t,age_aggregate_y25_54,eco_isic4_b,2014,2.72
svn,sex_t,age_aggregate_y25_54,eco_isic4_b,2015,2.775
svn,sex_t,age_aggregate_y25_54,eco_isic4_b,2016,2.593
svn,sex_t,age_aggregate_y25_54,eco_isic4_b,2017,2.177
svn,sex_t,age_aggregate_y25_54,eco_isic4_b,2018,2.418
svn,sex_t,age_aggregate_y25_54,eco_isic4_b,2019,3.258
svn,sex_t,age_aggregate_y25_54,eco_isic4_b,2020,3.109
svn,sex_t,age_aggregate_y25_54,eco_isic4_b,2021,1.826
svn,sex_t,age_aggregate_y25_54,eco_isic4_b,2022,1.95
svn,sex_t,age_aggregate_y25_54,eco_isic4_b,2023,2.438
svn,sex_t,age_aggregate_y25_54,eco_isic4_c,2008,210.257
svn,sex_t,age_aggregate_y25_54,eco_isic4_c,2009,193.716
svn,sex_t,age_aggregate_y25_54,eco_isic4_c,2010,185.186
svn,sex_t,age_aggregate_y25_54,eco_isic4_c,2011,174.301
svn,sex_t,age_aggregate_y25_54,eco_isic4_c,2012,166.403
svn,sex_t,age_aggregate_y25_54,eco_isic4_c,2013,162.905
svn,sex_t,age_aggregate_y25_54,eco_isic4_c,2014,162.417
svn,sex_t,age_aggregate_y25_54,eco_isic4_c,2015,166.316
svn,sex_t,age_aggregate_y25_54,eco_isic4_c,2016,178.456
svn,sex_t,age_aggregate_y25_54,eco_isic4_c,2017,181.501
svn,sex_t,age_aggregate_y25_54,eco_isic4_c,2018,186.808
svn,sex_t,age_aggregate_y25_54,eco_isic4_c,2019,192.619
svn,sex_t,age_aggregate_y25_54,eco_isic4_c,2020,188.143
svn,sex_t,age_aggregate_y25_54,eco_isic4_c,2021,157.619
svn,sex_t,age_aggregate_y25_54,eco_isic4_c,2022,159.215
svn,sex_t,age_aggregate_y25_54,eco_isic4_c,2023,162.925
svn,sex_t,age_aggregate_y25_54,eco_isic4_d,2008,7.824
svn,sex_t,age_aggregate_y25_54,eco_isic4_d,2009,6.157
svn,sex_t,age_aggregate_y25_54,eco_isic4_d,2010,5.774
svn,sex_t,age_aggregate_y25_54,eco_isic4_d,2011,7.159
svn,sex_t,age_aggregate_y25_54,eco_isic4_d,2012,7.141
svn,sex_t,age_aggregate_y25_54,eco_isic4_d,2013,7.383
svn,sex_t,age_aggregate_y25_54,eco_isic4_d,2014,9.453
svn,sex_t,age_aggregate_y25_54,eco_isic4_d,2015,8.14
svn,sex_t,age_aggregate_y25_54,eco_isic4_d,2016,6.267
svn,sex_t,age_aggregate_y25_54,eco_isic4_d,2017,6.582
svn,sex_t,age_aggregate_y25_54,eco_isic4_d,2018,6.934
svn,sex_t,age_aggregate_y25_54,eco_isic4_d,2019,7.621
svn,sex_t,age_aggregate_y25_54,eco_isic4_d,2020,8.615
svn,sex_t,age_aggregate_y25_54,eco_isic4_d,2021,7.363
svn,sex_t,age_aggregate_y25_54,eco_isic4_d,2022,6.907
svn,sex_t,age_aggregate_y25_54,eco_isic4_d,2023,6.503
svn,sex_t,age_aggregate_y25_54,eco_isic4_e,2008,6.429
svn,sex_t,age_aggregate_y25_54,eco_isic4_e,2009,8.368
svn,sex_t,age_aggregate_y25_54,eco_isic4_e,2010,8.521
svn,sex_t,age_aggregate_y25_54,eco_isic4_e,2011,8.328
svn,sex_t,age_aggregate_y25_54,eco_isic4_e,2012,8.073
svn,sex_t,age_aggregate_y25_54,eco_isic4_e,2013,7.239
svn,sex_t,age_aggregate_y25_54,eco_isic4_e,2014,7.614
svn,sex_t,age_aggregate_y25_54,eco_isic4_e,2015,7.194
svn,sex_t,age_aggregate_y25_54,eco_isic4_e,2016,7.321
svn,sex_t,age_aggregate_y25_54,eco_isic4_e,2017,7.862
svn,sex_t,age_aggregate_y25_54,eco_isic4_e,2018,9.988
svn,sex_t,age_aggregate_y25_54,eco_isic4_e,2019,8.546
svn,sex_t,age_aggregate_y25_54,eco_isic4_e,2020,8.194
svn,sex_t,age_aggregate_y25_54,eco_isic4_e,2021,8.426
svn,sex_t,age_aggregate_y25_54,eco_isic4_e,2022,10.016
svn,sex_t,age_aggregate_y25_54,eco_isic4_e,2023,11.336
svn,sex_t,age_aggregate_y25_54,eco_isic4_f,2008,43.188
svn,sex_t,age_aggregate_y25_54,eco_isic4_f,2009,39.059
svn,sex_t,age_aggregate_y25_54,eco_isic4_f,2010,35.615
svn,sex_t,age_aggregate_y25_54,eco_isic4_f,2011,34.286
svn,sex_t,age_aggregate_y25_54,eco_isic4_f,2012,35.204
svn,sex_t,age_aggregate_y25_54,eco_isic4_f,2013,34.848
svn,sex_t,age_aggregate_y25_54,eco_isic4_f,2014,32.879
svn,sex_t,age_aggregate_y25_54,eco_isic4_f,2015,33.231
svn,sex_t,age_aggregate_y25_54,eco_isic4_f,2016,32.149
svn,sex_t,age_aggregate_y25_54,eco_isic4_f,2017,34.678
svn,sex_t,age_aggregate_y25_54,eco_isic4_f,2018,32.777
svn,sex_t,age_aggregate_y25_54,eco_isic4_f,2019,34.393
svn,sex_t,age_aggregate_y25_54,eco_isic4_f,2020,35.846
svn,sex_t,age_aggregate_y25_54,eco_isic4_f,2021,30.707
svn,sex_t,age_aggregate_y25_54,eco_isic4_f,2022,31.19
svn,sex_t,age_aggregate_y25_54,eco_isic4_f,2023,35.996
svn,sex_t,age_aggregate_y25_54,eco_isic4_g,2008,90.871
svn,sex_t,age_aggregate_y25_54,eco_isic4_g,2009,89.033
svn,sex_t,age_aggregate_y25_54,eco_isic4_g,2010,83.879
svn,sex_t,age_aggregate_y25_54,eco_isic4_g,2011,81.885
svn,sex_t,age_aggregate_y25_54,eco_isic4_g,2012,85.649
svn,sex_t,age_aggregate_y25_54,eco_isic4_g,2013,87.565
svn,sex_t,age_aggregate_y25_54,eco_isic4_g,2014,80.274
svn,sex_t,age_aggregate_y25_54,eco_isic4_g,2015,79.135
svn,sex_t,age_aggregate_y25_54,eco_isic4_g,2016,85.519
svn,sex_t,age_aggregate_y25_54,eco_isic4_g,2017,84.343
svn,sex_t,age_aggregate_y25_54,eco_isic4_g,2018,83.835
svn,sex_t,age_aggregate_y25_54,eco_isic4_g,2019,87.156
svn,sex_t,age_aggregate_y25_54,eco_isic4_g,2020,82.436
svn,sex_t,age_aggregate_y25_54,eco_isic4_g,2021,81.89
svn,sex_t,age_aggregate_y25_54,eco_isic4_g,2022,80.28
svn,sex_t,age_aggregate_y25_54,eco_isic4_g,2023,86.921
svn,sex_t,age_aggregate_y25_54,eco_isic4_h,2008,42.569
svn,sex_t,age_aggregate_y25_54,eco_isic4_h,2009,42.962
svn,sex_t,age_aggregate_y25_54,eco_isic4_h,2010,37.517
svn,sex_t,age_aggregate_y25_54,eco_isic4_h,2011,38.424
svn,sex_t,age_aggregate_y25_54,eco_isic4_h,2012,37.397
svn,sex_t,age_aggregate_y25_54,eco_isic4_h,2013,35.672
svn,sex_t,age_aggregate_y25_54,eco_isic4_h,2014,30.894
svn,sex_t,age_aggregate_y25_54,eco_isic4_h,2015,32.764
svn,sex_t,age_aggregate_y25_54,eco_isic4_h,2016,32.788
svn,sex_t,age_aggregate_y25_54,eco_isic4_h,2017,34.066
svn,sex_t,age_aggregate_y25_54,eco_isic4_h,2018,37.89
svn,sex_t,age_aggregate_y25_54,eco_isic4_h,2019,36.91
svn,sex_t,age_aggregate_y25_54,eco_isic4_h,2020,36.708
svn,sex_t,age_aggregate_y25_54,eco_isic4_h,2021,33.161
svn,sex_t,age_aggregate_y25_54,eco_isic4_h,2022,32.283
svn,sex_t,age_aggregate_y25_54,eco_isic4_h,2023,31.269
svn,sex_t,age_aggregate_y25_54,eco_isic4_i,2008,25.17
svn,sex_t,age_aggregate_y25_54,eco_isic4_i,2009,22.429
svn,sex_t,age_aggregate_y25_54,eco_isic4_i,2010,28.177
svn,sex_t,age_aggregate_y25_54,eco_isic4_i,2011,28.195
svn,sex_t,age_aggregate_y25_54,eco_isic4_i,2012,24.767
svn,sex_t,age_aggregate_y25_54,eco_isic4_i,2013,24.097
svn,sex_t,age_aggregate_y25_54,eco_isic4_i,2014,26.48
svn,sex_t,age_aggregate_y25_54,eco_isic4_i,2015,27.937
svn,sex_t,age_aggregate_y25_54,eco_isic4_i,2016,24.384
svn,sex_t,age_aggregate_y25_54,eco_isic4_i,2017,27.211
svn,sex_t,age_aggregate_y25_54,eco_isic4_i,2018,26.366
svn,sex_t,age_aggregate_y25_54,eco_isic4_i,2019,24.221
svn,sex_t,age_aggregate_y25_54,eco_isic4_i,2020,19.792
svn,sex_t,age_aggregate_y25_54,eco_isic4_i,2021,16.167
svn,sex_t,age_aggregate_y25_54,eco_isic4_i,2022,22.158
svn,sex_t,age_aggregate_y25_54,eco_isic4_i,2023,24.043
svn,sex_t,age_aggregate_y25_54,eco_isic4_j,2008,20.866
svn,sex_t,age_aggregate_y25_54,eco_isic4_j,2009,21.137
svn,sex_t,age_aggregate_y25_54,eco_isic4_j,2010,23.139
svn,sex_t,age_aggregate_y25_54,eco_isic4_j,2011,23.725
svn,sex_t,age_aggregate_y25_54,eco_isic4_j,2012,21.234
svn,sex_t,age_aggregate_y25_54,eco_isic4_j,2013,21.319
svn,sex_t,age_aggregate_y25_54,eco_isic4_j,2014,22.455
svn,sex_t,age_aggregate_y25_54,eco_isic4_j,2015,24.739
svn,sex_t,age_aggregate_y25_54,eco_isic4_j,2016,22.91
svn,sex_t,age_aggregate_y25_54,eco_isic4_j,2017,23.824
svn,sex_t,age_aggregate_y25_54,eco_isic4_j,2018,22.556
svn,sex_t,age_aggregate_y25_54,eco_isic4_j,2019,22.98
svn,sex_t,age_aggregate_y25_54,eco_isic4_j,2020,28.909
svn,sex_t,age_aggregate_y25_54,eco_isic4_j,2021,25
svn,sex_t,age_aggregate_y25_54,eco_isic4_j,2022,24.102
svn,sex_t,age_aggregate_y25_54,eco_isic4_j,2023,21.142
svn,sex_t,age_aggregate_y25_54,eco_isic4_k,2008,20.685
svn,sex_t,age_aggregate_y25_54,eco_isic4_k,2009,22.951
svn,sex_t,age_aggregate_y25_54,eco_isic4_k,2010,21.222
svn,sex_t,age_aggregate_y25_54,eco_isic4_k,2011,24.45
svn,sex_t,age_aggregate_y25_54,eco_isic4_k,2012,25.73
svn,sex_t,age_aggregate_y25_54,eco_isic4_k,2013,21.098
svn,sex_t,age_aggregate_y25_54,eco_isic4_k,2014,20.182
svn,sex_t,age_aggregate_y25_54,eco_isic4_k,2015,19.339
svn,sex_t,age_aggregate_y25_54,eco_isic4_k,2016,18.24
svn,sex_t,age_aggregate_y25_54,eco_isic4_k,2017,17.145
svn,sex_t,age_aggregate_y25_54,eco_isic4_k,2018,19.349
svn,sex_t,age_aggregate_y25_54,eco_isic4_k,2019,20.832
svn,sex_t,age_aggregate_y25_54,eco_isic4_k,2020,23.035
svn,sex_t,age_aggregate_y25_54,eco_isic4_k,2021,18.245
svn,sex_t,age_aggregate_y25_54,eco_isic4_k,2022,16.931
svn,sex_t,age_aggregate_y25_54,eco_isic4_k,2023,14.843
svn,sex_t,age_aggregate_y25_54,eco_isic4_l,2008,1.645
svn,sex_t,age_aggregate_y25_54,eco_isic4_l,2009,1.457
svn,sex_t,age_aggregate_y25_54,eco_isic4_l,2010,1.294
svn,sex_t,age_aggregate_y25_54,eco_isic4_l,2011,2.246
svn,sex_t,age_aggregate_y25_54,eco_isic4_l,2012,1.901
svn,sex_t,age_aggregate_y25_54,eco_isic4_l,2013,2.722
svn,sex_t,age_aggregate_y25_54,eco_isic4_l,2014,2.352
svn,sex_t,age_aggregate_y25_54,eco_isic4_l,2015,1.282
svn,sex_t,age_aggregate_y25_54,eco_isic4_l,2016,1.058
svn,sex_t,age_aggregate_y25_54,eco_isic4_l,2017,1.815
svn,sex_t,age_aggregate_y25_54,eco_isic4_l,2018,1.92
svn,sex_t,age_aggregate_y25_54,eco_isic4_l,2019,1.062
svn,sex_t,age_aggregate_y25_54,eco_isic4_l,2020,1.682
svn,sex_t,age_aggregate_y25_54,eco_isic4_l,2021,2.787
svn,sex_t,age_aggregate_y25_54,eco_isic4_l,2022,2.602
svn,sex_t,age_aggregate_y25_54,eco_isic4_l,2023,2.037
svn,sex_t,age_aggregate_y25_54,eco_isic4_m,2008,25.506
svn,sex_t,age_aggregate_y25_54,eco_isic4_m,2009,27.028
svn,sex_t,age_aggregate_y25_54,eco_isic4_m,2010,25.336
svn,sex_t,age_aggregate_y25_54,eco_isic4_m,2011,23.883
svn,sex_t,age_aggregate_y25_54,eco_isic4_m,2012,27.995
svn,sex_t,age_aggregate_y25_54,eco_isic4_m,2013,26.525
svn,sex_t,age_aggregate_y25_54,eco_isic4_m,2014,25.564
svn,sex_t,age_aggregate_y25_54,eco_isic4_m,2015,23.404
svn,sex_t,age_aggregate_y25_54,eco_isic4_m,2016,22.726
svn,sex_t,age_aggregate_y25_54,eco_isic4_m,2017,25.677
svn,sex_t,age_aggregate_y25_54,eco_isic4_m,2018,24.566
svn,sex_t,age_aggregate_y25_54,eco_isic4_m,2019,24.803
svn,sex_t,age_aggregate_y25_54,eco_isic4_m,2020,27.95
svn,sex_t,age_aggregate_y25_54,eco_isic4_m,2021,39.906
svn,sex_t,age_aggregate_y25_54,eco_isic4_m,2022,36.425
svn,sex_t,age_aggregate_y25_54,eco_isic4_m,2023,33.926
svn,sex_t,age_aggregate_y25_54,eco_isic4_n,2008,16.092
svn,sex_t,age_aggregate_y25_54,eco_isic4_n,2009,16.28
svn,sex_t,age_aggregate_y25_54,eco_isic4_n,2010,15.668
svn,sex_t,age_aggregate_y25_54,eco_isic4_n,2011,13.957
svn,sex_t,age_aggregate_y25_54,eco_isic4_n,2012,17.172
svn,sex_t,age_aggregate_y25_54,eco_isic4_n,2013,15.714
svn,sex_t,age_aggregate_y25_54,eco_isic4_n,2014,16.096
svn,sex_t,age_aggregate_y25_54,eco_isic4_n,2015,13.421
svn,sex_t,age_aggregate_y25_54,eco_isic4_n,2016,16.087
svn,sex_t,age_aggregate_y25_54,eco_isic4_n,2017,16.562
svn,sex_t,age_aggregate_y25_54,eco_isic4_n,2018,15.689
svn,sex_t,age_aggregate_y25_54,eco_isic4_n,2019,15.952
svn,sex_t,age_aggregate_y25_54,eco_isic4_n,2020,15.788
svn,sex_t,age_aggregate_y25_54,eco_isic4_n,2021,18.872
svn,sex_t,age_aggregate_y25_54,eco_isic4_n,2022,20.378
svn,sex_t,age_aggregate_y25_54,eco_isic4_n,2023,22.952
svn,sex_t,age_aggregate_y25_54,eco_isic4_o,2008,49.414
svn,sex_t,age_aggregate_y25_54,eco_isic4_o,2009,51.535
svn,sex_t,age_aggregate_y25_54,eco_isic4_o,2010,50.942
svn,sex_t,age_aggregate_y25_54,eco_isic4_o,2011,51.496
svn,sex_t,age_aggregate_y25_54,eco_isic4_o,2012,52.895
svn,sex_t,age_aggregate_y25_54,eco_isic4_o,2013,47.064
svn,sex_t,age_aggregate_y25_54,eco_isic4_o,2014,49.398
svn,sex_t,age_aggregate_y25_54,eco_isic4_o,2015,47.295
svn,sex_t,age_aggregate_y25_54,eco_isic4_o,2016,46.876
svn,sex_t,age_aggregate_y25_54,eco_isic4_o,2017,48.372
svn,sex_t,age_aggregate_y25_54,eco_isic4_o,2018,45.264
svn,sex_t,age_aggregate_y25_54,eco_isic4_o,2019,45.906
svn,sex_t,age_aggregate_y25_54,eco_isic4_o,2020,44.642
svn,sex_t,age_aggregate_y25_54,eco_isic4_o,2021,47.207
svn,sex_t,age_aggregate_y25_54,eco_isic4_o,2022,45.097
svn,sex_t,age_aggregate_y25_54,eco_isic4_o,2023,41.16
svn,sex_t,age_aggregate_y25_54,eco_isic4_p,2008,65.343
svn,sex_t,age_aggregate_y25_54,eco_isic4_p,2009,61.743
svn,sex_t,age_aggregate_y25_54,eco_isic4_p,2010,63.174
svn,sex_t,age_aggregate_y25_54,eco_isic4_p,2011,64.781
svn,sex_t,age_aggregate_y25_54,eco_isic4_p,2012,67.024
svn,sex_t,age_aggregate_y25_54,eco_isic4_p,2013,64.279
svn,sex_t,age_aggregate_y25_54,eco_isic4_p,2014,63.293
svn,sex_t,age_aggregate_y25_54,eco_isic4_p,2015,65.388
svn,sex_t,age_aggregate_y25_54,eco_isic4_p,2016,63.226
svn,sex_t,age_aggregate_y25_54,eco_isic4_p,2017,65.451
svn,sex_t,age_aggregate_y25_54,eco_isic4_p,2018,61.929
svn,sex_t,age_aggregate_y25_54,eco_isic4_p,2019,62.651
svn,sex_t,age_aggregate_y25_54,eco_isic4_p,2020,66.897
svn,sex_t,age_aggregate_y25_54,eco_isic4_p,2021,69.048
svn,sex_t,age_aggregate_y25_54,eco_isic4_p,2022,69.771
svn,sex_t,age_aggregate_y25_54,eco_isic4_p,2023,62.315
svn,sex_t,age_aggregate_y25_54,eco_isic4_q,2008,46.704
svn,sex_t,age_aggregate_y25_54,eco_isic4_q,2009,43.76
svn,sex_t,age_aggregate_y25_54,eco_isic4_q,2010,45.124
svn,sex_t,age_aggregate_y25_54,eco_isic4_q,2011,44.296
svn,sex_t,age_aggregate_y25_54,eco_isic4_q,2012,42.474
svn,sex_t,age_aggregate_y25_54,eco_isic4_q,2013,44.852
svn,sex_t,age_aggregate_y25_54,eco_isic4_q,2014,45.697
svn,sex_t,age_aggregate_y25_54,eco_isic4_q,2015,47.679
svn,sex_t,age_aggregate_y25_54,eco_isic4_q,2016,53.013
svn,sex_t,age_aggregate_y25_54,eco_isic4_q,2017,50.757
svn,sex_t,age_aggregate_y25_54,eco_isic4_q,2018,50.696
svn,sex_t,age_aggregate_y25_54,eco_isic4_q,2019,51.799
svn,sex_t,age_aggregate_y25_54,eco_isic4_q,2020,53.144
svn,sex_t,age_aggregate_y25_54,eco_isic4_q,2021,58.715
svn,sex_t,age_aggregate_y25_54,eco_isic4_q,2022,58.455
svn,sex_t,age_aggregate_y25_54,eco_isic4_q,2023,56.2
svn,sex_t,age_aggregate_y25_54,eco_isic4_r,2008,11.77
svn,sex_t,age_aggregate_y25_54,eco_isic4_r,2009,11.386
svn,sex_t,age_aggregate_y25_54,eco_isic4_r,2010,11.375
svn,sex_t,age_aggregate_y25_54,eco_isic4_r,2011,10.812
svn,sex_t,age_aggregate_y25_54,eco_isic4_r,2012,9.865
svn,sex_t,age_aggregate_y25_54,eco_isic4_r,2013,10.9
svn,sex_t,age_aggregate_y25_54,eco_isic4_r,2014,11.466
svn,sex_t,age_aggregate_y25_54,eco_isic4_r,2015,11.263
svn,sex_t,age_aggregate_y25_54,eco_isic4_r,2016,7.991
svn,sex_t,age_aggregate_y25_54,eco_isic4_r,2017,9.203
svn,sex_t,age_aggregate_y25_54,eco_isic4_r,2018,9.908
svn,sex_t,age_aggregate_y25_54,eco_isic4_r,2019,11.961
svn,sex_t,age_aggregate_y25_54,eco_isic4_r,2020,10.997
svn,sex_t,age_aggregate_y25_54,eco_isic4_r,2021,9.934
svn,sex_t,age_aggregate_y25_54,eco_isic4_r,2022,10.836
svn,sex_t,age_aggregate_y25_54,eco_isic4_r,2023,8.93
svn,sex_t,age_aggregate_y25_54,eco_isic4_s,2008,6.755
svn,sex_t,age_aggregate_y25_54,eco_isic4_s,2009,7.665
svn,sex_t,age_aggregate_y25_54,eco_isic4_s,2010,7.99
svn,sex_t,age_aggregate_y25_54,eco_isic4_s,2011,6.777
svn,sex_t,age_aggregate_y25_54,eco_isic4_s,2012,7.285
svn,sex_t,age_aggregate_y25_54,eco_isic4_s,2013,7.293
svn,sex_t,age_aggregate_y25_54,eco_isic4_s,2014,7.571
svn,sex_t,age_aggregate_y25_54,eco_isic4_s,2015,6.937
svn,sex_t,age_aggregate_y25_54,eco_isic4_s,2016,6.868
svn,sex_t,age_aggregate_y25_54,eco_isic4_s,2017,7.605
svn,sex_t,age_aggregate_y25_54,eco_isic4_s,2018,6.76
svn,sex_t,age_aggregate_y25_54,eco_isic4_s,2019,6.57
svn,sex_t,age_aggregate_y25_54,eco_isic4_s,2020,7.678
svn,sex_t,age_aggregate_y25_54,eco_isic4_s,2021,8.597
svn,sex_t,age_aggregate_y25_54,eco_isic4_s,2022,8.813
svn,sex_t,age_aggregate_y25_54,eco_isic4_s,2023,8.812
svn,sex_t,age_aggregate_y25_54,eco_isic4_t,2008,0.577
svn,sex_t,age_aggregate_y25_54,eco_isic4_t,2010,0.15
svn,sex_t,age_aggregate_y25_54,eco_isic4_t,2011,0.152
svn,sex_t,age_aggregate_y25_54,eco_isic4_t,2021,0.388
svn,sex_t,age_aggregate_y25_54,eco_isic4_t,2022,0.43
svn,sex_t,age_aggregate_y25_54,eco_isic4_t,2023,0.486
svn,sex_t,age_aggregate_y25_54,eco_isic4_total,2008,708.137
svn,sex_t,age_aggregate_y25_54,eco_isic4_total,2009,681.691
svn,sex_t,age_aggregate_y25_54,eco_isic4_total,2010,663.804
svn,sex_t,age_aggregate_y25_54,eco_isic4_total,2011,655.281
svn,sex_t,age_aggregate_y25_54,eco_isic4_total,2012,654.155
svn,sex_t,age_aggregate_y25_54,eco_isic4_total,2013,635.381
svn,sex_t,age_aggregate_y25_54,eco_isic4_total,2014,627.379
svn,sex_t,age_aggregate_y25_54,eco_isic4_total,2015,632.844
svn,sex_t,age_aggregate_y25_54,eco_isic4_total,2016,639.744
svn,sex_t,age_aggregate_y25_54,eco_isic4_total,2017,655.842
svn,sex_t,age_aggregate_y25_54,eco_isic4_total,2018,655.48
svn,sex_t,age_aggregate_y25_54,eco_isic4_total,2019,667.124
svn,sex_t,age_aggregate_y25_54,eco_isic4_total,2020,671.316
svn,sex_t,age_aggregate_y25_54,eco_isic4_total,2021,644.244
svn,sex_t,age_aggregate_y25_54,eco_isic4_total,2022,646.41
svn,sex_t,age_aggregate_y25_54,eco_isic4_total,2023,641.867
svn,sex_t,age_aggregate_y25_54,eco_isic4_u,2008,0.2
svn,sex_t,age_aggregate_y25_54,eco_isic4_u,2021,0.281
svn,sex_t,age_aggregate_y25_54,eco_isic4_u,2022,0.169
svn,sex_t,age_aggregate_y25_54,eco_isic4_u,2023,0.344
svn,sex_t,age_aggregate_y25_54,eco_isic4_x,2008,2.772
svn,sex_t,age_aggregate_y25_54,eco_isic4_x,2009,3.178
svn,sex_t,age_aggregate_y25_54,eco_isic4_x,2010,2.102
svn,sex_t,age_aggregate_y25_54,eco_isic4_x,2011,3.088
svn,sex_t,age_aggregate_y25_54,eco_isic4_x,2012,3.688
svn,sex_t,age_aggregate_y25_54,eco_isic4_x,2013,3.144
svn,sex_t,age_aggregate_y25_54,eco_isic4_x,2014,3.274
svn,sex_t,age_aggregate_y25_54,eco_isic4_x,2015,7.292
svn,sex_t,age_aggregate_y25_54,eco_isic4_x,2016,4.602
svn,sex_t,age_aggregate_y25_54,eco_isic4_x,2017,3.424
svn,sex_t,age_aggregate_y25_54,eco_isic4_x,2018,3.844
svn,sex_t,age_aggregate_y25_54,eco_isic4_x,2019,3.016
svn,sex_t,age_aggregate_y25_54,eco_isic4_x,2020,2.666
svn,sex_t,age_aggregate_y25_54,eco_isic4_x,2021,3.072
svn,sex_t,age_aggregate_y25_54,eco_isic4_x,2022,2.809
svn,sex_t,age_aggregate_y25_54,eco_isic4_x,2023,2.624
svn,sex_t,age_aggregate_y25_54,eco_sector_agr,1996,11.451
svn,sex_t,age_aggregate_y25_54,eco_sector_agr,1997,10.406
svn,sex_t,age_aggregate_y25_54,eco_sector_agr,1998,8.116
svn,sex_t,age_aggregate_y25_54,eco_sector_agr,1999,7.053
svn,sex_t,age_aggregate_y25_54,eco_sector_agr,2000,8.287
svn,sex_t,age_aggregate_y25_54,eco_sector_agr,2001,7.002
svn,sex_t,age_aggregate_y25_54,eco_sector_agr,2002,9.648
svn,sex_t,age_aggregate_y25_54,eco_sector_agr,2003,9.088
svn,sex_t,age_aggregate_y25_54,eco_sector_agr,2004,11.144
svn,sex_t,age_aggregate_y25_54,eco_sector_agr,2005,8.531
svn,sex_t,age_aggregate_y25_54,eco_sector_agr,2006,9.455
svn,sex_t,age_aggregate_y25_54,eco_sector_agr,2007,11.061
svn,sex_t,age_aggregate_y25_54,eco_sector_agr,2008,10.081
svn,sex_t,age_aggregate_y25_54,eco_sector_agr,2009,8.184
svn,sex_t,age_aggregate_y25_54,eco_sector_agr,2010,7.771
svn,sex_t,age_aggregate_y25_54,eco_sector_agr,2011,8.399
svn,sex_t,age_aggregate_y25_54,eco_sector_agr,2012,8.475
svn,sex_t,age_aggregate_y25_54,eco_sector_agr,2013,7.002
svn,sex_t,age_aggregate_y25_54,eco_sector_agr,2014,7.3
svn,sex_t,age_aggregate_y25_54,eco_sector_agr,2015,7.269
svn,sex_t,age_aggregate_y25_54,eco_sector_agr,2016,6.648
svn,sex_t,age_aggregate_y25_54,eco_sector_agr,2017,7.555
svn,sex_t,age_aggregate_y25_54,eco_sector_agr,2018,5.98
svn,sex_t,age_aggregate_y25_54,eco_sector_agr,2019,4.779
svn,sex_t,age_aggregate_y25_54,eco_sector_agr,2020,4.972
svn,sex_t,age_aggregate_y25_54,eco_sector_agr,2021,5.032
svn,sex_t,age_aggregate_y25_54,eco_sector_agr,2022,5.592
svn,sex_t,age_aggregate_y25_54,eco_sector_agr,2023,4.665
svn,sex_t,age_aggregate_y25_54,eco_sector_ind,1996,284.905
svn,sex_t,age_aggregate_y25_54,eco_sector_ind,1997,285.651
svn,sex_t,age_aggregate_y25_54,eco_sector_ind,1998,279.591
svn,sex_t,age_aggregate_y25_54,eco_sector_ind,1999,262.098
svn,sex_t,age_aggregate_y25_54,eco_sector_ind,2000,269.861
svn,sex_t,age_aggregate_y25_54,eco_sector_ind,2001,278.976
svn,sex_t,age_aggregate_y25_54,eco_sector_ind,2002,280.556
svn,sex_t,age_aggregate_y25_54,eco_sector_ind,2003,272.13
svn,sex_t,age_aggregate_y25_54,eco_sector_ind,2004,270.299
svn,sex_t,age_aggregate_y25_54,eco_sector_ind,2005,275.215
svn,sex_t,age_aggregate_y25_54,eco_sector_ind,2006,260.365
svn,sex_t,age_aggregate_y25_54,eco_sector_ind,2007,261.652
svn,sex_t,age_aggregate_y25_54,eco_sector_ind,2008,271.115
svn,sex_t,age_aggregate_y25_54,eco_sector_ind,2009,250.908
svn,sex_t,age_aggregate_y25_54,eco_sector_ind,2010,238.945
svn,sex_t,age_aggregate_y25_54,eco_sector_ind,2011,228.714
svn,sex_t,age_aggregate_y25_54,eco_sector_ind,2012,220.454
svn,sex_t,age_aggregate_y25_54,eco_sector_ind,2013,216.057
svn,sex_t,age_aggregate_y25_54,eco_sector_ind,2014,215.082
svn,sex_t,age_aggregate_y25_54,eco_sector_ind,2015,217.656
svn,sex_t,age_aggregate_y25_54,eco_sector_ind,2016,226.786
svn,sex_t,age_aggregate_y25_54,eco_sector_ind,2017,232.8
svn,sex_t,age_aggregate_y25_54,eco_sector_ind,2018,238.926
svn,sex_t,age_aggregate_y25_54,eco_sector_ind,2019,246.437
svn,sex_t,age_aggregate_y25_54,eco_sector_ind,2020,243.907
svn,sex_t,age_aggregate_y25_54,eco_sector_ind,2021,205.942
svn,sex_t,age_aggregate_y25_54,eco_sector_ind,2022,209.278
svn,sex_t,age_aggregate_y25_54,eco_sector_ind,2023,219.197
svn,sex_t,age_aggregate_y25_54,eco_sector_nag,1996,587.792
svn,sex_t,age_aggregate_y25_54,eco_sector_nag,1997,587.684
svn,sex_t,age_aggregate_y25_54,eco_sector_nag,1998,600.838
svn,sex_t,age_aggregate_y25_54,eco_sector_nag,1999,603.46
svn,sex_t,age_aggregate_y25_54,eco_sector_nag,2000,634.576
svn,sex_t,age_aggregate_y25_54,eco_sector_nag,2001,645.696
svn,sex_t,age_aggregate_y25_54,eco_sector_nag,2002,646.78
svn,sex_t,age_aggregate_y25_54,eco_sector_nag,2003,654.678
svn,sex_t,age_aggregate_y25_54,eco_sector_nag,2004,660.399
svn,sex_t,age_aggregate_y25_54,eco_sector_nag,2005,670.34
svn,sex_t,age_aggregate_y25_54,eco_sector_nag,2006,664.263
svn,sex_t,age_aggregate_y25_54,eco_sector_nag,2007,675.763
svn,sex_t,age_aggregate_y25_54,eco_sector_nag,2008,698.056
svn,sex_t,age_aggregate_y25_54,eco_sector_nag,2009,673.507
svn,sex_t,age_aggregate_y25_54,eco_sector_nag,2010,656.033
svn,sex_t,age_aggregate_y25_54,eco_sector_nag,2011,646.882
svn,sex_t,age_aggregate_y25_54,eco_sector_nag,2012,645.68
svn,sex_t,age_aggregate_y25_54,eco_sector_nag,2013,628.378
svn,sex_t,age_aggregate_y25_54,eco_sector_nag,2014,620.079
svn,sex_t,age_aggregate_y25_54,eco_sector_nag,2015,625.575
svn,sex_t,age_aggregate_y25_54,eco_sector_nag,2016,633.097
svn,sex_t,age_aggregate_y25_54,eco_sector_nag,2017,648.287
svn,sex_t,age_aggregate_y25_54,eco_sector_nag,2018,649.5
svn,sex_t,age_aggregate_y25_54,eco_sector_nag,2019,662.345
svn,sex_t,age_aggregate_y25_54,eco_sector_nag,2020,666.344
svn,sex_t,age_aggregate_y25_54,eco_sector_nag,2021,639.212
svn,sex_t,age_aggregate_y25_54,eco_sector_nag,2022,640.818
svn,sex_t,age_aggregate_y25_54,eco_sector_nag,2023,637.201
svn,sex_t,age_aggregate_y25_54,eco_sector_ser,1996,302.157
svn,sex_t,age_aggregate_y25_54,eco_sector_ser,1997,300.569
svn,sex_t,age_aggregate_y25_54,eco_sector_ser,1998,318.58
svn,sex_t,age_aggregate_y25_54,eco_sector_ser,1999,339.301
svn,sex_t,age_aggregate_y25_54,eco_sector_ser,2000,361.268
svn,sex_t,age_aggregate_y25_54,eco_sector_ser,2001,360.234
svn,sex_t,age_aggregate_y25_54,eco_sector_ser,2002,361.997
svn,sex_t,age_aggregate_y25_54,eco_sector_ser,2003,379.064
svn,sex_t,age_aggregate_y25_54,eco_sector_ser,2004,383.849
svn,sex_t,age_aggregate_y25_54,eco_sector_ser,2005,392.351
svn,sex_t,age_aggregate_y25_54,eco_sector_ser,2006,401.089
svn,sex_t,age_aggregate_y25_54,eco_sector_ser,2007,408.171
svn,sex_t,age_aggregate_y25_54,eco_sector_ser,2008,424.169
svn,sex_t,age_aggregate_y25_54,eco_sector_ser,2009,419.421
svn,sex_t,age_aggregate_y25_54,eco_sector_ser,2010,414.986
svn,sex_t,age_aggregate_y25_54,eco_sector_ser,2011,415.079
svn,sex_t,age_aggregate_y25_54,eco_sector_ser,2012,421.538
svn,sex_t,age_aggregate_y25_54,eco_sector_ser,2013,409.177
svn,sex_t,age_aggregate_y25_54,eco_sector_ser,2014,401.723
svn,sex_t,age_aggregate_y25_54,eco_sector_ser,2015,400.628
svn,sex_t,age_aggregate_y25_54,eco_sector_ser,2016,401.709
svn,sex_t,age_aggregate_y25_54,eco_sector_ser,2017,412.062
svn,sex_t,age_aggregate_y25_54,eco_sector_ser,2018,406.729
svn,sex_t,age_aggregate_y25_54,eco_sector_ser,2019,412.892
svn,sex_t,age_aggregate_y25_54,eco_sector_ser,2020,419.771
svn,sex_t,age_aggregate_y25_54,eco_sector_ser,2021,430.199
svn,sex_t,age_aggregate_y25_54,eco_sector_ser,2022,428.73
svn,sex_t,age_aggregate_y25_54,eco_sector_ser,2023,415.38
svn,sex_t,age_aggregate_y25_54,eco_sector_total,1996,599.243
svn,sex_t,age_aggregate_y25_54,eco_sector_total,1997,598.09
svn,sex_t,age_aggregate_y25_54,eco_sector_total,1998,608.954
svn,sex_t,age_aggregate_y25_54,eco_sector_total,1999,610.513
svn,sex_t,age_aggregate_y25_54,eco_sector_total,2000,642.863
svn,sex_t,age_aggregate_y25_54,eco_sector_total,2001,652.698
svn,sex_t,age_aggregate_y25_54,eco_sector_total,2002,656.428
svn,sex_t,age_aggregate_y25_54,eco_sector_total,2003,663.766
svn,sex_t,age_aggregate_y25_54,eco_sector_total,2004,671.543
svn,sex_t,age_aggregate_y25_54,eco_sector_total,2005,678.871
svn,sex_t,age_aggregate_y25_54,eco_sector_total,2006,673.717
svn,sex_t,age_aggregate_y25_54,eco_sector_total,2007,686.824
svn,sex_t,age_aggregate_y25_54,eco_sector_total,2008,708.137
svn,sex_t,age_aggregate_y25_54,eco_sector_total,2009,681.691
svn,sex_t,age_aggregate_y25_54,eco_sector_total,2010,663.804
svn,sex_t,age_aggregate_y25_54,eco_sector_total,2011,655.281
svn,sex_t,age_aggregate_y25_54,eco_sector_total,2012,654.155
svn,sex_t,age_aggregate_y25_54,eco_sector_total,2013,635.381
svn,sex_t,age_aggregate_y25_54,eco_sector_total,2014,627.379
svn,sex_t,age_aggregate_y25_54,eco_sector_total,2015,632.844
svn,sex_t,age_aggregate_y25_54,eco_sector_total,2016,639.744
svn,sex_t,age_aggregate_y25_54,eco_sector_total,2017,655.842
svn,sex_t,age_aggregate_y25_54,eco_sector_total,2018,655.48
svn,sex_t,age_aggregate_y25_54,eco_sector_total,2019,667.124
svn,sex_t,age_aggregate_y25_54,eco_sector_total,2020,671.316
svn,sex_t,age_aggregate_y25_54,eco_sector_total,2021,644.244
svn,sex_t,age_aggregate_y25_54,eco_sector_total,2022,646.41
svn,sex_t,age_aggregate_y25_54,eco_sector_total,2023,641.867
svn,sex_t,age_aggregate_y25_54,eco_sector_x,1996,0.731
svn,sex_t,age_aggregate_y25_54,eco_sector_x,1997,1.464
svn,sex_t,age_aggregate_y25_54,eco_sector_x,1998,2.668
svn,sex_t,age_aggregate_y25_54,eco_sector_x,1999,2.061
svn,sex_t,age_aggregate_y25_54,eco_sector_x,2000,3.447
svn,sex_t,age_aggregate_y25_54,eco_sector_x,2001,6.485
svn,sex_t,age_aggregate_y25_54,eco_sector_x,2002,4.227
svn,sex_t,age_aggregate_y25_54,eco_sector_x,2003,3.484
svn,sex_t,age_aggregate_y25_54,eco_sector_x,2004,6.251
svn,sex_t,age_aggregate_y25_54,eco_sector_x,2005,2.774
svn,sex_t,age_aggregate_y25_54,eco_sector_x,2006,2.809
svn,sex_t,age_aggregate_y25_54,eco_sector_x,2007,5.94
svn,sex_t,age_aggregate_y25_54,eco_sector_x,2008,2.772
svn,sex_t,age_aggregate_y25_54,eco_sector_x,2009,3.178
svn,sex_t,age_aggregate_y25_54,eco_sector_x,2010,2.102
svn,sex_t,age_aggregate_y25_54,eco_sector_x,2011,3.088
svn,sex_t,age_aggregate_y25_54,eco_sector_x,2012,3.688
svn,sex_t,age_aggregate_y25_54,eco_sector_x,2013,3.144
svn,sex_t,age_aggregate_y25_54,eco_sector_x,2014,3.274
svn,sex_t,age_aggregate_y25_54,eco_sector_x,2015,7.292
svn,sex_t,age_aggregate_y25_54,eco_sector_x,2016,4.602
svn,sex_t,age_aggregate_y25_54,eco_sector_x,2017,3.424
svn,sex_t,age_aggregate_y25_54,eco_sector_x,2018,3.844
svn,sex_t,age_aggregate_y25_54,eco_sector_x,2019,3.016
svn,sex_t,age_aggregate_y25_54,eco_sector_x,2020,2.666
svn,sex_t,age_aggregate_y25_54,eco_sector_x,2021,3.072
svn,sex_t,age_aggregate_y25_54,eco_sector_x,2022,2.809
svn,sex_t,age_aggregate_y25_54,eco_sector_x,2023,2.624
svn,sex_t,age_aggregate_y55_64,eco_aggregate_agr,1997,0.716
svn,sex_t,age_aggregate_y55_64,eco_aggregate_agr,1998,0.546
svn,sex_t,age_aggregate_y55_64,eco_aggregate_agr,1999,0.527
svn,sex_t,age_aggregate_y55_64,eco_aggregate_agr,2000,0.714
svn,sex_t,age_aggregate_y55_64,eco_aggregate_agr,2001,0.803
svn,sex_t,age_aggregate_y55_64,eco_aggregate_agr,2002,0.836
svn,sex_t,age_aggregate_y55_64,eco_aggregate_agr,2003,0.791
svn,sex_t,age_aggregate_y55_64,eco_aggregate_agr,2004,1.149
svn,sex_t,age_aggregate_y55_64,eco_aggregate_agr,2005,1.007
svn,sex_t,age_aggregate_y55_64,eco_aggregate_agr,2006,0.636
svn,sex_t,age_aggregate_y55_64,eco_aggregate_agr,2007,1.402
svn,sex_t,age_aggregate_y55_64,eco_aggregate_agr,2008,1.528
svn,sex_t,age_aggregate_y55_64,eco_aggregate_agr,2009,1.176
svn,sex_t,age_aggregate_y55_64,eco_aggregate_agr,2010,0.849
svn,sex_t,age_aggregate_y55_64,eco_aggregate_agr,2011,0.719
svn,sex_t,age_aggregate_y55_64,eco_aggregate_agr,2012,0.921
svn,sex_t,age_aggregate_y55_64,eco_aggregate_agr,2013,0.86
svn,sex_t,age_aggregate_y55_64,eco_aggregate_agr,2014,0.743
svn,sex_t,age_aggregate_y55_64,eco_aggregate_agr,2015,0.787
svn,sex_t,age_aggregate_y55_64,eco_aggregate_agr,2016,0.765
svn,sex_t,age_aggregate_y55_64,eco_aggregate_agr,2017,1.071
svn,sex_t,age_aggregate_y55_64,eco_aggregate_agr,2018,1.748
svn,sex_t,age_aggregate_y55_64,eco_aggregate_agr,2019,1.876
svn,sex_t,age_aggregate_y55_64,eco_aggregate_agr,2020,1.76
svn,sex_t,age_aggregate_y55_64,eco_aggregate_agr,2021,0.912
svn,sex_t,age_aggregate_y55_64,eco_aggregate_agr,2022,0.881
svn,sex_t,age_aggregate_y55_64,eco_aggregate_agr,2023,1.731
svn,sex_t,age_aggregate_y55_64,eco_aggregate_con,1996,1.471
svn,sex_t,age_aggregate_y55_64,eco_aggregate_con,1997,1.808
svn,sex_t,age_aggregate_y55_64,eco_aggregate_con,1998,1.725
svn,sex_t,age_aggregate_y55_64,eco_aggregate_con,1999,2.096
svn,sex_t,age_aggregate_y55_64,eco_aggregate_con,2000,1.738
svn,sex_t,age_aggregate_y55_64,eco_aggregate_con,2001,1.95
svn,sex_t,age_aggregate_y55_64,eco_aggregate_con,2002,2.314
svn,sex_t,age_aggregate_y55_64,eco_aggregate_con,2003,2.207
svn,sex_t,age_aggregate_y55_64,eco_aggregate_con,2004,2.812
svn,sex_t,age_aggregate_y55_64,eco_aggregate_con,2005,3.781
svn,sex_t,age_aggregate_y55_64,eco_aggregate_con,2006,4.404
svn,sex_t,age_aggregate_y55_64,eco_aggregate_con,2007,4.197
svn,sex_t,age_aggregate_y55_64,eco_aggregate_con,2008,4.763
svn,sex_t,age_aggregate_y55_64,eco_aggregate_con,2009,4.87
svn,sex_t,age_aggregate_y55_64,eco_aggregate_con,2010,5.325
svn,sex_t,age_aggregate_y55_64,eco_aggregate_con,2011,3.533
svn,sex_t,age_aggregate_y55_64,eco_aggregate_con,2012,3.009
svn,sex_t,age_aggregate_y55_64,eco_aggregate_con,2013,3.868
svn,sex_t,age_aggregate_y55_64,eco_aggregate_con,2014,3.984
svn,sex_t,age_aggregate_y55_64,eco_aggregate_con,2015,3.904
svn,sex_t,age_aggregate_y55_64,eco_aggregate_con,2016,4.447
svn,sex_t,age_aggregate_y55_64,eco_aggregate_con,2017,5.244
svn,sex_t,age_aggregate_y55_64,eco_aggregate_con,2018,6.097
svn,sex_t,age_aggregate_y55_64,eco_aggregate_con,2019,5.304
svn,sex_t,age_aggregate_y55_64,eco_aggregate_con,2020,6.504
svn,sex_t,age_aggregate_y55_64,eco_aggregate_con,2021,5.763
svn,sex_t,age_aggregate_y55_64,eco_aggregate_con,2022,6.637
svn,sex_t,age_aggregate_y55_64,eco_aggregate_con,2023,8.448
svn,sex_t,age_aggregate_y55_64,eco_aggregate_man,1996,5.891
svn,sex_t,age_aggregate_y55_64,eco_aggregate_man,1997,4.963
svn,sex_t,age_aggregate_y55_64,eco_aggregate_man,1998,6.088
svn,sex_t,age_aggregate_y55_64,eco_aggregate_man,1999,7.467
svn,sex_t,age_aggregate_y55_64,eco_aggregate_man,2000,6.265
svn,sex_t,age_aggregate_y55_64,eco_aggregate_man,2001,6.126
svn,sex_t,age_aggregate_y55_64,eco_aggregate_man,2002,8.811
svn,sex_t,age_aggregate_y55_64,eco_aggregate_man,2003,6.941
svn,sex_t,age_aggregate_y55_64,eco_aggregate_man,2004,11.191
svn,sex_t,age_aggregate_y55_64,eco_aggregate_man,2005,13.156
svn,sex_t,age_aggregate_y55_64,eco_aggregate_man,2006,13.985
svn,sex_t,age_aggregate_y55_64,eco_aggregate_man,2007,15.043
svn,sex_t,age_aggregate_y55_64,eco_aggregate_man,2008,16.37
svn,sex_t,age_aggregate_y55_64,eco_aggregate_man,2009,15.055
svn,sex_t,age_aggregate_y55_64,eco_aggregate_man,2010,15.98
svn,sex_t,age_aggregate_y55_64,eco_aggregate_man,2011,12.799
svn,sex_t,age_aggregate_y55_64,eco_aggregate_man,2012,14.203
svn,sex_t,age_aggregate_y55_64,eco_aggregate_man,2013,14.95
svn,sex_t,age_aggregate_y55_64,eco_aggregate_man,2014,17.527
svn,sex_t,age_aggregate_y55_64,eco_aggregate_man,2015,19.439
svn,sex_t,age_aggregate_y55_64,eco_aggregate_man,2016,21.454
svn,sex_t,age_aggregate_y55_64,eco_aggregate_man,2017,26.019
svn,sex_t,age_aggregate_y55_64,eco_aggregate_man,2018,23.783
svn,sex_t,age_aggregate_y55_64,eco_aggregate_man,2019,29.315
svn,sex_t,age_aggregate_y55_64,eco_aggregate_man,2020,33.279
svn,sex_t,age_aggregate_y55_64,eco_aggregate_man,2021,28.064
svn,sex_t,age_aggregate_y55_64,eco_aggregate_man,2022,29.744
svn,sex_t,age_aggregate_y55_64,eco_aggregate_man,2023,31.375
svn,sex_t,age_aggregate_y55_64,eco_aggregate_mel,1996,1.099
svn,sex_t,age_aggregate_y55_64,eco_aggregate_mel,1997,1.506
svn,sex_t,age_aggregate_y55_64,eco_aggregate_mel,1998,1.12
svn,sex_t,age_aggregate_y55_64,eco_aggregate_mel,1999,0.483
svn,sex_t,age_aggregate_y55_64,eco_aggregate_mel,2000,0.813
svn,sex_t,age_aggregate_y55_64,eco_aggregate_mel,2001,1.4
svn,sex_t,age_aggregate_y55_64,eco_aggregate_mel,2002,1.641
svn,sex_t,age_aggregate_y55_64,eco_aggregate_mel,2003,1.188
svn,sex_t,age_aggregate_y55_64,eco_aggregate_mel,2004,1.396
svn,sex_t,age_aggregate_y55_64,eco_aggregate_mel,2005,1.194
svn,sex_t,age_aggregate_y55_64,eco_aggregate_mel,2006,1.434
svn,sex_t,age_aggregate_y55_64,eco_aggregate_mel,2007,1.787
svn,sex_t,age_aggregate_y55_64,eco_aggregate_mel,2008,2.609
svn,sex_t,age_aggregate_y55_64,eco_aggregate_mel,2009,2.615
svn,sex_t,age_aggregate_y55_64,eco_aggregate_mel,2010,2.204
svn,sex_t,age_aggregate_y55_64,eco_aggregate_mel,2011,2.662
svn,sex_t,age_aggregate_y55_64,eco_aggregate_mel,2012,3.067
svn,sex_t,age_aggregate_y55_64,eco_aggregate_mel,2013,3.116
svn,sex_t,age_aggregate_y55_64,eco_aggregate_mel,2014,2.616
svn,sex_t,age_aggregate_y55_64,eco_aggregate_mel,2015,3.32
svn,sex_t,age_aggregate_y55_64,eco_aggregate_mel,2016,3.338
svn,sex_t,age_aggregate_y55_64,eco_aggregate_mel,2017,3.446
svn,sex_t,age_aggregate_y55_64,eco_aggregate_mel,2018,4.187
svn,sex_t,age_aggregate_y55_64,eco_aggregate_mel,2019,3.721
svn,sex_t,age_aggregate_y55_64,eco_aggregate_mel,2020,3.888
svn,sex_t,age_aggregate_y55_64,eco_aggregate_mel,2021,4.337
svn,sex_t,age_aggregate_y55_64,eco_aggregate_mel,2022,4.547
svn,sex_t,age_aggregate_y55_64,eco_aggregate_mel,2023,4.462
svn,sex_t,age_aggregate_y55_64,eco_aggregate_mkt,1996,5.359
svn,sex_t,age_aggregate_y55_64,eco_aggregate_mkt,1997,4.243
svn,sex_t,age_aggregate_y55_64,eco_aggregate_mkt,1998,7.61
svn,sex_t,age_aggregate_y55_64,eco_aggregate_mkt,1999,4.658
svn,sex_t,age_aggregate_y55_64,eco_aggregate_mkt,2000,6.104
svn,sex_t,age_aggregate_y55_64,eco_aggregate_mkt,2001,6.219
svn,sex_t,age_aggregate_y55_64,eco_aggregate_mkt,2002,7.47
svn,sex_t,age_aggregate_y55_64,eco_aggregate_mkt,2003,7.916
svn,sex_t,age_aggregate_y55_64,eco_aggregate_mkt,2004,9.132
svn,sex_t,age_aggregate_y55_64,eco_aggregate_mkt,2005,10.847
svn,sex_t,age_aggregate_y55_64,eco_aggregate_mkt,2006,11.886
svn,sex_t,age_aggregate_y55_64,eco_aggregate_mkt,2007,12.966
svn,sex_t,age_aggregate_y55_64,eco_aggregate_mkt,2008,16.603
svn,sex_t,age_aggregate_y55_64,eco_aggregate_mkt,2009,18.893
svn,sex_t,age_aggregate_y55_64,eco_aggregate_mkt,2010,19.099
svn,sex_t,age_aggregate_y55_64,eco_aggregate_mkt,2011,18.506
svn,sex_t,age_aggregate_y55_64,eco_aggregate_mkt,2012,20.989
svn,sex_t,age_aggregate_y55_64,eco_aggregate_mkt,2013,20.926
svn,sex_t,age_aggregate_y55_64,eco_aggregate_mkt,2014,20.741
svn,sex_t,age_aggregate_y55_64,eco_aggregate_mkt,2015,25.122
svn,sex_t,age_aggregate_y55_64,eco_aggregate_mkt,2016,28.125
svn,sex_t,age_aggregate_y55_64,eco_aggregate_mkt,2017,26.008
svn,sex_t,age_aggregate_y55_64,eco_aggregate_mkt,2018,31.319
svn,sex_t,age_aggregate_y55_64,eco_aggregate_mkt,2019,35.24
svn,sex_t,age_aggregate_y55_64,eco_aggregate_mkt,2020,38.465
svn,sex_t,age_aggregate_y55_64,eco_aggregate_mkt,2021,36.584
svn,sex_t,age_aggregate_y55_64,eco_aggregate_mkt,2022,39.584
svn,sex_t,age_aggregate_y55_64,eco_aggregate_mkt,2023,43.478
svn,sex_t,age_aggregate_y55_64,eco_aggregate_pub,1996,5.773
svn,sex_t,age_aggregate_y55_64,eco_aggregate_pub,1997,6.651
svn,sex_t,age_aggregate_y55_64,eco_aggregate_pub,1998,8.697
svn,sex_t,age_aggregate_y55_64,eco_aggregate_pub,1999,9.96
svn,sex_t,age_aggregate_y55_64,eco_aggregate_pub,2000,9.493
svn,sex_t,age_aggregate_y55_64,eco_aggregate_pub,2001,9.159
svn,sex_t,age_aggregate_y55_64,eco_aggregate_pub,2002,10.853
svn,sex_t,age_aggregate_y55_64,eco_aggregate_pub,2003,11.405
svn,sex_t,age_aggregate_y55_64,eco_aggregate_pub,2004,14.398
svn,sex_t,age_aggregate_y55_64,eco_aggregate_pub,2005,13.501
svn,sex_t,age_aggregate_y55_64,eco_aggregate_pub,2006,15.702
svn,sex_t,age_aggregate_y55_64,eco_aggregate_pub,2007,17.426
svn,sex_t,age_aggregate_y55_64,eco_aggregate_pub,2008,15.305
svn,sex_t,age_aggregate_y55_64,eco_aggregate_pub,2009,19.102
svn,sex_t,age_aggregate_y55_64,eco_aggregate_pub,2010,20.007
svn,sex_t,age_aggregate_y55_64,eco_aggregate_pub,2011,19.771
svn,sex_t,age_aggregate_y55_64,eco_aggregate_pub,2012,23.051
svn,sex_t,age_aggregate_y55_64,eco_aggregate_pub,2013,23.511
svn,sex_t,age_aggregate_y55_64,eco_aggregate_pub,2014,24.898
svn,sex_t,age_aggregate_y55_64,eco_aggregate_pub,2015,26.71
svn,sex_t,age_aggregate_y55_64,eco_aggregate_pub,2016,30.743
svn,sex_t,age_aggregate_y55_64,eco_aggregate_pub,2017,35.979
svn,sex_t,age_aggregate_y55_64,eco_aggregate_pub,2018,41.423
svn,sex_t,age_aggregate_y55_64,eco_aggregate_pub,2019,40.328
svn,sex_t,age_aggregate_y55_64,eco_aggregate_pub,2020,44.117
svn,sex_t,age_aggregate_y55_64,eco_aggregate_pub,2021,51.359
svn,sex_t,age_aggregate_y55_64,eco_aggregate_pub,2022,51.977
svn,sex_t,age_aggregate_y55_64,eco_aggregate_pub,2023,46.4
svn,sex_t,age_aggregate_y55_64,eco_aggregate_total,1996,19.941
svn,sex_t,age_aggregate_y55_64,eco_aggregate_total,1997,19.991
svn,sex_t,age_aggregate_y55_64,eco_aggregate_total,1998,25.849
svn,sex_t,age_aggregate_y55_64,eco_aggregate_total,1999,25.276
svn,sex_t,age_aggregate_y55_64,eco_aggregate_total,2000,25.406
svn,sex_t,age_aggregate_y55_64,eco_aggregate_total,2001,25.861
svn,sex_t,age_aggregate_y55_64,eco_aggregate_total,2002,32.113
svn,sex_t,age_aggregate_y55_64,eco_aggregate_total,2003,30.509
svn,sex_t,age_aggregate_y55_64,eco_aggregate_total,2004,40.584
svn,sex_t,age_aggregate_y55_64,eco_aggregate_total,2005,43.583
svn,sex_t,age_aggregate_y55_64,eco_aggregate_total,2006,48.178
svn,sex_t,age_aggregate_y55_64,eco_aggregate_total,2007,53.329
svn,sex_t,age_aggregate_y55_64,eco_aggregate_total,2008,57.473
svn,sex_t,age_aggregate_y55_64,eco_aggregate_total,2009,62
svn,sex_t,age_aggregate_y55_64,eco_aggregate_total,2010,63.693
svn,sex_t,age_aggregate_y55_64,eco_aggregate_total,2011,58.264
svn,sex_t,age_aggregate_y55_64,eco_aggregate_total,2012,65.399
svn,sex_t,age_aggregate_y55_64,eco_aggregate_total,2013,67.741
svn,sex_t,age_aggregate_y55_64,eco_aggregate_total,2014,71.444
svn,sex_t,age_aggregate_y55_64,eco_aggregate_total,2015,80.076
svn,sex_t,age_aggregate_y55_64,eco_aggregate_total,2016,89.274
svn,sex_t,age_aggregate_y55_64,eco_aggregate_total,2017,98.175
svn,sex_t,age_aggregate_y55_64,eco_aggregate_total,2018,108.82
svn,sex_t,age_aggregate_y55_64,eco_aggregate_total,2019,116.248
svn,sex_t,age_aggregate_y55_64,eco_aggregate_total,2020,128.483
svn,sex_t,age_aggregate_y55_64,eco_aggregate_total,2021,127.53
svn,sex_t,age_aggregate_y55_64,eco_aggregate_total,2022,133.6
svn,sex_t,age_aggregate_y55_64,eco_aggregate_total,2023,136.395
svn,sex_t,age_aggregate_y55_64,eco_aggregate_x,2004,0.507
svn,sex_t,age_aggregate_y55_64,eco_aggregate_x,2006,0.131
svn,sex_t,age_aggregate_y55_64,eco_aggregate_x,2007,0.509
svn,sex_t,age_aggregate_y55_64,eco_aggregate_x,2008,0.294
svn,sex_t,age_aggregate_y55_64,eco_aggregate_x,2009,0.289
svn,sex_t,age_aggregate_y55_64,eco_aggregate_x,2010,0.229
svn,sex_t,age_aggregate_y55_64,eco_aggregate_x,2011,0.275
svn,sex_t,age_aggregate_y55_64,eco_aggregate_x,2012,0.159
svn,sex_t,age_aggregate_y55_64,eco_aggregate_x,2013,0.509
svn,sex_t,age_aggregate_y55_64,eco_aggregate_x,2014,0.935
svn,sex_t,age_aggregate_y55_64,eco_aggregate_x,2015,0.795
svn,sex_t,age_aggregate_y55_64,eco_aggregate_x,2016,0.403
svn,sex_t,age_aggregate_y55_64,eco_aggregate_x,2017,0.408
svn,sex_t,age_aggregate_y55_64,eco_aggregate_x,2018,0.262
svn,sex_t,age_aggregate_y55_64,eco_aggregate_x,2019,0.464
svn,sex_t,age_aggregate_y55_64,eco_aggregate_x,2020,0.47
svn,sex_t,age_aggregate_y55_64,eco_aggregate_x,2021,0.511
svn,sex_t,age_aggregate_y55_64,eco_aggregate_x,2022,0.231
svn,sex_t,age_aggregate_y55_64,eco_aggregate_x,2023,0.501
svn,sex_t,age_aggregate_y55_64,eco_isic3_a,1997,0.716
svn,sex_t,age_aggregate_y55_64,eco_isic3_a,1998,0.499
svn,sex_t,age_aggregate_y55_64,eco_isic3_a,1999,0.527
svn,sex_t,age_aggregate_y55_64,eco_isic3_a,2000,0.714
svn,sex_t,age_aggregate_y55_64,eco_isic3_a,2001,0.803
svn,sex_t,age_aggregate_y55_64,eco_isic3_a,2002,0.836
svn,sex_t,age_aggregate_y55_64,eco_isic3_a,2003,0.791
svn,sex_t,age_aggregate_y55_64,eco_isic3_a,2004,1.072
svn,sex_t,age_aggregate_y55_64,eco_isic3_a,2005,1.007
svn,sex_t,age_aggregate_y55_64,eco_isic3_a,2006,0.598
svn,sex_t,age_aggregate_y55_64,eco_isic3_a,2007,1.318
svn,sex_t,age_aggregate_y55_64,eco_isic3_c,2006,0.149
svn,sex_t,age_aggregate_y55_64,eco_isic3_c,2007,0.231
svn,sex_t,age_aggregate_y55_64,eco_isic3_d,1996,5.891
svn,sex_t,age_aggregate_y55_64,eco_isic3_d,1997,4.963
svn,sex_t,age_aggregate_y55_64,eco_isic3_d,1998,6.088
svn,sex_t,age_aggregate_y55_64,eco_isic3_d,1999,7.467
svn,sex_t,age_aggregate_y55_64,eco_isic3_d,2000,6.265
svn,sex_t,age_aggregate_y55_64,eco_isic3_d,2001,6.126
svn,sex_t,age_aggregate_y55_64,eco_isic3_d,2002,8.811
svn,sex_t,age_aggregate_y55_64,eco_isic3_d,2003,6.941
svn,sex_t,age_aggregate_y55_64,eco_isic3_d,2004,11.191
svn,sex_t,age_aggregate_y55_64,eco_isic3_d,2005,13.156
svn,sex_t,age_aggregate_y55_64,eco_isic3_d,2006,13.985
svn,sex_t,age_aggregate_y55_64,eco_isic3_d,2007,15.043
svn,sex_t,age_aggregate_y55_64,eco_isic3_e,1996,1.026
svn,sex_t,age_aggregate_y55_64,eco_isic3_e,1997,1.321
svn,sex_t,age_aggregate_y55_64,eco_isic3_e,1998,1.04
svn,sex_t,age_aggregate_y55_64,eco_isic3_e,1999,0.413
svn,sex_t,age_aggregate_y55_64,eco_isic3_e,2000,0.736
svn,sex_t,age_aggregate_y55_64,eco_isic3_e,2001,1.344
svn,sex_t,age_aggregate_y55_64,eco_isic3_e,2002,1.458
svn,sex_t,age_aggregate_y55_64,eco_isic3_e,2003,1.188
svn,sex_t,age_aggregate_y55_64,eco_isic3_e,2004,1.396
svn,sex_t,age_aggregate_y55_64,eco_isic3_e,2005,1.152
svn,sex_t,age_aggregate_y55_64,eco_isic3_e,2006,1.285
svn,sex_t,age_aggregate_y55_64,eco_isic3_e,2007,1.555
svn,sex_t,age_aggregate_y55_64,eco_isic3_f,1996,1.471
svn,sex_t,age_aggregate_y55_64,eco_isic3_f,1997,1.808
svn,sex_t,age_aggregate_y55_64,eco_isic3_f,1998,1.725
svn,sex_t,age_aggregate_y55_64,eco_isic3_f,1999,2.096
svn,sex_t,age_aggregate_y55_64,eco_isic3_f,2000,1.738
svn,sex_t,age_aggregate_y55_64,eco_isic3_f,2001,1.95
svn,sex_t,age_aggregate_y55_64,eco_isic3_f,2002,2.314
svn,sex_t,age_aggregate_y55_64,eco_isic3_f,2003,2.207
svn,sex_t,age_aggregate_y55_64,eco_isic3_f,2004,2.812
svn,sex_t,age_aggregate_y55_64,eco_isic3_f,2005,3.781
svn,sex_t,age_aggregate_y55_64,eco_isic3_f,2006,4.404
svn,sex_t,age_aggregate_y55_64,eco_isic3_f,2007,4.197
svn,sex_t,age_aggregate_y55_64,eco_isic3_g,1996,1.802
svn,sex_t,age_aggregate_y55_64,eco_isic3_g,1997,1.262
svn,sex_t,age_aggregate_y55_64,eco_isic3_g,1998,2.266
svn,sex_t,age_aggregate_y55_64,eco_isic3_g,1999,1.448
svn,sex_t,age_aggregate_y55_64,eco_isic3_g,2000,1.961
svn,sex_t,age_aggregate_y55_64,eco_isic3_g,2001,1.731
svn,sex_t,age_aggregate_y55_64,eco_isic3_g,2002,2.199
svn,sex_t,age_aggregate_y55_64,eco_isic3_g,2003,2.53
svn,sex_t,age_aggregate_y55_64,eco_isic3_g,2004,3.233
svn,sex_t,age_aggregate_y55_64,eco_isic3_g,2005,2.847
svn,sex_t,age_aggregate_y55_64,eco_isic3_g,2006,3.109
svn,sex_t,age_aggregate_y55_64,eco_isic3_g,2007,4.075
svn,sex_t,age_aggregate_y55_64,eco_isic3_h,1996,0.898
svn,sex_t,age_aggregate_y55_64,eco_isic3_h,1997,0.775
svn,sex_t,age_aggregate_y55_64,eco_isic3_h,1998,0.945
svn,sex_t,age_aggregate_y55_64,eco_isic3_h,1999,0.369
svn,sex_t,age_aggregate_y55_64,eco_isic3_h,2002,0.642
svn,sex_t,age_aggregate_y55_64,eco_isic3_h,2003,0.798
svn,sex_t,age_aggregate_y55_64,eco_isic3_h,2004,0.86
svn,sex_t,age_aggregate_y55_64,eco_isic3_h,2005,0.684
svn,sex_t,age_aggregate_y55_64,eco_isic3_h,2006,0.904
svn,sex_t,age_aggregate_y55_64,eco_isic3_h,2007,0.741
svn,sex_t,age_aggregate_y55_64,eco_isic3_i,1996,1.144
svn,sex_t,age_aggregate_y55_64,eco_isic3_i,1997,0.974
svn,sex_t,age_aggregate_y55_64,eco_isic3_i,1998,1.157
svn,sex_t,age_aggregate_y55_64,eco_isic3_i,1999,1.132
svn,sex_t,age_aggregate_y55_64,eco_isic3_i,2000,2.165
svn,sex_t,age_aggregate_y55_64,eco_isic3_i,2001,1.712
svn,sex_t,age_aggregate_y55_64,eco_isic3_i,2002,2.251
svn,sex_t,age_aggregate_y55_64,eco_isic3_i,2003,1.777
svn,sex_t,age_aggregate_y55_64,eco_isic3_i,2004,2.108
svn,sex_t,age_aggregate_y55_64,eco_isic3_i,2005,3.3
svn,sex_t,age_aggregate_y55_64,eco_isic3_i,2006,3.301
svn,sex_t,age_aggregate_y55_64,eco_isic3_i,2007,3.046
svn,sex_t,age_aggregate_y55_64,eco_isic3_j,1998,0.943
svn,sex_t,age_aggregate_y55_64,eco_isic3_j,1999,0.379
svn,sex_t,age_aggregate_y55_64,eco_isic3_j,2000,0.796
svn,sex_t,age_aggregate_y55_64,eco_isic3_j,2001,0.903
svn,sex_t,age_aggregate_y55_64,eco_isic3_j,2002,0.818
svn,sex_t,age_aggregate_y55_64,eco_isic3_j,2003,0.901
svn,sex_t,age_aggregate_y55_64,eco_isic3_j,2004,0.699
svn,sex_t,age_aggregate_y55_64,eco_isic3_j,2005,0.898
svn,sex_t,age_aggregate_y55_64,eco_isic3_j,2006,1.34
svn,sex_t,age_aggregate_y55_64,eco_isic3_j,2007,1.649
svn,sex_t,age_aggregate_y55_64,eco_isic3_k,1996,1.324
svn,sex_t,age_aggregate_y55_64,eco_isic3_k,1997,0.86
svn,sex_t,age_aggregate_y55_64,eco_isic3_k,1998,2.298
svn,sex_t,age_aggregate_y55_64,eco_isic3_k,1999,1.33
svn,sex_t,age_aggregate_y55_64,eco_isic3_k,2000,1.006
svn,sex_t,age_aggregate_y55_64,eco_isic3_k,2001,1.46
svn,sex_t,age_aggregate_y55_64,eco_isic3_k,2002,1.559
svn,sex_t,age_aggregate_y55_64,eco_isic3_k,2003,1.91
svn,sex_t,age_aggregate_y55_64,eco_isic3_k,2004,2.232
svn,sex_t,age_aggregate_y55_64,eco_isic3_k,2005,3.118
svn,sex_t,age_aggregate_y55_64,eco_isic3_k,2006,3.233
svn,sex_t,age_aggregate_y55_64,eco_isic3_k,2007,3.454
svn,sex_t,age_aggregate_y55_64,eco_isic3_l,1996,1.531
svn,sex_t,age_aggregate_y55_64,eco_isic3_l,1997,0.728
svn,sex_t,age_aggregate_y55_64,eco_isic3_l,1998,1.546
svn,sex_t,age_aggregate_y55_64,eco_isic3_l,1999,1.981
svn,sex_t,age_aggregate_y55_64,eco_isic3_l,2000,2.754
svn,sex_t,age_aggregate_y55_64,eco_isic3_l,2001,2.606
svn,sex_t,age_aggregate_y55_64,eco_isic3_l,2002,2.551
svn,sex_t,age_aggregate_y55_64,eco_isic3_l,2003,2.29
svn,sex_t,age_aggregate_y55_64,eco_isic3_l,2004,3.65
svn,sex_t,age_aggregate_y55_64,eco_isic3_l,2005,3.947
svn,sex_t,age_aggregate_y55_64,eco_isic3_l,2006,4.376
svn,sex_t,age_aggregate_y55_64,eco_isic3_l,2007,4.057
svn,sex_t,age_aggregate_y55_64,eco_isic3_m,1996,2.213
svn,sex_t,age_aggregate_y55_64,eco_isic3_m,1997,2.675
svn,sex_t,age_aggregate_y55_64,eco_isic3_m,1998,3.753
svn,sex_t,age_aggregate_y55_64,eco_isic3_m,1999,4.103
svn,sex_t,age_aggregate_y55_64,eco_isic3_m,2000,3.486
svn,sex_t,age_aggregate_y55_64,eco_isic3_m,2001,3.785
svn,sex_t,age_aggregate_y55_64,eco_isic3_m,2002,3.966
svn,sex_t,age_aggregate_y55_64,eco_isic3_m,2003,4.552
svn,sex_t,age_aggregate_y55_64,eco_isic3_m,2004,5.105
svn,sex_t,age_aggregate_y55_64,eco_isic3_m,2005,4.071
svn,sex_t,age_aggregate_y55_64,eco_isic3_m,2006,5.6
svn,sex_t,age_aggregate_y55_64,eco_isic3_m,2007,5.846
svn,sex_t,age_aggregate_y55_64,eco_isic3_n,1996,1.348
svn,sex_t,age_aggregate_y55_64,eco_isic3_n,1997,1.069
svn,sex_t,age_aggregate_y55_64,eco_isic3_n,1998,1.765
svn,sex_t,age_aggregate_y55_64,eco_isic3_n,1999,2.156
svn,sex_t,age_aggregate_y55_64,eco_isic3_n,2000,1.746
svn,sex_t,age_aggregate_y55_64,eco_isic3_n,2001,1.441
svn,sex_t,age_aggregate_y55_64,eco_isic3_n,2002,2.361
svn,sex_t,age_aggregate_y55_64,eco_isic3_n,2003,2.271
svn,sex_t,age_aggregate_y55_64,eco_isic3_n,2004,2.484
svn,sex_t,age_aggregate_y55_64,eco_isic3_n,2005,3.142
svn,sex_t,age_aggregate_y55_64,eco_isic3_n,2006,3.097
svn,sex_t,age_aggregate_y55_64,eco_isic3_n,2007,4.166
svn,sex_t,age_aggregate_y55_64,eco_isic3_o,1996,0.549
svn,sex_t,age_aggregate_y55_64,eco_isic3_o,1997,1.861
svn,sex_t,age_aggregate_y55_64,eco_isic3_o,1998,1.516
svn,sex_t,age_aggregate_y55_64,eco_isic3_o,1999,1.604
svn,sex_t,age_aggregate_y55_64,eco_isic3_o,2000,1.506
svn,sex_t,age_aggregate_y55_64,eco_isic3_o,2001,1.282
svn,sex_t,age_aggregate_y55_64,eco_isic3_o,2002,1.873
svn,sex_t,age_aggregate_y55_64,eco_isic3_o,2003,2.292
svn,sex_t,age_aggregate_y55_64,eco_isic3_o,2004,2.987
svn,sex_t,age_aggregate_y55_64,eco_isic3_o,2005,2.228
svn,sex_t,age_aggregate_y55_64,eco_isic3_o,2006,2.404
svn,sex_t,age_aggregate_y55_64,eco_isic3_o,2007,3.217
svn,sex_t,age_aggregate_y55_64,eco_isic3_total,1996,19.941
svn,sex_t,age_aggregate_y55_64,eco_isic3_total,1997,19.991
svn,sex_t,age_aggregate_y55_64,eco_isic3_total,1998,25.849
svn,sex_t,age_aggregate_y55_64,eco_isic3_total,1999,25.276
svn,sex_t,age_aggregate_y55_64,eco_isic3_total,2000,25.406
svn,sex_t,age_aggregate_y55_64,eco_isic3_total,2001,25.861
svn,sex_t,age_aggregate_y55_64,eco_isic3_total,2002,32.113
svn,sex_t,age_aggregate_y55_64,eco_isic3_total,2003,30.509
svn,sex_t,age_aggregate_y55_64,eco_isic3_total,2004,40.584
svn,sex_t,age_aggregate_y55_64,eco_isic3_total,2005,43.583
svn,sex_t,age_aggregate_y55_64,eco_isic3_total,2006,48.178
svn,sex_t,age_aggregate_y55_64,eco_isic3_total,2007,53.329
svn,sex_t,age_aggregate_y55_64,eco_isic3_x,2004,0.507
svn,sex_t,age_aggregate_y55_64,eco_isic3_x,2006,0.131
svn,sex_t,age_aggregate_y55_64,eco_isic3_x,2007,0.509
svn,sex_t,age_aggregate_y55_64,eco_isic4_a,2008,1.528
svn,sex_t,age_aggregate_y55_64,eco_isic4_a,2009,1.176
svn,sex_t,age_aggregate_y55_64,eco_isic4_a,2010,0.849
svn,sex_t,age_aggregate_y55_64,eco_isic4_a,2011,0.719
svn,sex_t,age_aggregate_y55_64,eco_isic4_a,2012,0.921
svn,sex_t,age_aggregate_y55_64,eco_isic4_a,2013,0.86
svn,sex_t,age_aggregate_y55_64,eco_isic4_a,2014,0.743
svn,sex_t,age_aggregate_y55_64,eco_isic4_a,2015,0.787
svn,sex_t,age_aggregate_y55_64,eco_isic4_a,2016,0.765
svn,sex_t,age_aggregate_y55_64,eco_isic4_a,2017,1.071
svn,sex_t,age_aggregate_y55_64,eco_isic4_a,2018,1.748
svn,sex_t,age_aggregate_y55_64,eco_isic4_a,2019,1.876
svn,sex_t,age_aggregate_y55_64,eco_isic4_a,2020,1.76
svn,sex_t,age_aggregate_y55_64,eco_isic4_a,2021,0.912
svn,sex_t,age_aggregate_y55_64,eco_isic4_a,2022,0.881
svn,sex_t,age_aggregate_y55_64,eco_isic4_a,2023,1.731
svn,sex_t,age_aggregate_y55_64,eco_isic4_b,2008,0.23
svn,sex_t,age_aggregate_y55_64,eco_isic4_b,2009,0.196
svn,sex_t,age_aggregate_y55_64,eco_isic4_b,2010,0.158
svn,sex_t,age_aggregate_y55_64,eco_isic4_b,2012,0.1
svn,sex_t,age_aggregate_y55_64,eco_isic4_b,2013,0.181
svn,sex_t,age_aggregate_y55_64,eco_isic4_b,2017,0.157
svn,sex_t,age_aggregate_y55_64,eco_isic4_b,2018,0.517
svn,sex_t,age_aggregate_y55_64,eco_isic4_b,2019,0.287
svn,sex_t,age_aggregate_y55_64,eco_isic4_b,2020,0.397
svn,sex_t,age_aggregate_y55_64,eco_isic4_b,2021,0.144
svn,sex_t,age_aggregate_y55_64,eco_isic4_b,2022,0.201
svn,sex_t,age_aggregate_y55_64,eco_isic4_c,2008,16.37
svn,sex_t,age_aggregate_y55_64,eco_isic4_c,2009,15.055
svn,sex_t,age_aggregate_y55_64,eco_isic4_c,2010,15.98
svn,sex_t,age_aggregate_y55_64,eco_isic4_c,2011,12.799
svn,sex_t,age_aggregate_y55_64,eco_isic4_c,2012,14.203
svn,sex_t,age_aggregate_y55_64,eco_isic4_c,2013,14.95
svn,sex_t,age_aggregate_y55_64,eco_isic4_c,2014,17.527
svn,sex_t,age_aggregate_y55_64,eco_isic4_c,2015,19.439
svn,sex_t,age_aggregate_y55_64,eco_isic4_c,2016,21.454
svn,sex_t,age_aggregate_y55_64,eco_isic4_c,2017,26.019
svn,sex_t,age_aggregate_y55_64,eco_isic4_c,2018,23.783
svn,sex_t,age_aggregate_y55_64,eco_isic4_c,2019,29.315
svn,sex_t,age_aggregate_y55_64,eco_isic4_c,2020,33.279
svn,sex_t,age_aggregate_y55_64,eco_isic4_c,2021,28.064
svn,sex_t,age_aggregate_y55_64,eco_isic4_c,2022,29.744
svn,sex_t,age_aggregate_y55_64,eco_isic4_c,2023,31.375
svn,sex_t,age_aggregate_y55_64,eco_isic4_d,2008,1.408
svn,sex_t,age_aggregate_y55_64,eco_isic4_d,2009,1.355
svn,sex_t,age_aggregate_y55_64,eco_isic4_d,2010,1.129
svn,sex_t,age_aggregate_y55_64,eco_isic4_d,2011,1.488
svn,sex_t,age_aggregate_y55_64,eco_isic4_d,2012,1.41
svn,sex_t,age_aggregate_y55_64,eco_isic4_d,2013,1.124
svn,sex_t,age_aggregate_y55_64,eco_isic4_d,2014,1
svn,sex_t,age_aggregate_y55_64,eco_isic4_d,2015,1.638
svn,sex_t,age_aggregate_y55_64,eco_isic4_d,2016,1.486
svn,sex_t,age_aggregate_y55_64,eco_isic4_d,2017,1.733
svn,sex_t,age_aggregate_y55_64,eco_isic4_d,2018,1.505
svn,sex_t,age_aggregate_y55_64,eco_isic4_d,2019,1.732
svn,sex_t,age_aggregate_y55_64,eco_isic4_d,2020,1.809
svn,sex_t,age_aggregate_y55_64,eco_isic4_d,2021,2.096
svn,sex_t,age_aggregate_y55_64,eco_isic4_d,2022,1.301
svn,sex_t,age_aggregate_y55_64,eco_isic4_d,2023,1.32
svn,sex_t,age_aggregate_y55_64,eco_isic4_e,2008,0.971
svn,sex_t,age_aggregate_y55_64,eco_isic4_e,2009,1.064
svn,sex_t,age_aggregate_y55_64,eco_isic4_e,2010,0.917
svn,sex_t,age_aggregate_y55_64,eco_isic4_e,2011,1.139
svn,sex_t,age_aggregate_y55_64,eco_isic4_e,2012,1.558
svn,sex_t,age_aggregate_y55_64,eco_isic4_e,2013,1.811
svn,sex_t,age_aggregate_y55_64,eco_isic4_e,2014,1.537
svn,sex_t,age_aggregate_y55_64,eco_isic4_e,2015,1.63
svn,sex_t,age_aggregate_y55_64,eco_isic4_e,2016,1.833
svn,sex_t,age_aggregate_y55_64,eco_isic4_e,2017,1.556
svn,sex_t,age_aggregate_y55_64,eco_isic4_e,2018,2.165
svn,sex_t,age_aggregate_y55_64,eco_isic4_e,2019,1.703
svn,sex_t,age_aggregate_y55_64,eco_isic4_e,2020,1.682
svn,sex_t,age_aggregate_y55_64,eco_isic4_e,2021,2.098
svn,sex_t,age_aggregate_y55_64,eco_isic4_e,2022,3.045
svn,sex_t,age_aggregate_y55_64,eco_isic4_e,2023,3.015
svn,sex_t,age_aggregate_y55_64,eco_isic4_f,2008,4.763
svn,sex_t,age_aggregate_y55_64,eco_isic4_f,2009,4.87
svn,sex_t,age_aggregate_y55_64,eco_isic4_f,2010,5.325
svn,sex_t,age_aggregate_y55_64,eco_isic4_f,2011,3.533
svn,sex_t,age_aggregate_y55_64,eco_isic4_f,2012,3.009
svn,sex_t,age_aggregate_y55_64,eco_isic4_f,2013,3.868
svn,sex_t,age_aggregate_y55_64,eco_isic4_f,2014,3.984
svn,sex_t,age_aggregate_y55_64,eco_isic4_f,2015,3.904
svn,sex_t,age_aggregate_y55_64,eco_isic4_f,2016,4.447
svn,sex_t,age_aggregate_y55_64,eco_isic4_f,2017,5.244
svn,sex_t,age_aggregate_y55_64,eco_isic4_f,2018,6.097
svn,sex_t,age_aggregate_y55_64,eco_isic4_f,2019,5.304
svn,sex_t,age_aggregate_y55_64,eco_isic4_f,2020,6.504
svn,sex_t,age_aggregate_y55_64,eco_isic4_f,2021,5.763
svn,sex_t,age_aggregate_y55_64,eco_isic4_f,2022,6.637
svn,sex_t,age_aggregate_y55_64,eco_isic4_f,2023,8.448
svn,sex_t,age_aggregate_y55_64,eco_isic4_g,2008,4.54
svn,sex_t,age_aggregate_y55_64,eco_isic4_g,2009,5.407
svn,sex_t,age_aggregate_y55_64,eco_isic4_g,2010,5.136
svn,sex_t,age_aggregate_y55_64,eco_isic4_g,2011,4.327
svn,sex_t,age_aggregate_y55_64,eco_isic4_g,2012,4.419
svn,sex_t,age_aggregate_y55_64,eco_isic4_g,2013,5.163
svn,sex_t,age_aggregate_y55_64,eco_isic4_g,2014,6.146
svn,sex_t,age_aggregate_y55_64,eco_isic4_g,2015,6.852
svn,sex_t,age_aggregate_y55_64,eco_isic4_g,2016,6.713
svn,sex_t,age_aggregate_y55_64,eco_isic4_g,2017,6.302
svn,sex_t,age_aggregate_y55_64,eco_isic4_g,2018,7.366
svn,sex_t,age_aggregate_y55_64,eco_isic4_g,2019,9.985
svn,sex_t,age_aggregate_y55_64,eco_isic4_g,2020,11.972
svn,sex_t,age_aggregate_y55_64,eco_isic4_g,2021,11.06
svn,sex_t,age_aggregate_y55_64,eco_isic4_g,2022,11.298
svn,sex_t,age_aggregate_y55_64,eco_isic4_g,2023,12.916
svn,sex_t,age_aggregate_y55_64,eco_isic4_h,2008,3.535
svn,sex_t,age_aggregate_y55_64,eco_isic4_h,2009,4.404
svn,sex_t,age_aggregate_y55_64,eco_isic4_h,2010,4.685
svn,sex_t,age_aggregate_y55_64,eco_isic4_h,2011,4.401
svn,sex_t,age_aggregate_y55_64,eco_isic4_h,2012,5.076
svn,sex_t,age_aggregate_y55_64,eco_isic4_h,2013,4.893
svn,sex_t,age_aggregate_y55_64,eco_isic4_h,2014,3.547
svn,sex_t,age_aggregate_y55_64,eco_isic4_h,2015,5.831
svn,sex_t,age_aggregate_y55_64,eco_isic4_h,2016,7.843
svn,sex_t,age_aggregate_y55_64,eco_isic4_h,2017,5.412
svn,sex_t,age_aggregate_y55_64,eco_isic4_h,2018,6.984
svn,sex_t,age_aggregate_y55_64,eco_isic4_h,2019,8.102
svn,sex_t,age_aggregate_y55_64,eco_isic4_h,2020,7.536
svn,sex_t,age_aggregate_y55_64,eco_isic4_h,2021,5.802
svn,sex_t,age_aggregate_y55_64,eco_isic4_h,2022,6.579
svn,sex_t,age_aggregate_y55_64,eco_isic4_h,2023,6.973
svn,sex_t,age_aggregate_y55_64,eco_isic4_i,2008,0.998
svn,sex_t,age_aggregate_y55_64,eco_isic4_i,2009,1.706
svn,sex_t,age_aggregate_y55_64,eco_isic4_i,2010,1.441
svn,sex_t,age_aggregate_y55_64,eco_isic4_i,2011,0.938
svn,sex_t,age_aggregate_y55_64,eco_isic4_i,2012,1.423
svn,sex_t,age_aggregate_y55_64,eco_isic4_i,2013,1.481
svn,sex_t,age_aggregate_y55_64,eco_isic4_i,2014,1.98
svn,sex_t,age_aggregate_y55_64,eco_isic4_i,2015,2.995
svn,sex_t,age_aggregate_y55_64,eco_isic4_i,2016,2.503
svn,sex_t,age_aggregate_y55_64,eco_isic4_i,2017,2.631
svn,sex_t,age_aggregate_y55_64,eco_isic4_i,2018,3.685
svn,sex_t,age_aggregate_y55_64,eco_isic4_i,2019,4.586
svn,sex_t,age_aggregate_y55_64,eco_isic4_i,2020,4.694
svn,sex_t,age_aggregate_y55_64,eco_isic4_i,2021,3.435
svn,sex_t,age_aggregate_y55_64,eco_isic4_i,2022,4.19
svn,sex_t,age_aggregate_y55_64,eco_isic4_i,2023,4.122
svn,sex_t,age_aggregate_y55_64,eco_isic4_j,2008,1.896
svn,sex_t,age_aggregate_y55_64,eco_isic4_j,2009,1.597
svn,sex_t,age_aggregate_y55_64,eco_isic4_j,2010,1.175
svn,sex_t,age_aggregate_y55_64,eco_isic4_j,2011,1.218
svn,sex_t,age_aggregate_y55_64,eco_isic4_j,2012,1.438
svn,sex_t,age_aggregate_y55_64,eco_isic4_j,2013,2.064
svn,sex_t,age_aggregate_y55_64,eco_isic4_j,2014,1.759
svn,sex_t,age_aggregate_y55_64,eco_isic4_j,2015,1.792
svn,sex_t,age_aggregate_y55_64,eco_isic4_j,2016,2.109
svn,sex_t,age_aggregate_y55_64,eco_isic4_j,2017,2.217
svn,sex_t,age_aggregate_y55_64,eco_isic4_j,2018,2.44
svn,sex_t,age_aggregate_y55_64,eco_isic4_j,2019,2.7
svn,sex_t,age_aggregate_y55_64,eco_isic4_j,2020,2.549
svn,sex_t,age_aggregate_y55_64,eco_isic4_j,2021,3.098
svn,sex_t,age_aggregate_y55_64,eco_isic4_j,2022,2.853
svn,sex_t,age_aggregate_y55_64,eco_isic4_j,2023,2.748
svn,sex_t,age_aggregate_y55_64,eco_isic4_k,2008,1.472
svn,sex_t,age_aggregate_y55_64,eco_isic4_k,2009,1.854
svn,sex_t,age_aggregate_y55_64,eco_isic4_k,2010,2.747
svn,sex_t,age_aggregate_y55_64,eco_isic4_k,2011,2.409
svn,sex_t,age_aggregate_y55_64,eco_isic4_k,2012,3.199
svn,sex_t,age_aggregate_y55_64,eco_isic4_k,2013,2.515
svn,sex_t,age_aggregate_y55_64,eco_isic4_k,2014,2.179
svn,sex_t,age_aggregate_y55_64,eco_isic4_k,2015,2.46
svn,sex_t,age_aggregate_y55_64,eco_isic4_k,2016,2.617
svn,sex_t,age_aggregate_y55_64,eco_isic4_k,2017,3.214
svn,sex_t,age_aggregate_y55_64,eco_isic4_k,2018,3.271
svn,sex_t,age_aggregate_y55_64,eco_isic4_k,2019,2.565
svn,sex_t,age_aggregate_y55_64,eco_isic4_k,2020,3.037
svn,sex_t,age_aggregate_y55_64,eco_isic4_k,2021,3.204
svn,sex_t,age_aggregate_y55_64,eco_isic4_k,2022,3.528
svn,sex_t,age_aggregate_y55_64,eco_isic4_k,2023,3.8
svn,sex_t,age_aggregate_y55_64,eco_isic4_l,2008,0.257
svn,sex_t,age_aggregate_y55_64,eco_isic4_l,2009,0.413
svn,sex_t,age_aggregate_y55_64,eco_isic4_l,2010,0.361
svn,sex_t,age_aggregate_y55_64,eco_isic4_l,2011,0.356
svn,sex_t,age_aggregate_y55_64,eco_isic4_l,2012,0.171
svn,sex_t,age_aggregate_y55_64,eco_isic4_l,2013,0.226
svn,sex_t,age_aggregate_y55_64,eco_isic4_l,2014,0.225
svn,sex_t,age_aggregate_y55_64,eco_isic4_l,2015,0.344
svn,sex_t,age_aggregate_y55_64,eco_isic4_l,2016,0.465
svn,sex_t,age_aggregate_y55_64,eco_isic4_l,2017,0.505
svn,sex_t,age_aggregate_y55_64,eco_isic4_l,2018,0.542
svn,sex_t,age_aggregate_y55_64,eco_isic4_l,2019,0.47
svn,sex_t,age_aggregate_y55_64,eco_isic4_l,2020,0.147
svn,sex_t,age_aggregate_y55_64,eco_isic4_l,2021,0.79
svn,sex_t,age_aggregate_y55_64,eco_isic4_l,2022,1.089
svn,sex_t,age_aggregate_y55_64,eco_isic4_l,2023,0.822
svn,sex_t,age_aggregate_y55_64,eco_isic4_m,2008,2.055
svn,sex_t,age_aggregate_y55_64,eco_isic4_m,2009,1.663
svn,sex_t,age_aggregate_y55_64,eco_isic4_m,2010,1.814
svn,sex_t,age_aggregate_y55_64,eco_isic4_m,2011,2.706
svn,sex_t,age_aggregate_y55_64,eco_isic4_m,2012,3.321
svn,sex_t,age_aggregate_y55_64,eco_isic4_m,2013,2.533
svn,sex_t,age_aggregate_y55_64,eco_isic4_m,2014,2.882
svn,sex_t,age_aggregate_y55_64,eco_isic4_m,2015,2.762
svn,sex_t,age_aggregate_y55_64,eco_isic4_m,2016,3.178
svn,sex_t,age_aggregate_y55_64,eco_isic4_m,2017,2.808
svn,sex_t,age_aggregate_y55_64,eco_isic4_m,2018,4.225
svn,sex_t,age_aggregate_y55_64,eco_isic4_m,2019,3.77
svn,sex_t,age_aggregate_y55_64,eco_isic4_m,2020,5.219
svn,sex_t,age_aggregate_y55_64,eco_isic4_m,2021,6.148
svn,sex_t,age_aggregate_y55_64,eco_isic4_m,2022,6.147
svn,sex_t,age_aggregate_y55_64,eco_isic4_m,2023,5.931
svn,sex_t,age_aggregate_y55_64,eco_isic4_n,2008,1.85
svn,sex_t,age_aggregate_y55_64,eco_isic4_n,2009,1.849
svn,sex_t,age_aggregate_y55_64,eco_isic4_n,2010,1.741
svn,sex_t,age_aggregate_y55_64,eco_isic4_n,2011,2.15
svn,sex_t,age_aggregate_y55_64,eco_isic4_n,2012,1.942
svn,sex_t,age_aggregate_y55_64,eco_isic4_n,2013,2.051
svn,sex_t,age_aggregate_y55_64,eco_isic4_n,2014,2.022
svn,sex_t,age_aggregate_y55_64,eco_isic4_n,2015,2.085
svn,sex_t,age_aggregate_y55_64,eco_isic4_n,2016,2.696
svn,sex_t,age_aggregate_y55_64,eco_isic4_n,2017,2.919
svn,sex_t,age_aggregate_y55_64,eco_isic4_n,2018,2.805
svn,sex_t,age_aggregate_y55_64,eco_isic4_n,2019,3.062
svn,sex_t,age_aggregate_y55_64,eco_isic4_n,2020,3.311
svn,sex_t,age_aggregate_y55_64,eco_isic4_n,2021,3.047
svn,sex_t,age_aggregate_y55_64,eco_isic4_n,2022,3.899
svn,sex_t,age_aggregate_y55_64,eco_isic4_n,2023,6.165
svn,sex_t,age_aggregate_y55_64,eco_isic4_o,2008,4.431
svn,sex_t,age_aggregate_y55_64,eco_isic4_o,2009,5.507
svn,sex_t,age_aggregate_y55_64,eco_isic4_o,2010,4.918
svn,sex_t,age_aggregate_y55_64,eco_isic4_o,2011,4.964
svn,sex_t,age_aggregate_y55_64,eco_isic4_o,2012,5.848
svn,sex_t,age_aggregate_y55_64,eco_isic4_o,2013,5.609
svn,sex_t,age_aggregate_y55_64,eco_isic4_o,2014,6.56
svn,sex_t,age_aggregate_y55_64,eco_isic4_o,2015,7.111
svn,sex_t,age_aggregate_y55_64,eco_isic4_o,2016,7.281
svn,sex_t,age_aggregate_y55_64,eco_isic4_o,2017,9.175
svn,sex_t,age_aggregate_y55_64,eco_isic4_o,2018,11.498
svn,sex_t,age_aggregate_y55_64,eco_isic4_o,2019,9.849
svn,sex_t,age_aggregate_y55_64,eco_isic4_o,2020,11.01
svn,sex_t,age_aggregate_y55_64,eco_isic4_o,2021,12.613
svn,sex_t,age_aggregate_y55_64,eco_isic4_o,2022,13.533
svn,sex_t,age_aggregate_y55_64,eco_isic4_o,2023,9.251
svn,sex_t,age_aggregate_y55_64,eco_isic4_p,2008,5.468
svn,sex_t,age_aggregate_y55_64,eco_isic4_p,2009,6.383
svn,sex_t,age_aggregate_y55_64,eco_isic4_p,2010,8.733
svn,sex_t,age_aggregate_y55_64,eco_isic4_p,2011,8.132
svn,sex_t,age_aggregate_y55_64,eco_isic4_p,2012,8.751
svn,sex_t,age_aggregate_y55_64,eco_isic4_p,2013,9.983
svn,sex_t,age_aggregate_y55_64,eco_isic4_p,2014,9.548
svn,sex_t,age_aggregate_y55_64,eco_isic4_p,2015,11.268
svn,sex_t,age_aggregate_y55_64,eco_isic4_p,2016,13.614
svn,sex_t,age_aggregate_y55_64,eco_isic4_p,2017,13.546
svn,sex_t,age_aggregate_y55_64,eco_isic4_p,2018,16.021
svn,sex_t,age_aggregate_y55_64,eco_isic4_p,2019,15.937
svn,sex_t,age_aggregate_y55_64,eco_isic4_p,2020,16.907
svn,sex_t,age_aggregate_y55_64,eco_isic4_p,2021,19.291
svn,sex_t,age_aggregate_y55_64,eco_isic4_p,2022,19.089
svn,sex_t,age_aggregate_y55_64,eco_isic4_p,2023,17.012
svn,sex_t,age_aggregate_y55_64,eco_isic4_q,2008,3.071
svn,sex_t,age_aggregate_y55_64,eco_isic4_q,2009,3.956
svn,sex_t,age_aggregate_y55_64,eco_isic4_q,2010,4.04
svn,sex_t,age_aggregate_y55_64,eco_isic4_q,2011,4.699
svn,sex_t,age_aggregate_y55_64,eco_isic4_q,2012,5.507
svn,sex_t,age_aggregate_y55_64,eco_isic4_q,2013,5.687
svn,sex_t,age_aggregate_y55_64,eco_isic4_q,2014,7.117
svn,sex_t,age_aggregate_y55_64,eco_isic4_q,2015,6.614
svn,sex_t,age_aggregate_y55_64,eco_isic4_q,2016,7.311
svn,sex_t,age_aggregate_y55_64,eco_isic4_q,2017,10.525
svn,sex_t,age_aggregate_y55_64,eco_isic4_q,2018,11.141
svn,sex_t,age_aggregate_y55_64,eco_isic4_q,2019,11.809
svn,sex_t,age_aggregate_y55_64,eco_isic4_q,2020,12.677
svn,sex_t,age_aggregate_y55_64,eco_isic4_q,2021,13.628
svn,sex_t,age_aggregate_y55_64,eco_isic4_q,2022,14.174
svn,sex_t,age_aggregate_y55_64,eco_isic4_q,2023,15.514
svn,sex_t,age_aggregate_y55_64,eco_isic4_r,2008,0.951
svn,sex_t,age_aggregate_y55_64,eco_isic4_r,2009,1.721
svn,sex_t,age_aggregate_y55_64,eco_isic4_r,2010,1.399
svn,sex_t,age_aggregate_y55_64,eco_isic4_r,2011,1.46
svn,sex_t,age_aggregate_y55_64,eco_isic4_r,2012,2.353
svn,sex_t,age_aggregate_y55_64,eco_isic4_r,2013,1.738
svn,sex_t,age_aggregate_y55_64,eco_isic4_r,2014,0.833
svn,sex_t,age_aggregate_y55_64,eco_isic4_r,2015,1.093
svn,sex_t,age_aggregate_y55_64,eco_isic4_r,2016,1.846
svn,sex_t,age_aggregate_y55_64,eco_isic4_r,2017,1.556
svn,sex_t,age_aggregate_y55_64,eco_isic4_r,2018,1.717
svn,sex_t,age_aggregate_y55_64,eco_isic4_r,2019,1.879
svn,sex_t,age_aggregate_y55_64,eco_isic4_r,2020,2.036
svn,sex_t,age_aggregate_y55_64,eco_isic4_r,2021,2.903
svn,sex_t,age_aggregate_y55_64,eco_isic4_r,2022,2.668
svn,sex_t,age_aggregate_y55_64,eco_isic4_r,2023,1.969
svn,sex_t,age_aggregate_y55_64,eco_isic4_s,2008,1.377
svn,sex_t,age_aggregate_y55_64,eco_isic4_s,2009,1.535
svn,sex_t,age_aggregate_y55_64,eco_isic4_s,2010,0.827
svn,sex_t,age_aggregate_y55_64,eco_isic4_s,2011,0.286
svn,sex_t,age_aggregate_y55_64,eco_isic4_s,2012,0.449
svn,sex_t,age_aggregate_y55_64,eco_isic4_s,2013,0.429
svn,sex_t,age_aggregate_y55_64,eco_isic4_s,2014,0.821
svn,sex_t,age_aggregate_y55_64,eco_isic4_s,2015,0.624
svn,sex_t,age_aggregate_y55_64,eco_isic4_s,2016,0.691
svn,sex_t,age_aggregate_y55_64,eco_isic4_s,2017,1.123
svn,sex_t,age_aggregate_y55_64,eco_isic4_s,2018,0.947
svn,sex_t,age_aggregate_y55_64,eco_isic4_s,2019,0.781
svn,sex_t,age_aggregate_y55_64,eco_isic4_s,2020,1.464
svn,sex_t,age_aggregate_y55_64,eco_isic4_s,2021,2.63
svn,sex_t,age_aggregate_y55_64,eco_isic4_s,2022,2.383
svn,sex_t,age_aggregate_y55_64,eco_isic4_s,2023,2.209
svn,sex_t,age_aggregate_y55_64,eco_isic4_t,2011,0.229
svn,sex_t,age_aggregate_y55_64,eco_isic4_t,2012,0.143
svn,sex_t,age_aggregate_y55_64,eco_isic4_t,2021,0.167
svn,sex_t,age_aggregate_y55_64,eco_isic4_t,2022,0.117
svn,sex_t,age_aggregate_y55_64,eco_isic4_t,2023,0.234
svn,sex_t,age_aggregate_y55_64,eco_isic4_total,2008,57.473
svn,sex_t,age_aggregate_y55_64,eco_isic4_total,2009,62
svn,sex_t,age_aggregate_y55_64,eco_isic4_total,2010,63.693
svn,sex_t,age_aggregate_y55_64,eco_isic4_total,2011,58.264
svn,sex_t,age_aggregate_y55_64,eco_isic4_total,2012,65.399
svn,sex_t,age_aggregate_y55_64,eco_isic4_total,2013,67.741
svn,sex_t,age_aggregate_y55_64,eco_isic4_total,2014,71.444
svn,sex_t,age_aggregate_y55_64,eco_isic4_total,2015,80.076
svn,sex_t,age_aggregate_y55_64,eco_isic4_total,2016,89.274
svn,sex_t,age_aggregate_y55_64,eco_isic4_total,2017,98.175
svn,sex_t,age_aggregate_y55_64,eco_isic4_total,2018,108.82
svn,sex_t,age_aggregate_y55_64,eco_isic4_total,2019,116.248
svn,sex_t,age_aggregate_y55_64,eco_isic4_total,2020,128.483
svn,sex_t,age_aggregate_y55_64,eco_isic4_total,2021,127.53
svn,sex_t,age_aggregate_y55_64,eco_isic4_total,2022,133.6
svn,sex_t,age_aggregate_y55_64,eco_isic4_total,2023,136.395
svn,sex_t,age_aggregate_y55_64,eco_isic4_u,2021,0.127
svn,sex_t,age_aggregate_y55_64,eco_isic4_u,2023,0.211
svn,sex_t,age_aggregate_y55_64,eco_isic4_x,2008,0.294
svn,sex_t,age_aggregate_y55_64,eco_isic4_x,2009,0.289
svn,sex_t,age_aggregate_y55_64,eco_isic4_x,2010,0.229
svn,sex_t,age_aggregate_y55_64,eco_isic4_x,2011,0.275
svn,sex_t,age_aggregate_y55_64,eco_isic4_x,2012,0.159
svn,sex_t,age_aggregate_y55_64,eco_isic4_x,2013,0.509
svn,sex_t,age_aggregate_y55_64,eco_isic4_x,2014,0.935
svn,sex_t,age_aggregate_y55_64,eco_isic4_x,2015,0.795
svn,sex_t,age_aggregate_y55_64,eco_isic4_x,2016,0.403
svn,sex_t,age_aggregate_y55_64,eco_isic4_x,2017,0.408
svn,sex_t,age_aggregate_y55_64,eco_isic4_x,2018,0.262
svn,sex_t,age_aggregate_y55_64,eco_isic4_x,2019,0.464
svn,sex_t,age_aggregate_y55_64,eco_isic4_x,2020,0.47
svn,sex_t,age_aggregate_y55_64,eco_isic4_x,2021,0.511
svn,sex_t,age_aggregate_y55_64,eco_isic4_x,2022,0.231
svn,sex_t,age_aggregate_y55_64,eco_isic4_x,2023,0.501
svn,sex_t,age_aggregate_y55_64,eco_sector_agr,1997,0.716
svn,sex_t,age_aggregate_y55_64,eco_sector_agr,1998,0.546
svn,sex_t,age_aggregate_y55_64,eco_sector_agr,1999,0.527
svn,sex_t,age_aggregate_y55_64,eco_sector_agr,2000,0.714
svn,sex_t,age_aggregate_y55_64,eco_sector_agr,2001,0.803
svn,sex_t,age_aggregate_y55_64,eco_sector_agr,2002,0.836
svn,sex_t,age_aggregate_y55_64,eco_sector_agr,2003,0.791
svn,sex_t,age_aggregate_y55_64,eco_sector_agr,2004,1.149
svn,sex_t,age_aggregate_y55_64,eco_sector_agr,2005,1.007
svn,sex_t,age_aggregate_y55_64,eco_sector_agr,2006,0.636
svn,sex_t,age_aggregate_y55_64,eco_sector_agr,2007,1.402
svn,sex_t,age_aggregate_y55_64,eco_sector_agr,2008,1.528
svn,sex_t,age_aggregate_y55_64,eco_sector_agr,2009,1.176
svn,sex_t,age_aggregate_y55_64,eco_sector_agr,2010,0.849
svn,sex_t,age_aggregate_y55_64,eco_sector_agr,2011,0.719
svn,sex_t,age_aggregate_y55_64,eco_sector_agr,2012,0.921
svn,sex_t,age_aggregate_y55_64,eco_sector_agr,2013,0.86
svn,sex_t,age_aggregate_y55_64,eco_sector_agr,2014,0.743
svn,sex_t,age_aggregate_y55_64,eco_sector_agr,2015,0.787
svn,sex_t,age_aggregate_y55_64,eco_sector_agr,2016,0.765
svn,sex_t,age_aggregate_y55_64,eco_sector_agr,2017,1.071
svn,sex_t,age_aggregate_y55_64,eco_sector_agr,2018,1.748
svn,sex_t,age_aggregate_y55_64,eco_sector_agr,2019,1.876
svn,sex_t,age_aggregate_y55_64,eco_sector_agr,2020,1.76
svn,sex_t,age_aggregate_y55_64,eco_sector_agr,2021,0.912
svn,sex_t,age_aggregate_y55_64,eco_sector_agr,2022,0.881
svn,sex_t,age_aggregate_y55_64,eco_sector_agr,2023,1.731
svn,sex_t,age_aggregate_y55_64,eco_sector_ind,1996,8.461
svn,sex_t,age_aggregate_y55_64,eco_sector_ind,1997,8.277
svn,sex_t,age_aggregate_y55_64,eco_sector_ind,1998,8.933
svn,sex_t,age_aggregate_y55_64,eco_sector_ind,1999,10.045
svn,sex_t,age_aggregate_y55_64,eco_sector_ind,2000,8.816
svn,sex_t,age_aggregate_y55_64,eco_sector_ind,2001,9.476
svn,sex_t,age_aggregate_y55_64,eco_sector_ind,2002,12.765
svn,sex_t,age_aggregate_y55_64,eco_sector_ind,2003,10.337
svn,sex_t,age_aggregate_y55_64,eco_sector_ind,2004,15.399
svn,sex_t,age_aggregate_y55_64,eco_sector_ind,2005,18.131
svn,sex_t,age_aggregate_y55_64,eco_sector_ind,2006,19.823
svn,sex_t,age_aggregate_y55_64,eco_sector_ind,2007,21.026
svn,sex_t,age_aggregate_y55_64,eco_sector_ind,2008,23.742
svn,sex_t,age_aggregate_y55_64,eco_sector_ind,2009,22.54
svn,sex_t,age_aggregate_y55_64,eco_sector_ind,2010,23.509
svn,sex_t,age_aggregate_y55_64,eco_sector_ind,2011,18.993
svn,sex_t,age_aggregate_y55_64,eco_sector_ind,2012,20.279
svn,sex_t,age_aggregate_y55_64,eco_sector_ind,2013,21.935
svn,sex_t,age_aggregate_y55_64,eco_sector_ind,2014,24.126
svn,sex_t,age_aggregate_y55_64,eco_sector_ind,2015,26.663
svn,sex_t,age_aggregate_y55_64,eco_sector_ind,2016,29.238
svn,sex_t,age_aggregate_y55_64,eco_sector_ind,2017,34.709
svn,sex_t,age_aggregate_y55_64,eco_sector_ind,2018,34.067
svn,sex_t,age_aggregate_y55_64,eco_sector_ind,2019,38.34
svn,sex_t,age_aggregate_y55_64,eco_sector_ind,2020,43.672
svn,sex_t,age_aggregate_y55_64,eco_sector_ind,2021,38.164
svn,sex_t,age_aggregate_y55_64,eco_sector_ind,2022,40.928
svn,sex_t,age_aggregate_y55_64,eco_sector_ind,2023,44.286
svn,sex_t,age_aggregate_y55_64,eco_sector_nag,1997,19.276
svn,sex_t,age_aggregate_y55_64,eco_sector_nag,1998,25.303
svn,sex_t,age_aggregate_y55_64,eco_sector_nag,1999,24.75
svn,sex_t,age_aggregate_y55_64,eco_sector_nag,2000,24.691
svn,sex_t,age_aggregate_y55_64,eco_sector_nag,2001,25.058
svn,sex_t,age_aggregate_y55_64,eco_sector_nag,2002,31.278
svn,sex_t,age_aggregate_y55_64,eco_sector_nag,2003,29.718
svn,sex_t,age_aggregate_y55_64,eco_sector_nag,2004,39.435
svn,sex_t,age_aggregate_y55_64,eco_sector_nag,2005,42.575
svn,sex_t,age_aggregate_y55_64,eco_sector_nag,2006,47.542
svn,sex_t,age_aggregate_y55_64,eco_sector_nag,2007,51.927
svn,sex_t,age_aggregate_y55_64,eco_sector_nag,2008,55.945
svn,sex_t,age_aggregate_y55_64,eco_sector_nag,2009,60.824
svn,sex_t,age_aggregate_y55_64,eco_sector_nag,2010,62.844
svn,sex_t,age_aggregate_y55_64,eco_sector_nag,2011,57.545
svn,sex_t,age_aggregate_y55_64,eco_sector_nag,2012,64.478
svn,sex_t,age_aggregate_y55_64,eco_sector_nag,2013,66.88
svn,sex_t,age_aggregate_y55_64,eco_sector_nag,2014,70.7
svn,sex_t,age_aggregate_y55_64,eco_sector_nag,2015,79.289
svn,sex_t,age_aggregate_y55_64,eco_sector_nag,2016,88.509
svn,sex_t,age_aggregate_y55_64,eco_sector_nag,2017,97.104
svn,sex_t,age_aggregate_y55_64,eco_sector_nag,2018,107.072
svn,sex_t,age_aggregate_y55_64,eco_sector_nag,2019,114.373
svn,sex_t,age_aggregate_y55_64,eco_sector_nag,2020,126.722
svn,sex_t,age_aggregate_y55_64,eco_sector_nag,2021,126.618
svn,sex_t,age_aggregate_y55_64,eco_sector_nag,2022,132.719
svn,sex_t,age_aggregate_y55_64,eco_sector_nag,2023,134.664
svn,sex_t,age_aggregate_y55_64,eco_sector_ser,1996,11.132
svn,sex_t,age_aggregate_y55_64,eco_sector_ser,1997,10.894
svn,sex_t,age_aggregate_y55_64,eco_sector_ser,1998,16.307
svn,sex_t,age_aggregate_y55_64,eco_sector_ser,1999,14.618
svn,sex_t,age_aggregate_y55_64,eco_sector_ser,2000,15.597
svn,sex_t,age_aggregate_y55_64,eco_sector_ser,2001,15.379
svn,sex_t,age_aggregate_y55_64,eco_sector_ser,2002,18.323
svn,sex_t,age_aggregate_y55_64,eco_sector_ser,2003,19.322
svn,sex_t,age_aggregate_y55_64,eco_sector_ser,2004,23.529
svn,sex_t,age_aggregate_y55_64,eco_sector_ser,2005,24.348
svn,sex_t,age_aggregate_y55_64,eco_sector_ser,2006,27.588
svn,sex_t,age_aggregate_y55_64,eco_sector_ser,2007,30.392
svn,sex_t,age_aggregate_y55_64,eco_sector_ser,2008,31.908
svn,sex_t,age_aggregate_y55_64,eco_sector_ser,2009,37.995
svn,sex_t,age_aggregate_y55_64,eco_sector_ser,2010,39.106
svn,sex_t,age_aggregate_y55_64,eco_sector_ser,2011,38.276
svn,sex_t,age_aggregate_y55_64,eco_sector_ser,2012,44.04
svn,sex_t,age_aggregate_y55_64,eco_sector_ser,2013,44.436
svn,sex_t,age_aggregate_y55_64,eco_sector_ser,2014,45.639
svn,sex_t,age_aggregate_y55_64,eco_sector_ser,2015,51.831
svn,sex_t,age_aggregate_y55_64,eco_sector_ser,2016,58.868
svn,sex_t,age_aggregate_y55_64,eco_sector_ser,2017,61.987
svn,sex_t,age_aggregate_y55_64,eco_sector_ser,2018,72.743
svn,sex_t,age_aggregate_y55_64,eco_sector_ser,2019,75.568
svn,sex_t,age_aggregate_y55_64,eco_sector_ser,2020,82.581
svn,sex_t,age_aggregate_y55_64,eco_sector_ser,2021,87.943
svn,sex_t,age_aggregate_y55_64,eco_sector_ser,2022,91.561
svn,sex_t,age_aggregate_y55_64,eco_sector_ser,2023,89.878
svn,sex_t,age_aggregate_y55_64,eco_sector_total,1996,19.941
svn,sex_t,age_aggregate_y55_64,eco_sector_total,1997,19.991
svn,sex_t,age_aggregate_y55_64,eco_sector_total,1998,25.849
svn,sex_t,age_aggregate_y55_64,eco_sector_total,1999,25.276
svn,sex_t,age_aggregate_y55_64,eco_sector_total,2000,25.406
svn,sex_t,age_aggregate_y55_64,eco_sector_total,2001,25.861
svn,sex_t,age_aggregate_y55_64,eco_sector_total,2002,32.113
svn,sex_t,age_aggregate_y55_64,eco_sector_total,2003,30.509
svn,sex_t,age_aggregate_y55_64,eco_sector_total,2004,40.584
svn,sex_t,age_aggregate_y55_64,eco_sector_total,2005,43.583
svn,sex_t,age_aggregate_y55_64,eco_sector_total,2006,48.178
svn,sex_t,age_aggregate_y55_64,eco_sector_total,2007,53.329
svn,sex_t,age_aggregate_y55_64,eco_sector_total,2008,57.473
svn,sex_t,age_aggregate_y55_64,eco_sector_total,2009,62
svn,sex_t,age_aggregate_y55_64,eco_sector_total,2010,63.693
svn,sex_t,age_aggregate_y55_64,eco_sector_total,2011,58.264
svn,sex_t,age_aggregate_y55_64,eco_sector_total,2012,65.399
svn,sex_t,age_aggregate_y55_64,eco_sector_total,2013,67.741
svn,sex_t,age_aggregate_y55_64,eco_sector_total,2014,71.444
svn,sex_t,age_aggregate_y55_64,eco_sector_total,2015,80.076
svn,sex_t,age_aggregate_y55_64,eco_sector_total,2016,89.274
svn,sex_t,age_aggregate_y55_64,eco_sector_total,2017,98.175
svn,sex_t,age_aggregate_y55_64,eco_sector_total,2018,108.82
svn,sex_t,age_aggregate_y55_64,eco_sector_total,2019,116.248
svn,sex_t,age_aggregate_y55_64,eco_sector_total,2020,128.483
svn,sex_t,age_aggregate_y55_64,eco_sector_total,2021,127.53
svn,sex_t,age_aggregate_y55_64,eco_sector_total,2022,133.6
svn,sex_t,age_aggregate_y55_64,eco_sector_total,2023,136.395
svn,sex_t,age_aggregate_y55_64,eco_sector_x,2004,0.507
svn,sex_t,age_aggregate_y55_64,eco_sector_x,2006,0.131
svn,sex_t,age_aggregate_y55_64,eco_sector_x,2007,0.509
svn,sex_t,age_aggregate_y55_64,eco_sector_x,2008,0.294
svn,sex_t,age_aggregate_y55_64,eco_sector_x,2009,0.289
svn,sex_t,age_aggregate_y55_64,eco_sector_x,2010,0.229
svn,sex_t,age_aggregate_y55_64,eco_sector_x,2011,0.275
svn,sex_t,age_aggregate_y55_64,eco_sector_x,2012,0.159
svn,sex_t,age_aggregate_y55_64,eco_sector_x,2013,0.509
svn,sex_t,age_aggregate_y55_64,eco_sector_x,2014,0.935
svn,sex_t,age_aggregate_y55_64,eco_sector_x,2015,0.795
svn,sex_t,age_aggregate_y55_64,eco_sector_x,2016,0.403
svn,sex_t,age_aggregate_y55_64,eco_sector_x,2017,0.408
svn,sex_t,age_aggregate_y55_64,eco_sector_x,2018,0.262
svn,sex_t,age_aggregate_y55_64,eco_sector_x,2019,0.464
svn,sex_t,age_aggregate_y55_64,eco_sector_x,2020,0.47
svn,sex_t,age_aggregate_y55_64,eco_sector_x,2021,0.511
svn,sex_t,age_aggregate_y55_64,eco_sector_x,2022,0.231
svn,sex_t,age_aggregate_y55_64,eco_sector_x,2023,0.501
svn,sex_t,age_aggregate_yge65,eco_aggregate_agr,2005,0.324
svn,sex_t,age_aggregate_yge65,eco_aggregate_agr,2007,0.098
svn,sex_t,age_aggregate_yge65,eco_aggregate_agr,2008,0.18
svn,sex_t,age_aggregate_yge65,eco_aggregate_agr,2020,0.115
svn,sex_t,age_aggregate_yge65,eco_aggregate_agr,2021,0.227
svn,sex_t,age_aggregate_yge65,eco_aggregate_agr,2022,0.149
svn,sex_t,age_aggregate_yge65,eco_aggregate_con,2017,0.195
svn,sex_t,age_aggregate_yge65,eco_aggregate_con,2018,0.201
svn,sex_t,age_aggregate_yge65,eco_aggregate_con,2019,0.219
svn,sex_t,age_aggregate_yge65,eco_aggregate_con,2020,0.155
svn,sex_t,age_aggregate_yge65,eco_aggregate_con,2022,0.35
svn,sex_t,age_aggregate_yge65,eco_aggregate_con,2023,0.44
svn,sex_t,age_aggregate_yge65,eco_aggregate_man,1997,0.922
svn,sex_t,age_aggregate_yge65,eco_aggregate_man,2002,0.372
svn,sex_t,age_aggregate_yge65,eco_aggregate_man,2003,0.495
svn,sex_t,age_aggregate_yge65,eco_aggregate_man,2005,0.28
svn,sex_t,age_aggregate_yge65,eco_aggregate_man,2006,0.332
svn,sex_t,age_aggregate_yge65,eco_aggregate_man,2007,0.426
svn,sex_t,age_aggregate_yge65,eco_aggregate_man,2009,0.123
svn,sex_t,age_aggregate_yge65,eco_aggregate_man,2010,0.637
svn,sex_t,age_aggregate_yge65,eco_aggregate_man,2011,0.172
svn,sex_t,age_aggregate_yge65,eco_aggregate_man,2012,0.186
svn,sex_t,age_aggregate_yge65,eco_aggregate_man,2013,0.534
svn,sex_t,age_aggregate_yge65,eco_aggregate_man,2014,0.256
svn,sex_t,age_aggregate_yge65,eco_aggregate_man,2015,0.184
svn,sex_t,age_aggregate_yge65,eco_aggregate_man,2016,0.383
svn,sex_t,age_aggregate_yge65,eco_aggregate_man,2017,0.567
svn,sex_t,age_aggregate_yge65,eco_aggregate_man,2018,0.466
svn,sex_t,age_aggregate_yge65,eco_aggregate_man,2019,0.386
svn,sex_t,age_aggregate_yge65,eco_aggregate_man,2020,0.6
svn,sex_t,age_aggregate_yge65,eco_aggregate_man,2021,0.751
svn,sex_t,age_aggregate_yge65,eco_aggregate_man,2022,0.844
svn,sex_t,age_aggregate_yge65,eco_aggregate_man,2023,0.643
svn,sex_t,age_aggregate_yge65,eco_aggregate_mel,2018,0.121
svn,sex_t,age_aggregate_yge65,eco_aggregate_mel,2019,0.156
svn,sex_t,age_aggregate_yge65,eco_aggregate_mel,2021,0.174
svn,sex_t,age_aggregate_yge65,eco_aggregate_mel,2022,0.175
svn,sex_t,age_aggregate_yge65,eco_aggregate_mkt,1996,0.632
svn,sex_t,age_aggregate_yge65,eco_aggregate_mkt,1997,0.754
svn,sex_t,age_aggregate_yge65,eco_aggregate_mkt,1998,1.694
svn,sex_t,age_aggregate_yge65,eco_aggregate_mkt,2005,0.928
svn,sex_t,age_aggregate_yge65,eco_aggregate_mkt,2006,0.59
svn,sex_t,age_aggregate_yge65,eco_aggregate_mkt,2007,0.936
svn,sex_t,age_aggregate_yge65,eco_aggregate_mkt,2008,0.657
svn,sex_t,age_aggregate_yge65,eco_aggregate_mkt,2009,0.68
svn,sex_t,age_aggregate_yge65,eco_aggregate_mkt,2010,0.491
svn,sex_t,age_aggregate_yge65,eco_aggregate_mkt,2011,0.776
svn,sex_t,age_aggregate_yge65,eco_aggregate_mkt,2012,0.844
svn,sex_t,age_aggregate_yge65,eco_aggregate_mkt,2013,1.023
svn,sex_t,age_aggregate_yge65,eco_aggregate_mkt,2014,0.78
svn,sex_t,age_aggregate_yge65,eco_aggregate_mkt,2015,0.731
svn,sex_t,age_aggregate_yge65,eco_aggregate_mkt,2016,0.846
svn,sex_t,age_aggregate_yge65,eco_aggregate_mkt,2017,1.475
svn,sex_t,age_aggregate_yge65,eco_aggregate_mkt,2018,1.56
svn,sex_t,age_aggregate_yge65,eco_aggregate_mkt,2019,1.227
svn,sex_t,age_aggregate_yge65,eco_aggregate_mkt,2020,1.64
svn,sex_t,age_aggregate_yge65,eco_aggregate_mkt,2021,2.073
svn,sex_t,age_aggregate_yge65,eco_aggregate_mkt,2022,2.599
svn,sex_t,age_aggregate_yge65,eco_aggregate_mkt,2023,2.895
svn,sex_t,age_aggregate_yge65,eco_aggregate_pub,1996,0.579
svn,sex_t,age_aggregate_yge65,eco_aggregate_pub,1997,1.15
svn,sex_t,age_aggregate_yge65,eco_aggregate_pub,1998,0.932
svn,sex_t,age_aggregate_yge65,eco_aggregate_pub,1999,1.64
svn,sex_t,age_aggregate_yge65,eco_aggregate_pub,2000,1.435
svn,sex_t,age_aggregate_yge65,eco_aggregate_pub,2001,0.931
svn,sex_t,age_aggregate_yge65,eco_aggregate_pub,2002,1.186
svn,sex_t,age_aggregate_yge65,eco_aggregate_pub,2003,0.855
svn,sex_t,age_aggregate_yge65,eco_aggregate_pub,2004,1.454
svn,sex_t,age_aggregate_yge65,eco_aggregate_pub,2005,1.848
svn,sex_t,age_aggregate_yge65,eco_aggregate_pub,2006,2.026
svn,sex_t,age_aggregate_yge65,eco_aggregate_pub,2007,1.32
svn,sex_t,age_aggregate_yge65,eco_aggregate_pub,2008,0.938
svn,sex_t,age_aggregate_yge65,eco_aggregate_pub,2009,1.591
svn,sex_t,age_aggregate_yge65,eco_aggregate_pub,2010,1.85
svn,sex_t,age_aggregate_yge65,eco_aggregate_pub,2011,1.577
svn,sex_t,age_aggregate_yge65,eco_aggregate_pub,2012,1.161
svn,sex_t,age_aggregate_yge65,eco_aggregate_pub,2013,1.584
svn,sex_t,age_aggregate_yge65,eco_aggregate_pub,2014,1.408
svn,sex_t,age_aggregate_yge65,eco_aggregate_pub,2015,1.453
svn,sex_t,age_aggregate_yge65,eco_aggregate_pub,2016,2.043
svn,sex_t,age_aggregate_yge65,eco_aggregate_pub,2017,2.039
svn,sex_t,age_aggregate_yge65,eco_aggregate_pub,2018,1.882
svn,sex_t,age_aggregate_yge65,eco_aggregate_pub,2019,2.504
svn,sex_t,age_aggregate_yge65,eco_aggregate_pub,2020,2.935
svn,sex_t,age_aggregate_yge65,eco_aggregate_pub,2021,3.784
svn,sex_t,age_aggregate_yge65,eco_aggregate_pub,2022,4.048
svn,sex_t,age_aggregate_yge65,eco_aggregate_pub,2023,3.175
svn,sex_t,age_aggregate_yge65,eco_aggregate_total,1996,1.661
svn,sex_t,age_aggregate_yge65,eco_aggregate_total,1997,3.377
svn,sex_t,age_aggregate_yge65,eco_aggregate_total,1998,3.019
svn,sex_t,age_aggregate_yge65,eco_aggregate_total,1999,2.065
svn,sex_t,age_aggregate_yge65,eco_aggregate_total,2000,1.63
svn,sex_t,age_aggregate_yge65,eco_aggregate_total,2001,1.54
svn,sex_t,age_aggregate_yge65,eco_aggregate_total,2002,1.802
svn,sex_t,age_aggregate_yge65,eco_aggregate_total,2003,1.954
svn,sex_t,age_aggregate_yge65,eco_aggregate_total,2004,2.598
svn,sex_t,age_aggregate_yge65,eco_aggregate_total,2005,3.429
svn,sex_t,age_aggregate_yge65,eco_aggregate_total,2006,3.062
svn,sex_t,age_aggregate_yge65,eco_aggregate_total,2007,2.922
svn,sex_t,age_aggregate_yge65,eco_aggregate_total,2008,2.001
svn,sex_t,age_aggregate_yge65,eco_aggregate_total,2009,2.61
svn,sex_t,age_aggregate_yge65,eco_aggregate_total,2010,3.241
svn,sex_t,age_aggregate_yge65,eco_aggregate_total,2011,2.878
svn,sex_t,age_aggregate_yge65,eco_aggregate_total,2012,2.305
svn,sex_t,age_aggregate_yge65,eco_aggregate_total,2013,3.32
svn,sex_t,age_aggregate_yge65,eco_aggregate_total,2014,2.564
svn,sex_t,age_aggregate_yge65,eco_aggregate_total,2015,2.561
svn,sex_t,age_aggregate_yge65,eco_aggregate_total,2016,3.546
svn,sex_t,age_aggregate_yge65,eco_aggregate_total,2017,4.438
svn,sex_t,age_aggregate_yge65,eco_aggregate_total,2018,4.288
svn,sex_t,age_aggregate_yge65,eco_aggregate_total,2019,4.728
svn,sex_t,age_aggregate_yge65,eco_aggregate_total,2020,5.585
svn,sex_t,age_aggregate_yge65,eco_aggregate_total,2021,7.154
svn,sex_t,age_aggregate_yge65,eco_aggregate_total,2022,8.198
svn,sex_t,age_aggregate_yge65,eco_aggregate_total,2023,7.308
svn,sex_t,age_aggregate_yge65,eco_aggregate_x,2009,0.152
svn,sex_t,age_aggregate_yge65,eco_aggregate_x,2010,0.14
svn,sex_t,age_aggregate_yge65,eco_aggregate_x,2019,0.236
svn,sex_t,age_aggregate_yge65,eco_aggregate_x,2021,0.079
svn,sex_t,age_aggregate_yge65,eco_isic3_a,2005,0.324
svn,sex_t,age_aggregate_yge65,eco_isic3_a,2007,0.098
svn,sex_t,age_aggregate_yge65,eco_isic3_d,1997,0.922
svn,sex_t,age_aggregate_yge65,eco_isic3_d,2002,0.372
svn,sex_t,age_aggregate_yge65,eco_isic3_d,2003,0.495
svn,sex_t,age_aggregate_yge65,eco_isic3_d,2005,0.28
svn,sex_t,age_aggregate_yge65,eco_isic3_d,2006,0.332
svn,sex_t,age_aggregate_yge65,eco_isic3_d,2007,0.426
svn,sex_t,age_aggregate_yge65,eco_isic3_g,2007,0.245
svn,sex_t,age_aggregate_yge65,eco_isic3_i,2007,0.229
svn,sex_t,age_aggregate_yge65,eco_isic3_k,1998,0.753
svn,sex_t,age_aggregate_yge65,eco_isic3_k,2005,0.747
svn,sex_t,age_aggregate_yge65,eco_isic3_k,2006,0.253
svn,sex_t,age_aggregate_yge65,eco_isic3_k,2007,0.393
svn,sex_t,age_aggregate_yge65,eco_isic3_l,2003,0.299
svn,sex_t,age_aggregate_yge65,eco_isic3_l,2004,0.679
svn,sex_t,age_aggregate_yge65,eco_isic3_l,2005,0.503
svn,sex_t,age_aggregate_yge65,eco_isic3_l,2006,0.669
svn,sex_t,age_aggregate_yge65,eco_isic3_l,2007,0.376
svn,sex_t,age_aggregate_yge65,eco_isic3_m,1998,0.649
svn,sex_t,age_aggregate_yge65,eco_isic3_m,2005,0.76
svn,sex_t,age_aggregate_yge65,eco_isic3_m,2006,0.411
svn,sex_t,age_aggregate_yge65,eco_isic3_m,2007,0.208
svn,sex_t,age_aggregate_yge65,eco_isic3_n,2003,0.406
svn,sex_t,age_aggregate_yge65,eco_isic3_n,2005,0.237
svn,sex_t,age_aggregate_yge65,eco_isic3_n,2006,0.335
svn,sex_t,age_aggregate_yge65,eco_isic3_n,2007,0.494
svn,sex_t,age_aggregate_yge65,eco_isic3_o,1999,0.764
svn,sex_t,age_aggregate_yge65,eco_isic3_o,2001,0.641
svn,sex_t,age_aggregate_yge65,eco_isic3_o,2005,0.349
svn,sex_t,age_aggregate_yge65,eco_isic3_o,2006,0.468
svn,sex_t,age_aggregate_yge65,eco_isic3_o,2007,0.186
svn,sex_t,age_aggregate_yge65,eco_isic3_total,1996,1.661
svn,sex_t,age_aggregate_yge65,eco_isic3_total,1997,3.377
svn,sex_t,age_aggregate_yge65,eco_isic3_total,1998,3.019
svn,sex_t,age_aggregate_yge65,eco_isic3_total,1999,2.065
svn,sex_t,age_aggregate_yge65,eco_isic3_total,2000,1.63
svn,sex_t,age_aggregate_yge65,eco_isic3_total,2001,1.54
svn,sex_t,age_aggregate_yge65,eco_isic3_total,2002,1.802
svn,sex_t,age_aggregate_yge65,eco_isic3_total,2003,1.954
svn,sex_t,age_aggregate_yge65,eco_isic3_total,2004,2.598
svn,sex_t,age_aggregate_yge65,eco_isic3_total,2005,3.429
svn,sex_t,age_aggregate_yge65,eco_isic3_total,2006,3.062
svn,sex_t,age_aggregate_yge65,eco_isic3_total,2007,2.922
svn,sex_t,age_aggregate_yge65,eco_isic4_a,2008,0.18
svn,sex_t,age_aggregate_yge65,eco_isic4_a,2020,0.115
svn,sex_t,age_aggregate_yge65,eco_isic4_a,2021,0.227
svn,sex_t,age_aggregate_yge65,eco_isic4_a,2022,0.149
svn,sex_t,age_aggregate_yge65,eco_isic4_c,2009,0.123
svn,sex_t,age_aggregate_yge65,eco_isic4_c,2010,0.637
svn,sex_t,age_aggregate_yge65,eco_isic4_c,2011,0.172
svn,sex_t,age_aggregate_yge65,eco_isic4_c,2012,0.186
svn,sex_t,age_aggregate_yge65,eco_isic4_c,2013,0.534
svn,sex_t,age_aggregate_yge65,eco_isic4_c,2014,0.256
svn,sex_t,age_aggregate_yge65,eco_isic4_c,2015,0.184
svn,sex_t,age_aggregate_yge65,eco_isic4_c,2016,0.383
svn,sex_t,age_aggregate_yge65,eco_isic4_c,2017,0.567
svn,sex_t,age_aggregate_yge65,eco_isic4_c,2018,0.466
svn,sex_t,age_aggregate_yge65,eco_isic4_c,2019,0.386
svn,sex_t,age_aggregate_yge65,eco_isic4_c,2020,0.6
svn,sex_t,age_aggregate_yge65,eco_isic4_c,2021,0.751
svn,sex_t,age_aggregate_yge65,eco_isic4_c,2022,0.844
svn,sex_t,age_aggregate_yge65,eco_isic4_c,2023,0.643
svn,sex_t,age_aggregate_yge65,eco_isic4_d,2019,0.128
svn,sex_t,age_aggregate_yge65,eco_isic4_d,2021,0.154
svn,sex_t,age_aggregate_yge65,eco_isic4_f,2017,0.195
svn,sex_t,age_aggregate_yge65,eco_isic4_f,2018,0.201
svn,sex_t,age_aggregate_yge65,eco_isic4_f,2019,0.219
svn,sex_t,age_aggregate_yge65,eco_isic4_f,2020,0.155
svn,sex_t,age_aggregate_yge65,eco_isic4_f,2022,0.35
svn,sex_t,age_aggregate_yge65,eco_isic4_f,2023,0.44
svn,sex_t,age_aggregate_yge65,eco_isic4_g,2008,0.096
svn,sex_t,age_aggregate_yge65,eco_isic4_g,2011,0.255
svn,sex_t,age_aggregate_yge65,eco_isic4_g,2012,0.2
svn,sex_t,age_aggregate_yge65,eco_isic4_g,2014,0.156
svn,sex_t,age_aggregate_yge65,eco_isic4_g,2015,0.319
svn,sex_t,age_aggregate_yge65,eco_isic4_g,2017,0.329
svn,sex_t,age_aggregate_yge65,eco_isic4_g,2018,0.274
svn,sex_t,age_aggregate_yge65,eco_isic4_g,2019,0.308
svn,sex_t,age_aggregate_yge65,eco_isic4_g,2020,0.135
svn,sex_t,age_aggregate_yge65,eco_isic4_g,2021,0.172
svn,sex_t,age_aggregate_yge65,eco_isic4_g,2022,0.313
svn,sex_t,age_aggregate_yge65,eco_isic4_g,2023,0.629
svn,sex_t,age_aggregate_yge65,eco_isic4_h,2016,0.166
svn,sex_t,age_aggregate_yge65,eco_isic4_h,2017,0.181
svn,sex_t,age_aggregate_yge65,eco_isic4_h,2018,0.286
svn,sex_t,age_aggregate_yge65,eco_isic4_h,2019,0.15
svn,sex_t,age_aggregate_yge65,eco_isic4_h,2020,0.146
svn,sex_t,age_aggregate_yge65,eco_isic4_h,2021,0.306
svn,sex_t,age_aggregate_yge65,eco_isic4_h,2022,0.546
svn,sex_t,age_aggregate_yge65,eco_isic4_h,2023,0.263
svn,sex_t,age_aggregate_yge65,eco_isic4_i,2021,0.18
svn,sex_t,age_aggregate_yge65,eco_isic4_i,2022,0.172
svn,sex_t,age_aggregate_yge65,eco_isic4_i,2023,0.336
svn,sex_t,age_aggregate_yge65,eco_isic4_j,2008,0.124
svn,sex_t,age_aggregate_yge65,eco_isic4_j,2010,0.207
svn,sex_t,age_aggregate_yge65,eco_isic4_j,2013,0.268
svn,sex_t,age_aggregate_yge65,eco_isic4_j,2014,0.199
svn,sex_t,age_aggregate_yge65,eco_isic4_j,2016,0.186
svn,sex_t,age_aggregate_yge65,eco_isic4_j,2017,0.105
svn,sex_t,age_aggregate_yge65,eco_isic4_j,2018,0.274
svn,sex_t,age_aggregate_yge65,eco_isic4_j,2019,0.245
svn,sex_t,age_aggregate_yge65,eco_isic4_j,2020,0.527
svn,sex_t,age_aggregate_yge65,eco_isic4_j,2021,0.152
svn,sex_t,age_aggregate_yge65,eco_isic4_j,2022,0.278
svn,sex_t,age_aggregate_yge65,eco_isic4_j,2023,0.193
svn,sex_t,age_aggregate_yge65,eco_isic4_k,2019,0.269
svn,sex_t,age_aggregate_yge65,eco_isic4_k,2020,0.172
svn,sex_t,age_aggregate_yge65,eco_isic4_k,2021,0.103
svn,sex_t,age_aggregate_yge65,eco_isic4_k,2022,0.194
svn,sex_t,age_aggregate_yge65,eco_isic4_m,2008,0.37
svn,sex_t,age_aggregate_yge65,eco_isic4_m,2009,0.229
svn,sex_t,age_aggregate_yge65,eco_isic4_m,2010,0.1
svn,sex_t,age_aggregate_yge65,eco_isic4_m,2011,0.133
svn,sex_t,age_aggregate_yge65,eco_isic4_m,2012,0.349
svn,sex_t,age_aggregate_yge65,eco_isic4_m,2013,0.478
svn,sex_t,age_aggregate_yge65,eco_isic4_m,2015,0.149
svn,sex_t,age_aggregate_yge65,eco_isic4_m,2017,0.32
svn,sex_t,age_aggregate_yge65,eco_isic4_m,2018,0.166
svn,sex_t,age_aggregate_yge65,eco_isic4_m,2019,0.178
svn,sex_t,age_aggregate_yge65,eco_isic4_m,2020,0.339
svn,sex_t,age_aggregate_yge65,eco_isic4_m,2021,1.02
svn,sex_t,age_aggregate_yge65,eco_isic4_m,2022,0.833
svn,sex_t,age_aggregate_yge65,eco_isic4_m,2023,1.003
svn,sex_t,age_aggregate_yge65,eco_isic4_n,2017,0.28
svn,sex_t,age_aggregate_yge65,eco_isic4_n,2018,0.21
svn,sex_t,age_aggregate_yge65,eco_isic4_n,2020,0.202
svn,sex_t,age_aggregate_yge65,eco_isic4_n,2021,0.09
svn,sex_t,age_aggregate_yge65,eco_isic4_n,2022,0.168
svn,sex_t,age_aggregate_yge65,eco_isic4_n,2023,0.372
svn,sex_t,age_aggregate_yge65,eco_isic4_o,2008,0.156
svn,sex_t,age_aggregate_yge65,eco_isic4_o,2009,0.136
svn,sex_t,age_aggregate_yge65,eco_isic4_o,2010,0.195
svn,sex_t,age_aggregate_yge65,eco_isic4_o,2011,0.298
svn,sex_t,age_aggregate_yge65,eco_isic4_o,2012,0.238
svn,sex_t,age_aggregate_yge65,eco_isic4_o,2013,0.437
svn,sex_t,age_aggregate_yge65,eco_isic4_o,2014,0.278
svn,sex_t,age_aggregate_yge65,eco_isic4_o,2016,0.169
svn,sex_t,age_aggregate_yge65,eco_isic4_o,2017,0.317
svn,sex_t,age_aggregate_yge65,eco_isic4_o,2018,0.442
svn,sex_t,age_aggregate_yge65,eco_isic4_o,2019,0.7
svn,sex_t,age_aggregate_yge65,eco_isic4_o,2020,0.668
svn,sex_t,age_aggregate_yge65,eco_isic4_o,2021,0.63
svn,sex_t,age_aggregate_yge65,eco_isic4_o,2022,0.733
svn,sex_t,age_aggregate_yge65,eco_isic4_o,2023,1.069
svn,sex_t,age_aggregate_yge65,eco_isic4_p,2008,0.166
svn,sex_t,age_aggregate_yge65,eco_isic4_p,2009,0.627
svn,sex_t,age_aggregate_yge65,eco_isic4_p,2010,0.663
svn,sex_t,age_aggregate_yge65,eco_isic4_p,2011,0.425
svn,sex_t,age_aggregate_yge65,eco_isic4_p,2012,0.353
svn,sex_t,age_aggregate_yge65,eco_isic4_p,2013,0.336
svn,sex_t,age_aggregate_yge65,eco_isic4_p,2014,0.341
svn,sex_t,age_aggregate_yge65,eco_isic4_p,2015,0.383
svn,sex_t,age_aggregate_yge65,eco_isic4_p,2016,0.619
svn,sex_t,age_aggregate_yge65,eco_isic4_p,2017,0.651
svn,sex_t,age_aggregate_yge65,eco_isic4_p,2018,0.383
svn,sex_t,age_aggregate_yge65,eco_isic4_p,2019,0.754
svn,sex_t,age_aggregate_yge65,eco_isic4_p,2020,1.212
svn,sex_t,age_aggregate_yge65,eco_isic4_p,2021,1.049
svn,sex_t,age_aggregate_yge65,eco_isic4_p,2022,1.041
svn,sex_t,age_aggregate_yge65,eco_isic4_p,2023,0.557
svn,sex_t,age_aggregate_yge65,eco_isic4_q,2008,0.454
svn,sex_t,age_aggregate_yge65,eco_isic4_q,2009,0.388
svn,sex_t,age_aggregate_yge65,eco_isic4_q,2010,0.597
svn,sex_t,age_aggregate_yge65,eco_isic4_q,2011,0.691
svn,sex_t,age_aggregate_yge65,eco_isic4_q,2012,0.434
svn,sex_t,age_aggregate_yge65,eco_isic4_q,2013,0.652
svn,sex_t,age_aggregate_yge65,eco_isic4_q,2014,0.555
svn,sex_t,age_aggregate_yge65,eco_isic4_q,2015,0.701
svn,sex_t,age_aggregate_yge65,eco_isic4_q,2016,0.894
svn,sex_t,age_aggregate_yge65,eco_isic4_q,2017,0.586
svn,sex_t,age_aggregate_yge65,eco_isic4_q,2018,0.538
svn,sex_t,age_aggregate_yge65,eco_isic4_q,2019,0.809
svn,sex_t,age_aggregate_yge65,eco_isic4_q,2020,0.694
svn,sex_t,age_aggregate_yge65,eco_isic4_q,2021,1.155
svn,sex_t,age_aggregate_yge65,eco_isic4_q,2022,1.113
svn,sex_t,age_aggregate_yge65,eco_isic4_q,2023,1.035
svn,sex_t,age_aggregate_yge65,eco_isic4_r,2008,0.143
svn,sex_t,age_aggregate_yge65,eco_isic4_r,2009,0.232
svn,sex_t,age_aggregate_yge65,eco_isic4_r,2010,0.25
svn,sex_t,age_aggregate_yge65,eco_isic4_r,2017,0.227
svn,sex_t,age_aggregate_yge65,eco_isic4_r,2018,0.202
svn,sex_t,age_aggregate_yge65,eco_isic4_r,2019,0.181
svn,sex_t,age_aggregate_yge65,eco_isic4_r,2021,0.208
svn,sex_t,age_aggregate_yge65,eco_isic4_r,2022,0.294
svn,sex_t,age_aggregate_yge65,eco_isic4_r,2023,0.201
svn,sex_t,age_aggregate_yge65,eco_isic4_s,2010,0.147
svn,sex_t,age_aggregate_yge65,eco_isic4_s,2017,0.258
svn,sex_t,age_aggregate_yge65,eco_isic4_s,2018,0.317
svn,sex_t,age_aggregate_yge65,eco_isic4_s,2020,0.263
svn,sex_t,age_aggregate_yge65,eco_isic4_s,2021,0.742
svn,sex_t,age_aggregate_yge65,eco_isic4_s,2022,0.808
svn,sex_t,age_aggregate_yge65,eco_isic4_s,2023,0.314
svn,sex_t,age_aggregate_yge65,eco_isic4_total,2008,2.001
svn,sex_t,age_aggregate_yge65,eco_isic4_total,2009,2.61
svn,sex_t,age_aggregate_yge65,eco_isic4_total,2010,3.241
svn,sex_t,age_aggregate_yge65,eco_isic4_total,2011,2.878
svn,sex_t,age_aggregate_yge65,eco_isic4_total,2012,2.305
svn,sex_t,age_aggregate_yge65,eco_isic4_total,2013,3.32
svn,sex_t,age_aggregate_yge65,eco_isic4_total,2014,2.564
svn,sex_t,age_aggregate_yge65,eco_isic4_total,2015,2.561
svn,sex_t,age_aggregate_yge65,eco_isic4_total,2016,3.546
svn,sex_t,age_aggregate_yge65,eco_isic4_total,2017,4.438
svn,sex_t,age_aggregate_yge65,eco_isic4_total,2018,4.288
svn,sex_t,age_aggregate_yge65,eco_isic4_total,2019,4.728
svn,sex_t,age_aggregate_yge65,eco_isic4_total,2020,5.585
svn,sex_t,age_aggregate_yge65,eco_isic4_total,2021,7.154
svn,sex_t,age_aggregate_yge65,eco_isic4_total,2022,8.198
svn,sex_t,age_aggregate_yge65,eco_isic4_total,2023,7.308
svn,sex_t,age_aggregate_yge65,eco_isic4_x,2009,0.152
svn,sex_t,age_aggregate_yge65,eco_isic4_x,2010,0.14
svn,sex_t,age_aggregate_yge65,eco_isic4_x,2019,0.236
svn,sex_t,age_aggregate_yge65,eco_isic4_x,2021,0.079
svn,sex_t,age_aggregate_yge65,eco_sector_agr,2005,0.324
svn,sex_t,age_aggregate_yge65,eco_sector_agr,2007,0.098
svn,sex_t,age_aggregate_yge65,eco_sector_agr,2008,0.18
svn,sex_t,age_aggregate_yge65,eco_sector_agr,2020,0.115
svn,sex_t,age_aggregate_yge65,eco_sector_agr,2021,0.227
svn,sex_t,age_aggregate_yge65,eco_sector_agr,2022,0.149
svn,sex_t,age_aggregate_yge65,eco_sector_ind,1997,1.295
svn,sex_t,age_aggregate_yge65,eco_sector_ind,2002,0.372
svn,sex_t,age_aggregate_yge65,eco_sector_ind,2003,0.495
svn,sex_t,age_aggregate_yge65,eco_sector_ind,2005,0.29
svn,sex_t,age_aggregate_yge65,eco_sector_ind,2006,0.359
svn,sex_t,age_aggregate_yge65,eco_sector_ind,2007,0.426
svn,sex_t,age_aggregate_yge65,eco_sector_ind,2008,0.202
svn,sex_t,age_aggregate_yge65,eco_sector_ind,2009,0.164
svn,sex_t,age_aggregate_yge65,eco_sector_ind,2010,0.689
svn,sex_t,age_aggregate_yge65,eco_sector_ind,2011,0.363
svn,sex_t,age_aggregate_yge65,eco_sector_ind,2012,0.244
svn,sex_t,age_aggregate_yge65,eco_sector_ind,2013,0.583
svn,sex_t,age_aggregate_yge65,eco_sector_ind,2014,0.343
svn,sex_t,age_aggregate_yge65,eco_sector_ind,2015,0.212
svn,sex_t,age_aggregate_yge65,eco_sector_ind,2016,0.383
svn,sex_t,age_aggregate_yge65,eco_sector_ind,2017,0.788
svn,sex_t,age_aggregate_yge65,eco_sector_ind,2018,0.787
svn,sex_t,age_aggregate_yge65,eco_sector_ind,2019,0.761
svn,sex_t,age_aggregate_yge65,eco_sector_ind,2020,0.871
svn,sex_t,age_aggregate_yge65,eco_sector_ind,2021,0.991
svn,sex_t,age_aggregate_yge65,eco_sector_ind,2022,1.369
svn,sex_t,age_aggregate_yge65,eco_sector_ind,2023,1.162
svn,sex_t,age_aggregate_yge65,eco_sector_nag,2005,3.105
svn,sex_t,age_aggregate_yge65,eco_sector_nag,2007,2.824
svn,sex_t,age_aggregate_yge65,eco_sector_nag,2008,1.821
svn,sex_t,age_aggregate_yge65,eco_sector_nag,2020,5.47
svn,sex_t,age_aggregate_yge65,eco_sector_nag,2021,6.927
svn,sex_t,age_aggregate_yge65,eco_sector_nag,2022,8.049
svn,sex_t,age_aggregate_yge65,eco_sector_ser,1996,1.212
svn,sex_t,age_aggregate_yge65,eco_sector_ser,1997,1.905
svn,sex_t,age_aggregate_yge65,eco_sector_ser,1998,2.626
svn,sex_t,age_aggregate_yge65,eco_sector_ser,1999,1.671
svn,sex_t,age_aggregate_yge65,eco_sector_ser,2000,1.511
svn,sex_t,age_aggregate_yge65,eco_sector_ser,2001,1.206
svn,sex_t,age_aggregate_yge65,eco_sector_ser,2002,1.289
svn,sex_t,age_aggregate_yge65,eco_sector_ser,2003,1.21
svn,sex_t,age_aggregate_yge65,eco_sector_ser,2004,1.864
svn,sex_t,age_aggregate_yge65,eco_sector_ser,2005,2.776
svn,sex_t,age_aggregate_yge65,eco_sector_ser,2006,2.616
svn,sex_t,age_aggregate_yge65,eco_sector_ser,2007,2.256
svn,sex_t,age_aggregate_yge65,eco_sector_ser,2008,1.594
svn,sex_t,age_aggregate_yge65,eco_sector_ser,2009,2.271
svn,sex_t,age_aggregate_yge65,eco_sector_ser,2010,2.342
svn,sex_t,age_aggregate_yge65,eco_sector_ser,2011,2.353
svn,sex_t,age_aggregate_yge65,eco_sector_ser,2012,2.005
svn,sex_t,age_aggregate_yge65,eco_sector_ser,2013,2.607
svn,sex_t,age_aggregate_yge65,eco_sector_ser,2014,2.189
svn,sex_t,age_aggregate_yge65,eco_sector_ser,2015,2.184
svn,sex_t,age_aggregate_yge65,eco_sector_ser,2016,2.889
svn,sex_t,age_aggregate_yge65,eco_sector_ser,2017,3.514
svn,sex_t,age_aggregate_yge65,eco_sector_ser,2018,3.442
svn,sex_t,age_aggregate_yge65,eco_sector_ser,2019,3.731
svn,sex_t,age_aggregate_yge65,eco_sector_ser,2020,4.575
svn,sex_t,age_aggregate_yge65,eco_sector_ser,2021,5.857
svn,sex_t,age_aggregate_yge65,eco_sector_ser,2022,6.646
svn,sex_t,age_aggregate_yge65,eco_sector_ser,2023,6.07
svn,sex_t,age_aggregate_yge65,eco_sector_total,1996,1.661
svn,sex_t,age_aggregate_yge65,eco_sector_total,1997,3.377
svn,sex_t,age_aggregate_yge65,eco_sector_total,1998,3.019
svn,sex_t,age_aggregate_yge65,eco_sector_total,1999,2.065
svn,sex_t,age_aggregate_yge65,eco_sector_total,2000,1.63
svn,sex_t,age_aggregate_yge65,eco_sector_total,2001,1.54
svn,sex_t,age_aggregate_yge65,eco_sector_total,2002,1.802
svn,sex_t,age_aggregate_yge65,eco_sector_total,2003,1.954
svn,sex_t,age_aggregate_yge65,eco_sector_total,2004,2.598
svn,sex_t,age_aggregate_yge65,eco_sector_total,2005,3.429
svn,sex_t,age_aggregate_yge65,eco_sector_total,2006,3.062
svn,sex_t,age_aggregate_yge65,eco_sector_total,2007,2.922
svn,sex_t,age_aggregate_yge65,eco_sector_total,2008,2.001
svn,sex_t,age_aggregate_yge65,eco_sector_total,2009,2.61
svn,sex_t,age_aggregate_yge65,eco_sector_total,2010,3.241
svn,sex_t,age_aggregate_yge65,eco_sector_total,2011,2.878
svn,sex_t,age_aggregate_yge65,eco_sector_total,2012,2.305
svn,sex_t,age_aggregate_yge65,eco_sector_total,2013,3.32
svn,sex_t,age_aggregate_yge65,eco_sector_total,2014,2.564
svn,sex_t,age_aggregate_yge65,eco_sector_total,2015,2.561
svn,sex_t,age_aggregate_yge65,eco_sector_total,2016,3.546
svn,sex_t,age_aggregate_yge65,eco_sector_total,2017,4.438
svn,sex_t,age_aggregate_yge65,eco_sector_total,2018,4.288
svn,sex_t,age_aggregate_yge65,eco_sector_total,2019,4.728
svn,sex_t,age_aggregate_yge65,eco_sector_total,2020,5.585
svn,sex_t,age_aggregate_yge65,eco_sector_total,2021,7.154
svn,sex_t,age_aggregate_yge65,eco_sector_total,2022,8.198
svn,sex_t,age_aggregate_yge65,eco_sector_total,2023,7.308
svn,sex_t,age_aggregate_yge65,eco_sector_x,2009,0.152
svn,sex_t,age_aggregate_yge65,eco_sector_x,2010,0.14
svn,sex_t,age_aggregate_yge65,eco_sector_x,2019,0.236
svn,sex_t,age_aggregate_yge65,eco_sector_x,2021,0.079
svn,sex_t,age_ythadult_y15_24,eco_aggregate_agr,1996,1.902
svn,sex_t,age_ythadult_y15_24,eco_aggregate_agr,1997,1.7
svn,sex_t,age_ythadult_y15_24,eco_aggregate_agr,1998,1.467
svn,sex_t,age_ythadult_y15_24,eco_aggregate_agr,1999,0.94
svn,sex_t,age_ythadult_y15_24,eco_aggregate_agr,2000,0.601
svn,sex_t,age_ythadult_y15_24,eco_aggregate_agr,2001,0.77
svn,sex_t,age_ythadult_y15_24,eco_aggregate_agr,2002,0.911
svn,sex_t,age_ythadult_y15_24,eco_aggregate_agr,2003,0.627
svn,sex_t,age_ythadult_y15_24,eco_aggregate_agr,2004,1.566
svn,sex_t,age_ythadult_y15_24,eco_aggregate_agr,2005,0.663
svn,sex_t,age_ythadult_y15_24,eco_aggregate_agr,2006,1.076
svn,sex_t,age_ythadult_y15_24,eco_aggregate_agr,2007,1.22
svn,sex_t,age_ythadult_y15_24,eco_aggregate_agr,2008,1.078
svn,sex_t,age_ythadult_y15_24,eco_aggregate_agr,2009,1.064
svn,sex_t,age_ythadult_y15_24,eco_aggregate_agr,2010,0.717
svn,sex_t,age_ythadult_y15_24,eco_aggregate_agr,2011,0.648
svn,sex_t,age_ythadult_y15_24,eco_aggregate_agr,2012,0.592
svn,sex_t,age_ythadult_y15_24,eco_aggregate_agr,2013,0.774
svn,sex_t,age_ythadult_y15_24,eco_aggregate_agr,2014,0.661
svn,sex_t,age_ythadult_y15_24,eco_aggregate_agr,2015,0.608
svn,sex_t,age_ythadult_y15_24,eco_aggregate_agr,2016,0.262
svn,sex_t,age_ythadult_y15_24,eco_aggregate_agr,2017,0.411
svn,sex_t,age_ythadult_y15_24,eco_aggregate_agr,2018,0.456
svn,sex_t,age_ythadult_y15_24,eco_aggregate_agr,2019,0.773
svn,sex_t,age_ythadult_y15_24,eco_aggregate_agr,2020,0.54
svn,sex_t,age_ythadult_y15_24,eco_aggregate_agr,2021,0.363
svn,sex_t,age_ythadult_y15_24,eco_aggregate_agr,2022,0.198
svn,sex_t,age_ythadult_y15_24,eco_aggregate_agr,2023,0.37
svn,sex_t,age_ythadult_y15_24,eco_aggregate_con,1996,6.215
svn,sex_t,age_ythadult_y15_24,eco_aggregate_con,1997,6.934
svn,sex_t,age_ythadult_y15_24,eco_aggregate_con,1998,5.824
svn,sex_t,age_ythadult_y15_24,eco_aggregate_con,1999,6.332
svn,sex_t,age_ythadult_y15_24,eco_aggregate_con,2000,4.929
svn,sex_t,age_ythadult_y15_24,eco_aggregate_con,2001,5.181
svn,sex_t,age_ythadult_y15_24,eco_aggregate_con,2002,5.495
svn,sex_t,age_ythadult_y15_24,eco_aggregate_con,2003,4.01
svn,sex_t,age_ythadult_y15_24,eco_aggregate_con,2004,4.817
svn,sex_t,age_ythadult_y15_24,eco_aggregate_con,2005,5.117
svn,sex_t,age_ythadult_y15_24,eco_aggregate_con,2006,5.509
svn,sex_t,age_ythadult_y15_24,eco_aggregate_con,2007,5.894
svn,sex_t,age_ythadult_y15_24,eco_aggregate_con,2008,7.565
svn,sex_t,age_ythadult_y15_24,eco_aggregate_con,2009,6.345
svn,sex_t,age_ythadult_y15_24,eco_aggregate_con,2010,4.658
svn,sex_t,age_ythadult_y15_24,eco_aggregate_con,2011,3.613
svn,sex_t,age_ythadult_y15_24,eco_aggregate_con,2012,3.337
svn,sex_t,age_ythadult_y15_24,eco_aggregate_con,2013,3.396
svn,sex_t,age_ythadult_y15_24,eco_aggregate_con,2014,2.835
svn,sex_t,age_ythadult_y15_24,eco_aggregate_con,2015,2.63
svn,sex_t,age_ythadult_y15_24,eco_aggregate_con,2016,2.433
svn,sex_t,age_ythadult_y15_24,eco_aggregate_con,2017,2.011
svn,sex_t,age_ythadult_y15_24,eco_aggregate_con,2018,3.064
svn,sex_t,age_ythadult_y15_24,eco_aggregate_con,2019,3.004
svn,sex_t,age_ythadult_y15_24,eco_aggregate_con,2020,2.869
svn,sex_t,age_ythadult_y15_24,eco_aggregate_con,2021,2.599
svn,sex_t,age_ythadult_y15_24,eco_aggregate_con,2022,3.137
svn,sex_t,age_ythadult_y15_24,eco_aggregate_con,2023,4.945
svn,sex_t,age_ythadult_y15_24,eco_aggregate_man,1996,37.669
svn,sex_t,age_ythadult_y15_24,eco_aggregate_man,1997,33.212
svn,sex_t,age_ythadult_y15_24,eco_aggregate_man,1998,33.238
svn,sex_t,age_ythadult_y15_24,eco_aggregate_man,1999,29.252
svn,sex_t,age_ythadult_y15_24,eco_aggregate_man,2000,26.012
svn,sex_t,age_ythadult_y15_24,eco_aggregate_man,2001,27.929
svn,sex_t,age_ythadult_y15_24,eco_aggregate_man,2002,27.697
svn,sex_t,age_ythadult_y15_24,eco_aggregate_man,2003,22.82
svn,sex_t,age_ythadult_y15_24,eco_aggregate_man,2004,22.838
svn,sex_t,age_ythadult_y15_24,eco_aggregate_man,2005,24.634
svn,sex_t,age_ythadult_y15_24,eco_aggregate_man,2006,24.652
svn,sex_t,age_ythadult_y15_24,eco_aggregate_man,2007,26.325
svn,sex_t,age_ythadult_y15_24,eco_aggregate_man,2008,21.19
svn,sex_t,age_ythadult_y15_24,eco_aggregate_man,2009,14.609
svn,sex_t,age_ythadult_y15_24,eco_aggregate_man,2010,14.6
svn,sex_t,age_ythadult_y15_24,eco_aggregate_man,2011,14.464
svn,sex_t,age_ythadult_y15_24,eco_aggregate_man,2012,12.602
svn,sex_t,age_ythadult_y15_24,eco_aggregate_man,2013,12.233
svn,sex_t,age_ythadult_y15_24,eco_aggregate_man,2014,12.012
svn,sex_t,age_ythadult_y15_24,eco_aggregate_man,2015,13.785
svn,sex_t,age_ythadult_y15_24,eco_aggregate_man,2016,14.538
svn,sex_t,age_ythadult_y15_24,eco_aggregate_man,2017,18.731
svn,sex_t,age_ythadult_y15_24,eco_aggregate_man,2018,17.936
svn,sex_t,age_ythadult_y15_24,eco_aggregate_man,2019,15.699
svn,sex_t,age_ythadult_y15_24,eco_aggregate_man,2020,12.753
svn,sex_t,age_ythadult_y15_24,eco_aggregate_man,2021,14.141
svn,sex_t,age_ythadult_y15_24,eco_aggregate_man,2022,13.537
svn,sex_t,age_ythadult_y15_24,eco_aggregate_man,2023,15.381
svn,sex_t,age_ythadult_y15_24,eco_aggregate_mel,1996,1.671
svn,sex_t,age_ythadult_y15_24,eco_aggregate_mel,1997,1.457
svn,sex_t,age_ythadult_y15_24,eco_aggregate_mel,1998,1.01
svn,sex_t,age_ythadult_y15_24,eco_aggregate_mel,1999,0.536
svn,sex_t,age_ythadult_y15_24,eco_aggregate_mel,2000,0.948
svn,sex_t,age_ythadult_y15_24,eco_aggregate_mel,2004,0.793
svn,sex_t,age_ythadult_y15_24,eco_aggregate_mel,2005,0.698
svn,sex_t,age_ythadult_y15_24,eco_aggregate_mel,2006,0.863
svn,sex_t,age_ythadult_y15_24,eco_aggregate_mel,2007,0.527
svn,sex_t,age_ythadult_y15_24,eco_aggregate_mel,2008,1.024
svn,sex_t,age_ythadult_y15_24,eco_aggregate_mel,2009,1.158
svn,sex_t,age_ythadult_y15_24,eco_aggregate_mel,2010,0.762
svn,sex_t,age_ythadult_y15_24,eco_aggregate_mel,2011,0.944
svn,sex_t,age_ythadult_y15_24,eco_aggregate_mel,2012,1.244
svn,sex_t,age_ythadult_y15_24,eco_aggregate_mel,2013,0.8
svn,sex_t,age_ythadult_y15_24,eco_aggregate_mel,2014,0.528
svn,sex_t,age_ythadult_y15_24,eco_aggregate_mel,2015,0.754
svn,sex_t,age_ythadult_y15_24,eco_aggregate_mel,2016,0.58
svn,sex_t,age_ythadult_y15_24,eco_aggregate_mel,2017,1.402
svn,sex_t,age_ythadult_y15_24,eco_aggregate_mel,2018,0.941
svn,sex_t,age_ythadult_y15_24,eco_aggregate_mel,2019,1.238
svn,sex_t,age_ythadult_y15_24,eco_aggregate_mel,2020,0.831
svn,sex_t,age_ythadult_y15_24,eco_aggregate_mel,2021,0.775
svn,sex_t,age_ythadult_y15_24,eco_aggregate_mel,2022,0.685
svn,sex_t,age_ythadult_y15_24,eco_aggregate_mel,2023,0.921
svn,sex_t,age_ythadult_y15_24,eco_aggregate_mkt,1996,36.485
svn,sex_t,age_ythadult_y15_24,eco_aggregate_mkt,1997,41.63
svn,sex_t,age_ythadult_y15_24,eco_aggregate_mkt,1998,36.03
svn,sex_t,age_ythadult_y15_24,eco_aggregate_mkt,1999,35.657
svn,sex_t,age_ythadult_y15_24,eco_aggregate_mkt,2000,34.695
svn,sex_t,age_ythadult_y15_24,eco_aggregate_mkt,2001,29.612
svn,sex_t,age_ythadult_y15_24,eco_aggregate_mkt,2002,34.84
svn,sex_t,age_ythadult_y15_24,eco_aggregate_mkt,2003,30.982
svn,sex_t,age_ythadult_y15_24,eco_aggregate_mkt,2004,36.963
svn,sex_t,age_ythadult_y15_24,eco_aggregate_mkt,2005,33.192
svn,sex_t,age_ythadult_y15_24,eco_aggregate_mkt,2006,33.266
svn,sex_t,age_ythadult_y15_24,eco_aggregate_mkt,2007,36.232
svn,sex_t,age_ythadult_y15_24,eco_aggregate_mkt,2008,41.118
svn,sex_t,age_ythadult_y15_24,eco_aggregate_mkt,2009,37.852
svn,sex_t,age_ythadult_y15_24,eco_aggregate_mkt,2010,34.019
svn,sex_t,age_ythadult_y15_24,eco_aggregate_mkt,2011,29.046
svn,sex_t,age_ythadult_y15_24,eco_aggregate_mkt,2012,22.789
svn,sex_t,age_ythadult_y15_24,eco_aggregate_mkt,2013,20.611
svn,sex_t,age_ythadult_y15_24,eco_aggregate_mkt,2014,21.173
svn,sex_t,age_ythadult_y15_24,eco_aggregate_mkt,2015,23.114
svn,sex_t,age_ythadult_y15_24,eco_aggregate_mkt,2016,24.432
svn,sex_t,age_ythadult_y15_24,eco_aggregate_mkt,2017,26.112
svn,sex_t,age_ythadult_y15_24,eco_aggregate_mkt,2018,28.319
svn,sex_t,age_ythadult_y15_24,eco_aggregate_mkt,2019,29.345
svn,sex_t,age_ythadult_y15_24,eco_aggregate_mkt,2020,22.378
svn,sex_t,age_ythadult_y15_24,eco_aggregate_mkt,2021,23.704
svn,sex_t,age_ythadult_y15_24,eco_aggregate_mkt,2022,27.341
svn,sex_t,age_ythadult_y15_24,eco_aggregate_mkt,2023,27.779
svn,sex_t,age_ythadult_y15_24,eco_aggregate_pub,1996,18.862
svn,sex_t,age_ythadult_y15_24,eco_aggregate_pub,1997,19.441
svn,sex_t,age_ythadult_y15_24,eco_aggregate_pub,1998,14.295
svn,sex_t,age_ythadult_y15_24,eco_aggregate_pub,1999,13.677
svn,sex_t,age_ythadult_y15_24,eco_aggregate_pub,2000,11.951
svn,sex_t,age_ythadult_y15_24,eco_aggregate_pub,2001,12.708
svn,sex_t,age_ythadult_y15_24,eco_aggregate_pub,2002,11.865
svn,sex_t,age_ythadult_y15_24,eco_aggregate_pub,2003,14.212
svn,sex_t,age_ythadult_y15_24,eco_aggregate_pub,2004,13.882
svn,sex_t,age_ythadult_y15_24,eco_aggregate_pub,2005,14.208
svn,sex_t,age_ythadult_y15_24,eco_aggregate_pub,2006,14.206
svn,sex_t,age_ythadult_y15_24,eco_aggregate_pub,2007,13.132
svn,sex_t,age_ythadult_y15_24,eco_aggregate_pub,2008,14.562
svn,sex_t,age_ythadult_y15_24,eco_aggregate_pub,2009,13.241
svn,sex_t,age_ythadult_y15_24,eco_aggregate_pub,2010,12.868
svn,sex_t,age_ythadult_y15_24,eco_aggregate_pub,2011,12.699
svn,sex_t,age_ythadult_y15_24,eco_aggregate_pub,2012,10.758
svn,sex_t,age_ythadult_y15_24,eco_aggregate_pub,2013,8.221
svn,sex_t,age_ythadult_y15_24,eco_aggregate_pub,2014,7.132
svn,sex_t,age_ythadult_y15_24,eco_aggregate_pub,2015,8.403
svn,sex_t,age_ythadult_y15_24,eco_aggregate_pub,2016,9.332
svn,sex_t,age_ythadult_y15_24,eco_aggregate_pub,2017,11.189
svn,sex_t,age_ythadult_y15_24,eco_aggregate_pub,2018,11.098
svn,sex_t,age_ythadult_y15_24,eco_aggregate_pub,2019,9.404
svn,sex_t,age_ythadult_y15_24,eco_aggregate_pub,2020,9.799
svn,sex_t,age_ythadult_y15_24,eco_aggregate_pub,2021,14.201
svn,sex_t,age_ythadult_y15_24,eco_aggregate_pub,2022,14.811
svn,sex_t,age_ythadult_y15_24,eco_aggregate_pub,2023,12.681
svn,sex_t,age_ythadult_y15_24,eco_aggregate_total,1996,103.135
svn,sex_t,age_ythadult_y15_24,eco_aggregate_total,1997,104.679
svn,sex_t,age_ythadult_y15_24,eco_aggregate_total,1998,92.918
svn,sex_t,age_ythadult_y15_24,eco_aggregate_total,1999,86.796
svn,sex_t,age_ythadult_y15_24,eco_aggregate_total,2000,80.196
svn,sex_t,age_ythadult_y15_24,eco_aggregate_total,2001,77.832
svn,sex_t,age_ythadult_y15_24,eco_aggregate_total,2002,82.16
svn,sex_t,age_ythadult_y15_24,eco_aggregate_total,2003,74.601
svn,sex_t,age_ythadult_y15_24,eco_aggregate_total,2004,83.348
svn,sex_t,age_ythadult_y15_24,eco_aggregate_total,2005,79.652
svn,sex_t,age_ythadult_y15_24,eco_aggregate_total,2006,80.553
svn,sex_t,age_ythadult_y15_24,eco_aggregate_total,2007,85.578
svn,sex_t,age_ythadult_y15_24,eco_aggregate_total,2008,87.823
svn,sex_t,age_ythadult_y15_24,eco_aggregate_total,2009,75.558
svn,sex_t,age_ythadult_y15_24,eco_aggregate_total,2010,68.582
svn,sex_t,age_ythadult_y15_24,eco_aggregate_total,2011,62.302
svn,sex_t,age_ythadult_y15_24,eco_aggregate_total,2012,51.905
svn,sex_t,age_ythadult_y15_24,eco_aggregate_total,2013,46.562
svn,sex_t,age_ythadult_y15_24,eco_aggregate_total,2014,45.045
svn,sex_t,age_ythadult_y15_24,eco_aggregate_total,2015,50.589
svn,sex_t,age_ythadult_y15_24,eco_aggregate_total,2016,52.564
svn,sex_t,age_ythadult_y15_24,eco_aggregate_total,2017,60.783
svn,sex_t,age_ythadult_y15_24,eco_aggregate_total,2018,62.996
svn,sex_t,age_ythadult_y15_24,eco_aggregate_total,2019,60.188
svn,sex_t,age_ythadult_y15_24,eco_aggregate_total,2020,49.747
svn,sex_t,age_ythadult_y15_24,eco_aggregate_total,2021,56.539
svn,sex_t,age_ythadult_y15_24,eco_aggregate_total,2022,60.195
svn,sex_t,age_ythadult_y15_24,eco_aggregate_total,2023,62.705
svn,sex_t,age_ythadult_y15_24,eco_aggregate_x,1998,1.054
svn,sex_t,age_ythadult_y15_24,eco_aggregate_x,1999,0.401
svn,sex_t,age_ythadult_y15_24,eco_aggregate_x,2000,1.06
svn,sex_t,age_ythadult_y15_24,eco_aggregate_x,2001,1.524
svn,sex_t,age_ythadult_y15_24,eco_aggregate_x,2002,1.261
svn,sex_t,age_ythadult_y15_24,eco_aggregate_x,2003,1.6
svn,sex_t,age_ythadult_y15_24,eco_aggregate_x,2004,2.489
svn,sex_t,age_ythadult_y15_24,eco_aggregate_x,2005,1.141
svn,sex_t,age_ythadult_y15_24,eco_aggregate_x,2006,0.981
svn,sex_t,age_ythadult_y15_24,eco_aggregate_x,2007,2.248
svn,sex_t,age_ythadult_y15_24,eco_aggregate_x,2008,1.285
svn,sex_t,age_ythadult_y15_24,eco_aggregate_x,2009,1.288
svn,sex_t,age_ythadult_y15_24,eco_aggregate_x,2010,0.957
svn,sex_t,age_ythadult_y15_24,eco_aggregate_x,2011,0.887
svn,sex_t,age_ythadult_y15_24,eco_aggregate_x,2012,0.583
svn,sex_t,age_ythadult_y15_24,eco_aggregate_x,2013,0.527
svn,sex_t,age_ythadult_y15_24,eco_aggregate_x,2014,0.705
svn,sex_t,age_ythadult_y15_24,eco_aggregate_x,2015,1.295
svn,sex_t,age_ythadult_y15_24,eco_aggregate_x,2016,0.988
svn,sex_t,age_ythadult_y15_24,eco_aggregate_x,2017,0.928
svn,sex_t,age_ythadult_y15_24,eco_aggregate_x,2018,1.182
svn,sex_t,age_ythadult_y15_24,eco_aggregate_x,2019,0.723
svn,sex_t,age_ythadult_y15_24,eco_aggregate_x,2020,0.577
svn,sex_t,age_ythadult_y15_24,eco_aggregate_x,2021,0.755
svn,sex_t,age_ythadult_y15_24,eco_aggregate_x,2022,0.486
svn,sex_t,age_ythadult_y15_24,eco_aggregate_x,2023,0.629
svn,sex_t,age_ythadult_y15_24,eco_isic3_a,1996,1.902
svn,sex_t,age_ythadult_y15_24,eco_isic3_a,1997,1.582
svn,sex_t,age_ythadult_y15_24,eco_isic3_a,1998,1.467
svn,sex_t,age_ythadult_y15_24,eco_isic3_a,1999,0.94
svn,sex_t,age_ythadult_y15_24,eco_isic3_a,2000,0.601
svn,sex_t,age_ythadult_y15_24,eco_isic3_a,2001,0.77
svn,sex_t,age_ythadult_y15_24,eco_isic3_a,2002,0.911
svn,sex_t,age_ythadult_y15_24,eco_isic3_a,2003,0.627
svn,sex_t,age_ythadult_y15_24,eco_isic3_a,2004,1.566
svn,sex_t,age_ythadult_y15_24,eco_isic3_a,2005,0.663
svn,sex_t,age_ythadult_y15_24,eco_isic3_a,2006,1.076
svn,sex_t,age_ythadult_y15_24,eco_isic3_a,2007,1.162
svn,sex_t,age_ythadult_y15_24,eco_isic3_c,1996,0.529
svn,sex_t,age_ythadult_y15_24,eco_isic3_c,1998,0.617
svn,sex_t,age_ythadult_y15_24,eco_isic3_c,1999,0.369
svn,sex_t,age_ythadult_y15_24,eco_isic3_c,2000,0.308
svn,sex_t,age_ythadult_y15_24,eco_isic3_c,2005,0.452
svn,sex_t,age_ythadult_y15_24,eco_isic3_c,2006,0.578
svn,sex_t,age_ythadult_y15_24,eco_isic3_c,2007,0.34
svn,sex_t,age_ythadult_y15_24,eco_isic3_d,1996,37.669
svn,sex_t,age_ythadult_y15_24,eco_isic3_d,1997,33.212
svn,sex_t,age_ythadult_y15_24,eco_isic3_d,1998,33.238
svn,sex_t,age_ythadult_y15_24,eco_isic3_d,1999,29.252
svn,sex_t,age_ythadult_y15_24,eco_isic3_d,2000,26.012
svn,sex_t,age_ythadult_y15_24,eco_isic3_d,2001,27.929
svn,sex_t,age_ythadult_y15_24,eco_isic3_d,2002,27.697
svn,sex_t,age_ythadult_y15_24,eco_isic3_d,2003,22.82
svn,sex_t,age_ythadult_y15_24,eco_isic3_d,2004,22.838
svn,sex_t,age_ythadult_y15_24,eco_isic3_d,2005,24.634
svn,sex_t,age_ythadult_y15_24,eco_isic3_d,2006,24.652
svn,sex_t,age_ythadult_y15_24,eco_isic3_d,2007,26.325
svn,sex_t,age_ythadult_y15_24,eco_isic3_e,1996,1.143
svn,sex_t,age_ythadult_y15_24,eco_isic3_e,1997,1.197
svn,sex_t,age_ythadult_y15_24,eco_isic3_e,2000,0.64
svn,sex_t,age_ythadult_y15_24,eco_isic3_e,2005,0.247
svn,sex_t,age_ythadult_y15_24,eco_isic3_e,2006,0.285
svn,sex_t,age_ythadult_y15_24,eco_isic3_e,2007,0.187
svn,sex_t,age_ythadult_y15_24,eco_isic3_f,1996,6.215
svn,sex_t,age_ythadult_y15_24,eco_isic3_f,1997,6.934
svn,sex_t,age_ythadult_y15_24,eco_isic3_f,1998,5.824
svn,sex_t,age_ythadult_y15_24,eco_isic3_f,1999,6.332
svn,sex_t,age_ythadult_y15_24,eco_isic3_f,2000,4.929
svn,sex_t,age_ythadult_y15_24,eco_isic3_f,2001,5.181
svn,sex_t,age_ythadult_y15_24,eco_isic3_f,2002,5.495
svn,sex_t,age_ythadult_y15_24,eco_isic3_f,2003,4.01
svn,sex_t,age_ythadult_y15_24,eco_isic3_f,2004,4.817
svn,sex_t,age_ythadult_y15_24,eco_isic3_f,2005,5.117
svn,sex_t,age_ythadult_y15_24,eco_isic3_f,2006,5.509
svn,sex_t,age_ythadult_y15_24,eco_isic3_f,2007,5.894
svn,sex_t,age_ythadult_y15_24,eco_isic3_g,1996,16.422
svn,sex_t,age_ythadult_y15_24,eco_isic3_g,1997,19.757
svn,sex_t,age_ythadult_y15_24,eco_isic3_g,1998,17.276
svn,sex_t,age_ythadult_y15_24,eco_isic3_g,1999,16.192
svn,sex_t,age_ythadult_y15_24,eco_isic3_g,2000,17.299
svn,sex_t,age_ythadult_y15_24,eco_isic3_g,2001,12.494
svn,sex_t,age_ythadult_y15_24,eco_isic3_g,2002,15.316
svn,sex_t,age_ythadult_y15_24,eco_isic3_g,2003,13.759
svn,sex_t,age_ythadult_y15_24,eco_isic3_g,2004,15.954
svn,sex_t,age_ythadult_y15_24,eco_isic3_g,2005,12.584
svn,sex_t,age_ythadult_y15_24,eco_isic3_g,2006,13.554
svn,sex_t,age_ythadult_y15_24,eco_isic3_g,2007,14.346
svn,sex_t,age_ythadult_y15_24,eco_isic3_h,1996,9.031
svn,sex_t,age_ythadult_y15_24,eco_isic3_h,1997,9.71
svn,sex_t,age_ythadult_y15_24,eco_isic3_h,1998,9.017
svn,sex_t,age_ythadult_y15_24,eco_isic3_h,1999,9.403
svn,sex_t,age_ythadult_y15_24,eco_isic3_h,2000,8.904
svn,sex_t,age_ythadult_y15_24,eco_isic3_h,2001,8.146
svn,sex_t,age_ythadult_y15_24,eco_isic3_h,2002,7.421
svn,sex_t,age_ythadult_y15_24,eco_isic3_h,2003,7.784
svn,sex_t,age_ythadult_y15_24,eco_isic3_h,2004,9.089
svn,sex_t,age_ythadult_y15_24,eco_isic3_h,2005,9.057
svn,sex_t,age_ythadult_y15_24,eco_isic3_h,2006,8.803
svn,sex_t,age_ythadult_y15_24,eco_isic3_h,2007,8.624
svn,sex_t,age_ythadult_y15_24,eco_isic3_i,1996,5.335
svn,sex_t,age_ythadult_y15_24,eco_isic3_i,1997,4.693
svn,sex_t,age_ythadult_y15_24,eco_isic3_i,1998,4.432
svn,sex_t,age_ythadult_y15_24,eco_isic3_i,1999,3.189
svn,sex_t,age_ythadult_y15_24,eco_isic3_i,2000,3.382
svn,sex_t,age_ythadult_y15_24,eco_isic3_i,2001,3.589
svn,sex_t,age_ythadult_y15_24,eco_isic3_i,2002,4.426
svn,sex_t,age_ythadult_y15_24,eco_isic3_i,2003,3.745
svn,sex_t,age_ythadult_y15_24,eco_isic3_i,2004,4.934
svn,sex_t,age_ythadult_y15_24,eco_isic3_i,2005,4.823
svn,sex_t,age_ythadult_y15_24,eco_isic3_i,2006,4.8
svn,sex_t,age_ythadult_y15_24,eco_isic3_i,2007,5.803
svn,sex_t,age_ythadult_y15_24,eco_isic3_j,1996,2.344
svn,sex_t,age_ythadult_y15_24,eco_isic3_j,1997,2.361
svn,sex_t,age_ythadult_y15_24,eco_isic3_j,1998,1.504
svn,sex_t,age_ythadult_y15_24,eco_isic3_j,1999,1.735
svn,sex_t,age_ythadult_y15_24,eco_isic3_j,2000,1.022
svn,sex_t,age_ythadult_y15_24,eco_isic3_j,2001,1.926
svn,sex_t,age_ythadult_y15_24,eco_isic3_j,2002,2.109
svn,sex_t,age_ythadult_y15_24,eco_isic3_j,2003,1.146
svn,sex_t,age_ythadult_y15_24,eco_isic3_j,2004,1.964
svn,sex_t,age_ythadult_y15_24,eco_isic3_j,2005,1.772
svn,sex_t,age_ythadult_y15_24,eco_isic3_j,2006,1.433
svn,sex_t,age_ythadult_y15_24,eco_isic3_j,2007,1.081
svn,sex_t,age_ythadult_y15_24,eco_isic3_k,1996,3.352
svn,sex_t,age_ythadult_y15_24,eco_isic3_k,1997,5.11
svn,sex_t,age_ythadult_y15_24,eco_isic3_k,1998,3.801
svn,sex_t,age_ythadult_y15_24,eco_isic3_k,1999,5.138
svn,sex_t,age_ythadult_y15_24,eco_isic3_k,2000,4.088
svn,sex_t,age_ythadult_y15_24,eco_isic3_k,2001,3.457
svn,sex_t,age_ythadult_y15_24,eco_isic3_k,2002,5.569
svn,sex_t,age_ythadult_y15_24,eco_isic3_k,2003,4.548
svn,sex_t,age_ythadult_y15_24,eco_isic3_k,2004,5.023
svn,sex_t,age_ythadult_y15_24,eco_isic3_k,2005,4.956
svn,sex_t,age_ythadult_y15_24,eco_isic3_k,2006,4.675
svn,sex_t,age_ythadult_y15_24,eco_isic3_k,2007,6.378
svn,sex_t,age_ythadult_y15_24,eco_isic3_l,1996,4.595
svn,sex_t,age_ythadult_y15_24,eco_isic3_l,1997,4.029
svn,sex_t,age_ythadult_y15_24,eco_isic3_l,1998,3.225
svn,sex_t,age_ythadult_y15_24,eco_isic3_l,1999,3.565
svn,sex_t,age_ythadult_y15_24,eco_isic3_l,2000,4.343
svn,sex_t,age_ythadult_y15_24,eco_isic3_l,2001,2.752
svn,sex_t,age_ythadult_y15_24,eco_isic3_l,2002,3.268
svn,sex_t,age_ythadult_y15_24,eco_isic3_l,2003,3.535
svn,sex_t,age_ythadult_y15_24,eco_isic3_l,2004,3.744
svn,sex_t,age_ythadult_y15_24,eco_isic3_l,2005,3.428
svn,sex_t,age_ythadult_y15_24,eco_isic3_l,2006,2.992
svn,sex_t,age_ythadult_y15_24,eco_isic3_l,2007,2.538
svn,sex_t,age_ythadult_y15_24,eco_isic3_m,1996,3.209
svn,sex_t,age_ythadult_y15_24,eco_isic3_m,1997,3.542
svn,sex_t,age_ythadult_y15_24,eco_isic3_m,1998,3.841
svn,sex_t,age_ythadult_y15_24,eco_isic3_m,1999,3.217
svn,sex_t,age_ythadult_y15_24,eco_isic3_m,2000,1.324
svn,sex_t,age_ythadult_y15_24,eco_isic3_m,2001,2.209
svn,sex_t,age_ythadult_y15_24,eco_isic3_m,2002,1.244
svn,sex_t,age_ythadult_y15_24,eco_isic3_m,2003,3.297
svn,sex_t,age_ythadult_y15_24,eco_isic3_m,2004,2.617
svn,sex_t,age_ythadult_y15_24,eco_isic3_m,2005,2.363
svn,sex_t,age_ythadult_y15_24,eco_isic3_m,2006,2.133
svn,sex_t,age_ythadult_y15_24,eco_isic3_m,2007,2.252
svn,sex_t,age_ythadult_y15_24,eco_isic3_n,1996,5.036
svn,sex_t,age_ythadult_y15_24,eco_isic3_n,1997,5.882
svn,sex_t,age_ythadult_y15_24,eco_isic3_n,1998,3.916
svn,sex_t,age_ythadult_y15_24,eco_isic3_n,1999,3.413
svn,sex_t,age_ythadult_y15_24,eco_isic3_n,2000,2.332
svn,sex_t,age_ythadult_y15_24,eco_isic3_n,2001,3.168
svn,sex_t,age_ythadult_y15_24,eco_isic3_n,2002,3.051
svn,sex_t,age_ythadult_y15_24,eco_isic3_n,2003,2.713
svn,sex_t,age_ythadult_y15_24,eco_isic3_n,2004,2.585
svn,sex_t,age_ythadult_y15_24,eco_isic3_n,2005,3.289
svn,sex_t,age_ythadult_y15_24,eco_isic3_n,2006,3.533
svn,sex_t,age_ythadult_y15_24,eco_isic3_n,2007,2.695
svn,sex_t,age_ythadult_y15_24,eco_isic3_o,1996,5.49
svn,sex_t,age_ythadult_y15_24,eco_isic3_o,1997,5.623
svn,sex_t,age_ythadult_y15_24,eco_isic3_o,1998,3.207
svn,sex_t,age_ythadult_y15_24,eco_isic3_o,1999,3.482
svn,sex_t,age_ythadult_y15_24,eco_isic3_o,2000,3.895
svn,sex_t,age_ythadult_y15_24,eco_isic3_o,2001,4.42
svn,sex_t,age_ythadult_y15_24,eco_isic3_o,2002,4.301
svn,sex_t,age_ythadult_y15_24,eco_isic3_o,2003,4.667
svn,sex_t,age_ythadult_y15_24,eco_isic3_o,2004,4.84
svn,sex_t,age_ythadult_y15_24,eco_isic3_o,2005,5.063
svn,sex_t,age_ythadult_y15_24,eco_isic3_o,2006,5.519
svn,sex_t,age_ythadult_y15_24,eco_isic3_o,2007,5.581
svn,sex_t,age_ythadult_y15_24,eco_isic3_p,1996,0.532
svn,sex_t,age_ythadult_y15_24,eco_isic3_total,1996,103.135
svn,sex_t,age_ythadult_y15_24,eco_isic3_total,1997,104.679
svn,sex_t,age_ythadult_y15_24,eco_isic3_total,1998,92.918
svn,sex_t,age_ythadult_y15_24,eco_isic3_total,1999,86.796
svn,sex_t,age_ythadult_y15_24,eco_isic3_total,2000,80.196
svn,sex_t,age_ythadult_y15_24,eco_isic3_total,2001,77.832
svn,sex_t,age_ythadult_y15_24,eco_isic3_total,2002,82.16
svn,sex_t,age_ythadult_y15_24,eco_isic3_total,2003,74.601
svn,sex_t,age_ythadult_y15_24,eco_isic3_total,2004,83.348
svn,sex_t,age_ythadult_y15_24,eco_isic3_total,2005,79.652
svn,sex_t,age_ythadult_y15_24,eco_isic3_total,2006,80.553
svn,sex_t,age_ythadult_y15_24,eco_isic3_total,2007,85.578
svn,sex_t,age_ythadult_y15_24,eco_isic3_x,1998,1.054
svn,sex_t,age_ythadult_y15_24,eco_isic3_x,1999,0.401
svn,sex_t,age_ythadult_y15_24,eco_isic3_x,2000,1.06
svn,sex_t,age_ythadult_y15_24,eco_isic3_x,2001,1.524
svn,sex_t,age_ythadult_y15_24,eco_isic3_x,2002,1.261
svn,sex_t,age_ythadult_y15_24,eco_isic3_x,2003,1.6
svn,sex_t,age_ythadult_y15_24,eco_isic3_x,2004,2.489
svn,sex_t,age_ythadult_y15_24,eco_isic3_x,2005,1.141
svn,sex_t,age_ythadult_y15_24,eco_isic3_x,2006,0.981
svn,sex_t,age_ythadult_y15_24,eco_isic3_x,2007,2.248
svn,sex_t,age_ythadult_y15_24,eco_isic4_a,2008,1.078
svn,sex_t,age_ythadult_y15_24,eco_isic4_a,2009,1.064
svn,sex_t,age_ythadult_y15_24,eco_isic4_a,2010,0.717
svn,sex_t,age_ythadult_y15_24,eco_isic4_a,2011,0.648
svn,sex_t,age_ythadult_y15_24,eco_isic4_a,2012,0.592
svn,sex_t,age_ythadult_y15_24,eco_isic4_a,2013,0.774
svn,sex_t,age_ythadult_y15_24,eco_isic4_a,2014,0.661
svn,sex_t,age_ythadult_y15_24,eco_isic4_a,2015,0.608
svn,sex_t,age_ythadult_y15_24,eco_isic4_a,2016,0.262
svn,sex_t,age_ythadult_y15_24,eco_isic4_a,2017,0.411
svn,sex_t,age_ythadult_y15_24,eco_isic4_a,2018,0.456
svn,sex_t,age_ythadult_y15_24,eco_isic4_a,2019,0.773
svn,sex_t,age_ythadult_y15_24,eco_isic4_a,2020,0.54
svn,sex_t,age_ythadult_y15_24,eco_isic4_a,2021,0.363
svn,sex_t,age_ythadult_y15_24,eco_isic4_a,2022,0.198
svn,sex_t,age_ythadult_y15_24,eco_isic4_a,2023,0.37
svn,sex_t,age_ythadult_y15_24,eco_isic4_b,2008,0.118
svn,sex_t,age_ythadult_y15_24,eco_isic4_b,2009,0.112
svn,sex_t,age_ythadult_y15_24,eco_isic4_b,2012,0.495
svn,sex_t,age_ythadult_y15_24,eco_isic4_b,2013,0.274
svn,sex_t,age_ythadult_y15_24,eco_isic4_b,2015,0.182
svn,sex_t,age_ythadult_y15_24,eco_isic4_b,2018,0.296
svn,sex_t,age_ythadult_y15_24,eco_isic4_b,2019,0.64
svn,sex_t,age_ythadult_y15_24,eco_isic4_b,2020,0.265
svn,sex_t,age_ythadult_y15_24,eco_isic4_b,2021,0.181
svn,sex_t,age_ythadult_y15_24,eco_isic4_b,2022,0.197
svn,sex_t,age_ythadult_y15_24,eco_isic4_b,2023,0.489
svn,sex_t,age_ythadult_y15_24,eco_isic4_c,2008,21.19
svn,sex_t,age_ythadult_y15_24,eco_isic4_c,2009,14.609
svn,sex_t,age_ythadult_y15_24,eco_isic4_c,2010,14.6
svn,sex_t,age_ythadult_y15_24,eco_isic4_c,2011,14.464
svn,sex_t,age_ythadult_y15_24,eco_isic4_c,2012,12.602
svn,sex_t,age_ythadult_y15_24,eco_isic4_c,2013,12.233
svn,sex_t,age_ythadult_y15_24,eco_isic4_c,2014,12.012
svn,sex_t,age_ythadult_y15_24,eco_isic4_c,2015,13.785
svn,sex_t,age_ythadult_y15_24,eco_isic4_c,2016,14.538
svn,sex_t,age_ythadult_y15_24,eco_isic4_c,2017,18.731
svn,sex_t,age_ythadult_y15_24,eco_isic4_c,2018,17.936
svn,sex_t,age_ythadult_y15_24,eco_isic4_c,2019,15.699
svn,sex_t,age_ythadult_y15_24,eco_isic4_c,2020,12.753
svn,sex_t,age_ythadult_y15_24,eco_isic4_c,2021,14.141
svn,sex_t,age_ythadult_y15_24,eco_isic4_c,2022,13.537
svn,sex_t,age_ythadult_y15_24,eco_isic4_c,2023,15.381
svn,sex_t,age_ythadult_y15_24,eco_isic4_d,2008,0.456
svn,sex_t,age_ythadult_y15_24,eco_isic4_d,2009,0.477
svn,sex_t,age_ythadult_y15_24,eco_isic4_d,2010,0.383
svn,sex_t,age_ythadult_y15_24,eco_isic4_d,2011,0.411
svn,sex_t,age_ythadult_y15_24,eco_isic4_d,2012,0.356
svn,sex_t,age_ythadult_y15_24,eco_isic4_d,2013,0.276
svn,sex_t,age_ythadult_y15_24,eco_isic4_d,2014,0.453
svn,sex_t,age_ythadult_y15_24,eco_isic4_d,2015,0.335
svn,sex_t,age_ythadult_y15_24,eco_isic4_d,2016,0.324
svn,sex_t,age_ythadult_y15_24,eco_isic4_d,2017,0.559
svn,sex_t,age_ythadult_y15_24,eco_isic4_d,2018,0.187
svn,sex_t,age_ythadult_y15_24,eco_isic4_d,2019,0.415
svn,sex_t,age_ythadult_y15_24,eco_isic4_d,2020,0.293
svn,sex_t,age_ythadult_y15_24,eco_isic4_d,2021,0.264
svn,sex_t,age_ythadult_y15_24,eco_isic4_d,2023,0.196
svn,sex_t,age_ythadult_y15_24,eco_isic4_e,2008,0.45
svn,sex_t,age_ythadult_y15_24,eco_isic4_e,2009,0.569
svn,sex_t,age_ythadult_y15_24,eco_isic4_e,2010,0.308
svn,sex_t,age_ythadult_y15_24,eco_isic4_e,2011,0.428
svn,sex_t,age_ythadult_y15_24,eco_isic4_e,2012,0.394
svn,sex_t,age_ythadult_y15_24,eco_isic4_e,2013,0.25
svn,sex_t,age_ythadult_y15_24,eco_isic4_e,2015,0.237
svn,sex_t,age_ythadult_y15_24,eco_isic4_e,2016,0.144
svn,sex_t,age_ythadult_y15_24,eco_isic4_e,2017,0.795
svn,sex_t,age_ythadult_y15_24,eco_isic4_e,2018,0.458
svn,sex_t,age_ythadult_y15_24,eco_isic4_e,2019,0.183
svn,sex_t,age_ythadult_y15_24,eco_isic4_e,2020,0.273
svn,sex_t,age_ythadult_y15_24,eco_isic4_e,2021,0.33
svn,sex_t,age_ythadult_y15_24,eco_isic4_e,2022,0.404
svn,sex_t,age_ythadult_y15_24,eco_isic4_e,2023,0.237
svn,sex_t,age_ythadult_y15_24,eco_isic4_f,2008,7.565
svn,sex_t,age_ythadult_y15_24,eco_isic4_f,2009,6.345
svn,sex_t,age_ythadult_y15_24,eco_isic4_f,2010,4.658
svn,sex_t,age_ythadult_y15_24,eco_isic4_f,2011,3.613
svn,sex_t,age_ythadult_y15_24,eco_isic4_f,2012,3.337
svn,sex_t,age_ythadult_y15_24,eco_isic4_f,2013,3.396
svn,sex_t,age_ythadult_y15_24,eco_isic4_f,2014,2.835
svn,sex_t,age_ythadult_y15_24,eco_isic4_f,2015,2.63
svn,sex_t,age_ythadult_y15_24,eco_isic4_f,2016,2.433
svn,sex_t,age_ythadult_y15_24,eco_isic4_f,2017,2.011
svn,sex_t,age_ythadult_y15_24,eco_isic4_f,2018,3.064
svn,sex_t,age_ythadult_y15_24,eco_isic4_f,2019,3.004
svn,sex_t,age_ythadult_y15_24,eco_isic4_f,2020,2.869
svn,sex_t,age_ythadult_y15_24,eco_isic4_f,2021,2.599
svn,sex_t,age_ythadult_y15_24,eco_isic4_f,2022,3.137
svn,sex_t,age_ythadult_y15_24,eco_isic4_f,2023,4.945
svn,sex_t,age_ythadult_y15_24,eco_isic4_g,2008,14.143
svn,sex_t,age_ythadult_y15_24,eco_isic4_g,2009,13.89
svn,sex_t,age_ythadult_y15_24,eco_isic4_g,2010,12.87
svn,sex_t,age_ythadult_y15_24,eco_isic4_g,2011,11.637
svn,sex_t,age_ythadult_y15_24,eco_isic4_g,2012,9.244
svn,sex_t,age_ythadult_y15_24,eco_isic4_g,2013,8.217
svn,sex_t,age_ythadult_y15_24,eco_isic4_g,2014,8.846
svn,sex_t,age_ythadult_y15_24,eco_isic4_g,2015,8.17
svn,sex_t,age_ythadult_y15_24,eco_isic4_g,2016,9.637
svn,sex_t,age_ythadult_y15_24,eco_isic4_g,2017,9.669
svn,sex_t,age_ythadult_y15_24,eco_isic4_g,2018,12.001
svn,sex_t,age_ythadult_y15_24,eco_isic4_g,2019,13.752
svn,sex_t,age_ythadult_y15_24,eco_isic4_g,2020,10.575
svn,sex_t,age_ythadult_y15_24,eco_isic4_g,2021,9.664
svn,sex_t,age_ythadult_y15_24,eco_isic4_g,2022,10.665
svn,sex_t,age_ythadult_y15_24,eco_isic4_g,2023,11.076
svn,sex_t,age_ythadult_y15_24,eco_isic4_h,2008,3.741
svn,sex_t,age_ythadult_y15_24,eco_isic4_h,2009,3.695
svn,sex_t,age_ythadult_y15_24,eco_isic4_h,2010,3.104
svn,sex_t,age_ythadult_y15_24,eco_isic4_h,2011,3.033
svn,sex_t,age_ythadult_y15_24,eco_isic4_h,2012,2.845
svn,sex_t,age_ythadult_y15_24,eco_isic4_h,2013,2.389
svn,sex_t,age_ythadult_y15_24,eco_isic4_h,2014,2.18
svn,sex_t,age_ythadult_y15_24,eco_isic4_h,2015,1.821
svn,sex_t,age_ythadult_y15_24,eco_isic4_h,2016,2.417
svn,sex_t,age_ythadult_y15_24,eco_isic4_h,2017,2.142
svn,sex_t,age_ythadult_y15_24,eco_isic4_h,2018,3.686
svn,sex_t,age_ythadult_y15_24,eco_isic4_h,2019,2.908
svn,sex_t,age_ythadult_y15_24,eco_isic4_h,2020,1.584
svn,sex_t,age_ythadult_y15_24,eco_isic4_h,2021,1.98
svn,sex_t,age_ythadult_y15_24,eco_isic4_h,2022,1.922
svn,sex_t,age_ythadult_y15_24,eco_isic4_h,2023,1.925
svn,sex_t,age_ythadult_y15_24,eco_isic4_i,2008,12.185
svn,sex_t,age_ythadult_y15_24,eco_isic4_i,2009,10.102
svn,sex_t,age_ythadult_y15_24,eco_isic4_i,2010,9.761
svn,sex_t,age_ythadult_y15_24,eco_isic4_i,2011,8.095
svn,sex_t,age_ythadult_y15_24,eco_isic4_i,2012,6.808
svn,sex_t,age_ythadult_y15_24,eco_isic4_i,2013,6.215
svn,sex_t,age_ythadult_y15_24,eco_isic4_i,2014,5.803
svn,sex_t,age_ythadult_y15_24,eco_isic4_i,2015,8.367
svn,sex_t,age_ythadult_y15_24,eco_isic4_i,2016,7.755
svn,sex_t,age_ythadult_y15_24,eco_isic4_i,2017,8.965
svn,sex_t,age_ythadult_y15_24,eco_isic4_i,2018,7.379
svn,sex_t,age_ythadult_y15_24,eco_isic4_i,2019,6.965
svn,sex_t,age_ythadult_y15_24,eco_isic4_i,2020,5.871
svn,sex_t,age_ythadult_y15_24,eco_isic4_i,2021,4.936
svn,sex_t,age_ythadult_y15_24,eco_isic4_i,2022,6.554
svn,sex_t,age_ythadult_y15_24,eco_isic4_i,2023,6.954
svn,sex_t,age_ythadult_y15_24,eco_isic4_j,2008,3.605
svn,sex_t,age_ythadult_y15_24,eco_isic4_j,2009,3.555
svn,sex_t,age_ythadult_y15_24,eco_isic4_j,2010,3.414
svn,sex_t,age_ythadult_y15_24,eco_isic4_j,2011,1.868
svn,sex_t,age_ythadult_y15_24,eco_isic4_j,2012,1.04
svn,sex_t,age_ythadult_y15_24,eco_isic4_j,2013,1.341
svn,sex_t,age_ythadult_y15_24,eco_isic4_j,2014,0.812
svn,sex_t,age_ythadult_y15_24,eco_isic4_j,2015,1.472
svn,sex_t,age_ythadult_y15_24,eco_isic4_j,2016,1.288
svn,sex_t,age_ythadult_y15_24,eco_isic4_j,2017,1.733
svn,sex_t,age_ythadult_y15_24,eco_isic4_j,2018,1.963
svn,sex_t,age_ythadult_y15_24,eco_isic4_j,2019,2.002
svn,sex_t,age_ythadult_y15_24,eco_isic4_j,2020,1.991
svn,sex_t,age_ythadult_y15_24,eco_isic4_j,2021,1.699
svn,sex_t,age_ythadult_y15_24,eco_isic4_j,2022,1.795
svn,sex_t,age_ythadult_y15_24,eco_isic4_j,2023,1.837
svn,sex_t,age_ythadult_y15_24,eco_isic4_k,2008,1.248
svn,sex_t,age_ythadult_y15_24,eco_isic4_k,2009,1.38
svn,sex_t,age_ythadult_y15_24,eco_isic4_k,2010,0.923
svn,sex_t,age_ythadult_y15_24,eco_isic4_k,2011,0.852
svn,sex_t,age_ythadult_y15_24,eco_isic4_k,2012,0.797
svn,sex_t,age_ythadult_y15_24,eco_isic4_k,2013,0.602
svn,sex_t,age_ythadult_y15_24,eco_isic4_k,2014,0.432
svn,sex_t,age_ythadult_y15_24,eco_isic4_k,2015,0.742
svn,sex_t,age_ythadult_y15_24,eco_isic4_k,2016,0.483
svn,sex_t,age_ythadult_y15_24,eco_isic4_k,2017,0.511
svn,sex_t,age_ythadult_y15_24,eco_isic4_k,2018,0.595
svn,sex_t,age_ythadult_y15_24,eco_isic4_k,2019,0.627
svn,sex_t,age_ythadult_y15_24,eco_isic4_k,2020,0.148
svn,sex_t,age_ythadult_y15_24,eco_isic4_k,2021,0.191
svn,sex_t,age_ythadult_y15_24,eco_isic4_k,2022,0.439
svn,sex_t,age_ythadult_y15_24,eco_isic4_k,2023,0.597
svn,sex_t,age_ythadult_y15_24,eco_isic4_l,2008,0.191
svn,sex_t,age_ythadult_y15_24,eco_isic4_l,2009,0.124
svn,sex_t,age_ythadult_y15_24,eco_isic4_l,2010,0.161
svn,sex_t,age_ythadult_y15_24,eco_isic4_l,2019,0.141
svn,sex_t,age_ythadult_y15_24,eco_isic4_l,2021,0.484
svn,sex_t,age_ythadult_y15_24,eco_isic4_l,2022,0.356
svn,sex_t,age_ythadult_y15_24,eco_isic4_l,2023,0.231
svn,sex_t,age_ythadult_y15_24,eco_isic4_m,2008,3.282
svn,sex_t,age_ythadult_y15_24,eco_isic4_m,2009,2.619
svn,sex_t,age_ythadult_y15_24,eco_isic4_m,2010,1.757
svn,sex_t,age_ythadult_y15_24,eco_isic4_m,2011,2.127
svn,sex_t,age_ythadult_y15_24,eco_isic4_m,2012,1.246
svn,sex_t,age_ythadult_y15_24,eco_isic4_m,2013,0.915
svn,sex_t,age_ythadult_y15_24,eco_isic4_m,2014,1.22
svn,sex_t,age_ythadult_y15_24,eco_isic4_m,2015,0.678
svn,sex_t,age_ythadult_y15_24,eco_isic4_m,2016,0.944
svn,sex_t,age_ythadult_y15_24,eco_isic4_m,2017,1.267
svn,sex_t,age_ythadult_y15_24,eco_isic4_m,2018,1.461
svn,sex_t,age_ythadult_y15_24,eco_isic4_m,2019,1.618
svn,sex_t,age_ythadult_y15_24,eco_isic4_m,2020,1.216
svn,sex_t,age_ythadult_y15_24,eco_isic4_m,2021,2.366
svn,sex_t,age_ythadult_y15_24,eco_isic4_m,2022,3.065
svn,sex_t,age_ythadult_y15_24,eco_isic4_m,2023,3.05
svn,sex_t,age_ythadult_y15_24,eco_isic4_n,2008,2.724
svn,sex_t,age_ythadult_y15_24,eco_isic4_n,2009,2.487
svn,sex_t,age_ythadult_y15_24,eco_isic4_n,2010,2.029
svn,sex_t,age_ythadult_y15_24,eco_isic4_n,2011,1.41
svn,sex_t,age_ythadult_y15_24,eco_isic4_n,2012,0.783
svn,sex_t,age_ythadult_y15_24,eco_isic4_n,2013,0.884
svn,sex_t,age_ythadult_y15_24,eco_isic4_n,2014,1.879
svn,sex_t,age_ythadult_y15_24,eco_isic4_n,2015,1.852
svn,sex_t,age_ythadult_y15_24,eco_isic4_n,2016,1.897
svn,sex_t,age_ythadult_y15_24,eco_isic4_n,2017,1.717
svn,sex_t,age_ythadult_y15_24,eco_isic4_n,2018,1.086
svn,sex_t,age_ythadult_y15_24,eco_isic4_n,2019,1.332
svn,sex_t,age_ythadult_y15_24,eco_isic4_n,2020,0.879
svn,sex_t,age_ythadult_y15_24,eco_isic4_n,2021,2.384
svn,sex_t,age_ythadult_y15_24,eco_isic4_n,2022,2.545
svn,sex_t,age_ythadult_y15_24,eco_isic4_n,2023,2.109
svn,sex_t,age_ythadult_y15_24,eco_isic4_o,2008,3.05
svn,sex_t,age_ythadult_y15_24,eco_isic4_o,2009,3.212
svn,sex_t,age_ythadult_y15_24,eco_isic4_o,2010,2.856
svn,sex_t,age_ythadult_y15_24,eco_isic4_o,2011,1.508
svn,sex_t,age_ythadult_y15_24,eco_isic4_o,2012,1.971
svn,sex_t,age_ythadult_y15_24,eco_isic4_o,2013,1.052
svn,sex_t,age_ythadult_y15_24,eco_isic4_o,2014,0.658
svn,sex_t,age_ythadult_y15_24,eco_isic4_o,2015,0.675
svn,sex_t,age_ythadult_y15_24,eco_isic4_o,2016,0.599
svn,sex_t,age_ythadult_y15_24,eco_isic4_o,2017,1.378
svn,sex_t,age_ythadult_y15_24,eco_isic4_o,2018,0.998
svn,sex_t,age_ythadult_y15_24,eco_isic4_o,2019,0.535
svn,sex_t,age_ythadult_y15_24,eco_isic4_o,2020,0.851
svn,sex_t,age_ythadult_y15_24,eco_isic4_o,2021,1.481
svn,sex_t,age_ythadult_y15_24,eco_isic4_o,2022,1.552
svn,sex_t,age_ythadult_y15_24,eco_isic4_o,2023,1.121
svn,sex_t,age_ythadult_y15_24,eco_isic4_p,2008,2.906
svn,sex_t,age_ythadult_y15_24,eco_isic4_p,2009,2.849
svn,sex_t,age_ythadult_y15_24,eco_isic4_p,2010,2.54
svn,sex_t,age_ythadult_y15_24,eco_isic4_p,2011,3.218
svn,sex_t,age_ythadult_y15_24,eco_isic4_p,2012,2.55
svn,sex_t,age_ythadult_y15_24,eco_isic4_p,2013,2.006
svn,sex_t,age_ythadult_y15_24,eco_isic4_p,2014,1.294
svn,sex_t,age_ythadult_y15_24,eco_isic4_p,2015,1.823
svn,sex_t,age_ythadult_y15_24,eco_isic4_p,2016,2.188
svn,sex_t,age_ythadult_y15_24,eco_isic4_p,2017,1.483
svn,sex_t,age_ythadult_y15_24,eco_isic4_p,2018,2.163
svn,sex_t,age_ythadult_y15_24,eco_isic4_p,2019,2.118
svn,sex_t,age_ythadult_y15_24,eco_isic4_p,2020,2.923
svn,sex_t,age_ythadult_y15_24,eco_isic4_p,2021,2.823
svn,sex_t,age_ythadult_y15_24,eco_isic4_p,2022,2.966
svn,sex_t,age_ythadult_y15_24,eco_isic4_p,2023,2.513
svn,sex_t,age_ythadult_y15_24,eco_isic4_q,2008,3.607
svn,sex_t,age_ythadult_y15_24,eco_isic4_q,2009,3.621
svn,sex_t,age_ythadult_y15_24,eco_isic4_q,2010,3.648
svn,sex_t,age_ythadult_y15_24,eco_isic4_q,2011,3.393
svn,sex_t,age_ythadult_y15_24,eco_isic4_q,2012,3.234
svn,sex_t,age_ythadult_y15_24,eco_isic4_q,2013,2.397
svn,sex_t,age_ythadult_y15_24,eco_isic4_q,2014,2.518
svn,sex_t,age_ythadult_y15_24,eco_isic4_q,2015,3.26
svn,sex_t,age_ythadult_y15_24,eco_isic4_q,2016,3.244
svn,sex_t,age_ythadult_y15_24,eco_isic4_q,2017,3.537
svn,sex_t,age_ythadult_y15_24,eco_isic4_q,2018,3.757
svn,sex_t,age_ythadult_y15_24,eco_isic4_q,2019,3.058
svn,sex_t,age_ythadult_y15_24,eco_isic4_q,2020,3.402
svn,sex_t,age_ythadult_y15_24,eco_isic4_q,2021,4.147
svn,sex_t,age_ythadult_y15_24,eco_isic4_q,2022,3.953
svn,sex_t,age_ythadult_y15_24,eco_isic4_q,2023,3.558
svn,sex_t,age_ythadult_y15_24,eco_isic4_r,2008,3.218
svn,sex_t,age_ythadult_y15_24,eco_isic4_r,2009,2.266
svn,sex_t,age_ythadult_y15_24,eco_isic4_r,2010,2.304
svn,sex_t,age_ythadult_y15_24,eco_isic4_r,2011,2.597
svn,sex_t,age_ythadult_y15_24,eco_isic4_r,2012,2.052
svn,sex_t,age_ythadult_y15_24,eco_isic4_r,2013,1.621
svn,sex_t,age_ythadult_y15_24,eco_isic4_r,2014,1.774
svn,sex_t,age_ythadult_y15_24,eco_isic4_r,2015,1.594
svn,sex_t,age_ythadult_y15_24,eco_isic4_r,2016,1.875
svn,sex_t,age_ythadult_y15_24,eco_isic4_r,2017,3.587
svn,sex_t,age_ythadult_y15_24,eco_isic4_r,2018,3.058
svn,sex_t,age_ythadult_y15_24,eco_isic4_r,2019,2.569
svn,sex_t,age_ythadult_y15_24,eco_isic4_r,2020,1.408
svn,sex_t,age_ythadult_y15_24,eco_isic4_r,2021,2.397
svn,sex_t,age_ythadult_y15_24,eco_isic4_r,2022,2.549
svn,sex_t,age_ythadult_y15_24,eco_isic4_r,2023,2.498
svn,sex_t,age_ythadult_y15_24,eco_isic4_s,2008,1.762
svn,sex_t,age_ythadult_y15_24,eco_isic4_s,2009,1.294
svn,sex_t,age_ythadult_y15_24,eco_isic4_s,2010,1.519
svn,sex_t,age_ythadult_y15_24,eco_isic4_s,2011,1.983
svn,sex_t,age_ythadult_y15_24,eco_isic4_s,2012,0.95
svn,sex_t,age_ythadult_y15_24,eco_isic4_s,2013,1.113
svn,sex_t,age_ythadult_y15_24,eco_isic4_s,2014,0.887
svn,sex_t,age_ythadult_y15_24,eco_isic4_s,2015,1.026
svn,sex_t,age_ythadult_y15_24,eco_isic4_s,2016,1.427
svn,sex_t,age_ythadult_y15_24,eco_isic4_s,2017,1.185
svn,sex_t,age_ythadult_y15_24,eco_isic4_s,2018,1.103
svn,sex_t,age_ythadult_y15_24,eco_isic4_s,2019,1.124
svn,sex_t,age_ythadult_y15_24,eco_isic4_s,2020,1.214
svn,sex_t,age_ythadult_y15_24,eco_isic4_s,2021,3.203
svn,sex_t,age_ythadult_y15_24,eco_isic4_s,2022,3.765
svn,sex_t,age_ythadult_y15_24,eco_isic4_s,2023,2.856
svn,sex_t,age_ythadult_y15_24,eco_isic4_t,2021,0.151
svn,sex_t,age_ythadult_y15_24,eco_isic4_total,2008,87.823
svn,sex_t,age_ythadult_y15_24,eco_isic4_total,2009,75.558
svn,sex_t,age_ythadult_y15_24,eco_isic4_total,2010,68.582
svn,sex_t,age_ythadult_y15_24,eco_isic4_total,2011,62.302
svn,sex_t,age_ythadult_y15_24,eco_isic4_total,2012,51.905
svn,sex_t,age_ythadult_y15_24,eco_isic4_total,2013,46.562
svn,sex_t,age_ythadult_y15_24,eco_isic4_total,2014,45.045
svn,sex_t,age_ythadult_y15_24,eco_isic4_total,2015,50.589
svn,sex_t,age_ythadult_y15_24,eco_isic4_total,2016,52.564
svn,sex_t,age_ythadult_y15_24,eco_isic4_total,2017,60.783
svn,sex_t,age_ythadult_y15_24,eco_isic4_total,2018,62.996
svn,sex_t,age_ythadult_y15_24,eco_isic4_total,2019,60.188
svn,sex_t,age_ythadult_y15_24,eco_isic4_total,2020,49.747
svn,sex_t,age_ythadult_y15_24,eco_isic4_total,2021,56.539
svn,sex_t,age_ythadult_y15_24,eco_isic4_total,2022,60.195
svn,sex_t,age_ythadult_y15_24,eco_isic4_total,2023,62.705
svn,sex_t,age_ythadult_y15_24,eco_isic4_x,2008,1.285
svn,sex_t,age_ythadult_y15_24,eco_isic4_x,2009,1.288
svn,sex_t,age_ythadult_y15_24,eco_isic4_x,2010,0.957
svn,sex_t,age_ythadult_y15_24,eco_isic4_x,2011,0.887
svn,sex_t,age_ythadult_y15_24,eco_isic4_x,2012,0.583
svn,sex_t,age_ythadult_y15_24,eco_isic4_x,2013,0.527
svn,sex_t,age_ythadult_y15_24,eco_isic4_x,2014,0.705
svn,sex_t,age_ythadult_y15_24,eco_isic4_x,2015,1.295
svn,sex_t,age_ythadult_y15_24,eco_isic4_x,2016,0.988
svn,sex_t,age_ythadult_y15_24,eco_isic4_x,2017,0.928
svn,sex_t,age_ythadult_y15_24,eco_isic4_x,2018,1.182
svn,sex_t,age_ythadult_y15_24,eco_isic4_x,2019,0.723
svn,sex_t,age_ythadult_y15_24,eco_isic4_x,2020,0.577
svn,sex_t,age_ythadult_y15_24,eco_isic4_x,2021,0.755
svn,sex_t,age_ythadult_y15_24,eco_isic4_x,2022,0.486
svn,sex_t,age_ythadult_y15_24,eco_isic4_x,2023,0.629
svn,sex_t,age_ythadult_y15_24,eco_sector_agr,1996,1.902
svn,sex_t,age_ythadult_y15_24,eco_sector_agr,1997,1.7
svn,sex_t,age_ythadult_y15_24,eco_sector_agr,1998,1.467
svn,sex_t,age_ythadult_y15_24,eco_sector_agr,1999,0.94
svn,sex_t,age_ythadult_y15_24,eco_sector_agr,2000,0.601
svn,sex_t,age_ythadult_y15_24,eco_sector_agr,2001,0.77
svn,sex_t,age_ythadult_y15_24,eco_sector_agr,2002,0.911
svn,sex_t,age_ythadult_y15_24,eco_sector_agr,2003,0.627
svn,sex_t,age_ythadult_y15_24,eco_sector_agr,2004,1.566
svn,sex_t,age_ythadult_y15_24,eco_sector_agr,2005,0.663
svn,sex_t,age_ythadult_y15_24,eco_sector_agr,2006,1.076
svn,sex_t,age_ythadult_y15_24,eco_sector_agr,2007,1.22
svn,sex_t,age_ythadult_y15_24,eco_sector_agr,2008,1.078
svn,sex_t,age_ythadult_y15_24,eco_sector_agr,2009,1.064
svn,sex_t,age_ythadult_y15_24,eco_sector_agr,2010,0.717
svn,sex_t,age_ythadult_y15_24,eco_sector_agr,2011,0.648
svn,sex_t,age_ythadult_y15_24,eco_sector_agr,2012,0.592
svn,sex_t,age_ythadult_y15_24,eco_sector_agr,2013,0.774
svn,sex_t,age_ythadult_y15_24,eco_sector_agr,2014,0.661
svn,sex_t,age_ythadult_y15_24,eco_sector_agr,2015,0.608
svn,sex_t,age_ythadult_y15_24,eco_sector_agr,2016,0.262
svn,sex_t,age_ythadult_y15_24,eco_sector_agr,2017,0.411
svn,sex_t,age_ythadult_y15_24,eco_sector_agr,2018,0.456
svn,sex_t,age_ythadult_y15_24,eco_sector_agr,2019,0.773
svn,sex_t,age_ythadult_y15_24,eco_sector_agr,2020,0.54
svn,sex_t,age_ythadult_y15_24,eco_sector_agr,2021,0.363
svn,sex_t,age_ythadult_y15_24,eco_sector_agr,2022,0.198
svn,sex_t,age_ythadult_y15_24,eco_sector_agr,2023,0.37
svn,sex_t,age_ythadult_y15_24,eco_sector_ind,1996,45.555
svn,sex_t,age_ythadult_y15_24,eco_sector_ind,1997,41.603
svn,sex_t,age_ythadult_y15_24,eco_sector_ind,1998,40.072
svn,sex_t,age_ythadult_y15_24,eco_sector_ind,1999,36.12
svn,sex_t,age_ythadult_y15_24,eco_sector_ind,2000,31.889
svn,sex_t,age_ythadult_y15_24,eco_sector_ind,2001,33.218
svn,sex_t,age_ythadult_y15_24,eco_sector_ind,2002,33.283
svn,sex_t,age_ythadult_y15_24,eco_sector_ind,2003,27.18
svn,sex_t,age_ythadult_y15_24,eco_sector_ind,2004,28.447
svn,sex_t,age_ythadult_y15_24,eco_sector_ind,2005,30.448
svn,sex_t,age_ythadult_y15_24,eco_sector_ind,2006,31.024
svn,sex_t,age_ythadult_y15_24,eco_sector_ind,2007,32.747
svn,sex_t,age_ythadult_y15_24,eco_sector_ind,2008,29.779
svn,sex_t,age_ythadult_y15_24,eco_sector_ind,2009,22.113
svn,sex_t,age_ythadult_y15_24,eco_sector_ind,2010,20.021
svn,sex_t,age_ythadult_y15_24,eco_sector_ind,2011,19.021
svn,sex_t,age_ythadult_y15_24,eco_sector_ind,2012,17.184
svn,sex_t,age_ythadult_y15_24,eco_sector_ind,2013,16.429
svn,sex_t,age_ythadult_y15_24,eco_sector_ind,2014,15.375
svn,sex_t,age_ythadult_y15_24,eco_sector_ind,2015,17.169
svn,sex_t,age_ythadult_y15_24,eco_sector_ind,2016,17.55
svn,sex_t,age_ythadult_y15_24,eco_sector_ind,2017,22.144
svn,sex_t,age_ythadult_y15_24,eco_sector_ind,2018,21.942
svn,sex_t,age_ythadult_y15_24,eco_sector_ind,2019,19.942
svn,sex_t,age_ythadult_y15_24,eco_sector_ind,2020,16.454
svn,sex_t,age_ythadult_y15_24,eco_sector_ind,2021,17.515
svn,sex_t,age_ythadult_y15_24,eco_sector_ind,2022,17.36
svn,sex_t,age_ythadult_y15_24,eco_sector_ind,2023,21.247
svn,sex_t,age_ythadult_y15_24,eco_sector_nag,1996,101.234
svn,sex_t,age_ythadult_y15_24,eco_sector_nag,1997,102.979
svn,sex_t,age_ythadult_y15_24,eco_sector_nag,1998,91.451
svn,sex_t,age_ythadult_y15_24,eco_sector_nag,1999,85.856
svn,sex_t,age_ythadult_y15_24,eco_sector_nag,2000,79.594
svn,sex_t,age_ythadult_y15_24,eco_sector_nag,2001,77.062
svn,sex_t,age_ythadult_y15_24,eco_sector_nag,2002,81.249
svn,sex_t,age_ythadult_y15_24,eco_sector_nag,2003,73.974
svn,sex_t,age_ythadult_y15_24,eco_sector_nag,2004,81.782
svn,sex_t,age_ythadult_y15_24,eco_sector_nag,2005,78.989
svn,sex_t,age_ythadult_y15_24,eco_sector_nag,2006,79.477
svn,sex_t,age_ythadult_y15_24,eco_sector_nag,2007,84.359
svn,sex_t,age_ythadult_y15_24,eco_sector_nag,2008,86.745
svn,sex_t,age_ythadult_y15_24,eco_sector_nag,2009,74.494
svn,sex_t,age_ythadult_y15_24,eco_sector_nag,2010,67.865
svn,sex_t,age_ythadult_y15_24,eco_sector_nag,2011,61.654
svn,sex_t,age_ythadult_y15_24,eco_sector_nag,2012,51.314
svn,sex_t,age_ythadult_y15_24,eco_sector_nag,2013,45.788
svn,sex_t,age_ythadult_y15_24,eco_sector_nag,2014,44.385
svn,sex_t,age_ythadult_y15_24,eco_sector_nag,2015,49.981
svn,sex_t,age_ythadult_y15_24,eco_sector_nag,2016,52.303
svn,sex_t,age_ythadult_y15_24,eco_sector_nag,2017,60.373
svn,sex_t,age_ythadult_y15_24,eco_sector_nag,2018,62.541
svn,sex_t,age_ythadult_y15_24,eco_sector_nag,2019,59.415
svn,sex_t,age_ythadult_y15_24,eco_sector_nag,2020,49.207
svn,sex_t,age_ythadult_y15_24,eco_sector_nag,2021,56.176
svn,sex_t,age_ythadult_y15_24,eco_sector_nag,2022,59.997
svn,sex_t,age_ythadult_y15_24,eco_sector_nag,2023,62.336
svn,sex_t,age_ythadult_y15_24,eco_sector_ser,1996,55.348
svn,sex_t,age_ythadult_y15_24,eco_sector_ser,1997,61.071
svn,sex_t,age_ythadult_y15_24,eco_sector_ser,1998,50.325
svn,sex_t,age_ythadult_y15_24,eco_sector_ser,1999,49.334
svn,sex_t,age_ythadult_y15_24,eco_sector_ser,2000,46.646
svn,sex_t,age_ythadult_y15_24,eco_sector_ser,2001,42.32
svn,sex_t,age_ythadult_y15_24,eco_sector_ser,2002,46.705
svn,sex_t,age_ythadult_y15_24,eco_sector_ser,2003,45.194
svn,sex_t,age_ythadult_y15_24,eco_sector_ser,2004,50.846
svn,sex_t,age_ythadult_y15_24,eco_sector_ser,2005,47.4
svn,sex_t,age_ythadult_y15_24,eco_sector_ser,2006,47.472
svn,sex_t,age_ythadult_y15_24,eco_sector_ser,2007,49.364
svn,sex_t,age_ythadult_y15_24,eco_sector_ser,2008,55.681
svn,sex_t,age_ythadult_y15_24,eco_sector_ser,2009,51.093
svn,sex_t,age_ythadult_y15_24,eco_sector_ser,2010,46.887
svn,sex_t,age_ythadult_y15_24,eco_sector_ser,2011,41.746
svn,sex_t,age_ythadult_y15_24,eco_sector_ser,2012,33.547
svn,sex_t,age_ythadult_y15_24,eco_sector_ser,2013,28.832
svn,sex_t,age_ythadult_y15_24,eco_sector_ser,2014,28.305
svn,sex_t,age_ythadult_y15_24,eco_sector_ser,2015,31.517
svn,sex_t,age_ythadult_y15_24,eco_sector_ser,2016,33.765
svn,sex_t,age_ythadult_y15_24,eco_sector_ser,2017,37.301
svn,sex_t,age_ythadult_y15_24,eco_sector_ser,2018,39.417
svn,sex_t,age_ythadult_y15_24,eco_sector_ser,2019,38.75
svn,sex_t,age_ythadult_y15_24,eco_sector_ser,2020,32.177
svn,sex_t,age_ythadult_y15_24,eco_sector_ser,2021,37.906
svn,sex_t,age_ythadult_y15_24,eco_sector_ser,2022,42.152
svn,sex_t,age_ythadult_y15_24,eco_sector_ser,2023,40.46
svn,sex_t,age_ythadult_y15_24,eco_sector_total,1996,103.135
svn,sex_t,age_ythadult_y15_24,eco_sector_total,1997,104.679
svn,sex_t,age_ythadult_y15_24,eco_sector_total,1998,92.918
svn,sex_t,age_ythadult_y15_24,eco_sector_total,1999,86.796
svn,sex_t,age_ythadult_y15_24,eco_sector_total,2000,80.196
svn,sex_t,age_ythadult_y15_24,eco_sector_total,2001,77.832
svn,sex_t,age_ythadult_y15_24,eco_sector_total,2002,82.16
svn,sex_t,age_ythadult_y15_24,eco_sector_total,2003,74.601
svn,sex_t,age_ythadult_y15_24,eco_sector_total,2004,83.348
svn,sex_t,age_ythadult_y15_24,eco_sector_total,2005,79.652
svn,sex_t,age_ythadult_y15_24,eco_sector_total,2006,80.553
svn,sex_t,age_ythadult_y15_24,eco_sector_total,2007,85.578
svn,sex_t,age_ythadult_y15_24,eco_sector_total,2008,87.823
svn,sex_t,age_ythadult_y15_24,eco_sector_total,2009,75.558
svn,sex_t,age_ythadult_y15_24,eco_sector_total,2010,68.582
svn,sex_t,age_ythadult_y15_24,eco_sector_total,2011,62.302
svn,sex_t,age_ythadult_y15_24,eco_sector_total,2012,51.905
svn,sex_t,age_ythadult_y15_24,eco_sector_total,2013,46.562
svn,sex_t,age_ythadult_y15_24,eco_sector_total,2014,45.045
svn,sex_t,age_ythadult_y15_24,eco_sector_total,2015,50.589
svn,sex_t,age_ythadult_y15_24,eco_sector_total,2016,52.564
svn,sex_t,age_ythadult_y15_24,eco_sector_total,2017,60.783
svn,sex_t,age_ythadult_y15_24,eco_sector_total,2018,62.996
svn,sex_t,age_ythadult_y15_24,eco_sector_total,2019,60.188
svn,sex_t,age_ythadult_y15_24,eco_sector_total,2020,49.747
svn,sex_t,age_ythadult_y15_24,eco_sector_total,2021,56.539
svn,sex_t,age_ythadult_y15_24,eco_sector_total,2022,60.195
svn,sex_t,age_ythadult_y15_24,eco_sector_total,2023,62.705
svn,sex_t,age_ythadult_y15_24,eco_sector_x,1998,1.054
svn,sex_t,age_ythadult_y15_24,eco_sector_x,1999,0.401
svn,sex_t,age_ythadult_y15_24,eco_sector_x,2000,1.06
svn,sex_t,age_ythadult_y15_24,eco_sector_x,2001,1.524
svn,sex_t,age_ythadult_y15_24,eco_sector_x,2002,1.261
svn,sex_t,age_ythadult_y15_24,eco_sector_x,2003,1.6
svn,sex_t,age_ythadult_y15_24,eco_sector_x,2004,2.489
svn,sex_t,age_ythadult_y15_24,eco_sector_x,2005,1.141
svn,sex_t,age_ythadult_y15_24,eco_sector_x,2006,0.981
svn,sex_t,age_ythadult_y15_24,eco_sector_x,2007,2.248
svn,sex_t,age_ythadult_y15_24,eco_sector_x,2008,1.285
svn,sex_t,age_ythadult_y15_24,eco_sector_x,2009,1.288
svn,sex_t,age_ythadult_y15_24,eco_sector_x,2010,0.957
svn,sex_t,age_ythadult_y15_24,eco_sector_x,2011,0.887
svn,sex_t,age_ythadult_y15_24,eco_sector_x,2012,0.583
svn,sex_t,age_ythadult_y15_24,eco_sector_x,2013,0.527
svn,sex_t,age_ythadult_y15_24,eco_sector_x,2014,0.705
svn,sex_t,age_ythadult_y15_24,eco_sector_x,2015,1.295
svn,sex_t,age_ythadult_y15_24,eco_sector_x,2016,0.988
svn,sex_t,age_ythadult_y15_24,eco_sector_x,2017,0.928
svn,sex_t,age_ythadult_y15_24,eco_sector_x,2018,1.182
svn,sex_t,age_ythadult_y15_24,eco_sector_x,2019,0.723
svn,sex_t,age_ythadult_y15_24,eco_sector_x,2020,0.577
svn,sex_t,age_ythadult_y15_24,eco_sector_x,2021,0.755
svn,sex_t,age_ythadult_y15_24,eco_sector_x,2022,0.486
svn,sex_t,age_ythadult_y15_24,eco_sector_x,2023,0.629
svn,sex_t,age_ythadult_y15_64,eco_aggregate_agr,1996,13.701
svn,sex_t,age_ythadult_y15_64,eco_aggregate_agr,1997,12.822
svn,sex_t,age_ythadult_y15_64,eco_aggregate_agr,1998,10.129
svn,sex_t,age_ythadult_y15_64,eco_aggregate_agr,1999,8.52
svn,sex_t,age_ythadult_y15_64,eco_aggregate_agr,2000,9.602
svn,sex_t,age_ythadult_y15_64,eco_aggregate_agr,2001,8.576
svn,sex_t,age_ythadult_y15_64,eco_aggregate_agr,2002,11.395
svn,sex_t,age_ythadult_y15_64,eco_aggregate_agr,2003,10.506
svn,sex_t,age_ythadult_y15_64,eco_aggregate_agr,2004,13.859
svn,sex_t,age_ythadult_y15_64,eco_aggregate_agr,2005,10.201
svn,sex_t,age_ythadult_y15_64,eco_aggregate_agr,2006,11.166
svn,sex_t,age_ythadult_y15_64,eco_aggregate_agr,2007,13.683
svn,sex_t,age_ythadult_y15_64,eco_aggregate_agr,2008,12.687
svn,sex_t,age_ythadult_y15_64,eco_aggregate_agr,2009,10.424
svn,sex_t,age_ythadult_y15_64,eco_aggregate_agr,2010,9.336
svn,sex_t,age_ythadult_y15_64,eco_aggregate_agr,2011,9.767
svn,sex_t,age_ythadult_y15_64,eco_aggregate_agr,2012,9.988
svn,sex_t,age_ythadult_y15_64,eco_aggregate_agr,2013,8.636
svn,sex_t,age_ythadult_y15_64,eco_aggregate_agr,2014,8.704
svn,sex_t,age_ythadult_y15_64,eco_aggregate_agr,2015,8.663
svn,sex_t,age_ythadult_y15_64,eco_aggregate_agr,2016,7.674
svn,sex_t,age_ythadult_y15_64,eco_aggregate_agr,2017,9.037
svn,sex_t,age_ythadult_y15_64,eco_aggregate_agr,2018,8.184
svn,sex_t,age_ythadult_y15_64,eco_aggregate_agr,2019,7.428
svn,sex_t,age_ythadult_y15_64,eco_aggregate_agr,2020,7.273
svn,sex_t,age_ythadult_y15_64,eco_aggregate_agr,2021,6.307
svn,sex_t,age_ythadult_y15_64,eco_aggregate_agr,2022,6.67
svn,sex_t,age_ythadult_y15_64,eco_aggregate_agr,2023,6.766
svn,sex_t,age_ythadult_y15_64,eco_aggregate_con,1996,38.882
svn,sex_t,age_ythadult_y15_64,eco_aggregate_con,1997,45.235
svn,sex_t,age_ythadult_y15_64,eco_aggregate_con,1998,41.249
svn,sex_t,age_ythadult_y15_64,eco_aggregate_con,1999,37.205
svn,sex_t,age_ythadult_y15_64,eco_aggregate_con,2000,39.534
svn,sex_t,age_ythadult_y15_64,eco_aggregate_con,2001,45.214
svn,sex_t,age_ythadult_y15_64,eco_aggregate_con,2002,43.811
svn,sex_t,age_ythadult_y15_64,eco_aggregate_con,2003,43.959
svn,sex_t,age_ythadult_y15_64,eco_aggregate_con,2004,44.617
svn,sex_t,age_ythadult_y15_64,eco_aggregate_con,2005,47.619
svn,sex_t,age_ythadult_y15_64,eco_aggregate_con,2006,45.243
svn,sex_t,age_ythadult_y15_64,eco_aggregate_con,2007,47.083
svn,sex_t,age_ythadult_y15_64,eco_aggregate_con,2008,55.516
svn,sex_t,age_ythadult_y15_64,eco_aggregate_con,2009,50.275
svn,sex_t,age_ythadult_y15_64,eco_aggregate_con,2010,45.599
svn,sex_t,age_ythadult_y15_64,eco_aggregate_con,2011,41.432
svn,sex_t,age_ythadult_y15_64,eco_aggregate_con,2012,41.55
svn,sex_t,age_ythadult_y15_64,eco_aggregate_con,2013,42.112
svn,sex_t,age_ythadult_y15_64,eco_aggregate_con,2014,39.698
svn,sex_t,age_ythadult_y15_64,eco_aggregate_con,2015,39.765
svn,sex_t,age_ythadult_y15_64,eco_aggregate_con,2016,39.028
svn,sex_t,age_ythadult_y15_64,eco_aggregate_con,2017,41.934
svn,sex_t,age_ythadult_y15_64,eco_aggregate_con,2018,41.939
svn,sex_t,age_ythadult_y15_64,eco_aggregate_con,2019,42.701
svn,sex_t,age_ythadult_y15_64,eco_aggregate_con,2020,45.22
svn,sex_t,age_ythadult_y15_64,eco_aggregate_con,2021,39.069
svn,sex_t,age_ythadult_y15_64,eco_aggregate_con,2022,40.963
svn,sex_t,age_ythadult_y15_64,eco_aggregate_con,2023,49.389
svn,sex_t,age_ythadult_y15_64,eco_aggregate_man,1996,278.158
svn,sex_t,age_ythadult_y15_64,eco_aggregate_man,1997,270.927
svn,sex_t,age_ythadult_y15_64,eco_aggregate_man,1998,270.965
svn,sex_t,age_ythadult_y15_64,eco_aggregate_man,1999,256.998
svn,sex_t,age_ythadult_y15_64,eco_aggregate_man,2000,253.49
svn,sex_t,age_ythadult_y15_64,eco_aggregate_man,2001,259.893
svn,sex_t,age_ythadult_y15_64,eco_aggregate_man,2002,268.564
svn,sex_t,age_ythadult_y15_64,eco_aggregate_man,2003,251.49
svn,sex_t,age_ythadult_y15_64,eco_aggregate_man,2004,253.879
svn,sex_t,age_ythadult_y15_64,eco_aggregate_man,2005,260.85
svn,sex_t,age_ythadult_y15_64,eco_aggregate_man,2006,250.221
svn,sex_t,age_ythadult_y15_64,eco_aggregate_man,2007,253.36
svn,sex_t,age_ythadult_y15_64,eco_aggregate_man,2008,247.818
svn,sex_t,age_ythadult_y15_64,eco_aggregate_man,2009,223.38
svn,sex_t,age_ythadult_y15_64,eco_aggregate_man,2010,215.767
svn,sex_t,age_ythadult_y15_64,eco_aggregate_man,2011,201.564
svn,sex_t,age_ythadult_y15_64,eco_aggregate_man,2012,193.208
svn,sex_t,age_ythadult_y15_64,eco_aggregate_man,2013,190.088
svn,sex_t,age_ythadult_y15_64,eco_aggregate_man,2014,191.955
svn,sex_t,age_ythadult_y15_64,eco_aggregate_man,2015,199.54
svn,sex_t,age_ythadult_y15_64,eco_aggregate_man,2016,214.448
svn,sex_t,age_ythadult_y15_64,eco_aggregate_man,2017,226.251
svn,sex_t,age_ythadult_y15_64,eco_aggregate_man,2018,228.527
svn,sex_t,age_ythadult_y15_64,eco_aggregate_man,2019,237.633
svn,sex_t,age_ythadult_y15_64,eco_aggregate_man,2020,234.175
svn,sex_t,age_ythadult_y15_64,eco_aggregate_man,2021,199.824
svn,sex_t,age_ythadult_y15_64,eco_aggregate_man,2022,202.497
svn,sex_t,age_ythadult_y15_64,eco_aggregate_man,2023,209.682
svn,sex_t,age_ythadult_y15_64,eco_aggregate_mel,1996,21.88
svn,sex_t,age_ythadult_y15_64,eco_aggregate_mel,1997,19.37
svn,sex_t,age_ythadult_y15_64,eco_aggregate_mel,1998,16.381
svn,sex_t,age_ythadult_y15_64,eco_aggregate_mel,1999,14.06
svn,sex_t,age_ythadult_y15_64,eco_aggregate_mel,2000,17.542
svn,sex_t,age_ythadult_y15_64,eco_aggregate_mel,2001,16.564
svn,sex_t,age_ythadult_y15_64,eco_aggregate_mel,2002,14.23
svn,sex_t,age_ythadult_y15_64,eco_aggregate_mel,2003,14.198
svn,sex_t,age_ythadult_y15_64,eco_aggregate_mel,2004,15.648
svn,sex_t,age_ythadult_y15_64,eco_aggregate_mel,2005,15.325
svn,sex_t,age_ythadult_y15_64,eco_aggregate_mel,2006,15.748
svn,sex_t,age_ythadult_y15_64,eco_aggregate_mel,2007,14.982
svn,sex_t,age_ythadult_y15_64,eco_aggregate_mel,2008,21.303
svn,sex_t,age_ythadult_y15_64,eco_aggregate_mel,2009,21.906
svn,sex_t,age_ythadult_y15_64,eco_aggregate_mel,2010,21.11
svn,sex_t,age_ythadult_y15_64,eco_aggregate_mel,2011,23.733
svn,sex_t,age_ythadult_y15_64,eco_aggregate_mel,2012,23.159
svn,sex_t,age_ythadult_y15_64,eco_aggregate_mel,2013,22.221
svn,sex_t,age_ythadult_y15_64,eco_aggregate_mel,2014,22.93
svn,sex_t,age_ythadult_y15_64,eco_aggregate_mel,2015,22.182
svn,sex_t,age_ythadult_y15_64,eco_aggregate_mel,2016,20.099
svn,sex_t,age_ythadult_y15_64,eco_aggregate_mel,2017,21.469
svn,sex_t,age_ythadult_y15_64,eco_aggregate_mel,2018,24.469
svn,sex_t,age_ythadult_y15_64,eco_aggregate_mel,2019,24.385
svn,sex_t,age_ythadult_y15_64,eco_aggregate_mel,2020,24.638
svn,sex_t,age_ythadult_y15_64,eco_aggregate_mel,2021,22.727
svn,sex_t,age_ythadult_y15_64,eco_aggregate_mel,2022,24.105
svn,sex_t,age_ythadult_y15_64,eco_aggregate_mel,2023,25.659
svn,sex_t,age_ythadult_y15_64,eco_aggregate_mkt,1996,203.637
svn,sex_t,age_ythadult_y15_64,eco_aggregate_mkt,1997,215.065
svn,sex_t,age_ythadult_y15_64,eco_aggregate_mkt,1998,218.858
svn,sex_t,age_ythadult_y15_64,eco_aggregate_mkt,1999,223.171
svn,sex_t,age_ythadult_y15_64,eco_aggregate_mkt,2000,240.658
svn,sex_t,age_ythadult_y15_64,eco_aggregate_mkt,2001,235.023
svn,sex_t,age_ythadult_y15_64,eco_aggregate_mkt,2002,240.732
svn,sex_t,age_ythadult_y15_64,eco_aggregate_mkt,2003,254.797
svn,sex_t,age_ythadult_y15_64,eco_aggregate_mkt,2004,256.823
svn,sex_t,age_ythadult_y15_64,eco_aggregate_mkt,2005,256.214
svn,sex_t,age_ythadult_y15_64,eco_aggregate_mkt,2006,259.343
svn,sex_t,age_ythadult_y15_64,eco_aggregate_mkt,2007,272.196
svn,sex_t,age_ythadult_y15_64,eco_aggregate_mkt,2008,301.125
svn,sex_t,age_ythadult_y15_64,eco_aggregate_mkt,2009,300.021
svn,sex_t,age_ythadult_y15_64,eco_aggregate_mkt,2010,289.349
svn,sex_t,age_ythadult_y15_64,eco_aggregate_mkt,2011,284.317
svn,sex_t,age_ythadult_y15_64,eco_aggregate_mkt,2012,285.622
svn,sex_t,age_ythadult_y15_64,eco_aggregate_mkt,2013,276.249
svn,sex_t,age_ythadult_y15_64,eco_aggregate_mkt,2014,266.211
svn,sex_t,age_ythadult_y15_64,eco_aggregate_mkt,2015,270.257
svn,sex_t,age_ythadult_y15_64,eco_aggregate_mkt,2016,276.269
svn,sex_t,age_ythadult_y15_64,eco_aggregate_mkt,2017,282.762
svn,sex_t,age_ythadult_y15_64,eco_aggregate_mkt,2018,291.809
svn,sex_t,age_ythadult_y15_64,eco_aggregate_mkt,2019,298.502
svn,sex_t,age_ythadult_y15_64,eco_aggregate_mkt,2020,297.142
svn,sex_t,age_ythadult_y15_64,eco_aggregate_mkt,2021,296.318
svn,sex_t,age_ythadult_y15_64,eco_aggregate_mkt,2022,302.084
svn,sex_t,age_ythadult_y15_64,eco_aggregate_mkt,2023,308.391
svn,sex_t,age_ythadult_y15_64,eco_aggregate_pub,1996,165
svn,sex_t,age_ythadult_y15_64,eco_aggregate_pub,1997,157.469
svn,sex_t,age_ythadult_y15_64,eco_aggregate_pub,1998,166.354
svn,sex_t,age_ythadult_y15_64,eco_aggregate_pub,1999,180.081
svn,sex_t,age_ythadult_y15_64,eco_aggregate_pub,2000,182.853
svn,sex_t,age_ythadult_y15_64,eco_aggregate_pub,2001,182.91
svn,sex_t,age_ythadult_y15_64,eco_aggregate_pub,2002,186.293
svn,sex_t,age_ythadult_y15_64,eco_aggregate_pub,2003,188.783
svn,sex_t,age_ythadult_y15_64,eco_aggregate_pub,2004,201.4
svn,sex_t,age_ythadult_y15_64,eco_aggregate_pub,2005,207.885
svn,sex_t,age_ythadult_y15_64,eco_aggregate_pub,2006,216.805
svn,sex_t,age_ythadult_y15_64,eco_aggregate_pub,2007,215.731
svn,sex_t,age_ythadult_y15_64,eco_aggregate_pub,2008,210.632
svn,sex_t,age_ythadult_y15_64,eco_aggregate_pub,2009,208.487
svn,sex_t,age_ythadult_y15_64,eco_aggregate_pub,2010,211.629
svn,sex_t,age_ythadult_y15_64,eco_aggregate_pub,2011,210.784
svn,sex_t,age_ythadult_y15_64,eco_aggregate_pub,2012,213.503
svn,sex_t,age_ythadult_y15_64,eco_aggregate_pub,2013,206.197
svn,sex_t,age_ythadult_y15_64,eco_aggregate_pub,2014,209.455
svn,sex_t,age_ythadult_y15_64,eco_aggregate_pub,2015,213.72
svn,sex_t,age_ythadult_y15_64,eco_aggregate_pub,2016,218.073
svn,sex_t,age_ythadult_y15_64,eco_aggregate_pub,2017,228.589
svn,sex_t,age_ythadult_y15_64,eco_aggregate_pub,2018,227.08
svn,sex_t,age_ythadult_y15_64,eco_aggregate_pub,2019,228.708
svn,sex_t,age_ythadult_y15_64,eco_aggregate_pub,2020,237.386
svn,sex_t,age_ythadult_y15_64,eco_aggregate_pub,2021,259.73
svn,sex_t,age_ythadult_y15_64,eco_aggregate_pub,2022,260.359
svn,sex_t,age_ythadult_y15_64,eco_aggregate_pub,2023,237.327
svn,sex_t,age_ythadult_y15_64,eco_aggregate_total,1996,722.32
svn,sex_t,age_ythadult_y15_64,eco_aggregate_total,1997,722.761
svn,sex_t,age_ythadult_y15_64,eco_aggregate_total,1998,727.722
svn,sex_t,age_ythadult_y15_64,eco_aggregate_total,1999,722.585
svn,sex_t,age_ythadult_y15_64,eco_aggregate_total,2000,748.464
svn,sex_t,age_ythadult_y15_64,eco_aggregate_total,2001,756.391
svn,sex_t,age_ythadult_y15_64,eco_aggregate_total,2002,770.702
svn,sex_t,age_ythadult_y15_64,eco_aggregate_total,2003,768.876
svn,sex_t,age_ythadult_y15_64,eco_aggregate_total,2004,795.475
svn,sex_t,age_ythadult_y15_64,eco_aggregate_total,2005,802.105
svn,sex_t,age_ythadult_y15_64,eco_aggregate_total,2006,802.448
svn,sex_t,age_ythadult_y15_64,eco_aggregate_total,2007,825.732
svn,sex_t,age_ythadult_y15_64,eco_aggregate_total,2008,853.432
svn,sex_t,age_ythadult_y15_64,eco_aggregate_total,2009,819.249
svn,sex_t,age_ythadult_y15_64,eco_aggregate_total,2010,796.079
svn,sex_t,age_ythadult_y15_64,eco_aggregate_total,2011,775.847
svn,sex_t,age_ythadult_y15_64,eco_aggregate_total,2012,771.459
svn,sex_t,age_ythadult_y15_64,eco_aggregate_total,2013,749.683
svn,sex_t,age_ythadult_y15_64,eco_aggregate_total,2014,743.867
svn,sex_t,age_ythadult_y15_64,eco_aggregate_total,2015,763.508
svn,sex_t,age_ythadult_y15_64,eco_aggregate_total,2016,781.583
svn,sex_t,age_ythadult_y15_64,eco_aggregate_total,2017,814.8
svn,sex_t,age_ythadult_y15_64,eco_aggregate_total,2018,827.296
svn,sex_t,age_ythadult_y15_64,eco_aggregate_total,2019,843.56
svn,sex_t,age_ythadult_y15_64,eco_aggregate_total,2020,849.546
svn,sex_t,age_ythadult_y15_64,eco_aggregate_total,2021,828.313
svn,sex_t,age_ythadult_y15_64,eco_aggregate_total,2022,840.205
svn,sex_t,age_ythadult_y15_64,eco_aggregate_total,2023,840.967
svn,sex_t,age_ythadult_y15_64,eco_aggregate_x,1997,1.874
svn,sex_t,age_ythadult_y15_64,eco_aggregate_x,1998,3.785
svn,sex_t,age_ythadult_y15_64,eco_aggregate_x,1999,2.55
svn,sex_t,age_ythadult_y15_64,eco_aggregate_x,2000,4.785
svn,sex_t,age_ythadult_y15_64,eco_aggregate_x,2001,8.212
svn,sex_t,age_ythadult_y15_64,eco_aggregate_x,2002,5.677
svn,sex_t,age_ythadult_y15_64,eco_aggregate_x,2003,5.143
svn,sex_t,age_ythadult_y15_64,eco_aggregate_x,2004,9.247
svn,sex_t,age_ythadult_y15_64,eco_aggregate_x,2005,4.011
svn,sex_t,age_ythadult_y15_64,eco_aggregate_x,2006,3.921
svn,sex_t,age_ythadult_y15_64,eco_aggregate_x,2007,8.696
svn,sex_t,age_ythadult_y15_64,eco_aggregate_x,2008,4.351
svn,sex_t,age_ythadult_y15_64,eco_aggregate_x,2009,4.756
svn,sex_t,age_ythadult_y15_64,eco_aggregate_x,2010,3.288
svn,sex_t,age_ythadult_y15_64,eco_aggregate_x,2011,4.25
svn,sex_t,age_ythadult_y15_64,eco_aggregate_x,2012,4.429
svn,sex_t,age_ythadult_y15_64,eco_aggregate_x,2013,4.18
svn,sex_t,age_ythadult_y15_64,eco_aggregate_x,2014,4.914
svn,sex_t,age_ythadult_y15_64,eco_aggregate_x,2015,9.382
svn,sex_t,age_ythadult_y15_64,eco_aggregate_x,2016,5.992
svn,sex_t,age_ythadult_y15_64,eco_aggregate_x,2017,4.76
svn,sex_t,age_ythadult_y15_64,eco_aggregate_x,2018,5.288
svn,sex_t,age_ythadult_y15_64,eco_aggregate_x,2019,4.204
svn,sex_t,age_ythadult_y15_64,eco_aggregate_x,2020,3.712
svn,sex_t,age_ythadult_y15_64,eco_aggregate_x,2021,4.337
svn,sex_t,age_ythadult_y15_64,eco_aggregate_x,2022,3.526
svn,sex_t,age_ythadult_y15_64,eco_aggregate_x,2023,3.753
svn,sex_t,age_ythadult_y15_64,eco_isic3_a,1996,13.647
svn,sex_t,age_ythadult_y15_64,eco_isic3_a,1997,12.526
svn,sex_t,age_ythadult_y15_64,eco_isic3_a,1998,9.934
svn,sex_t,age_ythadult_y15_64,eco_isic3_a,1999,8.062
svn,sex_t,age_ythadult_y15_64,eco_isic3_a,2000,9.546
svn,sex_t,age_ythadult_y15_64,eco_isic3_a,2001,8.576
svn,sex_t,age_ythadult_y15_64,eco_isic3_a,2002,11.329
svn,sex_t,age_ythadult_y15_64,eco_isic3_a,2003,10.356
svn,sex_t,age_ythadult_y15_64,eco_isic3_a,2004,13.53
svn,sex_t,age_ythadult_y15_64,eco_isic3_a,2005,10.051
svn,sex_t,age_ythadult_y15_64,eco_isic3_a,2006,11.066
svn,sex_t,age_ythadult_y15_64,eco_isic3_a,2007,13.325
svn,sex_t,age_ythadult_y15_64,eco_isic3_b,2007,0.358
svn,sex_t,age_ythadult_y15_64,eco_isic3_c,1996,9.157
svn,sex_t,age_ythadult_y15_64,eco_isic3_c,1997,6.593
svn,sex_t,age_ythadult_y15_64,eco_isic3_c,1998,8.01
svn,sex_t,age_ythadult_y15_64,eco_isic3_c,1999,6.418
svn,sex_t,age_ythadult_y15_64,eco_isic3_c,2000,7.404
svn,sex_t,age_ythadult_y15_64,eco_isic3_c,2002,3.537
svn,sex_t,age_ythadult_y15_64,eco_isic3_c,2005,6.283
svn,sex_t,age_ythadult_y15_64,eco_isic3_c,2006,5.807
svn,sex_t,age_ythadult_y15_64,eco_isic3_c,2007,4.603
svn,sex_t,age_ythadult_y15_64,eco_isic3_d,1996,278.158
svn,sex_t,age_ythadult_y15_64,eco_isic3_d,1997,270.927
svn,sex_t,age_ythadult_y15_64,eco_isic3_d,1998,270.965
svn,sex_t,age_ythadult_y15_64,eco_isic3_d,1999,256.998
svn,sex_t,age_ythadult_y15_64,eco_isic3_d,2000,253.49
svn,sex_t,age_ythadult_y15_64,eco_isic3_d,2001,259.893
svn,sex_t,age_ythadult_y15_64,eco_isic3_d,2002,268.564
svn,sex_t,age_ythadult_y15_64,eco_isic3_d,2003,251.49
svn,sex_t,age_ythadult_y15_64,eco_isic3_d,2004,253.879
svn,sex_t,age_ythadult_y15_64,eco_isic3_d,2005,260.85
svn,sex_t,age_ythadult_y15_64,eco_isic3_d,2006,250.221
svn,sex_t,age_ythadult_y15_64,eco_isic3_d,2007,253.36
svn,sex_t,age_ythadult_y15_64,eco_isic3_e,1996,12.723
svn,sex_t,age_ythadult_y15_64,eco_isic3_e,1997,12.777
svn,sex_t,age_ythadult_y15_64,eco_isic3_e,1998,8.371
svn,sex_t,age_ythadult_y15_64,eco_isic3_e,1999,7.643
svn,sex_t,age_ythadult_y15_64,eco_isic3_e,2000,10.139
svn,sex_t,age_ythadult_y15_64,eco_isic3_e,2001,11.209
svn,sex_t,age_ythadult_y15_64,eco_isic3_e,2002,10.693
svn,sex_t,age_ythadult_y15_64,eco_isic3_e,2003,8.755
svn,sex_t,age_ythadult_y15_64,eco_isic3_e,2004,9.613
svn,sex_t,age_ythadult_y15_64,eco_isic3_e,2005,9.043
svn,sex_t,age_ythadult_y15_64,eco_isic3_e,2006,9.941
svn,sex_t,age_ythadult_y15_64,eco_isic3_e,2007,10.379
svn,sex_t,age_ythadult_y15_64,eco_isic3_f,1996,38.882
svn,sex_t,age_ythadult_y15_64,eco_isic3_f,1997,45.235
svn,sex_t,age_ythadult_y15_64,eco_isic3_f,1998,41.249
svn,sex_t,age_ythadult_y15_64,eco_isic3_f,1999,37.205
svn,sex_t,age_ythadult_y15_64,eco_isic3_f,2000,39.534
svn,sex_t,age_ythadult_y15_64,eco_isic3_f,2001,45.214
svn,sex_t,age_ythadult_y15_64,eco_isic3_f,2002,43.811
svn,sex_t,age_ythadult_y15_64,eco_isic3_f,2003,43.959
svn,sex_t,age_ythadult_y15_64,eco_isic3_f,2004,44.617
svn,sex_t,age_ythadult_y15_64,eco_isic3_f,2005,47.619
svn,sex_t,age_ythadult_y15_64,eco_isic3_f,2006,45.243
svn,sex_t,age_ythadult_y15_64,eco_isic3_f,2007,47.083
svn,sex_t,age_ythadult_y15_64,eco_isic3_g,1996,87.31
svn,sex_t,age_ythadult_y15_64,eco_isic3_g,1997,88.9
svn,sex_t,age_ythadult_y15_64,eco_isic3_g,1998,94.098
svn,sex_t,age_ythadult_y15_64,eco_isic3_g,1999,94.262
svn,sex_t,age_ythadult_y15_64,eco_isic3_g,2000,106.034
svn,sex_t,age_ythadult_y15_64,eco_isic3_g,2001,98.419
svn,sex_t,age_ythadult_y15_64,eco_isic3_g,2002,104.62
svn,sex_t,age_ythadult_y15_64,eco_isic3_g,2003,107.44
svn,sex_t,age_ythadult_y15_64,eco_isic3_g,2004,106.288
svn,sex_t,age_ythadult_y15_64,eco_isic3_g,2005,100.33
svn,sex_t,age_ythadult_y15_64,eco_isic3_g,2006,106.022
svn,sex_t,age_ythadult_y15_64,eco_isic3_g,2007,106.171
svn,sex_t,age_ythadult_y15_64,eco_isic3_h,1996,28.538
svn,sex_t,age_ythadult_y15_64,eco_isic3_h,1997,32.485
svn,sex_t,age_ythadult_y15_64,eco_isic3_h,1998,32.337
svn,sex_t,age_ythadult_y15_64,eco_isic3_h,1999,28.13
svn,sex_t,age_ythadult_y15_64,eco_isic3_h,2000,29.259
svn,sex_t,age_ythadult_y15_64,eco_isic3_h,2001,28.749
svn,sex_t,age_ythadult_y15_64,eco_isic3_h,2002,31.082
svn,sex_t,age_ythadult_y15_64,eco_isic3_h,2003,30.398
svn,sex_t,age_ythadult_y15_64,eco_isic3_h,2004,33.044
svn,sex_t,age_ythadult_y15_64,eco_isic3_h,2005,34.735
svn,sex_t,age_ythadult_y15_64,eco_isic3_h,2006,32.984
svn,sex_t,age_ythadult_y15_64,eco_isic3_h,2007,34.773
svn,sex_t,age_ythadult_y15_64,eco_isic3_i,1996,42.546
svn,sex_t,age_ythadult_y15_64,eco_isic3_i,1997,42.025
svn,sex_t,age_ythadult_y15_64,eco_isic3_i,1998,40.142
svn,sex_t,age_ythadult_y15_64,eco_isic3_i,1999,43.029
svn,sex_t,age_ythadult_y15_64,eco_isic3_i,2000,51.593
svn,sex_t,age_ythadult_y15_64,eco_isic3_i,2001,50.148
svn,sex_t,age_ythadult_y15_64,eco_isic3_i,2002,46.66
svn,sex_t,age_ythadult_y15_64,eco_isic3_i,2003,52.011
svn,sex_t,age_ythadult_y15_64,eco_isic3_i,2004,49.233
svn,sex_t,age_ythadult_y15_64,eco_isic3_i,2005,49.422
svn,sex_t,age_ythadult_y15_64,eco_isic3_i,2006,47.363
svn,sex_t,age_ythadult_y15_64,eco_isic3_i,2007,52.524
svn,sex_t,age_ythadult_y15_64,eco_isic3_j,1996,18.96
svn,sex_t,age_ythadult_y15_64,eco_isic3_j,1997,20.096
svn,sex_t,age_ythadult_y15_64,eco_isic3_j,1998,16.965
svn,sex_t,age_ythadult_y15_64,eco_isic3_j,1999,19.988
svn,sex_t,age_ythadult_y15_64,eco_isic3_j,2000,21.29
svn,sex_t,age_ythadult_y15_64,eco_isic3_j,2001,23.728
svn,sex_t,age_ythadult_y15_64,eco_isic3_j,2002,21.644
svn,sex_t,age_ythadult_y15_64,eco_isic3_j,2003,21.626
svn,sex_t,age_ythadult_y15_64,eco_isic3_j,2004,21.354
svn,sex_t,age_ythadult_y15_64,eco_isic3_j,2005,22.523
svn,sex_t,age_ythadult_y15_64,eco_isic3_j,2006,22.039
svn,sex_t,age_ythadult_y15_64,eco_isic3_j,2007,23.323
svn,sex_t,age_ythadult_y15_64,eco_isic3_k,1996,26.283
svn,sex_t,age_ythadult_y15_64,eco_isic3_k,1997,31.561
svn,sex_t,age_ythadult_y15_64,eco_isic3_k,1998,35.316
svn,sex_t,age_ythadult_y15_64,eco_isic3_k,1999,37.763
svn,sex_t,age_ythadult_y15_64,eco_isic3_k,2000,32.482
svn,sex_t,age_ythadult_y15_64,eco_isic3_k,2001,33.98
svn,sex_t,age_ythadult_y15_64,eco_isic3_k,2002,36.725
svn,sex_t,age_ythadult_y15_64,eco_isic3_k,2003,43.321
svn,sex_t,age_ythadult_y15_64,eco_isic3_k,2004,46.904
svn,sex_t,age_ythadult_y15_64,eco_isic3_k,2005,49.204
svn,sex_t,age_ythadult_y15_64,eco_isic3_k,2006,50.935
svn,sex_t,age_ythadult_y15_64,eco_isic3_k,2007,55.406
svn,sex_t,age_ythadult_y15_64,eco_isic3_l,1996,40.771
svn,sex_t,age_ythadult_y15_64,eco_isic3_l,1997,35.339
svn,sex_t,age_ythadult_y15_64,eco_isic3_l,1998,40.844
svn,sex_t,age_ythadult_y15_64,eco_isic3_l,1999,48.495
svn,sex_t,age_ythadult_y15_64,eco_isic3_l,2000,52.629
svn,sex_t,age_ythadult_y15_64,eco_isic3_l,2001,47.609
svn,sex_t,age_ythadult_y15_64,eco_isic3_l,2002,49.621
svn,sex_t,age_ythadult_y15_64,eco_isic3_l,2003,49.252
svn,sex_t,age_ythadult_y15_64,eco_isic3_l,2004,55.057
svn,sex_t,age_ythadult_y15_64,eco_isic3_l,2005,57.432
svn,sex_t,age_ythadult_y15_64,eco_isic3_l,2006,55.946
svn,sex_t,age_ythadult_y15_64,eco_isic3_l,2007,53.905
svn,sex_t,age_ythadult_y15_64,eco_isic3_m,1996,54.471
svn,sex_t,age_ythadult_y15_64,eco_isic3_m,1997,52.152
svn,sex_t,age_ythadult_y15_64,eco_isic3_m,1998,58.877
svn,sex_t,age_ythadult_y15_64,eco_isic3_m,1999,58.454
svn,sex_t,age_ythadult_y15_64,eco_isic3_m,2000,56.18
svn,sex_t,age_ythadult_y15_64,eco_isic3_m,2001,61.313
svn,sex_t,age_ythadult_y15_64,eco_isic3_m,2002,59.849
svn,sex_t,age_ythadult_y15_64,eco_isic3_m,2003,61.897
svn,sex_t,age_ythadult_y15_64,eco_isic3_m,2004,64.077
svn,sex_t,age_ythadult_y15_64,eco_isic3_m,2005,70.185
svn,sex_t,age_ythadult_y15_64,eco_isic3_m,2006,73.944
svn,sex_t,age_ythadult_y15_64,eco_isic3_m,2007,73.844
svn,sex_t,age_ythadult_y15_64,eco_isic3_n,1996,43.09
svn,sex_t,age_ythadult_y15_64,eco_isic3_n,1997,40.496
svn,sex_t,age_ythadult_y15_64,eco_isic3_n,1998,40.353
svn,sex_t,age_ythadult_y15_64,eco_isic3_n,1999,43.499
svn,sex_t,age_ythadult_y15_64,eco_isic3_n,2000,45.341
svn,sex_t,age_ythadult_y15_64,eco_isic3_n,2001,44.899
svn,sex_t,age_ythadult_y15_64,eco_isic3_n,2002,49.297
svn,sex_t,age_ythadult_y15_64,eco_isic3_n,2003,45.794
svn,sex_t,age_ythadult_y15_64,eco_isic3_n,2004,46.538
svn,sex_t,age_ythadult_y15_64,eco_isic3_n,2005,49.123
svn,sex_t,age_ythadult_y15_64,eco_isic3_n,2006,53.589
svn,sex_t,age_ythadult_y15_64,eco_isic3_n,2007,53.121
svn,sex_t,age_ythadult_y15_64,eco_isic3_o,1996,25.525
svn,sex_t,age_ythadult_y15_64,eco_isic3_o,1997,27.717
svn,sex_t,age_ythadult_y15_64,eco_isic3_o,1998,25.742
svn,sex_t,age_ythadult_y15_64,eco_isic3_o,1999,29.241
svn,sex_t,age_ythadult_y15_64,eco_isic3_o,2000,28.58
svn,sex_t,age_ythadult_y15_64,eco_isic3_o,2001,28.1
svn,sex_t,age_ythadult_y15_64,eco_isic3_o,2002,27.154
svn,sex_t,age_ythadult_y15_64,eco_isic3_o,2003,31.657
svn,sex_t,age_ythadult_y15_64,eco_isic3_o,2004,35.154
svn,sex_t,age_ythadult_y15_64,eco_isic3_o,2005,30.641
svn,sex_t,age_ythadult_y15_64,eco_isic3_o,2006,32.772
svn,sex_t,age_ythadult_y15_64,eco_isic3_o,2007,34.373
svn,sex_t,age_ythadult_y15_64,eco_isic3_p,1996,0.971
svn,sex_t,age_ythadult_y15_64,eco_isic3_p,1997,1.765
svn,sex_t,age_ythadult_y15_64,eco_isic3_p,1998,0.537
svn,sex_t,age_ythadult_y15_64,eco_isic3_p,2001,0.989
svn,sex_t,age_ythadult_y15_64,eco_isic3_p,2004,0.574
svn,sex_t,age_ythadult_y15_64,eco_isic3_p,2005,0.503
svn,sex_t,age_ythadult_y15_64,eco_isic3_p,2006,0.554
svn,sex_t,age_ythadult_y15_64,eco_isic3_total,1996,722.32
svn,sex_t,age_ythadult_y15_64,eco_isic3_total,1997,722.761
svn,sex_t,age_ythadult_y15_64,eco_isic3_total,1998,727.722
svn,sex_t,age_ythadult_y15_64,eco_isic3_total,1999,722.585
svn,sex_t,age_ythadult_y15_64,eco_isic3_total,2000,748.464
svn,sex_t,age_ythadult_y15_64,eco_isic3_total,2001,756.391
svn,sex_t,age_ythadult_y15_64,eco_isic3_total,2002,770.702
svn,sex_t,age_ythadult_y15_64,eco_isic3_total,2003,768.876
svn,sex_t,age_ythadult_y15_64,eco_isic3_total,2004,795.475
svn,sex_t,age_ythadult_y15_64,eco_isic3_total,2005,802.105
svn,sex_t,age_ythadult_y15_64,eco_isic3_total,2006,802.448
svn,sex_t,age_ythadult_y15_64,eco_isic3_total,2007,825.732
svn,sex_t,age_ythadult_y15_64,eco_isic3_x,1997,1.874
svn,sex_t,age_ythadult_y15_64,eco_isic3_x,1998,3.785
svn,sex_t,age_ythadult_y15_64,eco_isic3_x,1999,2.55
svn,sex_t,age_ythadult_y15_64,eco_isic3_x,2000,4.785
svn,sex_t,age_ythadult_y15_64,eco_isic3_x,2001,8.212
svn,sex_t,age_ythadult_y15_64,eco_isic3_x,2002,5.677
svn,sex_t,age_ythadult_y15_64,eco_isic3_x,2003,5.143
svn,sex_t,age_ythadult_y15_64,eco_isic3_x,2004,9.247
svn,sex_t,age_ythadult_y15_64,eco_isic3_x,2005,4.011
svn,sex_t,age_ythadult_y15_64,eco_isic3_x,2006,3.921
svn,sex_t,age_ythadult_y15_64,eco_isic3_x,2007,8.696
svn,sex_t,age_ythadult_y15_64,eco_isic4_a,2008,12.687
svn,sex_t,age_ythadult_y15_64,eco_isic4_a,2009,10.424
svn,sex_t,age_ythadult_y15_64,eco_isic4_a,2010,9.336
svn,sex_t,age_ythadult_y15_64,eco_isic4_a,2011,9.767
svn,sex_t,age_ythadult_y15_64,eco_isic4_a,2012,9.988
svn,sex_t,age_ythadult_y15_64,eco_isic4_a,2013,8.636
svn,sex_t,age_ythadult_y15_64,eco_isic4_a,2014,8.704
svn,sex_t,age_ythadult_y15_64,eco_isic4_a,2015,8.663
svn,sex_t,age_ythadult_y15_64,eco_isic4_a,2016,7.674
svn,sex_t,age_ythadult_y15_64,eco_isic4_a,2017,9.037
svn,sex_t,age_ythadult_y15_64,eco_isic4_a,2018,8.184
svn,sex_t,age_ythadult_y15_64,eco_isic4_a,2019,7.428
svn,sex_t,age_ythadult_y15_64,eco_isic4_a,2020,7.273
svn,sex_t,age_ythadult_y15_64,eco_isic4_a,2021,6.307
svn,sex_t,age_ythadult_y15_64,eco_isic4_a,2022,6.67
svn,sex_t,age_ythadult_y15_64,eco_isic4_a,2023,6.766
svn,sex_t,age_ythadult_y15_64,eco_isic4_b,2008,3.765
svn,sex_t,age_ythadult_y15_64,eco_isic4_b,2009,3.916
svn,sex_t,age_ythadult_y15_64,eco_isic4_b,2010,4.079
svn,sex_t,age_ythadult_y15_64,eco_isic4_b,2011,4.781
svn,sex_t,age_ythadult_y15_64,eco_isic4_b,2012,4.228
svn,sex_t,age_ythadult_y15_64,eco_isic4_b,2013,4.139
svn,sex_t,age_ythadult_y15_64,eco_isic4_b,2014,2.856
svn,sex_t,age_ythadult_y15_64,eco_isic4_b,2015,3.009
svn,sex_t,age_ythadult_y15_64,eco_isic4_b,2016,2.724
svn,sex_t,age_ythadult_y15_64,eco_isic4_b,2017,2.381
svn,sex_t,age_ythadult_y15_64,eco_isic4_b,2018,3.232
svn,sex_t,age_ythadult_y15_64,eco_isic4_b,2019,4.184
svn,sex_t,age_ythadult_y15_64,eco_isic4_b,2020,3.771
svn,sex_t,age_ythadult_y15_64,eco_isic4_b,2021,2.15
svn,sex_t,age_ythadult_y15_64,eco_isic4_b,2022,2.347
svn,sex_t,age_ythadult_y15_64,eco_isic4_b,2023,3.053
svn,sex_t,age_ythadult_y15_64,eco_isic4_c,2008,247.818
svn,sex_t,age_ythadult_y15_64,eco_isic4_c,2009,223.38
svn,sex_t,age_ythadult_y15_64,eco_isic4_c,2010,215.767
svn,sex_t,age_ythadult_y15_64,eco_isic4_c,2011,201.564
svn,sex_t,age_ythadult_y15_64,eco_isic4_c,2012,193.208
svn,sex_t,age_ythadult_y15_64,eco_isic4_c,2013,190.088
svn,sex_t,age_ythadult_y15_64,eco_isic4_c,2014,191.955
svn,sex_t,age_ythadult_y15_64,eco_isic4_c,2015,199.54
svn,sex_t,age_ythadult_y15_64,eco_isic4_c,2016,214.448
svn,sex_t,age_ythadult_y15_64,eco_isic4_c,2017,226.251
svn,sex_t,age_ythadult_y15_64,eco_isic4_c,2018,228.527
svn,sex_t,age_ythadult_y15_64,eco_isic4_c,2019,237.633
svn,sex_t,age_ythadult_y15_64,eco_isic4_c,2020,234.175
svn,sex_t,age_ythadult_y15_64,eco_isic4_c,2021,199.824
svn,sex_t,age_ythadult_y15_64,eco_isic4_c,2022,202.497
svn,sex_t,age_ythadult_y15_64,eco_isic4_c,2023,209.682
svn,sex_t,age_ythadult_y15_64,eco_isic4_d,2008,9.688
svn,sex_t,age_ythadult_y15_64,eco_isic4_d,2009,7.988
svn,sex_t,age_ythadult_y15_64,eco_isic4_d,2010,7.285
svn,sex_t,age_ythadult_y15_64,eco_isic4_d,2011,9.058
svn,sex_t,age_ythadult_y15_64,eco_isic4_d,2012,8.906
svn,sex_t,age_ythadult_y15_64,eco_isic4_d,2013,8.783
svn,sex_t,age_ythadult_y15_64,eco_isic4_d,2014,10.906
svn,sex_t,age_ythadult_y15_64,eco_isic4_d,2015,10.113
svn,sex_t,age_ythadult_y15_64,eco_isic4_d,2016,8.077
svn,sex_t,age_ythadult_y15_64,eco_isic4_d,2017,8.874
svn,sex_t,age_ythadult_y15_64,eco_isic4_d,2018,8.626
svn,sex_t,age_ythadult_y15_64,eco_isic4_d,2019,9.768
svn,sex_t,age_ythadult_y15_64,eco_isic4_d,2020,10.718
svn,sex_t,age_ythadult_y15_64,eco_isic4_d,2021,9.723
svn,sex_t,age_ythadult_y15_64,eco_isic4_d,2022,8.293
svn,sex_t,age_ythadult_y15_64,eco_isic4_d,2023,8.018
svn,sex_t,age_ythadult_y15_64,eco_isic4_e,2008,7.85
svn,sex_t,age_ythadult_y15_64,eco_isic4_e,2009,10.001
svn,sex_t,age_ythadult_y15_64,eco_isic4_e,2010,9.747
svn,sex_t,age_ythadult_y15_64,eco_isic4_e,2011,9.895
svn,sex_t,age_ythadult_y15_64,eco_isic4_e,2012,10.025
svn,sex_t,age_ythadult_y15_64,eco_isic4_e,2013,9.3
svn,sex_t,age_ythadult_y15_64,eco_isic4_e,2014,9.168
svn,sex_t,age_ythadult_y15_64,eco_isic4_e,2015,9.06
svn,sex_t,age_ythadult_y15_64,eco_isic4_e,2016,9.298
svn,sex_t,age_ythadult_y15_64,eco_isic4_e,2017,10.213
svn,sex_t,age_ythadult_y15_64,eco_isic4_e,2018,12.611
svn,sex_t,age_ythadult_y15_64,eco_isic4_e,2019,10.432
svn,sex_t,age_ythadult_y15_64,eco_isic4_e,2020,10.149
svn,sex_t,age_ythadult_y15_64,eco_isic4_e,2021,10.854
svn,sex_t,age_ythadult_y15_64,eco_isic4_e,2022,13.465
svn,sex_t,age_ythadult_y15_64,eco_isic4_e,2023,14.588
svn,sex_t,age_ythadult_y15_64,eco_isic4_f,2008,55.516
svn,sex_t,age_ythadult_y15_64,eco_isic4_f,2009,50.275
svn,sex_t,age_ythadult_y15_64,eco_isic4_f,2010,45.599
svn,sex_t,age_ythadult_y15_64,eco_isic4_f,2011,41.432
svn,sex_t,age_ythadult_y15_64,eco_isic4_f,2012,41.55
svn,sex_t,age_ythadult_y15_64,eco_isic4_f,2013,42.112
svn,sex_t,age_ythadult_y15_64,eco_isic4_f,2014,39.698
svn,sex_t,age_ythadult_y15_64,eco_isic4_f,2015,39.765
svn,sex_t,age_ythadult_y15_64,eco_isic4_f,2016,39.028
svn,sex_t,age_ythadult_y15_64,eco_isic4_f,2017,41.934
svn,sex_t,age_ythadult_y15_64,eco_isic4_f,2018,41.939
svn,sex_t,age_ythadult_y15_64,eco_isic4_f,2019,42.701
svn,sex_t,age_ythadult_y15_64,eco_isic4_f,2020,45.22
svn,sex_t,age_ythadult_y15_64,eco_isic4_f,2021,39.069
svn,sex_t,age_ythadult_y15_64,eco_isic4_f,2022,40.963
svn,sex_t,age_ythadult_y15_64,eco_isic4_f,2023,49.389
svn,sex_t,age_ythadult_y15_64,eco_isic4_g,2008,109.554
svn,sex_t,age_ythadult_y15_64,eco_isic4_g,2009,108.33
svn,sex_t,age_ythadult_y15_64,eco_isic4_g,2010,101.885
svn,sex_t,age_ythadult_y15_64,eco_isic4_g,2011,97.85
svn,sex_t,age_ythadult_y15_64,eco_isic4_g,2012,99.311
svn,sex_t,age_ythadult_y15_64,eco_isic4_g,2013,100.945
svn,sex_t,age_ythadult_y15_64,eco_isic4_g,2014,95.267
svn,sex_t,age_ythadult_y15_64,eco_isic4_g,2015,94.157
svn,sex_t,age_ythadult_y15_64,eco_isic4_g,2016,101.87
svn,sex_t,age_ythadult_y15_64,eco_isic4_g,2017,100.314
svn,sex_t,age_ythadult_y15_64,eco_isic4_g,2018,103.202
svn,sex_t,age_ythadult_y15_64,eco_isic4_g,2019,110.893
svn,sex_t,age_ythadult_y15_64,eco_isic4_g,2020,104.983
svn,sex_t,age_ythadult_y15_64,eco_isic4_g,2021,102.615
svn,sex_t,age_ythadult_y15_64,eco_isic4_g,2022,102.243
svn,sex_t,age_ythadult_y15_64,eco_isic4_g,2023,110.914
svn,sex_t,age_ythadult_y15_64,eco_isic4_h,2008,49.845
svn,sex_t,age_ythadult_y15_64,eco_isic4_h,2009,51.061
svn,sex_t,age_ythadult_y15_64,eco_isic4_h,2010,45.306
svn,sex_t,age_ythadult_y15_64,eco_isic4_h,2011,45.859
svn,sex_t,age_ythadult_y15_64,eco_isic4_h,2012,45.318
svn,sex_t,age_ythadult_y15_64,eco_isic4_h,2013,42.953
svn,sex_t,age_ythadult_y15_64,eco_isic4_h,2014,36.622
svn,sex_t,age_ythadult_y15_64,eco_isic4_h,2015,40.416
svn,sex_t,age_ythadult_y15_64,eco_isic4_h,2016,43.047
svn,sex_t,age_ythadult_y15_64,eco_isic4_h,2017,41.62
svn,sex_t,age_ythadult_y15_64,eco_isic4_h,2018,48.56
svn,sex_t,age_ythadult_y15_64,eco_isic4_h,2019,47.92
svn,sex_t,age_ythadult_y15_64,eco_isic4_h,2020,45.828
svn,sex_t,age_ythadult_y15_64,eco_isic4_h,2021,40.943
svn,sex_t,age_ythadult_y15_64,eco_isic4_h,2022,40.784
svn,sex_t,age_ythadult_y15_64,eco_isic4_h,2023,40.168
svn,sex_t,age_ythadult_y15_64,eco_isic4_i,2008,38.353
svn,sex_t,age_ythadult_y15_64,eco_isic4_i,2009,34.236
svn,sex_t,age_ythadult_y15_64,eco_isic4_i,2010,39.379
svn,sex_t,age_ythadult_y15_64,eco_isic4_i,2011,37.227
svn,sex_t,age_ythadult_y15_64,eco_isic4_i,2012,32.998
svn,sex_t,age_ythadult_y15_64,eco_isic4_i,2013,31.794
svn,sex_t,age_ythadult_y15_64,eco_isic4_i,2014,34.263
svn,sex_t,age_ythadult_y15_64,eco_isic4_i,2015,39.3
svn,sex_t,age_ythadult_y15_64,eco_isic4_i,2016,34.642
svn,sex_t,age_ythadult_y15_64,eco_isic4_i,2017,38.807
svn,sex_t,age_ythadult_y15_64,eco_isic4_i,2018,37.431
svn,sex_t,age_ythadult_y15_64,eco_isic4_i,2019,35.772
svn,sex_t,age_ythadult_y15_64,eco_isic4_i,2020,30.358
svn,sex_t,age_ythadult_y15_64,eco_isic4_i,2021,24.538
svn,sex_t,age_ythadult_y15_64,eco_isic4_i,2022,32.902
svn,sex_t,age_ythadult_y15_64,eco_isic4_i,2023,35.119
svn,sex_t,age_ythadult_y15_64,eco_isic4_j,2008,26.368
svn,sex_t,age_ythadult_y15_64,eco_isic4_j,2009,26.29
svn,sex_t,age_ythadult_y15_64,eco_isic4_j,2010,27.727
svn,sex_t,age_ythadult_y15_64,eco_isic4_j,2011,26.811
svn,sex_t,age_ythadult_y15_64,eco_isic4_j,2012,23.712
svn,sex_t,age_ythadult_y15_64,eco_isic4_j,2013,24.724
svn,sex_t,age_ythadult_y15_64,eco_isic4_j,2014,25.026
svn,sex_t,age_ythadult_y15_64,eco_isic4_j,2015,28.002
svn,sex_t,age_ythadult_y15_64,eco_isic4_j,2016,26.308
svn,sex_t,age_ythadult_y15_64,eco_isic4_j,2017,27.774
svn,sex_t,age_ythadult_y15_64,eco_isic4_j,2018,26.96
svn,sex_t,age_ythadult_y15_64,eco_isic4_j,2019,27.683
svn,sex_t,age_ythadult_y15_64,eco_isic4_j,2020,33.45
svn,sex_t,age_ythadult_y15_64,eco_isic4_j,2021,29.796
svn,sex_t,age_ythadult_y15_64,eco_isic4_j,2022,28.75
svn,sex_t,age_ythadult_y15_64,eco_isic4_j,2023,25.728
svn,sex_t,age_ythadult_y15_64,eco_isic4_k,2008,23.404
svn,sex_t,age_ythadult_y15_64,eco_isic4_k,2009,26.185
svn,sex_t,age_ythadult_y15_64,eco_isic4_k,2010,24.891
svn,sex_t,age_ythadult_y15_64,eco_isic4_k,2011,27.712
svn,sex_t,age_ythadult_y15_64,eco_isic4_k,2012,29.726
svn,sex_t,age_ythadult_y15_64,eco_isic4_k,2013,24.215
svn,sex_t,age_ythadult_y15_64,eco_isic4_k,2014,22.792
svn,sex_t,age_ythadult_y15_64,eco_isic4_k,2015,22.541
svn,sex_t,age_ythadult_y15_64,eco_isic4_k,2016,21.339
svn,sex_t,age_ythadult_y15_64,eco_isic4_k,2017,20.869
svn,sex_t,age_ythadult_y15_64,eco_isic4_k,2018,23.215
svn,sex_t,age_ythadult_y15_64,eco_isic4_k,2019,24.024
svn,sex_t,age_ythadult_y15_64,eco_isic4_k,2020,26.22
svn,sex_t,age_ythadult_y15_64,eco_isic4_k,2021,21.64
svn,sex_t,age_ythadult_y15_64,eco_isic4_k,2022,20.898
svn,sex_t,age_ythadult_y15_64,eco_isic4_k,2023,19.239
svn,sex_t,age_ythadult_y15_64,eco_isic4_l,2008,2.093
svn,sex_t,age_ythadult_y15_64,eco_isic4_l,2009,1.993
svn,sex_t,age_ythadult_y15_64,eco_isic4_l,2010,1.816
svn,sex_t,age_ythadult_y15_64,eco_isic4_l,2011,2.626
svn,sex_t,age_ythadult_y15_64,eco_isic4_l,2012,2.098
svn,sex_t,age_ythadult_y15_64,eco_isic4_l,2013,2.996
svn,sex_t,age_ythadult_y15_64,eco_isic4_l,2015,1.639
svn,sex_t,age_ythadult_y15_64,eco_isic4_l,2016,1.536
svn,sex_t,age_ythadult_y15_64,eco_isic4_l,2017,2.427
svn,sex_t,age_ythadult_y15_64,eco_isic4_l,2018,2.609
svn,sex_t,age_ythadult_y15_64,eco_isic4_l,2019,1.672
svn,sex_t,age_ythadult_y15_64,eco_isic4_l,2020,1.942
svn,sex_t,age_ythadult_y15_64,eco_isic4_l,2021,4.062
svn,sex_t,age_ythadult_y15_64,eco_isic4_l,2022,4.048
svn,sex_t,age_ythadult_y15_64,eco_isic4_l,2023,3.09
svn,sex_t,age_ythadult_y15_64,eco_isic4_m,2008,30.842
svn,sex_t,age_ythadult_y15_64,eco_isic4_m,2009,31.31
svn,sex_t,age_ythadult_y15_64,eco_isic4_m,2010,28.907
svn,sex_t,age_ythadult_y15_64,eco_isic4_m,2011,28.716
svn,sex_t,age_ythadult_y15_64,eco_isic4_m,2012,32.562
svn,sex_t,age_ythadult_y15_64,eco_isic4_m,2013,29.973
svn,sex_t,age_ythadult_y15_64,eco_isic4_m,2014,29.666
svn,sex_t,age_ythadult_y15_64,eco_isic4_m,2015,26.844
svn,sex_t,age_ythadult_y15_64,eco_isic4_m,2016,26.848
svn,sex_t,age_ythadult_y15_64,eco_isic4_m,2017,29.751
svn,sex_t,age_ythadult_y15_64,eco_isic4_m,2018,30.252
svn,sex_t,age_ythadult_y15_64,eco_isic4_m,2019,30.19
svn,sex_t,age_ythadult_y15_64,eco_isic4_m,2020,34.386
svn,sex_t,age_ythadult_y15_64,eco_isic4_m,2021,48.42
svn,sex_t,age_ythadult_y15_64,eco_isic4_m,2022,45.637
svn,sex_t,age_ythadult_y15_64,eco_isic4_m,2023,42.907
svn,sex_t,age_ythadult_y15_64,eco_isic4_n,2008,20.666
svn,sex_t,age_ythadult_y15_64,eco_isic4_n,2009,20.616
svn,sex_t,age_ythadult_y15_64,eco_isic4_n,2010,19.437
svn,sex_t,age_ythadult_y15_64,eco_isic4_n,2011,17.517
svn,sex_t,age_ythadult_y15_64,eco_isic4_n,2012,19.898
svn,sex_t,age_ythadult_y15_64,eco_isic4_n,2013,18.649
svn,sex_t,age_ythadult_y15_64,eco_isic4_n,2014,19.997
svn,sex_t,age_ythadult_y15_64,eco_isic4_n,2015,17.358
svn,sex_t,age_ythadult_y15_64,eco_isic4_n,2016,20.679
svn,sex_t,age_ythadult_y15_64,eco_isic4_n,2017,21.198
svn,sex_t,age_ythadult_y15_64,eco_isic4_n,2018,19.58
svn,sex_t,age_ythadult_y15_64,eco_isic4_n,2019,20.347
svn,sex_t,age_ythadult_y15_64,eco_isic4_n,2020,19.977
svn,sex_t,age_ythadult_y15_64,eco_isic4_n,2021,24.303
svn,sex_t,age_ythadult_y15_64,eco_isic4_n,2022,26.823
svn,sex_t,age_ythadult_y15_64,eco_isic4_n,2023,31.226
svn,sex_t,age_ythadult_y15_64,eco_isic4_o,2008,56.895
svn,sex_t,age_ythadult_y15_64,eco_isic4_o,2009,60.254
svn,sex_t,age_ythadult_y15_64,eco_isic4_o,2010,58.716
svn,sex_t,age_ythadult_y15_64,eco_isic4_o,2011,57.969
svn,sex_t,age_ythadult_y15_64,eco_isic4_o,2012,60.714
svn,sex_t,age_ythadult_y15_64,eco_isic4_o,2013,53.724
svn,sex_t,age_ythadult_y15_64,eco_isic4_o,2014,56.616
svn,sex_t,age_ythadult_y15_64,eco_isic4_o,2015,55.081
svn,sex_t,age_ythadult_y15_64,eco_isic4_o,2016,54.755
svn,sex_t,age_ythadult_y15_64,eco_isic4_o,2017,58.925
svn,sex_t,age_ythadult_y15_64,eco_isic4_o,2018,57.761
svn,sex_t,age_ythadult_y15_64,eco_isic4_o,2019,56.29
svn,sex_t,age_ythadult_y15_64,eco_isic4_o,2020,56.504
svn,sex_t,age_ythadult_y15_64,eco_isic4_o,2021,61.301
svn,sex_t,age_ythadult_y15_64,eco_isic4_o,2022,60.182
svn,sex_t,age_ythadult_y15_64,eco_isic4_o,2023,51.532
svn,sex_t,age_ythadult_y15_64,eco_isic4_p,2008,73.717
svn,sex_t,age_ythadult_y15_64,eco_isic4_p,2009,70.975
svn,sex_t,age_ythadult_y15_64,eco_isic4_p,2010,74.447
svn,sex_t,age_ythadult_y15_64,eco_isic4_p,2011,76.131
svn,sex_t,age_ythadult_y15_64,eco_isic4_p,2012,78.325
svn,sex_t,age_ythadult_y15_64,eco_isic4_p,2013,76.268
svn,sex_t,age_ythadult_y15_64,eco_isic4_p,2014,74.135
svn,sex_t,age_ythadult_y15_64,eco_isic4_p,2015,78.479
svn,sex_t,age_ythadult_y15_64,eco_isic4_p,2016,79.028
svn,sex_t,age_ythadult_y15_64,eco_isic4_p,2017,80.479
svn,sex_t,age_ythadult_y15_64,eco_isic4_p,2018,80.113
svn,sex_t,age_ythadult_y15_64,eco_isic4_p,2019,80.706
svn,sex_t,age_ythadult_y15_64,eco_isic4_p,2020,86.727
svn,sex_t,age_ythadult_y15_64,eco_isic4_p,2021,91.162
svn,sex_t,age_ythadult_y15_64,eco_isic4_p,2022,91.827
svn,sex_t,age_ythadult_y15_64,eco_isic4_p,2023,81.84
svn,sex_t,age_ythadult_y15_64,eco_isic4_q,2008,53.383
svn,sex_t,age_ythadult_y15_64,eco_isic4_q,2009,51.337
svn,sex_t,age_ythadult_y15_64,eco_isic4_q,2010,52.812
svn,sex_t,age_ythadult_y15_64,eco_isic4_q,2011,52.388
svn,sex_t,age_ythadult_y15_64,eco_isic4_q,2012,51.215
svn,sex_t,age_ythadult_y15_64,eco_isic4_q,2013,52.936
svn,sex_t,age_ythadult_y15_64,eco_isic4_q,2014,55.331
svn,sex_t,age_ythadult_y15_64,eco_isic4_q,2015,57.552
svn,sex_t,age_ythadult_y15_64,eco_isic4_q,2016,63.568
svn,sex_t,age_ythadult_y15_64,eco_isic4_q,2017,64.819
svn,sex_t,age_ythadult_y15_64,eco_isic4_q,2018,65.595
svn,sex_t,age_ythadult_y15_64,eco_isic4_q,2019,66.666
svn,sex_t,age_ythadult_y15_64,eco_isic4_q,2020,69.224
svn,sex_t,age_ythadult_y15_64,eco_isic4_q,2021,76.491
svn,sex_t,age_ythadult_y15_64,eco_isic4_q,2022,76.582
svn,sex_t,age_ythadult_y15_64,eco_isic4_q,2023,75.272
svn,sex_t,age_ythadult_y15_64,eco_isic4_r,2008,15.939
svn,sex_t,age_ythadult_y15_64,eco_isic4_r,2009,15.373
svn,sex_t,age_ythadult_y15_64,eco_isic4_r,2010,15.079
svn,sex_t,age_ythadult_y15_64,eco_isic4_r,2011,14.87
svn,sex_t,age_ythadult_y15_64,eco_isic4_r,2012,14.271
svn,sex_t,age_ythadult_y15_64,eco_isic4_r,2013,14.259
svn,sex_t,age_ythadult_y15_64,eco_isic4_r,2014,14.073
svn,sex_t,age_ythadult_y15_64,eco_isic4_r,2015,13.95
svn,sex_t,age_ythadult_y15_64,eco_isic4_r,2016,11.712
svn,sex_t,age_ythadult_y15_64,eco_isic4_r,2017,14.346
svn,sex_t,age_ythadult_y15_64,eco_isic4_r,2018,14.684
svn,sex_t,age_ythadult_y15_64,eco_isic4_r,2019,16.409
svn,sex_t,age_ythadult_y15_64,eco_isic4_r,2020,14.441
svn,sex_t,age_ythadult_y15_64,eco_isic4_r,2021,15.233
svn,sex_t,age_ythadult_y15_64,eco_isic4_r,2022,16.053
svn,sex_t,age_ythadult_y15_64,eco_isic4_r,2023,13.396
svn,sex_t,age_ythadult_y15_64,eco_isic4_s,2008,9.894
svn,sex_t,age_ythadult_y15_64,eco_isic4_s,2009,10.494
svn,sex_t,age_ythadult_y15_64,eco_isic4_s,2010,10.336
svn,sex_t,age_ythadult_y15_64,eco_isic4_s,2011,9.046
svn,sex_t,age_ythadult_y15_64,eco_isic4_s,2012,8.684
svn,sex_t,age_ythadult_y15_64,eco_isic4_s,2013,8.835
svn,sex_t,age_ythadult_y15_64,eco_isic4_s,2014,9.28
svn,sex_t,age_ythadult_y15_64,eco_isic4_s,2015,8.587
svn,sex_t,age_ythadult_y15_64,eco_isic4_s,2016,8.985
svn,sex_t,age_ythadult_y15_64,eco_isic4_s,2017,9.913
svn,sex_t,age_ythadult_y15_64,eco_isic4_s,2018,8.81
svn,sex_t,age_ythadult_y15_64,eco_isic4_s,2019,8.475
svn,sex_t,age_ythadult_y15_64,eco_isic4_s,2020,10.356
svn,sex_t,age_ythadult_y15_64,eco_isic4_s,2021,14.43
svn,sex_t,age_ythadult_y15_64,eco_isic4_s,2022,14.961
svn,sex_t,age_ythadult_y15_64,eco_isic4_s,2023,13.877
svn,sex_t,age_ythadult_y15_64,eco_isic4_t,2008,0.604
svn,sex_t,age_ythadult_y15_64,eco_isic4_t,2013,0.174
svn,sex_t,age_ythadult_y15_64,eco_isic4_t,2017,0.106
svn,sex_t,age_ythadult_y15_64,eco_isic4_t,2021,0.707
svn,sex_t,age_ythadult_y15_64,eco_isic4_t,2022,0.573
svn,sex_t,age_ythadult_y15_64,eco_isic4_t,2023,0.854
svn,sex_t,age_ythadult_y15_64,eco_isic4_total,2008,853.432
svn,sex_t,age_ythadult_y15_64,eco_isic4_total,2009,819.249
svn,sex_t,age_ythadult_y15_64,eco_isic4_total,2010,796.079
svn,sex_t,age_ythadult_y15_64,eco_isic4_total,2011,775.847
svn,sex_t,age_ythadult_y15_64,eco_isic4_total,2012,771.459
svn,sex_t,age_ythadult_y15_64,eco_isic4_total,2013,749.683
svn,sex_t,age_ythadult_y15_64,eco_isic4_total,2014,743.867
svn,sex_t,age_ythadult_y15_64,eco_isic4_total,2015,763.508
svn,sex_t,age_ythadult_y15_64,eco_isic4_total,2016,781.583
svn,sex_t,age_ythadult_y15_64,eco_isic4_total,2017,814.8
svn,sex_t,age_ythadult_y15_64,eco_isic4_total,2018,827.296
svn,sex_t,age_ythadult_y15_64,eco_isic4_total,2019,843.56
svn,sex_t,age_ythadult_y15_64,eco_isic4_total,2020,849.546
svn,sex_t,age_ythadult_y15_64,eco_isic4_total,2021,828.313
svn,sex_t,age_ythadult_y15_64,eco_isic4_total,2022,840.205
svn,sex_t,age_ythadult_y15_64,eco_isic4_total,2023,840.967
svn,sex_t,age_ythadult_y15_64,eco_isic4_x,2008,4.351
svn,sex_t,age_ythadult_y15_64,eco_isic4_x,2009,4.756
svn,sex_t,age_ythadult_y15_64,eco_isic4_x,2010,3.288
svn,sex_t,age_ythadult_y15_64,eco_isic4_x,2011,4.25
svn,sex_t,age_ythadult_y15_64,eco_isic4_x,2012,4.429
svn,sex_t,age_ythadult_y15_64,eco_isic4_x,2013,4.18
svn,sex_t,age_ythadult_y15_64,eco_isic4_x,2014,4.914
svn,sex_t,age_ythadult_y15_64,eco_isic4_x,2015,9.382
svn,sex_t,age_ythadult_y15_64,eco_isic4_x,2016,5.992
svn,sex_t,age_ythadult_y15_64,eco_isic4_x,2017,4.76
svn,sex_t,age_ythadult_y15_64,eco_isic4_x,2018,5.288
svn,sex_t,age_ythadult_y15_64,eco_isic4_x,2019,4.204
svn,sex_t,age_ythadult_y15_64,eco_isic4_x,2020,3.712
svn,sex_t,age_ythadult_y15_64,eco_isic4_x,2021,4.337
svn,sex_t,age_ythadult_y15_64,eco_isic4_x,2022,3.526
svn,sex_t,age_ythadult_y15_64,eco_isic4_x,2023,3.753
svn,sex_t,age_ythadult_y15_64,eco_sector_agr,1996,13.701
svn,sex_t,age_ythadult_y15_64,eco_sector_agr,1997,12.822
svn,sex_t,age_ythadult_y15_64,eco_sector_agr,1998,10.129
svn,sex_t,age_ythadult_y15_64,eco_sector_agr,1999,8.52
svn,sex_t,age_ythadult_y15_64,eco_sector_agr,2000,9.602
svn,sex_t,age_ythadult_y15_64,eco_sector_agr,2001,8.576
svn,sex_t,age_ythadult_y15_64,eco_sector_agr,2002,11.395
svn,sex_t,age_ythadult_y15_64,eco_sector_agr,2003,10.506
svn,sex_t,age_ythadult_y15_64,eco_sector_agr,2004,13.859
svn,sex_t,age_ythadult_y15_64,eco_sector_agr,2005,10.201
svn,sex_t,age_ythadult_y15_64,eco_sector_agr,2006,11.166
svn,sex_t,age_ythadult_y15_64,eco_sector_agr,2007,13.683
svn,sex_t,age_ythadult_y15_64,eco_sector_agr,2008,12.687
svn,sex_t,age_ythadult_y15_64,eco_sector_agr,2009,10.424
svn,sex_t,age_ythadult_y15_64,eco_sector_agr,2010,9.336
svn,sex_t,age_ythadult_y15_64,eco_sector_agr,2011,9.767
svn,sex_t,age_ythadult_y15_64,eco_sector_agr,2012,9.988
svn,sex_t,age_ythadult_y15_64,eco_sector_agr,2013,8.636
svn,sex_t,age_ythadult_y15_64,eco_sector_agr,2014,8.704
svn,sex_t,age_ythadult_y15_64,eco_sector_agr,2015,8.663
svn,sex_t,age_ythadult_y15_64,eco_sector_agr,2016,7.674
svn,sex_t,age_ythadult_y15_64,eco_sector_agr,2017,9.037
svn,sex_t,age_ythadult_y15_64,eco_sector_agr,2018,8.184
svn,sex_t,age_ythadult_y15_64,eco_sector_agr,2019,7.428
svn,sex_t,age_ythadult_y15_64,eco_sector_agr,2020,7.273
svn,sex_t,age_ythadult_y15_64,eco_sector_agr,2021,6.307
svn,sex_t,age_ythadult_y15_64,eco_sector_agr,2022,6.67
svn,sex_t,age_ythadult_y15_64,eco_sector_agr,2023,6.766
svn,sex_t,age_ythadult_y15_64,eco_sector_ind,1996,338.92
svn,sex_t,age_ythadult_y15_64,eco_sector_ind,1997,335.531
svn,sex_t,age_ythadult_y15_64,eco_sector_ind,1998,328.596
svn,sex_t,age_ythadult_y15_64,eco_sector_ind,1999,308.263
svn,sex_t,age_ythadult_y15_64,eco_sector_ind,2000,310.566
svn,sex_t,age_ythadult_y15_64,eco_sector_ind,2001,321.671
svn,sex_t,age_ythadult_y15_64,eco_sector_ind,2002,326.605
svn,sex_t,age_ythadult_y15_64,eco_sector_ind,2003,309.647
svn,sex_t,age_ythadult_y15_64,eco_sector_ind,2004,314.145
svn,sex_t,age_ythadult_y15_64,eco_sector_ind,2005,323.794
svn,sex_t,age_ythadult_y15_64,eco_sector_ind,2006,311.212
svn,sex_t,age_ythadult_y15_64,eco_sector_ind,2007,315.425
svn,sex_t,age_ythadult_y15_64,eco_sector_ind,2008,324.636
svn,sex_t,age_ythadult_y15_64,eco_sector_ind,2009,295.56
svn,sex_t,age_ythadult_y15_64,eco_sector_ind,2010,282.476
svn,sex_t,age_ythadult_y15_64,eco_sector_ind,2011,266.729
svn,sex_t,age_ythadult_y15_64,eco_sector_ind,2012,257.917
svn,sex_t,age_ythadult_y15_64,eco_sector_ind,2013,254.421
svn,sex_t,age_ythadult_y15_64,eco_sector_ind,2014,254.584
svn,sex_t,age_ythadult_y15_64,eco_sector_ind,2015,261.487
svn,sex_t,age_ythadult_y15_64,eco_sector_ind,2016,273.575
svn,sex_t,age_ythadult_y15_64,eco_sector_ind,2017,289.653
svn,sex_t,age_ythadult_y15_64,eco_sector_ind,2018,294.935
svn,sex_t,age_ythadult_y15_64,eco_sector_ind,2019,304.719
svn,sex_t,age_ythadult_y15_64,eco_sector_ind,2020,304.032
svn,sex_t,age_ythadult_y15_64,eco_sector_ind,2021,261.62
svn,sex_t,age_ythadult_y15_64,eco_sector_ind,2022,267.565
svn,sex_t,age_ythadult_y15_64,eco_sector_ind,2023,284.73
svn,sex_t,age_ythadult_y15_64,eco_sector_nag,1996,708.619
svn,sex_t,age_ythadult_y15_64,eco_sector_nag,1997,709.939
svn,sex_t,age_ythadult_y15_64,eco_sector_nag,1998,717.593
svn,sex_t,age_ythadult_y15_64,eco_sector_nag,1999,714.065
svn,sex_t,age_ythadult_y15_64,eco_sector_nag,2000,738.862
svn,sex_t,age_ythadult_y15_64,eco_sector_nag,2001,747.815
svn,sex_t,age_ythadult_y15_64,eco_sector_nag,2002,759.307
svn,sex_t,age_ythadult_y15_64,eco_sector_nag,2003,758.37
svn,sex_t,age_ythadult_y15_64,eco_sector_nag,2004,781.616
svn,sex_t,age_ythadult_y15_64,eco_sector_nag,2005,791.904
svn,sex_t,age_ythadult_y15_64,eco_sector_nag,2006,791.282
svn,sex_t,age_ythadult_y15_64,eco_sector_nag,2007,812.049
svn,sex_t,age_ythadult_y15_64,eco_sector_nag,2008,840.746
svn,sex_t,age_ythadult_y15_64,eco_sector_nag,2009,808.825
svn,sex_t,age_ythadult_y15_64,eco_sector_nag,2010,786.743
svn,sex_t,age_ythadult_y15_64,eco_sector_nag,2011,766.08
svn,sex_t,age_ythadult_y15_64,eco_sector_nag,2012,761.471
svn,sex_t,age_ythadult_y15_64,eco_sector_nag,2013,741.047
svn,sex_t,age_ythadult_y15_64,eco_sector_nag,2014,735.164
svn,sex_t,age_ythadult_y15_64,eco_sector_nag,2015,754.845
svn,sex_t,age_ythadult_y15_64,eco_sector_nag,2016,773.909
svn,sex_t,age_ythadult_y15_64,eco_sector_nag,2017,805.764
svn,sex_t,age_ythadult_y15_64,eco_sector_nag,2018,819.112
svn,sex_t,age_ythadult_y15_64,eco_sector_nag,2019,836.132
svn,sex_t,age_ythadult_y15_64,eco_sector_nag,2020,842.273
svn,sex_t,age_ythadult_y15_64,eco_sector_nag,2021,822.006
svn,sex_t,age_ythadult_y15_64,eco_sector_nag,2022,833.534
svn,sex_t,age_ythadult_y15_64,eco_sector_nag,2023,834.201
svn,sex_t,age_ythadult_y15_64,eco_sector_ser,1996,368.637
svn,sex_t,age_ythadult_y15_64,eco_sector_ser,1997,372.534
svn,sex_t,age_ythadult_y15_64,eco_sector_ser,1998,385.212
svn,sex_t,age_ythadult_y15_64,eco_sector_ser,1999,403.253
svn,sex_t,age_ythadult_y15_64,eco_sector_ser,2000,423.511
svn,sex_t,age_ythadult_y15_64,eco_sector_ser,2001,417.933
svn,sex_t,age_ythadult_y15_64,eco_sector_ser,2002,427.025
svn,sex_t,age_ythadult_y15_64,eco_sector_ser,2003,443.58
svn,sex_t,age_ythadult_y15_64,eco_sector_ser,2004,458.224
svn,sex_t,age_ythadult_y15_64,eco_sector_ser,2005,464.099
svn,sex_t,age_ythadult_y15_64,eco_sector_ser,2006,476.148
svn,sex_t,age_ythadult_y15_64,eco_sector_ser,2007,487.927
svn,sex_t,age_ythadult_y15_64,eco_sector_ser,2008,511.758
svn,sex_t,age_ythadult_y15_64,eco_sector_ser,2009,508.509
svn,sex_t,age_ythadult_y15_64,eco_sector_ser,2010,500.979
svn,sex_t,age_ythadult_y15_64,eco_sector_ser,2011,495.102
svn,sex_t,age_ythadult_y15_64,eco_sector_ser,2012,499.125
svn,sex_t,age_ythadult_y15_64,eco_sector_ser,2013,482.446
svn,sex_t,age_ythadult_y15_64,eco_sector_ser,2014,475.667
svn,sex_t,age_ythadult_y15_64,eco_sector_ser,2015,483.976
svn,sex_t,age_ythadult_y15_64,eco_sector_ser,2016,494.342
svn,sex_t,age_ythadult_y15_64,eco_sector_ser,2017,511.35
svn,sex_t,age_ythadult_y15_64,eco_sector_ser,2018,518.889
svn,sex_t,age_ythadult_y15_64,eco_sector_ser,2019,527.21
svn,sex_t,age_ythadult_y15_64,eco_sector_ser,2020,534.529
svn,sex_t,age_ythadult_y15_64,eco_sector_ser,2021,556.048
svn,sex_t,age_ythadult_y15_64,eco_sector_ser,2022,562.443
svn,sex_t,age_ythadult_y15_64,eco_sector_ser,2023,545.718
svn,sex_t,age_ythadult_y15_64,eco_sector_total,1996,722.32
svn,sex_t,age_ythadult_y15_64,eco_sector_total,1997,722.761
svn,sex_t,age_ythadult_y15_64,eco_sector_total,1998,727.722
svn,sex_t,age_ythadult_y15_64,eco_sector_total,1999,722.585
svn,sex_t,age_ythadult_y15_64,eco_sector_total,2000,748.464
svn,sex_t,age_ythadult_y15_64,eco_sector_total,2001,756.391
svn,sex_t,age_ythadult_y15_64,eco_sector_total,2002,770.702
svn,sex_t,age_ythadult_y15_64,eco_sector_total,2003,768.876
svn,sex_t,age_ythadult_y15_64,eco_sector_total,2004,795.475
svn,sex_t,age_ythadult_y15_64,eco_sector_total,2005,802.105
svn,sex_t,age_ythadult_y15_64,eco_sector_total,2006,802.448
svn,sex_t,age_ythadult_y15_64,eco_sector_total,2007,825.732
svn,sex_t,age_ythadult_y15_64,eco_sector_total,2008,853.432
svn,sex_t,age_ythadult_y15_64,eco_sector_total,2009,819.249
svn,sex_t,age_ythadult_y15_64,eco_sector_total,2010,796.079
svn,sex_t,age_ythadult_y15_64,eco_sector_total,2011,775.847
svn,sex_t,age_ythadult_y15_64,eco_sector_total,2012,771.459
svn,sex_t,age_ythadult_y15_64,eco_sector_total,2013,749.683
svn,sex_t,age_ythadult_y15_64,eco_sector_total,2014,743.867
svn,sex_t,age_ythadult_y15_64,eco_sector_total,2015,763.508
svn,sex_t,age_ythadult_y15_64,eco_sector_total,2016,781.583
svn,sex_t,age_ythadult_y15_64,eco_sector_total,2017,814.8
svn,sex_t,age_ythadult_y15_64,eco_sector_total,2018,827.296
svn,sex_t,age_ythadult_y15_64,eco_sector_total,2019,843.56
svn,sex_t,age_ythadult_y15_64,eco_sector_total,2020,849.546
svn,sex_t,age_ythadult_y15_64,eco_sector_total,2021,828.313
svn,sex_t,age_ythadult_y15_64,eco_sector_total,2022,840.205
svn,sex_t,age_ythadult_y15_64,eco_sector_total,2023,840.967
svn,sex_t,age_ythadult_y15_64,eco_sector_x,1997,1.874
svn,sex_t,age_ythadult_y15_64,eco_sector_x,1998,3.785
svn,sex_t,age_ythadult_y15_64,eco_sector_x,1999,2.55
svn,sex_t,age_ythadult_y15_64,eco_sector_x,2000,4.785
svn,sex_t,age_ythadult_y15_64,eco_sector_x,2001,8.212
svn,sex_t,age_ythadult_y15_64,eco_sector_x,2002,5.677
svn,sex_t,age_ythadult_y15_64,eco_sector_x,2003,5.143
svn,sex_t,age_ythadult_y15_64,eco_sector_x,2004,9.247
svn,sex_t,age_ythadult_y15_64,eco_sector_x,2005,4.011
svn,sex_t,age_ythadult_y15_64,eco_sector_x,2006,3.921
svn,sex_t,age_ythadult_y15_64,eco_sector_x,2007,8.696
svn,sex_t,age_ythadult_y15_64,eco_sector_x,2008,4.351
svn,sex_t,age_ythadult_y15_64,eco_sector_x,2009,4.756
svn,sex_t,age_ythadult_y15_64,eco_sector_x,2010,3.288
svn,sex_t,age_ythadult_y15_64,eco_sector_x,2011,4.25
svn,sex_t,age_ythadult_y15_64,eco_sector_x,2012,4.429
svn,sex_t,age_ythadult_y15_64,eco_sector_x,2013,4.18
svn,sex_t,age_ythadult_y15_64,eco_sector_x,2014,4.914
svn,sex_t,age_ythadult_y15_64,eco_sector_x,2015,9.382
svn,sex_t,age_ythadult_y15_64,eco_sector_x,2016,5.992
svn,sex_t,age_ythadult_y15_64,eco_sector_x,2017,4.76
svn,sex_t,age_ythadult_y15_64,eco_sector_x,2018,5.288
svn,sex_t,age_ythadult_y15_64,eco_sector_x,2019,4.204
svn,sex_t,age_ythadult_y15_64,eco_sector_x,2020,3.712
svn,sex_t,age_ythadult_y15_64,eco_sector_x,2021,4.337
svn,sex_t,age_ythadult_y15_64,eco_sector_x,2022,3.526
svn,sex_t,age_ythadult_y15_64,eco_sector_x,2023,3.753
svn,sex_t,age_ythadult_yge15,eco_aggregate_agr,1996,13.802
svn,sex_t,age_ythadult_yge15,eco_aggregate_agr,1997,12.999
svn,sex_t,age_ythadult_yge15,eco_aggregate_agr,1998,10.129
svn,sex_t,age_ythadult_yge15,eco_aggregate_agr,1999,8.61
svn,sex_t,age_ythadult_yge15,eco_aggregate_agr,2000,9.722
svn,sex_t,age_ythadult_yge15,eco_aggregate_agr,2001,8.797
svn,sex_t,age_ythadult_yge15,eco_aggregate_agr,2002,11.536
svn,sex_t,age_ythadult_yge15,eco_aggregate_agr,2003,10.506
svn,sex_t,age_ythadult_yge15,eco_aggregate_agr,2004,13.859
svn,sex_t,age_ythadult_yge15,eco_aggregate_agr,2005,10.525
svn,sex_t,age_ythadult_yge15,eco_aggregate_agr,2006,11.253
svn,sex_t,age_ythadult_yge15,eco_aggregate_agr,2007,13.781
svn,sex_t,age_ythadult_yge15,eco_aggregate_agr,2008,12.867
svn,sex_t,age_ythadult_yge15,eco_aggregate_agr,2009,10.448
svn,sex_t,age_ythadult_yge15,eco_aggregate_agr,2010,9.407
svn,sex_t,age_ythadult_yge15,eco_aggregate_agr,2011,9.822
svn,sex_t,age_ythadult_yge15,eco_aggregate_agr,2012,9.988
svn,sex_t,age_ythadult_yge15,eco_aggregate_agr,2013,8.743
svn,sex_t,age_ythadult_yge15,eco_aggregate_agr,2014,8.737
svn,sex_t,age_ythadult_yge15,eco_aggregate_agr,2015,8.699
svn,sex_t,age_ythadult_yge15,eco_aggregate_agr,2016,7.761
svn,sex_t,age_ythadult_yge15,eco_aggregate_agr,2017,9.126
svn,sex_t,age_ythadult_yge15,eco_aggregate_agr,2018,8.184
svn,sex_t,age_ythadult_yge15,eco_aggregate_agr,2019,7.428
svn,sex_t,age_ythadult_yge15,eco_aggregate_agr,2020,7.388
svn,sex_t,age_ythadult_yge15,eco_aggregate_agr,2021,6.534
svn,sex_t,age_ythadult_yge15,eco_aggregate_agr,2022,6.819
svn,sex_t,age_ythadult_yge15,eco_aggregate_agr,2023,6.8
svn,sex_t,age_ythadult_yge15,eco_aggregate_con,1996,38.882
svn,sex_t,age_ythadult_yge15,eco_aggregate_con,1997,45.406
svn,sex_t,age_ythadult_yge15,eco_aggregate_con,1998,41.311
svn,sex_t,age_ythadult_yge15,eco_aggregate_con,1999,37.205
svn,sex_t,age_ythadult_yge15,eco_aggregate_con,2000,39.534
svn,sex_t,age_ythadult_yge15,eco_aggregate_con,2001,45.214
svn,sex_t,age_ythadult_yge15,eco_aggregate_con,2002,43.811
svn,sex_t,age_ythadult_yge15,eco_aggregate_con,2003,43.959
svn,sex_t,age_ythadult_yge15,eco_aggregate_con,2004,44.617
svn,sex_t,age_ythadult_yge15,eco_aggregate_con,2005,47.63
svn,sex_t,age_ythadult_yge15,eco_aggregate_con,2006,45.27
svn,sex_t,age_ythadult_yge15,eco_aggregate_con,2007,47.083
svn,sex_t,age_ythadult_yge15,eco_aggregate_con,2008,55.529
svn,sex_t,age_ythadult_yge15,eco_aggregate_con,2009,50.275
svn,sex_t,age_ythadult_yge15,eco_aggregate_con,2010,45.651
svn,sex_t,age_ythadult_yge15,eco_aggregate_con,2011,41.58
svn,sex_t,age_ythadult_yge15,eco_aggregate_con,2012,41.587
svn,sex_t,age_ythadult_yge15,eco_aggregate_con,2013,42.141
svn,sex_t,age_ythadult_yge15,eco_aggregate_con,2014,39.755
svn,sex_t,age_ythadult_yge15,eco_aggregate_con,2015,39.793
svn,sex_t,age_ythadult_yge15,eco_aggregate_con,2016,39.028
svn,sex_t,age_ythadult_yge15,eco_aggregate_con,2017,42.128
svn,sex_t,age_ythadult_yge15,eco_aggregate_con,2018,42.14
svn,sex_t,age_ythadult_yge15,eco_aggregate_con,2019,42.919
svn,sex_t,age_ythadult_yge15,eco_aggregate_con,2020,45.375
svn,sex_t,age_ythadult_yge15,eco_aggregate_con,2021,39.135
svn,sex_t,age_ythadult_yge15,eco_aggregate_con,2022,41.313
svn,sex_t,age_ythadult_yge15,eco_aggregate_con,2023,49.829
svn,sex_t,age_ythadult_yge15,eco_aggregate_man,1996,278.506
svn,sex_t,age_ythadult_yge15,eco_aggregate_man,1997,271.849
svn,sex_t,age_ythadult_yge15,eco_aggregate_man,1998,271.157
svn,sex_t,age_ythadult_yge15,eco_aggregate_man,1999,257.161
svn,sex_t,age_ythadult_yge15,eco_aggregate_man,2000,253.49
svn,sex_t,age_ythadult_yge15,eco_aggregate_man,2001,260.007
svn,sex_t,age_ythadult_yge15,eco_aggregate_man,2002,268.936
svn,sex_t,age_ythadult_yge15,eco_aggregate_man,2003,251.985
svn,sex_t,age_ythadult_yge15,eco_aggregate_man,2004,254.2
svn,sex_t,age_ythadult_yge15,eco_aggregate_man,2005,261.13
svn,sex_t,age_ythadult_yge15,eco_aggregate_man,2006,250.553
svn,sex_t,age_ythadult_yge15,eco_aggregate_man,2007,253.786
svn,sex_t,age_ythadult_yge15,eco_aggregate_man,2008,247.952
svn,sex_t,age_ythadult_yge15,eco_aggregate_man,2009,223.503
svn,sex_t,age_ythadult_yge15,eco_aggregate_man,2010,216.404
svn,sex_t,age_ythadult_yge15,eco_aggregate_man,2011,201.735
svn,sex_t,age_ythadult_yge15,eco_aggregate_man,2012,193.394
svn,sex_t,age_ythadult_yge15,eco_aggregate_man,2013,190.622
svn,sex_t,age_ythadult_yge15,eco_aggregate_man,2014,192.211
svn,sex_t,age_ythadult_yge15,eco_aggregate_man,2015,199.724
svn,sex_t,age_ythadult_yge15,eco_aggregate_man,2016,214.831
svn,sex_t,age_ythadult_yge15,eco_aggregate_man,2017,226.817
svn,sex_t,age_ythadult_yge15,eco_aggregate_man,2018,228.993
svn,sex_t,age_ythadult_yge15,eco_aggregate_man,2019,238.02
svn,sex_t,age_ythadult_yge15,eco_aggregate_man,2020,234.775
svn,sex_t,age_ythadult_yge15,eco_aggregate_man,2021,200.575
svn,sex_t,age_ythadult_yge15,eco_aggregate_man,2022,203.341
svn,sex_t,age_ythadult_yge15,eco_aggregate_man,2023,210.325
svn,sex_t,age_ythadult_yge15,eco_aggregate_mel,1996,21.88
svn,sex_t,age_ythadult_yge15,eco_aggregate_mel,1997,19.573
svn,sex_t,age_ythadult_yge15,eco_aggregate_mel,1998,16.452
svn,sex_t,age_ythadult_yge15,eco_aggregate_mel,1999,14.06
svn,sex_t,age_ythadult_yge15,eco_aggregate_mel,2000,17.542
svn,sex_t,age_ythadult_yge15,eco_aggregate_mel,2001,16.564
svn,sex_t,age_ythadult_yge15,eco_aggregate_mel,2002,14.23
svn,sex_t,age_ythadult_yge15,eco_aggregate_mel,2003,14.198
svn,sex_t,age_ythadult_yge15,eco_aggregate_mel,2004,15.648
svn,sex_t,age_ythadult_yge15,eco_aggregate_mel,2005,15.325
svn,sex_t,age_ythadult_yge15,eco_aggregate_mel,2006,15.748
svn,sex_t,age_ythadult_yge15,eco_aggregate_mel,2007,14.982
svn,sex_t,age_ythadult_yge15,eco_aggregate_mel,2008,21.359
svn,sex_t,age_ythadult_yge15,eco_aggregate_mel,2009,21.946
svn,sex_t,age_ythadult_yge15,eco_aggregate_mel,2010,21.11
svn,sex_t,age_ythadult_yge15,eco_aggregate_mel,2011,23.776
svn,sex_t,age_ythadult_yge15,eco_aggregate_mel,2012,23.18
svn,sex_t,age_ythadult_yge15,eco_aggregate_mel,2013,22.241
svn,sex_t,age_ythadult_yge15,eco_aggregate_mel,2014,22.96
svn,sex_t,age_ythadult_yge15,eco_aggregate_mel,2015,22.182
svn,sex_t,age_ythadult_yge15,eco_aggregate_mel,2016,20.099
svn,sex_t,age_ythadult_yge15,eco_aggregate_mel,2017,21.496
svn,sex_t,age_ythadult_yge15,eco_aggregate_mel,2018,24.589
svn,sex_t,age_ythadult_yge15,eco_aggregate_mel,2019,24.541
svn,sex_t,age_ythadult_yge15,eco_aggregate_mel,2020,24.754
svn,sex_t,age_ythadult_yge15,eco_aggregate_mel,2021,22.901
svn,sex_t,age_ythadult_yge15,eco_aggregate_mel,2022,24.28
svn,sex_t,age_ythadult_yge15,eco_aggregate_mel,2023,25.737
svn,sex_t,age_ythadult_yge15,eco_aggregate_mkt,1996,204.269
svn,sex_t,age_ythadult_yge15,eco_aggregate_mkt,1997,215.82
svn,sex_t,age_ythadult_yge15,eco_aggregate_mkt,1998,220.552
svn,sex_t,age_ythadult_yge15,eco_aggregate_mkt,1999,223.203
svn,sex_t,age_ythadult_yge15,eco_aggregate_mkt,2000,240.734
svn,sex_t,age_ythadult_yge15,eco_aggregate_mkt,2001,235.298
svn,sex_t,age_ythadult_yge15,eco_aggregate_mkt,2002,240.835
svn,sex_t,age_ythadult_yge15,eco_aggregate_mkt,2003,255.152
svn,sex_t,age_ythadult_yge15,eco_aggregate_mkt,2004,257.233
svn,sex_t,age_ythadult_yge15,eco_aggregate_mkt,2005,257.142
svn,sex_t,age_ythadult_yge15,eco_aggregate_mkt,2006,259.933
svn,sex_t,age_ythadult_yge15,eco_aggregate_mkt,2007,273.132
svn,sex_t,age_ythadult_yge15,eco_aggregate_mkt,2008,301.782
svn,sex_t,age_ythadult_yge15,eco_aggregate_mkt,2009,300.701
svn,sex_t,age_ythadult_yge15,eco_aggregate_mkt,2010,289.84
svn,sex_t,age_ythadult_yge15,eco_aggregate_mkt,2011,285.093
svn,sex_t,age_ythadult_yge15,eco_aggregate_mkt,2012,286.466
svn,sex_t,age_ythadult_yge15,eco_aggregate_mkt,2013,277.271
svn,sex_t,age_ythadult_yge15,eco_aggregate_mkt,2014,266.992
svn,sex_t,age_ythadult_yge15,eco_aggregate_mkt,2015,270.987
svn,sex_t,age_ythadult_yge15,eco_aggregate_mkt,2016,277.114
svn,sex_t,age_ythadult_yge15,eco_aggregate_mkt,2017,284.237
svn,sex_t,age_ythadult_yge15,eco_aggregate_mkt,2018,293.369
svn,sex_t,age_ythadult_yge15,eco_aggregate_mkt,2019,299.729
svn,sex_t,age_ythadult_yge15,eco_aggregate_mkt,2020,298.782
svn,sex_t,age_ythadult_yge15,eco_aggregate_mkt,2021,298.391
svn,sex_t,age_ythadult_yge15,eco_aggregate_mkt,2022,304.683
svn,sex_t,age_ythadult_yge15,eco_aggregate_mkt,2023,311.286
svn,sex_t,age_ythadult_yge15,eco_aggregate_pub,1996,165.58
svn,sex_t,age_ythadult_yge15,eco_aggregate_pub,1997,158.619
svn,sex_t,age_ythadult_yge15,eco_aggregate_pub,1998,167.286
svn,sex_t,age_ythadult_yge15,eco_aggregate_pub,1999,181.721
svn,sex_t,age_ythadult_yge15,eco_aggregate_pub,2000,184.288
svn,sex_t,age_ythadult_yge15,eco_aggregate_pub,2001,183.841
svn,sex_t,age_ythadult_yge15,eco_aggregate_pub,2002,187.479
svn,sex_t,age_ythadult_yge15,eco_aggregate_pub,2003,189.638
svn,sex_t,age_ythadult_yge15,eco_aggregate_pub,2004,202.854
svn,sex_t,age_ythadult_yge15,eco_aggregate_pub,2005,209.734
svn,sex_t,age_ythadult_yge15,eco_aggregate_pub,2006,218.832
svn,sex_t,age_ythadult_yge15,eco_aggregate_pub,2007,217.051
svn,sex_t,age_ythadult_yge15,eco_aggregate_pub,2008,211.57
svn,sex_t,age_ythadult_yge15,eco_aggregate_pub,2009,210.078
svn,sex_t,age_ythadult_yge15,eco_aggregate_pub,2010,213.48
svn,sex_t,age_ythadult_yge15,eco_aggregate_pub,2011,212.361
svn,sex_t,age_ythadult_yge15,eco_aggregate_pub,2012,214.664
svn,sex_t,age_ythadult_yge15,eco_aggregate_pub,2013,207.781
svn,sex_t,age_ythadult_yge15,eco_aggregate_pub,2014,210.863
svn,sex_t,age_ythadult_yge15,eco_aggregate_pub,2015,215.173
svn,sex_t,age_ythadult_yge15,eco_aggregate_pub,2016,220.116
svn,sex_t,age_ythadult_yge15,eco_aggregate_pub,2017,230.627
svn,sex_t,age_ythadult_yge15,eco_aggregate_pub,2018,228.962
svn,sex_t,age_ythadult_yge15,eco_aggregate_pub,2019,231.212
svn,sex_t,age_ythadult_yge15,eco_aggregate_pub,2020,240.321
svn,sex_t,age_ythadult_yge15,eco_aggregate_pub,2021,263.514
svn,sex_t,age_ythadult_yge15,eco_aggregate_pub,2022,264.407
svn,sex_t,age_ythadult_yge15,eco_aggregate_pub,2023,240.502
svn,sex_t,age_ythadult_yge15,eco_aggregate_total,1996,723.98
svn,sex_t,age_ythadult_yge15,eco_aggregate_total,1997,726.138
svn,sex_t,age_ythadult_yge15,eco_aggregate_total,1998,730.741
svn,sex_t,age_ythadult_yge15,eco_aggregate_total,1999,724.65
svn,sex_t,age_ythadult_yge15,eco_aggregate_total,2000,750.094
svn,sex_t,age_ythadult_yge15,eco_aggregate_total,2001,757.931
svn,sex_t,age_ythadult_yge15,eco_aggregate_total,2002,772.503
svn,sex_t,age_ythadult_yge15,eco_aggregate_total,2003,770.83
svn,sex_t,age_ythadult_yge15,eco_aggregate_total,2004,798.073
svn,sex_t,age_ythadult_yge15,eco_aggregate_total,2005,805.534
svn,sex_t,age_ythadult_yge15,eco_aggregate_total,2006,805.51
svn,sex_t,age_ythadult_yge15,eco_aggregate_total,2007,828.653
svn,sex_t,age_ythadult_yge15,eco_aggregate_total,2008,855.433
svn,sex_t,age_ythadult_yge15,eco_aggregate_total,2009,821.858
svn,sex_t,age_ythadult_yge15,eco_aggregate_total,2010,799.32
svn,sex_t,age_ythadult_yge15,eco_aggregate_total,2011,778.725
svn,sex_t,age_ythadult_yge15,eco_aggregate_total,2012,773.764
svn,sex_t,age_ythadult_yge15,eco_aggregate_total,2013,753.003
svn,sex_t,age_ythadult_yge15,eco_aggregate_total,2014,746.432
svn,sex_t,age_ythadult_yge15,eco_aggregate_total,2015,766.069
svn,sex_t,age_ythadult_yge15,eco_aggregate_total,2016,785.129
svn,sex_t,age_ythadult_yge15,eco_aggregate_total,2017,819.238
svn,sex_t,age_ythadult_yge15,eco_aggregate_total,2018,831.585
svn,sex_t,age_ythadult_yge15,eco_aggregate_total,2019,848.288
svn,sex_t,age_ythadult_yge15,eco_aggregate_total,2020,855.131
svn,sex_t,age_ythadult_yge15,eco_aggregate_total,2021,835.467
svn,sex_t,age_ythadult_yge15,eco_aggregate_total,2022,848.402
svn,sex_t,age_ythadult_yge15,eco_aggregate_total,2023,848.275
svn,sex_t,age_ythadult_yge15,eco_aggregate_x,1996,1.062
svn,sex_t,age_ythadult_yge15,eco_aggregate_x,1997,1.874
svn,sex_t,age_ythadult_yge15,eco_aggregate_x,1998,3.854
svn,sex_t,age_ythadult_yge15,eco_aggregate_x,1999,2.69
svn,sex_t,age_ythadult_yge15,eco_aggregate_x,2000,4.785
svn,sex_t,age_ythadult_yge15,eco_aggregate_x,2001,8.212
svn,sex_t,age_ythadult_yge15,eco_aggregate_x,2002,5.677
svn,sex_t,age_ythadult_yge15,eco_aggregate_x,2003,5.392
svn,sex_t,age_ythadult_yge15,eco_aggregate_x,2004,9.661
svn,sex_t,age_ythadult_yge15,eco_aggregate_x,2005,4.049
svn,sex_t,age_ythadult_yge15,eco_aggregate_x,2006,3.921
svn,sex_t,age_ythadult_yge15,eco_aggregate_x,2007,8.838
svn,sex_t,age_ythadult_yge15,eco_aggregate_x,2008,4.375
svn,sex_t,age_ythadult_yge15,eco_aggregate_x,2009,4.907
svn,sex_t,age_ythadult_yge15,eco_aggregate_x,2010,3.428
svn,sex_t,age_ythadult_yge15,eco_aggregate_x,2011,4.357
svn,sex_t,age_ythadult_yge15,eco_aggregate_x,2012,4.485
svn,sex_t,age_ythadult_yge15,eco_aggregate_x,2013,4.203
svn,sex_t,age_ythadult_yge15,eco_aggregate_x,2014,4.914
svn,sex_t,age_ythadult_yge15,eco_aggregate_x,2015,9.51
svn,sex_t,age_ythadult_yge15,eco_aggregate_x,2016,6.179
svn,sex_t,age_ythadult_yge15,eco_aggregate_x,2017,4.807
svn,sex_t,age_ythadult_yge15,eco_aggregate_x,2018,5.348
svn,sex_t,age_ythadult_yge15,eco_aggregate_x,2019,4.44
svn,sex_t,age_ythadult_yge15,eco_aggregate_x,2020,3.736
svn,sex_t,age_ythadult_yge15,eco_aggregate_x,2021,4.416
svn,sex_t,age_ythadult_yge15,eco_aggregate_x,2022,3.559
svn,sex_t,age_ythadult_yge15,eco_aggregate_x,2023,3.795
svn,sex_t,age_ythadult_yge15,eco_isic3_a,1996,13.749
svn,sex_t,age_ythadult_yge15,eco_isic3_a,1997,12.702
svn,sex_t,age_ythadult_yge15,eco_isic3_a,1998,9.934
svn,sex_t,age_ythadult_yge15,eco_isic3_a,1999,8.152
svn,sex_t,age_ythadult_yge15,eco_isic3_a,2000,9.665
svn,sex_t,age_ythadult_yge15,eco_isic3_a,2001,8.797
svn,sex_t,age_ythadult_yge15,eco_isic3_a,2002,11.47
svn,sex_t,age_ythadult_yge15,eco_isic3_a,2003,10.356
svn,sex_t,age_ythadult_yge15,eco_isic3_a,2004,13.53
svn,sex_t,age_ythadult_yge15,eco_isic3_a,2005,10.375
svn,sex_t,age_ythadult_yge15,eco_isic3_a,2006,11.152
svn,sex_t,age_ythadult_yge15,eco_isic3_a,2007,13.423
svn,sex_t,age_ythadult_yge15,eco_isic3_b,1999,0.458
svn,sex_t,age_ythadult_yge15,eco_isic3_b,2005,0.15
svn,sex_t,age_ythadult_yge15,eco_isic3_b,2006,0.101
svn,sex_t,age_ythadult_yge15,eco_isic3_b,2007,0.358
svn,sex_t,age_ythadult_yge15,eco_isic3_c,1996,9.157
svn,sex_t,age_ythadult_yge15,eco_isic3_c,1997,6.593
svn,sex_t,age_ythadult_yge15,eco_isic3_c,1998,8.01
svn,sex_t,age_ythadult_yge15,eco_isic3_c,1999,6.418
svn,sex_t,age_ythadult_yge15,eco_isic3_c,2000,7.404
svn,sex_t,age_ythadult_yge15,eco_isic3_c,2001,5.355
svn,sex_t,age_ythadult_yge15,eco_isic3_c,2002,3.537
svn,sex_t,age_ythadult_yge15,eco_isic3_c,2003,5.442
svn,sex_t,age_ythadult_yge15,eco_isic3_c,2004,6.036
svn,sex_t,age_ythadult_yge15,eco_isic3_c,2005,6.283
svn,sex_t,age_ythadult_yge15,eco_isic3_c,2006,5.807
svn,sex_t,age_ythadult_yge15,eco_isic3_c,2007,4.603
svn,sex_t,age_ythadult_yge15,eco_isic3_d,1996,278.506
svn,sex_t,age_ythadult_yge15,eco_isic3_d,1997,271.849
svn,sex_t,age_ythadult_yge15,eco_isic3_d,1998,271.157
svn,sex_t,age_ythadult_yge15,eco_isic3_d,1999,257.161
svn,sex_t,age_ythadult_yge15,eco_isic3_d,2000,253.49
svn,sex_t,age_ythadult_yge15,eco_isic3_d,2001,260.007
svn,sex_t,age_ythadult_yge15,eco_isic3_d,2002,268.936
svn,sex_t,age_ythadult_yge15,eco_isic3_d,2003,251.985
svn,sex_t,age_ythadult_yge15,eco_isic3_d,2004,254.2
svn,sex_t,age_ythadult_yge15,eco_isic3_d,2005,261.13
svn,sex_t,age_ythadult_yge15,eco_isic3_d,2006,250.553
svn,sex_t,age_ythadult_yge15,eco_isic3_d,2007,253.786
svn,sex_t,age_ythadult_yge15,eco_isic3_e,1996,12.723
svn,sex_t,age_ythadult_yge15,eco_isic3_e,1997,12.979
svn,sex_t,age_ythadult_yge15,eco_isic3_e,1998,8.442
svn,sex_t,age_ythadult_yge15,eco_isic3_e,1999,7.643
svn,sex_t,age_ythadult_yge15,eco_isic3_e,2000,10.139
svn,sex_t,age_ythadult_yge15,eco_isic3_e,2001,11.209
svn,sex_t,age_ythadult_yge15,eco_isic3_e,2002,10.693
svn,sex_t,age_ythadult_yge15,eco_isic3_e,2003,8.755
svn,sex_t,age_ythadult_yge15,eco_isic3_e,2004,9.613
svn,sex_t,age_ythadult_yge15,eco_isic3_e,2005,9.043
svn,sex_t,age_ythadult_yge15,eco_isic3_e,2006,9.941
svn,sex_t,age_ythadult_yge15,eco_isic3_e,2007,10.379
svn,sex_t,age_ythadult_yge15,eco_isic3_f,1996,38.882
svn,sex_t,age_ythadult_yge15,eco_isic3_f,1997,45.406
svn,sex_t,age_ythadult_yge15,eco_isic3_f,1998,41.311
svn,sex_t,age_ythadult_yge15,eco_isic3_f,1999,37.205
svn,sex_t,age_ythadult_yge15,eco_isic3_f,2000,39.534
svn,sex_t,age_ythadult_yge15,eco_isic3_f,2001,45.214
svn,sex_t,age_ythadult_yge15,eco_isic3_f,2002,43.811
svn,sex_t,age_ythadult_yge15,eco_isic3_f,2003,43.959
svn,sex_t,age_ythadult_yge15,eco_isic3_f,2004,44.617
svn,sex_t,age_ythadult_yge15,eco_isic3_f,2005,47.63
svn,sex_t,age_ythadult_yge15,eco_isic3_f,2006,45.27
svn,sex_t,age_ythadult_yge15,eco_isic3_f,2007,47.083
svn,sex_t,age_ythadult_yge15,eco_isic3_g,1996,87.366
svn,sex_t,age_ythadult_yge15,eco_isic3_g,1997,88.96
svn,sex_t,age_ythadult_yge15,eco_isic3_g,1998,94.388
svn,sex_t,age_ythadult_yge15,eco_isic3_g,1999,94.293
svn,sex_t,age_ythadult_yge15,eco_isic3_g,2000,106.034
svn,sex_t,age_ythadult_yge15,eco_isic3_g,2001,98.507
svn,sex_t,age_ythadult_yge15,eco_isic3_g,2002,104.62
svn,sex_t,age_ythadult_yge15,eco_isic3_g,2003,107.55
svn,sex_t,age_ythadult_yge15,eco_isic3_g,2004,106.398
svn,sex_t,age_ythadult_yge15,eco_isic3_g,2005,100.339
svn,sex_t,age_ythadult_yge15,eco_isic3_g,2006,106.074
svn,sex_t,age_ythadult_yge15,eco_isic3_g,2007,106.415
svn,sex_t,age_ythadult_yge15,eco_isic3_h,1996,28.61
svn,sex_t,age_ythadult_yge15,eco_isic3_h,1997,32.848
svn,sex_t,age_ythadult_yge15,eco_isic3_h,1998,32.511
svn,sex_t,age_ythadult_yge15,eco_isic3_h,1999,28.13
svn,sex_t,age_ythadult_yge15,eco_isic3_h,2000,29.259
svn,sex_t,age_ythadult_yge15,eco_isic3_h,2001,28.749
svn,sex_t,age_ythadult_yge15,eco_isic3_h,2002,31.185
svn,sex_t,age_ythadult_yge15,eco_isic3_h,2003,30.529
svn,sex_t,age_ythadult_yge15,eco_isic3_h,2004,33.044
svn,sex_t,age_ythadult_yge15,eco_isic3_h,2005,34.735
svn,sex_t,age_ythadult_yge15,eco_isic3_h,2006,33.163
svn,sex_t,age_ythadult_yge15,eco_isic3_h,2007,34.782
svn,sex_t,age_ythadult_yge15,eco_isic3_i,1996,42.572
svn,sex_t,age_ythadult_yge15,eco_isic3_i,1997,42.123
svn,sex_t,age_ythadult_yge15,eco_isic3_i,1998,40.441
svn,sex_t,age_ythadult_yge15,eco_isic3_i,1999,43.029
svn,sex_t,age_ythadult_yge15,eco_isic3_i,2000,51.593
svn,sex_t,age_ythadult_yge15,eco_isic3_i,2001,50.148
svn,sex_t,age_ythadult_yge15,eco_isic3_i,2002,46.66
svn,sex_t,age_ythadult_yge15,eco_isic3_i,2003,52.011
svn,sex_t,age_ythadult_yge15,eco_isic3_i,2004,49.233
svn,sex_t,age_ythadult_yge15,eco_isic3_i,2005,49.532
svn,sex_t,age_ythadult_yge15,eco_isic3_i,2006,47.418
svn,sex_t,age_ythadult_yge15,eco_isic3_i,2007,52.754
svn,sex_t,age_ythadult_yge15,eco_isic3_j,1996,19.237
svn,sex_t,age_ythadult_yge15,eco_isic3_j,1997,20.096
svn,sex_t,age_ythadult_yge15,eco_isic3_j,1998,17.142
svn,sex_t,age_ythadult_yge15,eco_isic3_j,1999,19.988
svn,sex_t,age_ythadult_yge15,eco_isic3_j,2000,21.29
svn,sex_t,age_ythadult_yge15,eco_isic3_j,2001,23.914
svn,sex_t,age_ythadult_yge15,eco_isic3_j,2002,21.644
svn,sex_t,age_ythadult_yge15,eco_isic3_j,2003,21.626
svn,sex_t,age_ythadult_yge15,eco_isic3_j,2004,21.354
svn,sex_t,age_ythadult_yge15,eco_isic3_j,2005,22.585
svn,sex_t,age_ythadult_yge15,eco_isic3_j,2006,22.089
svn,sex_t,age_ythadult_yge15,eco_isic3_j,2007,23.383
svn,sex_t,age_ythadult_yge15,eco_isic3_k,1996,26.484
svn,sex_t,age_ythadult_yge15,eco_isic3_k,1997,31.794
svn,sex_t,age_ythadult_yge15,eco_isic3_k,1998,36.069
svn,sex_t,age_ythadult_yge15,eco_isic3_k,1999,37.763
svn,sex_t,age_ythadult_yge15,eco_isic3_k,2000,32.558
svn,sex_t,age_ythadult_yge15,eco_isic3_k,2001,33.98
svn,sex_t,age_ythadult_yge15,eco_isic3_k,2002,36.725
svn,sex_t,age_ythadult_yge15,eco_isic3_k,2003,43.437
svn,sex_t,age_ythadult_yge15,eco_isic3_k,2004,47.204
svn,sex_t,age_ythadult_yge15,eco_isic3_k,2005,49.95
svn,sex_t,age_ythadult_yge15,eco_isic3_k,2006,51.189
svn,sex_t,age_ythadult_yge15,eco_isic3_k,2007,55.799
svn,sex_t,age_ythadult_yge15,eco_isic3_l,1996,40.919
svn,sex_t,age_ythadult_yge15,eco_isic3_l,1997,35.604
svn,sex_t,age_ythadult_yge15,eco_isic3_l,1998,40.91
svn,sex_t,age_ythadult_yge15,eco_isic3_l,1999,48.882
svn,sex_t,age_ythadult_yge15,eco_isic3_l,2000,52.908
svn,sex_t,age_ythadult_yge15,eco_isic3_l,2001,47.702
svn,sex_t,age_ythadult_yge15,eco_isic3_l,2002,49.919
svn,sex_t,age_ythadult_yge15,eco_isic3_l,2003,49.551
svn,sex_t,age_ythadult_yge15,eco_isic3_l,2004,55.736
svn,sex_t,age_ythadult_yge15,eco_isic3_l,2005,57.935
svn,sex_t,age_ythadult_yge15,eco_isic3_l,2006,56.615
svn,sex_t,age_ythadult_yge15,eco_isic3_l,2007,54.281
svn,sex_t,age_ythadult_yge15,eco_isic3_m,1996,54.6
svn,sex_t,age_ythadult_yge15,eco_isic3_m,1997,52.344
svn,sex_t,age_ythadult_yge15,eco_isic3_m,1998,59.526
svn,sex_t,age_ythadult_yge15,eco_isic3_m,1999,58.733
svn,sex_t,age_ythadult_yge15,eco_isic3_m,2000,56.565
svn,sex_t,age_ythadult_yge15,eco_isic3_m,2001,61.509
svn,sex_t,age_ythadult_yge15,eco_isic3_m,2002,60.144
svn,sex_t,age_ythadult_yge15,eco_isic3_m,2003,61.897
svn,sex_t,age_ythadult_yge15,eco_isic3_m,2004,64.368
svn,sex_t,age_ythadult_yge15,eco_isic3_m,2005,70.945
svn,sex_t,age_ythadult_yge15,eco_isic3_m,2006,74.355
svn,sex_t,age_ythadult_yge15,eco_isic3_m,2007,74.052
svn,sex_t,age_ythadult_yge15,eco_isic3_n,1996,43.169
svn,sex_t,age_ythadult_yge15,eco_isic3_n,1997,40.496
svn,sex_t,age_ythadult_yge15,eco_isic3_n,1998,40.495
svn,sex_t,age_ythadult_yge15,eco_isic3_n,1999,43.637
svn,sex_t,age_ythadult_yge15,eco_isic3_n,2000,45.589
svn,sex_t,age_ythadult_yge15,eco_isic3_n,2001,44.899
svn,sex_t,age_ythadult_yge15,eco_isic3_n,2002,49.604
svn,sex_t,age_ythadult_yge15,eco_isic3_n,2003,46.199
svn,sex_t,age_ythadult_yge15,eco_isic3_n,2004,46.838
svn,sex_t,age_ythadult_yge15,eco_isic3_n,2005,49.36
svn,sex_t,age_ythadult_yge15,eco_isic3_n,2006,53.924
svn,sex_t,age_ythadult_yge15,eco_isic3_n,2007,53.615
svn,sex_t,age_ythadult_yge15,eco_isic3_o,1996,25.749
svn,sex_t,age_ythadult_yge15,eco_isic3_o,1997,28.051
svn,sex_t,age_ythadult_yge15,eco_isic3_o,1998,25.819
svn,sex_t,age_ythadult_yge15,eco_isic3_o,1999,30.006
svn,sex_t,age_ythadult_yge15,eco_isic3_o,2000,28.975
svn,sex_t,age_ythadult_yge15,eco_isic3_o,2001,28.741
svn,sex_t,age_ythadult_yge15,eco_isic3_o,2002,27.25
svn,sex_t,age_ythadult_yge15,eco_isic3_o,2003,31.806
svn,sex_t,age_ythadult_yge15,eco_isic3_o,2004,35.339
svn,sex_t,age_ythadult_yge15,eco_isic3_o,2005,30.99
svn,sex_t,age_ythadult_yge15,eco_isic3_o,2006,33.239
svn,sex_t,age_ythadult_yge15,eco_isic3_o,2007,34.558
svn,sex_t,age_ythadult_yge15,eco_isic3_p,1996,0.971
svn,sex_t,age_ythadult_yge15,eco_isic3_p,1997,2.123
svn,sex_t,age_ythadult_yge15,eco_isic3_p,1998,0.537
svn,sex_t,age_ythadult_yge15,eco_isic3_p,1999,0.464
svn,sex_t,age_ythadult_yge15,eco_isic3_p,2001,0.989
svn,sex_t,age_ythadult_yge15,eco_isic3_p,2002,0.562
svn,sex_t,age_ythadult_yge15,eco_isic3_p,2004,0.574
svn,sex_t,age_ythadult_yge15,eco_isic3_p,2005,0.503
svn,sex_t,age_ythadult_yge15,eco_isic3_p,2006,0.699
svn,sex_t,age_ythadult_yge15,eco_isic3_p,2007,0.433
svn,sex_t,age_ythadult_yge15,eco_isic3_total,1996,723.98
svn,sex_t,age_ythadult_yge15,eco_isic3_total,1997,726.138
svn,sex_t,age_ythadult_yge15,eco_isic3_total,1998,730.741
svn,sex_t,age_ythadult_yge15,eco_isic3_total,1999,724.65
svn,sex_t,age_ythadult_yge15,eco_isic3_total,2000,750.094
svn,sex_t,age_ythadult_yge15,eco_isic3_total,2001,757.931
svn,sex_t,age_ythadult_yge15,eco_isic3_total,2002,772.503
svn,sex_t,age_ythadult_yge15,eco_isic3_total,2003,770.83
svn,sex_t,age_ythadult_yge15,eco_isic3_total,2004,798.073
svn,sex_t,age_ythadult_yge15,eco_isic3_total,2005,805.534
svn,sex_t,age_ythadult_yge15,eco_isic3_total,2006,805.51
svn,sex_t,age_ythadult_yge15,eco_isic3_total,2007,828.653
svn,sex_t,age_ythadult_yge15,eco_isic3_x,1996,1.062
svn,sex_t,age_ythadult_yge15,eco_isic3_x,1997,1.874
svn,sex_t,age_ythadult_yge15,eco_isic3_x,1998,3.854
svn,sex_t,age_ythadult_yge15,eco_isic3_x,1999,2.69
svn,sex_t,age_ythadult_yge15,eco_isic3_x,2000,4.785
svn,sex_t,age_ythadult_yge15,eco_isic3_x,2001,8.212
svn,sex_t,age_ythadult_yge15,eco_isic3_x,2002,5.677
svn,sex_t,age_ythadult_yge15,eco_isic3_x,2003,5.392
svn,sex_t,age_ythadult_yge15,eco_isic3_x,2004,9.661
svn,sex_t,age_ythadult_yge15,eco_isic3_x,2005,4.049
svn,sex_t,age_ythadult_yge15,eco_isic3_x,2006,3.921
svn,sex_t,age_ythadult_yge15,eco_isic3_x,2007,8.838
svn,sex_t,age_ythadult_yge15,eco_isic4_a,2008,12.867
svn,sex_t,age_ythadult_yge15,eco_isic4_a,2009,10.448
svn,sex_t,age_ythadult_yge15,eco_isic4_a,2010,9.407
svn,sex_t,age_ythadult_yge15,eco_isic4_a,2011,9.822
svn,sex_t,age_ythadult_yge15,eco_isic4_a,2012,9.988
svn,sex_t,age_ythadult_yge15,eco_isic4_a,2013,8.743
svn,sex_t,age_ythadult_yge15,eco_isic4_a,2014,8.737
svn,sex_t,age_ythadult_yge15,eco_isic4_a,2015,8.699
svn,sex_t,age_ythadult_yge15,eco_isic4_a,2016,7.761
svn,sex_t,age_ythadult_yge15,eco_isic4_a,2017,9.126
svn,sex_t,age_ythadult_yge15,eco_isic4_a,2018,8.184
svn,sex_t,age_ythadult_yge15,eco_isic4_a,2019,7.428
svn,sex_t,age_ythadult_yge15,eco_isic4_a,2020,7.388
svn,sex_t,age_ythadult_yge15,eco_isic4_a,2021,6.534
svn,sex_t,age_ythadult_yge15,eco_isic4_a,2022,6.819
svn,sex_t,age_ythadult_yge15,eco_isic4_a,2023,6.8
svn,sex_t,age_ythadult_yge15,eco_isic4_b,2008,3.765
svn,sex_t,age_ythadult_yge15,eco_isic4_b,2009,3.916
svn,sex_t,age_ythadult_yge15,eco_isic4_b,2010,4.079
svn,sex_t,age_ythadult_yge15,eco_isic4_b,2011,4.807
svn,sex_t,age_ythadult_yge15,eco_isic4_b,2012,4.228
svn,sex_t,age_ythadult_yge15,eco_isic4_b,2013,4.139
svn,sex_t,age_ythadult_yge15,eco_isic4_b,2014,2.856
svn,sex_t,age_ythadult_yge15,eco_isic4_b,2015,3.009
svn,sex_t,age_ythadult_yge15,eco_isic4_b,2016,2.724
svn,sex_t,age_ythadult_yge15,eco_isic4_b,2017,2.381
svn,sex_t,age_ythadult_yge15,eco_isic4_b,2018,3.232
svn,sex_t,age_ythadult_yge15,eco_isic4_b,2019,4.184
svn,sex_t,age_ythadult_yge15,eco_isic4_b,2020,3.771
svn,sex_t,age_ythadult_yge15,eco_isic4_b,2021,2.15
svn,sex_t,age_ythadult_yge15,eco_isic4_b,2022,2.347
svn,sex_t,age_ythadult_yge15,eco_isic4_b,2023,3.053
svn,sex_t,age_ythadult_yge15,eco_isic4_c,2008,247.952
svn,sex_t,age_ythadult_yge15,eco_isic4_c,2009,223.503
svn,sex_t,age_ythadult_yge15,eco_isic4_c,2010,216.404
svn,sex_t,age_ythadult_yge15,eco_isic4_c,2011,201.735
svn,sex_t,age_ythadult_yge15,eco_isic4_c,2012,193.394
svn,sex_t,age_ythadult_yge15,eco_isic4_c,2013,190.622
svn,sex_t,age_ythadult_yge15,eco_isic4_c,2014,192.211
svn,sex_t,age_ythadult_yge15,eco_isic4_c,2015,199.724
svn,sex_t,age_ythadult_yge15,eco_isic4_c,2016,214.831
svn,sex_t,age_ythadult_yge15,eco_isic4_c,2017,226.817
svn,sex_t,age_ythadult_yge15,eco_isic4_c,2018,228.993
svn,sex_t,age_ythadult_yge15,eco_isic4_c,2019,238.02
svn,sex_t,age_ythadult_yge15,eco_isic4_c,2020,234.775
svn,sex_t,age_ythadult_yge15,eco_isic4_c,2021,200.575
svn,sex_t,age_ythadult_yge15,eco_isic4_c,2022,203.341
svn,sex_t,age_ythadult_yge15,eco_isic4_c,2023,210.325
svn,sex_t,age_ythadult_yge15,eco_isic4_d,2008,9.714
svn,sex_t,age_ythadult_yge15,eco_isic4_d,2009,7.988
svn,sex_t,age_ythadult_yge15,eco_isic4_d,2010,7.285
svn,sex_t,age_ythadult_yge15,eco_isic4_d,2011,9.075
svn,sex_t,age_ythadult_yge15,eco_isic4_d,2012,8.927
svn,sex_t,age_ythadult_yge15,eco_isic4_d,2013,8.783
svn,sex_t,age_ythadult_yge15,eco_isic4_d,2014,10.906
svn,sex_t,age_ythadult_yge15,eco_isic4_d,2015,10.113
svn,sex_t,age_ythadult_yge15,eco_isic4_d,2016,8.077
svn,sex_t,age_ythadult_yge15,eco_isic4_d,2017,8.89
svn,sex_t,age_ythadult_yge15,eco_isic4_d,2018,8.725
svn,sex_t,age_ythadult_yge15,eco_isic4_d,2019,9.897
svn,sex_t,age_ythadult_yge15,eco_isic4_d,2020,10.781
svn,sex_t,age_ythadult_yge15,eco_isic4_d,2021,9.877
svn,sex_t,age_ythadult_yge15,eco_isic4_d,2022,8.426
svn,sex_t,age_ythadult_yge15,eco_isic4_d,2023,8.079
svn,sex_t,age_ythadult_yge15,eco_isic4_e,2008,7.879
svn,sex_t,age_ythadult_yge15,eco_isic4_e,2009,10.041
svn,sex_t,age_ythadult_yge15,eco_isic4_e,2010,9.747
svn,sex_t,age_ythadult_yge15,eco_isic4_e,2011,9.895
svn,sex_t,age_ythadult_yge15,eco_isic4_e,2012,10.025
svn,sex_t,age_ythadult_yge15,eco_isic4_e,2013,9.32
svn,sex_t,age_ythadult_yge15,eco_isic4_e,2014,9.198
svn,sex_t,age_ythadult_yge15,eco_isic4_e,2015,9.06
svn,sex_t,age_ythadult_yge15,eco_isic4_e,2016,9.298
svn,sex_t,age_ythadult_yge15,eco_isic4_e,2017,10.224
svn,sex_t,age_ythadult_yge15,eco_isic4_e,2018,12.634
svn,sex_t,age_ythadult_yge15,eco_isic4_e,2019,10.46
svn,sex_t,age_ythadult_yge15,eco_isic4_e,2020,10.202
svn,sex_t,age_ythadult_yge15,eco_isic4_e,2021,10.874
svn,sex_t,age_ythadult_yge15,eco_isic4_e,2022,13.507
svn,sex_t,age_ythadult_yge15,eco_isic4_e,2023,14.605
svn,sex_t,age_ythadult_yge15,eco_isic4_f,2008,55.529
svn,sex_t,age_ythadult_yge15,eco_isic4_f,2009,50.275
svn,sex_t,age_ythadult_yge15,eco_isic4_f,2010,45.651
svn,sex_t,age_ythadult_yge15,eco_isic4_f,2011,41.58
svn,sex_t,age_ythadult_yge15,eco_isic4_f,2012,41.587
svn,sex_t,age_ythadult_yge15,eco_isic4_f,2013,42.141
svn,sex_t,age_ythadult_yge15,eco_isic4_f,2014,39.755
svn,sex_t,age_ythadult_yge15,eco_isic4_f,2015,39.793
svn,sex_t,age_ythadult_yge15,eco_isic4_f,2016,39.028
svn,sex_t,age_ythadult_yge15,eco_isic4_f,2017,42.128
svn,sex_t,age_ythadult_yge15,eco_isic4_f,2018,42.14
svn,sex_t,age_ythadult_yge15,eco_isic4_f,2019,42.919
svn,sex_t,age_ythadult_yge15,eco_isic4_f,2020,45.375
svn,sex_t,age_ythadult_yge15,eco_isic4_f,2021,39.135
svn,sex_t,age_ythadult_yge15,eco_isic4_f,2022,41.313
svn,sex_t,age_ythadult_yge15,eco_isic4_f,2023,49.829
svn,sex_t,age_ythadult_yge15,eco_isic4_g,2008,109.65
svn,sex_t,age_ythadult_yge15,eco_isic4_g,2009,108.386
svn,sex_t,age_ythadult_yge15,eco_isic4_g,2010,101.991
svn,sex_t,age_ythadult_yge15,eco_isic4_g,2011,98.104
svn,sex_t,age_ythadult_yge15,eco_isic4_g,2012,99.511
svn,sex_t,age_ythadult_yge15,eco_isic4_g,2013,101.086
svn,sex_t,age_ythadult_yge15,eco_isic4_g,2014,95.423
svn,sex_t,age_ythadult_yge15,eco_isic4_g,2015,94.476
svn,sex_t,age_ythadult_yge15,eco_isic4_g,2016,101.87
svn,sex_t,age_ythadult_yge15,eco_isic4_g,2017,100.643
svn,sex_t,age_ythadult_yge15,eco_isic4_g,2018,103.476
svn,sex_t,age_ythadult_yge15,eco_isic4_g,2019,111.201
svn,sex_t,age_ythadult_yge15,eco_isic4_g,2020,105.117
svn,sex_t,age_ythadult_yge15,eco_isic4_g,2021,102.787
svn,sex_t,age_ythadult_yge15,eco_isic4_g,2022,102.555
svn,sex_t,age_ythadult_yge15,eco_isic4_g,2023,111.543
svn,sex_t,age_ythadult_yge15,eco_isic4_h,2008,49.845
svn,sex_t,age_ythadult_yge15,eco_isic4_h,2009,51.109
svn,sex_t,age_ythadult_yge15,eco_isic4_h,2010,45.306
svn,sex_t,age_ythadult_yge15,eco_isic4_h,2011,45.886
svn,sex_t,age_ythadult_yge15,eco_isic4_h,2012,45.366
svn,sex_t,age_ythadult_yge15,eco_isic4_h,2013,42.984
svn,sex_t,age_ythadult_yge15,eco_isic4_h,2014,36.747
svn,sex_t,age_ythadult_yge15,eco_isic4_h,2015,40.446
svn,sex_t,age_ythadult_yge15,eco_isic4_h,2016,43.214
svn,sex_t,age_ythadult_yge15,eco_isic4_h,2017,41.801
svn,sex_t,age_ythadult_yge15,eco_isic4_h,2018,48.846
svn,sex_t,age_ythadult_yge15,eco_isic4_h,2019,48.07
svn,sex_t,age_ythadult_yge15,eco_isic4_h,2020,45.974
svn,sex_t,age_ythadult_yge15,eco_isic4_h,2021,41.249
svn,sex_t,age_ythadult_yge15,eco_isic4_h,2022,41.33
svn,sex_t,age_ythadult_yge15,eco_isic4_h,2023,40.43
svn,sex_t,age_ythadult_yge15,eco_isic4_i,2008,38.353
svn,sex_t,age_ythadult_yge15,eco_isic4_i,2009,34.277
svn,sex_t,age_ythadult_yge15,eco_isic4_i,2010,39.379
svn,sex_t,age_ythadult_yge15,eco_isic4_i,2011,37.283
svn,sex_t,age_ythadult_yge15,eco_isic4_i,2012,33.056
svn,sex_t,age_ythadult_yge15,eco_isic4_i,2013,31.794
svn,sex_t,age_ythadult_yge15,eco_isic4_i,2014,34.263
svn,sex_t,age_ythadult_yge15,eco_isic4_i,2015,39.339
svn,sex_t,age_ythadult_yge15,eco_isic4_i,2016,34.74
svn,sex_t,age_ythadult_yge15,eco_isic4_i,2017,38.876
svn,sex_t,age_ythadult_yge15,eco_isic4_i,2018,37.579
svn,sex_t,age_ythadult_yge15,eco_isic4_i,2019,35.798
svn,sex_t,age_ythadult_yge15,eco_isic4_i,2020,30.477
svn,sex_t,age_ythadult_yge15,eco_isic4_i,2021,24.718
svn,sex_t,age_ythadult_yge15,eco_isic4_i,2022,33.074
svn,sex_t,age_ythadult_yge15,eco_isic4_i,2023,35.455
svn,sex_t,age_ythadult_yge15,eco_isic4_j,2008,26.491
svn,sex_t,age_ythadult_yge15,eco_isic4_j,2009,26.345
svn,sex_t,age_ythadult_yge15,eco_isic4_j,2010,27.934
svn,sex_t,age_ythadult_yge15,eco_isic4_j,2011,26.895
svn,sex_t,age_ythadult_yge15,eco_isic4_j,2012,23.846
svn,sex_t,age_ythadult_yge15,eco_isic4_j,2013,24.992
svn,sex_t,age_ythadult_yge15,eco_isic4_j,2014,25.225
svn,sex_t,age_ythadult_yge15,eco_isic4_j,2015,28.012
svn,sex_t,age_ythadult_yge15,eco_isic4_j,2016,26.494
svn,sex_t,age_ythadult_yge15,eco_isic4_j,2017,27.879
svn,sex_t,age_ythadult_yge15,eco_isic4_j,2018,27.234
svn,sex_t,age_ythadult_yge15,eco_isic4_j,2019,27.927
svn,sex_t,age_ythadult_yge15,eco_isic4_j,2020,33.976
svn,sex_t,age_ythadult_yge15,eco_isic4_j,2021,29.948
svn,sex_t,age_ythadult_yge15,eco_isic4_j,2022,29.028
svn,sex_t,age_ythadult_yge15,eco_isic4_j,2023,25.92
svn,sex_t,age_ythadult_yge15,eco_isic4_k,2008,23.404
svn,sex_t,age_ythadult_yge15,eco_isic4_k,2009,26.221
svn,sex_t,age_ythadult_yge15,eco_isic4_k,2010,24.891
svn,sex_t,age_ythadult_yge15,eco_isic4_k,2011,27.788
svn,sex_t,age_ythadult_yge15,eco_isic4_k,2012,29.762
svn,sex_t,age_ythadult_yge15,eco_isic4_k,2013,24.215
svn,sex_t,age_ythadult_yge15,eco_isic4_k,2014,22.792
svn,sex_t,age_ythadult_yge15,eco_isic4_k,2015,22.59
svn,sex_t,age_ythadult_yge15,eco_isic4_k,2016,21.518
svn,sex_t,age_ythadult_yge15,eco_isic4_k,2017,20.972
svn,sex_t,age_ythadult_yge15,eco_isic4_k,2018,23.331
svn,sex_t,age_ythadult_yge15,eco_isic4_k,2019,24.294
svn,sex_t,age_ythadult_yge15,eco_isic4_k,2020,26.392
svn,sex_t,age_ythadult_yge15,eco_isic4_k,2021,21.743
svn,sex_t,age_ythadult_yge15,eco_isic4_k,2022,21.093
svn,sex_t,age_ythadult_yge15,eco_isic4_k,2023,19.339
svn,sex_t,age_ythadult_yge15,eco_isic4_l,2008,2.134
svn,sex_t,age_ythadult_yge15,eco_isic4_l,2009,1.993
svn,sex_t,age_ythadult_yge15,eco_isic4_l,2010,1.816
svn,sex_t,age_ythadult_yge15,eco_isic4_l,2011,2.626
svn,sex_t,age_ythadult_yge15,eco_isic4_l,2012,2.117
svn,sex_t,age_ythadult_yge15,eco_isic4_l,2013,3.041
svn,sex_t,age_ythadult_yge15,eco_isic4_l,2014,2.666
svn,sex_t,age_ythadult_yge15,eco_isic4_l,2015,1.753
svn,sex_t,age_ythadult_yge15,eco_isic4_l,2016,1.536
svn,sex_t,age_ythadult_yge15,eco_isic4_l,2017,2.517
svn,sex_t,age_ythadult_yge15,eco_isic4_l,2018,2.695
svn,sex_t,age_ythadult_yge15,eco_isic4_l,2019,1.706
svn,sex_t,age_ythadult_yge15,eco_isic4_l,2020,1.942
svn,sex_t,age_ythadult_yge15,eco_isic4_l,2021,4.113
svn,sex_t,age_ythadult_yge15,eco_isic4_l,2022,4.142
svn,sex_t,age_ythadult_yge15,eco_isic4_l,2023,3.09
svn,sex_t,age_ythadult_yge15,eco_isic4_m,2008,31.212
svn,sex_t,age_ythadult_yge15,eco_isic4_m,2009,31.539
svn,sex_t,age_ythadult_yge15,eco_isic4_m,2010,29.007
svn,sex_t,age_ythadult_yge15,eco_isic4_m,2011,28.848
svn,sex_t,age_ythadult_yge15,eco_isic4_m,2012,32.91
svn,sex_t,age_ythadult_yge15,eco_isic4_m,2013,30.451
svn,sex_t,age_ythadult_yge15,eco_isic4_m,2014,29.853
svn,sex_t,age_ythadult_yge15,eco_isic4_m,2015,26.993
svn,sex_t,age_ythadult_yge15,eco_isic4_m,2016,26.962
svn,sex_t,age_ythadult_yge15,eco_isic4_m,2017,30.071
svn,sex_t,age_ythadult_yge15,eco_isic4_m,2018,30.418
svn,sex_t,age_ythadult_yge15,eco_isic4_m,2019,30.369
svn,sex_t,age_ythadult_yge15,eco_isic4_m,2020,34.724
svn,sex_t,age_ythadult_yge15,eco_isic4_m,2021,49.441
svn,sex_t,age_ythadult_yge15,eco_isic4_m,2022,46.469
svn,sex_t,age_ythadult_yge15,eco_isic4_m,2023,43.91
svn,sex_t,age_ythadult_yge15,eco_isic4_n,2008,20.692
svn,sex_t,age_ythadult_yge15,eco_isic4_n,2009,20.831
svn,sex_t,age_ythadult_yge15,eco_isic4_n,2010,19.516
svn,sex_t,age_ythadult_yge15,eco_isic4_n,2011,17.664
svn,sex_t,age_ythadult_yge15,eco_isic4_n,2012,19.898
svn,sex_t,age_ythadult_yge15,eco_isic4_n,2013,18.709
svn,sex_t,age_ythadult_yge15,eco_isic4_n,2014,20.023
svn,sex_t,age_ythadult_yge15,eco_isic4_n,2015,17.379
svn,sex_t,age_ythadult_yge15,eco_isic4_n,2016,20.781
svn,sex_t,age_ythadult_yge15,eco_isic4_n,2017,21.478
svn,sex_t,age_ythadult_yge15,eco_isic4_n,2018,19.79
svn,sex_t,age_ythadult_yge15,eco_isic4_n,2019,20.364
svn,sex_t,age_ythadult_yge15,eco_isic4_n,2020,20.18
svn,sex_t,age_ythadult_yge15,eco_isic4_n,2021,24.393
svn,sex_t,age_ythadult_yge15,eco_isic4_n,2022,26.991
svn,sex_t,age_ythadult_yge15,eco_isic4_n,2023,31.598
svn,sex_t,age_ythadult_yge15,eco_isic4_o,2008,57.05
svn,sex_t,age_ythadult_yge15,eco_isic4_o,2009,60.391
svn,sex_t,age_ythadult_yge15,eco_isic4_o,2010,58.911
svn,sex_t,age_ythadult_yge15,eco_isic4_o,2011,58.267
svn,sex_t,age_ythadult_yge15,eco_isic4_o,2012,60.952
svn,sex_t,age_ythadult_yge15,eco_isic4_o,2013,54.161
svn,sex_t,age_ythadult_yge15,eco_isic4_o,2014,56.894
svn,sex_t,age_ythadult_yge15,eco_isic4_o,2015,55.25
svn,sex_t,age_ythadult_yge15,eco_isic4_o,2016,54.925
svn,sex_t,age_ythadult_yge15,eco_isic4_o,2017,59.242
svn,sex_t,age_ythadult_yge15,eco_isic4_o,2018,58.203
svn,sex_t,age_ythadult_yge15,eco_isic4_o,2019,56.99
svn,sex_t,age_ythadult_yge15,eco_isic4_o,2020,57.171
svn,sex_t,age_ythadult_yge15,eco_isic4_o,2021,61.932
svn,sex_t,age_ythadult_yge15,eco_isic4_o,2022,60.915
svn,sex_t,age_ythadult_yge15,eco_isic4_o,2023,52.601
svn,sex_t,age_ythadult_yge15,eco_isic4_p,2008,73.883
svn,sex_t,age_ythadult_yge15,eco_isic4_p,2009,71.602
svn,sex_t,age_ythadult_yge15,eco_isic4_p,2010,75.109
svn,sex_t,age_ythadult_yge15,eco_isic4_p,2011,76.556
svn,sex_t,age_ythadult_yge15,eco_isic4_p,2012,78.678
svn,sex_t,age_ythadult_yge15,eco_isic4_p,2013,76.604
svn,sex_t,age_ythadult_yge15,eco_isic4_p,2014,74.476
svn,sex_t,age_ythadult_yge15,eco_isic4_p,2015,78.862
svn,sex_t,age_ythadult_yge15,eco_isic4_p,2016,79.647
svn,sex_t,age_ythadult_yge15,eco_isic4_p,2017,81.13
svn,sex_t,age_ythadult_yge15,eco_isic4_p,2018,80.496
svn,sex_t,age_ythadult_yge15,eco_isic4_p,2019,81.46
svn,sex_t,age_ythadult_yge15,eco_isic4_p,2020,87.94
svn,sex_t,age_ythadult_yge15,eco_isic4_p,2021,92.211
svn,sex_t,age_ythadult_yge15,eco_isic4_p,2022,92.868
svn,sex_t,age_ythadult_yge15,eco_isic4_p,2023,82.397
svn,sex_t,age_ythadult_yge15,eco_isic4_q,2008,53.837
svn,sex_t,age_ythadult_yge15,eco_isic4_q,2009,51.724
svn,sex_t,age_ythadult_yge15,eco_isic4_q,2010,53.409
svn,sex_t,age_ythadult_yge15,eco_isic4_q,2011,53.079
svn,sex_t,age_ythadult_yge15,eco_isic4_q,2012,51.65
svn,sex_t,age_ythadult_yge15,eco_isic4_q,2013,53.588
svn,sex_t,age_ythadult_yge15,eco_isic4_q,2014,55.886
svn,sex_t,age_ythadult_yge15,eco_isic4_q,2015,58.253
svn,sex_t,age_ythadult_yge15,eco_isic4_q,2016,64.462
svn,sex_t,age_ythadult_yge15,eco_isic4_q,2017,65.406
svn,sex_t,age_ythadult_yge15,eco_isic4_q,2018,66.133
svn,sex_t,age_ythadult_yge15,eco_isic4_q,2019,67.475
svn,sex_t,age_ythadult_yge15,eco_isic4_q,2020,69.918
svn,sex_t,age_ythadult_yge15,eco_isic4_q,2021,77.645
svn,sex_t,age_ythadult_yge15,eco_isic4_q,2022,77.696
svn,sex_t,age_ythadult_yge15,eco_isic4_q,2023,76.307
svn,sex_t,age_ythadult_yge15,eco_isic4_r,2008,16.082
svn,sex_t,age_ythadult_yge15,eco_isic4_r,2009,15.605
svn,sex_t,age_ythadult_yge15,eco_isic4_r,2010,15.329
svn,sex_t,age_ythadult_yge15,eco_isic4_r,2011,14.925
svn,sex_t,age_ythadult_yge15,eco_isic4_r,2012,14.299
svn,sex_t,age_ythadult_yge15,eco_isic4_r,2013,14.346
svn,sex_t,age_ythadult_yge15,eco_isic4_r,2014,14.144
svn,sex_t,age_ythadult_yge15,eco_isic4_r,2015,14.12
svn,sex_t,age_ythadult_yge15,eco_isic4_r,2016,12
svn,sex_t,age_ythadult_yge15,eco_isic4_r,2017,14.573
svn,sex_t,age_ythadult_yge15,eco_isic4_r,2018,14.886
svn,sex_t,age_ythadult_yge15,eco_isic4_r,2019,16.59
svn,sex_t,age_ythadult_yge15,eco_isic4_r,2020,14.539
svn,sex_t,age_ythadult_yge15,eco_isic4_r,2021,15.44
svn,sex_t,age_ythadult_yge15,eco_isic4_r,2022,16.348
svn,sex_t,age_ythadult_yge15,eco_isic4_r,2023,13.598
svn,sex_t,age_ythadult_yge15,eco_isic4_s,2008,9.894
svn,sex_t,age_ythadult_yge15,eco_isic4_s,2009,10.701
svn,sex_t,age_ythadult_yge15,eco_isic4_s,2010,10.483
svn,sex_t,age_ythadult_yge15,eco_isic4_s,2011,9.115
svn,sex_t,age_ythadult_yge15,eco_isic4_s,2012,8.792
svn,sex_t,age_ythadult_yge15,eco_isic4_s,2013,8.907
svn,sex_t,age_ythadult_yge15,eco_isic4_s,2014,9.444
svn,sex_t,age_ythadult_yge15,eco_isic4_s,2015,8.587
svn,sex_t,age_ythadult_yge15,eco_isic4_s,2016,9.059
svn,sex_t,age_ythadult_yge15,eco_isic4_s,2017,10.171
svn,sex_t,age_ythadult_yge15,eco_isic4_s,2018,9.127
svn,sex_t,age_ythadult_yge15,eco_isic4_s,2019,8.516
svn,sex_t,age_ythadult_yge15,eco_isic4_s,2020,10.619
svn,sex_t,age_ythadult_yge15,eco_isic4_s,2021,15.172
svn,sex_t,age_ythadult_yge15,eco_isic4_s,2022,15.77
svn,sex_t,age_ythadult_yge15,eco_isic4_s,2023,14.191
svn,sex_t,age_ythadult_yge15,eco_isic4_t,2008,0.623
svn,sex_t,age_ythadult_yge15,eco_isic4_t,2010,0.239
svn,sex_t,age_ythadult_yge15,eco_isic4_t,2011,0.419
svn,sex_t,age_ythadult_yge15,eco_isic4_t,2012,0.293
svn,sex_t,age_ythadult_yge15,eco_isic4_t,2013,0.174
svn,sex_t,age_ythadult_yge15,eco_isic4_t,2017,0.106
svn,sex_t,age_ythadult_yge15,eco_isic4_t,2021,0.707
svn,sex_t,age_ythadult_yge15,eco_isic4_t,2022,0.631
svn,sex_t,age_ythadult_yge15,eco_isic4_t,2023,0.854
svn,sex_t,age_ythadult_yge15,eco_isic4_total,2008,855.433
svn,sex_t,age_ythadult_yge15,eco_isic4_total,2009,821.858
svn,sex_t,age_ythadult_yge15,eco_isic4_total,2010,799.32
svn,sex_t,age_ythadult_yge15,eco_isic4_total,2011,778.725
svn,sex_t,age_ythadult_yge15,eco_isic4_total,2012,773.764
svn,sex_t,age_ythadult_yge15,eco_isic4_total,2013,753.003
svn,sex_t,age_ythadult_yge15,eco_isic4_total,2014,746.432
svn,sex_t,age_ythadult_yge15,eco_isic4_total,2015,766.069
svn,sex_t,age_ythadult_yge15,eco_isic4_total,2016,785.129
svn,sex_t,age_ythadult_yge15,eco_isic4_total,2017,819.238
svn,sex_t,age_ythadult_yge15,eco_isic4_total,2018,831.585
svn,sex_t,age_ythadult_yge15,eco_isic4_total,2019,848.288
svn,sex_t,age_ythadult_yge15,eco_isic4_total,2020,855.131
svn,sex_t,age_ythadult_yge15,eco_isic4_total,2021,835.467
svn,sex_t,age_ythadult_yge15,eco_isic4_total,2022,848.402
svn,sex_t,age_ythadult_yge15,eco_isic4_total,2023,848.275
svn,sex_t,age_ythadult_yge15,eco_isic4_u,2008,0.2
svn,sex_t,age_ythadult_yge15,eco_isic4_u,2021,0.408
svn,sex_t,age_ythadult_yge15,eco_isic4_u,2022,0.181
svn,sex_t,age_ythadult_yge15,eco_isic4_u,2023,0.555
svn,sex_t,age_ythadult_yge15,eco_isic4_x,2008,4.375
svn,sex_t,age_ythadult_yge15,eco_isic4_x,2009,4.907
svn,sex_t,age_ythadult_yge15,eco_isic4_x,2010,3.428
svn,sex_t,age_ythadult_yge15,eco_isic4_x,2011,4.357
svn,sex_t,age_ythadult_yge15,eco_isic4_x,2012,4.485
svn,sex_t,age_ythadult_yge15,eco_isic4_x,2013,4.203
svn,sex_t,age_ythadult_yge15,eco_isic4_x,2014,4.914
svn,sex_t,age_ythadult_yge15,eco_isic4_x,2015,9.51
svn,sex_t,age_ythadult_yge15,eco_isic4_x,2016,6.179
svn,sex_t,age_ythadult_yge15,eco_isic4_x,2017,4.807
svn,sex_t,age_ythadult_yge15,eco_isic4_x,2018,5.348
svn,sex_t,age_ythadult_yge15,eco_isic4_x,2019,4.44
svn,sex_t,age_ythadult_yge15,eco_isic4_x,2020,3.736
svn,sex_t,age_ythadult_yge15,eco_isic4_x,2021,4.416
svn,sex_t,age_ythadult_yge15,eco_isic4_x,2022,3.559
svn,sex_t,age_ythadult_yge15,eco_isic4_x,2023,3.795
svn,sex_t,age_ythadult_yge15,eco_sector_agr,1996,13.802
svn,sex_t,age_ythadult_yge15,eco_sector_agr,1997,12.999
svn,sex_t,age_ythadult_yge15,eco_sector_agr,1998,10.129
svn,sex_t,age_ythadult_yge15,eco_sector_agr,1999,8.61
svn,sex_t,age_ythadult_yge15,eco_sector_agr,2000,9.722
svn,sex_t,age_ythadult_yge15,eco_sector_agr,2001,8.797
svn,sex_t,age_ythadult_yge15,eco_sector_agr,2002,11.536
svn,sex_t,age_ythadult_yge15,eco_sector_agr,2003,10.506
svn,sex_t,age_ythadult_yge15,eco_sector_agr,2004,13.859
svn,sex_t,age_ythadult_yge15,eco_sector_agr,2005,10.525
svn,sex_t,age_ythadult_yge15,eco_sector_agr,2006,11.253
svn,sex_t,age_ythadult_yge15,eco_sector_agr,2007,13.781
svn,sex_t,age_ythadult_yge15,eco_sector_agr,2008,12.867
svn,sex_t,age_ythadult_yge15,eco_sector_agr,2009,10.448
svn,sex_t,age_ythadult_yge15,eco_sector_agr,2010,9.407
svn,sex_t,age_ythadult_yge15,eco_sector_agr,2011,9.822
svn,sex_t,age_ythadult_yge15,eco_sector_agr,2012,9.988
svn,sex_t,age_ythadult_yge15,eco_sector_agr,2013,8.743
svn,sex_t,age_ythadult_yge15,eco_sector_agr,2014,8.737
svn,sex_t,age_ythadult_yge15,eco_sector_agr,2015,8.699
svn,sex_t,age_ythadult_yge15,eco_sector_agr,2016,7.761
svn,sex_t,age_ythadult_yge15,eco_sector_agr,2017,9.126
svn,sex_t,age_ythadult_yge15,eco_sector_agr,2018,8.184
svn,sex_t,age_ythadult_yge15,eco_sector_agr,2019,7.428
svn,sex_t,age_ythadult_yge15,eco_sector_agr,2020,7.388
svn,sex_t,age_ythadult_yge15,eco_sector_agr,2021,6.534
svn,sex_t,age_ythadult_yge15,eco_sector_agr,2022,6.819
svn,sex_t,age_ythadult_yge15,eco_sector_agr,2023,6.8
svn,sex_t,age_ythadult_yge15,eco_sector_ind,1996,339.268
svn,sex_t,age_ythadult_yge15,eco_sector_ind,1997,336.827
svn,sex_t,age_ythadult_yge15,eco_sector_ind,1998,328.92
svn,sex_t,age_ythadult_yge15,eco_sector_ind,1999,308.426
svn,sex_t,age_ythadult_yge15,eco_sector_ind,2000,310.566
svn,sex_t,age_ythadult_yge15,eco_sector_ind,2001,321.785
svn,sex_t,age_ythadult_yge15,eco_sector_ind,2002,326.977
svn,sex_t,age_ythadult_yge15,eco_sector_ind,2003,310.142
svn,sex_t,age_ythadult_yge15,eco_sector_ind,2004,314.466
svn,sex_t,age_ythadult_yge15,eco_sector_ind,2005,324.085
svn,sex_t,age_ythadult_yge15,eco_sector_ind,2006,311.571
svn,sex_t,age_ythadult_yge15,eco_sector_ind,2007,315.851
svn,sex_t,age_ythadult_yge15,eco_sector_ind,2008,324.839
svn,sex_t,age_ythadult_yge15,eco_sector_ind,2009,295.724
svn,sex_t,age_ythadult_yge15,eco_sector_ind,2010,283.165
svn,sex_t,age_ythadult_yge15,eco_sector_ind,2011,267.091
svn,sex_t,age_ythadult_yge15,eco_sector_ind,2012,258.161
svn,sex_t,age_ythadult_yge15,eco_sector_ind,2013,255.004
svn,sex_t,age_ythadult_yge15,eco_sector_ind,2014,254.926
svn,sex_t,age_ythadult_yge15,eco_sector_ind,2015,261.699
svn,sex_t,age_ythadult_yge15,eco_sector_ind,2016,273.958
svn,sex_t,age_ythadult_yge15,eco_sector_ind,2017,290.441
svn,sex_t,age_ythadult_yge15,eco_sector_ind,2018,295.722
svn,sex_t,age_ythadult_yge15,eco_sector_ind,2019,305.48
svn,sex_t,age_ythadult_yge15,eco_sector_ind,2020,304.903
svn,sex_t,age_ythadult_yge15,eco_sector_ind,2021,262.611
svn,sex_t,age_ythadult_yge15,eco_sector_ind,2022,268.935
svn,sex_t,age_ythadult_yge15,eco_sector_ind,2023,285.891
svn,sex_t,age_ythadult_yge15,eco_sector_nag,1996,710.178
svn,sex_t,age_ythadult_yge15,eco_sector_nag,1997,713.139
svn,sex_t,age_ythadult_yge15,eco_sector_nag,1998,720.612
svn,sex_t,age_ythadult_yge15,eco_sector_nag,1999,716.04
svn,sex_t,age_ythadult_yge15,eco_sector_nag,2000,740.373
svn,sex_t,age_ythadult_yge15,eco_sector_nag,2001,749.135
svn,sex_t,age_ythadult_yge15,eco_sector_nag,2002,760.968
svn,sex_t,age_ythadult_yge15,eco_sector_nag,2003,760.324
svn,sex_t,age_ythadult_yge15,eco_sector_nag,2004,784.214
svn,sex_t,age_ythadult_yge15,eco_sector_nag,2005,795.009
svn,sex_t,age_ythadult_yge15,eco_sector_nag,2006,794.257
svn,sex_t,age_ythadult_yge15,eco_sector_nag,2007,814.872
svn,sex_t,age_ythadult_yge15,eco_sector_nag,2008,842.566
svn,sex_t,age_ythadult_yge15,eco_sector_nag,2009,811.411
svn,sex_t,age_ythadult_yge15,eco_sector_nag,2010,789.914
svn,sex_t,age_ythadult_yge15,eco_sector_nag,2011,768.903
svn,sex_t,age_ythadult_yge15,eco_sector_nag,2012,763.776
svn,sex_t,age_ythadult_yge15,eco_sector_nag,2013,744.26
svn,sex_t,age_ythadult_yge15,eco_sector_nag,2014,737.695
svn,sex_t,age_ythadult_yge15,eco_sector_nag,2015,757.37
svn,sex_t,age_ythadult_yge15,eco_sector_nag,2016,777.367
svn,sex_t,age_ythadult_yge15,eco_sector_nag,2017,810.112
svn,sex_t,age_ythadult_yge15,eco_sector_nag,2018,823.401
svn,sex_t,age_ythadult_yge15,eco_sector_nag,2019,840.86
svn,sex_t,age_ythadult_yge15,eco_sector_nag,2020,847.743
svn,sex_t,age_ythadult_yge15,eco_sector_nag,2021,828.932
svn,sex_t,age_ythadult_yge15,eco_sector_nag,2022,841.583
svn,sex_t,age_ythadult_yge15,eco_sector_nag,2023,841.475
svn,sex_t,age_ythadult_yge15,eco_sector_ser,1996,369.848
svn,sex_t,age_ythadult_yge15,eco_sector_ser,1997,374.439
svn,sex_t,age_ythadult_yge15,eco_sector_ser,1998,387.838
svn,sex_t,age_ythadult_yge15,eco_sector_ser,1999,404.924
svn,sex_t,age_ythadult_yge15,eco_sector_ser,2000,425.022
svn,sex_t,age_ythadult_yge15,eco_sector_ser,2001,419.139
svn,sex_t,age_ythadult_yge15,eco_sector_ser,2002,428.314
svn,sex_t,age_ythadult_yge15,eco_sector_ser,2003,444.79
svn,sex_t,age_ythadult_yge15,eco_sector_ser,2004,460.088
svn,sex_t,age_ythadult_yge15,eco_sector_ser,2005,466.875
svn,sex_t,age_ythadult_yge15,eco_sector_ser,2006,478.764
svn,sex_t,age_ythadult_yge15,eco_sector_ser,2007,490.183
svn,sex_t,age_ythadult_yge15,eco_sector_ser,2008,513.352
svn,sex_t,age_ythadult_yge15,eco_sector_ser,2009,510.78
svn,sex_t,age_ythadult_yge15,eco_sector_ser,2010,503.32
svn,sex_t,age_ythadult_yge15,eco_sector_ser,2011,497.455
svn,sex_t,age_ythadult_yge15,eco_sector_ser,2012,501.13
svn,sex_t,age_ythadult_yge15,eco_sector_ser,2013,485.052
svn,sex_t,age_ythadult_yge15,eco_sector_ser,2014,477.855
svn,sex_t,age_ythadult_yge15,eco_sector_ser,2015,486.16
svn,sex_t,age_ythadult_yge15,eco_sector_ser,2016,497.23
svn,sex_t,age_ythadult_yge15,eco_sector_ser,2017,514.864
svn,sex_t,age_ythadult_yge15,eco_sector_ser,2018,522.331
svn,sex_t,age_ythadult_yge15,eco_sector_ser,2019,530.941
svn,sex_t,age_ythadult_yge15,eco_sector_ser,2020,539.104
svn,sex_t,age_ythadult_yge15,eco_sector_ser,2021,561.905
svn,sex_t,age_ythadult_yge15,eco_sector_ser,2022,569.09
svn,sex_t,age_ythadult_yge15,eco_sector_ser,2023,551.789
svn,sex_t,age_ythadult_yge15,eco_sector_total,1996,723.98
svn,sex_t,age_ythadult_yge15,eco_sector_total,1997,726.138
svn,sex_t,age_ythadult_yge15,eco_sector_total,1998,730.741
svn,sex_t,age_ythadult_yge15,eco_sector_total,1999,724.65
svn,sex_t,age_ythadult_yge15,eco_sector_total,2000,750.094
svn,sex_t,age_ythadult_yge15,eco_sector_total,2001,757.931
svn,sex_t,age_ythadult_yge15,eco_sector_total,2002,772.503
svn,sex_t,age_ythadult_yge15,eco_sector_total,2003,770.83
svn,sex_t,age_ythadult_yge15,eco_sector_total,2004,798.073
svn,sex_t,age_ythadult_yge15,eco_sector_total,2005,805.534
svn,sex_t,age_ythadult_yge15,eco_sector_total,2006,805.51
svn,sex_t,age_ythadult_yge15,eco_sector_total,2007,828.653
svn,sex_t,age_ythadult_yge15,eco_sector_total,2008,855.433
svn,sex_t,age_ythadult_yge15,eco_sector_total,2009,821.858
svn,sex_t,age_ythadult_yge15,eco_sector_total,2010,799.32
svn,sex_t,age_ythadult_yge15,eco_sector_total,2011,778.725
svn,sex_t,age_ythadult_yge15,eco_sector_total,2012,773.764
svn,sex_t,age_ythadult_yge15,eco_sector_total,2013,753.003
svn,sex_t,age_ythadult_yge15,eco_sector_total,2014,746.432
svn,sex_t,age_ythadult_yge15,eco_sector_total,2015,766.069
svn,sex_t,age_ythadult_yge15,eco_sector_total,2016,785.129
svn,sex_t,age_ythadult_yge15,eco_sector_total,2017,819.238
svn,sex_t,age_ythadult_yge15,eco_sector_total,2018,831.585
svn,sex_t,age_ythadult_yge15,eco_sector_total,2019,848.288
svn,sex_t,age_ythadult_yge15,eco_sector_total,2020,855.131
svn,sex_t,age_ythadult_yge15,eco_sector_total,2021,835.467
svn,sex_t,age_ythadult_yge15,eco_sector_total,2022,848.402
svn,sex_t,age_ythadult_yge15,eco_sector_total,2023,848.275
svn,sex_t,age_ythadult_yge15,eco_sector_x,1996,1.062
svn,sex_t,age_ythadult_yge15,eco_sector_x,1997,1.874
svn,sex_t,age_ythadult_yge15,eco_sector_x,1998,3.854
svn,sex_t,age_ythadult_yge15,eco_sector_x,1999,2.69
svn,sex_t,age_ythadult_yge15,eco_sector_x,2000,4.785
svn,sex_t,age_ythadult_yge15,eco_sector_x,2001,8.212
svn,sex_t,age_ythadult_yge15,eco_sector_x,2002,5.677
svn,sex_t,age_ythadult_yge15,eco_sector_x,2003,5.392
svn,sex_t,age_ythadult_yge15,eco_sector_x,2004,9.661
svn,sex_t,age_ythadult_yge15,eco_sector_x,2005,4.049
svn,sex_t,age_ythadult_yge15,eco_sector_x,2006,3.921
svn,sex_t,age_ythadult_yge15,eco_sector_x,2007,8.838
svn,sex_t,age_ythadult_yge15,eco_sector_x,2008,4.375
svn,sex_t,age_ythadult_yge15,eco_sector_x,2009,4.907
svn,sex_t,age_ythadult_yge15,eco_sector_x,2010,3.428
svn,sex_t,age_ythadult_yge15,eco_sector_x,2011,4.357
svn,sex_t,age_ythadult_yge15,eco_sector_x,2012,4.485
svn,sex_t,age_ythadult_yge15,eco_sector_x,2013,4.203
svn,sex_t,age_ythadult_yge15,eco_sector_x,2014,4.914
svn,sex_t,age_ythadult_yge15,eco_sector_x,2015,9.51
svn,sex_t,age_ythadult_yge15,eco_sector_x,2016,6.179
svn,sex_t,age_ythadult_yge15,eco_sector_x,2017,4.807
svn,sex_t,age_ythadult_yge15,eco_sector_x,2018,5.348
svn,sex_t,age_ythadult_yge15,eco_sector_x,2019,4.44
svn,sex_t,age_ythadult_yge15,eco_sector_x,2020,3.736
svn,sex_t,age_ythadult_yge15,eco_sector_x,2021,4.416
svn,sex_t,age_ythadult_yge15,eco_sector_x,2022,3.559
svn,sex_t,age_ythadult_yge15,eco_sector_x,2023,3.795
svn,sex_t,age_ythadult_yge25,eco_aggregate_agr,1996,11.9
svn,sex_t,age_ythadult_yge25,eco_aggregate_agr,1997,11.299
svn,sex_t,age_ythadult_yge25,eco_aggregate_agr,1998,8.662
svn,sex_t,age_ythadult_yge25,eco_aggregate_agr,1999,7.67
svn,sex_t,age_ythadult_yge25,eco_aggregate_agr,2000,9.121
svn,sex_t,age_ythadult_yge25,eco_aggregate_agr,2001,8.027
svn,sex_t,age_ythadult_yge25,eco_aggregate_agr,2002,10.625
svn,sex_t,age_ythadult_yge25,eco_aggregate_agr,2003,9.879
svn,sex_t,age_ythadult_yge25,eco_aggregate_agr,2004,12.293
svn,sex_t,age_ythadult_yge25,eco_aggregate_agr,2005,9.862
svn,sex_t,age_ythadult_yge25,eco_aggregate_agr,2006,10.177
svn,sex_t,age_ythadult_yge25,eco_aggregate_agr,2007,12.561
svn,sex_t,age_ythadult_yge25,eco_aggregate_agr,2008,11.789
svn,sex_t,age_ythadult_yge25,eco_aggregate_agr,2009,9.383
svn,sex_t,age_ythadult_yge25,eco_aggregate_agr,2010,8.69
svn,sex_t,age_ythadult_yge25,eco_aggregate_agr,2011,9.173
svn,sex_t,age_ythadult_yge25,eco_aggregate_agr,2012,9.396
svn,sex_t,age_ythadult_yge25,eco_aggregate_agr,2013,7.97
svn,sex_t,age_ythadult_yge25,eco_aggregate_agr,2014,8.076
svn,sex_t,age_ythadult_yge25,eco_aggregate_agr,2015,8.091
svn,sex_t,age_ythadult_yge25,eco_aggregate_agr,2016,7.5
svn,sex_t,age_ythadult_yge25,eco_aggregate_agr,2017,8.715
svn,sex_t,age_ythadult_yge25,eco_aggregate_agr,2018,7.728
svn,sex_t,age_ythadult_yge25,eco_aggregate_agr,2019,6.655
svn,sex_t,age_ythadult_yge25,eco_aggregate_agr,2020,6.848
svn,sex_t,age_ythadult_yge25,eco_aggregate_agr,2021,6.171
svn,sex_t,age_ythadult_yge25,eco_aggregate_agr,2022,6.622
svn,sex_t,age_ythadult_yge25,eco_aggregate_agr,2023,6.43
svn,sex_t,age_ythadult_yge25,eco_aggregate_con,1996,32.667
svn,sex_t,age_ythadult_yge25,eco_aggregate_con,1997,38.472
svn,sex_t,age_ythadult_yge25,eco_aggregate_con,1998,35.487
svn,sex_t,age_ythadult_yge25,eco_aggregate_con,1999,30.872
svn,sex_t,age_ythadult_yge25,eco_aggregate_con,2000,34.605
svn,sex_t,age_ythadult_yge25,eco_aggregate_con,2001,40.033
svn,sex_t,age_ythadult_yge25,eco_aggregate_con,2002,38.316
svn,sex_t,age_ythadult_yge25,eco_aggregate_con,2003,39.949
svn,sex_t,age_ythadult_yge25,eco_aggregate_con,2004,39.8
svn,sex_t,age_ythadult_yge25,eco_aggregate_con,2005,42.513
svn,sex_t,age_ythadult_yge25,eco_aggregate_con,2006,39.761
svn,sex_t,age_ythadult_yge25,eco_aggregate_con,2007,41.189
svn,sex_t,age_ythadult_yge25,eco_aggregate_con,2008,47.964
svn,sex_t,age_ythadult_yge25,eco_aggregate_con,2009,43.929
svn,sex_t,age_ythadult_yge25,eco_aggregate_con,2010,40.992
svn,sex_t,age_ythadult_yge25,eco_aggregate_con,2011,37.967
svn,sex_t,age_ythadult_yge25,eco_aggregate_con,2012,38.249
svn,sex_t,age_ythadult_yge25,eco_aggregate_con,2013,38.745
svn,sex_t,age_ythadult_yge25,eco_aggregate_con,2014,36.92
svn,sex_t,age_ythadult_yge25,eco_aggregate_con,2015,37.164
svn,sex_t,age_ythadult_yge25,eco_aggregate_con,2016,36.595
svn,sex_t,age_ythadult_yge25,eco_aggregate_con,2017,40.117
svn,sex_t,age_ythadult_yge25,eco_aggregate_con,2018,39.076
svn,sex_t,age_ythadult_yge25,eco_aggregate_con,2019,39.915
svn,sex_t,age_ythadult_yge25,eco_aggregate_con,2020,42.505
svn,sex_t,age_ythadult_yge25,eco_aggregate_con,2021,36.536
svn,sex_t,age_ythadult_yge25,eco_aggregate_con,2022,38.176
svn,sex_t,age_ythadult_yge25,eco_aggregate_con,2023,44.884
svn,sex_t,age_ythadult_yge25,eco_aggregate_man,1996,240.838
svn,sex_t,age_ythadult_yge25,eco_aggregate_man,1997,238.637
svn,sex_t,age_ythadult_yge25,eco_aggregate_man,1998,237.919
svn,sex_t,age_ythadult_yge25,eco_aggregate_man,1999,227.91
svn,sex_t,age_ythadult_yge25,eco_aggregate_man,2000,227.477
svn,sex_t,age_ythadult_yge25,eco_aggregate_man,2001,232.078
svn,sex_t,age_ythadult_yge25,eco_aggregate_man,2002,241.24
svn,sex_t,age_ythadult_yge25,eco_aggregate_man,2003,229.164
svn,sex_t,age_ythadult_yge25,eco_aggregate_man,2004,231.363
svn,sex_t,age_ythadult_yge25,eco_aggregate_man,2005,236.496
svn,sex_t,age_ythadult_yge25,eco_aggregate_man,2006,225.901
svn,sex_t,age_ythadult_yge25,eco_aggregate_man,2007,227.46
svn,sex_t,age_ythadult_yge25,eco_aggregate_man,2008,226.761
svn,sex_t,age_ythadult_yge25,eco_aggregate_man,2009,208.894
svn,sex_t,age_ythadult_yge25,eco_aggregate_man,2010,201.803
svn,sex_t,age_ythadult_yge25,eco_aggregate_man,2011,187.271
svn,sex_t,age_ythadult_yge25,eco_aggregate_man,2012,180.792
svn,sex_t,age_ythadult_yge25,eco_aggregate_man,2013,178.389
svn,sex_t,age_ythadult_yge25,eco_aggregate_man,2014,180.2
svn,sex_t,age_ythadult_yge25,eco_aggregate_man,2015,185.939
svn,sex_t,age_ythadult_yge25,eco_aggregate_man,2016,200.293
svn,sex_t,age_ythadult_yge25,eco_aggregate_man,2017,208.086
svn,sex_t,age_ythadult_yge25,eco_aggregate_man,2018,211.056
svn,sex_t,age_ythadult_yge25,eco_aggregate_man,2019,222.321
svn,sex_t,age_ythadult_yge25,eco_aggregate_man,2020,222.022
svn,sex_t,age_ythadult_yge25,eco_aggregate_man,2021,186.434
svn,sex_t,age_ythadult_yge25,eco_aggregate_man,2022,189.804
svn,sex_t,age_ythadult_yge25,eco_aggregate_man,2023,194.944
svn,sex_t,age_ythadult_yge25,eco_aggregate_mel,1996,20.209
svn,sex_t,age_ythadult_yge25,eco_aggregate_mel,1997,18.115
svn,sex_t,age_ythadult_yge25,eco_aggregate_mel,1998,15.442
svn,sex_t,age_ythadult_yge25,eco_aggregate_mel,1999,13.524
svn,sex_t,age_ythadult_yge25,eco_aggregate_mel,2000,16.594
svn,sex_t,age_ythadult_yge25,eco_aggregate_mel,2001,16.456
svn,sex_t,age_ythadult_yge25,eco_aggregate_mel,2002,14.138
svn,sex_t,age_ythadult_yge25,eco_aggregate_mel,2003,13.848
svn,sex_t,age_ythadult_yge25,eco_aggregate_mel,2004,14.856
svn,sex_t,age_ythadult_yge25,eco_aggregate_mel,2005,14.627
svn,sex_t,age_ythadult_yge25,eco_aggregate_mel,2006,14.885
svn,sex_t,age_ythadult_yge25,eco_aggregate_mel,2007,14.455
svn,sex_t,age_ythadult_yge25,eco_aggregate_mel,2008,20.335
svn,sex_t,age_ythadult_yge25,eco_aggregate_mel,2009,20.788
svn,sex_t,age_ythadult_yge25,eco_aggregate_mel,2010,20.348
svn,sex_t,age_ythadult_yge25,eco_aggregate_mel,2011,22.832
svn,sex_t,age_ythadult_yge25,eco_aggregate_mel,2012,21.936
svn,sex_t,age_ythadult_yge25,eco_aggregate_mel,2013,21.441
svn,sex_t,age_ythadult_yge25,eco_aggregate_mel,2014,22.432
svn,sex_t,age_ythadult_yge25,eco_aggregate_mel,2015,21.428
svn,sex_t,age_ythadult_yge25,eco_aggregate_mel,2016,19.519
svn,sex_t,age_ythadult_yge25,eco_aggregate_mel,2017,20.094
svn,sex_t,age_ythadult_yge25,eco_aggregate_mel,2018,23.648
svn,sex_t,age_ythadult_yge25,eco_aggregate_mel,2019,23.302
svn,sex_t,age_ythadult_yge25,eco_aggregate_mel,2020,23.922
svn,sex_t,age_ythadult_yge25,eco_aggregate_mel,2021,22.126
svn,sex_t,age_ythadult_yge25,eco_aggregate_mel,2022,23.595
svn,sex_t,age_ythadult_yge25,eco_aggregate_mel,2023,24.816
svn,sex_t,age_ythadult_yge25,eco_aggregate_mkt,1996,167.784
svn,sex_t,age_ythadult_yge25,eco_aggregate_mkt,1997,174.19
svn,sex_t,age_ythadult_yge25,eco_aggregate_mkt,1998,184.523
svn,sex_t,age_ythadult_yge25,eco_aggregate_mkt,1999,187.546
svn,sex_t,age_ythadult_yge25,eco_aggregate_mkt,2000,206.039
svn,sex_t,age_ythadult_yge25,eco_aggregate_mkt,2001,205.686
svn,sex_t,age_ythadult_yge25,eco_aggregate_mkt,2002,205.994
svn,sex_t,age_ythadult_yge25,eco_aggregate_mkt,2003,224.17
svn,sex_t,age_ythadult_yge25,eco_aggregate_mkt,2004,220.27
svn,sex_t,age_ythadult_yge25,eco_aggregate_mkt,2005,223.95
svn,sex_t,age_ythadult_yge25,eco_aggregate_mkt,2006,226.667
svn,sex_t,age_ythadult_yge25,eco_aggregate_mkt,2007,236.9
svn,sex_t,age_ythadult_yge25,eco_aggregate_mkt,2008,260.664
svn,sex_t,age_ythadult_yge25,eco_aggregate_mkt,2009,262.849
svn,sex_t,age_ythadult_yge25,eco_aggregate_mkt,2010,255.821
svn,sex_t,age_ythadult_yge25,eco_aggregate_mkt,2011,256.047
svn,sex_t,age_ythadult_yge25,eco_aggregate_mkt,2012,263.677
svn,sex_t,age_ythadult_yge25,eco_aggregate_mkt,2013,256.661
svn,sex_t,age_ythadult_yge25,eco_aggregate_mkt,2014,245.819
svn,sex_t,age_ythadult_yge25,eco_aggregate_mkt,2015,247.874
svn,sex_t,age_ythadult_yge25,eco_aggregate_mkt,2016,252.682
svn,sex_t,age_ythadult_yge25,eco_aggregate_mkt,2017,258.125
svn,sex_t,age_ythadult_yge25,eco_aggregate_mkt,2018,265.05
svn,sex_t,age_ythadult_yge25,eco_aggregate_mkt,2019,270.383
svn,sex_t,age_ythadult_yge25,eco_aggregate_mkt,2020,276.404
svn,sex_t,age_ythadult_yge25,eco_aggregate_mkt,2021,274.686
svn,sex_t,age_ythadult_yge25,eco_aggregate_mkt,2022,277.342
svn,sex_t,age_ythadult_yge25,eco_aggregate_mkt,2023,283.507
svn,sex_t,age_ythadult_yge25,eco_aggregate_pub,1996,146.717
svn,sex_t,age_ythadult_yge25,eco_aggregate_pub,1997,139.178
svn,sex_t,age_ythadult_yge25,eco_aggregate_pub,1998,152.991
svn,sex_t,age_ythadult_yge25,eco_aggregate_pub,1999,168.044
svn,sex_t,age_ythadult_yge25,eco_aggregate_pub,2000,172.337
svn,sex_t,age_ythadult_yge25,eco_aggregate_pub,2001,171.133
svn,sex_t,age_ythadult_yge25,eco_aggregate_pub,2002,175.614
svn,sex_t,age_ythadult_yge25,eco_aggregate_pub,2003,175.426
svn,sex_t,age_ythadult_yge25,eco_aggregate_pub,2004,188.972
svn,sex_t,age_ythadult_yge25,eco_aggregate_pub,2005,195.526
svn,sex_t,age_ythadult_yge25,eco_aggregate_pub,2006,204.626
svn,sex_t,age_ythadult_yge25,eco_aggregate_pub,2007,203.919
svn,sex_t,age_ythadult_yge25,eco_aggregate_pub,2008,197.007
svn,sex_t,age_ythadult_yge25,eco_aggregate_pub,2009,196.837
svn,sex_t,age_ythadult_yge25,eco_aggregate_pub,2010,200.612
svn,sex_t,age_ythadult_yge25,eco_aggregate_pub,2011,199.662
svn,sex_t,age_ythadult_yge25,eco_aggregate_pub,2012,203.906
svn,sex_t,age_ythadult_yge25,eco_aggregate_pub,2013,199.56
svn,sex_t,age_ythadult_yge25,eco_aggregate_pub,2014,203.732
svn,sex_t,age_ythadult_yge25,eco_aggregate_pub,2015,206.769
svn,sex_t,age_ythadult_yge25,eco_aggregate_pub,2016,210.784
svn,sex_t,age_ythadult_yge25,eco_aggregate_pub,2017,219.438
svn,sex_t,age_ythadult_yge25,eco_aggregate_pub,2018,217.863
svn,sex_t,age_ythadult_yge25,eco_aggregate_pub,2019,221.808
svn,sex_t,age_ythadult_yge25,eco_aggregate_pub,2020,230.523
svn,sex_t,age_ythadult_yge25,eco_aggregate_pub,2021,249.313
svn,sex_t,age_ythadult_yge25,eco_aggregate_pub,2022,249.596
svn,sex_t,age_ythadult_yge25,eco_aggregate_pub,2023,227.821
svn,sex_t,age_ythadult_yge25,eco_aggregate_total,1996,620.845
svn,sex_t,age_ythadult_yge25,eco_aggregate_total,1997,621.459
svn,sex_t,age_ythadult_yge25,eco_aggregate_total,1998,637.823
svn,sex_t,age_ythadult_yge25,eco_aggregate_total,1999,637.854
svn,sex_t,age_ythadult_yge25,eco_aggregate_total,2000,669.899
svn,sex_t,age_ythadult_yge25,eco_aggregate_total,2001,680.099
svn,sex_t,age_ythadult_yge25,eco_aggregate_total,2002,690.343
svn,sex_t,age_ythadult_yge25,eco_aggregate_total,2003,696.229
svn,sex_t,age_ythadult_yge25,eco_aggregate_total,2004,714.725
svn,sex_t,age_ythadult_yge25,eco_aggregate_total,2005,725.882
svn,sex_t,age_ythadult_yge25,eco_aggregate_total,2006,724.957
svn,sex_t,age_ythadult_yge25,eco_aggregate_total,2007,743.075
svn,sex_t,age_ythadult_yge25,eco_aggregate_total,2008,767.61
svn,sex_t,age_ythadult_yge25,eco_aggregate_total,2009,746.3
svn,sex_t,age_ythadult_yge25,eco_aggregate_total,2010,730.738
svn,sex_t,age_ythadult_yge25,eco_aggregate_total,2011,716.423
svn,sex_t,age_ythadult_yge25,eco_aggregate_total,2012,721.859
svn,sex_t,age_ythadult_yge25,eco_aggregate_total,2013,706.441
svn,sex_t,age_ythadult_yge25,eco_aggregate_total,2014,701.386
svn,sex_t,age_ythadult_yge25,eco_aggregate_total,2015,715.48
svn,sex_t,age_ythadult_yge25,eco_aggregate_total,2016,732.564
svn,sex_t,age_ythadult_yge25,eco_aggregate_total,2017,758.454
svn,sex_t,age_ythadult_yge25,eco_aggregate_total,2018,768.588
svn,sex_t,age_ythadult_yge25,eco_aggregate_total,2019,788.1
svn,sex_t,age_ythadult_yge25,eco_aggregate_total,2020,805.384
svn,sex_t,age_ythadult_yge25,eco_aggregate_total,2021,778.928
svn,sex_t,age_ythadult_yge25,eco_aggregate_total,2022,788.208
svn,sex_t,age_ythadult_yge25,eco_aggregate_total,2023,785.57
svn,sex_t,age_ythadult_yge25,eco_aggregate_x,1996,0.731
svn,sex_t,age_ythadult_yge25,eco_aggregate_x,1997,1.568
svn,sex_t,age_ythadult_yge25,eco_aggregate_x,1998,2.799
svn,sex_t,age_ythadult_yge25,eco_aggregate_x,1999,2.288
svn,sex_t,age_ythadult_yge25,eco_aggregate_x,2000,3.725
svn,sex_t,age_ythadult_yge25,eco_aggregate_x,2001,6.688
svn,sex_t,age_ythadult_yge25,eco_aggregate_x,2002,4.416
svn,sex_t,age_ythadult_yge25,eco_aggregate_x,2003,3.792
svn,sex_t,age_ythadult_yge25,eco_aggregate_x,2004,7.171
svn,sex_t,age_ythadult_yge25,eco_aggregate_x,2005,2.908
svn,sex_t,age_ythadult_yge25,eco_aggregate_x,2006,2.94
svn,sex_t,age_ythadult_yge25,eco_aggregate_x,2007,6.591
svn,sex_t,age_ythadult_yge25,eco_aggregate_x,2008,3.09
svn,sex_t,age_ythadult_yge25,eco_aggregate_x,2009,3.619
svn,sex_t,age_ythadult_yge25,eco_aggregate_x,2010,2.472
svn,sex_t,age_ythadult_yge25,eco_aggregate_x,2011,3.471
svn,sex_t,age_ythadult_yge25,eco_aggregate_x,2012,3.902
svn,sex_t,age_ythadult_yge25,eco_aggregate_x,2013,3.676
svn,sex_t,age_ythadult_yge25,eco_aggregate_x,2014,4.208
svn,sex_t,age_ythadult_yge25,eco_aggregate_x,2015,8.216
svn,sex_t,age_ythadult_yge25,eco_aggregate_x,2016,5.191
svn,sex_t,age_ythadult_yge25,eco_aggregate_x,2017,3.878
svn,sex_t,age_ythadult_yge25,eco_aggregate_x,2018,4.166
svn,sex_t,age_ythadult_yge25,eco_aggregate_x,2019,3.716
svn,sex_t,age_ythadult_yge25,eco_aggregate_x,2020,3.159
svn,sex_t,age_ythadult_yge25,eco_aggregate_x,2021,3.662
svn,sex_t,age_ythadult_yge25,eco_aggregate_x,2022,3.073
svn,sex_t,age_ythadult_yge25,eco_aggregate_x,2023,3.167
svn,sex_t,age_ythadult_yge25,eco_isic3_a,1996,11.847
svn,sex_t,age_ythadult_yge25,eco_isic3_a,1997,11.12
svn,sex_t,age_ythadult_yge25,eco_isic3_a,1998,8.467
svn,sex_t,age_ythadult_yge25,eco_isic3_a,1999,7.211
svn,sex_t,age_ythadult_yge25,eco_isic3_a,2000,9.064
svn,sex_t,age_ythadult_yge25,eco_isic3_a,2001,8.027
svn,sex_t,age_ythadult_yge25,eco_isic3_a,2002,10.559
svn,sex_t,age_ythadult_yge25,eco_isic3_a,2003,9.728
svn,sex_t,age_ythadult_yge25,eco_isic3_a,2004,11.964
svn,sex_t,age_ythadult_yge25,eco_isic3_a,2005,9.712
svn,sex_t,age_ythadult_yge25,eco_isic3_a,2006,10.076
svn,sex_t,age_ythadult_yge25,eco_isic3_a,2007,12.261
svn,sex_t,age_ythadult_yge25,eco_isic3_b,1999,0.458
svn,sex_t,age_ythadult_yge25,eco_isic3_b,2005,0.15
svn,sex_t,age_ythadult_yge25,eco_isic3_b,2006,0.101
svn,sex_t,age_ythadult_yge25,eco_isic3_b,2007,0.3
svn,sex_t,age_ythadult_yge25,eco_isic3_c,1996,8.629
svn,sex_t,age_ythadult_yge25,eco_isic3_c,1997,6.334
svn,sex_t,age_ythadult_yge25,eco_isic3_c,1998,7.393
svn,sex_t,age_ythadult_yge25,eco_isic3_c,1999,6.049
svn,sex_t,age_ythadult_yge25,eco_isic3_c,2000,7.096
svn,sex_t,age_ythadult_yge25,eco_isic3_c,2001,5.355
svn,sex_t,age_ythadult_yge25,eco_isic3_c,2002,3.484
svn,sex_t,age_ythadult_yge25,eco_isic3_c,2003,5.263
svn,sex_t,age_ythadult_yge25,eco_isic3_c,2004,5.618
svn,sex_t,age_ythadult_yge25,eco_isic3_c,2005,5.831
svn,sex_t,age_ythadult_yge25,eco_isic3_c,2006,5.229
svn,sex_t,age_ythadult_yge25,eco_isic3_c,2007,4.263
svn,sex_t,age_ythadult_yge25,eco_isic3_d,1996,240.838
svn,sex_t,age_ythadult_yge25,eco_isic3_d,1997,238.637
svn,sex_t,age_ythadult_yge25,eco_isic3_d,1998,237.919
svn,sex_t,age_ythadult_yge25,eco_isic3_d,1999,227.91
svn,sex_t,age_ythadult_yge25,eco_isic3_d,2000,227.477
svn,sex_t,age_ythadult_yge25,eco_isic3_d,2001,232.078
svn,sex_t,age_ythadult_yge25,eco_isic3_d,2002,241.24
svn,sex_t,age_ythadult_yge25,eco_isic3_d,2003,229.164
svn,sex_t,age_ythadult_yge25,eco_isic3_d,2004,231.363
svn,sex_t,age_ythadult_yge25,eco_isic3_d,2005,236.496
svn,sex_t,age_ythadult_yge25,eco_isic3_d,2006,225.901
svn,sex_t,age_ythadult_yge25,eco_isic3_d,2007,227.46
svn,sex_t,age_ythadult_yge25,eco_isic3_e,1996,11.58
svn,sex_t,age_ythadult_yge25,eco_isic3_e,1997,11.782
svn,sex_t,age_ythadult_yge25,eco_isic3_e,1998,8.049
svn,sex_t,age_ythadult_yge25,eco_isic3_e,1999,7.475
svn,sex_t,age_ythadult_yge25,eco_isic3_e,2000,9.498
svn,sex_t,age_ythadult_yge25,eco_isic3_e,2001,11.101
svn,sex_t,age_ythadult_yge25,eco_isic3_e,2002,10.654
svn,sex_t,age_ythadult_yge25,eco_isic3_e,2003,8.586
svn,sex_t,age_ythadult_yge25,eco_isic3_e,2004,9.238
svn,sex_t,age_ythadult_yge25,eco_isic3_e,2005,8.796
svn,sex_t,age_ythadult_yge25,eco_isic3_e,2006,9.656
svn,sex_t,age_ythadult_yge25,eco_isic3_e,2007,10.192
svn,sex_t,age_ythadult_yge25,eco_isic3_f,1996,32.667
svn,sex_t,age_ythadult_yge25,eco_isic3_f,1997,38.472
svn,sex_t,age_ythadult_yge25,eco_isic3_f,1998,35.487
svn,sex_t,age_ythadult_yge25,eco_isic3_f,1999,30.872
svn,sex_t,age_ythadult_yge25,eco_isic3_f,2000,34.605
svn,sex_t,age_ythadult_yge25,eco_isic3_f,2001,40.033
svn,sex_t,age_ythadult_yge25,eco_isic3_f,2002,38.316
svn,sex_t,age_ythadult_yge25,eco_isic3_f,2003,39.949
svn,sex_t,age_ythadult_yge25,eco_isic3_f,2004,39.8
svn,sex_t,age_ythadult_yge25,eco_isic3_f,2005,42.513
svn,sex_t,age_ythadult_yge25,eco_isic3_f,2006,39.761
svn,sex_t,age_ythadult_yge25,eco_isic3_f,2007,41.189
svn,sex_t,age_ythadult_yge25,eco_isic3_g,1996,70.944
svn,sex_t,age_ythadult_yge25,eco_isic3_g,1997,69.202
svn,sex_t,age_ythadult_yge25,eco_isic3_g,1998,77.112
svn,sex_t,age_ythadult_yge25,eco_isic3_g,1999,78.102
svn,sex_t,age_ythadult_yge25,eco_isic3_g,2000,88.735
svn,sex_t,age_ythadult_yge25,eco_isic3_g,2001,86.013
svn,sex_t,age_ythadult_yge25,eco_isic3_g,2002,89.304
svn,sex_t,age_ythadult_yge25,eco_isic3_g,2003,93.791
svn,sex_t,age_ythadult_yge25,eco_isic3_g,2004,90.445
svn,sex_t,age_ythadult_yge25,eco_isic3_g,2005,87.755
svn,sex_t,age_ythadult_yge25,eco_isic3_g,2006,92.52
svn,sex_t,age_ythadult_yge25,eco_isic3_g,2007,92.069
svn,sex_t,age_ythadult_yge25,eco_isic3_h,1996,19.578
svn,sex_t,age_ythadult_yge25,eco_isic3_h,1997,23.138
svn,sex_t,age_ythadult_yge25,eco_isic3_h,1998,23.494
svn,sex_t,age_ythadult_yge25,eco_isic3_h,1999,18.727
svn,sex_t,age_ythadult_yge25,eco_isic3_h,2000,20.354
svn,sex_t,age_ythadult_yge25,eco_isic3_h,2001,20.604
svn,sex_t,age_ythadult_yge25,eco_isic3_h,2002,23.764
svn,sex_t,age_ythadult_yge25,eco_isic3_h,2003,22.745
svn,sex_t,age_ythadult_yge25,eco_isic3_h,2004,23.954
svn,sex_t,age_ythadult_yge25,eco_isic3_h,2005,25.678
svn,sex_t,age_ythadult_yge25,eco_isic3_h,2006,24.36
svn,sex_t,age_ythadult_yge25,eco_isic3_h,2007,26.158
svn,sex_t,age_ythadult_yge25,eco_isic3_i,1996,37.237
svn,sex_t,age_ythadult_yge25,eco_isic3_i,1997,37.43
svn,sex_t,age_ythadult_yge25,eco_isic3_i,1998,36.01
svn,sex_t,age_ythadult_yge25,eco_isic3_i,1999,39.84
svn,sex_t,age_ythadult_yge25,eco_isic3_i,2000,48.211
svn,sex_t,age_ythadult_yge25,eco_isic3_i,2001,46.559
svn,sex_t,age_ythadult_yge25,eco_isic3_i,2002,42.234
svn,sex_t,age_ythadult_yge25,eco_isic3_i,2003,48.266
svn,sex_t,age_ythadult_yge25,eco_isic3_i,2004,44.299
svn,sex_t,age_ythadult_yge25,eco_isic3_i,2005,44.709
svn,sex_t,age_ythadult_yge25,eco_isic3_i,2006,42.618
svn,sex_t,age_ythadult_yge25,eco_isic3_i,2007,46.951
svn,sex_t,age_ythadult_yge25,eco_isic3_j,1996,16.893
svn,sex_t,age_ythadult_yge25,eco_isic3_j,1997,17.735
svn,sex_t,age_ythadult_yge25,eco_isic3_j,1998,15.639
svn,sex_t,age_ythadult_yge25,eco_isic3_j,1999,18.253
svn,sex_t,age_ythadult_yge25,eco_isic3_j,2000,20.268
svn,sex_t,age_ythadult_yge25,eco_isic3_j,2001,21.988
svn,sex_t,age_ythadult_yge25,eco_isic3_j,2002,19.536
svn,sex_t,age_ythadult_yge25,eco_isic3_j,2003,20.48
svn,sex_t,age_ythadult_yge25,eco_isic3_j,2004,19.39
svn,sex_t,age_ythadult_yge25,eco_isic3_j,2005,20.813
svn,sex_t,age_ythadult_yge25,eco_isic3_j,2006,20.656
svn,sex_t,age_ythadult_yge25,eco_isic3_j,2007,22.302
svn,sex_t,age_ythadult_yge25,eco_isic3_k,1996,23.132
svn,sex_t,age_ythadult_yge25,eco_isic3_k,1997,26.684
svn,sex_t,age_ythadult_yge25,eco_isic3_k,1998,32.268
svn,sex_t,age_ythadult_yge25,eco_isic3_k,1999,32.624
svn,sex_t,age_ythadult_yge25,eco_isic3_k,2000,28.47
svn,sex_t,age_ythadult_yge25,eco_isic3_k,2001,30.522
svn,sex_t,age_ythadult_yge25,eco_isic3_k,2002,31.157
svn,sex_t,age_ythadult_yge25,eco_isic3_k,2003,38.889
svn,sex_t,age_ythadult_yge25,eco_isic3_k,2004,42.181
svn,sex_t,age_ythadult_yge25,eco_isic3_k,2005,44.994
svn,sex_t,age_ythadult_yge25,eco_isic3_k,2006,46.513
svn,sex_t,age_ythadult_yge25,eco_isic3_k,2007,49.421
svn,sex_t,age_ythadult_yge25,eco_isic3_l,1996,36.324
svn,sex_t,age_ythadult_yge25,eco_isic3_l,1997,31.576
svn,sex_t,age_ythadult_yge25,eco_isic3_l,1998,37.684
svn,sex_t,age_ythadult_yge25,eco_isic3_l,1999,45.317
svn,sex_t,age_ythadult_yge25,eco_isic3_l,2000,48.565
svn,sex_t,age_ythadult_yge25,eco_isic3_l,2001,44.951
svn,sex_t,age_ythadult_yge25,eco_isic3_l,2002,46.651
svn,sex_t,age_ythadult_yge25,eco_isic3_l,2003,46.016
svn,sex_t,age_ythadult_yge25,eco_isic3_l,2004,51.992
svn,sex_t,age_ythadult_yge25,eco_isic3_l,2005,54.507
svn,sex_t,age_ythadult_yge25,eco_isic3_l,2006,53.623
svn,sex_t,age_ythadult_yge25,eco_isic3_l,2007,51.743
svn,sex_t,age_ythadult_yge25,eco_isic3_m,1996,51.391
svn,sex_t,age_ythadult_yge25,eco_isic3_m,1997,48.802
svn,sex_t,age_ythadult_yge25,eco_isic3_m,1998,55.685
svn,sex_t,age_ythadult_yge25,eco_isic3_m,1999,55.516
svn,sex_t,age_ythadult_yge25,eco_isic3_m,2000,55.242
svn,sex_t,age_ythadult_yge25,eco_isic3_m,2001,59.3
svn,sex_t,age_ythadult_yge25,eco_isic3_m,2002,58.9
svn,sex_t,age_ythadult_yge25,eco_isic3_m,2003,58.599
svn,sex_t,age_ythadult_yge25,eco_isic3_m,2004,61.751
svn,sex_t,age_ythadult_yge25,eco_isic3_m,2005,68.582
svn,sex_t,age_ythadult_yge25,eco_isic3_m,2006,72.222
svn,sex_t,age_ythadult_yge25,eco_isic3_m,2007,71.8
svn,sex_t,age_ythadult_yge25,eco_isic3_n,1996,38.133
svn,sex_t,age_ythadult_yge25,eco_isic3_n,1997,34.614
svn,sex_t,age_ythadult_yge25,eco_isic3_n,1998,36.578
svn,sex_t,age_ythadult_yge25,eco_isic3_n,1999,40.224
svn,sex_t,age_ythadult_yge25,eco_isic3_n,2000,43.257
svn,sex_t,age_ythadult_yge25,eco_isic3_n,2001,41.732
svn,sex_t,age_ythadult_yge25,eco_isic3_n,2002,46.553
svn,sex_t,age_ythadult_yge25,eco_isic3_n,2003,43.486
svn,sex_t,age_ythadult_yge25,eco_isic3_n,2004,44.253
svn,sex_t,age_ythadult_yge25,eco_isic3_n,2005,46.071
svn,sex_t,age_ythadult_yge25,eco_isic3_n,2006,50.392
svn,sex_t,age_ythadult_yge25,eco_isic3_n,2007,50.919
svn,sex_t,age_ythadult_yge25,eco_isic3_o,1996,20.259
svn,sex_t,age_ythadult_yge25,eco_isic3_o,1997,22.428
svn,sex_t,age_ythadult_yge25,eco_isic3_o,1998,22.613
svn,sex_t,age_ythadult_yge25,eco_isic3_o,1999,26.523
svn,sex_t,age_ythadult_yge25,eco_isic3_o,2000,25.08
svn,sex_t,age_ythadult_yge25,eco_isic3_o,2001,24.321
svn,sex_t,age_ythadult_yge25,eco_isic3_o,2002,22.949
svn,sex_t,age_ythadult_yge25,eco_isic3_o,2003,27.14
svn,sex_t,age_ythadult_yge25,eco_isic3_o,2004,30.499
svn,sex_t,age_ythadult_yge25,eco_isic3_o,2005,25.928
svn,sex_t,age_ythadult_yge25,eco_isic3_o,2006,27.72
svn,sex_t,age_ythadult_yge25,eco_isic3_o,2007,28.977
svn,sex_t,age_ythadult_yge25,eco_isic3_p,1996,0.438
svn,sex_t,age_ythadult_yge25,eco_isic3_p,1997,1.759
svn,sex_t,age_ythadult_yge25,eco_isic3_p,1999,0.464
svn,sex_t,age_ythadult_yge25,eco_isic3_p,2001,0.829
svn,sex_t,age_ythadult_yge25,eco_isic3_p,2002,0.562
svn,sex_t,age_ythadult_yge25,eco_isic3_p,2004,0.478
svn,sex_t,age_ythadult_yge25,eco_isic3_p,2005,0.438
svn,sex_t,age_ythadult_yge25,eco_isic3_p,2006,0.669
svn,sex_t,age_ythadult_yge25,eco_isic3_p,2007,0.433
svn,sex_t,age_ythadult_yge25,eco_isic3_total,1996,620.845
svn,sex_t,age_ythadult_yge25,eco_isic3_total,1997,621.459
svn,sex_t,age_ythadult_yge25,eco_isic3_total,1998,637.823
svn,sex_t,age_ythadult_yge25,eco_isic3_total,1999,637.854
svn,sex_t,age_ythadult_yge25,eco_isic3_total,2000,669.899
svn,sex_t,age_ythadult_yge25,eco_isic3_total,2001,680.099
svn,sex_t,age_ythadult_yge25,eco_isic3_total,2002,690.343
svn,sex_t,age_ythadult_yge25,eco_isic3_total,2003,696.229
svn,sex_t,age_ythadult_yge25,eco_isic3_total,2004,714.725
svn,sex_t,age_ythadult_yge25,eco_isic3_total,2005,725.882
svn,sex_t,age_ythadult_yge25,eco_isic3_total,2006,724.957
svn,sex_t,age_ythadult_yge25,eco_isic3_total,2007,743.075
svn,sex_t,age_ythadult_yge25,eco_isic3_x,1996,0.731
svn,sex_t,age_ythadult_yge25,eco_isic3_x,1997,1.568
svn,sex_t,age_ythadult_yge25,eco_isic3_x,1998,2.799
svn,sex_t,age_ythadult_yge25,eco_isic3_x,1999,2.288
svn,sex_t,age_ythadult_yge25,eco_isic3_x,2000,3.725
svn,sex_t,age_ythadult_yge25,eco_isic3_x,2001,6.688
svn,sex_t,age_ythadult_yge25,eco_isic3_x,2002,4.416
svn,sex_t,age_ythadult_yge25,eco_isic3_x,2003,3.792
svn,sex_t,age_ythadult_yge25,eco_isic3_x,2004,7.171
svn,sex_t,age_ythadult_yge25,eco_isic3_x,2005,2.908
svn,sex_t,age_ythadult_yge25,eco_isic3_x,2006,2.94
svn,sex_t,age_ythadult_yge25,eco_isic3_x,2007,6.591
svn,sex_t,age_ythadult_yge25,eco_isic4_a,2008,11.789
svn,sex_t,age_ythadult_yge25,eco_isic4_a,2009,9.383
svn,sex_t,age_ythadult_yge25,eco_isic4_a,2010,8.69
svn,sex_t,age_ythadult_yge25,eco_isic4_a,2011,9.173
svn,sex_t,age_ythadult_yge25,eco_isic4_a,2012,9.396
svn,sex_t,age_ythadult_yge25,eco_isic4_a,2013,7.97
svn,sex_t,age_ythadult_yge25,eco_isic4_a,2014,8.076
svn,sex_t,age_ythadult_yge25,eco_isic4_a,2015,8.091
svn,sex_t,age_ythadult_yge25,eco_isic4_a,2016,7.5
svn,sex_t,age_ythadult_yge25,eco_isic4_a,2017,8.715
svn,sex_t,age_ythadult_yge25,eco_isic4_a,2018,7.728
svn,sex_t,age_ythadult_yge25,eco_isic4_a,2019,6.655
svn,sex_t,age_ythadult_yge25,eco_isic4_a,2020,6.848
svn,sex_t,age_ythadult_yge25,eco_isic4_a,2021,6.171
svn,sex_t,age_ythadult_yge25,eco_isic4_a,2022,6.622
svn,sex_t,age_ythadult_yge25,eco_isic4_a,2023,6.43
svn,sex_t,age_ythadult_yge25,eco_isic4_b,2008,3.648
svn,sex_t,age_ythadult_yge25,eco_isic4_b,2009,3.804
svn,sex_t,age_ythadult_yge25,eco_isic4_b,2010,4.008
svn,sex_t,age_ythadult_yge25,eco_isic4_b,2011,4.701
svn,sex_t,age_ythadult_yge25,eco_isic4_b,2012,3.733
svn,sex_t,age_ythadult_yge25,eco_isic4_b,2013,3.864
svn,sex_t,age_ythadult_yge25,eco_isic4_b,2014,2.799
svn,sex_t,age_ythadult_yge25,eco_isic4_b,2015,2.827
svn,sex_t,age_ythadult_yge25,eco_isic4_b,2016,2.611
svn,sex_t,age_ythadult_yge25,eco_isic4_b,2017,2.333
svn,sex_t,age_ythadult_yge25,eco_isic4_b,2018,2.936
svn,sex_t,age_ythadult_yge25,eco_isic4_b,2019,3.544
svn,sex_t,age_ythadult_yge25,eco_isic4_b,2020,3.506
svn,sex_t,age_ythadult_yge25,eco_isic4_b,2021,1.969
svn,sex_t,age_ythadult_yge25,eco_isic4_b,2022,2.15
svn,sex_t,age_ythadult_yge25,eco_isic4_b,2023,2.565
svn,sex_t,age_ythadult_yge25,eco_isic4_c,2008,226.761
svn,sex_t,age_ythadult_yge25,eco_isic4_c,2009,208.894
svn,sex_t,age_ythadult_yge25,eco_isic4_c,2010,201.803
svn,sex_t,age_ythadult_yge25,eco_isic4_c,2011,187.271
svn,sex_t,age_ythadult_yge25,eco_isic4_c,2012,180.792
svn,sex_t,age_ythadult_yge25,eco_isic4_c,2013,178.389
svn,sex_t,age_ythadult_yge25,eco_isic4_c,2014,180.2
svn,sex_t,age_ythadult_yge25,eco_isic4_c,2015,185.939
svn,sex_t,age_ythadult_yge25,eco_isic4_c,2016,200.293
svn,sex_t,age_ythadult_yge25,eco_isic4_c,2017,208.086
svn,sex_t,age_ythadult_yge25,eco_isic4_c,2018,211.056
svn,sex_t,age_ythadult_yge25,eco_isic4_c,2019,222.321
svn,sex_t,age_ythadult_yge25,eco_isic4_c,2020,222.022
svn,sex_t,age_ythadult_yge25,eco_isic4_c,2021,186.434
svn,sex_t,age_ythadult_yge25,eco_isic4_c,2022,189.804
svn,sex_t,age_ythadult_yge25,eco_isic4_c,2023,194.944
svn,sex_t,age_ythadult_yge25,eco_isic4_d,2008,9.258
svn,sex_t,age_ythadult_yge25,eco_isic4_d,2009,7.512
svn,sex_t,age_ythadult_yge25,eco_isic4_d,2010,6.902
svn,sex_t,age_ythadult_yge25,eco_isic4_d,2011,8.664
svn,sex_t,age_ythadult_yge25,eco_isic4_d,2012,8.571
svn,sex_t,age_ythadult_yge25,eco_isic4_d,2013,8.507
svn,sex_t,age_ythadult_yge25,eco_isic4_d,2014,10.452
svn,sex_t,age_ythadult_yge25,eco_isic4_d,2015,9.778
svn,sex_t,age_ythadult_yge25,eco_isic4_d,2016,7.754
svn,sex_t,age_ythadult_yge25,eco_isic4_d,2017,8.332
svn,sex_t,age_ythadult_yge25,eco_isic4_d,2018,8.537
svn,sex_t,age_ythadult_yge25,eco_isic4_d,2019,9.481
svn,sex_t,age_ythadult_yge25,eco_isic4_d,2020,10.488
svn,sex_t,age_ythadult_yge25,eco_isic4_d,2021,9.613
svn,sex_t,age_ythadult_yge25,eco_isic4_d,2022,8.342
svn,sex_t,age_ythadult_yge25,eco_isic4_d,2023,7.883
svn,sex_t,age_ythadult_yge25,eco_isic4_e,2008,7.429
svn,sex_t,age_ythadult_yge25,eco_isic4_e,2009,9.472
svn,sex_t,age_ythadult_yge25,eco_isic4_e,2010,9.438
svn,sex_t,age_ythadult_yge25,eco_isic4_e,2011,9.467
svn,sex_t,age_ythadult_yge25,eco_isic4_e,2012,9.631
svn,sex_t,age_ythadult_yge25,eco_isic4_e,2013,9.07
svn,sex_t,age_ythadult_yge25,eco_isic4_e,2014,9.181
svn,sex_t,age_ythadult_yge25,eco_isic4_e,2015,8.823
svn,sex_t,age_ythadult_yge25,eco_isic4_e,2016,9.154
svn,sex_t,age_ythadult_yge25,eco_isic4_e,2017,9.429
svn,sex_t,age_ythadult_yge25,eco_isic4_e,2018,12.176
svn,sex_t,age_ythadult_yge25,eco_isic4_e,2019,10.277
svn,sex_t,age_ythadult_yge25,eco_isic4_e,2020,9.929
svn,sex_t,age_ythadult_yge25,eco_isic4_e,2021,10.544
svn,sex_t,age_ythadult_yge25,eco_isic4_e,2022,13.103
svn,sex_t,age_ythadult_yge25,eco_isic4_e,2023,14.368
svn,sex_t,age_ythadult_yge25,eco_isic4_f,2008,47.964
svn,sex_t,age_ythadult_yge25,eco_isic4_f,2009,43.929
svn,sex_t,age_ythadult_yge25,eco_isic4_f,2010,40.992
svn,sex_t,age_ythadult_yge25,eco_isic4_f,2011,37.967
svn,sex_t,age_ythadult_yge25,eco_isic4_f,2012,38.249
svn,sex_t,age_ythadult_yge25,eco_isic4_f,2013,38.745
svn,sex_t,age_ythadult_yge25,eco_isic4_f,2014,36.92
svn,sex_t,age_ythadult_yge25,eco_isic4_f,2015,37.164
svn,sex_t,age_ythadult_yge25,eco_isic4_f,2016,36.595
svn,sex_t,age_ythadult_yge25,eco_isic4_f,2017,40.117
svn,sex_t,age_ythadult_yge25,eco_isic4_f,2018,39.076
svn,sex_t,age_ythadult_yge25,eco_isic4_f,2019,39.915
svn,sex_t,age_ythadult_yge25,eco_isic4_f,2020,42.505
svn,sex_t,age_ythadult_yge25,eco_isic4_f,2021,36.536
svn,sex_t,age_ythadult_yge25,eco_isic4_f,2022,38.176
svn,sex_t,age_ythadult_yge25,eco_isic4_f,2023,44.884
svn,sex_t,age_ythadult_yge25,eco_isic4_g,2008,95.507
svn,sex_t,age_ythadult_yge25,eco_isic4_g,2009,94.496
svn,sex_t,age_ythadult_yge25,eco_isic4_g,2010,89.121
svn,sex_t,age_ythadult_yge25,eco_isic4_g,2011,86.467
svn,sex_t,age_ythadult_yge25,eco_isic4_g,2012,90.268
svn,sex_t,age_ythadult_yge25,eco_isic4_g,2013,92.869
svn,sex_t,age_ythadult_yge25,eco_isic4_g,2014,86.577
svn,sex_t,age_ythadult_yge25,eco_isic4_g,2015,86.305
svn,sex_t,age_ythadult_yge25,eco_isic4_g,2016,92.233
svn,sex_t,age_ythadult_yge25,eco_isic4_g,2017,90.974
svn,sex_t,age_ythadult_yge25,eco_isic4_g,2018,91.475
svn,sex_t,age_ythadult_yge25,eco_isic4_g,2019,97.45
svn,sex_t,age_ythadult_yge25,eco_isic4_g,2020,94.542
svn,sex_t,age_ythadult_yge25,eco_isic4_g,2021,93.123
svn,sex_t,age_ythadult_yge25,eco_isic4_g,2022,91.89
svn,sex_t,age_ythadult_yge25,eco_isic4_g,2023,100.467
svn,sex_t,age_ythadult_yge25,eco_isic4_h,2008,46.104
svn,sex_t,age_ythadult_yge25,eco_isic4_h,2009,47.414
svn,sex_t,age_ythadult_yge25,eco_isic4_h,2010,42.202
svn,sex_t,age_ythadult_yge25,eco_isic4_h,2011,42.852
svn,sex_t,age_ythadult_yge25,eco_isic4_h,2012,42.521
svn,sex_t,age_ythadult_yge25,eco_isic4_h,2013,40.596
svn,sex_t,age_ythadult_yge25,eco_isic4_h,2014,34.567
svn,sex_t,age_ythadult_yge25,eco_isic4_h,2015,38.625
svn,sex_t,age_ythadult_yge25,eco_isic4_h,2016,40.798
svn,sex_t,age_ythadult_yge25,eco_isic4_h,2017,39.659
svn,sex_t,age_ythadult_yge25,eco_isic4_h,2018,45.161
svn,sex_t,age_ythadult_yge25,eco_isic4_h,2019,45.161
svn,sex_t,age_ythadult_yge25,eco_isic4_h,2020,44.39
svn,sex_t,age_ythadult_yge25,eco_isic4_h,2021,39.269
svn,sex_t,age_ythadult_yge25,eco_isic4_h,2022,39.408
svn,sex_t,age_ythadult_yge25,eco_isic4_h,2023,38.505
svn,sex_t,age_ythadult_yge25,eco_isic4_i,2008,26.168
svn,sex_t,age_ythadult_yge25,eco_isic4_i,2009,24.175
svn,sex_t,age_ythadult_yge25,eco_isic4_i,2010,29.618
svn,sex_t,age_ythadult_yge25,eco_isic4_i,2011,29.188
svn,sex_t,age_ythadult_yge25,eco_isic4_i,2012,26.247
svn,sex_t,age_ythadult_yge25,eco_isic4_i,2013,25.578
svn,sex_t,age_ythadult_yge25,eco_isic4_i,2014,28.46
svn,sex_t,age_ythadult_yge25,eco_isic4_i,2015,30.972
svn,sex_t,age_ythadult_yge25,eco_isic4_i,2016,26.985
svn,sex_t,age_ythadult_yge25,eco_isic4_i,2017,29.911
svn,sex_t,age_ythadult_yge25,eco_isic4_i,2018,30.199
svn,sex_t,age_ythadult_yge25,eco_isic4_i,2019,28.833
svn,sex_t,age_ythadult_yge25,eco_isic4_i,2020,24.606
svn,sex_t,age_ythadult_yge25,eco_isic4_i,2021,19.782
svn,sex_t,age_ythadult_yge25,eco_isic4_i,2022,26.521
svn,sex_t,age_ythadult_yge25,eco_isic4_i,2023,28.502
svn,sex_t,age_ythadult_yge25,eco_isic4_j,2008,22.886
svn,sex_t,age_ythadult_yge25,eco_isic4_j,2009,22.79
svn,sex_t,age_ythadult_yge25,eco_isic4_j,2010,24.52
svn,sex_t,age_ythadult_yge25,eco_isic4_j,2011,25.027
svn,sex_t,age_ythadult_yge25,eco_isic4_j,2012,22.807
svn,sex_t,age_ythadult_yge25,eco_isic4_j,2013,23.651
svn,sex_t,age_ythadult_yge25,eco_isic4_j,2014,24.413
svn,sex_t,age_ythadult_yge25,eco_isic4_j,2015,26.54
svn,sex_t,age_ythadult_yge25,eco_isic4_j,2016,25.206
svn,sex_t,age_ythadult_yge25,eco_isic4_j,2017,26.146
svn,sex_t,age_ythadult_yge25,eco_isic4_j,2018,25.27
svn,sex_t,age_ythadult_yge25,eco_isic4_j,2019,25.925
svn,sex_t,age_ythadult_yge25,eco_isic4_j,2020,31.985
svn,sex_t,age_ythadult_yge25,eco_isic4_j,2021,28.249
svn,sex_t,age_ythadult_yge25,eco_isic4_j,2022,27.233
svn,sex_t,age_ythadult_yge25,eco_isic4_j,2023,24.084
svn,sex_t,age_ythadult_yge25,eco_isic4_k,2008,22.157
svn,sex_t,age_ythadult_yge25,eco_isic4_k,2009,24.84
svn,sex_t,age_ythadult_yge25,eco_isic4_k,2010,23.968
svn,sex_t,age_ythadult_yge25,eco_isic4_k,2011,26.936
svn,sex_t,age_ythadult_yge25,eco_isic4_k,2012,28.965
svn,sex_t,age_ythadult_yge25,eco_isic4_k,2013,23.613
svn,sex_t,age_ythadult_yge25,eco_isic4_k,2014,22.36
svn,sex_t,age_ythadult_yge25,eco_isic4_k,2015,21.848
svn,sex_t,age_ythadult_yge25,eco_isic4_k,2016,21.035
svn,sex_t,age_ythadult_yge25,eco_isic4_k,2017,20.462
svn,sex_t,age_ythadult_yge25,eco_isic4_k,2018,22.737
svn,sex_t,age_ythadult_yge25,eco_isic4_k,2019,23.666
svn,sex_t,age_ythadult_yge25,eco_isic4_k,2020,26.244
svn,sex_t,age_ythadult_yge25,eco_isic4_k,2021,21.552
svn,sex_t,age_ythadult_yge25,eco_isic4_k,2022,20.653
svn,sex_t,age_ythadult_yge25,eco_isic4_k,2023,18.743
svn,sex_t,age_ythadult_yge25,eco_isic4_l,2008,1.943
svn,sex_t,age_ythadult_yge25,eco_isic4_l,2009,1.87
svn,sex_t,age_ythadult_yge25,eco_isic4_l,2010,1.655
svn,sex_t,age_ythadult_yge25,eco_isic4_l,2011,2.602
svn,sex_t,age_ythadult_yge25,eco_isic4_l,2012,2.091
svn,sex_t,age_ythadult_yge25,eco_isic4_l,2013,2.993
svn,sex_t,age_ythadult_yge25,eco_isic4_l,2014,2.666
svn,sex_t,age_ythadult_yge25,eco_isic4_l,2015,1.741
svn,sex_t,age_ythadult_yge25,eco_isic4_l,2016,1.523
svn,sex_t,age_ythadult_yge25,eco_isic4_l,2017,2.41
svn,sex_t,age_ythadult_yge25,eco_isic4_l,2018,2.547
svn,sex_t,age_ythadult_yge25,eco_isic4_l,2019,1.565
svn,sex_t,age_ythadult_yge25,eco_isic4_l,2020,1.829
svn,sex_t,age_ythadult_yge25,eco_isic4_l,2021,3.628
svn,sex_t,age_ythadult_yge25,eco_isic4_l,2022,3.786
svn,sex_t,age_ythadult_yge25,eco_isic4_l,2023,2.859
svn,sex_t,age_ythadult_yge25,eco_isic4_m,2008,27.93
svn,sex_t,age_ythadult_yge25,eco_isic4_m,2009,28.92
svn,sex_t,age_ythadult_yge25,eco_isic4_m,2010,27.25
svn,sex_t,age_ythadult_yge25,eco_isic4_m,2011,26.722
svn,sex_t,age_ythadult_yge25,eco_isic4_m,2012,31.664
svn,sex_t,age_ythadult_yge25,eco_isic4_m,2013,29.536
svn,sex_t,age_ythadult_yge25,eco_isic4_m,2014,28.632
svn,sex_t,age_ythadult_yge25,eco_isic4_m,2015,26.314
svn,sex_t,age_ythadult_yge25,eco_isic4_m,2016,26.018
svn,sex_t,age_ythadult_yge25,eco_isic4_m,2017,28.804
svn,sex_t,age_ythadult_yge25,eco_isic4_m,2018,28.957
svn,sex_t,age_ythadult_yge25,eco_isic4_m,2019,28.751
svn,sex_t,age_ythadult_yge25,eco_isic4_m,2020,33.508
svn,sex_t,age_ythadult_yge25,eco_isic4_m,2021,47.074
svn,sex_t,age_ythadult_yge25,eco_isic4_m,2022,43.405
svn,sex_t,age_ythadult_yge25,eco_isic4_m,2023,40.86
svn,sex_t,age_ythadult_yge25,eco_isic4_n,2008,17.969
svn,sex_t,age_ythadult_yge25,eco_isic4_n,2009,18.344
svn,sex_t,age_ythadult_yge25,eco_isic4_n,2010,17.487
svn,sex_t,age_ythadult_yge25,eco_isic4_n,2011,16.254
svn,sex_t,age_ythadult_yge25,eco_isic4_n,2012,19.114
svn,sex_t,age_ythadult_yge25,eco_isic4_n,2013,17.825
svn,sex_t,age_ythadult_yge25,eco_isic4_n,2014,18.145
svn,sex_t,age_ythadult_yge25,eco_isic4_n,2015,15.527
svn,sex_t,age_ythadult_yge25,eco_isic4_n,2016,18.884
svn,sex_t,age_ythadult_yge25,eco_isic4_n,2017,19.761
svn,sex_t,age_ythadult_yge25,eco_isic4_n,2018,18.704
svn,sex_t,age_ythadult_yge25,eco_isic4_n,2019,19.032
svn,sex_t,age_ythadult_yge25,eco_isic4_n,2020,19.301
svn,sex_t,age_ythadult_yge25,eco_isic4_n,2021,22.009
svn,sex_t,age_ythadult_yge25,eco_isic4_n,2022,24.446
svn,sex_t,age_ythadult_yge25,eco_isic4_n,2023,29.489
svn,sex_t,age_ythadult_yge25,eco_isic4_o,2008,54.001
svn,sex_t,age_ythadult_yge25,eco_isic4_o,2009,57.179
svn,sex_t,age_ythadult_yge25,eco_isic4_o,2010,56.055
svn,sex_t,age_ythadult_yge25,eco_isic4_o,2011,56.759
svn,sex_t,age_ythadult_yge25,eco_isic4_o,2012,58.981
svn,sex_t,age_ythadult_yge25,eco_isic4_o,2013,53.109
svn,sex_t,age_ythadult_yge25,eco_isic4_o,2014,56.236
svn,sex_t,age_ythadult_yge25,eco_isic4_o,2015,54.575
svn,sex_t,age_ythadult_yge25,eco_isic4_o,2016,54.326
svn,sex_t,age_ythadult_yge25,eco_isic4_o,2017,57.863
svn,sex_t,age_ythadult_yge25,eco_isic4_o,2018,57.205
svn,sex_t,age_ythadult_yge25,eco_isic4_o,2019,56.454
svn,sex_t,age_ythadult_yge25,eco_isic4_o,2020,56.32
svn,sex_t,age_ythadult_yge25,eco_isic4_o,2021,60.451
svn,sex_t,age_ythadult_yge25,eco_isic4_o,2022,59.363
svn,sex_t,age_ythadult_yge25,eco_isic4_o,2023,51.48
svn,sex_t,age_ythadult_yge25,eco_isic4_p,2008,70.977
svn,sex_t,age_ythadult_yge25,eco_isic4_p,2009,68.754
svn,sex_t,age_ythadult_yge25,eco_isic4_p,2010,72.569
svn,sex_t,age_ythadult_yge25,eco_isic4_p,2011,73.338
svn,sex_t,age_ythadult_yge25,eco_isic4_p,2012,76.128
svn,sex_t,age_ythadult_yge25,eco_isic4_p,2013,74.598
svn,sex_t,age_ythadult_yge25,eco_isic4_p,2014,73.182
svn,sex_t,age_ythadult_yge25,eco_isic4_p,2015,77.039
svn,sex_t,age_ythadult_yge25,eco_isic4_p,2016,77.458
svn,sex_t,age_ythadult_yge25,eco_isic4_p,2017,79.647
svn,sex_t,age_ythadult_yge25,eco_isic4_p,2018,78.333
svn,sex_t,age_ythadult_yge25,eco_isic4_p,2019,79.342
svn,sex_t,age_ythadult_yge25,eco_isic4_p,2020,85.016
svn,sex_t,age_ythadult_yge25,eco_isic4_p,2021,89.388
svn,sex_t,age_ythadult_yge25,eco_isic4_p,2022,89.901
svn,sex_t,age_ythadult_yge25,eco_isic4_p,2023,79.884
svn,sex_t,age_ythadult_yge25,eco_isic4_q,2008,50.23
svn,sex_t,age_ythadult_yge25,eco_isic4_q,2009,48.103
svn,sex_t,age_ythadult_yge25,eco_isic4_q,2010,49.761
svn,sex_t,age_ythadult_yge25,eco_isic4_q,2011,49.687
svn,sex_t,age_ythadult_yge25,eco_isic4_q,2012,48.416
svn,sex_t,age_ythadult_yge25,eco_isic4_q,2013,51.191
svn,sex_t,age_ythadult_yge25,eco_isic4_q,2014,53.369
svn,sex_t,age_ythadult_yge25,eco_isic4_q,2015,54.993
svn,sex_t,age_ythadult_yge25,eco_isic4_q,2016,61.218
svn,sex_t,age_ythadult_yge25,eco_isic4_q,2017,61.869
svn,sex_t,age_ythadult_yge25,eco_isic4_q,2018,62.376
svn,sex_t,age_ythadult_yge25,eco_isic4_q,2019,64.417
svn,sex_t,age_ythadult_yge25,eco_isic4_q,2020,66.516
svn,sex_t,age_ythadult_yge25,eco_isic4_q,2021,73.498
svn,sex_t,age_ythadult_yge25,eco_isic4_q,2022,73.743
svn,sex_t,age_ythadult_yge25,eco_isic4_q,2023,72.749
svn,sex_t,age_ythadult_yge25,eco_isic4_r,2008,12.864
svn,sex_t,age_ythadult_yge25,eco_isic4_r,2009,13.34
svn,sex_t,age_ythadult_yge25,eco_isic4_r,2010,13.025
svn,sex_t,age_ythadult_yge25,eco_isic4_r,2011,12.328
svn,sex_t,age_ythadult_yge25,eco_isic4_r,2012,12.246
svn,sex_t,age_ythadult_yge25,eco_isic4_r,2013,12.725
svn,sex_t,age_ythadult_yge25,eco_isic4_r,2014,12.37
svn,sex_t,age_ythadult_yge25,eco_isic4_r,2015,12.526
svn,sex_t,age_ythadult_yge25,eco_isic4_r,2016,10.125
svn,sex_t,age_ythadult_yge25,eco_isic4_r,2017,10.986
svn,sex_t,age_ythadult_yge25,eco_isic4_r,2018,11.828
svn,sex_t,age_ythadult_yge25,eco_isic4_r,2019,14.021
svn,sex_t,age_ythadult_yge25,eco_isic4_r,2020,13.131
svn,sex_t,age_ythadult_yge25,eco_isic4_r,2021,13.044
svn,sex_t,age_ythadult_yge25,eco_isic4_r,2022,13.798
svn,sex_t,age_ythadult_yge25,eco_isic4_r,2023,11.1
svn,sex_t,age_ythadult_yge25,eco_isic4_s,2008,8.132
svn,sex_t,age_ythadult_yge25,eco_isic4_s,2009,9.407
svn,sex_t,age_ythadult_yge25,eco_isic4_s,2010,8.964
svn,sex_t,age_ythadult_yge25,eco_isic4_s,2011,7.132
svn,sex_t,age_ythadult_yge25,eco_isic4_s,2012,7.841
svn,sex_t,age_ythadult_yge25,eco_isic4_s,2013,7.794
svn,sex_t,age_ythadult_yge25,eco_isic4_s,2014,8.556
svn,sex_t,age_ythadult_yge25,eco_isic4_s,2015,7.561
svn,sex_t,age_ythadult_yge25,eco_isic4_s,2016,7.632
svn,sex_t,age_ythadult_yge25,eco_isic4_s,2017,8.986
svn,sex_t,age_ythadult_yge25,eco_isic4_s,2018,8.024
svn,sex_t,age_ythadult_yge25,eco_isic4_s,2019,7.392
svn,sex_t,age_ythadult_yge25,eco_isic4_s,2020,9.405
svn,sex_t,age_ythadult_yge25,eco_isic4_s,2021,11.969
svn,sex_t,age_ythadult_yge25,eco_isic4_s,2022,12.005
svn,sex_t,age_ythadult_yge25,eco_isic4_s,2023,11.335
svn,sex_t,age_ythadult_yge25,eco_isic4_t,2008,0.604
svn,sex_t,age_ythadult_yge25,eco_isic4_t,2010,0.239
svn,sex_t,age_ythadult_yge25,eco_isic4_t,2011,0.419
svn,sex_t,age_ythadult_yge25,eco_isic4_t,2012,0.293
svn,sex_t,age_ythadult_yge25,eco_isic4_t,2013,0.142
svn,sex_t,age_ythadult_yge25,eco_isic4_t,2021,0.556
svn,sex_t,age_ythadult_yge25,eco_isic4_t,2022,0.605
svn,sex_t,age_ythadult_yge25,eco_isic4_t,2023,0.719
svn,sex_t,age_ythadult_yge25,eco_isic4_total,2008,767.61
svn,sex_t,age_ythadult_yge25,eco_isic4_total,2009,746.3
svn,sex_t,age_ythadult_yge25,eco_isic4_total,2010,730.738
svn,sex_t,age_ythadult_yge25,eco_isic4_total,2011,716.423
svn,sex_t,age_ythadult_yge25,eco_isic4_total,2012,721.859
svn,sex_t,age_ythadult_yge25,eco_isic4_total,2013,706.441
svn,sex_t,age_ythadult_yge25,eco_isic4_total,2014,701.386
svn,sex_t,age_ythadult_yge25,eco_isic4_total,2015,715.48
svn,sex_t,age_ythadult_yge25,eco_isic4_total,2016,732.564
svn,sex_t,age_ythadult_yge25,eco_isic4_total,2017,758.454
svn,sex_t,age_ythadult_yge25,eco_isic4_total,2018,768.588
svn,sex_t,age_ythadult_yge25,eco_isic4_total,2019,788.1
svn,sex_t,age_ythadult_yge25,eco_isic4_total,2020,805.384
svn,sex_t,age_ythadult_yge25,eco_isic4_total,2021,778.928
svn,sex_t,age_ythadult_yge25,eco_isic4_total,2022,788.208
svn,sex_t,age_ythadult_yge25,eco_isic4_total,2023,785.57
svn,sex_t,age_ythadult_yge25,eco_isic4_u,2008,0.2
svn,sex_t,age_ythadult_yge25,eco_isic4_u,2021,0.408
svn,sex_t,age_ythadult_yge25,eco_isic4_u,2022,0.181
svn,sex_t,age_ythadult_yge25,eco_isic4_u,2023,0.555
svn,sex_t,age_ythadult_yge25,eco_isic4_x,2008,3.09
svn,sex_t,age_ythadult_yge25,eco_isic4_x,2009,3.619
svn,sex_t,age_ythadult_yge25,eco_isic4_x,2010,2.472
svn,sex_t,age_ythadult_yge25,eco_isic4_x,2011,3.471
svn,sex_t,age_ythadult_yge25,eco_isic4_x,2012,3.902
svn,sex_t,age_ythadult_yge25,eco_isic4_x,2013,3.676
svn,sex_t,age_ythadult_yge25,eco_isic4_x,2014,4.208
svn,sex_t,age_ythadult_yge25,eco_isic4_x,2015,8.216
svn,sex_t,age_ythadult_yge25,eco_isic4_x,2016,5.191
svn,sex_t,age_ythadult_yge25,eco_isic4_x,2017,3.878
svn,sex_t,age_ythadult_yge25,eco_isic4_x,2018,4.166
svn,sex_t,age_ythadult_yge25,eco_isic4_x,2019,3.716
svn,sex_t,age_ythadult_yge25,eco_isic4_x,2020,3.159
svn,sex_t,age_ythadult_yge25,eco_isic4_x,2021,3.662
svn,sex_t,age_ythadult_yge25,eco_isic4_x,2022,3.073
svn,sex_t,age_ythadult_yge25,eco_isic4_x,2023,3.167
svn,sex_t,age_ythadult_yge25,eco_sector_agr,1996,11.9
svn,sex_t,age_ythadult_yge25,eco_sector_agr,1997,11.299
svn,sex_t,age_ythadult_yge25,eco_sector_agr,1998,8.662
svn,sex_t,age_ythadult_yge25,eco_sector_agr,1999,7.67
svn,sex_t,age_ythadult_yge25,eco_sector_agr,2000,9.121
svn,sex_t,age_ythadult_yge25,eco_sector_agr,2001,8.027
svn,sex_t,age_ythadult_yge25,eco_sector_agr,2002,10.625
svn,sex_t,age_ythadult_yge25,eco_sector_agr,2003,9.879
svn,sex_t,age_ythadult_yge25,eco_sector_agr,2004,12.293
svn,sex_t,age_ythadult_yge25,eco_sector_agr,2005,9.862
svn,sex_t,age_ythadult_yge25,eco_sector_agr,2006,10.177
svn,sex_t,age_ythadult_yge25,eco_sector_agr,2007,12.561
svn,sex_t,age_ythadult_yge25,eco_sector_agr,2008,11.789
svn,sex_t,age_ythadult_yge25,eco_sector_agr,2009,9.383
svn,sex_t,age_ythadult_yge25,eco_sector_agr,2010,8.69
svn,sex_t,age_ythadult_yge25,eco_sector_agr,2011,9.173
svn,sex_t,age_ythadult_yge25,eco_sector_agr,2012,9.396
svn,sex_t,age_ythadult_yge25,eco_sector_agr,2013,7.97
svn,sex_t,age_ythadult_yge25,eco_sector_agr,2014,8.076
svn,sex_t,age_ythadult_yge25,eco_sector_agr,2015,8.091
svn,sex_t,age_ythadult_yge25,eco_sector_agr,2016,7.5
svn,sex_t,age_ythadult_yge25,eco_sector_agr,2017,8.715
svn,sex_t,age_ythadult_yge25,eco_sector_agr,2018,7.728
svn,sex_t,age_ythadult_yge25,eco_sector_agr,2019,6.655
svn,sex_t,age_ythadult_yge25,eco_sector_agr,2020,6.848
svn,sex_t,age_ythadult_yge25,eco_sector_agr,2021,6.171
svn,sex_t,age_ythadult_yge25,eco_sector_agr,2022,6.622
svn,sex_t,age_ythadult_yge25,eco_sector_agr,2023,6.43
svn,sex_t,age_ythadult_yge25,eco_sector_ind,1996,293.713
svn,sex_t,age_ythadult_yge25,eco_sector_ind,1997,295.224
svn,sex_t,age_ythadult_yge25,eco_sector_ind,1998,288.848
svn,sex_t,age_ythadult_yge25,eco_sector_ind,1999,272.306
svn,sex_t,age_ythadult_yge25,eco_sector_ind,2000,278.677
svn,sex_t,age_ythadult_yge25,eco_sector_ind,2001,288.566
svn,sex_t,age_ythadult_yge25,eco_sector_ind,2002,293.694
svn,sex_t,age_ythadult_yge25,eco_sector_ind,2003,282.962
svn,sex_t,age_ythadult_yge25,eco_sector_ind,2004,286.018
svn,sex_t,age_ythadult_yge25,eco_sector_ind,2005,293.636
svn,sex_t,age_ythadult_yge25,eco_sector_ind,2006,280.547
svn,sex_t,age_ythadult_yge25,eco_sector_ind,2007,283.104
svn,sex_t,age_ythadult_yge25,eco_sector_ind,2008,295.06
svn,sex_t,age_ythadult_yge25,eco_sector_ind,2009,273.611
svn,sex_t,age_ythadult_yge25,eco_sector_ind,2010,263.144
svn,sex_t,age_ythadult_yge25,eco_sector_ind,2011,248.07
svn,sex_t,age_ythadult_yge25,eco_sector_ind,2012,240.977
svn,sex_t,age_ythadult_yge25,eco_sector_ind,2013,238.575
svn,sex_t,age_ythadult_yge25,eco_sector_ind,2014,239.551
svn,sex_t,age_ythadult_yge25,eco_sector_ind,2015,244.531
svn,sex_t,age_ythadult_yge25,eco_sector_ind,2016,256.408
svn,sex_t,age_ythadult_yge25,eco_sector_ind,2017,268.298
svn,sex_t,age_ythadult_yge25,eco_sector_ind,2018,273.781
svn,sex_t,age_ythadult_yge25,eco_sector_ind,2019,285.538
svn,sex_t,age_ythadult_yge25,eco_sector_ind,2020,288.45
svn,sex_t,age_ythadult_yge25,eco_sector_ind,2021,245.096
svn,sex_t,age_ythadult_yge25,eco_sector_ind,2022,251.575
svn,sex_t,age_ythadult_yge25,eco_sector_ind,2023,264.644
svn,sex_t,age_ythadult_yge25,eco_sector_nag,1996,608.945
svn,sex_t,age_ythadult_yge25,eco_sector_nag,1997,610.16
svn,sex_t,age_ythadult_yge25,eco_sector_nag,1998,629.161
svn,sex_t,age_ythadult_yge25,eco_sector_nag,1999,630.184
svn,sex_t,age_ythadult_yge25,eco_sector_nag,2000,660.778
svn,sex_t,age_ythadult_yge25,eco_sector_nag,2001,672.072
svn,sex_t,age_ythadult_yge25,eco_sector_nag,2002,679.719
svn,sex_t,age_ythadult_yge25,eco_sector_nag,2003,686.35
svn,sex_t,age_ythadult_yge25,eco_sector_nag,2004,702.432
svn,sex_t,age_ythadult_yge25,eco_sector_nag,2005,716.02
svn,sex_t,age_ythadult_yge25,eco_sector_nag,2006,714.78
svn,sex_t,age_ythadult_yge25,eco_sector_nag,2007,730.514
svn,sex_t,age_ythadult_yge25,eco_sector_nag,2008,755.822
svn,sex_t,age_ythadult_yge25,eco_sector_nag,2009,736.917
svn,sex_t,age_ythadult_yge25,eco_sector_nag,2010,722.049
svn,sex_t,age_ythadult_yge25,eco_sector_nag,2011,707.25
svn,sex_t,age_ythadult_yge25,eco_sector_nag,2012,712.463
svn,sex_t,age_ythadult_yge25,eco_sector_nag,2013,698.472
svn,sex_t,age_ythadult_yge25,eco_sector_nag,2014,693.31
svn,sex_t,age_ythadult_yge25,eco_sector_nag,2015,707.389
svn,sex_t,age_ythadult_yge25,eco_sector_nag,2016,725.065
svn,sex_t,age_ythadult_yge25,eco_sector_nag,2017,749.739
svn,sex_t,age_ythadult_yge25,eco_sector_nag,2018,760.86
svn,sex_t,age_ythadult_yge25,eco_sector_nag,2019,781.446
svn,sex_t,age_ythadult_yge25,eco_sector_nag,2020,798.536
svn,sex_t,age_ythadult_yge25,eco_sector_nag,2021,772.757
svn,sex_t,age_ythadult_yge25,eco_sector_nag,2022,781.586
svn,sex_t,age_ythadult_yge25,eco_sector_nag,2023,779.14
svn,sex_t,age_ythadult_yge25,eco_sector_ser,1996,314.501
svn,sex_t,age_ythadult_yge25,eco_sector_ser,1997,313.368
svn,sex_t,age_ythadult_yge25,eco_sector_ser,1998,337.513
svn,sex_t,age_ythadult_yge25,eco_sector_ser,1999,355.59
svn,sex_t,age_ythadult_yge25,eco_sector_ser,2000,378.376
svn,sex_t,age_ythadult_yge25,eco_sector_ser,2001,376.819
svn,sex_t,age_ythadult_yge25,eco_sector_ser,2002,381.609
svn,sex_t,age_ythadult_yge25,eco_sector_ser,2003,399.596
svn,sex_t,age_ythadult_yge25,eco_sector_ser,2004,409.242
svn,sex_t,age_ythadult_yge25,eco_sector_ser,2005,419.475
svn,sex_t,age_ythadult_yge25,eco_sector_ser,2006,431.293
svn,sex_t,age_ythadult_yge25,eco_sector_ser,2007,440.819
svn,sex_t,age_ythadult_yge25,eco_sector_ser,2008,457.671
svn,sex_t,age_ythadult_yge25,eco_sector_ser,2009,459.687
svn,sex_t,age_ythadult_yge25,eco_sector_ser,2010,456.433
svn,sex_t,age_ythadult_yge25,eco_sector_ser,2011,455.709
svn,sex_t,age_ythadult_yge25,eco_sector_ser,2012,467.583
svn,sex_t,age_ythadult_yge25,eco_sector_ser,2013,456.22
svn,sex_t,age_ythadult_yge25,eco_sector_ser,2014,449.551
svn,sex_t,age_ythadult_yge25,eco_sector_ser,2015,454.643
svn,sex_t,age_ythadult_yge25,eco_sector_ser,2016,463.466
svn,sex_t,age_ythadult_yge25,eco_sector_ser,2017,477.563
svn,sex_t,age_ythadult_yge25,eco_sector_ser,2018,482.913
svn,sex_t,age_ythadult_yge25,eco_sector_ser,2019,492.191
svn,sex_t,age_ythadult_yge25,eco_sector_ser,2020,506.927
svn,sex_t,age_ythadult_yge25,eco_sector_ser,2021,523.999
svn,sex_t,age_ythadult_yge25,eco_sector_ser,2022,526.938
svn,sex_t,age_ythadult_yge25,eco_sector_ser,2023,511.329
svn,sex_t,age_ythadult_yge25,eco_sector_total,1996,620.845
svn,sex_t,age_ythadult_yge25,eco_sector_total,1997,621.459
svn,sex_t,age_ythadult_yge25,eco_sector_total,1998,637.823
svn,sex_t,age_ythadult_yge25,eco_sector_total,1999,637.854
svn,sex_t,age_ythadult_yge25,eco_sector_total,2000,669.899
svn,sex_t,age_ythadult_yge25,eco_sector_total,2001,680.099
svn,sex_t,age_ythadult_yge25,eco_sector_total,2002,690.343
svn,sex_t,age_ythadult_yge25,eco_sector_total,2003,696.229
svn,sex_t,age_ythadult_yge25,eco_sector_total,2004,714.725
svn,sex_t,age_ythadult_yge25,eco_sector_total,2005,725.882
svn,sex_t,age_ythadult_yge25,eco_sector_total,2006,724.957
svn,sex_t,age_ythadult_yge25,eco_sector_total,2007,743.075
svn,sex_t,age_ythadult_yge25,eco_sector_total,2008,767.61
svn,sex_t,age_ythadult_yge25,eco_sector_total,2009,746.3
svn,sex_t,age_ythadult_yge25,eco_sector_total,2010,730.738
svn,sex_t,age_ythadult_yge25,eco_sector_total,2011,716.423
svn,sex_t,age_ythadult_yge25,eco_sector_total,2012,721.859
svn,sex_t,age_ythadult_yge25,eco_sector_total,2013,706.441
svn,sex_t,age_ythadult_yge25,eco_sector_total,2014,701.386
svn,sex_t,age_ythadult_yge25,eco_sector_total,2015,715.48
svn,sex_t,age_ythadult_yge25,eco_sector_total,2016,732.564
svn,sex_t,age_ythadult_yge25,eco_sector_total,2017,758.454
svn,sex_t,age_ythadult_yge25,eco_sector_total,2018,768.588
svn,sex_t,age_ythadult_yge25,eco_sector_total,2019,788.1
svn,sex_t,age_ythadult_yge25,eco_sector_total,2020,805.384
svn,sex_t,age_ythadult_yge25,eco_sector_total,2021,778.928
svn,sex_t,age_ythadult_yge25,eco_sector_total,2022,788.208
svn,sex_t,age_ythadult_yge25,eco_sector_total,2023,785.57
svn,sex_t,age_ythadult_yge25,eco_sector_x,1996,0.731
svn,sex_t,age_ythadult_yge25,eco_sector_x,1997,1.568
svn,sex_t,age_ythadult_yge25,eco_sector_x,1998,2.799
svn,sex_t,age_ythadult_yge25,eco_sector_x,1999,2.288
svn,sex_t,age_ythadult_yge25,eco_sector_x,2000,3.725
svn,sex_t,age_ythadult_yge25,eco_sector_x,2001,6.688
svn,sex_t,age_ythadult_yge25,eco_sector_x,2002,4.416
svn,sex_t,age_ythadult_yge25,eco_sector_x,2003,3.792
svn,sex_t,age_ythadult_yge25,eco_sector_x,2004,7.171
svn,sex_t,age_ythadult_yge25,eco_sector_x,2005,2.908
svn,sex_t,age_ythadult_yge25,eco_sector_x,2006,2.94
svn,sex_t,age_ythadult_yge25,eco_sector_x,2007,6.591
svn,sex_t,age_ythadult_yge25,eco_sector_x,2008,3.09
svn,sex_t,age_ythadult_yge25,eco_sector_x,2009,3.619
svn,sex_t,age_ythadult_yge25,eco_sector_x,2010,2.472
svn,sex_t,age_ythadult_yge25,eco_sector_x,2011,3.471
svn,sex_t,age_ythadult_yge25,eco_sector_x,2012,3.902
svn,sex_t,age_ythadult_yge25,eco_sector_x,2013,3.676
svn,sex_t,age_ythadult_yge25,eco_sector_x,2014,4.208
svn,sex_t,age_ythadult_yge25,eco_sector_x,2015,8.216
svn,sex_t,age_ythadult_yge25,eco_sector_x,2016,5.191
svn,sex_t,age_ythadult_yge25,eco_sector_x,2017,3.878
svn,sex_t,age_ythadult_yge25,eco_sector_x,2018,4.166
svn,sex_t,age_ythadult_yge25,eco_sector_x,2019,3.716
svn,sex_t,age_ythadult_yge25,eco_sector_x,2020,3.159
svn,sex_t,age_ythadult_yge25,eco_sector_x,2021,3.662
svn,sex_t,age_ythadult_yge25,eco_sector_x,2022,3.073
svn,sex_t,age_ythadult_yge25,eco_sector_x,2023,3.167
