ref_area,sex,classif1,classif2,time,emp_temp_sex_ocu_edu_nb
tza,sex_f,ocu_isco08_0,edu_aggregate_adv,2020,0.512
tza,sex_f,ocu_isco08_0,edu_aggregate_int,2020,3.755
tza,sex_f,ocu_isco08_0,edu_aggregate_total,2020,6.957
tza,sex_f,ocu_isco08_0,edu_aggregate_total,2024,0.959
tza,sex_f,ocu_isco08_0,edu_isced11_3,2020,3.36
tza,sex_f,ocu_isco08_0,edu_isced11_total,2020,6.957
tza,sex_f,ocu_isco08_0,edu_isced11_total,2024,0.959
tza,sex_f,ocu_isco08_1,edu_aggregate_adv,2020,12.021
tza,sex_f,ocu_isco08_1,edu_aggregate_adv,2024,18.178
tza,sex_f,ocu_isco08_1,edu_aggregate_bas,2020,6.552
tza,sex_f,ocu_isco08_1,edu_aggregate_bas,2024,13.967
tza,sex_f,ocu_isco08_1,edu_aggregate_int,2020,4.826
tza,sex_f,ocu_isco08_1,edu_aggregate_int,2024,7.102
tza,sex_f,ocu_isco08_1,edu_aggregate_total,2020,24.669
tza,sex_f,ocu_isco08_1,edu_aggregate_total,2024,41.379
tza,sex_f,ocu_isco08_1,edu_isced11_1,2020,6.018
tza,sex_f,ocu_isco08_1,edu_isced11_1,2024,13.967
tza,sex_f,ocu_isco08_1,edu_isced11_3,2020,3.457
tza,sex_f,ocu_isco08_1,edu_isced11_3,2024,7.102
tza,sex_f,ocu_isco08_1,edu_isced11_5,2024,9.686
tza,sex_f,ocu_isco08_1,edu_isced11_6,2020,9.199
tza,sex_f,ocu_isco08_1,edu_isced11_6,2024,7.872
tza,sex_f,ocu_isco08_1,edu_isced11_total,2020,24.669
tza,sex_f,ocu_isco08_1,edu_isced11_total,2024,41.379
tza,sex_f,ocu_isco08_2,edu_aggregate_adv,2020,63.605
tza,sex_f,ocu_isco08_2,edu_aggregate_adv,2024,153.557
tza,sex_f,ocu_isco08_2,edu_aggregate_bas,2024,8.752
tza,sex_f,ocu_isco08_2,edu_aggregate_int,2020,0.778
tza,sex_f,ocu_isco08_2,edu_aggregate_int,2024,19.013
tza,sex_f,ocu_isco08_2,edu_aggregate_total,2020,67.024
tza,sex_f,ocu_isco08_2,edu_aggregate_total,2024,190.625
tza,sex_f,ocu_isco08_2,edu_aggregate_x,2020,2.642
tza,sex_f,ocu_isco08_2,edu_aggregate_x,2024,7.809
tza,sex_f,ocu_isco08_2,edu_isced11_3,2020,0.53
tza,sex_f,ocu_isco08_2,edu_isced11_3,2024,12.326
tza,sex_f,ocu_isco08_2,edu_isced11_4,2024,6.687
tza,sex_f,ocu_isco08_2,edu_isced11_5,2020,1.382
tza,sex_f,ocu_isco08_2,edu_isced11_5,2024,22.198
tza,sex_f,ocu_isco08_2,edu_isced11_6,2020,62.223
tza,sex_f,ocu_isco08_2,edu_isced11_6,2024,117.325
tza,sex_f,ocu_isco08_2,edu_isced11_8,2024,14.034
tza,sex_f,ocu_isco08_2,edu_isced11_9,2020,2.642
tza,sex_f,ocu_isco08_2,edu_isced11_9,2024,7.809
tza,sex_f,ocu_isco08_2,edu_isced11_total,2020,67.024
tza,sex_f,ocu_isco08_2,edu_isced11_total,2024,190.625
tza,sex_f,ocu_isco08_3,edu_aggregate_adv,2020,59.475
tza,sex_f,ocu_isco08_3,edu_aggregate_adv,2024,136.287
tza,sex_f,ocu_isco08_3,edu_aggregate_bas,2024,15.97
tza,sex_f,ocu_isco08_3,edu_aggregate_int,2020,59.221
tza,sex_f,ocu_isco08_3,edu_aggregate_int,2024,88.445
tza,sex_f,ocu_isco08_3,edu_aggregate_total,2020,158.144
tza,sex_f,ocu_isco08_3,edu_aggregate_total,2024,254.916
tza,sex_f,ocu_isco08_3,edu_aggregate_x,2020,39.448
tza,sex_f,ocu_isco08_3,edu_aggregate_x,2024,9.123
tza,sex_f,ocu_isco08_3,edu_isced11_1,2024,15.207
tza,sex_f,ocu_isco08_3,edu_isced11_3,2020,6.352
tza,sex_f,ocu_isco08_3,edu_isced11_3,2024,56.71
tza,sex_f,ocu_isco08_3,edu_isced11_4,2020,52.869
tza,sex_f,ocu_isco08_3,edu_isced11_4,2024,31.735
tza,sex_f,ocu_isco08_3,edu_isced11_5,2020,38.767
tza,sex_f,ocu_isco08_3,edu_isced11_5,2024,111.798
tza,sex_f,ocu_isco08_3,edu_isced11_6,2020,20.707
tza,sex_f,ocu_isco08_3,edu_isced11_6,2024,22.039
tza,sex_f,ocu_isco08_3,edu_isced11_9,2020,39.448
tza,sex_f,ocu_isco08_3,edu_isced11_9,2024,9.123
tza,sex_f,ocu_isco08_3,edu_isced11_total,2020,158.144
tza,sex_f,ocu_isco08_3,edu_isced11_total,2024,254.916
tza,sex_f,ocu_isco08_4,edu_aggregate_adv,2020,19.712
tza,sex_f,ocu_isco08_4,edu_aggregate_adv,2024,30.517
tza,sex_f,ocu_isco08_4,edu_aggregate_bas,2020,9.254
tza,sex_f,ocu_isco08_4,edu_aggregate_int,2020,25.463
tza,sex_f,ocu_isco08_4,edu_aggregate_int,2024,39.856
tza,sex_f,ocu_isco08_4,edu_aggregate_total,2020,62.515
tza,sex_f,ocu_isco08_4,edu_aggregate_total,2024,81.066
tza,sex_f,ocu_isco08_4,edu_aggregate_x,2020,8.086
tza,sex_f,ocu_isco08_4,edu_aggregate_x,2024,7.875
tza,sex_f,ocu_isco08_4,edu_isced11_1,2020,9.254
tza,sex_f,ocu_isco08_4,edu_isced11_3,2020,20.284
tza,sex_f,ocu_isco08_4,edu_isced11_3,2024,27.704
tza,sex_f,ocu_isco08_4,edu_isced11_4,2020,5.179
tza,sex_f,ocu_isco08_4,edu_isced11_4,2024,12.152
tza,sex_f,ocu_isco08_4,edu_isced11_5,2020,8.96
tza,sex_f,ocu_isco08_4,edu_isced11_5,2024,17.536
tza,sex_f,ocu_isco08_4,edu_isced11_6,2020,10.752
tza,sex_f,ocu_isco08_4,edu_isced11_6,2024,11.712
tza,sex_f,ocu_isco08_4,edu_isced11_9,2020,8.086
tza,sex_f,ocu_isco08_4,edu_isced11_9,2024,7.875
tza,sex_f,ocu_isco08_4,edu_isced11_total,2020,62.515
tza,sex_f,ocu_isco08_4,edu_isced11_total,2024,81.066
tza,sex_f,ocu_isco08_5,edu_aggregate_adv,2020,49.81
tza,sex_f,ocu_isco08_5,edu_aggregate_adv,2024,72.841
tza,sex_f,ocu_isco08_5,edu_aggregate_bas,2020,967.774
tza,sex_f,ocu_isco08_5,edu_aggregate_bas,2024,513.164
tza,sex_f,ocu_isco08_5,edu_aggregate_int,2020,357.649
tza,sex_f,ocu_isco08_5,edu_aggregate_int,2024,327.064
tza,sex_f,ocu_isco08_5,edu_aggregate_ltb,2020,144.191
tza,sex_f,ocu_isco08_5,edu_aggregate_ltb,2024,39.416
tza,sex_f,ocu_isco08_5,edu_aggregate_total,2020,1793.493
tza,sex_f,ocu_isco08_5,edu_aggregate_total,2024,1110.592
tza,sex_f,ocu_isco08_5,edu_aggregate_x,2020,274.069
tza,sex_f,ocu_isco08_5,edu_aggregate_x,2024,158.107
tza,sex_f,ocu_isco08_5,edu_isced11_1,2020,964.033
tza,sex_f,ocu_isco08_5,edu_isced11_1,2024,511.225
tza,sex_f,ocu_isco08_5,edu_isced11_2,2020,3.741
tza,sex_f,ocu_isco08_5,edu_isced11_2,2024,1.939
tza,sex_f,ocu_isco08_5,edu_isced11_3,2020,327.979
tza,sex_f,ocu_isco08_5,edu_isced11_3,2024,293.098
tza,sex_f,ocu_isco08_5,edu_isced11_4,2020,29.669
tza,sex_f,ocu_isco08_5,edu_isced11_4,2024,33.966
tza,sex_f,ocu_isco08_5,edu_isced11_5,2020,35.237
tza,sex_f,ocu_isco08_5,edu_isced11_5,2024,55.506
tza,sex_f,ocu_isco08_5,edu_isced11_6,2020,14.573
tza,sex_f,ocu_isco08_5,edu_isced11_6,2024,16.605
tza,sex_f,ocu_isco08_5,edu_isced11_9,2020,274.069
tza,sex_f,ocu_isco08_5,edu_isced11_9,2024,158.107
tza,sex_f,ocu_isco08_5,edu_isced11_total,2020,1793.493
tza,sex_f,ocu_isco08_5,edu_isced11_total,2024,1110.592
tza,sex_f,ocu_isco08_5,edu_isced11_x,2020,144.191
tza,sex_f,ocu_isco08_5,edu_isced11_x,2024,39.416
tza,sex_f,ocu_isco08_6,edu_aggregate_adv,2020,29.694
tza,sex_f,ocu_isco08_6,edu_aggregate_adv,2024,56.985
tza,sex_f,ocu_isco08_6,edu_aggregate_bas,2020,3914.085
tza,sex_f,ocu_isco08_6,edu_aggregate_bas,2024,4128.312
tza,sex_f,ocu_isco08_6,edu_aggregate_int,2020,321.627
tza,sex_f,ocu_isco08_6,edu_aggregate_int,2024,523.001
tza,sex_f,ocu_isco08_6,edu_aggregate_ltb,2020,1966.95
tza,sex_f,ocu_isco08_6,edu_aggregate_ltb,2024,1761.406
tza,sex_f,ocu_isco08_6,edu_aggregate_total,2020,7718.492
tza,sex_f,ocu_isco08_6,edu_aggregate_total,2024,8256.228
tza,sex_f,ocu_isco08_6,edu_aggregate_x,2020,1486.136
tza,sex_f,ocu_isco08_6,edu_aggregate_x,2024,1786.524
tza,sex_f,ocu_isco08_6,edu_isced11_1,2020,3893.918
tza,sex_f,ocu_isco08_6,edu_isced11_1,2024,4105.173
tza,sex_f,ocu_isco08_6,edu_isced11_2,2020,20.167
tza,sex_f,ocu_isco08_6,edu_isced11_2,2024,23.139
tza,sex_f,ocu_isco08_6,edu_isced11_3,2020,305.835
tza,sex_f,ocu_isco08_6,edu_isced11_3,2024,506.282
tza,sex_f,ocu_isco08_6,edu_isced11_4,2020,15.791
tza,sex_f,ocu_isco08_6,edu_isced11_4,2024,16.719
tza,sex_f,ocu_isco08_6,edu_isced11_5,2020,17.348
tza,sex_f,ocu_isco08_6,edu_isced11_5,2024,36.369
tza,sex_f,ocu_isco08_6,edu_isced11_6,2020,12.346
tza,sex_f,ocu_isco08_6,edu_isced11_6,2024,16.686
tza,sex_f,ocu_isco08_6,edu_isced11_9,2020,1486.136
tza,sex_f,ocu_isco08_6,edu_isced11_9,2024,1786.524
tza,sex_f,ocu_isco08_6,edu_isced11_total,2020,7718.492
tza,sex_f,ocu_isco08_6,edu_isced11_total,2024,8256.228
tza,sex_f,ocu_isco08_6,edu_isced11_x,2020,1966.95
tza,sex_f,ocu_isco08_6,edu_isced11_x,2024,1761.406
tza,sex_f,ocu_isco08_7,edu_aggregate_adv,2020,26.259
tza,sex_f,ocu_isco08_7,edu_aggregate_adv,2024,16.684
tza,sex_f,ocu_isco08_7,edu_aggregate_bas,2020,278.238
tza,sex_f,ocu_isco08_7,edu_aggregate_bas,2024,263.684
tza,sex_f,ocu_isco08_7,edu_aggregate_int,2020,168.46
tza,sex_f,ocu_isco08_7,edu_aggregate_int,2024,189.713
tza,sex_f,ocu_isco08_7,edu_aggregate_ltb,2020,68.767
tza,sex_f,ocu_isco08_7,edu_aggregate_ltb,2024,51.965
tza,sex_f,ocu_isco08_7,edu_aggregate_total,2020,639.041
tza,sex_f,ocu_isco08_7,edu_aggregate_total,2024,629.407
tza,sex_f,ocu_isco08_7,edu_aggregate_x,2020,97.317
tza,sex_f,ocu_isco08_7,edu_aggregate_x,2024,107.362
tza,sex_f,ocu_isco08_7,edu_isced11_1,2020,276.049
tza,sex_f,ocu_isco08_7,edu_isced11_1,2024,259.95
tza,sex_f,ocu_isco08_7,edu_isced11_3,2020,147.545
tza,sex_f,ocu_isco08_7,edu_isced11_3,2024,180.43
tza,sex_f,ocu_isco08_7,edu_isced11_4,2020,20.914
tza,sex_f,ocu_isco08_7,edu_isced11_4,2024,9.283
tza,sex_f,ocu_isco08_7,edu_isced11_5,2020,22.699
tza,sex_f,ocu_isco08_7,edu_isced11_5,2024,11.193
tza,sex_f,ocu_isco08_7,edu_isced11_6,2020,3.56
tza,sex_f,ocu_isco08_7,edu_isced11_9,2020,97.317
tza,sex_f,ocu_isco08_7,edu_isced11_9,2024,107.362
tza,sex_f,ocu_isco08_7,edu_isced11_total,2020,639.041
tza,sex_f,ocu_isco08_7,edu_isced11_total,2024,629.407
tza,sex_f,ocu_isco08_7,edu_isced11_x,2020,68.767
tza,sex_f,ocu_isco08_7,edu_isced11_x,2024,51.965
tza,sex_f,ocu_isco08_8,edu_aggregate_adv,2020,6.595
tza,sex_f,ocu_isco08_8,edu_aggregate_bas,2020,19.968
tza,sex_f,ocu_isco08_8,edu_aggregate_bas,2024,30.738
tza,sex_f,ocu_isco08_8,edu_aggregate_int,2020,39.135
tza,sex_f,ocu_isco08_8,edu_aggregate_int,2024,24.254
tza,sex_f,ocu_isco08_8,edu_aggregate_total,2020,74.15
tza,sex_f,ocu_isco08_8,edu_aggregate_total,2024,58.072
tza,sex_f,ocu_isco08_8,edu_isced11_1,2020,19.968
tza,sex_f,ocu_isco08_8,edu_isced11_1,2024,30.738
tza,sex_f,ocu_isco08_8,edu_isced11_3,2020,26.959
tza,sex_f,ocu_isco08_8,edu_isced11_3,2024,23.622
tza,sex_f,ocu_isco08_8,edu_isced11_4,2020,12.176
tza,sex_f,ocu_isco08_8,edu_isced11_5,2020,6.595
tza,sex_f,ocu_isco08_8,edu_isced11_total,2020,74.15
tza,sex_f,ocu_isco08_8,edu_isced11_total,2024,58.072
tza,sex_f,ocu_isco08_9,edu_aggregate_adv,2020,13.745
tza,sex_f,ocu_isco08_9,edu_aggregate_adv,2024,90.212
tza,sex_f,ocu_isco08_9,edu_aggregate_bas,2020,837.269
tza,sex_f,ocu_isco08_9,edu_aggregate_bas,2024,2445.184
tza,sex_f,ocu_isco08_9,edu_aggregate_int,2020,192.768
tza,sex_f,ocu_isco08_9,edu_aggregate_int,2024,737.972
tza,sex_f,ocu_isco08_9,edu_aggregate_ltb,2020,292.29
tza,sex_f,ocu_isco08_9,edu_aggregate_ltb,2024,591.433
tza,sex_f,ocu_isco08_9,edu_aggregate_total,2020,1649.414
tza,sex_f,ocu_isco08_9,edu_aggregate_total,2024,4790.572
tza,sex_f,ocu_isco08_9,edu_aggregate_x,2020,313.342
tza,sex_f,ocu_isco08_9,edu_aggregate_x,2024,925.771
tza,sex_f,ocu_isco08_9,edu_isced11_1,2020,834.853
tza,sex_f,ocu_isco08_9,edu_isced11_1,2024,2435.548
tza,sex_f,ocu_isco08_9,edu_isced11_2,2024,9.636
tza,sex_f,ocu_isco08_9,edu_isced11_3,2020,180.03
tza,sex_f,ocu_isco08_9,edu_isced11_3,2024,698.049
tza,sex_f,ocu_isco08_9,edu_isced11_4,2020,12.738
tza,sex_f,ocu_isco08_9,edu_isced11_4,2024,39.922
tza,sex_f,ocu_isco08_9,edu_isced11_5,2020,11.012
tza,sex_f,ocu_isco08_9,edu_isced11_5,2024,62.14
tza,sex_f,ocu_isco08_9,edu_isced11_6,2020,2.733
tza,sex_f,ocu_isco08_9,edu_isced11_6,2024,24.028
tza,sex_f,ocu_isco08_9,edu_isced11_9,2020,313.342
tza,sex_f,ocu_isco08_9,edu_isced11_9,2024,925.771
tza,sex_f,ocu_isco08_9,edu_isced11_total,2020,1649.414
tza,sex_f,ocu_isco08_9,edu_isced11_total,2024,4790.572
tza,sex_f,ocu_isco08_9,edu_isced11_x,2020,292.29
tza,sex_f,ocu_isco08_9,edu_isced11_x,2024,591.433
tza,sex_f,ocu_isco08_total,edu_aggregate_adv,2020,290.279
tza,sex_f,ocu_isco08_total,edu_aggregate_adv,2024,576.974
tza,sex_f,ocu_isco08_total,edu_aggregate_bas,2020,6404.863
tza,sex_f,ocu_isco08_total,edu_aggregate_bas,2024,7422.588
tza,sex_f,ocu_isco08_total,edu_aggregate_int,2020,1259.318
tza,sex_f,ocu_isco08_total,edu_aggregate_int,2024,1956.958
tza,sex_f,ocu_isco08_total,edu_aggregate_ltb,2020,2617.751
tza,sex_f,ocu_isco08_total,edu_aggregate_ltb,2024,2452.185
tza,sex_f,ocu_isco08_total,edu_aggregate_total,2020,12962.237
tza,sex_f,ocu_isco08_total,edu_aggregate_total,2024,15413.816
tza,sex_f,ocu_isco08_total,edu_aggregate_x,2020,2390.025
tza,sex_f,ocu_isco08_total,edu_aggregate_x,2024,3005.11
tza,sex_f,ocu_isco08_total,edu_isced11_1,2020,6373.017
tza,sex_f,ocu_isco08_total,edu_isced11_1,2024,7378.885
tza,sex_f,ocu_isco08_total,edu_isced11_2,2020,31.846
tza,sex_f,ocu_isco08_total,edu_isced11_2,2024,43.703
tza,sex_f,ocu_isco08_total,edu_isced11_3,2020,1102.586
tza,sex_f,ocu_isco08_total,edu_isced11_3,2024,1805.862
tza,sex_f,ocu_isco08_total,edu_isced11_4,2020,156.732
tza,sex_f,ocu_isco08_total,edu_isced11_4,2024,151.097
tza,sex_f,ocu_isco08_total,edu_isced11_5,2020,153.08
tza,sex_f,ocu_isco08_total,edu_isced11_5,2024,328.027
tza,sex_f,ocu_isco08_total,edu_isced11_6,2020,137.199
tza,sex_f,ocu_isco08_total,edu_isced11_6,2024,221.759
tza,sex_f,ocu_isco08_total,edu_isced11_8,2024,27.188
tza,sex_f,ocu_isco08_total,edu_isced11_9,2020,2390.025
tza,sex_f,ocu_isco08_total,edu_isced11_9,2024,3005.11
tza,sex_f,ocu_isco08_total,edu_isced11_total,2020,12962.237
tza,sex_f,ocu_isco08_total,edu_isced11_total,2024,15413.816
tza,sex_f,ocu_isco08_total,edu_isced11_x,2020,2617.751
tza,sex_f,ocu_isco08_total,edu_isced11_x,2024,2452.185
tza,sex_f,ocu_isco08_x,edu_aggregate_adv,2020,8.85
tza,sex_f,ocu_isco08_x,edu_aggregate_bas,2020,369.157
tza,sex_f,ocu_isco08_x,edu_aggregate_int,2020,85.638
tza,sex_f,ocu_isco08_x,edu_aggregate_ltb,2020,140.316
tza,sex_f,ocu_isco08_x,edu_aggregate_total,2020,768.339
tza,sex_f,ocu_isco08_x,edu_aggregate_x,2020,164.378
tza,sex_f,ocu_isco08_x,edu_isced11_1,2020,366.36
tza,sex_f,ocu_isco08_x,edu_isced11_3,2020,80.253
tza,sex_f,ocu_isco08_x,edu_isced11_4,2020,5.384
tza,sex_f,ocu_isco08_x,edu_isced11_5,2020,7.933
tza,sex_f,ocu_isco08_x,edu_isced11_6,2020,0.917
tza,sex_f,ocu_isco08_x,edu_isced11_9,2020,164.378
tza,sex_f,ocu_isco08_x,edu_isced11_total,2020,768.339
tza,sex_f,ocu_isco08_x,edu_isced11_x,2020,140.316
tza,sex_f,ocu_isco88_0,edu_aggregate_bas,2010,43.852
tza,sex_f,ocu_isco88_0,edu_aggregate_ltb,2010,12.645
tza,sex_f,ocu_isco88_0,edu_aggregate_total,2010,57.355
tza,sex_f,ocu_isco88_0,edu_isced11_1,2010,39.817
tza,sex_f,ocu_isco88_0,edu_isced11_2,2010,4.035
tza,sex_f,ocu_isco88_0,edu_isced11_total,2010,57.355
tza,sex_f,ocu_isco88_1,edu_aggregate_adv,2014,5.496
tza,sex_f,ocu_isco88_1,edu_aggregate_bas,2001,19.408
tza,sex_f,ocu_isco88_1,edu_aggregate_bas,2014,10.433
tza,sex_f,ocu_isco88_1,edu_aggregate_int,2001,1.851
tza,sex_f,ocu_isco88_1,edu_aggregate_int,2014,4.611
tza,sex_f,ocu_isco88_1,edu_aggregate_ltb,2001,160.903
tza,sex_f,ocu_isco88_1,edu_aggregate_ltb,2006,2.507
tza,sex_f,ocu_isco88_1,edu_aggregate_total,2001,182.163
tza,sex_f,ocu_isco88_1,edu_aggregate_total,2006,5.136
tza,sex_f,ocu_isco88_1,edu_aggregate_total,2012,11.734
tza,sex_f,ocu_isco88_1,edu_aggregate_total,2014,22.241
tza,sex_f,ocu_isco88_1,edu_isced11_total,2012,11.734
tza,sex_f,ocu_isco88_1,edu_isced97_0,2001,134.932
tza,sex_f,ocu_isco88_1,edu_isced97_0,2006,2.507
tza,sex_f,ocu_isco88_1,edu_isced97_1,2001,6.736
tza,sex_f,ocu_isco88_1,edu_isced97_1,2014,7.273
tza,sex_f,ocu_isco88_1,edu_isced97_2,2001,12.673
tza,sex_f,ocu_isco88_1,edu_isced97_2,2014,3.16
tza,sex_f,ocu_isco88_1,edu_isced97_3,2001,1.678
tza,sex_f,ocu_isco88_1,edu_isced97_3,2014,1.305
tza,sex_f,ocu_isco88_1,edu_isced97_4,2014,3.306
tza,sex_f,ocu_isco88_1,edu_isced97_5,2014,5.496
tza,sex_f,ocu_isco88_1,edu_isced97_total,2001,182.163
tza,sex_f,ocu_isco88_1,edu_isced97_total,2006,5.136
tza,sex_f,ocu_isco88_1,edu_isced97_total,2014,22.241
tza,sex_f,ocu_isco88_1,edu_isced97_x,2001,25.971
tza,sex_f,ocu_isco88_2,edu_aggregate_adv,2006,2.294
tza,sex_f,ocu_isco88_2,edu_aggregate_adv,2010,6.326
tza,sex_f,ocu_isco88_2,edu_aggregate_adv,2012,21.199
tza,sex_f,ocu_isco88_2,edu_aggregate_adv,2014,32.532
tza,sex_f,ocu_isco88_2,edu_aggregate_bas,2001,7.613
tza,sex_f,ocu_isco88_2,edu_aggregate_bas,2006,17.979
tza,sex_f,ocu_isco88_2,edu_aggregate_bas,2010,64.922
tza,sex_f,ocu_isco88_2,edu_aggregate_bas,2012,49.918
tza,sex_f,ocu_isco88_2,edu_aggregate_int,2001,2.058
tza,sex_f,ocu_isco88_2,edu_aggregate_int,2006,4.546
tza,sex_f,ocu_isco88_2,edu_aggregate_int,2010,19.048
tza,sex_f,ocu_isco88_2,edu_aggregate_int,2012,18.005
tza,sex_f,ocu_isco88_2,edu_aggregate_int,2014,9.062
tza,sex_f,ocu_isco88_2,edu_aggregate_ltb,2001,3.457
tza,sex_f,ocu_isco88_2,edu_aggregate_ltb,2006,14.168
tza,sex_f,ocu_isco88_2,edu_aggregate_total,2001,13.467
tza,sex_f,ocu_isco88_2,edu_aggregate_total,2006,38.987
tza,sex_f,ocu_isco88_2,edu_aggregate_total,2010,90.296
tza,sex_f,ocu_isco88_2,edu_aggregate_total,2012,96.058
tza,sex_f,ocu_isco88_2,edu_aggregate_total,2014,41.594
tza,sex_f,ocu_isco88_2,edu_isced11_2,2010,54.778
tza,sex_f,ocu_isco88_2,edu_isced11_2,2012,45.151
tza,sex_f,ocu_isco88_2,edu_isced11_3,2010,11.766
tza,sex_f,ocu_isco88_2,edu_isced11_3,2012,9.879
tza,sex_f,ocu_isco88_2,edu_isced11_4,2010,7.282
tza,sex_f,ocu_isco88_2,edu_isced11_6,2010,3.872
tza,sex_f,ocu_isco88_2,edu_isced11_6,2012,18.746
tza,sex_f,ocu_isco88_2,edu_isced11_total,2010,90.296
tza,sex_f,ocu_isco88_2,edu_isced11_total,2012,96.058
tza,sex_f,ocu_isco88_2,edu_isced97_0,2001,3.457
tza,sex_f,ocu_isco88_2,edu_isced97_0,2006,13.804
tza,sex_f,ocu_isco88_2,edu_isced97_1,2006,3.828
tza,sex_f,ocu_isco88_2,edu_isced97_2,2001,7.613
tza,sex_f,ocu_isco88_2,edu_isced97_2,2006,14.152
tza,sex_f,ocu_isco88_2,edu_isced97_3,2001,1.166
tza,sex_f,ocu_isco88_2,edu_isced97_3,2006,3.915
tza,sex_f,ocu_isco88_2,edu_isced97_3,2014,3.009
tza,sex_f,ocu_isco88_2,edu_isced97_4,2001,0.892
tza,sex_f,ocu_isco88_2,edu_isced97_4,2014,6.053
tza,sex_f,ocu_isco88_2,edu_isced97_5,2006,2.294
tza,sex_f,ocu_isco88_2,edu_isced97_5,2014,32.532
tza,sex_f,ocu_isco88_2,edu_isced97_total,2001,13.467
tza,sex_f,ocu_isco88_2,edu_isced97_total,2006,38.987
tza,sex_f,ocu_isco88_2,edu_isced97_total,2014,41.594
tza,sex_f,ocu_isco88_3,edu_aggregate_adv,2006,3.937
tza,sex_f,ocu_isco88_3,edu_aggregate_adv,2010,9.563
tza,sex_f,ocu_isco88_3,edu_aggregate_adv,2012,14.318
tza,sex_f,ocu_isco88_3,edu_aggregate_adv,2014,13.268
tza,sex_f,ocu_isco88_3,edu_aggregate_bas,2001,62.19
tza,sex_f,ocu_isco88_3,edu_aggregate_bas,2006,68.08
tza,sex_f,ocu_isco88_3,edu_aggregate_bas,2010,78.631
tza,sex_f,ocu_isco88_3,edu_aggregate_bas,2012,73.255
tza,sex_f,ocu_isco88_3,edu_aggregate_bas,2014,9.821
tza,sex_f,ocu_isco88_3,edu_aggregate_int,2001,2.145
tza,sex_f,ocu_isco88_3,edu_aggregate_int,2006,18.794
tza,sex_f,ocu_isco88_3,edu_aggregate_int,2010,10.147
tza,sex_f,ocu_isco88_3,edu_aggregate_int,2012,31.604
tza,sex_f,ocu_isco88_3,edu_aggregate_int,2014,195.48
tza,sex_f,ocu_isco88_3,edu_aggregate_ltb,2001,47.752
tza,sex_f,ocu_isco88_3,edu_aggregate_ltb,2006,33.685
tza,sex_f,ocu_isco88_3,edu_aggregate_total,2001,112.087
tza,sex_f,ocu_isco88_3,edu_aggregate_total,2006,124.496
tza,sex_f,ocu_isco88_3,edu_aggregate_total,2010,103.389
tza,sex_f,ocu_isco88_3,edu_aggregate_total,2012,121.075
tza,sex_f,ocu_isco88_3,edu_aggregate_total,2014,224.409
tza,sex_f,ocu_isco88_3,edu_isced11_1,2010,15.624
tza,sex_f,ocu_isco88_3,edu_isced11_2,2010,63.008
tza,sex_f,ocu_isco88_3,edu_isced11_2,2012,67.128
tza,sex_f,ocu_isco88_3,edu_isced11_3,2010,3.523
tza,sex_f,ocu_isco88_3,edu_isced11_3,2012,15.972
tza,sex_f,ocu_isco88_3,edu_isced11_4,2010,6.624
tza,sex_f,ocu_isco88_3,edu_isced11_4,2012,15.632
tza,sex_f,ocu_isco88_3,edu_isced11_6,2012,12.235
tza,sex_f,ocu_isco88_3,edu_isced11_total,2010,103.389
tza,sex_f,ocu_isco88_3,edu_isced11_total,2012,121.075
tza,sex_f,ocu_isco88_3,edu_isced97_0,2001,43.489
tza,sex_f,ocu_isco88_3,edu_isced97_0,2006,29.968
tza,sex_f,ocu_isco88_3,edu_isced97_1,2001,9.107
tza,sex_f,ocu_isco88_3,edu_isced97_1,2006,4.988
tza,sex_f,ocu_isco88_3,edu_isced97_1,2014,6.648
tza,sex_f,ocu_isco88_3,edu_isced97_2,2001,53.083
tza,sex_f,ocu_isco88_3,edu_isced97_2,2006,63.092
tza,sex_f,ocu_isco88_3,edu_isced97_2,2014,3.173
tza,sex_f,ocu_isco88_3,edu_isced97_3,2001,1.864
tza,sex_f,ocu_isco88_3,edu_isced97_3,2006,15.575
tza,sex_f,ocu_isco88_3,edu_isced97_3,2014,82.849
tza,sex_f,ocu_isco88_3,edu_isced97_4,2006,3.219
tza,sex_f,ocu_isco88_3,edu_isced97_4,2014,112.631
tza,sex_f,ocu_isco88_3,edu_isced97_5,2006,3.937
tza,sex_f,ocu_isco88_3,edu_isced97_5,2014,13.268
tza,sex_f,ocu_isco88_3,edu_isced97_total,2001,112.087
tza,sex_f,ocu_isco88_3,edu_isced97_total,2006,124.496
tza,sex_f,ocu_isco88_3,edu_isced97_total,2014,224.409
tza,sex_f,ocu_isco88_3,edu_isced97_x,2001,4.263
tza,sex_f,ocu_isco88_3,edu_isced97_x,2006,3.717
tza,sex_f,ocu_isco88_4,edu_aggregate_adv,2014,5.29
tza,sex_f,ocu_isco88_4,edu_aggregate_bas,2001,19.406
tza,sex_f,ocu_isco88_4,edu_aggregate_bas,2006,17.661
tza,sex_f,ocu_isco88_4,edu_aggregate_bas,2010,69.57
tza,sex_f,ocu_isco88_4,edu_aggregate_bas,2012,66.152
tza,sex_f,ocu_isco88_4,edu_aggregate_bas,2014,50.913
tza,sex_f,ocu_isco88_4,edu_aggregate_int,2001,1.199
tza,sex_f,ocu_isco88_4,edu_aggregate_int,2006,5.853
tza,sex_f,ocu_isco88_4,edu_aggregate_int,2012,7.378
tza,sex_f,ocu_isco88_4,edu_aggregate_int,2014,27.908
tza,sex_f,ocu_isco88_4,edu_aggregate_ltb,2001,10.957
tza,sex_f,ocu_isco88_4,edu_aggregate_ltb,2006,12.624
tza,sex_f,ocu_isco88_4,edu_aggregate_total,2001,31.561
tza,sex_f,ocu_isco88_4,edu_aggregate_total,2006,36.713
tza,sex_f,ocu_isco88_4,edu_aggregate_total,2010,76.796
tza,sex_f,ocu_isco88_4,edu_aggregate_total,2012,75.813
tza,sex_f,ocu_isco88_4,edu_aggregate_total,2014,84.932
tza,sex_f,ocu_isco88_4,edu_isced11_1,2010,17.189
tza,sex_f,ocu_isco88_4,edu_isced11_2,2010,52.381
tza,sex_f,ocu_isco88_4,edu_isced11_2,2012,60.914
tza,sex_f,ocu_isco88_4,edu_isced11_4,2012,5.478
tza,sex_f,ocu_isco88_4,edu_isced11_total,2010,76.796
tza,sex_f,ocu_isco88_4,edu_isced11_total,2012,75.813
tza,sex_f,ocu_isco88_4,edu_isced97_0,2001,10.957
tza,sex_f,ocu_isco88_4,edu_isced97_0,2006,10.227
tza,sex_f,ocu_isco88_4,edu_isced97_1,2001,2.894
tza,sex_f,ocu_isco88_4,edu_isced97_1,2006,2.614
tza,sex_f,ocu_isco88_4,edu_isced97_1,2014,17.891
tza,sex_f,ocu_isco88_4,edu_isced97_2,2001,16.511
tza,sex_f,ocu_isco88_4,edu_isced97_2,2006,15.047
tza,sex_f,ocu_isco88_4,edu_isced97_2,2014,33.022
tza,sex_f,ocu_isco88_4,edu_isced97_3,2001,1.098
tza,sex_f,ocu_isco88_4,edu_isced97_3,2006,5.296
tza,sex_f,ocu_isco88_4,edu_isced97_3,2014,19.76
tza,sex_f,ocu_isco88_4,edu_isced97_4,2014,8.149
tza,sex_f,ocu_isco88_4,edu_isced97_5,2014,5.29
tza,sex_f,ocu_isco88_4,edu_isced97_total,2001,31.561
tza,sex_f,ocu_isco88_4,edu_isced97_total,2006,36.713
tza,sex_f,ocu_isco88_4,edu_isced97_total,2014,84.932
tza,sex_f,ocu_isco88_5,edu_aggregate_adv,2014,3.396
tza,sex_f,ocu_isco88_5,edu_aggregate_bas,2001,40.515
tza,sex_f,ocu_isco88_5,edu_aggregate_bas,2006,98.189
tza,sex_f,ocu_isco88_5,edu_aggregate_bas,2010,296.387
tza,sex_f,ocu_isco88_5,edu_aggregate_bas,2012,327.932
tza,sex_f,ocu_isco88_5,edu_aggregate_bas,2014,845.706
tza,sex_f,ocu_isco88_5,edu_aggregate_int,2001,5.019
tza,sex_f,ocu_isco88_5,edu_aggregate_int,2006,3.543
tza,sex_f,ocu_isco88_5,edu_aggregate_int,2014,46.171
tza,sex_f,ocu_isco88_5,edu_aggregate_ltb,2001,303.449
tza,sex_f,ocu_isco88_5,edu_aggregate_ltb,2006,750.622
tza,sex_f,ocu_isco88_5,edu_aggregate_ltb,2010,134.798
tza,sex_f,ocu_isco88_5,edu_aggregate_ltb,2012,68.934
tza,sex_f,ocu_isco88_5,edu_aggregate_ltb,2014,132.574
tza,sex_f,ocu_isco88_5,edu_aggregate_total,2001,348.984
tza,sex_f,ocu_isco88_5,edu_aggregate_total,2006,852.881
tza,sex_f,ocu_isco88_5,edu_aggregate_total,2010,439.282
tza,sex_f,ocu_isco88_5,edu_aggregate_total,2012,396.866
tza,sex_f,ocu_isco88_5,edu_aggregate_total,2014,1027.848
tza,sex_f,ocu_isco88_5,edu_isced11_0,2010,51.986
tza,sex_f,ocu_isco88_5,edu_isced11_0,2012,35.729
tza,sex_f,ocu_isco88_5,edu_isced11_1,2010,231.492
tza,sex_f,ocu_isco88_5,edu_isced11_1,2012,210.003
tza,sex_f,ocu_isco88_5,edu_isced11_2,2010,64.895
tza,sex_f,ocu_isco88_5,edu_isced11_2,2012,117.929
tza,sex_f,ocu_isco88_5,edu_isced11_total,2010,439.282
tza,sex_f,ocu_isco88_5,edu_isced11_total,2012,396.866
tza,sex_f,ocu_isco88_5,edu_isced11_x,2010,82.812
tza,sex_f,ocu_isco88_5,edu_isced11_x,2012,33.205
tza,sex_f,ocu_isco88_5,edu_isced97_0,2001,263.728
tza,sex_f,ocu_isco88_5,edu_isced97_0,2006,635.98
tza,sex_f,ocu_isco88_5,edu_isced97_0,2014,77.565
tza,sex_f,ocu_isco88_5,edu_isced97_1,2001,14.447
tza,sex_f,ocu_isco88_5,edu_isced97_1,2006,27.36
tza,sex_f,ocu_isco88_5,edu_isced97_1,2014,675.308
tza,sex_f,ocu_isco88_5,edu_isced97_2,2001,26.068
tza,sex_f,ocu_isco88_5,edu_isced97_2,2006,70.829
tza,sex_f,ocu_isco88_5,edu_isced97_2,2014,170.398
tza,sex_f,ocu_isco88_5,edu_isced97_3,2001,5.019
tza,sex_f,ocu_isco88_5,edu_isced97_3,2006,2.719
tza,sex_f,ocu_isco88_5,edu_isced97_3,2014,27.053
tza,sex_f,ocu_isco88_5,edu_isced97_4,2014,19.118
tza,sex_f,ocu_isco88_5,edu_isced97_5,2014,3.396
tza,sex_f,ocu_isco88_5,edu_isced97_total,2001,348.984
tza,sex_f,ocu_isco88_5,edu_isced97_total,2006,852.881
tza,sex_f,ocu_isco88_5,edu_isced97_total,2014,1027.848
tza,sex_f,ocu_isco88_5,edu_isced97_x,2001,39.721
tza,sex_f,ocu_isco88_5,edu_isced97_x,2006,114.643
tza,sex_f,ocu_isco88_5,edu_isced97_x,2014,55.009
tza,sex_f,ocu_isco88_6,edu_aggregate_bas,2001,119.979
tza,sex_f,ocu_isco88_6,edu_aggregate_bas,2006,152.726
tza,sex_f,ocu_isco88_6,edu_aggregate_bas,2010,392.491
tza,sex_f,ocu_isco88_6,edu_aggregate_bas,2012,2819.843
tza,sex_f,ocu_isco88_6,edu_aggregate_bas,2014,4239.578
tza,sex_f,ocu_isco88_6,edu_aggregate_int,2001,4.942
tza,sex_f,ocu_isco88_6,edu_aggregate_int,2006,2.922
tza,sex_f,ocu_isco88_6,edu_aggregate_int,2014,46.418
tza,sex_f,ocu_isco88_6,edu_aggregate_ltb,2001,6168.074
tza,sex_f,ocu_isco88_6,edu_aggregate_ltb,2006,6899.23
tza,sex_f,ocu_isco88_6,edu_aggregate_ltb,2010,549.538
tza,sex_f,ocu_isco88_6,edu_aggregate_ltb,2012,2310.587
tza,sex_f,ocu_isco88_6,edu_aggregate_ltb,2014,3058.329
tza,sex_f,ocu_isco88_6,edu_aggregate_total,2001,6293.974
tza,sex_f,ocu_isco88_6,edu_aggregate_total,2006,7054.879
tza,sex_f,ocu_isco88_6,edu_aggregate_total,2010,948.688
tza,sex_f,ocu_isco88_6,edu_aggregate_total,2012,5144.423
tza,sex_f,ocu_isco88_6,edu_aggregate_total,2014,7345.043
tza,sex_f,ocu_isco88_6,edu_aggregate_x,2012,9.19
tza,sex_f,ocu_isco88_6,edu_isced11_0,2010,215.805
tza,sex_f,ocu_isco88_6,edu_isced11_0,2012,785.162
tza,sex_f,ocu_isco88_6,edu_isced11_1,2010,361.774
tza,sex_f,ocu_isco88_6,edu_isced11_1,2012,2406.702
tza,sex_f,ocu_isco88_6,edu_isced11_2,2010,30.717
tza,sex_f,ocu_isco88_6,edu_isced11_2,2012,413.141
tza,sex_f,ocu_isco88_6,edu_isced11_9,2012,9.19
tza,sex_f,ocu_isco88_6,edu_isced11_total,2010,948.688
tza,sex_f,ocu_isco88_6,edu_isced11_total,2012,5144.423
tza,sex_f,ocu_isco88_6,edu_isced11_x,2010,333.732
tza,sex_f,ocu_isco88_6,edu_isced11_x,2012,1525.425
tza,sex_f,ocu_isco88_6,edu_isced97_0,2001,3816.306
tza,sex_f,ocu_isco88_6,edu_isced97_0,2006,4250.64
tza,sex_f,ocu_isco88_6,edu_isced97_0,2014,1041.371
tza,sex_f,ocu_isco88_6,edu_isced97_1,2001,61.28
tza,sex_f,ocu_isco88_6,edu_isced97_1,2006,94.286
tza,sex_f,ocu_isco88_6,edu_isced97_1,2014,4009.863
tza,sex_f,ocu_isco88_6,edu_isced97_2,2001,58.699
tza,sex_f,ocu_isco88_6,edu_isced97_2,2006,58.44
tza,sex_f,ocu_isco88_6,edu_isced97_2,2014,229.716
tza,sex_f,ocu_isco88_6,edu_isced97_3,2001,4.942
tza,sex_f,ocu_isco88_6,edu_isced97_3,2014,23.524
tza,sex_f,ocu_isco88_6,edu_isced97_4,2014,22.894
tza,sex_f,ocu_isco88_6,edu_isced97_total,2001,6293.974
tza,sex_f,ocu_isco88_6,edu_isced97_total,2006,7054.879
tza,sex_f,ocu_isco88_6,edu_isced97_total,2014,7345.043
tza,sex_f,ocu_isco88_6,edu_isced97_x,2001,2351.767
tza,sex_f,ocu_isco88_6,edu_isced97_x,2006,2648.591
tza,sex_f,ocu_isco88_6,edu_isced97_x,2014,2016.958
tza,sex_f,ocu_isco88_7,edu_aggregate_bas,2001,12.606
tza,sex_f,ocu_isco88_7,edu_aggregate_bas,2006,22.508
tza,sex_f,ocu_isco88_7,edu_aggregate_bas,2010,69.436
tza,sex_f,ocu_isco88_7,edu_aggregate_bas,2012,53.936
tza,sex_f,ocu_isco88_7,edu_aggregate_bas,2014,217.113
tza,sex_f,ocu_isco88_7,edu_aggregate_int,2014,5.477
tza,sex_f,ocu_isco88_7,edu_aggregate_ltb,2001,61.77
tza,sex_f,ocu_isco88_7,edu_aggregate_ltb,2006,177.895
tza,sex_f,ocu_isco88_7,edu_aggregate_ltb,2010,26.258
tza,sex_f,ocu_isco88_7,edu_aggregate_ltb,2014,51.67
tza,sex_f,ocu_isco88_7,edu_aggregate_total,2001,74.633
tza,sex_f,ocu_isco88_7,edu_aggregate_total,2006,200.971
tza,sex_f,ocu_isco88_7,edu_aggregate_total,2010,95.694
tza,sex_f,ocu_isco88_7,edu_aggregate_total,2012,57.81
tza,sex_f,ocu_isco88_7,edu_aggregate_total,2014,274.736
tza,sex_f,ocu_isco88_7,edu_isced11_1,2010,46.664
tza,sex_f,ocu_isco88_7,edu_isced11_1,2012,33.952
tza,sex_f,ocu_isco88_7,edu_isced11_2,2010,22.773
tza,sex_f,ocu_isco88_7,edu_isced11_2,2012,19.984
tza,sex_f,ocu_isco88_7,edu_isced11_total,2010,95.694
tza,sex_f,ocu_isco88_7,edu_isced11_total,2012,57.81
tza,sex_f,ocu_isco88_7,edu_isced11_x,2010,14.235
tza,sex_f,ocu_isco88_7,edu_isced97_0,2001,47.471
tza,sex_f,ocu_isco88_7,edu_isced97_0,2006,140.904
tza,sex_f,ocu_isco88_7,edu_isced97_0,2014,25.14
tza,sex_f,ocu_isco88_7,edu_isced97_1,2001,3.319
tza,sex_f,ocu_isco88_7,edu_isced97_1,2006,6.837
tza,sex_f,ocu_isco88_7,edu_isced97_1,2014,181.655
tza,sex_f,ocu_isco88_7,edu_isced97_2,2001,9.287
tza,sex_f,ocu_isco88_7,edu_isced97_2,2006,15.672
tza,sex_f,ocu_isco88_7,edu_isced97_2,2014,35.458
tza,sex_f,ocu_isco88_7,edu_isced97_3,2014,2.954
tza,sex_f,ocu_isco88_7,edu_isced97_total,2001,74.633
tza,sex_f,ocu_isco88_7,edu_isced97_total,2006,200.971
tza,sex_f,ocu_isco88_7,edu_isced97_total,2014,274.736
tza,sex_f,ocu_isco88_7,edu_isced97_x,2001,14.299
tza,sex_f,ocu_isco88_7,edu_isced97_x,2006,36.991
tza,sex_f,ocu_isco88_7,edu_isced97_x,2014,26.53
tza,sex_f,ocu_isco88_8,edu_aggregate_bas,2001,2.735
tza,sex_f,ocu_isco88_8,edu_aggregate_bas,2006,2.911
tza,sex_f,ocu_isco88_8,edu_aggregate_bas,2010,35.703
tza,sex_f,ocu_isco88_8,edu_aggregate_bas,2012,25.782
tza,sex_f,ocu_isco88_8,edu_aggregate_bas,2014,16.347
tza,sex_f,ocu_isco88_8,edu_aggregate_ltb,2001,7.295
tza,sex_f,ocu_isco88_8,edu_aggregate_ltb,2006,26.801
tza,sex_f,ocu_isco88_8,edu_aggregate_ltb,2014,2.891
tza,sex_f,ocu_isco88_8,edu_aggregate_total,2001,10.078
tza,sex_f,ocu_isco88_8,edu_aggregate_total,2006,30.507
tza,sex_f,ocu_isco88_8,edu_aggregate_total,2010,39.877
tza,sex_f,ocu_isco88_8,edu_aggregate_total,2012,34.77
tza,sex_f,ocu_isco88_8,edu_aggregate_total,2014,20.736
tza,sex_f,ocu_isco88_8,edu_isced11_1,2010,33.09
tza,sex_f,ocu_isco88_8,edu_isced11_1,2012,15.481
tza,sex_f,ocu_isco88_8,edu_isced11_2,2012,10.301
tza,sex_f,ocu_isco88_8,edu_isced11_total,2010,39.877
tza,sex_f,ocu_isco88_8,edu_isced11_total,2012,34.77
tza,sex_f,ocu_isco88_8,edu_isced97_0,2001,5.808
tza,sex_f,ocu_isco88_8,edu_isced97_0,2006,25.073
tza,sex_f,ocu_isco88_8,edu_isced97_1,2014,11.483
tza,sex_f,ocu_isco88_8,edu_isced97_2,2001,2.403
tza,sex_f,ocu_isco88_8,edu_isced97_2,2014,4.864
tza,sex_f,ocu_isco88_8,edu_isced97_total,2001,10.078
tza,sex_f,ocu_isco88_8,edu_isced97_total,2006,30.507
tza,sex_f,ocu_isco88_8,edu_isced97_total,2014,20.736
tza,sex_f,ocu_isco88_9,edu_aggregate_bas,2001,25.944
tza,sex_f,ocu_isco88_9,edu_aggregate_bas,2006,83.59
tza,sex_f,ocu_isco88_9,edu_aggregate_bas,2010,223.587
tza,sex_f,ocu_isco88_9,edu_aggregate_bas,2012,683.233
tza,sex_f,ocu_isco88_9,edu_aggregate_bas,2014,1074.563
tza,sex_f,ocu_isco88_9,edu_aggregate_int,2006,3.578
tza,sex_f,ocu_isco88_9,edu_aggregate_int,2014,8.868
tza,sex_f,ocu_isco88_9,edu_aggregate_ltb,2001,401.026
tza,sex_f,ocu_isco88_9,edu_aggregate_ltb,2006,731.789
tza,sex_f,ocu_isco88_9,edu_aggregate_ltb,2010,168.024
tza,sex_f,ocu_isco88_9,edu_aggregate_ltb,2012,556.054
tza,sex_f,ocu_isco88_9,edu_aggregate_ltb,2014,315.786
tza,sex_f,ocu_isco88_9,edu_aggregate_total,2001,427.839
tza,sex_f,ocu_isco88_9,edu_aggregate_total,2006,818.958
tza,sex_f,ocu_isco88_9,edu_aggregate_total,2010,392.272
tza,sex_f,ocu_isco88_9,edu_aggregate_total,2012,1239.286
tza,sex_f,ocu_isco88_9,edu_aggregate_total,2014,1399.704
tza,sex_f,ocu_isco88_9,edu_isced11_0,2010,56.192
tza,sex_f,ocu_isco88_9,edu_isced11_0,2012,180.846
tza,sex_f,ocu_isco88_9,edu_isced11_1,2010,193.632
tza,sex_f,ocu_isco88_9,edu_isced11_1,2012,602.377
tza,sex_f,ocu_isco88_9,edu_isced11_2,2010,29.955
tza,sex_f,ocu_isco88_9,edu_isced11_2,2012,80.856
tza,sex_f,ocu_isco88_9,edu_isced11_total,2010,392.272
tza,sex_f,ocu_isco88_9,edu_isced11_total,2012,1239.286
tza,sex_f,ocu_isco88_9,edu_isced11_x,2010,111.832
tza,sex_f,ocu_isco88_9,edu_isced11_x,2012,375.207
tza,sex_f,ocu_isco88_9,edu_isced97_0,2001,318.443
tza,sex_f,ocu_isco88_9,edu_isced97_0,2006,572.181
tza,sex_f,ocu_isco88_9,edu_isced97_0,2014,149.639
tza,sex_f,ocu_isco88_9,edu_isced97_1,2001,11.085
tza,sex_f,ocu_isco88_9,edu_isced97_1,2006,46.931
tza,sex_f,ocu_isco88_9,edu_isced97_1,2014,978.502
tza,sex_f,ocu_isco88_9,edu_isced97_2,2001,14.859
tza,sex_f,ocu_isco88_9,edu_isced97_2,2006,36.659
tza,sex_f,ocu_isco88_9,edu_isced97_2,2014,96.061
tza,sex_f,ocu_isco88_9,edu_isced97_3,2006,3.578
tza,sex_f,ocu_isco88_9,edu_isced97_3,2014,7.91
tza,sex_f,ocu_isco88_9,edu_isced97_total,2001,427.839
tza,sex_f,ocu_isco88_9,edu_isced97_total,2006,818.958
tza,sex_f,ocu_isco88_9,edu_isced97_total,2014,1399.704
tza,sex_f,ocu_isco88_9,edu_isced97_x,2001,82.584
tza,sex_f,ocu_isco88_9,edu_isced97_x,2006,159.608
tza,sex_f,ocu_isco88_9,edu_isced97_x,2014,166.147
tza,sex_f,ocu_isco88_total,edu_aggregate_adv,2001,0.466
tza,sex_f,ocu_isco88_total,edu_aggregate_adv,2006,7.858
tza,sex_f,ocu_isco88_total,edu_aggregate_adv,2010,25.409
tza,sex_f,ocu_isco88_total,edu_aggregate_adv,2012,49.803
tza,sex_f,ocu_isco88_total,edu_aggregate_adv,2014,61.664
tza,sex_f,ocu_isco88_total,edu_aggregate_bas,2001,310.396
tza,sex_f,ocu_isco88_total,edu_aggregate_bas,2006,465.061
tza,sex_f,ocu_isco88_total,edu_aggregate_bas,2010,6057.544
tza,sex_f,ocu_isco88_total,edu_aggregate_bas,2012,5768.372
tza,sex_f,ocu_isco88_total,edu_aggregate_bas,2014,6464.474
tza,sex_f,ocu_isco88_total,edu_aggregate_int,2001,18.341
tza,sex_f,ocu_isco88_total,edu_aggregate_int,2006,41.602
tza,sex_f,ocu_isco88_total,edu_aggregate_int,2010,56.885
tza,sex_f,ocu_isco88_total,edu_aggregate_int,2012,67.003
tza,sex_f,ocu_isco88_total,edu_aggregate_int,2014,345.494
tza,sex_f,ocu_isco88_total,edu_aggregate_ltb,2001,7164.87
tza,sex_f,ocu_isco88_total,edu_aggregate_ltb,2006,8650.191
tza,sex_f,ocu_isco88_total,edu_aggregate_ltb,2010,4636.39
tza,sex_f,ocu_isco88_total,edu_aggregate_ltb,2012,3679.035
tza,sex_f,ocu_isco88_total,edu_aggregate_ltb,2014,3569.611
tza,sex_f,ocu_isco88_total,edu_aggregate_total,2001,7494.973
tza,sex_f,ocu_isco88_total,edu_aggregate_total,2006,9164.713
tza,sex_f,ocu_isco88_total,edu_aggregate_total,2010,10802.195
tza,sex_f,ocu_isco88_total,edu_aggregate_total,2012,9577.01
tza,sex_f,ocu_isco88_total,edu_aggregate_total,2014,10441.242
tza,sex_f,ocu_isco88_total,edu_aggregate_x,2010,25.967
tza,sex_f,ocu_isco88_total,edu_aggregate_x,2012,12.797
tza,sex_f,ocu_isco88_total,edu_isced11_0,2010,1648.556
tza,sex_f,ocu_isco88_total,edu_isced11_0,2012,1280.887
tza,sex_f,ocu_isco88_total,edu_isced11_1,2010,4821.54
tza,sex_f,ocu_isco88_total,edu_isced11_1,2012,4568.176
tza,sex_f,ocu_isco88_total,edu_isced11_2,2010,1236.004
tza,sex_f,ocu_isco88_total,edu_isced11_2,2012,1200.196
tza,sex_f,ocu_isco88_total,edu_isced11_3,2010,38.653
tza,sex_f,ocu_isco88_total,edu_isced11_3,2012,34.771
tza,sex_f,ocu_isco88_total,edu_isced11_4,2010,18.232
tza,sex_f,ocu_isco88_total,edu_isced11_4,2012,32.232
tza,sex_f,ocu_isco88_total,edu_isced11_6,2010,21.805
tza,sex_f,ocu_isco88_total,edu_isced11_6,2012,45.267
tza,sex_f,ocu_isco88_total,edu_isced11_7,2012,4.535
tza,sex_f,ocu_isco88_total,edu_isced11_9,2010,25.967
tza,sex_f,ocu_isco88_total,edu_isced11_9,2012,12.797
tza,sex_f,ocu_isco88_total,edu_isced11_total,2010,10802.195
tza,sex_f,ocu_isco88_total,edu_isced11_total,2012,9577.01
tza,sex_f,ocu_isco88_total,edu_isced11_x,2010,2987.834
tza,sex_f,ocu_isco88_total,edu_isced11_x,2012,2398.148
tza,sex_f,ocu_isco88_total,edu_isced97_0,2001,4644.778
tza,sex_f,ocu_isco88_total,edu_isced97_0,2006,5681.599
tza,sex_f,ocu_isco88_total,edu_isced97_0,2014,1296.524
tza,sex_f,ocu_isco88_total,edu_isced97_1,2001,109.2
tza,sex_f,ocu_isco88_total,edu_isced97_1,2006,188.75
tza,sex_f,ocu_isco88_total,edu_isced97_1,2014,5888.622
tza,sex_f,ocu_isco88_total,edu_isced97_2,2001,201.195
tza,sex_f,ocu_isco88_total,edu_isced97_2,2006,276.312
tza,sex_f,ocu_isco88_total,edu_isced97_2,2014,575.852
tza,sex_f,ocu_isco88_total,edu_isced97_3,2001,16.765
tza,sex_f,ocu_isco88_total,edu_isced97_3,2006,33.717
tza,sex_f,ocu_isco88_total,edu_isced97_3,2014,169.722
tza,sex_f,ocu_isco88_total,edu_isced97_4,2001,1.576
tza,sex_f,ocu_isco88_total,edu_isced97_4,2006,7.884
tza,sex_f,ocu_isco88_total,edu_isced97_4,2014,175.772
tza,sex_f,ocu_isco88_total,edu_isced97_5,2001,0.466
tza,sex_f,ocu_isco88_total,edu_isced97_5,2006,7.858
tza,sex_f,ocu_isco88_total,edu_isced97_5,2014,61.664
tza,sex_f,ocu_isco88_total,edu_isced97_total,2001,7494.973
tza,sex_f,ocu_isco88_total,edu_isced97_total,2006,9164.713
tza,sex_f,ocu_isco88_total,edu_isced97_total,2014,10441.242
tza,sex_f,ocu_isco88_total,edu_isced97_x,2001,2520.091
tza,sex_f,ocu_isco88_total,edu_isced97_x,2006,2968.592
tza,sex_f,ocu_isco88_total,edu_isced97_x,2014,2273.087
tza,sex_f,ocu_isco88_x,edu_aggregate_adv,2012,4.963
tza,sex_f,ocu_isco88_x,edu_aggregate_bas,2010,4773.77
tza,sex_f,ocu_isco88_x,edu_aggregate_bas,2012,1659.712
tza,sex_f,ocu_isco88_x,edu_aggregate_int,2010,20
tza,sex_f,ocu_isco88_x,edu_aggregate_int,2012,7.665
tza,sex_f,ocu_isco88_x,edu_aggregate_ltb,2010,3735.906
tza,sex_f,ocu_isco88_x,edu_aggregate_ltb,2012,723.176
tza,sex_f,ocu_isco88_x,edu_aggregate_total,2010,8548.787
tza,sex_f,ocu_isco88_x,edu_aggregate_total,2012,2395.581
tza,sex_f,ocu_isco88_x,edu_aggregate_x,2010,15.146
tza,sex_f,ocu_isco88_x,edu_isced11_0,2010,1306.366
tza,sex_f,ocu_isco88_x,edu_isced11_0,2012,268.858
tza,sex_f,ocu_isco88_x,edu_isced11_1,2010,3872.115
tza,sex_f,ocu_isco88_x,edu_isced11_1,2012,1283.527
tza,sex_f,ocu_isco88_x,edu_isced11_2,2010,901.655
tza,sex_f,ocu_isco88_x,edu_isced11_2,2012,376.185
tza,sex_f,ocu_isco88_x,edu_isced11_3,2010,17.288
tza,sex_f,ocu_isco88_x,edu_isced11_3,2012,4.67
tza,sex_f,ocu_isco88_x,edu_isced11_6,2012,4.963
tza,sex_f,ocu_isco88_x,edu_isced11_9,2010,15.146
tza,sex_f,ocu_isco88_x,edu_isced11_total,2010,8548.787
tza,sex_f,ocu_isco88_x,edu_isced11_total,2012,2395.581
tza,sex_f,ocu_isco88_x,edu_isced11_x,2010,2429.54
tza,sex_f,ocu_isco88_x,edu_isced11_x,2012,454.318
tza,sex_f,ocu_skill_l1,edu_aggregate_adv,2020,13.745
tza,sex_f,ocu_skill_l1,edu_aggregate_adv,2024,90.212
tza,sex_f,ocu_skill_l1,edu_aggregate_bas,2001,25.944
tza,sex_f,ocu_skill_l1,edu_aggregate_bas,2006,83.59
tza,sex_f,ocu_skill_l1,edu_aggregate_bas,2010,223.587
tza,sex_f,ocu_skill_l1,edu_aggregate_bas,2012,683.233
tza,sex_f,ocu_skill_l1,edu_aggregate_bas,2014,1074.563
tza,sex_f,ocu_skill_l1,edu_aggregate_bas,2020,837.269
tza,sex_f,ocu_skill_l1,edu_aggregate_bas,2024,2445.184
tza,sex_f,ocu_skill_l1,edu_aggregate_int,2006,3.578
tza,sex_f,ocu_skill_l1,edu_aggregate_int,2014,8.868
tza,sex_f,ocu_skill_l1,edu_aggregate_int,2020,192.768
tza,sex_f,ocu_skill_l1,edu_aggregate_int,2024,737.972
tza,sex_f,ocu_skill_l1,edu_aggregate_ltb,2001,401.026
tza,sex_f,ocu_skill_l1,edu_aggregate_ltb,2006,731.789
tza,sex_f,ocu_skill_l1,edu_aggregate_ltb,2010,168.024
tza,sex_f,ocu_skill_l1,edu_aggregate_ltb,2012,556.054
tza,sex_f,ocu_skill_l1,edu_aggregate_ltb,2014,315.786
tza,sex_f,ocu_skill_l1,edu_aggregate_ltb,2020,292.29
tza,sex_f,ocu_skill_l1,edu_aggregate_ltb,2024,591.433
tza,sex_f,ocu_skill_l1,edu_aggregate_total,2001,427.839
tza,sex_f,ocu_skill_l1,edu_aggregate_total,2006,818.958
tza,sex_f,ocu_skill_l1,edu_aggregate_total,2010,392.272
tza,sex_f,ocu_skill_l1,edu_aggregate_total,2012,1239.286
tza,sex_f,ocu_skill_l1,edu_aggregate_total,2014,1399.704
tza,sex_f,ocu_skill_l1,edu_aggregate_total,2020,1649.414
tza,sex_f,ocu_skill_l1,edu_aggregate_total,2024,4790.572
tza,sex_f,ocu_skill_l1,edu_aggregate_x,2020,313.342
tza,sex_f,ocu_skill_l1,edu_aggregate_x,2024,925.771
tza,sex_f,ocu_skill_l1,edu_isced11_0,2010,56.192
tza,sex_f,ocu_skill_l1,edu_isced11_0,2012,180.846
tza,sex_f,ocu_skill_l1,edu_isced11_1,2010,193.632
tza,sex_f,ocu_skill_l1,edu_isced11_1,2012,602.377
tza,sex_f,ocu_skill_l1,edu_isced11_1,2020,834.853
tza,sex_f,ocu_skill_l1,edu_isced11_1,2024,2435.548
tza,sex_f,ocu_skill_l1,edu_isced11_2,2010,29.955
tza,sex_f,ocu_skill_l1,edu_isced11_2,2012,80.856
tza,sex_f,ocu_skill_l1,edu_isced11_2,2024,9.636
tza,sex_f,ocu_skill_l1,edu_isced11_3,2020,180.03
tza,sex_f,ocu_skill_l1,edu_isced11_3,2024,698.049
tza,sex_f,ocu_skill_l1,edu_isced11_4,2020,12.738
tza,sex_f,ocu_skill_l1,edu_isced11_4,2024,39.922
tza,sex_f,ocu_skill_l1,edu_isced11_5,2020,11.012
tza,sex_f,ocu_skill_l1,edu_isced11_5,2024,62.14
tza,sex_f,ocu_skill_l1,edu_isced11_6,2020,2.733
tza,sex_f,ocu_skill_l1,edu_isced11_6,2024,24.028
tza,sex_f,ocu_skill_l1,edu_isced11_9,2020,313.342
tza,sex_f,ocu_skill_l1,edu_isced11_9,2024,925.771
tza,sex_f,ocu_skill_l1,edu_isced11_total,2010,392.272
tza,sex_f,ocu_skill_l1,edu_isced11_total,2012,1239.286
tza,sex_f,ocu_skill_l1,edu_isced11_total,2020,1649.414
tza,sex_f,ocu_skill_l1,edu_isced11_total,2024,4790.572
tza,sex_f,ocu_skill_l1,edu_isced11_x,2010,111.832
tza,sex_f,ocu_skill_l1,edu_isced11_x,2012,375.207
tza,sex_f,ocu_skill_l1,edu_isced11_x,2020,292.29
tza,sex_f,ocu_skill_l1,edu_isced11_x,2024,591.433
tza,sex_f,ocu_skill_l1,edu_isced97_0,2001,318.443
tza,sex_f,ocu_skill_l1,edu_isced97_0,2006,572.181
tza,sex_f,ocu_skill_l1,edu_isced97_0,2014,149.639
tza,sex_f,ocu_skill_l1,edu_isced97_1,2001,11.085
tza,sex_f,ocu_skill_l1,edu_isced97_1,2006,46.931
tza,sex_f,ocu_skill_l1,edu_isced97_1,2014,978.502
tza,sex_f,ocu_skill_l1,edu_isced97_2,2001,14.859
tza,sex_f,ocu_skill_l1,edu_isced97_2,2006,36.659
tza,sex_f,ocu_skill_l1,edu_isced97_2,2014,96.061
tza,sex_f,ocu_skill_l1,edu_isced97_3,2006,3.578
tza,sex_f,ocu_skill_l1,edu_isced97_3,2014,7.91
tza,sex_f,ocu_skill_l1,edu_isced97_total,2001,427.839
tza,sex_f,ocu_skill_l1,edu_isced97_total,2006,818.958
tza,sex_f,ocu_skill_l1,edu_isced97_total,2014,1399.704
tza,sex_f,ocu_skill_l1,edu_isced97_x,2001,82.584
tza,sex_f,ocu_skill_l1,edu_isced97_x,2006,159.608
tza,sex_f,ocu_skill_l1,edu_isced97_x,2014,166.147
tza,sex_f,ocu_skill_l2,edu_aggregate_adv,2012,5.904
tza,sex_f,ocu_skill_l2,edu_aggregate_adv,2014,9.879
tza,sex_f,ocu_skill_l2,edu_aggregate_adv,2020,132.071
tza,sex_f,ocu_skill_l2,edu_aggregate_adv,2024,178.318
tza,sex_f,ocu_skill_l2,edu_aggregate_bas,2001,195.24
tza,sex_f,ocu_skill_l2,edu_aggregate_bas,2006,293.996
tza,sex_f,ocu_skill_l2,edu_aggregate_bas,2010,863.586
tza,sex_f,ocu_skill_l2,edu_aggregate_bas,2012,3293.646
tza,sex_f,ocu_skill_l2,edu_aggregate_bas,2014,5369.657
tza,sex_f,ocu_skill_l2,edu_aggregate_bas,2020,5189.319
tza,sex_f,ocu_skill_l2,edu_aggregate_bas,2024,4938.716
tza,sex_f,ocu_skill_l2,edu_aggregate_int,2001,11.418
tza,sex_f,ocu_skill_l2,edu_aggregate_int,2006,13.681
tza,sex_f,ocu_skill_l2,edu_aggregate_int,2010,7.028
tza,sex_f,ocu_skill_l2,edu_aggregate_int,2012,8.56
tza,sex_f,ocu_skill_l2,edu_aggregate_int,2014,127.473
tza,sex_f,ocu_skill_l2,edu_aggregate_int,2020,912.333
tza,sex_f,ocu_skill_l2,edu_aggregate_int,2024,1103.889
tza,sex_f,ocu_skill_l2,edu_aggregate_ltb,2001,6551.544
tza,sex_f,ocu_skill_l2,edu_aggregate_ltb,2006,7867.172
tza,sex_f,ocu_skill_l2,edu_aggregate_ltb,2010,714.768
tza,sex_f,ocu_skill_l2,edu_aggregate_ltb,2012,2392.382
tza,sex_f,ocu_skill_l2,edu_aggregate_ltb,2014,3246.285
tza,sex_f,ocu_skill_l2,edu_aggregate_ltb,2020,2185.146
tza,sex_f,ocu_skill_l2,edu_aggregate_ltb,2024,1852.787
tza,sex_f,ocu_skill_l2,edu_aggregate_total,2001,6759.23
tza,sex_f,ocu_skill_l2,edu_aggregate_total,2006,8175.951
tza,sex_f,ocu_skill_l2,edu_aggregate_total,2010,1600.337
tza,sex_f,ocu_skill_l2,edu_aggregate_total,2012,5709.682
tza,sex_f,ocu_skill_l2,edu_aggregate_total,2014,8753.294
tza,sex_f,ocu_skill_l2,edu_aggregate_total,2020,10287.691
tza,sex_f,ocu_skill_l2,edu_aggregate_total,2024,10135.365
tza,sex_f,ocu_skill_l2,edu_aggregate_x,2012,9.19
tza,sex_f,ocu_skill_l2,edu_aggregate_x,2020,1868.822
tza,sex_f,ocu_skill_l2,edu_aggregate_x,2024,2061.656
tza,sex_f,ocu_skill_l2,edu_isced11_0,2010,282.163
tza,sex_f,ocu_skill_l2,edu_isced11_0,2012,828.495
tza,sex_f,ocu_skill_l2,edu_isced11_1,2010,690.208
tza,sex_f,ocu_skill_l2,edu_isced11_1,2012,2671.377
tza,sex_f,ocu_skill_l2,edu_isced11_1,2020,5163.221
tza,sex_f,ocu_skill_l2,edu_isced11_1,2024,4909.324
tza,sex_f,ocu_skill_l2,edu_isced11_2,2010,173.378
tza,sex_f,ocu_skill_l2,edu_isced11_2,2012,622.269
tza,sex_f,ocu_skill_l2,edu_isced11_2,2020,26.098
tza,sex_f,ocu_skill_l2,edu_isced11_2,2024,29.391
tza,sex_f,ocu_skill_l2,edu_isced11_3,2010,5.413
tza,sex_f,ocu_skill_l2,edu_isced11_3,2020,828.603
tza,sex_f,ocu_skill_l2,edu_isced11_3,2024,1031.137
tza,sex_f,ocu_skill_l2,edu_isced11_4,2012,5.478
tza,sex_f,ocu_skill_l2,edu_isced11_4,2020,83.73
tza,sex_f,ocu_skill_l2,edu_isced11_4,2024,72.752
tza,sex_f,ocu_skill_l2,edu_isced11_5,2020,90.84
tza,sex_f,ocu_skill_l2,edu_isced11_5,2024,121.894
tza,sex_f,ocu_skill_l2,edu_isced11_6,2012,5.904
tza,sex_f,ocu_skill_l2,edu_isced11_6,2020,41.231
tza,sex_f,ocu_skill_l2,edu_isced11_6,2024,50.495
tza,sex_f,ocu_skill_l2,edu_isced11_8,2024,5.928
tza,sex_f,ocu_skill_l2,edu_isced11_9,2012,9.19
tza,sex_f,ocu_skill_l2,edu_isced11_9,2020,1868.822
tza,sex_f,ocu_skill_l2,edu_isced11_9,2024,2061.656
tza,sex_f,ocu_skill_l2,edu_isced11_total,2010,1600.337
tza,sex_f,ocu_skill_l2,edu_isced11_total,2012,5709.682
tza,sex_f,ocu_skill_l2,edu_isced11_total,2020,10287.691
tza,sex_f,ocu_skill_l2,edu_isced11_total,2024,10135.365
tza,sex_f,ocu_skill_l2,edu_isced11_x,2010,432.605
tza,sex_f,ocu_skill_l2,edu_isced11_x,2012,1563.887
tza,sex_f,ocu_skill_l2,edu_isced11_x,2020,2185.146
tza,sex_f,ocu_skill_l2,edu_isced11_x,2024,1852.787
tza,sex_f,ocu_skill_l2,edu_isced97_0,2001,4144.27
tza,sex_f,ocu_skill_l2,edu_isced97_0,2006,5062.823
tza,sex_f,ocu_skill_l2,edu_isced97_0,2014,1145.183
tza,sex_f,ocu_skill_l2,edu_isced97_1,2001,82.272
tza,sex_f,ocu_skill_l2,edu_isced97_1,2006,132.591
tza,sex_f,ocu_skill_l2,edu_isced97_1,2014,4896.199
tza,sex_f,ocu_skill_l2,edu_isced97_2,2001,112.968
tza,sex_f,ocu_skill_l2,edu_isced97_2,2006,161.405
tza,sex_f,ocu_skill_l2,edu_isced97_2,2014,473.458
tza,sex_f,ocu_skill_l2,edu_isced97_3,2001,11.188
tza,sex_f,ocu_skill_l2,edu_isced97_3,2006,9.646
tza,sex_f,ocu_skill_l2,edu_isced97_3,2014,74.648
tza,sex_f,ocu_skill_l2,edu_isced97_4,2006,4.035
tza,sex_f,ocu_skill_l2,edu_isced97_4,2014,52.825
tza,sex_f,ocu_skill_l2,edu_isced97_5,2014,9.879
tza,sex_f,ocu_skill_l2,edu_isced97_total,2001,6759.23
tza,sex_f,ocu_skill_l2,edu_isced97_total,2006,8175.951
tza,sex_f,ocu_skill_l2,edu_isced97_total,2014,8753.294
tza,sex_f,ocu_skill_l2,edu_isced97_x,2001,2407.274
tza,sex_f,ocu_skill_l2,edu_isced97_x,2006,2804.349
tza,sex_f,ocu_skill_l2,edu_isced97_x,2014,2101.101
tza,sex_f,ocu_skill_l3_4,edu_aggregate_adv,2006,6.757
tza,sex_f,ocu_skill_l3_4,edu_aggregate_adv,2010,16.453
tza,sex_f,ocu_skill_l3_4,edu_aggregate_adv,2012,38.935
tza,sex_f,ocu_skill_l3_4,edu_aggregate_adv,2014,51.297
tza,sex_f,ocu_skill_l3_4,edu_aggregate_adv,2020,135.101
tza,sex_f,ocu_skill_l3_4,edu_aggregate_adv,2024,308.023
tza,sex_f,ocu_skill_l3_4,edu_aggregate_bas,2001,89.211
tza,sex_f,ocu_skill_l3_4,edu_aggregate_bas,2006,87.159
tza,sex_f,ocu_skill_l3_4,edu_aggregate_bas,2010,152.748
tza,sex_f,ocu_skill_l3_4,edu_aggregate_bas,2012,128.189
tza,sex_f,ocu_skill_l3_4,edu_aggregate_bas,2014,20.254
tza,sex_f,ocu_skill_l3_4,edu_aggregate_bas,2020,6.552
tza,sex_f,ocu_skill_l3_4,edu_aggregate_bas,2024,38.689
tza,sex_f,ocu_skill_l3_4,edu_aggregate_int,2001,6.055
tza,sex_f,ocu_skill_l3_4,edu_aggregate_int,2006,24.343
tza,sex_f,ocu_skill_l3_4,edu_aggregate_int,2010,29.196
tza,sex_f,ocu_skill_l3_4,edu_aggregate_int,2012,50.777
tza,sex_f,ocu_skill_l3_4,edu_aggregate_int,2014,209.153
tza,sex_f,ocu_skill_l3_4,edu_aggregate_int,2020,64.824
tza,sex_f,ocu_skill_l3_4,edu_aggregate_int,2024,114.56
tza,sex_f,ocu_skill_l3_4,edu_aggregate_ltb,2001,212.112
tza,sex_f,ocu_skill_l3_4,edu_aggregate_ltb,2006,50.36
tza,sex_f,ocu_skill_l3_4,edu_aggregate_ltb,2024,7.965
tza,sex_f,ocu_skill_l3_4,edu_aggregate_total,2001,307.717
tza,sex_f,ocu_skill_l3_4,edu_aggregate_total,2006,168.619
tza,sex_f,ocu_skill_l3_4,edu_aggregate_total,2010,203.444
tza,sex_f,ocu_skill_l3_4,edu_aggregate_total,2012,228.868
tza,sex_f,ocu_skill_l3_4,edu_aggregate_total,2014,288.244
tza,sex_f,ocu_skill_l3_4,edu_aggregate_total,2020,249.837
tza,sex_f,ocu_skill_l3_4,edu_aggregate_total,2024,486.919
tza,sex_f,ocu_skill_l3_4,edu_aggregate_x,2020,43.359
tza,sex_f,ocu_skill_l3_4,edu_aggregate_x,2024,17.682
tza,sex_f,ocu_skill_l3_4,edu_isced11_1,2010,25.768
tza,sex_f,ocu_skill_l3_4,edu_isced11_1,2012,10.894
tza,sex_f,ocu_skill_l3_4,edu_isced11_1,2020,6.018
tza,sex_f,ocu_skill_l3_4,edu_isced11_1,2024,34.013
tza,sex_f,ocu_skill_l3_4,edu_isced11_2,2010,126.98
tza,sex_f,ocu_skill_l3_4,edu_isced11_2,2012,117.295
tza,sex_f,ocu_skill_l3_4,edu_isced11_2,2024,4.676
tza,sex_f,ocu_skill_l3_4,edu_isced11_3,2010,15.289
tza,sex_f,ocu_skill_l3_4,edu_isced11_3,2012,27.018
tza,sex_f,ocu_skill_l3_4,edu_isced11_3,2020,10.339
tza,sex_f,ocu_skill_l3_4,edu_isced11_3,2024,76.138
tza,sex_f,ocu_skill_l3_4,edu_isced11_4,2010,13.906
tza,sex_f,ocu_skill_l3_4,edu_isced11_4,2012,23.759
tza,sex_f,ocu_skill_l3_4,edu_isced11_4,2020,54.485
tza,sex_f,ocu_skill_l3_4,edu_isced11_4,2024,38.422
tza,sex_f,ocu_skill_l3_4,edu_isced11_5,2020,42.971
tza,sex_f,ocu_skill_l3_4,edu_isced11_5,2024,143.682
tza,sex_f,ocu_skill_l3_4,edu_isced11_6,2010,12.849
tza,sex_f,ocu_skill_l3_4,edu_isced11_6,2012,34.4
tza,sex_f,ocu_skill_l3_4,edu_isced11_6,2020,92.129
tza,sex_f,ocu_skill_l3_4,edu_isced11_6,2024,147.236
tza,sex_f,ocu_skill_l3_4,edu_isced11_7,2012,4.535
tza,sex_f,ocu_skill_l3_4,edu_isced11_8,2024,17.105
tza,sex_f,ocu_skill_l3_4,edu_isced11_9,2020,43.359
tza,sex_f,ocu_skill_l3_4,edu_isced11_9,2024,17.682
tza,sex_f,ocu_skill_l3_4,edu_isced11_total,2010,203.444
tza,sex_f,ocu_skill_l3_4,edu_isced11_total,2012,228.868
tza,sex_f,ocu_skill_l3_4,edu_isced11_total,2020,249.837
tza,sex_f,ocu_skill_l3_4,edu_isced11_total,2024,486.919
tza,sex_f,ocu_skill_l3_4,edu_isced11_x,2024,7.965
tza,sex_f,ocu_skill_l3_4,edu_isced97_0,2001,181.878
tza,sex_f,ocu_skill_l3_4,edu_isced97_0,2006,46.279
tza,sex_f,ocu_skill_l3_4,edu_isced97_1,2001,15.842
tza,sex_f,ocu_skill_l3_4,edu_isced97_1,2006,9.227
tza,sex_f,ocu_skill_l3_4,edu_isced97_1,2014,13.921
tza,sex_f,ocu_skill_l3_4,edu_isced97_2,2001,73.368
tza,sex_f,ocu_skill_l3_4,edu_isced97_2,2006,77.932
tza,sex_f,ocu_skill_l3_4,edu_isced97_2,2014,6.333
tza,sex_f,ocu_skill_l3_4,edu_isced97_3,2001,4.708
tza,sex_f,ocu_skill_l3_4,edu_isced97_3,2006,20.493
tza,sex_f,ocu_skill_l3_4,edu_isced97_3,2014,87.164
tza,sex_f,ocu_skill_l3_4,edu_isced97_4,2001,1.346
tza,sex_f,ocu_skill_l3_4,edu_isced97_4,2006,3.85
tza,sex_f,ocu_skill_l3_4,edu_isced97_4,2014,121.989
tza,sex_f,ocu_skill_l3_4,edu_isced97_5,2006,6.757
tza,sex_f,ocu_skill_l3_4,edu_isced97_5,2014,51.297
tza,sex_f,ocu_skill_l3_4,edu_isced97_total,2001,307.717
tza,sex_f,ocu_skill_l3_4,edu_isced97_total,2006,168.619
tza,sex_f,ocu_skill_l3_4,edu_isced97_total,2014,288.244
tza,sex_f,ocu_skill_l3_4,edu_isced97_x,2001,30.234
tza,sex_f,ocu_skill_l3_4,edu_isced97_x,2006,4.081
tza,sex_f,ocu_skill_total,edu_aggregate_adv,2001,0.466
tza,sex_f,ocu_skill_total,edu_aggregate_adv,2006,7.858
tza,sex_f,ocu_skill_total,edu_aggregate_adv,2010,25.409
tza,sex_f,ocu_skill_total,edu_aggregate_adv,2012,49.803
tza,sex_f,ocu_skill_total,edu_aggregate_adv,2014,61.664
tza,sex_f,ocu_skill_total,edu_aggregate_adv,2020,290.279
tza,sex_f,ocu_skill_total,edu_aggregate_adv,2024,576.974
tza,sex_f,ocu_skill_total,edu_aggregate_bas,2001,310.396
tza,sex_f,ocu_skill_total,edu_aggregate_bas,2006,465.061
tza,sex_f,ocu_skill_total,edu_aggregate_bas,2010,6057.544
tza,sex_f,ocu_skill_total,edu_aggregate_bas,2012,5768.372
tza,sex_f,ocu_skill_total,edu_aggregate_bas,2014,6464.474
tza,sex_f,ocu_skill_total,edu_aggregate_bas,2020,6404.863
tza,sex_f,ocu_skill_total,edu_aggregate_bas,2024,7422.588
tza,sex_f,ocu_skill_total,edu_aggregate_int,2001,18.341
tza,sex_f,ocu_skill_total,edu_aggregate_int,2006,41.602
tza,sex_f,ocu_skill_total,edu_aggregate_int,2010,56.885
tza,sex_f,ocu_skill_total,edu_aggregate_int,2012,67.003
tza,sex_f,ocu_skill_total,edu_aggregate_int,2014,345.494
tza,sex_f,ocu_skill_total,edu_aggregate_int,2020,1259.318
tza,sex_f,ocu_skill_total,edu_aggregate_int,2024,1956.958
tza,sex_f,ocu_skill_total,edu_aggregate_ltb,2001,7164.87
tza,sex_f,ocu_skill_total,edu_aggregate_ltb,2006,8650.191
tza,sex_f,ocu_skill_total,edu_aggregate_ltb,2010,4636.39
tza,sex_f,ocu_skill_total,edu_aggregate_ltb,2012,3679.035
tza,sex_f,ocu_skill_total,edu_aggregate_ltb,2014,3569.611
tza,sex_f,ocu_skill_total,edu_aggregate_ltb,2020,2617.751
tza,sex_f,ocu_skill_total,edu_aggregate_ltb,2024,2452.185
tza,sex_f,ocu_skill_total,edu_aggregate_total,2001,7494.973
tza,sex_f,ocu_skill_total,edu_aggregate_total,2006,9164.713
tza,sex_f,ocu_skill_total,edu_aggregate_total,2010,10802.195
tza,sex_f,ocu_skill_total,edu_aggregate_total,2012,9577.01
tza,sex_f,ocu_skill_total,edu_aggregate_total,2014,10441.242
tza,sex_f,ocu_skill_total,edu_aggregate_total,2020,12962.237
tza,sex_f,ocu_skill_total,edu_aggregate_total,2024,15413.816
tza,sex_f,ocu_skill_total,edu_aggregate_x,2010,25.967
tza,sex_f,ocu_skill_total,edu_aggregate_x,2012,12.797
tza,sex_f,ocu_skill_total,edu_aggregate_x,2020,2390.025
tza,sex_f,ocu_skill_total,edu_aggregate_x,2024,3005.11
tza,sex_f,ocu_skill_total,edu_isced11_0,2010,1648.556
tza,sex_f,ocu_skill_total,edu_isced11_0,2012,1280.887
tza,sex_f,ocu_skill_total,edu_isced11_1,2010,4821.54
tza,sex_f,ocu_skill_total,edu_isced11_1,2012,4568.176
tza,sex_f,ocu_skill_total,edu_isced11_1,2020,6373.017
tza,sex_f,ocu_skill_total,edu_isced11_1,2024,7378.885
tza,sex_f,ocu_skill_total,edu_isced11_2,2010,1236.004
tza,sex_f,ocu_skill_total,edu_isced11_2,2012,1200.196
tza,sex_f,ocu_skill_total,edu_isced11_2,2020,31.846
tza,sex_f,ocu_skill_total,edu_isced11_2,2024,43.703
tza,sex_f,ocu_skill_total,edu_isced11_3,2010,38.653
tza,sex_f,ocu_skill_total,edu_isced11_3,2012,34.771
tza,sex_f,ocu_skill_total,edu_isced11_3,2020,1102.586
tza,sex_f,ocu_skill_total,edu_isced11_3,2024,1805.862
tza,sex_f,ocu_skill_total,edu_isced11_4,2010,18.232
tza,sex_f,ocu_skill_total,edu_isced11_4,2012,32.232
tza,sex_f,ocu_skill_total,edu_isced11_4,2020,156.732
tza,sex_f,ocu_skill_total,edu_isced11_4,2024,151.097
tza,sex_f,ocu_skill_total,edu_isced11_5,2020,153.08
tza,sex_f,ocu_skill_total,edu_isced11_5,2024,328.027
tza,sex_f,ocu_skill_total,edu_isced11_6,2010,21.805
tza,sex_f,ocu_skill_total,edu_isced11_6,2012,45.267
tza,sex_f,ocu_skill_total,edu_isced11_6,2020,137.199
tza,sex_f,ocu_skill_total,edu_isced11_6,2024,221.759
tza,sex_f,ocu_skill_total,edu_isced11_7,2012,4.535
tza,sex_f,ocu_skill_total,edu_isced11_8,2024,27.188
tza,sex_f,ocu_skill_total,edu_isced11_9,2010,25.967
tza,sex_f,ocu_skill_total,edu_isced11_9,2012,12.797
tza,sex_f,ocu_skill_total,edu_isced11_9,2020,2390.025
tza,sex_f,ocu_skill_total,edu_isced11_9,2024,3005.11
tza,sex_f,ocu_skill_total,edu_isced11_total,2010,10802.195
tza,sex_f,ocu_skill_total,edu_isced11_total,2012,9577.01
tza,sex_f,ocu_skill_total,edu_isced11_total,2020,12962.237
tza,sex_f,ocu_skill_total,edu_isced11_total,2024,15413.816
tza,sex_f,ocu_skill_total,edu_isced11_x,2010,2987.834
tza,sex_f,ocu_skill_total,edu_isced11_x,2012,2398.148
tza,sex_f,ocu_skill_total,edu_isced11_x,2020,2617.751
tza,sex_f,ocu_skill_total,edu_isced11_x,2024,2452.185
tza,sex_f,ocu_skill_total,edu_isced97_0,2001,4644.778
tza,sex_f,ocu_skill_total,edu_isced97_0,2006,5681.599
tza,sex_f,ocu_skill_total,edu_isced97_0,2014,1296.524
tza,sex_f,ocu_skill_total,edu_isced97_1,2001,109.2
tza,sex_f,ocu_skill_total,edu_isced97_1,2006,188.75
tza,sex_f,ocu_skill_total,edu_isced97_1,2014,5888.622
tza,sex_f,ocu_skill_total,edu_isced97_2,2001,201.195
tza,sex_f,ocu_skill_total,edu_isced97_2,2006,276.312
tza,sex_f,ocu_skill_total,edu_isced97_2,2014,575.852
tza,sex_f,ocu_skill_total,edu_isced97_3,2001,16.765
tza,sex_f,ocu_skill_total,edu_isced97_3,2006,33.717
tza,sex_f,ocu_skill_total,edu_isced97_3,2014,169.722
tza,sex_f,ocu_skill_total,edu_isced97_4,2001,1.576
tza,sex_f,ocu_skill_total,edu_isced97_4,2006,7.884
tza,sex_f,ocu_skill_total,edu_isced97_4,2014,175.772
tza,sex_f,ocu_skill_total,edu_isced97_5,2001,0.466
tza,sex_f,ocu_skill_total,edu_isced97_5,2006,7.858
tza,sex_f,ocu_skill_total,edu_isced97_5,2014,61.664
tza,sex_f,ocu_skill_total,edu_isced97_total,2001,7494.973
tza,sex_f,ocu_skill_total,edu_isced97_total,2006,9164.713
tza,sex_f,ocu_skill_total,edu_isced97_total,2014,10441.242
tza,sex_f,ocu_skill_total,edu_isced97_x,2001,2520.091
tza,sex_f,ocu_skill_total,edu_isced97_x,2006,2968.592
tza,sex_f,ocu_skill_total,edu_isced97_x,2014,2273.087
tza,sex_f,ocu_skill_x,edu_aggregate_adv,2012,4.963
tza,sex_f,ocu_skill_x,edu_aggregate_adv,2020,9.362
tza,sex_f,ocu_skill_x,edu_aggregate_bas,2010,4817.622
tza,sex_f,ocu_skill_x,edu_aggregate_bas,2012,1663.304
tza,sex_f,ocu_skill_x,edu_aggregate_bas,2020,371.723
tza,sex_f,ocu_skill_x,edu_aggregate_int,2010,20
tza,sex_f,ocu_skill_x,edu_aggregate_int,2012,7.665
tza,sex_f,ocu_skill_x,edu_aggregate_int,2020,89.393
tza,sex_f,ocu_skill_x,edu_aggregate_ltb,2010,3748.551
tza,sex_f,ocu_skill_x,edu_aggregate_ltb,2012,723.176
tza,sex_f,ocu_skill_x,edu_aggregate_ltb,2020,140.316
tza,sex_f,ocu_skill_x,edu_aggregate_total,2010,8606.142
tza,sex_f,ocu_skill_x,edu_aggregate_total,2012,2399.173
tza,sex_f,ocu_skill_x,edu_aggregate_total,2020,775.296
tza,sex_f,ocu_skill_x,edu_aggregate_total,2024,0.959
tza,sex_f,ocu_skill_x,edu_aggregate_x,2010,15.146
tza,sex_f,ocu_skill_x,edu_aggregate_x,2020,164.502
tza,sex_f,ocu_skill_x,edu_isced11_0,2010,1310.201
tza,sex_f,ocu_skill_x,edu_isced11_0,2012,268.858
tza,sex_f,ocu_skill_x,edu_isced11_1,2010,3911.932
tza,sex_f,ocu_skill_x,edu_isced11_1,2012,1283.527
tza,sex_f,ocu_skill_x,edu_isced11_1,2020,368.926
tza,sex_f,ocu_skill_x,edu_isced11_2,2010,905.69
tza,sex_f,ocu_skill_x,edu_isced11_2,2012,379.776
tza,sex_f,ocu_skill_x,edu_isced11_3,2010,17.288
tza,sex_f,ocu_skill_x,edu_isced11_3,2012,4.67
tza,sex_f,ocu_skill_x,edu_isced11_3,2020,83.613
tza,sex_f,ocu_skill_x,edu_isced11_4,2020,5.78
tza,sex_f,ocu_skill_x,edu_isced11_5,2020,8.257
tza,sex_f,ocu_skill_x,edu_isced11_6,2012,4.963
tza,sex_f,ocu_skill_x,edu_isced11_6,2020,1.106
tza,sex_f,ocu_skill_x,edu_isced11_9,2010,15.146
tza,sex_f,ocu_skill_x,edu_isced11_9,2020,164.502
tza,sex_f,ocu_skill_x,edu_isced11_total,2010,8606.142
tza,sex_f,ocu_skill_x,edu_isced11_total,2012,2399.173
tza,sex_f,ocu_skill_x,edu_isced11_total,2020,775.296
tza,sex_f,ocu_skill_x,edu_isced11_total,2024,0.959
tza,sex_f,ocu_skill_x,edu_isced11_x,2010,2438.35
tza,sex_f,ocu_skill_x,edu_isced11_x,2012,454.318
tza,sex_f,ocu_skill_x,edu_isced11_x,2020,140.316
tza,sex_m,ocu_isco08_0,edu_aggregate_adv,2020,4.627
tza,sex_m,ocu_isco08_0,edu_aggregate_adv,2024,2.388
tza,sex_m,ocu_isco08_0,edu_aggregate_bas,2020,6.151
tza,sex_m,ocu_isco08_0,edu_aggregate_int,2020,26.111
tza,sex_m,ocu_isco08_0,edu_aggregate_int,2024,3.583
tza,sex_m,ocu_isco08_0,edu_aggregate_total,2020,37.886
tza,sex_m,ocu_isco08_0,edu_aggregate_total,2024,7.637
tza,sex_m,ocu_isco08_0,edu_aggregate_x,2020,0.996
tza,sex_m,ocu_isco08_0,edu_isced11_1,2020,6.151
tza,sex_m,ocu_isco08_0,edu_isced11_3,2020,23.428
tza,sex_m,ocu_isco08_0,edu_isced11_3,2024,3.005
tza,sex_m,ocu_isco08_0,edu_isced11_4,2020,2.683
tza,sex_m,ocu_isco08_0,edu_isced11_5,2020,3.462
tza,sex_m,ocu_isco08_0,edu_isced11_6,2020,1.164
tza,sex_m,ocu_isco08_0,edu_isced11_9,2020,0.996
tza,sex_m,ocu_isco08_0,edu_isced11_total,2020,37.886
tza,sex_m,ocu_isco08_0,edu_isced11_total,2024,7.637
tza,sex_m,ocu_isco08_1,edu_aggregate_adv,2020,21.072
tza,sex_m,ocu_isco08_1,edu_aggregate_adv,2024,44.005
tza,sex_m,ocu_isco08_1,edu_aggregate_bas,2020,19.306
tza,sex_m,ocu_isco08_1,edu_aggregate_bas,2024,25.226
tza,sex_m,ocu_isco08_1,edu_aggregate_int,2020,13.584
tza,sex_m,ocu_isco08_1,edu_aggregate_int,2024,25.771
tza,sex_m,ocu_isco08_1,edu_aggregate_total,2020,63.711
tza,sex_m,ocu_isco08_1,edu_aggregate_total,2024,98.092
tza,sex_m,ocu_isco08_1,edu_aggregate_x,2020,8.224
tza,sex_m,ocu_isco08_1,edu_aggregate_x,2024,3.089
tza,sex_m,ocu_isco08_1,edu_isced11_1,2020,19.306
tza,sex_m,ocu_isco08_1,edu_isced11_1,2024,23.809
tza,sex_m,ocu_isco08_1,edu_isced11_3,2020,12.067
tza,sex_m,ocu_isco08_1,edu_isced11_3,2024,20.83
tza,sex_m,ocu_isco08_1,edu_isced11_5,2020,6.636
tza,sex_m,ocu_isco08_1,edu_isced11_5,2024,9.028
tza,sex_m,ocu_isco08_1,edu_isced11_6,2020,14.435
tza,sex_m,ocu_isco08_1,edu_isced11_6,2024,24.91
tza,sex_m,ocu_isco08_1,edu_isced11_8,2024,10.067
tza,sex_m,ocu_isco08_1,edu_isced11_9,2020,8.224
tza,sex_m,ocu_isco08_1,edu_isced11_9,2024,3.089
tza,sex_m,ocu_isco08_1,edu_isced11_total,2020,63.711
tza,sex_m,ocu_isco08_1,edu_isced11_total,2024,98.092
tza,sex_m,ocu_isco08_2,edu_aggregate_adv,2020,137.186
tza,sex_m,ocu_isco08_2,edu_aggregate_adv,2024,257.871
tza,sex_m,ocu_isco08_2,edu_aggregate_bas,2024,12.261
tza,sex_m,ocu_isco08_2,edu_aggregate_int,2020,1.126
tza,sex_m,ocu_isco08_2,edu_aggregate_int,2024,24.386
tza,sex_m,ocu_isco08_2,edu_aggregate_total,2020,140.898
tza,sex_m,ocu_isco08_2,edu_aggregate_total,2024,312.601
tza,sex_m,ocu_isco08_2,edu_aggregate_x,2024,15.633
tza,sex_m,ocu_isco08_2,edu_isced11_1,2024,12.261
tza,sex_m,ocu_isco08_2,edu_isced11_3,2020,1.126
tza,sex_m,ocu_isco08_2,edu_isced11_3,2024,16.389
tza,sex_m,ocu_isco08_2,edu_isced11_4,2024,7.997
tza,sex_m,ocu_isco08_2,edu_isced11_5,2020,1.168
tza,sex_m,ocu_isco08_2,edu_isced11_5,2024,39.724
tza,sex_m,ocu_isco08_2,edu_isced11_6,2020,136.018
tza,sex_m,ocu_isco08_2,edu_isced11_6,2024,192.54
tza,sex_m,ocu_isco08_2,edu_isced11_8,2024,25.608
tza,sex_m,ocu_isco08_2,edu_isced11_9,2024,15.633
tza,sex_m,ocu_isco08_2,edu_isced11_total,2020,140.898
tza,sex_m,ocu_isco08_2,edu_isced11_total,2024,312.601
tza,sex_m,ocu_isco08_3,edu_aggregate_adv,2020,84.928
tza,sex_m,ocu_isco08_3,edu_aggregate_adv,2024,181.522
tza,sex_m,ocu_isco08_3,edu_aggregate_bas,2024,37.003
tza,sex_m,ocu_isco08_3,edu_aggregate_int,2020,149.17
tza,sex_m,ocu_isco08_3,edu_aggregate_int,2024,84.025
tza,sex_m,ocu_isco08_3,edu_aggregate_total,2020,353.178
tza,sex_m,ocu_isco08_3,edu_aggregate_total,2024,314.344
tza,sex_m,ocu_isco08_3,edu_aggregate_x,2020,118.293
tza,sex_m,ocu_isco08_3,edu_aggregate_x,2024,11.656
tza,sex_m,ocu_isco08_3,edu_isced11_1,2024,36.212
tza,sex_m,ocu_isco08_3,edu_isced11_3,2020,6.263
tza,sex_m,ocu_isco08_3,edu_isced11_3,2024,55.101
tza,sex_m,ocu_isco08_3,edu_isced11_4,2020,142.907
tza,sex_m,ocu_isco08_3,edu_isced11_4,2024,28.924
tza,sex_m,ocu_isco08_3,edu_isced11_5,2020,55.297
tza,sex_m,ocu_isco08_3,edu_isced11_5,2024,130.247
tza,sex_m,ocu_isco08_3,edu_isced11_6,2020,29.631
tza,sex_m,ocu_isco08_3,edu_isced11_6,2024,47.621
tza,sex_m,ocu_isco08_3,edu_isced11_8,2024,3.654
tza,sex_m,ocu_isco08_3,edu_isced11_9,2020,118.293
tza,sex_m,ocu_isco08_3,edu_isced11_9,2024,11.656
tza,sex_m,ocu_isco08_3,edu_isced11_total,2020,353.178
tza,sex_m,ocu_isco08_3,edu_isced11_total,2024,314.344
tza,sex_m,ocu_isco08_4,edu_aggregate_adv,2020,26.281
tza,sex_m,ocu_isco08_4,edu_aggregate_adv,2024,19.365
tza,sex_m,ocu_isco08_4,edu_aggregate_bas,2020,19.947
tza,sex_m,ocu_isco08_4,edu_aggregate_bas,2024,15.006
tza,sex_m,ocu_isco08_4,edu_aggregate_int,2020,23.465
tza,sex_m,ocu_isco08_4,edu_aggregate_int,2024,17.85
tza,sex_m,ocu_isco08_4,edu_aggregate_total,2020,76.356
tza,sex_m,ocu_isco08_4,edu_aggregate_total,2024,55.716
tza,sex_m,ocu_isco08_4,edu_aggregate_x,2020,6.59
tza,sex_m,ocu_isco08_4,edu_aggregate_x,2024,3.494
tza,sex_m,ocu_isco08_4,edu_isced11_1,2020,18.198
tza,sex_m,ocu_isco08_4,edu_isced11_1,2024,15.006
tza,sex_m,ocu_isco08_4,edu_isced11_3,2020,20.146
tza,sex_m,ocu_isco08_4,edu_isced11_3,2024,17.122
tza,sex_m,ocu_isco08_4,edu_isced11_4,2020,3.32
tza,sex_m,ocu_isco08_4,edu_isced11_5,2020,12.686
tza,sex_m,ocu_isco08_4,edu_isced11_5,2024,8.17
tza,sex_m,ocu_isco08_4,edu_isced11_6,2020,13.595
tza,sex_m,ocu_isco08_4,edu_isced11_6,2024,10.293
tza,sex_m,ocu_isco08_4,edu_isced11_9,2020,6.59
tza,sex_m,ocu_isco08_4,edu_isced11_9,2024,3.494
tza,sex_m,ocu_isco08_4,edu_isced11_total,2020,76.356
tza,sex_m,ocu_isco08_4,edu_isced11_total,2024,55.716
tza,sex_m,ocu_isco08_5,edu_aggregate_adv,2020,53.832
tza,sex_m,ocu_isco08_5,edu_aggregate_adv,2024,96.088
tza,sex_m,ocu_isco08_5,edu_aggregate_bas,2020,503.424
tza,sex_m,ocu_isco08_5,edu_aggregate_bas,2024,234.403
tza,sex_m,ocu_isco08_5,edu_aggregate_int,2020,238.01
tza,sex_m,ocu_isco08_5,edu_aggregate_int,2024,225.336
tza,sex_m,ocu_isco08_5,edu_aggregate_ltb,2020,39.386
tza,sex_m,ocu_isco08_5,edu_aggregate_ltb,2024,16.764
tza,sex_m,ocu_isco08_5,edu_aggregate_total,2020,991.393
tza,sex_m,ocu_isco08_5,edu_aggregate_total,2024,675.577
tza,sex_m,ocu_isco08_5,edu_aggregate_x,2020,156.742
tza,sex_m,ocu_isco08_5,edu_aggregate_x,2024,102.987
tza,sex_m,ocu_isco08_5,edu_isced11_1,2020,498.85
tza,sex_m,ocu_isco08_5,edu_isced11_1,2024,233.224
tza,sex_m,ocu_isco08_5,edu_isced11_2,2020,4.574
tza,sex_m,ocu_isco08_5,edu_isced11_3,2020,222.164
tza,sex_m,ocu_isco08_5,edu_isced11_3,2024,207.133
tza,sex_m,ocu_isco08_5,edu_isced11_4,2020,15.846
tza,sex_m,ocu_isco08_5,edu_isced11_4,2024,18.203
tza,sex_m,ocu_isco08_5,edu_isced11_5,2020,45.077
tza,sex_m,ocu_isco08_5,edu_isced11_5,2024,55.51
tza,sex_m,ocu_isco08_5,edu_isced11_6,2020,8.755
tza,sex_m,ocu_isco08_5,edu_isced11_6,2024,38.641
tza,sex_m,ocu_isco08_5,edu_isced11_8,2024,1.936
tza,sex_m,ocu_isco08_5,edu_isced11_9,2020,156.742
tza,sex_m,ocu_isco08_5,edu_isced11_9,2024,102.987
tza,sex_m,ocu_isco08_5,edu_isced11_total,2020,991.393
tza,sex_m,ocu_isco08_5,edu_isced11_total,2024,675.577
tza,sex_m,ocu_isco08_5,edu_isced11_x,2020,39.386
tza,sex_m,ocu_isco08_5,edu_isced11_x,2024,16.764
tza,sex_m,ocu_isco08_6,edu_aggregate_adv,2020,61.008
tza,sex_m,ocu_isco08_6,edu_aggregate_adv,2024,113.404
tza,sex_m,ocu_isco08_6,edu_aggregate_bas,2020,3804.284
tza,sex_m,ocu_isco08_6,edu_aggregate_bas,2024,4070.623
tza,sex_m,ocu_isco08_6,edu_aggregate_int,2020,350.002
tza,sex_m,ocu_isco08_6,edu_aggregate_int,2024,618.096
tza,sex_m,ocu_isco08_6,edu_aggregate_ltb,2020,1176.784
tza,sex_m,ocu_isco08_6,edu_aggregate_ltb,2024,861.309
tza,sex_m,ocu_isco08_6,edu_aggregate_total,2020,7415.12
tza,sex_m,ocu_isco08_6,edu_aggregate_total,2024,7752.394
tza,sex_m,ocu_isco08_6,edu_aggregate_x,2020,2023.043
tza,sex_m,ocu_isco08_6,edu_aggregate_x,2024,2088.962
tza,sex_m,ocu_isco08_6,edu_isced11_1,2020,3766.452
tza,sex_m,ocu_isco08_6,edu_isced11_1,2024,4041.912
tza,sex_m,ocu_isco08_6,edu_isced11_2,2020,37.832
tza,sex_m,ocu_isco08_6,edu_isced11_2,2024,28.711
tza,sex_m,ocu_isco08_6,edu_isced11_3,2020,317.638
tza,sex_m,ocu_isco08_6,edu_isced11_3,2024,586.165
tza,sex_m,ocu_isco08_6,edu_isced11_4,2020,32.364
tza,sex_m,ocu_isco08_6,edu_isced11_4,2024,31.931
tza,sex_m,ocu_isco08_6,edu_isced11_5,2020,38.484
tza,sex_m,ocu_isco08_6,edu_isced11_5,2024,66.51
tza,sex_m,ocu_isco08_6,edu_isced11_6,2020,22.523
tza,sex_m,ocu_isco08_6,edu_isced11_6,2024,43.285
tza,sex_m,ocu_isco08_6,edu_isced11_8,2024,3.609
tza,sex_m,ocu_isco08_6,edu_isced11_9,2020,2023.043
tza,sex_m,ocu_isco08_6,edu_isced11_9,2024,2088.962
tza,sex_m,ocu_isco08_6,edu_isced11_total,2020,7415.12
tza,sex_m,ocu_isco08_6,edu_isced11_total,2024,7752.394
tza,sex_m,ocu_isco08_6,edu_isced11_x,2020,1176.784
tza,sex_m,ocu_isco08_6,edu_isced11_x,2024,861.309
tza,sex_m,ocu_isco08_7,edu_aggregate_adv,2020,43.285
tza,sex_m,ocu_isco08_7,edu_aggregate_adv,2024,54.099
tza,sex_m,ocu_isco08_7,edu_aggregate_bas,2020,668.567
tza,sex_m,ocu_isco08_7,edu_aggregate_bas,2024,820.12
tza,sex_m,ocu_isco08_7,edu_aggregate_int,2020,319.251
tza,sex_m,ocu_isco08_7,edu_aggregate_int,2024,391.186
tza,sex_m,ocu_isco08_7,edu_aggregate_ltb,2020,48.912
tza,sex_m,ocu_isco08_7,edu_aggregate_ltb,2024,49.982
tza,sex_m,ocu_isco08_7,edu_aggregate_total,2020,1322.11
tza,sex_m,ocu_isco08_7,edu_aggregate_total,2024,1631.7
tza,sex_m,ocu_isco08_7,edu_aggregate_x,2020,242.096
tza,sex_m,ocu_isco08_7,edu_aggregate_x,2024,316.313
tza,sex_m,ocu_isco08_7,edu_isced11_1,2020,655.085
tza,sex_m,ocu_isco08_7,edu_isced11_1,2024,807.238
tza,sex_m,ocu_isco08_7,edu_isced11_2,2020,13.482
tza,sex_m,ocu_isco08_7,edu_isced11_2,2024,12.882
tza,sex_m,ocu_isco08_7,edu_isced11_3,2020,287.25
tza,sex_m,ocu_isco08_7,edu_isced11_3,2024,357.185
tza,sex_m,ocu_isco08_7,edu_isced11_4,2020,32.001
tza,sex_m,ocu_isco08_7,edu_isced11_4,2024,34.001
tza,sex_m,ocu_isco08_7,edu_isced11_5,2020,39.763
tza,sex_m,ocu_isco08_7,edu_isced11_5,2024,38.233
tza,sex_m,ocu_isco08_7,edu_isced11_6,2020,3.521
tza,sex_m,ocu_isco08_7,edu_isced11_6,2024,15.466
tza,sex_m,ocu_isco08_7,edu_isced11_9,2020,242.096
tza,sex_m,ocu_isco08_7,edu_isced11_9,2024,316.313
tza,sex_m,ocu_isco08_7,edu_isced11_total,2020,1322.11
tza,sex_m,ocu_isco08_7,edu_isced11_total,2024,1631.7
tza,sex_m,ocu_isco08_7,edu_isced11_x,2020,48.912
tza,sex_m,ocu_isco08_7,edu_isced11_x,2024,49.982
tza,sex_m,ocu_isco08_8,edu_aggregate_adv,2020,27.507
tza,sex_m,ocu_isco08_8,edu_aggregate_adv,2024,20.426
tza,sex_m,ocu_isco08_8,edu_aggregate_bas,2020,260.745
tza,sex_m,ocu_isco08_8,edu_aggregate_bas,2024,378.355
tza,sex_m,ocu_isco08_8,edu_aggregate_int,2020,175.023
tza,sex_m,ocu_isco08_8,edu_aggregate_int,2024,268.292
tza,sex_m,ocu_isco08_8,edu_aggregate_ltb,2020,17.13
tza,sex_m,ocu_isco08_8,edu_aggregate_ltb,2024,22.074
tza,sex_m,ocu_isco08_8,edu_aggregate_total,2020,555.3
tza,sex_m,ocu_isco08_8,edu_aggregate_total,2024,803.115
tza,sex_m,ocu_isco08_8,edu_aggregate_x,2020,74.896
tza,sex_m,ocu_isco08_8,edu_aggregate_x,2024,113.968
tza,sex_m,ocu_isco08_8,edu_isced11_1,2020,253.824
tza,sex_m,ocu_isco08_8,edu_isced11_1,2024,374.879
tza,sex_m,ocu_isco08_8,edu_isced11_2,2020,6.921
tza,sex_m,ocu_isco08_8,edu_isced11_3,2020,147.651
tza,sex_m,ocu_isco08_8,edu_isced11_3,2024,260.25
tza,sex_m,ocu_isco08_8,edu_isced11_4,2020,27.371
tza,sex_m,ocu_isco08_8,edu_isced11_4,2024,8.042
tza,sex_m,ocu_isco08_8,edu_isced11_5,2020,24.608
tza,sex_m,ocu_isco08_8,edu_isced11_5,2024,14.182
tza,sex_m,ocu_isco08_8,edu_isced11_6,2020,2.899
tza,sex_m,ocu_isco08_8,edu_isced11_6,2024,3.412
tza,sex_m,ocu_isco08_8,edu_isced11_9,2020,74.896
tza,sex_m,ocu_isco08_8,edu_isced11_9,2024,113.968
tza,sex_m,ocu_isco08_8,edu_isced11_total,2020,555.3
tza,sex_m,ocu_isco08_8,edu_isced11_total,2024,803.115
tza,sex_m,ocu_isco08_8,edu_isced11_x,2020,17.13
tza,sex_m,ocu_isco08_8,edu_isced11_x,2024,22.074
tza,sex_m,ocu_isco08_9,edu_aggregate_adv,2020,27.019
tza,sex_m,ocu_isco08_9,edu_aggregate_adv,2024,121.887
tza,sex_m,ocu_isco08_9,edu_aggregate_bas,2020,850.325
tza,sex_m,ocu_isco08_9,edu_aggregate_bas,2024,1915.937
tza,sex_m,ocu_isco08_9,edu_aggregate_int,2020,270.096
tza,sex_m,ocu_isco08_9,edu_aggregate_int,2024,628.939
tza,sex_m,ocu_isco08_9,edu_aggregate_ltb,2020,184.525
tza,sex_m,ocu_isco08_9,edu_aggregate_ltb,2024,319.029
tza,sex_m,ocu_isco08_9,edu_aggregate_total,2020,1741.335
tza,sex_m,ocu_isco08_9,edu_aggregate_total,2024,3969.904
tza,sex_m,ocu_isco08_9,edu_aggregate_x,2020,409.369
tza,sex_m,ocu_isco08_9,edu_aggregate_x,2024,984.112
tza,sex_m,ocu_isco08_9,edu_isced11_1,2020,840.905
tza,sex_m,ocu_isco08_9,edu_isced11_1,2024,1895.479
tza,sex_m,ocu_isco08_9,edu_isced11_2,2020,9.42
tza,sex_m,ocu_isco08_9,edu_isced11_2,2024,20.458
tza,sex_m,ocu_isco08_9,edu_isced11_3,2020,254.209
tza,sex_m,ocu_isco08_9,edu_isced11_3,2024,606.3
tza,sex_m,ocu_isco08_9,edu_isced11_4,2020,15.888
tza,sex_m,ocu_isco08_9,edu_isced11_4,2024,22.639
tza,sex_m,ocu_isco08_9,edu_isced11_5,2020,17.25
tza,sex_m,ocu_isco08_9,edu_isced11_5,2024,79.31
tza,sex_m,ocu_isco08_9,edu_isced11_6,2020,9.769
tza,sex_m,ocu_isco08_9,edu_isced11_6,2024,40.263
tza,sex_m,ocu_isco08_9,edu_isced11_8,2024,2.315
tza,sex_m,ocu_isco08_9,edu_isced11_9,2020,409.369
tza,sex_m,ocu_isco08_9,edu_isced11_9,2024,984.112
tza,sex_m,ocu_isco08_9,edu_isced11_total,2020,1741.335
tza,sex_m,ocu_isco08_9,edu_isced11_total,2024,3969.904
tza,sex_m,ocu_isco08_9,edu_isced11_x,2020,184.525
tza,sex_m,ocu_isco08_9,edu_isced11_x,2024,319.029
tza,sex_m,ocu_isco08_total,edu_aggregate_adv,2020,499.82
tza,sex_m,ocu_isco08_total,edu_aggregate_adv,2024,911.056
tza,sex_m,ocu_isco08_total,edu_aggregate_bas,2020,6317.124
tza,sex_m,ocu_isco08_total,edu_aggregate_bas,2024,7510.013
tza,sex_m,ocu_isco08_total,edu_aggregate_int,2020,1604.947
tza,sex_m,ocu_isco08_total,edu_aggregate_int,2024,2287.465
tza,sex_m,ocu_isco08_total,edu_aggregate_ltb,2020,1513.178
tza,sex_m,ocu_isco08_total,edu_aggregate_ltb,2024,1271.743
tza,sex_m,ocu_isco08_total,edu_aggregate_total,2020,13083.509
tza,sex_m,ocu_isco08_total,edu_aggregate_total,2024,15621.078
tza,sex_m,ocu_isco08_total,edu_aggregate_x,2020,3148.441
tza,sex_m,ocu_isco08_total,edu_aggregate_x,2024,3640.801
tza,sex_m,ocu_isco08_total,edu_isced11_1,2020,6241.73
tza,sex_m,ocu_isco08_total,edu_isced11_1,2024,7441.1
tza,sex_m,ocu_isco08_total,edu_isced11_2,2020,75.393
tza,sex_m,ocu_isco08_total,edu_isced11_2,2024,68.913
tza,sex_m,ocu_isco08_total,edu_isced11_3,2020,1328.439
tza,sex_m,ocu_isco08_total,edu_isced11_3,2024,2129.479
tza,sex_m,ocu_isco08_total,edu_isced11_4,2020,276.508
tza,sex_m,ocu_isco08_total,edu_isced11_4,2024,157.986
tza,sex_m,ocu_isco08_total,edu_isced11_5,2020,251.645
tza,sex_m,ocu_isco08_total,edu_isced11_5,2024,441.86
tza,sex_m,ocu_isco08_total,edu_isced11_6,2020,248.175
tza,sex_m,ocu_isco08_total,edu_isced11_6,2024,417.873
tza,sex_m,ocu_isco08_total,edu_isced11_8,2024,51.323
tza,sex_m,ocu_isco08_total,edu_isced11_9,2020,3148.441
tza,sex_m,ocu_isco08_total,edu_isced11_9,2024,3640.801
tza,sex_m,ocu_isco08_total,edu_isced11_total,2020,13083.509
tza,sex_m,ocu_isco08_total,edu_isced11_total,2024,15621.078
tza,sex_m,ocu_isco08_total,edu_isced11_x,2020,1513.178
tza,sex_m,ocu_isco08_total,edu_isced11_x,2024,1271.743
tza,sex_m,ocu_isco08_x,edu_aggregate_adv,2020,13.077
tza,sex_m,ocu_isco08_x,edu_aggregate_bas,2020,183.901
tza,sex_m,ocu_isco08_x,edu_aggregate_int,2020,39.109
tza,sex_m,ocu_isco08_x,edu_aggregate_ltb,2020,44.529
tza,sex_m,ocu_isco08_x,edu_aggregate_total,2020,386.222
tza,sex_m,ocu_isco08_x,edu_aggregate_x,2020,105.606
tza,sex_m,ocu_isco08_x,edu_isced11_1,2020,182.485
tza,sex_m,ocu_isco08_x,edu_isced11_3,2020,36.497
tza,sex_m,ocu_isco08_x,edu_isced11_4,2020,2.612
tza,sex_m,ocu_isco08_x,edu_isced11_5,2020,7.213
tza,sex_m,ocu_isco08_x,edu_isced11_6,2020,5.864
tza,sex_m,ocu_isco08_x,edu_isced11_9,2020,105.606
tza,sex_m,ocu_isco08_x,edu_isced11_total,2020,386.222
tza,sex_m,ocu_isco08_x,edu_isced11_x,2020,44.529
tza,sex_m,ocu_isco88_0,edu_aggregate_bas,2001,7.156
tza,sex_m,ocu_isco88_0,edu_aggregate_bas,2006,6.894
tza,sex_m,ocu_isco88_0,edu_aggregate_bas,2010,228.351
tza,sex_m,ocu_isco88_0,edu_aggregate_bas,2012,24.4
tza,sex_m,ocu_isco88_0,edu_aggregate_int,2010,12.185
tza,sex_m,ocu_isco88_0,edu_aggregate_int,2012,12.766
tza,sex_m,ocu_isco88_0,edu_aggregate_ltb,2001,12.258
tza,sex_m,ocu_isco88_0,edu_aggregate_ltb,2006,5.866
tza,sex_m,ocu_isco88_0,edu_aggregate_ltb,2010,60.524
tza,sex_m,ocu_isco88_0,edu_aggregate_total,2001,19.509
tza,sex_m,ocu_isco88_0,edu_aggregate_total,2006,13.172
tza,sex_m,ocu_isco88_0,edu_aggregate_total,2010,303.6
tza,sex_m,ocu_isco88_0,edu_aggregate_total,2012,40.521
tza,sex_m,ocu_isco88_0,edu_isced11_0,2010,30.385
tza,sex_m,ocu_isco88_0,edu_isced11_1,2010,160.264
tza,sex_m,ocu_isco88_0,edu_isced11_2,2010,68.087
tza,sex_m,ocu_isco88_0,edu_isced11_2,2012,8.725
tza,sex_m,ocu_isco88_0,edu_isced11_3,2010,8.558
tza,sex_m,ocu_isco88_0,edu_isced11_3,2012,12.207
tza,sex_m,ocu_isco88_0,edu_isced11_total,2010,303.6
tza,sex_m,ocu_isco88_0,edu_isced11_total,2012,40.521
tza,sex_m,ocu_isco88_0,edu_isced11_x,2010,30.139
tza,sex_m,ocu_isco88_0,edu_isced97_0,2001,11.557
tza,sex_m,ocu_isco88_0,edu_isced97_0,2006,5.866
tza,sex_m,ocu_isco88_0,edu_isced97_1,2001,3.346
tza,sex_m,ocu_isco88_0,edu_isced97_2,2001,3.81
tza,sex_m,ocu_isco88_0,edu_isced97_2,2006,6.192
tza,sex_m,ocu_isco88_0,edu_isced97_total,2001,19.509
tza,sex_m,ocu_isco88_0,edu_isced97_total,2006,13.172
tza,sex_m,ocu_isco88_1,edu_aggregate_adv,2001,0.833
tza,sex_m,ocu_isco88_1,edu_aggregate_adv,2006,3.641
tza,sex_m,ocu_isco88_1,edu_aggregate_adv,2010,5.99
tza,sex_m,ocu_isco88_1,edu_aggregate_adv,2012,9.098
tza,sex_m,ocu_isco88_1,edu_aggregate_adv,2014,14.591
tza,sex_m,ocu_isco88_1,edu_aggregate_bas,2001,32.814
tza,sex_m,ocu_isco88_1,edu_aggregate_bas,2006,6.783
tza,sex_m,ocu_isco88_1,edu_aggregate_bas,2010,26.856
tza,sex_m,ocu_isco88_1,edu_aggregate_bas,2012,51.123
tza,sex_m,ocu_isco88_1,edu_aggregate_bas,2014,39.917
tza,sex_m,ocu_isco88_1,edu_aggregate_int,2001,12.086
tza,sex_m,ocu_isco88_1,edu_aggregate_int,2006,5.59
tza,sex_m,ocu_isco88_1,edu_aggregate_int,2010,6.489
tza,sex_m,ocu_isco88_1,edu_aggregate_int,2012,8.505
tza,sex_m,ocu_isco88_1,edu_aggregate_int,2014,17.773
tza,sex_m,ocu_isco88_1,edu_aggregate_ltb,2001,142.224
tza,sex_m,ocu_isco88_1,edu_aggregate_ltb,2006,10.035
tza,sex_m,ocu_isco88_1,edu_aggregate_total,2001,187.958
tza,sex_m,ocu_isco88_1,edu_aggregate_total,2006,26.049
tza,sex_m,ocu_isco88_1,edu_aggregate_total,2010,39.336
tza,sex_m,ocu_isco88_1,edu_aggregate_total,2012,72.734
tza,sex_m,ocu_isco88_1,edu_aggregate_total,2014,73.367
tza,sex_m,ocu_isco88_1,edu_isced11_1,2012,26.417
tza,sex_m,ocu_isco88_1,edu_isced11_2,2010,19.625
tza,sex_m,ocu_isco88_1,edu_isced11_2,2012,24.706
tza,sex_m,ocu_isco88_1,edu_isced11_3,2010,5.935
tza,sex_m,ocu_isco88_1,edu_isced11_7,2010,3.764
tza,sex_m,ocu_isco88_1,edu_isced11_7,2012,7.624
tza,sex_m,ocu_isco88_1,edu_isced11_total,2010,39.336
tza,sex_m,ocu_isco88_1,edu_isced11_total,2012,72.734
tza,sex_m,ocu_isco88_1,edu_isced97_0,2001,129.851
tza,sex_m,ocu_isco88_1,edu_isced97_0,2006,10.035
tza,sex_m,ocu_isco88_1,edu_isced97_1,2001,9.563
tza,sex_m,ocu_isco88_1,edu_isced97_1,2014,17.017
tza,sex_m,ocu_isco88_1,edu_isced97_2,2001,23.251
tza,sex_m,ocu_isco88_1,edu_isced97_2,2006,5.149
tza,sex_m,ocu_isco88_1,edu_isced97_2,2014,22.9
tza,sex_m,ocu_isco88_1,edu_isced97_3,2001,8.208
tza,sex_m,ocu_isco88_1,edu_isced97_3,2006,4.901
tza,sex_m,ocu_isco88_1,edu_isced97_3,2014,7.864
tza,sex_m,ocu_isco88_1,edu_isced97_4,2001,3.878
tza,sex_m,ocu_isco88_1,edu_isced97_4,2014,9.909
tza,sex_m,ocu_isco88_1,edu_isced97_5,2001,0.833
tza,sex_m,ocu_isco88_1,edu_isced97_5,2006,3.641
tza,sex_m,ocu_isco88_1,edu_isced97_5,2014,14.591
tza,sex_m,ocu_isco88_1,edu_isced97_total,2001,187.958
tza,sex_m,ocu_isco88_1,edu_isced97_total,2006,26.049
tza,sex_m,ocu_isco88_1,edu_isced97_total,2014,73.367
tza,sex_m,ocu_isco88_1,edu_isced97_x,2001,12.373
tza,sex_m,ocu_isco88_2,edu_aggregate_adv,2001,0.881
tza,sex_m,ocu_isco88_2,edu_aggregate_adv,2006,9.476
tza,sex_m,ocu_isco88_2,edu_aggregate_adv,2010,11.084
tza,sex_m,ocu_isco88_2,edu_aggregate_adv,2012,36.513
tza,sex_m,ocu_isco88_2,edu_aggregate_adv,2014,103.334
tza,sex_m,ocu_isco88_2,edu_aggregate_bas,2001,17.046
tza,sex_m,ocu_isco88_2,edu_aggregate_bas,2006,22.546
tza,sex_m,ocu_isco88_2,edu_aggregate_bas,2010,67.299
tza,sex_m,ocu_isco88_2,edu_aggregate_bas,2012,51.478
tza,sex_m,ocu_isco88_2,edu_aggregate_int,2001,16.077
tza,sex_m,ocu_isco88_2,edu_aggregate_int,2006,21.491
tza,sex_m,ocu_isco88_2,edu_aggregate_int,2010,51.48
tza,sex_m,ocu_isco88_2,edu_aggregate_int,2012,38.945
tza,sex_m,ocu_isco88_2,edu_aggregate_int,2014,33.9
tza,sex_m,ocu_isco88_2,edu_aggregate_ltb,2001,3.632
tza,sex_m,ocu_isco88_2,edu_aggregate_ltb,2006,19.036
tza,sex_m,ocu_isco88_2,edu_aggregate_total,2001,37.636
tza,sex_m,ocu_isco88_2,edu_aggregate_total,2006,72.55
tza,sex_m,ocu_isco88_2,edu_aggregate_total,2010,134.148
tza,sex_m,ocu_isco88_2,edu_aggregate_total,2012,131.122
tza,sex_m,ocu_isco88_2,edu_aggregate_total,2014,137.235
tza,sex_m,ocu_isco88_2,edu_isced11_1,2010,16.378
tza,sex_m,ocu_isco88_2,edu_isced11_1,2012,9.627
tza,sex_m,ocu_isco88_2,edu_isced11_2,2010,50.921
tza,sex_m,ocu_isco88_2,edu_isced11_2,2012,41.851
tza,sex_m,ocu_isco88_2,edu_isced11_3,2010,22.552
tza,sex_m,ocu_isco88_2,edu_isced11_3,2012,13.22
tza,sex_m,ocu_isco88_2,edu_isced11_4,2010,28.928
tza,sex_m,ocu_isco88_2,edu_isced11_4,2012,25.726
tza,sex_m,ocu_isco88_2,edu_isced11_6,2010,8.069
tza,sex_m,ocu_isco88_2,edu_isced11_6,2012,22.333
tza,sex_m,ocu_isco88_2,edu_isced11_7,2012,14.181
tza,sex_m,ocu_isco88_2,edu_isced11_total,2010,134.148
tza,sex_m,ocu_isco88_2,edu_isced11_total,2012,131.122
tza,sex_m,ocu_isco88_2,edu_isced97_0,2001,2.963
tza,sex_m,ocu_isco88_2,edu_isced97_0,2006,17.879
tza,sex_m,ocu_isco88_2,edu_isced97_1,2006,4.926
tza,sex_m,ocu_isco88_2,edu_isced97_2,2001,15.822
tza,sex_m,ocu_isco88_2,edu_isced97_2,2006,17.62
tza,sex_m,ocu_isco88_2,edu_isced97_3,2001,5.436
tza,sex_m,ocu_isco88_2,edu_isced97_3,2006,21.079
tza,sex_m,ocu_isco88_2,edu_isced97_3,2014,10.333
tza,sex_m,ocu_isco88_2,edu_isced97_4,2001,10.641
tza,sex_m,ocu_isco88_2,edu_isced97_4,2014,23.567
tza,sex_m,ocu_isco88_2,edu_isced97_5,2001,0.881
tza,sex_m,ocu_isco88_2,edu_isced97_5,2006,9.476
tza,sex_m,ocu_isco88_2,edu_isced97_5,2014,103.334
tza,sex_m,ocu_isco88_2,edu_isced97_total,2001,37.636
tza,sex_m,ocu_isco88_2,edu_isced97_total,2006,72.55
tza,sex_m,ocu_isco88_2,edu_isced97_total,2014,137.235
tza,sex_m,ocu_isco88_3,edu_aggregate_adv,2006,6.236
tza,sex_m,ocu_isco88_3,edu_aggregate_adv,2010,10.666
tza,sex_m,ocu_isco88_3,edu_aggregate_adv,2012,24.667
tza,sex_m,ocu_isco88_3,edu_aggregate_adv,2014,20.007
tza,sex_m,ocu_isco88_3,edu_aggregate_bas,2001,99.72
tza,sex_m,ocu_isco88_3,edu_aggregate_bas,2006,91.985
tza,sex_m,ocu_isco88_3,edu_aggregate_bas,2010,87.203
tza,sex_m,ocu_isco88_3,edu_aggregate_bas,2012,123.43
tza,sex_m,ocu_isco88_3,edu_aggregate_bas,2014,9.316
tza,sex_m,ocu_isco88_3,edu_aggregate_int,2001,26.217
tza,sex_m,ocu_isco88_3,edu_aggregate_int,2006,29.934
tza,sex_m,ocu_isco88_3,edu_aggregate_int,2010,34.455
tza,sex_m,ocu_isco88_3,edu_aggregate_int,2012,43.782
tza,sex_m,ocu_isco88_3,edu_aggregate_int,2014,184.379
tza,sex_m,ocu_isco88_3,edu_aggregate_ltb,2001,88.363
tza,sex_m,ocu_isco88_3,edu_aggregate_ltb,2006,65.353
tza,sex_m,ocu_isco88_3,edu_aggregate_ltb,2010,8.815
tza,sex_m,ocu_isco88_3,edu_aggregate_ltb,2012,21.485
tza,sex_m,ocu_isco88_3,edu_aggregate_total,2001,214.3
tza,sex_m,ocu_isco88_3,edu_aggregate_total,2006,193.507
tza,sex_m,ocu_isco88_3,edu_aggregate_total,2010,146.542
tza,sex_m,ocu_isco88_3,edu_aggregate_total,2012,216.645
tza,sex_m,ocu_isco88_3,edu_aggregate_total,2014,215.081
tza,sex_m,ocu_isco88_3,edu_isced11_0,2012,10.148
tza,sex_m,ocu_isco88_3,edu_isced11_1,2010,14.976
tza,sex_m,ocu_isco88_3,edu_isced11_1,2012,20.949
tza,sex_m,ocu_isco88_3,edu_isced11_2,2010,72.227
tza,sex_m,ocu_isco88_3,edu_isced11_2,2012,102.481
tza,sex_m,ocu_isco88_3,edu_isced11_3,2010,18.895
tza,sex_m,ocu_isco88_3,edu_isced11_3,2012,27.534
tza,sex_m,ocu_isco88_3,edu_isced11_4,2010,15.56
tza,sex_m,ocu_isco88_3,edu_isced11_4,2012,16.248
tza,sex_m,ocu_isco88_3,edu_isced11_6,2010,9.176
tza,sex_m,ocu_isco88_3,edu_isced11_6,2012,17.026
tza,sex_m,ocu_isco88_3,edu_isced11_7,2012,7.641
tza,sex_m,ocu_isco88_3,edu_isced11_total,2010,146.542
tza,sex_m,ocu_isco88_3,edu_isced11_total,2012,216.645
tza,sex_m,ocu_isco88_3,edu_isced97_0,2001,81.816
tza,sex_m,ocu_isco88_3,edu_isced97_0,2006,61.187
tza,sex_m,ocu_isco88_3,edu_isced97_1,2001,21.043
tza,sex_m,ocu_isco88_3,edu_isced97_1,2006,12.013
tza,sex_m,ocu_isco88_3,edu_isced97_1,2014,6.615
tza,sex_m,ocu_isco88_3,edu_isced97_2,2001,78.677
tza,sex_m,ocu_isco88_3,edu_isced97_2,2006,79.972
tza,sex_m,ocu_isco88_3,edu_isced97_2,2014,2.7
tza,sex_m,ocu_isco88_3,edu_isced97_3,2001,19.188
tza,sex_m,ocu_isco88_3,edu_isced97_3,2006,21.982
tza,sex_m,ocu_isco88_3,edu_isced97_3,2014,76.06
tza,sex_m,ocu_isco88_3,edu_isced97_4,2001,7.029
tza,sex_m,ocu_isco88_3,edu_isced97_4,2006,7.952
tza,sex_m,ocu_isco88_3,edu_isced97_4,2014,108.319
tza,sex_m,ocu_isco88_3,edu_isced97_5,2006,6.236
tza,sex_m,ocu_isco88_3,edu_isced97_5,2014,20.007
tza,sex_m,ocu_isco88_3,edu_isced97_total,2001,214.3
tza,sex_m,ocu_isco88_3,edu_isced97_total,2006,193.507
tza,sex_m,ocu_isco88_3,edu_isced97_total,2014,215.081
tza,sex_m,ocu_isco88_3,edu_isced97_x,2001,6.547
tza,sex_m,ocu_isco88_3,edu_isced97_x,2006,4.166
tza,sex_m,ocu_isco88_4,edu_aggregate_adv,2014,4.381
tza,sex_m,ocu_isco88_4,edu_aggregate_bas,2001,17.84
tza,sex_m,ocu_isco88_4,edu_aggregate_bas,2006,15.254
tza,sex_m,ocu_isco88_4,edu_aggregate_bas,2010,74.285
tza,sex_m,ocu_isco88_4,edu_aggregate_bas,2012,49.804
tza,sex_m,ocu_isco88_4,edu_aggregate_bas,2014,28.355
tza,sex_m,ocu_isco88_4,edu_aggregate_int,2001,3.377
tza,sex_m,ocu_isco88_4,edu_aggregate_int,2006,3.106
tza,sex_m,ocu_isco88_4,edu_aggregate_int,2010,13.859
tza,sex_m,ocu_isco88_4,edu_aggregate_int,2012,12.973
tza,sex_m,ocu_isco88_4,edu_aggregate_int,2014,18.218
tza,sex_m,ocu_isco88_4,edu_aggregate_ltb,2001,6.779
tza,sex_m,ocu_isco88_4,edu_aggregate_ltb,2006,16.92
tza,sex_m,ocu_isco88_4,edu_aggregate_total,2001,27.996
tza,sex_m,ocu_isco88_4,edu_aggregate_total,2006,35.674
tza,sex_m,ocu_isco88_4,edu_aggregate_total,2010,95.042
tza,sex_m,ocu_isco88_4,edu_aggregate_total,2012,77.344
tza,sex_m,ocu_isco88_4,edu_aggregate_total,2014,51.412
tza,sex_m,ocu_isco88_4,edu_isced11_1,2010,37.713
tza,sex_m,ocu_isco88_4,edu_isced11_1,2012,24.558
tza,sex_m,ocu_isco88_4,edu_isced11_2,2010,36.572
tza,sex_m,ocu_isco88_4,edu_isced11_2,2012,25.246
tza,sex_m,ocu_isco88_4,edu_isced11_3,2010,8.034
tza,sex_m,ocu_isco88_4,edu_isced11_3,2012,7.729
tza,sex_m,ocu_isco88_4,edu_isced11_total,2010,95.042
tza,sex_m,ocu_isco88_4,edu_isced11_total,2012,77.344
tza,sex_m,ocu_isco88_4,edu_isced97_0,2001,5.949
tza,sex_m,ocu_isco88_4,edu_isced97_0,2006,16.569
tza,sex_m,ocu_isco88_4,edu_isced97_1,2001,2.962
tza,sex_m,ocu_isco88_4,edu_isced97_1,2006,3.198
tza,sex_m,ocu_isco88_4,edu_isced97_1,2014,15.172
tza,sex_m,ocu_isco88_4,edu_isced97_2,2001,14.878
tza,sex_m,ocu_isco88_4,edu_isced97_2,2006,12.056
tza,sex_m,ocu_isco88_4,edu_isced97_2,2014,13.183
tza,sex_m,ocu_isco88_4,edu_isced97_3,2001,3.3
tza,sex_m,ocu_isco88_4,edu_isced97_3,2006,3.106
tza,sex_m,ocu_isco88_4,edu_isced97_3,2014,11.959
tza,sex_m,ocu_isco88_4,edu_isced97_4,2014,6.259
tza,sex_m,ocu_isco88_4,edu_isced97_5,2014,4.381
tza,sex_m,ocu_isco88_4,edu_isced97_total,2001,27.996
tza,sex_m,ocu_isco88_4,edu_isced97_total,2006,35.674
tza,sex_m,ocu_isco88_4,edu_isced97_total,2014,51.412
tza,sex_m,ocu_isco88_5,edu_aggregate_adv,2014,10.563
tza,sex_m,ocu_isco88_5,edu_aggregate_bas,2001,51.046
tza,sex_m,ocu_isco88_5,edu_aggregate_bas,2006,150.322
tza,sex_m,ocu_isco88_5,edu_aggregate_bas,2010,457.501
tza,sex_m,ocu_isco88_5,edu_aggregate_bas,2012,373.711
tza,sex_m,ocu_isco88_5,edu_aggregate_bas,2014,791.76
tza,sex_m,ocu_isco88_5,edu_aggregate_int,2001,7.262
tza,sex_m,ocu_isco88_5,edu_aggregate_int,2006,16.578
tza,sex_m,ocu_isco88_5,edu_aggregate_int,2010,17.297
tza,sex_m,ocu_isco88_5,edu_aggregate_int,2012,19.536
tza,sex_m,ocu_isco88_5,edu_aggregate_int,2014,70.576
tza,sex_m,ocu_isco88_5,edu_aggregate_ltb,2001,277.335
tza,sex_m,ocu_isco88_5,edu_aggregate_ltb,2006,753.634
tza,sex_m,ocu_isco88_5,edu_aggregate_ltb,2010,118.51
tza,sex_m,ocu_isco88_5,edu_aggregate_ltb,2012,96.494
tza,sex_m,ocu_isco88_5,edu_aggregate_ltb,2014,99.862
tza,sex_m,ocu_isco88_5,edu_aggregate_total,2001,335.752
tza,sex_m,ocu_isco88_5,edu_aggregate_total,2006,922.11
tza,sex_m,ocu_isco88_5,edu_aggregate_total,2010,597.513
tza,sex_m,ocu_isco88_5,edu_aggregate_total,2012,494.88
tza,sex_m,ocu_isco88_5,edu_aggregate_total,2014,972.761
tza,sex_m,ocu_isco88_5,edu_isced11_0,2010,63.252
tza,sex_m,ocu_isco88_5,edu_isced11_0,2012,52.648
tza,sex_m,ocu_isco88_5,edu_isced11_1,2010,336.923
tza,sex_m,ocu_isco88_5,edu_isced11_1,2012,242.026
tza,sex_m,ocu_isco88_5,edu_isced11_2,2010,120.578
tza,sex_m,ocu_isco88_5,edu_isced11_2,2012,131.684
tza,sex_m,ocu_isco88_5,edu_isced11_3,2010,15.372
tza,sex_m,ocu_isco88_5,edu_isced11_3,2012,17.111
tza,sex_m,ocu_isco88_5,edu_isced11_total,2010,597.513
tza,sex_m,ocu_isco88_5,edu_isced11_total,2012,494.88
tza,sex_m,ocu_isco88_5,edu_isced11_x,2010,55.258
tza,sex_m,ocu_isco88_5,edu_isced11_x,2012,43.846
tza,sex_m,ocu_isco88_5,edu_isced97_0,2001,251.713
tza,sex_m,ocu_isco88_5,edu_isced97_0,2006,693.558
tza,sex_m,ocu_isco88_5,edu_isced97_0,2014,68.717
tza,sex_m,ocu_isco88_5,edu_isced97_1,2001,16.146
tza,sex_m,ocu_isco88_5,edu_isced97_1,2006,39.446
tza,sex_m,ocu_isco88_5,edu_isced97_1,2014,603.637
tza,sex_m,ocu_isco88_5,edu_isced97_2,2001,34.9
tza,sex_m,ocu_isco88_5,edu_isced97_2,2006,110.876
tza,sex_m,ocu_isco88_5,edu_isced97_2,2014,188.123
tza,sex_m,ocu_isco88_5,edu_isced97_3,2001,6.811
tza,sex_m,ocu_isco88_5,edu_isced97_3,2006,14.31
tza,sex_m,ocu_isco88_5,edu_isced97_3,2014,42.282
tza,sex_m,ocu_isco88_5,edu_isced97_4,2006,2.268
tza,sex_m,ocu_isco88_5,edu_isced97_4,2014,28.294
tza,sex_m,ocu_isco88_5,edu_isced97_5,2014,10.563
tza,sex_m,ocu_isco88_5,edu_isced97_total,2001,335.752
tza,sex_m,ocu_isco88_5,edu_isced97_total,2006,922.11
tza,sex_m,ocu_isco88_5,edu_isced97_total,2014,972.761
tza,sex_m,ocu_isco88_5,edu_isced97_x,2001,25.623
tza,sex_m,ocu_isco88_5,edu_isced97_x,2006,60.076
tza,sex_m,ocu_isco88_5,edu_isced97_x,2014,31.145
tza,sex_m,ocu_isco88_6,edu_aggregate_adv,2006,2.639
tza,sex_m,ocu_isco88_6,edu_aggregate_adv,2014,8.638
tza,sex_m,ocu_isco88_6,edu_aggregate_bas,2001,234.187
tza,sex_m,ocu_isco88_6,edu_aggregate_bas,2006,283.974
tza,sex_m,ocu_isco88_6,edu_aggregate_bas,2010,538.608
tza,sex_m,ocu_isco88_6,edu_aggregate_bas,2012,2290.008
tza,sex_m,ocu_isco88_6,edu_aggregate_bas,2014,4443.919
tza,sex_m,ocu_isco88_6,edu_aggregate_int,2001,9.44
tza,sex_m,ocu_isco88_6,edu_aggregate_int,2006,10.01
tza,sex_m,ocu_isco88_6,edu_aggregate_int,2012,15.301
tza,sex_m,ocu_isco88_6,edu_aggregate_int,2014,75.404
tza,sex_m,ocu_isco88_6,edu_aggregate_ltb,2001,5243.964
tza,sex_m,ocu_isco88_6,edu_aggregate_ltb,2006,5758.716
tza,sex_m,ocu_isco88_6,edu_aggregate_ltb,2010,479.937
tza,sex_m,ocu_isco88_6,edu_aggregate_ltb,2012,1715.199
tza,sex_m,ocu_isco88_6,edu_aggregate_ltb,2014,2399.023
tza,sex_m,ocu_isco88_6,edu_aggregate_total,2001,5489.19
tza,sex_m,ocu_isco88_6,edu_aggregate_total,2006,6055.339
tza,sex_m,ocu_isco88_6,edu_aggregate_total,2010,1023.109
tza,sex_m,ocu_isco88_6,edu_aggregate_total,2012,4034.743
tza,sex_m,ocu_isco88_6,edu_aggregate_total,2014,6926.983
tza,sex_m,ocu_isco88_6,edu_aggregate_x,2012,9.929
tza,sex_m,ocu_isco88_6,edu_isced11_0,2010,272.664
tza,sex_m,ocu_isco88_6,edu_isced11_0,2012,944.28
tza,sex_m,ocu_isco88_6,edu_isced11_1,2010,463.044
tza,sex_m,ocu_isco88_6,edu_isced11_1,2012,1790.01
tza,sex_m,ocu_isco88_6,edu_isced11_2,2010,75.564
tza,sex_m,ocu_isco88_6,edu_isced11_2,2012,499.998
tza,sex_m,ocu_isco88_6,edu_isced11_3,2012,9.037
tza,sex_m,ocu_isco88_6,edu_isced11_9,2012,9.929
tza,sex_m,ocu_isco88_6,edu_isced11_total,2010,1023.109
tza,sex_m,ocu_isco88_6,edu_isced11_total,2012,4034.743
tza,sex_m,ocu_isco88_6,edu_isced11_x,2010,207.273
tza,sex_m,ocu_isco88_6,edu_isced11_x,2012,770.919
tza,sex_m,ocu_isco88_6,edu_isced97_0,2001,3995.107
tza,sex_m,ocu_isco88_6,edu_isced97_0,2006,4339.284
tza,sex_m,ocu_isco88_6,edu_isced97_0,2014,1342.547
tza,sex_m,ocu_isco88_6,edu_isced97_1,2001,141.881
tza,sex_m,ocu_isco88_6,edu_isced97_1,2006,180.256
tza,sex_m,ocu_isco88_6,edu_isced97_1,2014,4121.918
tza,sex_m,ocu_isco88_6,edu_isced97_2,2001,92.306
tza,sex_m,ocu_isco88_6,edu_isced97_2,2006,103.718
tza,sex_m,ocu_isco88_6,edu_isced97_2,2014,322.001
tza,sex_m,ocu_isco88_6,edu_isced97_3,2001,8.704
tza,sex_m,ocu_isco88_6,edu_isced97_3,2006,9.512
tza,sex_m,ocu_isco88_6,edu_isced97_3,2014,41.739
tza,sex_m,ocu_isco88_6,edu_isced97_4,2001,0.736
tza,sex_m,ocu_isco88_6,edu_isced97_4,2014,33.666
tza,sex_m,ocu_isco88_6,edu_isced97_5,2006,2.639
tza,sex_m,ocu_isco88_6,edu_isced97_5,2014,8.638
tza,sex_m,ocu_isco88_6,edu_isced97_total,2001,5489.19
tza,sex_m,ocu_isco88_6,edu_isced97_total,2006,6055.339
tza,sex_m,ocu_isco88_6,edu_isced97_total,2014,6926.983
tza,sex_m,ocu_isco88_6,edu_isced97_x,2001,1248.857
tza,sex_m,ocu_isco88_6,edu_isced97_x,2006,1419.433
tza,sex_m,ocu_isco88_6,edu_isced97_x,2014,1056.476
tza,sex_m,ocu_isco88_7,edu_aggregate_adv,2014,2.928
tza,sex_m,ocu_isco88_7,edu_aggregate_bas,2001,46.524
tza,sex_m,ocu_isco88_7,edu_aggregate_bas,2006,95.555
tza,sex_m,ocu_isco88_7,edu_aggregate_bas,2010,557.696
tza,sex_m,ocu_isco88_7,edu_aggregate_bas,2012,444.899
tza,sex_m,ocu_isco88_7,edu_aggregate_bas,2014,802.248
tza,sex_m,ocu_isco88_7,edu_aggregate_int,2001,1.514
tza,sex_m,ocu_isco88_7,edu_aggregate_int,2006,12.305
tza,sex_m,ocu_isco88_7,edu_aggregate_int,2012,6.468
tza,sex_m,ocu_isco88_7,edu_aggregate_int,2014,48.859
tza,sex_m,ocu_isco88_7,edu_aggregate_ltb,2001,275.555
tza,sex_m,ocu_isco88_7,edu_aggregate_ltb,2006,564.486
tza,sex_m,ocu_isco88_7,edu_aggregate_ltb,2010,211.95
tza,sex_m,ocu_isco88_7,edu_aggregate_ltb,2012,120.437
tza,sex_m,ocu_isco88_7,edu_aggregate_ltb,2014,120.138
tza,sex_m,ocu_isco88_7,edu_aggregate_total,2001,323.593
tza,sex_m,ocu_isco88_7,edu_aggregate_total,2006,673.571
tza,sex_m,ocu_isco88_7,edu_aggregate_total,2010,776.232
tza,sex_m,ocu_isco88_7,edu_aggregate_total,2012,576.381
tza,sex_m,ocu_isco88_7,edu_aggregate_total,2014,974.173
tza,sex_m,ocu_isco88_7,edu_isced11_0,2010,116.968
tza,sex_m,ocu_isco88_7,edu_isced11_0,2012,72.222
tza,sex_m,ocu_isco88_7,edu_isced11_1,2010,451.318
tza,sex_m,ocu_isco88_7,edu_isced11_1,2012,334.8
tza,sex_m,ocu_isco88_7,edu_isced11_2,2010,106.378
tza,sex_m,ocu_isco88_7,edu_isced11_2,2012,110.099
tza,sex_m,ocu_isco88_7,edu_isced11_3,2012,6.468
tza,sex_m,ocu_isco88_7,edu_isced11_total,2010,776.232
tza,sex_m,ocu_isco88_7,edu_isced11_total,2012,576.381
tza,sex_m,ocu_isco88_7,edu_isced11_x,2010,94.982
tza,sex_m,ocu_isco88_7,edu_isced11_x,2012,48.214
tza,sex_m,ocu_isco88_7,edu_isced97_0,2001,261.098
tza,sex_m,ocu_isco88_7,edu_isced97_0,2006,526.259
tza,sex_m,ocu_isco88_7,edu_isced97_0,2014,92.09
tza,sex_m,ocu_isco88_7,edu_isced97_1,2001,19.147
tza,sex_m,ocu_isco88_7,edu_isced97_1,2006,29.52
tza,sex_m,ocu_isco88_7,edu_isced97_1,2014,669.516
tza,sex_m,ocu_isco88_7,edu_isced97_2,2001,27.377
tza,sex_m,ocu_isco88_7,edu_isced97_2,2006,66.035
tza,sex_m,ocu_isco88_7,edu_isced97_2,2014,132.732
tza,sex_m,ocu_isco88_7,edu_isced97_3,2001,1.281
tza,sex_m,ocu_isco88_7,edu_isced97_3,2006,11.748
tza,sex_m,ocu_isco88_7,edu_isced97_3,2014,32.356
tza,sex_m,ocu_isco88_7,edu_isced97_4,2014,16.503
tza,sex_m,ocu_isco88_7,edu_isced97_5,2014,2.928
tza,sex_m,ocu_isco88_7,edu_isced97_total,2001,323.593
tza,sex_m,ocu_isco88_7,edu_isced97_total,2006,673.571
tza,sex_m,ocu_isco88_7,edu_isced97_total,2014,974.173
tza,sex_m,ocu_isco88_7,edu_isced97_x,2001,14.456
tza,sex_m,ocu_isco88_7,edu_isced97_x,2006,38.228
tza,sex_m,ocu_isco88_7,edu_isced97_x,2014,28.048
tza,sex_m,ocu_isco88_8,edu_aggregate_bas,2001,19.351
tza,sex_m,ocu_isco88_8,edu_aggregate_bas,2006,42.284
tza,sex_m,ocu_isco88_8,edu_aggregate_bas,2010,242.37
tza,sex_m,ocu_isco88_8,edu_aggregate_bas,2012,320.248
tza,sex_m,ocu_isco88_8,edu_aggregate_bas,2014,472.162
tza,sex_m,ocu_isco88_8,edu_aggregate_int,2006,3.945
tza,sex_m,ocu_isco88_8,edu_aggregate_int,2014,21.746
tza,sex_m,ocu_isco88_8,edu_aggregate_ltb,2001,91.549
tza,sex_m,ocu_isco88_8,edu_aggregate_ltb,2006,159.511
tza,sex_m,ocu_isco88_8,edu_aggregate_ltb,2010,40.519
tza,sex_m,ocu_isco88_8,edu_aggregate_ltb,2012,41.317
tza,sex_m,ocu_isco88_8,edu_aggregate_ltb,2014,34.852
tza,sex_m,ocu_isco88_8,edu_aggregate_total,2001,111.467
tza,sex_m,ocu_isco88_8,edu_aggregate_total,2006,205.74
tza,sex_m,ocu_isco88_8,edu_aggregate_total,2010,287.678
tza,sex_m,ocu_isco88_8,edu_aggregate_total,2012,371.687
tza,sex_m,ocu_isco88_8,edu_aggregate_total,2014,529.912
tza,sex_m,ocu_isco88_8,edu_isced11_0,2010,28.999
tza,sex_m,ocu_isco88_8,edu_isced11_0,2012,26.239
tza,sex_m,ocu_isco88_8,edu_isced11_1,2010,161.652
tza,sex_m,ocu_isco88_8,edu_isced11_1,2012,174.179
tza,sex_m,ocu_isco88_8,edu_isced11_2,2010,80.718
tza,sex_m,ocu_isco88_8,edu_isced11_2,2012,146.07
tza,sex_m,ocu_isco88_8,edu_isced11_total,2010,287.678
tza,sex_m,ocu_isco88_8,edu_isced11_total,2012,371.687
tza,sex_m,ocu_isco88_8,edu_isced11_x,2010,11.52
tza,sex_m,ocu_isco88_8,edu_isced11_x,2012,15.077
tza,sex_m,ocu_isco88_8,edu_isced97_0,2001,88.167
tza,sex_m,ocu_isco88_8,edu_isced97_0,2006,153.844
tza,sex_m,ocu_isco88_8,edu_isced97_0,2014,27.454
tza,sex_m,ocu_isco88_8,edu_isced97_1,2001,10.346
tza,sex_m,ocu_isco88_8,edu_isced97_1,2006,10.942
tza,sex_m,ocu_isco88_8,edu_isced97_1,2014,356.787
tza,sex_m,ocu_isco88_8,edu_isced97_2,2001,9.006
tza,sex_m,ocu_isco88_8,edu_isced97_2,2006,31.341
tza,sex_m,ocu_isco88_8,edu_isced97_2,2014,115.375
tza,sex_m,ocu_isco88_8,edu_isced97_3,2006,3.945
tza,sex_m,ocu_isco88_8,edu_isced97_3,2014,18.372
tza,sex_m,ocu_isco88_8,edu_isced97_4,2014,3.373
tza,sex_m,ocu_isco88_8,edu_isced97_total,2001,111.467
tza,sex_m,ocu_isco88_8,edu_isced97_total,2006,205.74
tza,sex_m,ocu_isco88_8,edu_isced97_total,2014,529.912
tza,sex_m,ocu_isco88_8,edu_isced97_x,2001,3.382
tza,sex_m,ocu_isco88_8,edu_isced97_x,2006,5.668
tza,sex_m,ocu_isco88_8,edu_isced97_x,2014,7.398
tza,sex_m,ocu_isco88_9,edu_aggregate_bas,2001,21.116
tza,sex_m,ocu_isco88_9,edu_aggregate_bas,2006,61.384
tza,sex_m,ocu_isco88_9,edu_aggregate_bas,2010,413.897
tza,sex_m,ocu_isco88_9,edu_aggregate_bas,2012,1073.54
tza,sex_m,ocu_isco88_9,edu_aggregate_bas,2014,665.383
tza,sex_m,ocu_isco88_9,edu_aggregate_int,2001,1.571
tza,sex_m,ocu_isco88_9,edu_aggregate_int,2006,7.062
tza,sex_m,ocu_isco88_9,edu_aggregate_int,2014,15.861
tza,sex_m,ocu_isco88_9,edu_aggregate_ltb,2001,444.53
tza,sex_m,ocu_isco88_9,edu_aggregate_ltb,2006,513.687
tza,sex_m,ocu_isco88_9,edu_aggregate_ltb,2010,242.436
tza,sex_m,ocu_isco88_9,edu_aggregate_ltb,2012,604.954
tza,sex_m,ocu_isco88_9,edu_aggregate_ltb,2014,157.055
tza,sex_m,ocu_isco88_9,edu_aggregate_total,2001,467.746
tza,sex_m,ocu_isco88_9,edu_aggregate_total,2006,582.133
tza,sex_m,ocu_isco88_9,edu_aggregate_total,2010,657.356
tza,sex_m,ocu_isco88_9,edu_aggregate_total,2012,1683.031
tza,sex_m,ocu_isco88_9,edu_aggregate_total,2014,838.299
tza,sex_m,ocu_isco88_9,edu_isced11_0,2010,134.824
tza,sex_m,ocu_isco88_9,edu_isced11_0,2012,364.995
tza,sex_m,ocu_isco88_9,edu_isced11_1,2010,363.596
tza,sex_m,ocu_isco88_9,edu_isced11_1,2012,871.459
tza,sex_m,ocu_isco88_9,edu_isced11_2,2010,50.302
tza,sex_m,ocu_isco88_9,edu_isced11_2,2012,202.081
tza,sex_m,ocu_isco88_9,edu_isced11_total,2010,657.356
tza,sex_m,ocu_isco88_9,edu_isced11_total,2012,1683.031
tza,sex_m,ocu_isco88_9,edu_isced11_x,2010,107.612
tza,sex_m,ocu_isco88_9,edu_isced11_x,2012,239.959
tza,sex_m,ocu_isco88_9,edu_isced97_0,2001,350.682
tza,sex_m,ocu_isco88_9,edu_isced97_0,2006,423.092
tza,sex_m,ocu_isco88_9,edu_isced97_0,2014,108.465
tza,sex_m,ocu_isco88_9,edu_isced97_1,2001,12.285
tza,sex_m,ocu_isco88_9,edu_isced97_1,2006,38.528
tza,sex_m,ocu_isco88_9,edu_isced97_1,2014,577.305
tza,sex_m,ocu_isco88_9,edu_isced97_2,2001,8.831
tza,sex_m,ocu_isco88_9,edu_isced97_2,2006,22.856
tza,sex_m,ocu_isco88_9,edu_isced97_2,2014,88.078
tza,sex_m,ocu_isco88_9,edu_isced97_3,2001,1.247
tza,sex_m,ocu_isco88_9,edu_isced97_3,2006,6.463
tza,sex_m,ocu_isco88_9,edu_isced97_3,2014,13.168
tza,sex_m,ocu_isco88_9,edu_isced97_total,2001,467.746
tza,sex_m,ocu_isco88_9,edu_isced97_total,2006,582.133
tza,sex_m,ocu_isco88_9,edu_isced97_total,2014,838.299
tza,sex_m,ocu_isco88_9,edu_isced97_x,2001,93.847
tza,sex_m,ocu_isco88_9,edu_isced97_x,2006,90.595
tza,sex_m,ocu_isco88_9,edu_isced97_x,2014,48.59
tza,sex_m,ocu_isco88_total,edu_aggregate_adv,2001,2.71
tza,sex_m,ocu_isco88_total,edu_aggregate_adv,2006,25.186
tza,sex_m,ocu_isco88_total,edu_aggregate_adv,2010,46.811
tza,sex_m,ocu_isco88_total,edu_aggregate_adv,2012,95.748
tza,sex_m,ocu_isco88_total,edu_aggregate_adv,2014,165.595
tza,sex_m,ocu_isco88_total,edu_aggregate_bas,2001,546.801
tza,sex_m,ocu_isco88_total,edu_aggregate_bas,2006,776.982
tza,sex_m,ocu_isco88_total,edu_aggregate_bas,2010,6513.408
tza,sex_m,ocu_isco88_total,edu_aggregate_bas,2012,6432.661
tza,sex_m,ocu_isco88_total,edu_aggregate_bas,2014,7253.059
tza,sex_m,ocu_isco88_total,edu_aggregate_int,2001,78.205
tza,sex_m,ocu_isco88_total,edu_aggregate_int,2006,110.431
tza,sex_m,ocu_isco88_total,edu_aggregate_int,2010,177.919
tza,sex_m,ocu_isco88_total,edu_aggregate_int,2012,197.341
tza,sex_m,ocu_isco88_total,edu_aggregate_int,2014,486.717
tza,sex_m,ocu_isco88_total,edu_aggregate_ltb,2001,6586.189
tza,sex_m,ocu_isco88_total,edu_aggregate_ltb,2006,7867.246
tza,sex_m,ocu_isco88_total,edu_aggregate_ltb,2010,3547.515
tza,sex_m,ocu_isco88_total,edu_aggregate_ltb,2012,3151.105
tza,sex_m,ocu_isco88_total,edu_aggregate_ltb,2014,2813.852
tza,sex_m,ocu_isco88_total,edu_aggregate_total,2001,7215.147
tza,sex_m,ocu_isco88_total,edu_aggregate_total,2006,8779.845
tza,sex_m,ocu_isco88_total,edu_aggregate_total,2010,10323.344
tza,sex_m,ocu_isco88_total,edu_aggregate_total,2012,9915.976
tza,sex_m,ocu_isco88_total,edu_aggregate_total,2014,10719.223
tza,sex_m,ocu_isco88_total,edu_aggregate_x,2010,37.69
tza,sex_m,ocu_isco88_total,edu_aggregate_x,2012,39.121
tza,sex_m,ocu_isco88_total,edu_isced11_0,2010,2012.326
tza,sex_m,ocu_isco88_total,edu_isced11_0,2012,1788.003
tza,sex_m,ocu_isco88_total,edu_isced11_1,2010,4931.716
tza,sex_m,ocu_isco88_total,edu_isced11_1,2012,4686.803
tza,sex_m,ocu_isco88_total,edu_isced11_2,2010,1581.693
tza,sex_m,ocu_isco88_total,edu_isced11_2,2012,1745.859
tza,sex_m,ocu_isco88_total,edu_isced11_3,2010,110.038
tza,sex_m,ocu_isco88_total,edu_isced11_3,2012,119.227
tza,sex_m,ocu_isco88_total,edu_isced11_4,2010,67.881
tza,sex_m,ocu_isco88_total,edu_isced11_4,2012,78.115
tza,sex_m,ocu_isco88_total,edu_isced11_6,2010,34.217
tza,sex_m,ocu_isco88_total,edu_isced11_6,2012,62.271
tza,sex_m,ocu_isco88_total,edu_isced11_7,2010,12.594
tza,sex_m,ocu_isco88_total,edu_isced11_7,2012,33.476
tza,sex_m,ocu_isco88_total,edu_isced11_9,2010,37.69
tza,sex_m,ocu_isco88_total,edu_isced11_9,2012,39.121
tza,sex_m,ocu_isco88_total,edu_isced11_total,2010,10323.344
tza,sex_m,ocu_isco88_total,edu_isced11_total,2012,9915.976
tza,sex_m,ocu_isco88_total,edu_isced11_x,2010,1535.189
tza,sex_m,ocu_isco88_total,edu_isced11_x,2012,1363.101
tza,sex_m,ocu_isco88_total,edu_isced97_0,2001,5178.904
tza,sex_m,ocu_isco88_total,edu_isced97_0,2006,6247.574
tza,sex_m,ocu_isco88_total,edu_isced97_0,2014,1640.817
tza,sex_m,ocu_isco88_total,edu_isced97_1,2001,237.942
tza,sex_m,ocu_isco88_total,edu_isced97_1,2006,321.166
tza,sex_m,ocu_isco88_total,edu_isced97_1,2014,6367.967
tza,sex_m,ocu_isco88_total,edu_isced97_2,2001,308.859
tza,sex_m,ocu_isco88_total,edu_isced97_2,2006,455.815
tza,sex_m,ocu_isco88_total,edu_isced97_2,2014,885.092
tza,sex_m,ocu_isco88_total,edu_isced97_3,2001,54.835
tza,sex_m,ocu_isco88_total,edu_isced97_3,2006,97.456
tza,sex_m,ocu_isco88_total,edu_isced97_3,2014,254.132
tza,sex_m,ocu_isco88_total,edu_isced97_4,2001,23.371
tza,sex_m,ocu_isco88_total,edu_isced97_4,2006,12.975
tza,sex_m,ocu_isco88_total,edu_isced97_4,2014,232.584
tza,sex_m,ocu_isco88_total,edu_isced97_5,2001,2.71
tza,sex_m,ocu_isco88_total,edu_isced97_5,2006,25.186
tza,sex_m,ocu_isco88_total,edu_isced97_5,2014,165.595
tza,sex_m,ocu_isco88_total,edu_isced97_total,2001,7215.147
tza,sex_m,ocu_isco88_total,edu_isced97_total,2006,8779.845
tza,sex_m,ocu_isco88_total,edu_isced97_total,2014,10719.223
tza,sex_m,ocu_isco88_total,edu_isced97_x,2001,1407.285
tza,sex_m,ocu_isco88_total,edu_isced97_x,2006,1619.672
tza,sex_m,ocu_isco88_total,edu_isced97_x,2014,1173.035
tza,sex_m,ocu_isco88_x,edu_aggregate_adv,2010,10.595
tza,sex_m,ocu_isco88_x,edu_aggregate_adv,2012,10.053
tza,sex_m,ocu_isco88_x,edu_aggregate_bas,2010,3819.342
tza,sex_m,ocu_isco88_x,edu_aggregate_bas,2012,1630.021
tza,sex_m,ocu_isco88_x,edu_aggregate_int,2010,35.829
tza,sex_m,ocu_isco88_x,edu_aggregate_int,2012,31.323
tza,sex_m,ocu_isco88_x,edu_aggregate_ltb,2010,2381.069
tza,sex_m,ocu_isco88_x,edu_aggregate_ltb,2012,535.165
tza,sex_m,ocu_isco88_x,edu_aggregate_total,2010,6262.79
tza,sex_m,ocu_isco88_x,edu_aggregate_total,2012,2216.888
tza,sex_m,ocu_isco88_x,edu_aggregate_x,2010,15.955
tza,sex_m,ocu_isco88_x,edu_aggregate_x,2012,10.325
tza,sex_m,ocu_isco88_x,edu_isced11_0,2010,1357.317
tza,sex_m,ocu_isco88_x,edu_isced11_0,2012,306.433
tza,sex_m,ocu_isco88_x,edu_isced11_1,2010,2918.62
tza,sex_m,ocu_isco88_x,edu_isced11_1,2012,1177.103
tza,sex_m,ocu_isco88_x,edu_isced11_2,2010,900.722
tza,sex_m,ocu_isco88_x,edu_isced11_2,2012,452.918
tza,sex_m,ocu_isco88_x,edu_isced11_3,2010,25.904
tza,sex_m,ocu_isco88_x,edu_isced11_3,2012,18.067
tza,sex_m,ocu_isco88_x,edu_isced11_4,2010,9.925
tza,sex_m,ocu_isco88_x,edu_isced11_4,2012,13.257
tza,sex_m,ocu_isco88_x,edu_isced11_6,2010,8.758
tza,sex_m,ocu_isco88_x,edu_isced11_6,2012,8.769
tza,sex_m,ocu_isco88_x,edu_isced11_9,2010,15.955
tza,sex_m,ocu_isco88_x,edu_isced11_9,2012,10.325
tza,sex_m,ocu_isco88_x,edu_isced11_total,2010,6262.79
tza,sex_m,ocu_isco88_x,edu_isced11_total,2012,2216.888
tza,sex_m,ocu_isco88_x,edu_isced11_x,2010,1023.752
tza,sex_m,ocu_isco88_x,edu_isced11_x,2012,228.733
tza,sex_m,ocu_skill_l1,edu_aggregate_adv,2020,27.019
tza,sex_m,ocu_skill_l1,edu_aggregate_adv,2024,121.887
tza,sex_m,ocu_skill_l1,edu_aggregate_bas,2001,21.116
tza,sex_m,ocu_skill_l1,edu_aggregate_bas,2006,61.384
tza,sex_m,ocu_skill_l1,edu_aggregate_bas,2010,413.897
tza,sex_m,ocu_skill_l1,edu_aggregate_bas,2012,1073.54
tza,sex_m,ocu_skill_l1,edu_aggregate_bas,2014,665.383
tza,sex_m,ocu_skill_l1,edu_aggregate_bas,2020,850.325
tza,sex_m,ocu_skill_l1,edu_aggregate_bas,2024,1915.937
tza,sex_m,ocu_skill_l1,edu_aggregate_int,2001,1.571
tza,sex_m,ocu_skill_l1,edu_aggregate_int,2006,7.062
tza,sex_m,ocu_skill_l1,edu_aggregate_int,2014,15.861
tza,sex_m,ocu_skill_l1,edu_aggregate_int,2020,270.096
tza,sex_m,ocu_skill_l1,edu_aggregate_int,2024,628.939
tza,sex_m,ocu_skill_l1,edu_aggregate_ltb,2001,444.53
tza,sex_m,ocu_skill_l1,edu_aggregate_ltb,2006,513.687
tza,sex_m,ocu_skill_l1,edu_aggregate_ltb,2010,242.436
tza,sex_m,ocu_skill_l1,edu_aggregate_ltb,2012,604.954
tza,sex_m,ocu_skill_l1,edu_aggregate_ltb,2014,157.055
tza,sex_m,ocu_skill_l1,edu_aggregate_ltb,2020,184.525
tza,sex_m,ocu_skill_l1,edu_aggregate_ltb,2024,319.029
tza,sex_m,ocu_skill_l1,edu_aggregate_total,2001,467.746
tza,sex_m,ocu_skill_l1,edu_aggregate_total,2006,582.133
tza,sex_m,ocu_skill_l1,edu_aggregate_total,2010,657.356
tza,sex_m,ocu_skill_l1,edu_aggregate_total,2012,1683.031
tza,sex_m,ocu_skill_l1,edu_aggregate_total,2014,838.299
tza,sex_m,ocu_skill_l1,edu_aggregate_total,2020,1741.335
tza,sex_m,ocu_skill_l1,edu_aggregate_total,2024,3969.904
tza,sex_m,ocu_skill_l1,edu_aggregate_x,2020,409.369
tza,sex_m,ocu_skill_l1,edu_aggregate_x,2024,984.112
tza,sex_m,ocu_skill_l1,edu_isced11_0,2010,134.824
tza,sex_m,ocu_skill_l1,edu_isced11_0,2012,364.995
tza,sex_m,ocu_skill_l1,edu_isced11_1,2010,363.596
tza,sex_m,ocu_skill_l1,edu_isced11_1,2012,871.459
tza,sex_m,ocu_skill_l1,edu_isced11_1,2020,840.905
tza,sex_m,ocu_skill_l1,edu_isced11_1,2024,1895.479
tza,sex_m,ocu_skill_l1,edu_isced11_2,2010,50.302
tza,sex_m,ocu_skill_l1,edu_isced11_2,2012,202.081
tza,sex_m,ocu_skill_l1,edu_isced11_2,2020,9.42
tza,sex_m,ocu_skill_l1,edu_isced11_2,2024,20.458
tza,sex_m,ocu_skill_l1,edu_isced11_3,2020,254.209
tza,sex_m,ocu_skill_l1,edu_isced11_3,2024,606.3
tza,sex_m,ocu_skill_l1,edu_isced11_4,2020,15.888
tza,sex_m,ocu_skill_l1,edu_isced11_4,2024,22.639
tza,sex_m,ocu_skill_l1,edu_isced11_5,2020,17.25
tza,sex_m,ocu_skill_l1,edu_isced11_5,2024,79.31
tza,sex_m,ocu_skill_l1,edu_isced11_6,2020,9.769
tza,sex_m,ocu_skill_l1,edu_isced11_6,2024,40.263
tza,sex_m,ocu_skill_l1,edu_isced11_8,2024,2.315
tza,sex_m,ocu_skill_l1,edu_isced11_9,2020,409.369
tza,sex_m,ocu_skill_l1,edu_isced11_9,2024,984.112
tza,sex_m,ocu_skill_l1,edu_isced11_total,2010,657.356
tza,sex_m,ocu_skill_l1,edu_isced11_total,2012,1683.031
tza,sex_m,ocu_skill_l1,edu_isced11_total,2020,1741.335
tza,sex_m,ocu_skill_l1,edu_isced11_total,2024,3969.904
tza,sex_m,ocu_skill_l1,edu_isced11_x,2010,107.612
tza,sex_m,ocu_skill_l1,edu_isced11_x,2012,239.959
tza,sex_m,ocu_skill_l1,edu_isced11_x,2020,184.525
tza,sex_m,ocu_skill_l1,edu_isced11_x,2024,319.029
tza,sex_m,ocu_skill_l1,edu_isced97_0,2001,350.682
tza,sex_m,ocu_skill_l1,edu_isced97_0,2006,423.092
tza,sex_m,ocu_skill_l1,edu_isced97_0,2014,108.465
tza,sex_m,ocu_skill_l1,edu_isced97_1,2001,12.285
tza,sex_m,ocu_skill_l1,edu_isced97_1,2006,38.528
tza,sex_m,ocu_skill_l1,edu_isced97_1,2014,577.305
tza,sex_m,ocu_skill_l1,edu_isced97_2,2001,8.831
tza,sex_m,ocu_skill_l1,edu_isced97_2,2006,22.856
tza,sex_m,ocu_skill_l1,edu_isced97_2,2014,88.078
tza,sex_m,ocu_skill_l1,edu_isced97_3,2001,1.247
tza,sex_m,ocu_skill_l1,edu_isced97_3,2006,6.463
tza,sex_m,ocu_skill_l1,edu_isced97_3,2014,13.168
tza,sex_m,ocu_skill_l1,edu_isced97_total,2001,467.746
tza,sex_m,ocu_skill_l1,edu_isced97_total,2006,582.133
tza,sex_m,ocu_skill_l1,edu_isced97_total,2014,838.299
tza,sex_m,ocu_skill_l1,edu_isced97_x,2001,93.847
tza,sex_m,ocu_skill_l1,edu_isced97_x,2006,90.595
tza,sex_m,ocu_skill_l1,edu_isced97_x,2014,48.59
tza,sex_m,ocu_skill_l2,edu_aggregate_adv,2001,0.995
tza,sex_m,ocu_skill_l2,edu_aggregate_adv,2006,5.833
tza,sex_m,ocu_skill_l2,edu_aggregate_adv,2010,5.935
tza,sex_m,ocu_skill_l2,edu_aggregate_adv,2012,15.153
tza,sex_m,ocu_skill_l2,edu_aggregate_adv,2014,27.663
tza,sex_m,ocu_skill_l2,edu_aggregate_adv,2020,211.911
tza,sex_m,ocu_skill_l2,edu_aggregate_adv,2024,303.382
tza,sex_m,ocu_skill_l2,edu_aggregate_bas,2001,368.948
tza,sex_m,ocu_skill_l2,edu_aggregate_bas,2006,587.39
tza,sex_m,ocu_skill_l2,edu_aggregate_bas,2010,1870.46
tza,sex_m,ocu_skill_l2,edu_aggregate_bas,2012,3478.669
tza,sex_m,ocu_skill_l2,edu_aggregate_bas,2014,6538.444
tza,sex_m,ocu_skill_l2,edu_aggregate_bas,2020,5256.967
tza,sex_m,ocu_skill_l2,edu_aggregate_bas,2024,5518.507
tza,sex_m,ocu_skill_l2,edu_aggregate_int,2001,22.161
tza,sex_m,ocu_skill_l2,edu_aggregate_int,2006,45.943
tza,sex_m,ocu_skill_l2,edu_aggregate_int,2010,37.481
tza,sex_m,ocu_skill_l2,edu_aggregate_int,2012,62.02
tza,sex_m,ocu_skill_l2,edu_aggregate_int,2014,234.803
tza,sex_m,ocu_skill_l2,edu_aggregate_int,2020,1105.751
tza,sex_m,ocu_skill_l2,edu_aggregate_int,2024,1520.76
tza,sex_m,ocu_skill_l2,edu_aggregate_ltb,2001,5895.183
tza,sex_m,ocu_skill_l2,edu_aggregate_ltb,2006,7253.268
tza,sex_m,ocu_skill_l2,edu_aggregate_ltb,2010,850.916
tza,sex_m,ocu_skill_l2,edu_aggregate_ltb,2012,1982.347
tza,sex_m,ocu_skill_l2,edu_aggregate_ltb,2014,2654.331
tza,sex_m,ocu_skill_l2,edu_aggregate_ltb,2020,1282.285
tza,sex_m,ocu_skill_l2,edu_aggregate_ltb,2024,950.128
tza,sex_m,ocu_skill_l2,edu_aggregate_total,2001,6287.999
tza,sex_m,ocu_skill_l2,edu_aggregate_total,2006,7892.434
tza,sex_m,ocu_skill_l2,edu_aggregate_total,2010,2779.572
tza,sex_m,ocu_skill_l2,edu_aggregate_total,2012,5555.035
tza,sex_m,ocu_skill_l2,edu_aggregate_total,2014,9455.241
tza,sex_m,ocu_skill_l2,edu_aggregate_total,2020,10360.281
tza,sex_m,ocu_skill_l2,edu_aggregate_total,2024,10918.501
tza,sex_m,ocu_skill_l2,edu_aggregate_x,2010,14.78
tza,sex_m,ocu_skill_l2,edu_aggregate_x,2012,16.846
tza,sex_m,ocu_skill_l2,edu_aggregate_x,2020,2503.367
tza,sex_m,ocu_skill_l2,edu_aggregate_x,2024,2625.724
tza,sex_m,ocu_skill_l2,edu_isced11_0,2010,481.882
tza,sex_m,ocu_skill_l2,edu_isced11_0,2012,1099.274
tza,sex_m,ocu_skill_l2,edu_isced11_1,2010,1450.651
tza,sex_m,ocu_skill_l2,edu_isced11_1,2012,2565.573
tza,sex_m,ocu_skill_l2,edu_isced11_1,2020,5192.409
tza,sex_m,ocu_skill_l2,edu_isced11_1,2024,5472.26
tza,sex_m,ocu_skill_l2,edu_isced11_2,2010,419.809
tza,sex_m,ocu_skill_l2,edu_isced11_2,2012,913.096
tza,sex_m,ocu_skill_l2,edu_isced11_2,2020,64.558
tza,sex_m,ocu_skill_l2,edu_isced11_2,2024,46.247
tza,sex_m,ocu_skill_l2,edu_isced11_3,2010,28.195
tza,sex_m,ocu_skill_l2,edu_isced11_3,2012,41.421
tza,sex_m,ocu_skill_l2,edu_isced11_3,2020,994.848
tza,sex_m,ocu_skill_l2,edu_isced11_3,2024,1427.855
tza,sex_m,ocu_skill_l2,edu_isced11_4,2010,9.286
tza,sex_m,ocu_skill_l2,edu_isced11_4,2012,20.6
tza,sex_m,ocu_skill_l2,edu_isced11_4,2020,110.902
tza,sex_m,ocu_skill_l2,edu_isced11_4,2024,92.906
tza,sex_m,ocu_skill_l2,edu_isced11_5,2020,160.618
tza,sex_m,ocu_skill_l2,edu_isced11_5,2024,182.605
tza,sex_m,ocu_skill_l2,edu_isced11_6,2010,5.165
tza,sex_m,ocu_skill_l2,edu_isced11_6,2012,12.406
tza,sex_m,ocu_skill_l2,edu_isced11_6,2020,51.293
tza,sex_m,ocu_skill_l2,edu_isced11_6,2024,111.097
tza,sex_m,ocu_skill_l2,edu_isced11_8,2024,9.679
tza,sex_m,ocu_skill_l2,edu_isced11_9,2010,14.78
tza,sex_m,ocu_skill_l2,edu_isced11_9,2012,16.846
tza,sex_m,ocu_skill_l2,edu_isced11_9,2020,2503.367
tza,sex_m,ocu_skill_l2,edu_isced11_9,2024,2625.724
tza,sex_m,ocu_skill_l2,edu_isced11_total,2010,2779.572
tza,sex_m,ocu_skill_l2,edu_isced11_total,2012,5555.035
tza,sex_m,ocu_skill_l2,edu_isced11_total,2020,10360.281
tza,sex_m,ocu_skill_l2,edu_isced11_total,2024,10918.501
tza,sex_m,ocu_skill_l2,edu_isced11_x,2010,369.034
tza,sex_m,ocu_skill_l2,edu_isced11_x,2012,883.073
tza,sex_m,ocu_skill_l2,edu_isced11_x,2020,1282.285
tza,sex_m,ocu_skill_l2,edu_isced11_x,2024,950.128
tza,sex_m,ocu_skill_l2,edu_isced97_0,2001,4602.035
tza,sex_m,ocu_skill_l2,edu_isced97_0,2006,5729.514
tza,sex_m,ocu_skill_l2,edu_isced97_0,2014,1531.265
tza,sex_m,ocu_skill_l2,edu_isced97_1,2001,190.482
tza,sex_m,ocu_skill_l2,edu_isced97_1,2006,263.364
tza,sex_m,ocu_skill_l2,edu_isced97_1,2014,5767.03
tza,sex_m,ocu_skill_l2,edu_isced97_2,2001,178.466
tza,sex_m,ocu_skill_l2,edu_isced97_2,2006,324.026
tza,sex_m,ocu_skill_l2,edu_isced97_2,2014,771.414
tza,sex_m,ocu_skill_l2,edu_isced97_3,2001,20.662
tza,sex_m,ocu_skill_l2,edu_isced97_3,2006,42.62
tza,sex_m,ocu_skill_l2,edu_isced97_3,2014,146.708
tza,sex_m,ocu_skill_l2,edu_isced97_4,2001,1.499
tza,sex_m,ocu_skill_l2,edu_isced97_4,2006,3.323
tza,sex_m,ocu_skill_l2,edu_isced97_4,2014,88.095
tza,sex_m,ocu_skill_l2,edu_isced97_5,2001,0.995
tza,sex_m,ocu_skill_l2,edu_isced97_5,2006,5.833
tza,sex_m,ocu_skill_l2,edu_isced97_5,2014,27.663
tza,sex_m,ocu_skill_l2,edu_isced97_total,2001,6287.999
tza,sex_m,ocu_skill_l2,edu_isced97_total,2006,7892.434
tza,sex_m,ocu_skill_l2,edu_isced97_total,2014,9455.241
tza,sex_m,ocu_skill_l2,edu_isced97_x,2001,1293.148
tza,sex_m,ocu_skill_l2,edu_isced97_x,2006,1523.754
tza,sex_m,ocu_skill_l2,edu_isced97_x,2014,1123.066
tza,sex_m,ocu_skill_l3_4,edu_aggregate_adv,2001,1.715
tza,sex_m,ocu_skill_l3_4,edu_aggregate_adv,2006,19.353
tza,sex_m,ocu_skill_l3_4,edu_aggregate_adv,2010,27.74
tza,sex_m,ocu_skill_l3_4,edu_aggregate_adv,2012,70.277
tza,sex_m,ocu_skill_l3_4,edu_aggregate_adv,2014,137.932
tza,sex_m,ocu_skill_l3_4,edu_aggregate_adv,2020,243.186
tza,sex_m,ocu_skill_l3_4,edu_aggregate_adv,2024,483.398
tza,sex_m,ocu_skill_l3_4,edu_aggregate_bas,2001,149.58
tza,sex_m,ocu_skill_l3_4,edu_aggregate_bas,2006,121.314
tza,sex_m,ocu_skill_l3_4,edu_aggregate_bas,2010,181.359
tza,sex_m,ocu_skill_l3_4,edu_aggregate_bas,2012,226.031
tza,sex_m,ocu_skill_l3_4,edu_aggregate_bas,2014,49.232
tza,sex_m,ocu_skill_l3_4,edu_aggregate_bas,2020,19.779
tza,sex_m,ocu_skill_l3_4,edu_aggregate_bas,2024,74.49
tza,sex_m,ocu_skill_l3_4,edu_aggregate_int,2001,54.38
tza,sex_m,ocu_skill_l3_4,edu_aggregate_int,2006,57.014
tza,sex_m,ocu_skill_l3_4,edu_aggregate_int,2010,92.424
tza,sex_m,ocu_skill_l3_4,edu_aggregate_int,2012,91.232
tza,sex_m,ocu_skill_l3_4,edu_aggregate_int,2014,236.053
tza,sex_m,ocu_skill_l3_4,edu_aggregate_int,2020,163.879
tza,sex_m,ocu_skill_l3_4,edu_aggregate_int,2024,134.182
tza,sex_m,ocu_skill_l3_4,edu_aggregate_ltb,2001,234.219
tza,sex_m,ocu_skill_l3_4,edu_aggregate_ltb,2006,94.425
tza,sex_m,ocu_skill_l3_4,edu_aggregate_ltb,2010,12.57
tza,sex_m,ocu_skill_l3_4,edu_aggregate_ltb,2012,25.548
tza,sex_m,ocu_skill_l3_4,edu_aggregate_ltb,2014,2.465
tza,sex_m,ocu_skill_l3_4,edu_aggregate_ltb,2024,2.586
tza,sex_m,ocu_skill_l3_4,edu_aggregate_total,2001,439.893
tza,sex_m,ocu_skill_l3_4,edu_aggregate_total,2006,292.106
tza,sex_m,ocu_skill_l3_4,edu_aggregate_total,2010,320.026
tza,sex_m,ocu_skill_l3_4,edu_aggregate_total,2012,420.501
tza,sex_m,ocu_skill_l3_4,edu_aggregate_total,2014,425.683
tza,sex_m,ocu_skill_l3_4,edu_aggregate_total,2020,557.786
tza,sex_m,ocu_skill_l3_4,edu_aggregate_total,2024,725.036
tza,sex_m,ocu_skill_l3_4,edu_aggregate_x,2010,5.933
tza,sex_m,ocu_skill_l3_4,edu_aggregate_x,2012,7.412
tza,sex_m,ocu_skill_l3_4,edu_aggregate_x,2020,129.103
tza,sex_m,ocu_skill_l3_4,edu_aggregate_x,2024,30.378
tza,sex_m,ocu_skill_l3_4,edu_isced11_0,2010,7.918
tza,sex_m,ocu_skill_l3_4,edu_isced11_0,2012,14.211
tza,sex_m,ocu_skill_l3_4,edu_isced11_1,2010,38.585
tza,sex_m,ocu_skill_l3_4,edu_isced11_1,2012,56.992
tza,sex_m,ocu_skill_l3_4,edu_isced11_1,2020,19.779
tza,sex_m,ocu_skill_l3_4,edu_isced11_1,2024,72.283
tza,sex_m,ocu_skill_l3_4,edu_isced11_2,2010,142.774
tza,sex_m,ocu_skill_l3_4,edu_isced11_2,2012,169.039
tza,sex_m,ocu_skill_l3_4,edu_isced11_3,2010,47.382
tza,sex_m,ocu_skill_l3_4,edu_isced11_3,2012,47.533
tza,sex_m,ocu_skill_l3_4,edu_isced11_3,2020,19.456
tza,sex_m,ocu_skill_l3_4,edu_isced11_3,2024,92.32
tza,sex_m,ocu_skill_l3_4,edu_isced11_4,2010,45.042
tza,sex_m,ocu_skill_l3_4,edu_isced11_4,2012,43.7
tza,sex_m,ocu_skill_l3_4,edu_isced11_4,2020,144.423
tza,sex_m,ocu_skill_l3_4,edu_isced11_4,2024,41.862
tza,sex_m,ocu_skill_l3_4,edu_isced11_5,2020,63.102
tza,sex_m,ocu_skill_l3_4,edu_isced11_5,2024,178.999
tza,sex_m,ocu_skill_l3_4,edu_isced11_6,2010,19.472
tza,sex_m,ocu_skill_l3_4,edu_isced11_6,2012,40.833
tza,sex_m,ocu_skill_l3_4,edu_isced11_6,2020,180.084
tza,sex_m,ocu_skill_l3_4,edu_isced11_6,2024,265.071
tza,sex_m,ocu_skill_l3_4,edu_isced11_7,2010,8.268
tza,sex_m,ocu_skill_l3_4,edu_isced11_7,2012,29.445
tza,sex_m,ocu_skill_l3_4,edu_isced11_8,2024,39.329
tza,sex_m,ocu_skill_l3_4,edu_isced11_9,2010,5.933
tza,sex_m,ocu_skill_l3_4,edu_isced11_9,2012,7.412
tza,sex_m,ocu_skill_l3_4,edu_isced11_9,2020,129.103
tza,sex_m,ocu_skill_l3_4,edu_isced11_9,2024,30.378
tza,sex_m,ocu_skill_l3_4,edu_isced11_total,2010,320.026
tza,sex_m,ocu_skill_l3_4,edu_isced11_total,2012,420.501
tza,sex_m,ocu_skill_l3_4,edu_isced11_total,2020,557.786
tza,sex_m,ocu_skill_l3_4,edu_isced11_total,2024,725.036
tza,sex_m,ocu_skill_l3_4,edu_isced11_x,2024,2.586
tza,sex_m,ocu_skill_l3_4,edu_isced97_0,2001,214.63
tza,sex_m,ocu_skill_l3_4,edu_isced97_0,2006,89.102
tza,sex_m,ocu_skill_l3_4,edu_isced97_1,2001,31.83
tza,sex_m,ocu_skill_l3_4,edu_isced97_1,2006,18.573
tza,sex_m,ocu_skill_l3_4,edu_isced97_1,2014,23.632
tza,sex_m,ocu_skill_l3_4,edu_isced97_2,2001,117.751
tza,sex_m,ocu_skill_l3_4,edu_isced97_2,2006,102.741
tza,sex_m,ocu_skill_l3_4,edu_isced97_2,2014,25.6
tza,sex_m,ocu_skill_l3_4,edu_isced97_3,2001,32.831
tza,sex_m,ocu_skill_l3_4,edu_isced97_3,2006,47.962
tza,sex_m,ocu_skill_l3_4,edu_isced97_3,2014,94.257
tza,sex_m,ocu_skill_l3_4,edu_isced97_4,2001,21.548
tza,sex_m,ocu_skill_l3_4,edu_isced97_4,2006,9.053
tza,sex_m,ocu_skill_l3_4,edu_isced97_4,2014,141.796
tza,sex_m,ocu_skill_l3_4,edu_isced97_5,2001,1.715
tza,sex_m,ocu_skill_l3_4,edu_isced97_5,2006,19.353
tza,sex_m,ocu_skill_l3_4,edu_isced97_5,2014,137.932
tza,sex_m,ocu_skill_l3_4,edu_isced97_total,2001,439.893
tza,sex_m,ocu_skill_l3_4,edu_isced97_total,2006,292.106
tza,sex_m,ocu_skill_l3_4,edu_isced97_total,2014,425.683
tza,sex_m,ocu_skill_l3_4,edu_isced97_x,2001,19.588
tza,sex_m,ocu_skill_l3_4,edu_isced97_x,2006,5.323
tza,sex_m,ocu_skill_total,edu_aggregate_adv,2001,2.71
tza,sex_m,ocu_skill_total,edu_aggregate_adv,2006,25.186
tza,sex_m,ocu_skill_total,edu_aggregate_adv,2010,46.811
tza,sex_m,ocu_skill_total,edu_aggregate_adv,2012,95.748
tza,sex_m,ocu_skill_total,edu_aggregate_adv,2014,165.595
tza,sex_m,ocu_skill_total,edu_aggregate_adv,2020,499.82
tza,sex_m,ocu_skill_total,edu_aggregate_adv,2024,911.056
tza,sex_m,ocu_skill_total,edu_aggregate_bas,2001,546.801
tza,sex_m,ocu_skill_total,edu_aggregate_bas,2006,776.982
tza,sex_m,ocu_skill_total,edu_aggregate_bas,2010,6513.408
tza,sex_m,ocu_skill_total,edu_aggregate_bas,2012,6432.661
tza,sex_m,ocu_skill_total,edu_aggregate_bas,2014,7253.059
tza,sex_m,ocu_skill_total,edu_aggregate_bas,2020,6317.124
tza,sex_m,ocu_skill_total,edu_aggregate_bas,2024,7510.013
tza,sex_m,ocu_skill_total,edu_aggregate_int,2001,78.205
tza,sex_m,ocu_skill_total,edu_aggregate_int,2006,110.431
tza,sex_m,ocu_skill_total,edu_aggregate_int,2010,177.919
tza,sex_m,ocu_skill_total,edu_aggregate_int,2012,197.341
tza,sex_m,ocu_skill_total,edu_aggregate_int,2014,486.717
tza,sex_m,ocu_skill_total,edu_aggregate_int,2020,1604.947
tza,sex_m,ocu_skill_total,edu_aggregate_int,2024,2287.465
tza,sex_m,ocu_skill_total,edu_aggregate_ltb,2001,6586.189
tza,sex_m,ocu_skill_total,edu_aggregate_ltb,2006,7867.246
tza,sex_m,ocu_skill_total,edu_aggregate_ltb,2010,3547.515
tza,sex_m,ocu_skill_total,edu_aggregate_ltb,2012,3151.105
tza,sex_m,ocu_skill_total,edu_aggregate_ltb,2014,2813.852
tza,sex_m,ocu_skill_total,edu_aggregate_ltb,2020,1513.178
tza,sex_m,ocu_skill_total,edu_aggregate_ltb,2024,1271.743
tza,sex_m,ocu_skill_total,edu_aggregate_total,2001,7215.147
tza,sex_m,ocu_skill_total,edu_aggregate_total,2006,8779.845
tza,sex_m,ocu_skill_total,edu_aggregate_total,2010,10323.344
tza,sex_m,ocu_skill_total,edu_aggregate_total,2012,9915.976
tza,sex_m,ocu_skill_total,edu_aggregate_total,2014,10719.223
tza,sex_m,ocu_skill_total,edu_aggregate_total,2020,13083.509
tza,sex_m,ocu_skill_total,edu_aggregate_total,2024,15621.078
tza,sex_m,ocu_skill_total,edu_aggregate_x,2010,37.69
tza,sex_m,ocu_skill_total,edu_aggregate_x,2012,39.121
tza,sex_m,ocu_skill_total,edu_aggregate_x,2020,3148.441
tza,sex_m,ocu_skill_total,edu_aggregate_x,2024,3640.801
tza,sex_m,ocu_skill_total,edu_isced11_0,2010,2012.326
tza,sex_m,ocu_skill_total,edu_isced11_0,2012,1788.003
tza,sex_m,ocu_skill_total,edu_isced11_1,2010,4931.716
tza,sex_m,ocu_skill_total,edu_isced11_1,2012,4686.803
tza,sex_m,ocu_skill_total,edu_isced11_1,2020,6241.73
tza,sex_m,ocu_skill_total,edu_isced11_1,2024,7441.1
tza,sex_m,ocu_skill_total,edu_isced11_2,2010,1581.693
tza,sex_m,ocu_skill_total,edu_isced11_2,2012,1745.859
tza,sex_m,ocu_skill_total,edu_isced11_2,2020,75.393
tza,sex_m,ocu_skill_total,edu_isced11_2,2024,68.913
tza,sex_m,ocu_skill_total,edu_isced11_3,2010,110.038
tza,sex_m,ocu_skill_total,edu_isced11_3,2012,119.227
tza,sex_m,ocu_skill_total,edu_isced11_3,2020,1328.439
tza,sex_m,ocu_skill_total,edu_isced11_3,2024,2129.479
tza,sex_m,ocu_skill_total,edu_isced11_4,2010,67.881
tza,sex_m,ocu_skill_total,edu_isced11_4,2012,78.115
tza,sex_m,ocu_skill_total,edu_isced11_4,2020,276.508
tza,sex_m,ocu_skill_total,edu_isced11_4,2024,157.986
tza,sex_m,ocu_skill_total,edu_isced11_5,2020,251.645
tza,sex_m,ocu_skill_total,edu_isced11_5,2024,441.86
tza,sex_m,ocu_skill_total,edu_isced11_6,2010,34.217
tza,sex_m,ocu_skill_total,edu_isced11_6,2012,62.271
tza,sex_m,ocu_skill_total,edu_isced11_6,2020,248.175
tza,sex_m,ocu_skill_total,edu_isced11_6,2024,417.873
tza,sex_m,ocu_skill_total,edu_isced11_7,2010,12.594
tza,sex_m,ocu_skill_total,edu_isced11_7,2012,33.476
tza,sex_m,ocu_skill_total,edu_isced11_8,2024,51.323
tza,sex_m,ocu_skill_total,edu_isced11_9,2010,37.69
tza,sex_m,ocu_skill_total,edu_isced11_9,2012,39.121
tza,sex_m,ocu_skill_total,edu_isced11_9,2020,3148.441
tza,sex_m,ocu_skill_total,edu_isced11_9,2024,3640.801
tza,sex_m,ocu_skill_total,edu_isced11_total,2010,10323.344
tza,sex_m,ocu_skill_total,edu_isced11_total,2012,9915.976
tza,sex_m,ocu_skill_total,edu_isced11_total,2020,13083.509
tza,sex_m,ocu_skill_total,edu_isced11_total,2024,15621.078
tza,sex_m,ocu_skill_total,edu_isced11_x,2010,1535.189
tza,sex_m,ocu_skill_total,edu_isced11_x,2012,1363.101
tza,sex_m,ocu_skill_total,edu_isced11_x,2020,1513.178
tza,sex_m,ocu_skill_total,edu_isced11_x,2024,1271.743
tza,sex_m,ocu_skill_total,edu_isced97_0,2001,5178.904
tza,sex_m,ocu_skill_total,edu_isced97_0,2006,6247.574
tza,sex_m,ocu_skill_total,edu_isced97_0,2014,1640.817
tza,sex_m,ocu_skill_total,edu_isced97_1,2001,237.942
tza,sex_m,ocu_skill_total,edu_isced97_1,2006,321.166
tza,sex_m,ocu_skill_total,edu_isced97_1,2014,6367.967
tza,sex_m,ocu_skill_total,edu_isced97_2,2001,308.859
tza,sex_m,ocu_skill_total,edu_isced97_2,2006,455.815
tza,sex_m,ocu_skill_total,edu_isced97_2,2014,885.092
tza,sex_m,ocu_skill_total,edu_isced97_3,2001,54.835
tza,sex_m,ocu_skill_total,edu_isced97_3,2006,97.456
tza,sex_m,ocu_skill_total,edu_isced97_3,2014,254.132
tza,sex_m,ocu_skill_total,edu_isced97_4,2001,23.371
tza,sex_m,ocu_skill_total,edu_isced97_4,2006,12.975
tza,sex_m,ocu_skill_total,edu_isced97_4,2014,232.584
tza,sex_m,ocu_skill_total,edu_isced97_5,2001,2.71
tza,sex_m,ocu_skill_total,edu_isced97_5,2006,25.186
tza,sex_m,ocu_skill_total,edu_isced97_5,2014,165.595
tza,sex_m,ocu_skill_total,edu_isced97_total,2001,7215.147
tza,sex_m,ocu_skill_total,edu_isced97_total,2006,8779.845
tza,sex_m,ocu_skill_total,edu_isced97_total,2014,10719.223
tza,sex_m,ocu_skill_total,edu_isced97_x,2001,1407.285
tza,sex_m,ocu_skill_total,edu_isced97_x,2006,1619.672
tza,sex_m,ocu_skill_total,edu_isced97_x,2014,1173.035
tza,sex_m,ocu_skill_x,edu_aggregate_adv,2010,13.135
tza,sex_m,ocu_skill_x,edu_aggregate_adv,2012,10.317
tza,sex_m,ocu_skill_x,edu_aggregate_adv,2020,17.704
tza,sex_m,ocu_skill_x,edu_aggregate_adv,2024,2.388
tza,sex_m,ocu_skill_x,edu_aggregate_bas,2001,7.156
tza,sex_m,ocu_skill_x,edu_aggregate_bas,2006,6.894
tza,sex_m,ocu_skill_x,edu_aggregate_bas,2010,4047.693
tza,sex_m,ocu_skill_x,edu_aggregate_bas,2012,1654.422
tza,sex_m,ocu_skill_x,edu_aggregate_bas,2020,190.052
tza,sex_m,ocu_skill_x,edu_aggregate_int,2010,48.014
tza,sex_m,ocu_skill_x,edu_aggregate_int,2012,44.089
tza,sex_m,ocu_skill_x,edu_aggregate_int,2020,65.22
tza,sex_m,ocu_skill_x,edu_aggregate_int,2024,3.583
tza,sex_m,ocu_skill_x,edu_aggregate_ltb,2001,12.258
tza,sex_m,ocu_skill_x,edu_aggregate_ltb,2006,5.866
tza,sex_m,ocu_skill_x,edu_aggregate_ltb,2010,2441.593
tza,sex_m,ocu_skill_x,edu_aggregate_ltb,2012,538.256
tza,sex_m,ocu_skill_x,edu_aggregate_ltb,2020,44.529
tza,sex_m,ocu_skill_x,edu_aggregate_total,2001,19.509
tza,sex_m,ocu_skill_x,edu_aggregate_total,2006,13.172
tza,sex_m,ocu_skill_x,edu_aggregate_total,2010,6566.391
tza,sex_m,ocu_skill_x,edu_aggregate_total,2012,2257.408
tza,sex_m,ocu_skill_x,edu_aggregate_total,2020,424.107
tza,sex_m,ocu_skill_x,edu_aggregate_total,2024,7.637
tza,sex_m,ocu_skill_x,edu_aggregate_x,2010,15.955
tza,sex_m,ocu_skill_x,edu_aggregate_x,2012,10.325
tza,sex_m,ocu_skill_x,edu_aggregate_x,2020,106.602
tza,sex_m,ocu_skill_x,edu_isced11_0,2010,1387.702
tza,sex_m,ocu_skill_x,edu_isced11_0,2012,309.523
tza,sex_m,ocu_skill_x,edu_isced11_1,2010,3078.884
tza,sex_m,ocu_skill_x,edu_isced11_1,2012,1192.779
tza,sex_m,ocu_skill_x,edu_isced11_1,2020,188.637
tza,sex_m,ocu_skill_x,edu_isced11_2,2010,968.809
tza,sex_m,ocu_skill_x,edu_isced11_2,2012,461.643
tza,sex_m,ocu_skill_x,edu_isced11_3,2010,34.462
tza,sex_m,ocu_skill_x,edu_isced11_3,2012,30.273
tza,sex_m,ocu_skill_x,edu_isced11_3,2020,59.926
tza,sex_m,ocu_skill_x,edu_isced11_3,2024,3.005
tza,sex_m,ocu_skill_x,edu_isced11_4,2010,13.553
tza,sex_m,ocu_skill_x,edu_isced11_4,2012,13.815
tza,sex_m,ocu_skill_x,edu_isced11_4,2020,5.294
tza,sex_m,ocu_skill_x,edu_isced11_5,2020,10.675
tza,sex_m,ocu_skill_x,edu_isced11_6,2010,9.58
tza,sex_m,ocu_skill_x,edu_isced11_6,2012,9.033
tza,sex_m,ocu_skill_x,edu_isced11_6,2020,7.028
tza,sex_m,ocu_skill_x,edu_isced11_9,2010,15.955
tza,sex_m,ocu_skill_x,edu_isced11_9,2012,10.325
tza,sex_m,ocu_skill_x,edu_isced11_9,2020,106.602
tza,sex_m,ocu_skill_x,edu_isced11_total,2010,6566.391
tza,sex_m,ocu_skill_x,edu_isced11_total,2012,2257.408
tza,sex_m,ocu_skill_x,edu_isced11_total,2020,424.107
tza,sex_m,ocu_skill_x,edu_isced11_total,2024,7.637
tza,sex_m,ocu_skill_x,edu_isced11_x,2010,1053.891
tza,sex_m,ocu_skill_x,edu_isced11_x,2012,228.733
tza,sex_m,ocu_skill_x,edu_isced11_x,2020,44.529
tza,sex_m,ocu_skill_x,edu_isced97_0,2001,11.557
tza,sex_m,ocu_skill_x,edu_isced97_0,2006,5.866
tza,sex_m,ocu_skill_x,edu_isced97_1,2001,3.346
tza,sex_m,ocu_skill_x,edu_isced97_2,2001,3.81
tza,sex_m,ocu_skill_x,edu_isced97_2,2006,6.192
tza,sex_m,ocu_skill_x,edu_isced97_total,2001,19.509
tza,sex_m,ocu_skill_x,edu_isced97_total,2006,13.172
tza,sex_t,ocu_isco08_0,edu_aggregate_adv,2020,5.139
tza,sex_t,ocu_isco08_0,edu_aggregate_adv,2024,2.809
tza,sex_t,ocu_isco08_0,edu_aggregate_bas,2020,8.717
tza,sex_t,ocu_isco08_0,edu_aggregate_int,2020,29.867
tza,sex_t,ocu_isco08_0,edu_aggregate_int,2024,4.121
tza,sex_t,ocu_isco08_0,edu_aggregate_total,2020,44.843
tza,sex_t,ocu_isco08_0,edu_aggregate_total,2024,8.596
tza,sex_t,ocu_isco08_0,edu_aggregate_x,2020,1.12
tza,sex_t,ocu_isco08_0,edu_isced11_1,2020,8.717
tza,sex_t,ocu_isco08_0,edu_isced11_3,2020,26.788
tza,sex_t,ocu_isco08_0,edu_isced11_3,2024,3.543
tza,sex_t,ocu_isco08_0,edu_isced11_4,2020,3.078
tza,sex_t,ocu_isco08_0,edu_isced11_5,2020,3.786
tza,sex_t,ocu_isco08_0,edu_isced11_5,2024,1.257
tza,sex_t,ocu_isco08_0,edu_isced11_6,2020,1.353
tza,sex_t,ocu_isco08_0,edu_isced11_9,2020,1.12
tza,sex_t,ocu_isco08_0,edu_isced11_total,2020,44.843
tza,sex_t,ocu_isco08_0,edu_isced11_total,2024,8.596
tza,sex_t,ocu_isco08_1,edu_aggregate_adv,2020,33.092
tza,sex_t,ocu_isco08_1,edu_aggregate_adv,2024,62.183
tza,sex_t,ocu_isco08_1,edu_aggregate_bas,2020,25.859
tza,sex_t,ocu_isco08_1,edu_aggregate_bas,2024,39.193
tza,sex_t,ocu_isco08_1,edu_aggregate_int,2020,18.409
tza,sex_t,ocu_isco08_1,edu_aggregate_int,2024,32.873
tza,sex_t,ocu_isco08_1,edu_aggregate_total,2020,88.379
tza,sex_t,ocu_isco08_1,edu_aggregate_total,2024,139.47
tza,sex_t,ocu_isco08_1,edu_aggregate_x,2020,9.494
tza,sex_t,ocu_isco08_1,edu_aggregate_x,2024,3.84
tza,sex_t,ocu_isco08_1,edu_isced11_1,2020,25.324
tza,sex_t,ocu_isco08_1,edu_isced11_1,2024,37.776
tza,sex_t,ocu_isco08_1,edu_isced11_3,2020,15.524
tza,sex_t,ocu_isco08_1,edu_isced11_3,2024,27.932
tza,sex_t,ocu_isco08_1,edu_isced11_5,2020,9.458
tza,sex_t,ocu_isco08_1,edu_isced11_5,2024,18.714
tza,sex_t,ocu_isco08_1,edu_isced11_6,2020,23.634
tza,sex_t,ocu_isco08_1,edu_isced11_6,2024,32.781
tza,sex_t,ocu_isco08_1,edu_isced11_8,2024,10.688
tza,sex_t,ocu_isco08_1,edu_isced11_9,2020,9.494
tza,sex_t,ocu_isco08_1,edu_isced11_9,2024,3.84
tza,sex_t,ocu_isco08_1,edu_isced11_total,2020,88.379
tza,sex_t,ocu_isco08_1,edu_isced11_total,2024,139.47
tza,sex_t,ocu_isco08_2,edu_aggregate_adv,2020,200.791
tza,sex_t,ocu_isco08_2,edu_aggregate_adv,2024,411.428
tza,sex_t,ocu_isco08_2,edu_aggregate_bas,2024,21.013
tza,sex_t,ocu_isco08_2,edu_aggregate_int,2020,1.903
tza,sex_t,ocu_isco08_2,edu_aggregate_int,2024,43.399
tza,sex_t,ocu_isco08_2,edu_aggregate_total,2020,207.922
tza,sex_t,ocu_isco08_2,edu_aggregate_total,2024,503.226
tza,sex_t,ocu_isco08_2,edu_aggregate_x,2020,5.227
tza,sex_t,ocu_isco08_2,edu_aggregate_x,2024,23.442
tza,sex_t,ocu_isco08_2,edu_isced11_1,2024,17.1
tza,sex_t,ocu_isco08_2,edu_isced11_3,2020,1.655
tza,sex_t,ocu_isco08_2,edu_isced11_3,2024,28.715
tza,sex_t,ocu_isco08_2,edu_isced11_4,2024,14.684
tza,sex_t,ocu_isco08_2,edu_isced11_5,2020,2.551
tza,sex_t,ocu_isco08_2,edu_isced11_5,2024,61.922
tza,sex_t,ocu_isco08_2,edu_isced11_6,2020,198.241
tza,sex_t,ocu_isco08_2,edu_isced11_6,2024,309.865
tza,sex_t,ocu_isco08_2,edu_isced11_8,2024,39.642
tza,sex_t,ocu_isco08_2,edu_isced11_9,2020,5.227
tza,sex_t,ocu_isco08_2,edu_isced11_9,2024,23.442
tza,sex_t,ocu_isco08_2,edu_isced11_total,2020,207.922
tza,sex_t,ocu_isco08_2,edu_isced11_total,2024,503.226
tza,sex_t,ocu_isco08_3,edu_aggregate_adv,2020,144.403
tza,sex_t,ocu_isco08_3,edu_aggregate_adv,2024,317.809
tza,sex_t,ocu_isco08_3,edu_aggregate_bas,2024,52.973
tza,sex_t,ocu_isco08_3,edu_aggregate_int,2020,208.392
tza,sex_t,ocu_isco08_3,edu_aggregate_int,2024,172.47
tza,sex_t,ocu_isco08_3,edu_aggregate_ltb,2024,5.228
tza,sex_t,ocu_isco08_3,edu_aggregate_total,2020,511.323
tza,sex_t,ocu_isco08_3,edu_aggregate_total,2024,569.259
tza,sex_t,ocu_isco08_3,edu_aggregate_x,2020,157.741
tza,sex_t,ocu_isco08_3,edu_aggregate_x,2024,20.779
tza,sex_t,ocu_isco08_3,edu_isced11_1,2024,51.42
tza,sex_t,ocu_isco08_3,edu_isced11_3,2020,12.616
tza,sex_t,ocu_isco08_3,edu_isced11_3,2024,111.811
tza,sex_t,ocu_isco08_3,edu_isced11_4,2020,195.776
tza,sex_t,ocu_isco08_3,edu_isced11_4,2024,60.659
tza,sex_t,ocu_isco08_3,edu_isced11_5,2020,94.065
tza,sex_t,ocu_isco08_3,edu_isced11_5,2024,242.045
tza,sex_t,ocu_isco08_3,edu_isced11_6,2020,50.338
tza,sex_t,ocu_isco08_3,edu_isced11_6,2024,69.66
tza,sex_t,ocu_isco08_3,edu_isced11_8,2024,6.104
tza,sex_t,ocu_isco08_3,edu_isced11_9,2020,157.741
tza,sex_t,ocu_isco08_3,edu_isced11_9,2024,20.779
tza,sex_t,ocu_isco08_3,edu_isced11_total,2020,511.323
tza,sex_t,ocu_isco08_3,edu_isced11_total,2024,569.259
tza,sex_t,ocu_isco08_3,edu_isced11_x,2024,5.228
tza,sex_t,ocu_isco08_4,edu_aggregate_adv,2020,45.993
tza,sex_t,ocu_isco08_4,edu_aggregate_adv,2024,49.882
tza,sex_t,ocu_isco08_4,edu_aggregate_bas,2020,29.201
tza,sex_t,ocu_isco08_4,edu_aggregate_bas,2024,17.824
tza,sex_t,ocu_isco08_4,edu_aggregate_int,2020,48.928
tza,sex_t,ocu_isco08_4,edu_aggregate_int,2024,57.706
tza,sex_t,ocu_isco08_4,edu_aggregate_total,2020,138.871
tza,sex_t,ocu_isco08_4,edu_aggregate_total,2024,136.781
tza,sex_t,ocu_isco08_4,edu_aggregate_x,2020,14.675
tza,sex_t,ocu_isco08_4,edu_aggregate_x,2024,11.369
tza,sex_t,ocu_isco08_4,edu_isced11_1,2020,27.452
tza,sex_t,ocu_isco08_4,edu_isced11_1,2024,17.245
tza,sex_t,ocu_isco08_4,edu_isced11_3,2020,40.43
tza,sex_t,ocu_isco08_4,edu_isced11_3,2024,44.826
tza,sex_t,ocu_isco08_4,edu_isced11_4,2020,8.498
tza,sex_t,ocu_isco08_4,edu_isced11_4,2024,12.88
tza,sex_t,ocu_isco08_4,edu_isced11_5,2020,21.645
tza,sex_t,ocu_isco08_4,edu_isced11_5,2024,25.706
tza,sex_t,ocu_isco08_4,edu_isced11_6,2020,24.347
tza,sex_t,ocu_isco08_4,edu_isced11_6,2024,22.005
tza,sex_t,ocu_isco08_4,edu_isced11_9,2020,14.675
tza,sex_t,ocu_isco08_4,edu_isced11_9,2024,11.369
tza,sex_t,ocu_isco08_4,edu_isced11_total,2020,138.871
tza,sex_t,ocu_isco08_4,edu_isced11_total,2024,136.781
tza,sex_t,ocu_isco08_5,edu_aggregate_adv,2020,103.642
tza,sex_t,ocu_isco08_5,edu_aggregate_adv,2024,168.929
tza,sex_t,ocu_isco08_5,edu_aggregate_bas,2020,1471.198
tza,sex_t,ocu_isco08_5,edu_aggregate_bas,2024,747.567
tza,sex_t,ocu_isco08_5,edu_aggregate_int,2020,595.659
tza,sex_t,ocu_isco08_5,edu_aggregate_int,2024,552.4
tza,sex_t,ocu_isco08_5,edu_aggregate_ltb,2020,183.577
tza,sex_t,ocu_isco08_5,edu_aggregate_ltb,2024,56.18
tza,sex_t,ocu_isco08_5,edu_aggregate_total,2020,2784.886
tza,sex_t,ocu_isco08_5,edu_aggregate_total,2024,1786.169
tza,sex_t,ocu_isco08_5,edu_aggregate_x,2020,430.811
tza,sex_t,ocu_isco08_5,edu_aggregate_x,2024,261.094
tza,sex_t,ocu_isco08_5,edu_isced11_1,2020,1462.883
tza,sex_t,ocu_isco08_5,edu_isced11_1,2024,744.449
tza,sex_t,ocu_isco08_5,edu_isced11_2,2020,8.315
tza,sex_t,ocu_isco08_5,edu_isced11_2,2024,3.118
tza,sex_t,ocu_isco08_5,edu_isced11_3,2020,550.143
tza,sex_t,ocu_isco08_5,edu_isced11_3,2024,500.231
tza,sex_t,ocu_isco08_5,edu_isced11_4,2020,45.516
tza,sex_t,ocu_isco08_5,edu_isced11_4,2024,52.169
tza,sex_t,ocu_isco08_5,edu_isced11_5,2020,80.314
tza,sex_t,ocu_isco08_5,edu_isced11_5,2024,111.016
tza,sex_t,ocu_isco08_5,edu_isced11_6,2020,23.328
tza,sex_t,ocu_isco08_5,edu_isced11_6,2024,55.247
tza,sex_t,ocu_isco08_5,edu_isced11_8,2024,2.666
tza,sex_t,ocu_isco08_5,edu_isced11_9,2020,430.811
tza,sex_t,ocu_isco08_5,edu_isced11_9,2024,261.094
tza,sex_t,ocu_isco08_5,edu_isced11_total,2020,2784.886
tza,sex_t,ocu_isco08_5,edu_isced11_total,2024,1786.169
tza,sex_t,ocu_isco08_5,edu_isced11_x,2020,183.577
tza,sex_t,ocu_isco08_5,edu_isced11_x,2024,56.18
tza,sex_t,ocu_isco08_6,edu_aggregate_adv,2020,90.702
tza,sex_t,ocu_isco08_6,edu_aggregate_adv,2024,170.389
tza,sex_t,ocu_isco08_6,edu_aggregate_bas,2020,7718.37
tza,sex_t,ocu_isco08_6,edu_aggregate_bas,2024,8198.935
tza,sex_t,ocu_isco08_6,edu_aggregate_int,2020,671.629
tza,sex_t,ocu_isco08_6,edu_aggregate_int,2024,1141.098
tza,sex_t,ocu_isco08_6,edu_aggregate_ltb,2020,3143.733
tza,sex_t,ocu_isco08_6,edu_aggregate_ltb,2024,2622.715
tza,sex_t,ocu_isco08_6,edu_aggregate_total,2020,15133.612
tza,sex_t,ocu_isco08_6,edu_aggregate_total,2024,16008.622
tza,sex_t,ocu_isco08_6,edu_aggregate_x,2020,3509.179
tza,sex_t,ocu_isco08_6,edu_aggregate_x,2024,3875.486
tza,sex_t,ocu_isco08_6,edu_isced11_1,2020,7660.37
tza,sex_t,ocu_isco08_6,edu_isced11_1,2024,8147.085
tza,sex_t,ocu_isco08_6,edu_isced11_2,2020,57.999
tza,sex_t,ocu_isco08_6,edu_isced11_2,2024,51.85
tza,sex_t,ocu_isco08_6,edu_isced11_3,2020,623.473
tza,sex_t,ocu_isco08_6,edu_isced11_3,2024,1092.447
tza,sex_t,ocu_isco08_6,edu_isced11_4,2020,48.156
tza,sex_t,ocu_isco08_6,edu_isced11_4,2024,48.65
tza,sex_t,ocu_isco08_6,edu_isced11_5,2020,55.833
tza,sex_t,ocu_isco08_6,edu_isced11_5,2024,102.879
tza,sex_t,ocu_isco08_6,edu_isced11_6,2020,34.869
tza,sex_t,ocu_isco08_6,edu_isced11_6,2024,59.971
tza,sex_t,ocu_isco08_6,edu_isced11_8,2024,7.539
tza,sex_t,ocu_isco08_6,edu_isced11_9,2020,3509.179
tza,sex_t,ocu_isco08_6,edu_isced11_9,2024,3875.486
tza,sex_t,ocu_isco08_6,edu_isced11_total,2020,15133.612
tza,sex_t,ocu_isco08_6,edu_isced11_total,2024,16008.622
tza,sex_t,ocu_isco08_6,edu_isced11_x,2020,3143.733
tza,sex_t,ocu_isco08_6,edu_isced11_x,2024,2622.715
tza,sex_t,ocu_isco08_7,edu_aggregate_adv,2020,69.544
tza,sex_t,ocu_isco08_7,edu_aggregate_adv,2024,70.783
tza,sex_t,ocu_isco08_7,edu_aggregate_bas,2020,946.805
tza,sex_t,ocu_isco08_7,edu_aggregate_bas,2024,1083.804
tza,sex_t,ocu_isco08_7,edu_aggregate_int,2020,487.71
tza,sex_t,ocu_isco08_7,edu_aggregate_int,2024,580.899
tza,sex_t,ocu_isco08_7,edu_aggregate_ltb,2020,117.678
tza,sex_t,ocu_isco08_7,edu_aggregate_ltb,2024,101.946
tza,sex_t,ocu_isco08_7,edu_aggregate_total,2020,1961.152
tza,sex_t,ocu_isco08_7,edu_aggregate_total,2024,2261.106
tza,sex_t,ocu_isco08_7,edu_aggregate_x,2020,339.414
tza,sex_t,ocu_isco08_7,edu_aggregate_x,2024,423.674
tza,sex_t,ocu_isco08_7,edu_isced11_1,2020,931.133
tza,sex_t,ocu_isco08_7,edu_isced11_1,2024,1067.188
tza,sex_t,ocu_isco08_7,edu_isced11_2,2020,15.672
tza,sex_t,ocu_isco08_7,edu_isced11_2,2024,16.615
tza,sex_t,ocu_isco08_7,edu_isced11_3,2020,434.795
tza,sex_t,ocu_isco08_7,edu_isced11_3,2024,537.615
tza,sex_t,ocu_isco08_7,edu_isced11_4,2020,52.915
tza,sex_t,ocu_isco08_7,edu_isced11_4,2024,43.284
tza,sex_t,ocu_isco08_7,edu_isced11_5,2020,62.463
tza,sex_t,ocu_isco08_7,edu_isced11_5,2024,49.426
tza,sex_t,ocu_isco08_7,edu_isced11_6,2020,7.082
tza,sex_t,ocu_isco08_7,edu_isced11_6,2024,20.957
tza,sex_t,ocu_isco08_7,edu_isced11_9,2020,339.414
tza,sex_t,ocu_isco08_7,edu_isced11_9,2024,423.674
tza,sex_t,ocu_isco08_7,edu_isced11_total,2020,1961.152
tza,sex_t,ocu_isco08_7,edu_isced11_total,2024,2261.106
tza,sex_t,ocu_isco08_7,edu_isced11_x,2020,117.678
tza,sex_t,ocu_isco08_7,edu_isced11_x,2024,101.946
tza,sex_t,ocu_isco08_8,edu_aggregate_adv,2020,34.102
tza,sex_t,ocu_isco08_8,edu_aggregate_adv,2024,21.717
tza,sex_t,ocu_isco08_8,edu_aggregate_bas,2020,280.713
tza,sex_t,ocu_isco08_8,edu_aggregate_bas,2024,409.092
tza,sex_t,ocu_isco08_8,edu_aggregate_int,2020,214.157
tza,sex_t,ocu_isco08_8,edu_aggregate_int,2024,292.546
tza,sex_t,ocu_isco08_8,edu_aggregate_ltb,2020,22.368
tza,sex_t,ocu_isco08_8,edu_aggregate_ltb,2024,22.074
tza,sex_t,ocu_isco08_8,edu_aggregate_total,2020,629.451
tza,sex_t,ocu_isco08_8,edu_aggregate_total,2024,861.187
tza,sex_t,ocu_isco08_8,edu_aggregate_x,2020,78.11
tza,sex_t,ocu_isco08_8,edu_aggregate_x,2024,115.757
tza,sex_t,ocu_isco08_8,edu_isced11_1,2020,273.792
tza,sex_t,ocu_isco08_8,edu_isced11_1,2024,405.617
tza,sex_t,ocu_isco08_8,edu_isced11_2,2020,6.921
tza,sex_t,ocu_isco08_8,edu_isced11_3,2020,174.61
tza,sex_t,ocu_isco08_8,edu_isced11_3,2024,283.872
tza,sex_t,ocu_isco08_8,edu_isced11_4,2020,39.547
tza,sex_t,ocu_isco08_8,edu_isced11_4,2024,8.674
tza,sex_t,ocu_isco08_8,edu_isced11_5,2020,31.203
tza,sex_t,ocu_isco08_8,edu_isced11_5,2024,15.473
tza,sex_t,ocu_isco08_8,edu_isced11_6,2020,2.899
tza,sex_t,ocu_isco08_8,edu_isced11_6,2024,3.412
tza,sex_t,ocu_isco08_8,edu_isced11_9,2020,78.11
tza,sex_t,ocu_isco08_8,edu_isced11_9,2024,115.757
tza,sex_t,ocu_isco08_8,edu_isced11_total,2020,629.451
tza,sex_t,ocu_isco08_8,edu_isced11_total,2024,861.187
tza,sex_t,ocu_isco08_8,edu_isced11_x,2020,22.368
tza,sex_t,ocu_isco08_8,edu_isced11_x,2024,22.074
tza,sex_t,ocu_isco08_9,edu_aggregate_adv,2020,40.764
tza,sex_t,ocu_isco08_9,edu_aggregate_adv,2024,212.1
tza,sex_t,ocu_isco08_9,edu_aggregate_bas,2020,1687.594
tza,sex_t,ocu_isco08_9,edu_aggregate_bas,2024,4361.12
tza,sex_t,ocu_isco08_9,edu_aggregate_int,2020,462.864
tza,sex_t,ocu_isco08_9,edu_aggregate_int,2024,1366.91
tza,sex_t,ocu_isco08_9,edu_aggregate_ltb,2020,476.815
tza,sex_t,ocu_isco08_9,edu_aggregate_ltb,2024,910.462
tza,sex_t,ocu_isco08_9,edu_aggregate_total,2020,3390.749
tza,sex_t,ocu_isco08_9,edu_aggregate_total,2024,8760.476
tza,sex_t,ocu_isco08_9,edu_aggregate_x,2020,722.712
tza,sex_t,ocu_isco08_9,edu_aggregate_x,2024,1909.883
tza,sex_t,ocu_isco08_9,edu_isced11_1,2020,1675.758
tza,sex_t,ocu_isco08_9,edu_isced11_1,2024,4331.027
tza,sex_t,ocu_isco08_9,edu_isced11_2,2020,11.836
tza,sex_t,ocu_isco08_9,edu_isced11_2,2024,30.094
tza,sex_t,ocu_isco08_9,edu_isced11_3,2020,434.238
tza,sex_t,ocu_isco08_9,edu_isced11_3,2024,1304.349
tza,sex_t,ocu_isco08_9,edu_isced11_4,2020,28.625
tza,sex_t,ocu_isco08_9,edu_isced11_4,2024,62.561
tza,sex_t,ocu_isco08_9,edu_isced11_5,2020,28.262
tza,sex_t,ocu_isco08_9,edu_isced11_5,2024,141.45
tza,sex_t,ocu_isco08_9,edu_isced11_6,2020,12.502
tza,sex_t,ocu_isco08_9,edu_isced11_6,2024,64.291
tza,sex_t,ocu_isco08_9,edu_isced11_8,2024,6.359
tza,sex_t,ocu_isco08_9,edu_isced11_9,2020,722.712
tza,sex_t,ocu_isco08_9,edu_isced11_9,2024,1909.883
tza,sex_t,ocu_isco08_9,edu_isced11_total,2020,3390.749
tza,sex_t,ocu_isco08_9,edu_isced11_total,2024,8760.476
tza,sex_t,ocu_isco08_9,edu_isced11_x,2020,476.815
tza,sex_t,ocu_isco08_9,edu_isced11_x,2024,910.462
tza,sex_t,ocu_isco08_total,edu_aggregate_adv,2020,790.099
tza,sex_t,ocu_isco08_total,edu_aggregate_adv,2024,1488.03
tza,sex_t,ocu_isco08_total,edu_aggregate_bas,2020,12721.987
tza,sex_t,ocu_isco08_total,edu_aggregate_bas,2024,14932.601
tza,sex_t,ocu_isco08_total,edu_aggregate_int,2020,2864.265
tza,sex_t,ocu_isco08_total,edu_aggregate_int,2024,4244.423
tza,sex_t,ocu_isco08_total,edu_aggregate_ltb,2020,4130.93
tza,sex_t,ocu_isco08_total,edu_aggregate_ltb,2024,3723.928
tza,sex_t,ocu_isco08_total,edu_aggregate_total,2020,26045.746
tza,sex_t,ocu_isco08_total,edu_aggregate_total,2024,31034.893
tza,sex_t,ocu_isco08_total,edu_aggregate_x,2020,5538.467
tza,sex_t,ocu_isco08_total,edu_aggregate_x,2024,6645.911
tza,sex_t,ocu_isco08_total,edu_isced11_1,2020,12614.748
tza,sex_t,ocu_isco08_total,edu_isced11_1,2024,14819.985
tza,sex_t,ocu_isco08_total,edu_isced11_2,2020,107.239
tza,sex_t,ocu_isco08_total,edu_isced11_2,2024,112.616
tza,sex_t,ocu_isco08_total,edu_isced11_3,2020,2431.024
tza,sex_t,ocu_isco08_total,edu_isced11_3,2024,3935.341
tza,sex_t,ocu_isco08_total,edu_isced11_4,2020,433.24
tza,sex_t,ocu_isco08_total,edu_isced11_4,2024,309.082
tza,sex_t,ocu_isco08_total,edu_isced11_5,2020,404.725
tza,sex_t,ocu_isco08_total,edu_isced11_5,2024,769.887
tza,sex_t,ocu_isco08_total,edu_isced11_6,2020,385.374
tza,sex_t,ocu_isco08_total,edu_isced11_6,2024,639.632
tza,sex_t,ocu_isco08_total,edu_isced11_8,2024,78.51
tza,sex_t,ocu_isco08_total,edu_isced11_9,2020,5538.467
tza,sex_t,ocu_isco08_total,edu_isced11_9,2024,6645.911
tza,sex_t,ocu_isco08_total,edu_isced11_total,2020,26045.746
tza,sex_t,ocu_isco08_total,edu_isced11_total,2024,31034.893
tza,sex_t,ocu_isco08_total,edu_isced11_x,2020,4130.93
tza,sex_t,ocu_isco08_total,edu_isced11_x,2024,3723.928
tza,sex_t,ocu_isco08_x,edu_aggregate_adv,2020,21.927
tza,sex_t,ocu_isco08_x,edu_aggregate_bas,2020,553.057
tza,sex_t,ocu_isco08_x,edu_aggregate_int,2020,124.746
tza,sex_t,ocu_isco08_x,edu_aggregate_ltb,2020,184.845
tza,sex_t,ocu_isco08_x,edu_aggregate_total,2020,1154.56
tza,sex_t,ocu_isco08_x,edu_aggregate_x,2020,269.984
tza,sex_t,ocu_isco08_x,edu_isced11_1,2020,548.845
tza,sex_t,ocu_isco08_x,edu_isced11_2,2020,4.212
tza,sex_t,ocu_isco08_x,edu_isced11_3,2020,116.751
tza,sex_t,ocu_isco08_x,edu_isced11_4,2020,7.996
tza,sex_t,ocu_isco08_x,edu_isced11_5,2020,15.146
tza,sex_t,ocu_isco08_x,edu_isced11_6,2020,6.781
tza,sex_t,ocu_isco08_x,edu_isced11_9,2020,269.984
tza,sex_t,ocu_isco08_x,edu_isced11_total,2020,1154.56
tza,sex_t,ocu_isco08_x,edu_isced11_x,2020,184.845
tza,sex_t,ocu_isco88_0,edu_aggregate_bas,2001,7.156
tza,sex_t,ocu_isco88_0,edu_aggregate_bas,2006,7.209
tza,sex_t,ocu_isco88_0,edu_aggregate_bas,2010,272.202
tza,sex_t,ocu_isco88_0,edu_aggregate_bas,2012,27.992
tza,sex_t,ocu_isco88_0,edu_aggregate_int,2010,12.185
tza,sex_t,ocu_isco88_0,edu_aggregate_int,2012,12.766
tza,sex_t,ocu_isco88_0,edu_aggregate_ltb,2001,12.445
tza,sex_t,ocu_isco88_0,edu_aggregate_ltb,2006,6.736
tza,sex_t,ocu_isco88_0,edu_aggregate_ltb,2010,73.168
tza,sex_t,ocu_isco88_0,edu_aggregate_total,2001,19.696
tza,sex_t,ocu_isco88_0,edu_aggregate_total,2006,14.356
tza,sex_t,ocu_isco88_0,edu_aggregate_total,2010,360.956
tza,sex_t,ocu_isco88_0,edu_aggregate_total,2012,44.112
tza,sex_t,ocu_isco88_0,edu_isced11_0,2010,34.22
tza,sex_t,ocu_isco88_0,edu_isced11_1,2010,200.08
tza,sex_t,ocu_isco88_0,edu_isced11_2,2010,72.122
tza,sex_t,ocu_isco88_0,edu_isced11_2,2012,12.316
tza,sex_t,ocu_isco88_0,edu_isced11_3,2010,8.558
tza,sex_t,ocu_isco88_0,edu_isced11_3,2012,12.207
tza,sex_t,ocu_isco88_0,edu_isced11_total,2010,360.956
tza,sex_t,ocu_isco88_0,edu_isced11_total,2012,44.112
tza,sex_t,ocu_isco88_0,edu_isced11_x,2010,38.949
tza,sex_t,ocu_isco88_0,edu_isced97_0,2001,11.744
tza,sex_t,ocu_isco88_0,edu_isced97_0,2006,6.182
tza,sex_t,ocu_isco88_0,edu_isced97_1,2001,3.346
tza,sex_t,ocu_isco88_0,edu_isced97_2,2001,3.81
tza,sex_t,ocu_isco88_0,edu_isced97_2,2006,6.508
tza,sex_t,ocu_isco88_0,edu_isced97_total,2001,19.696
tza,sex_t,ocu_isco88_0,edu_isced97_total,2006,14.356
tza,sex_t,ocu_isco88_1,edu_aggregate_adv,2001,0.833
tza,sex_t,ocu_isco88_1,edu_aggregate_adv,2006,4.167
tza,sex_t,ocu_isco88_1,edu_aggregate_adv,2010,6.554
tza,sex_t,ocu_isco88_1,edu_aggregate_adv,2012,12.516
tza,sex_t,ocu_isco88_1,edu_aggregate_adv,2014,20.087
tza,sex_t,ocu_isco88_1,edu_aggregate_bas,2001,52.222
tza,sex_t,ocu_isco88_1,edu_aggregate_bas,2006,7.883
tza,sex_t,ocu_isco88_1,edu_aggregate_bas,2010,36.052
tza,sex_t,ocu_isco88_1,edu_aggregate_bas,2012,56.139
tza,sex_t,ocu_isco88_1,edu_aggregate_bas,2014,50.349
tza,sex_t,ocu_isco88_1,edu_aggregate_int,2001,13.938
tza,sex_t,ocu_isco88_1,edu_aggregate_int,2006,6.593
tza,sex_t,ocu_isco88_1,edu_aggregate_int,2010,6.489
tza,sex_t,ocu_isco88_1,edu_aggregate_int,2012,9.673
tza,sex_t,ocu_isco88_1,edu_aggregate_int,2014,22.384
tza,sex_t,ocu_isco88_1,edu_aggregate_ltb,2001,303.127
tza,sex_t,ocu_isco88_1,edu_aggregate_ltb,2006,12.542
tza,sex_t,ocu_isco88_1,edu_aggregate_total,2001,370.121
tza,sex_t,ocu_isco88_1,edu_aggregate_total,2006,31.185
tza,sex_t,ocu_isco88_1,edu_aggregate_total,2010,49.095
tza,sex_t,ocu_isco88_1,edu_aggregate_total,2012,84.469
tza,sex_t,ocu_isco88_1,edu_aggregate_total,2014,95.609
tza,sex_t,ocu_isco88_1,edu_isced11_1,2012,26.417
tza,sex_t,ocu_isco88_1,edu_isced11_2,2010,28.82
tza,sex_t,ocu_isco88_1,edu_isced11_2,2012,29.723
tza,sex_t,ocu_isco88_1,edu_isced11_3,2010,5.935
tza,sex_t,ocu_isco88_1,edu_isced11_3,2012,7.947
tza,sex_t,ocu_isco88_1,edu_isced11_6,2012,4.893
tza,sex_t,ocu_isco88_1,edu_isced11_7,2010,3.764
tza,sex_t,ocu_isco88_1,edu_isced11_7,2012,7.624
tza,sex_t,ocu_isco88_1,edu_isced11_total,2010,49.095
tza,sex_t,ocu_isco88_1,edu_isced11_total,2012,84.469
tza,sex_t,ocu_isco88_1,edu_isced97_0,2001,264.783
tza,sex_t,ocu_isco88_1,edu_isced97_0,2006,12.542
tza,sex_t,ocu_isco88_1,edu_isced97_1,2001,16.298
tza,sex_t,ocu_isco88_1,edu_isced97_1,2006,2.045
tza,sex_t,ocu_isco88_1,edu_isced97_1,2014,24.29
tza,sex_t,ocu_isco88_1,edu_isced97_2,2001,35.924
tza,sex_t,ocu_isco88_1,edu_isced97_2,2006,5.838
tza,sex_t,ocu_isco88_1,edu_isced97_2,2014,26.06
tza,sex_t,ocu_isco88_1,edu_isced97_3,2001,9.886
tza,sex_t,ocu_isco88_1,edu_isced97_3,2006,5.904
tza,sex_t,ocu_isco88_1,edu_isced97_3,2014,9.169
tza,sex_t,ocu_isco88_1,edu_isced97_4,2001,4.051
tza,sex_t,ocu_isco88_1,edu_isced97_4,2014,13.215
tza,sex_t,ocu_isco88_1,edu_isced97_5,2001,0.833
tza,sex_t,ocu_isco88_1,edu_isced97_5,2006,4.167
tza,sex_t,ocu_isco88_1,edu_isced97_5,2014,20.087
tza,sex_t,ocu_isco88_1,edu_isced97_total,2001,370.121
tza,sex_t,ocu_isco88_1,edu_isced97_total,2006,31.185
tza,sex_t,ocu_isco88_1,edu_isced97_total,2014,95.609
tza,sex_t,ocu_isco88_1,edu_isced97_x,2001,38.345
tza,sex_t,ocu_isco88_2,edu_aggregate_adv,2001,1.221
tza,sex_t,ocu_isco88_2,edu_aggregate_adv,2006,11.77
tza,sex_t,ocu_isco88_2,edu_aggregate_adv,2010,17.41
tza,sex_t,ocu_isco88_2,edu_aggregate_adv,2012,57.712
tza,sex_t,ocu_isco88_2,edu_aggregate_adv,2014,135.866
tza,sex_t,ocu_isco88_2,edu_aggregate_bas,2001,24.659
tza,sex_t,ocu_isco88_2,edu_aggregate_bas,2006,40.526
tza,sex_t,ocu_isco88_2,edu_aggregate_bas,2010,132.221
tza,sex_t,ocu_isco88_2,edu_aggregate_bas,2012,101.396
tza,sex_t,ocu_isco88_2,edu_aggregate_int,2001,18.135
tza,sex_t,ocu_isco88_2,edu_aggregate_int,2006,26.037
tza,sex_t,ocu_isco88_2,edu_aggregate_int,2010,70.528
tza,sex_t,ocu_isco88_2,edu_aggregate_int,2012,56.95
tza,sex_t,ocu_isco88_2,edu_aggregate_int,2014,42.962
tza,sex_t,ocu_isco88_2,edu_aggregate_ltb,2001,7.089
tza,sex_t,ocu_isco88_2,edu_aggregate_ltb,2006,33.205
tza,sex_t,ocu_isco88_2,edu_aggregate_ltb,2012,7.328
tza,sex_t,ocu_isco88_2,edu_aggregate_total,2001,51.103
tza,sex_t,ocu_isco88_2,edu_aggregate_total,2006,111.537
tza,sex_t,ocu_isco88_2,edu_aggregate_total,2010,224.444
tza,sex_t,ocu_isco88_2,edu_aggregate_total,2012,227.18
tza,sex_t,ocu_isco88_2,edu_aggregate_total,2014,178.829
tza,sex_t,ocu_isco88_2,edu_aggregate_x,2012,3.794
tza,sex_t,ocu_isco88_2,edu_isced11_1,2010,26.522
tza,sex_t,ocu_isco88_2,edu_isced11_1,2012,14.393
tza,sex_t,ocu_isco88_2,edu_isced11_2,2010,105.699
tza,sex_t,ocu_isco88_2,edu_isced11_2,2012,87.003
tza,sex_t,ocu_isco88_2,edu_isced11_3,2010,34.318
tza,sex_t,ocu_isco88_2,edu_isced11_3,2012,23.098
tza,sex_t,ocu_isco88_2,edu_isced11_4,2010,36.21
tza,sex_t,ocu_isco88_2,edu_isced11_4,2012,33.852
tza,sex_t,ocu_isco88_2,edu_isced11_6,2010,11.941
tza,sex_t,ocu_isco88_2,edu_isced11_6,2012,41.079
tza,sex_t,ocu_isco88_2,edu_isced11_7,2010,5.469
tza,sex_t,ocu_isco88_2,edu_isced11_7,2012,16.633
tza,sex_t,ocu_isco88_2,edu_isced11_9,2012,3.794
tza,sex_t,ocu_isco88_2,edu_isced11_total,2010,224.444
tza,sex_t,ocu_isco88_2,edu_isced11_total,2012,227.18
tza,sex_t,ocu_isco88_2,edu_isced97_0,2001,6.42
tza,sex_t,ocu_isco88_2,edu_isced97_0,2006,31.684
tza,sex_t,ocu_isco88_2,edu_isced97_1,2006,8.754
tza,sex_t,ocu_isco88_2,edu_isced97_2,2001,23.435
tza,sex_t,ocu_isco88_2,edu_isced97_2,2006,31.772
tza,sex_t,ocu_isco88_2,edu_isced97_3,2001,6.601
tza,sex_t,ocu_isco88_2,edu_isced97_3,2006,24.994
tza,sex_t,ocu_isco88_2,edu_isced97_3,2014,13.342
tza,sex_t,ocu_isco88_2,edu_isced97_4,2001,11.533
tza,sex_t,ocu_isco88_2,edu_isced97_4,2014,29.62
tza,sex_t,ocu_isco88_2,edu_isced97_5,2001,1.221
tza,sex_t,ocu_isco88_2,edu_isced97_5,2006,11.77
tza,sex_t,ocu_isco88_2,edu_isced97_5,2014,135.866
tza,sex_t,ocu_isco88_2,edu_isced97_total,2001,51.103
tza,sex_t,ocu_isco88_2,edu_isced97_total,2006,111.537
tza,sex_t,ocu_isco88_2,edu_isced97_total,2014,178.829
tza,sex_t,ocu_isco88_3,edu_aggregate_adv,2006,10.172
tza,sex_t,ocu_isco88_3,edu_aggregate_adv,2010,20.229
tza,sex_t,ocu_isco88_3,edu_aggregate_adv,2012,38.984
tza,sex_t,ocu_isco88_3,edu_aggregate_adv,2014,33.275
tza,sex_t,ocu_isco88_3,edu_aggregate_bas,2001,161.91
tza,sex_t,ocu_isco88_3,edu_aggregate_bas,2006,160.065
tza,sex_t,ocu_isco88_3,edu_aggregate_bas,2010,165.834
tza,sex_t,ocu_isco88_3,edu_aggregate_bas,2012,196.685
tza,sex_t,ocu_isco88_3,edu_aggregate_bas,2014,19.137
tza,sex_t,ocu_isco88_3,edu_aggregate_int,2001,28.362
tza,sex_t,ocu_isco88_3,edu_aggregate_int,2006,48.728
tza,sex_t,ocu_isco88_3,edu_aggregate_int,2010,44.602
tza,sex_t,ocu_isco88_3,edu_aggregate_int,2012,75.386
tza,sex_t,ocu_isco88_3,edu_aggregate_int,2014,379.859
tza,sex_t,ocu_isco88_3,edu_aggregate_ltb,2001,136.115
tza,sex_t,ocu_isco88_3,edu_aggregate_ltb,2006,99.038
tza,sex_t,ocu_isco88_3,edu_aggregate_ltb,2010,13.862
tza,sex_t,ocu_isco88_3,edu_aggregate_ltb,2012,23.297
tza,sex_t,ocu_isco88_3,edu_aggregate_ltb,2014,7.218
tza,sex_t,ocu_isco88_3,edu_aggregate_total,2001,326.387
tza,sex_t,ocu_isco88_3,edu_aggregate_total,2006,318.003
tza,sex_t,ocu_isco88_3,edu_aggregate_total,2010,249.931
tza,sex_t,ocu_isco88_3,edu_aggregate_total,2012,337.72
tza,sex_t,ocu_isco88_3,edu_aggregate_total,2014,439.489
tza,sex_t,ocu_isco88_3,edu_isced11_0,2012,11.961
tza,sex_t,ocu_isco88_3,edu_isced11_1,2010,30.6
tza,sex_t,ocu_isco88_3,edu_isced11_1,2012,27.077
tza,sex_t,ocu_isco88_3,edu_isced11_2,2010,135.234
tza,sex_t,ocu_isco88_3,edu_isced11_2,2012,169.609
tza,sex_t,ocu_isco88_3,edu_isced11_3,2010,22.418
tza,sex_t,ocu_isco88_3,edu_isced11_3,2012,43.506
tza,sex_t,ocu_isco88_3,edu_isced11_4,2010,22.184
tza,sex_t,ocu_isco88_3,edu_isced11_4,2012,31.88
tza,sex_t,ocu_isco88_3,edu_isced11_6,2010,17.59
tza,sex_t,ocu_isco88_3,edu_isced11_6,2012,29.261
tza,sex_t,ocu_isco88_3,edu_isced11_7,2012,9.723
tza,sex_t,ocu_isco88_3,edu_isced11_total,2010,249.931
tza,sex_t,ocu_isco88_3,edu_isced11_total,2012,337.72
tza,sex_t,ocu_isco88_3,edu_isced97_0,2001,125.305
tza,sex_t,ocu_isco88_3,edu_isced97_0,2006,91.155
tza,sex_t,ocu_isco88_3,edu_isced97_1,2001,30.15
tza,sex_t,ocu_isco88_3,edu_isced97_1,2006,17.001
tza,sex_t,ocu_isco88_3,edu_isced97_1,2014,13.264
tza,sex_t,ocu_isco88_3,edu_isced97_2,2001,131.76
tza,sex_t,ocu_isco88_3,edu_isced97_2,2006,143.064
tza,sex_t,ocu_isco88_3,edu_isced97_2,2014,5.873
tza,sex_t,ocu_isco88_3,edu_isced97_3,2001,21.052
tza,sex_t,ocu_isco88_3,edu_isced97_3,2006,37.557
tza,sex_t,ocu_isco88_3,edu_isced97_3,2014,158.909
tza,sex_t,ocu_isco88_3,edu_isced97_4,2001,7.31
tza,sex_t,ocu_isco88_3,edu_isced97_4,2006,11.171
tza,sex_t,ocu_isco88_3,edu_isced97_4,2014,220.95
tza,sex_t,ocu_isco88_3,edu_isced97_5,2006,10.172
tza,sex_t,ocu_isco88_3,edu_isced97_5,2014,33.275
tza,sex_t,ocu_isco88_3,edu_isced97_total,2001,326.387
tza,sex_t,ocu_isco88_3,edu_isced97_total,2006,318.003
tza,sex_t,ocu_isco88_3,edu_isced97_total,2014,439.489
tza,sex_t,ocu_isco88_3,edu_isced97_x,2001,10.809
tza,sex_t,ocu_isco88_3,edu_isced97_x,2006,7.883
tza,sex_t,ocu_isco88_3,edu_isced97_x,2014,7.218
tza,sex_t,ocu_isco88_4,edu_aggregate_adv,2010,6.256
tza,sex_t,ocu_isco88_4,edu_aggregate_adv,2012,7.951
tza,sex_t,ocu_isco88_4,edu_aggregate_adv,2014,9.672
tza,sex_t,ocu_isco88_4,edu_aggregate_bas,2001,37.245
tza,sex_t,ocu_isco88_4,edu_aggregate_bas,2006,32.916
tza,sex_t,ocu_isco88_4,edu_aggregate_bas,2010,143.855
tza,sex_t,ocu_isco88_4,edu_aggregate_bas,2012,115.956
tza,sex_t,ocu_isco88_4,edu_aggregate_bas,2014,79.268
tza,sex_t,ocu_isco88_4,edu_aggregate_int,2001,4.576
tza,sex_t,ocu_isco88_4,edu_aggregate_int,2006,8.958
tza,sex_t,ocu_isco88_4,edu_aggregate_int,2010,16.953
tza,sex_t,ocu_isco88_4,edu_aggregate_int,2012,20.35
tza,sex_t,ocu_isco88_4,edu_aggregate_int,2014,46.126
tza,sex_t,ocu_isco88_4,edu_aggregate_ltb,2001,17.736
tza,sex_t,ocu_isco88_4,edu_aggregate_ltb,2006,29.544
tza,sex_t,ocu_isco88_4,edu_aggregate_total,2001,59.557
tza,sex_t,ocu_isco88_4,edu_aggregate_total,2006,72.387
tza,sex_t,ocu_isco88_4,edu_aggregate_total,2010,171.838
tza,sex_t,ocu_isco88_4,edu_aggregate_total,2012,153.158
tza,sex_t,ocu_isco88_4,edu_aggregate_total,2014,136.344
tza,sex_t,ocu_isco88_4,edu_isced11_1,2010,54.902
tza,sex_t,ocu_isco88_4,edu_isced11_1,2012,29.797
tza,sex_t,ocu_isco88_4,edu_isced11_2,2010,88.952
tza,sex_t,ocu_isco88_4,edu_isced11_2,2012,86.16
tza,sex_t,ocu_isco88_4,edu_isced11_3,2010,11.128
tza,sex_t,ocu_isco88_4,edu_isced11_3,2012,9.629
tza,sex_t,ocu_isco88_4,edu_isced11_4,2012,10.721
tza,sex_t,ocu_isco88_4,edu_isced11_6,2010,6.256
tza,sex_t,ocu_isco88_4,edu_isced11_6,2012,7.271
tza,sex_t,ocu_isco88_4,edu_isced11_total,2010,171.838
tza,sex_t,ocu_isco88_4,edu_isced11_total,2012,153.158
tza,sex_t,ocu_isco88_4,edu_isced97_0,2001,16.906
tza,sex_t,ocu_isco88_4,edu_isced97_0,2006,26.796
tza,sex_t,ocu_isco88_4,edu_isced97_1,2001,5.856
tza,sex_t,ocu_isco88_4,edu_isced97_1,2006,5.812
tza,sex_t,ocu_isco88_4,edu_isced97_1,2014,33.063
tza,sex_t,ocu_isco88_4,edu_isced97_2,2001,31.389
tza,sex_t,ocu_isco88_4,edu_isced97_2,2006,27.104
tza,sex_t,ocu_isco88_4,edu_isced97_2,2014,46.205
tza,sex_t,ocu_isco88_4,edu_isced97_3,2001,4.397
tza,sex_t,ocu_isco88_4,edu_isced97_3,2006,8.401
tza,sex_t,ocu_isco88_4,edu_isced97_3,2014,31.719
tza,sex_t,ocu_isco88_4,edu_isced97_4,2014,14.408
tza,sex_t,ocu_isco88_4,edu_isced97_5,2014,9.672
tza,sex_t,ocu_isco88_4,edu_isced97_total,2001,59.557
tza,sex_t,ocu_isco88_4,edu_isced97_total,2006,72.387
tza,sex_t,ocu_isco88_4,edu_isced97_total,2014,136.344
tza,sex_t,ocu_isco88_4,edu_isced97_x,2006,2.748
tza,sex_t,ocu_isco88_5,edu_aggregate_adv,2006,2.102
tza,sex_t,ocu_isco88_5,edu_aggregate_adv,2014,13.959
tza,sex_t,ocu_isco88_5,edu_aggregate_bas,2001,91.561
tza,sex_t,ocu_isco88_5,edu_aggregate_bas,2006,248.511
tza,sex_t,ocu_isco88_5,edu_aggregate_bas,2010,753.888
tza,sex_t,ocu_isco88_5,edu_aggregate_bas,2012,701.642
tza,sex_t,ocu_isco88_5,edu_aggregate_bas,2014,1637.466
tza,sex_t,ocu_isco88_5,edu_aggregate_int,2001,12.281
tza,sex_t,ocu_isco88_5,edu_aggregate_int,2006,20.121
tza,sex_t,ocu_isco88_5,edu_aggregate_int,2010,21.231
tza,sex_t,ocu_isco88_5,edu_aggregate_int,2012,19.536
tza,sex_t,ocu_isco88_5,edu_aggregate_int,2014,116.747
tza,sex_t,ocu_isco88_5,edu_aggregate_ltb,2001,580.784
tza,sex_t,ocu_isco88_5,edu_aggregate_ltb,2006,1504.256
tza,sex_t,ocu_isco88_5,edu_aggregate_ltb,2010,253.308
tza,sex_t,ocu_isco88_5,edu_aggregate_ltb,2012,165.428
tza,sex_t,ocu_isco88_5,edu_aggregate_ltb,2014,232.436
tza,sex_t,ocu_isco88_5,edu_aggregate_total,2001,684.735
tza,sex_t,ocu_isco88_5,edu_aggregate_total,2006,1774.991
tza,sex_t,ocu_isco88_5,edu_aggregate_total,2010,1036.794
tza,sex_t,ocu_isco88_5,edu_aggregate_total,2012,891.746
tza,sex_t,ocu_isco88_5,edu_aggregate_total,2014,2000.609
tza,sex_t,ocu_isco88_5,edu_isced11_0,2010,115.238
tza,sex_t,ocu_isco88_5,edu_isced11_0,2012,88.377
tza,sex_t,ocu_isco88_5,edu_isced11_1,2010,568.415
tza,sex_t,ocu_isco88_5,edu_isced11_1,2012,452.03
tza,sex_t,ocu_isco88_5,edu_isced11_2,2010,185.473
tza,sex_t,ocu_isco88_5,edu_isced11_2,2012,249.613
tza,sex_t,ocu_isco88_5,edu_isced11_3,2010,17.691
tza,sex_t,ocu_isco88_5,edu_isced11_3,2012,17.111
tza,sex_t,ocu_isco88_5,edu_isced11_total,2010,1036.794
tza,sex_t,ocu_isco88_5,edu_isced11_total,2012,891.746
tza,sex_t,ocu_isco88_5,edu_isced11_x,2010,138.07
tza,sex_t,ocu_isco88_5,edu_isced11_x,2012,77.051
tza,sex_t,ocu_isco88_5,edu_isced97_0,2001,515.441
tza,sex_t,ocu_isco88_5,edu_isced97_0,2006,1329.538
tza,sex_t,ocu_isco88_5,edu_isced97_0,2014,146.282
tza,sex_t,ocu_isco88_5,edu_isced97_1,2001,30.593
tza,sex_t,ocu_isco88_5,edu_isced97_1,2006,66.807
tza,sex_t,ocu_isco88_5,edu_isced97_1,2014,1278.945
tza,sex_t,ocu_isco88_5,edu_isced97_2,2001,60.968
tza,sex_t,ocu_isco88_5,edu_isced97_2,2006,181.704
tza,sex_t,ocu_isco88_5,edu_isced97_2,2014,358.521
tza,sex_t,ocu_isco88_5,edu_isced97_3,2001,11.83
tza,sex_t,ocu_isco88_5,edu_isced97_3,2006,17.029
tza,sex_t,ocu_isco88_5,edu_isced97_3,2014,69.335
tza,sex_t,ocu_isco88_5,edu_isced97_4,2006,3.092
tza,sex_t,ocu_isco88_5,edu_isced97_4,2014,47.413
tza,sex_t,ocu_isco88_5,edu_isced97_5,2006,2.102
tza,sex_t,ocu_isco88_5,edu_isced97_5,2014,13.959
tza,sex_t,ocu_isco88_5,edu_isced97_total,2001,684.735
tza,sex_t,ocu_isco88_5,edu_isced97_total,2006,1774.991
tza,sex_t,ocu_isco88_5,edu_isced97_total,2014,2000.609
tza,sex_t,ocu_isco88_5,edu_isced97_x,2001,65.344
tza,sex_t,ocu_isco88_5,edu_isced97_x,2006,174.719
tza,sex_t,ocu_isco88_5,edu_isced97_x,2014,86.154
tza,sex_t,ocu_isco88_6,edu_aggregate_adv,2001,0.964
tza,sex_t,ocu_isco88_6,edu_aggregate_adv,2006,2.639
tza,sex_t,ocu_isco88_6,edu_aggregate_adv,2014,9.355
tza,sex_t,ocu_isco88_6,edu_aggregate_bas,2001,354.166
tza,sex_t,ocu_isco88_6,edu_aggregate_bas,2006,436.7
tza,sex_t,ocu_isco88_6,edu_aggregate_bas,2010,931.099
tza,sex_t,ocu_isco88_6,edu_aggregate_bas,2012,5109.85
tza,sex_t,ocu_isco88_6,edu_aggregate_bas,2014,8683.497
tza,sex_t,ocu_isco88_6,edu_aggregate_int,2001,14.383
tza,sex_t,ocu_isco88_6,edu_aggregate_int,2006,12.932
tza,sex_t,ocu_isco88_6,edu_aggregate_int,2012,16.484
tza,sex_t,ocu_isco88_6,edu_aggregate_int,2014,121.822
tza,sex_t,ocu_isco88_6,edu_aggregate_ltb,2001,11412.038
tza,sex_t,ocu_isco88_6,edu_aggregate_ltb,2006,12657.947
tza,sex_t,ocu_isco88_6,edu_aggregate_ltb,2010,1029.475
tza,sex_t,ocu_isco88_6,edu_aggregate_ltb,2012,4025.786
tza,sex_t,ocu_isco88_6,edu_aggregate_ltb,2014,5457.352
tza,sex_t,ocu_isco88_6,edu_aggregate_total,2001,11783.164
tza,sex_t,ocu_isco88_6,edu_aggregate_total,2006,13110.218
tza,sex_t,ocu_isco88_6,edu_aggregate_total,2010,1971.796
tza,sex_t,ocu_isco88_6,edu_aggregate_total,2012,9179.165
tza,sex_t,ocu_isco88_6,edu_aggregate_total,2014,14272.026
tza,sex_t,ocu_isco88_6,edu_aggregate_x,2012,19.119
tza,sex_t,ocu_isco88_6,edu_isced11_0,2010,488.469
tza,sex_t,ocu_isco88_6,edu_isced11_0,2012,1729.443
tza,sex_t,ocu_isco88_6,edu_isced11_1,2010,824.818
tza,sex_t,ocu_isco88_6,edu_isced11_1,2012,4196.712
tza,sex_t,ocu_isco88_6,edu_isced11_2,2010,106.28
tza,sex_t,ocu_isco88_6,edu_isced11_2,2012,913.138
tza,sex_t,ocu_isco88_6,edu_isced11_3,2012,10.22
tza,sex_t,ocu_isco88_6,edu_isced11_9,2012,19.119
tza,sex_t,ocu_isco88_6,edu_isced11_total,2010,1971.796
tza,sex_t,ocu_isco88_6,edu_isced11_total,2012,9179.165
tza,sex_t,ocu_isco88_6,edu_isced11_x,2010,541.006
tza,sex_t,ocu_isco88_6,edu_isced11_x,2012,2296.343
tza,sex_t,ocu_isco88_6,edu_isced97_0,2001,7811.414
tza,sex_t,ocu_isco88_6,edu_isced97_0,2006,8589.923
tza,sex_t,ocu_isco88_6,edu_isced97_0,2014,2383.918
tza,sex_t,ocu_isco88_6,edu_isced97_1,2001,203.161
tza,sex_t,ocu_isco88_6,edu_isced97_1,2006,274.542
tza,sex_t,ocu_isco88_6,edu_isced97_1,2014,8131.78
tza,sex_t,ocu_isco88_6,edu_isced97_2,2001,151.005
tza,sex_t,ocu_isco88_6,edu_isced97_2,2006,162.158
tza,sex_t,ocu_isco88_6,edu_isced97_2,2014,551.716
tza,sex_t,ocu_isco88_6,edu_isced97_3,2001,13.647
tza,sex_t,ocu_isco88_6,edu_isced97_3,2006,10.349
tza,sex_t,ocu_isco88_6,edu_isced97_3,2014,65.262
tza,sex_t,ocu_isco88_6,edu_isced97_4,2001,0.736
tza,sex_t,ocu_isco88_6,edu_isced97_4,2006,2.583
tza,sex_t,ocu_isco88_6,edu_isced97_4,2014,56.56
tza,sex_t,ocu_isco88_6,edu_isced97_5,2001,0.964
tza,sex_t,ocu_isco88_6,edu_isced97_5,2006,2.639
tza,sex_t,ocu_isco88_6,edu_isced97_5,2014,9.355
tza,sex_t,ocu_isco88_6,edu_isced97_total,2001,11783.164
tza,sex_t,ocu_isco88_6,edu_isced97_total,2006,13110.218
tza,sex_t,ocu_isco88_6,edu_isced97_total,2014,14272.026
tza,sex_t,ocu_isco88_6,edu_isced97_x,2001,3600.624
tza,sex_t,ocu_isco88_6,edu_isced97_x,2006,4068.023
tza,sex_t,ocu_isco88_6,edu_isced97_x,2014,3073.434
tza,sex_t,ocu_isco88_7,edu_aggregate_adv,2014,3.404
tza,sex_t,ocu_isco88_7,edu_aggregate_bas,2001,59.13
tza,sex_t,ocu_isco88_7,edu_aggregate_bas,2006,118.064
tza,sex_t,ocu_isco88_7,edu_aggregate_bas,2010,627.132
tza,sex_t,ocu_isco88_7,edu_aggregate_bas,2012,498.835
tza,sex_t,ocu_isco88_7,edu_aggregate_bas,2014,1019.361
tza,sex_t,ocu_isco88_7,edu_aggregate_int,2001,1.723
tza,sex_t,ocu_isco88_7,edu_aggregate_int,2006,12.873
tza,sex_t,ocu_isco88_7,edu_aggregate_int,2012,6.468
tza,sex_t,ocu_isco88_7,edu_aggregate_int,2014,54.337
tza,sex_t,ocu_isco88_7,edu_aggregate_ltb,2001,337.324
tza,sex_t,ocu_isco88_7,edu_aggregate_ltb,2006,742.381
tza,sex_t,ocu_isco88_7,edu_aggregate_ltb,2010,238.208
tza,sex_t,ocu_isco88_7,edu_aggregate_ltb,2012,124.31
tza,sex_t,ocu_isco88_7,edu_aggregate_ltb,2014,171.808
tza,sex_t,ocu_isco88_7,edu_aggregate_total,2001,398.226
tza,sex_t,ocu_isco88_7,edu_aggregate_total,2006,874.542
tza,sex_t,ocu_isco88_7,edu_aggregate_total,2010,871.926
tza,sex_t,ocu_isco88_7,edu_aggregate_total,2012,634.191
tza,sex_t,ocu_isco88_7,edu_aggregate_total,2014,1248.909
tza,sex_t,ocu_isco88_7,edu_isced11_0,2010,128.99
tza,sex_t,ocu_isco88_7,edu_isced11_0,2012,72.946
tza,sex_t,ocu_isco88_7,edu_isced11_1,2010,497.982
tza,sex_t,ocu_isco88_7,edu_isced11_1,2012,368.752
tza,sex_t,ocu_isco88_7,edu_isced11_2,2010,129.15
tza,sex_t,ocu_isco88_7,edu_isced11_2,2012,130.083
tza,sex_t,ocu_isco88_7,edu_isced11_3,2012,6.468
tza,sex_t,ocu_isco88_7,edu_isced11_total,2010,871.926
tza,sex_t,ocu_isco88_7,edu_isced11_total,2012,634.191
tza,sex_t,ocu_isco88_7,edu_isced11_x,2010,109.218
tza,sex_t,ocu_isco88_7,edu_isced11_x,2012,51.364
tza,sex_t,ocu_isco88_7,edu_isced97_0,2001,308.57
tza,sex_t,ocu_isco88_7,edu_isced97_0,2006,667.163
tza,sex_t,ocu_isco88_7,edu_isced97_0,2014,117.231
tza,sex_t,ocu_isco88_7,edu_isced97_1,2001,22.466
tza,sex_t,ocu_isco88_7,edu_isced97_1,2006,36.357
tza,sex_t,ocu_isco88_7,edu_isced97_1,2014,851.171
tza,sex_t,ocu_isco88_7,edu_isced97_2,2001,36.664
tza,sex_t,ocu_isco88_7,edu_isced97_2,2006,81.706
tza,sex_t,ocu_isco88_7,edu_isced97_2,2014,168.19
tza,sex_t,ocu_isco88_7,edu_isced97_3,2001,1.361
tza,sex_t,ocu_isco88_7,edu_isced97_3,2006,11.748
tza,sex_t,ocu_isco88_7,edu_isced97_3,2014,35.31
tza,sex_t,ocu_isco88_7,edu_isced97_4,2014,19.027
tza,sex_t,ocu_isco88_7,edu_isced97_5,2014,3.404
tza,sex_t,ocu_isco88_7,edu_isced97_total,2001,398.226
tza,sex_t,ocu_isco88_7,edu_isced97_total,2006,874.542
tza,sex_t,ocu_isco88_7,edu_isced97_total,2014,1248.909
tza,sex_t,ocu_isco88_7,edu_isced97_x,2001,28.755
tza,sex_t,ocu_isco88_7,edu_isced97_x,2006,75.218
tza,sex_t,ocu_isco88_7,edu_isced97_x,2014,54.577
tza,sex_t,ocu_isco88_8,edu_aggregate_bas,2001,22.086
tza,sex_t,ocu_isco88_8,edu_aggregate_bas,2006,45.195
tza,sex_t,ocu_isco88_8,edu_aggregate_bas,2010,278.072
tza,sex_t,ocu_isco88_8,edu_aggregate_bas,2012,346.031
tza,sex_t,ocu_isco88_8,edu_aggregate_bas,2014,488.509
tza,sex_t,ocu_isco88_8,edu_aggregate_int,2006,4.739
tza,sex_t,ocu_isco88_8,edu_aggregate_int,2014,23.244
tza,sex_t,ocu_isco88_8,edu_aggregate_ltb,2001,98.844
tza,sex_t,ocu_isco88_8,edu_aggregate_ltb,2006,186.312
tza,sex_t,ocu_isco88_8,edu_aggregate_ltb,2010,44.694
tza,sex_t,ocu_isco88_8,edu_aggregate_ltb,2012,50.304
tza,sex_t,ocu_isco88_8,edu_aggregate_ltb,2014,37.743
tza,sex_t,ocu_isco88_8,edu_aggregate_total,2001,121.546
tza,sex_t,ocu_isco88_8,edu_aggregate_total,2006,236.247
tza,sex_t,ocu_isco88_8,edu_aggregate_total,2010,327.555
tza,sex_t,ocu_isco88_8,edu_aggregate_total,2012,406.457
tza,sex_t,ocu_isco88_8,edu_aggregate_total,2014,550.648
tza,sex_t,ocu_isco88_8,edu_isced11_0,2010,31.348
tza,sex_t,ocu_isco88_8,edu_isced11_0,2012,33.119
tza,sex_t,ocu_isco88_8,edu_isced11_1,2010,194.741
tza,sex_t,ocu_isco88_8,edu_isced11_1,2012,189.66
tza,sex_t,ocu_isco88_8,edu_isced11_2,2010,83.331
tza,sex_t,ocu_isco88_8,edu_isced11_2,2012,156.371
tza,sex_t,ocu_isco88_8,edu_isced11_total,2010,327.555
tza,sex_t,ocu_isco88_8,edu_isced11_total,2012,406.457
tza,sex_t,ocu_isco88_8,edu_isced11_x,2010,13.346
tza,sex_t,ocu_isco88_8,edu_isced11_x,2012,17.185
tza,sex_t,ocu_isco88_8,edu_isced97_0,2001,93.975
tza,sex_t,ocu_isco88_8,edu_isced97_0,2006,178.917
tza,sex_t,ocu_isco88_8,edu_isced97_0,2014,27.741
tza,sex_t,ocu_isco88_8,edu_isced97_1,2001,10.678
tza,sex_t,ocu_isco88_8,edu_isced97_1,2006,12.437
tza,sex_t,ocu_isco88_8,edu_isced97_1,2014,368.269
tza,sex_t,ocu_isco88_8,edu_isced97_2,2001,11.408
tza,sex_t,ocu_isco88_8,edu_isced97_2,2006,32.758
tza,sex_t,ocu_isco88_8,edu_isced97_2,2014,120.24
tza,sex_t,ocu_isco88_8,edu_isced97_3,2006,4.739
tza,sex_t,ocu_isco88_8,edu_isced97_3,2014,19.73
tza,sex_t,ocu_isco88_8,edu_isced97_4,2014,3.514
tza,sex_t,ocu_isco88_8,edu_isced97_total,2001,121.546
tza,sex_t,ocu_isco88_8,edu_isced97_total,2006,236.247
tza,sex_t,ocu_isco88_8,edu_isced97_total,2014,550.648
tza,sex_t,ocu_isco88_8,edu_isced97_x,2001,4.869
tza,sex_t,ocu_isco88_8,edu_isced97_x,2006,7.395
tza,sex_t,ocu_isco88_8,edu_isced97_x,2014,10.002
tza,sex_t,ocu_isco88_9,edu_aggregate_bas,2001,47.061
tza,sex_t,ocu_isco88_9,edu_aggregate_bas,2006,144.975
tza,sex_t,ocu_isco88_9,edu_aggregate_bas,2010,637.485
tza,sex_t,ocu_isco88_9,edu_aggregate_bas,2012,1756.772
tza,sex_t,ocu_isco88_9,edu_aggregate_bas,2014,1739.946
tza,sex_t,ocu_isco88_9,edu_aggregate_int,2001,2.439
tza,sex_t,ocu_isco88_9,edu_aggregate_int,2006,10.64
tza,sex_t,ocu_isco88_9,edu_aggregate_int,2014,24.728
tza,sex_t,ocu_isco88_9,edu_aggregate_ltb,2001,845.556
tza,sex_t,ocu_isco88_9,edu_aggregate_ltb,2006,1245.477
tza,sex_t,ocu_isco88_9,edu_aggregate_ltb,2010,410.46
tza,sex_t,ocu_isco88_9,edu_aggregate_ltb,2012,1161.008
tza,sex_t,ocu_isco88_9,edu_aggregate_ltb,2014,472.842
tza,sex_t,ocu_isco88_9,edu_aggregate_total,2001,895.585
tza,sex_t,ocu_isco88_9,edu_aggregate_total,2006,1401.091
tza,sex_t,ocu_isco88_9,edu_aggregate_total,2010,1049.628
tza,sex_t,ocu_isco88_9,edu_aggregate_total,2012,2922.318
tza,sex_t,ocu_isco88_9,edu_aggregate_total,2014,2238.003
tza,sex_t,ocu_isco88_9,edu_isced11_0,2010,191.016
tza,sex_t,ocu_isco88_9,edu_isced11_0,2012,545.841
tza,sex_t,ocu_isco88_9,edu_isced11_1,2010,557.228
tza,sex_t,ocu_isco88_9,edu_isced11_1,2012,1473.836
tza,sex_t,ocu_isco88_9,edu_isced11_2,2010,80.257
tza,sex_t,ocu_isco88_9,edu_isced11_2,2012,282.937
tza,sex_t,ocu_isco88_9,edu_isced11_total,2010,1049.628
tza,sex_t,ocu_isco88_9,edu_isced11_total,2012,2922.318
tza,sex_t,ocu_isco88_9,edu_isced11_x,2010,219.443
tza,sex_t,ocu_isco88_9,edu_isced11_x,2012,615.166
tza,sex_t,ocu_isco88_9,edu_isced97_0,2001,669.125
tza,sex_t,ocu_isco88_9,edu_isced97_0,2006,995.274
tza,sex_t,ocu_isco88_9,edu_isced97_0,2014,258.104
tza,sex_t,ocu_isco88_9,edu_isced97_1,2001,23.371
tza,sex_t,ocu_isco88_9,edu_isced97_1,2006,85.46
tza,sex_t,ocu_isco88_9,edu_isced97_1,2014,1555.807
tza,sex_t,ocu_isco88_9,edu_isced97_2,2001,23.69
tza,sex_t,ocu_isco88_9,edu_isced97_2,2006,59.515
tza,sex_t,ocu_isco88_9,edu_isced97_2,2014,184.139
tza,sex_t,ocu_isco88_9,edu_isced97_3,2001,2.115
tza,sex_t,ocu_isco88_9,edu_isced97_3,2006,10.041
tza,sex_t,ocu_isco88_9,edu_isced97_3,2014,21.078
tza,sex_t,ocu_isco88_9,edu_isced97_total,2001,895.585
tza,sex_t,ocu_isco88_9,edu_isced97_total,2006,1401.091
tza,sex_t,ocu_isco88_9,edu_isced97_total,2014,2238.003
tza,sex_t,ocu_isco88_9,edu_isced97_x,2001,176.431
tza,sex_t,ocu_isco88_9,edu_isced97_x,2006,250.203
tza,sex_t,ocu_isco88_9,edu_isced97_x,2014,214.737
tza,sex_t,ocu_isco88_total,edu_aggregate_adv,2001,3.176
tza,sex_t,ocu_isco88_total,edu_aggregate_adv,2006,33.044
tza,sex_t,ocu_isco88_total,edu_aggregate_adv,2010,72.22
tza,sex_t,ocu_isco88_total,edu_aggregate_adv,2012,145.55
tza,sex_t,ocu_isco88_total,edu_aggregate_adv,2014,227.259
tza,sex_t,ocu_isco88_total,edu_aggregate_bas,2001,857.197
tza,sex_t,ocu_isco88_total,edu_aggregate_bas,2006,1242.043
tza,sex_t,ocu_isco88_total,edu_aggregate_bas,2010,12570.952
tza,sex_t,ocu_isco88_total,edu_aggregate_bas,2012,12201.033
tza,sex_t,ocu_isco88_total,edu_aggregate_bas,2014,13717.533
tza,sex_t,ocu_isco88_total,edu_aggregate_int,2001,96.546
tza,sex_t,ocu_isco88_total,edu_aggregate_int,2006,152.033
tza,sex_t,ocu_isco88_total,edu_aggregate_int,2010,234.804
tza,sex_t,ocu_isco88_total,edu_aggregate_int,2012,264.344
tza,sex_t,ocu_isco88_total,edu_aggregate_int,2014,832.21
tza,sex_t,ocu_isco88_total,edu_aggregate_ltb,2001,13751.059
tza,sex_t,ocu_isco88_total,edu_aggregate_ltb,2006,16517.437
tza,sex_t,ocu_isco88_total,edu_aggregate_ltb,2010,8183.905
tza,sex_t,ocu_isco88_total,edu_aggregate_ltb,2012,6830.14
tza,sex_t,ocu_isco88_total,edu_aggregate_ltb,2014,6383.463
tza,sex_t,ocu_isco88_total,edu_aggregate_total,2001,14710.12
tza,sex_t,ocu_isco88_total,edu_aggregate_total,2006,17944.557
tza,sex_t,ocu_isco88_total,edu_aggregate_total,2010,21125.539
tza,sex_t,ocu_isco88_total,edu_aggregate_total,2012,19492.985
tza,sex_t,ocu_isco88_total,edu_aggregate_total,2014,21160.465
tza,sex_t,ocu_isco88_total,edu_aggregate_x,2010,63.658
tza,sex_t,ocu_isco88_total,edu_aggregate_x,2012,51.918
tza,sex_t,ocu_isco88_total,edu_isced11_0,2010,3660.882
tza,sex_t,ocu_isco88_total,edu_isced11_0,2012,3068.89
tza,sex_t,ocu_isco88_total,edu_isced11_1,2010,9753.256
tza,sex_t,ocu_isco88_total,edu_isced11_1,2012,9254.978
tza,sex_t,ocu_isco88_total,edu_isced11_2,2010,2817.697
tza,sex_t,ocu_isco88_total,edu_isced11_2,2012,2946.055
tza,sex_t,ocu_isco88_total,edu_isced11_3,2010,148.691
tza,sex_t,ocu_isco88_total,edu_isced11_3,2012,153.998
tza,sex_t,ocu_isco88_total,edu_isced11_4,2010,86.113
tza,sex_t,ocu_isco88_total,edu_isced11_4,2012,110.346
tza,sex_t,ocu_isco88_total,edu_isced11_6,2010,56.022
tza,sex_t,ocu_isco88_total,edu_isced11_6,2012,107.539
tza,sex_t,ocu_isco88_total,edu_isced11_7,2010,16.198
tza,sex_t,ocu_isco88_total,edu_isced11_7,2012,38.011
tza,sex_t,ocu_isco88_total,edu_isced11_9,2010,63.658
tza,sex_t,ocu_isco88_total,edu_isced11_9,2012,51.918
tza,sex_t,ocu_isco88_total,edu_isced11_total,2010,21125.539
tza,sex_t,ocu_isco88_total,edu_isced11_total,2012,19492.985
tza,sex_t,ocu_isco88_total,edu_isced11_x,2010,4523.023
tza,sex_t,ocu_isco88_total,edu_isced11_x,2012,3761.25
tza,sex_t,ocu_isco88_total,edu_isced97_0,2001,9823.683
tza,sex_t,ocu_isco88_total,edu_isced97_0,2006,11929.173
tza,sex_t,ocu_isco88_total,edu_isced97_0,2014,2937.34
tza,sex_t,ocu_isco88_total,edu_isced97_1,2001,347.142
tza,sex_t,ocu_isco88_total,edu_isced97_1,2006,509.916
tza,sex_t,ocu_isco88_total,edu_isced97_1,2014,12256.589
tza,sex_t,ocu_isco88_total,edu_isced97_2,2001,510.054
tza,sex_t,ocu_isco88_total,edu_isced97_2,2006,732.127
tza,sex_t,ocu_isco88_total,edu_isced97_2,2014,1460.944
tza,sex_t,ocu_isco88_total,edu_isced97_3,2001,71.599
tza,sex_t,ocu_isco88_total,edu_isced97_3,2006,131.174
tza,sex_t,ocu_isco88_total,edu_isced97_3,2014,423.855
tza,sex_t,ocu_isco88_total,edu_isced97_4,2001,24.947
tza,sex_t,ocu_isco88_total,edu_isced97_4,2006,20.859
tza,sex_t,ocu_isco88_total,edu_isced97_4,2014,408.356
tza,sex_t,ocu_isco88_total,edu_isced97_5,2001,3.176
tza,sex_t,ocu_isco88_total,edu_isced97_5,2006,33.044
tza,sex_t,ocu_isco88_total,edu_isced97_5,2014,227.259
tza,sex_t,ocu_isco88_total,edu_isced97_total,2001,14710.12
tza,sex_t,ocu_isco88_total,edu_isced97_total,2006,17944.557
tza,sex_t,ocu_isco88_total,edu_isced97_total,2014,21160.465
tza,sex_t,ocu_isco88_total,edu_isced97_x,2001,3927.376
tza,sex_t,ocu_isco88_total,edu_isced97_x,2006,4588.265
tza,sex_t,ocu_isco88_total,edu_isced97_x,2014,3446.122
tza,sex_t,ocu_isco88_x,edu_aggregate_adv,2010,14.56
tza,sex_t,ocu_isco88_x,edu_aggregate_adv,2012,15.016
tza,sex_t,ocu_isco88_x,edu_aggregate_bas,2010,8593.113
tza,sex_t,ocu_isco88_x,edu_aggregate_bas,2012,3289.733
tza,sex_t,ocu_isco88_x,edu_aggregate_int,2010,55.829
tza,sex_t,ocu_isco88_x,edu_aggregate_int,2012,38.989
tza,sex_t,ocu_isco88_x,edu_aggregate_ltb,2010,6116.975
tza,sex_t,ocu_isco88_x,edu_aggregate_ltb,2012,1258.342
tza,sex_t,ocu_isco88_x,edu_aggregate_total,2010,14811.577
tza,sex_t,ocu_isco88_x,edu_aggregate_total,2012,4612.469
tza,sex_t,ocu_isco88_x,edu_aggregate_x,2010,31.101
tza,sex_t,ocu_isco88_x,edu_aggregate_x,2012,10.389
tza,sex_t,ocu_isco88_x,edu_isced11_0,2010,2663.683
tza,sex_t,ocu_isco88_x,edu_isced11_0,2012,575.291
tza,sex_t,ocu_isco88_x,edu_isced11_1,2010,6790.736
tza,sex_t,ocu_isco88_x,edu_isced11_1,2012,2460.631
tza,sex_t,ocu_isco88_x,edu_isced11_2,2010,1802.377
tza,sex_t,ocu_isco88_x,edu_isced11_2,2012,829.103
tza,sex_t,ocu_isco88_x,edu_isced11_3,2010,43.192
tza,sex_t,ocu_isco88_x,edu_isced11_3,2012,22.737
tza,sex_t,ocu_isco88_x,edu_isced11_4,2010,12.637
tza,sex_t,ocu_isco88_x,edu_isced11_4,2012,16.252
tza,sex_t,ocu_isco88_x,edu_isced11_6,2010,12.722
tza,sex_t,ocu_isco88_x,edu_isced11_6,2012,13.732
tza,sex_t,ocu_isco88_x,edu_isced11_9,2010,31.101
tza,sex_t,ocu_isco88_x,edu_isced11_9,2012,10.389
tza,sex_t,ocu_isco88_x,edu_isced11_total,2010,14811.577
tza,sex_t,ocu_isco88_x,edu_isced11_total,2012,4612.469
tza,sex_t,ocu_isco88_x,edu_isced11_x,2010,3453.292
tza,sex_t,ocu_isco88_x,edu_isced11_x,2012,683.051
tza,sex_t,ocu_skill_l1,edu_aggregate_adv,2020,40.764
tza,sex_t,ocu_skill_l1,edu_aggregate_adv,2024,212.1
tza,sex_t,ocu_skill_l1,edu_aggregate_bas,2001,47.061
tza,sex_t,ocu_skill_l1,edu_aggregate_bas,2006,144.975
tza,sex_t,ocu_skill_l1,edu_aggregate_bas,2010,637.485
tza,sex_t,ocu_skill_l1,edu_aggregate_bas,2012,1756.772
tza,sex_t,ocu_skill_l1,edu_aggregate_bas,2014,1739.946
tza,sex_t,ocu_skill_l1,edu_aggregate_bas,2020,1687.594
tza,sex_t,ocu_skill_l1,edu_aggregate_bas,2024,4361.12
tza,sex_t,ocu_skill_l1,edu_aggregate_int,2001,2.439
tza,sex_t,ocu_skill_l1,edu_aggregate_int,2006,10.64
tza,sex_t,ocu_skill_l1,edu_aggregate_int,2014,24.728
tza,sex_t,ocu_skill_l1,edu_aggregate_int,2020,462.864
tza,sex_t,ocu_skill_l1,edu_aggregate_int,2024,1366.91
tza,sex_t,ocu_skill_l1,edu_aggregate_ltb,2001,845.556
tza,sex_t,ocu_skill_l1,edu_aggregate_ltb,2006,1245.477
tza,sex_t,ocu_skill_l1,edu_aggregate_ltb,2010,410.46
tza,sex_t,ocu_skill_l1,edu_aggregate_ltb,2012,1161.008
tza,sex_t,ocu_skill_l1,edu_aggregate_ltb,2014,472.842
tza,sex_t,ocu_skill_l1,edu_aggregate_ltb,2020,476.815
tza,sex_t,ocu_skill_l1,edu_aggregate_ltb,2024,910.462
tza,sex_t,ocu_skill_l1,edu_aggregate_total,2001,895.585
tza,sex_t,ocu_skill_l1,edu_aggregate_total,2006,1401.091
tza,sex_t,ocu_skill_l1,edu_aggregate_total,2010,1049.628
tza,sex_t,ocu_skill_l1,edu_aggregate_total,2012,2922.318
tza,sex_t,ocu_skill_l1,edu_aggregate_total,2014,2238.003
tza,sex_t,ocu_skill_l1,edu_aggregate_total,2020,3390.749
tza,sex_t,ocu_skill_l1,edu_aggregate_total,2024,8760.476
tza,sex_t,ocu_skill_l1,edu_aggregate_x,2020,722.712
tza,sex_t,ocu_skill_l1,edu_aggregate_x,2024,1909.883
tza,sex_t,ocu_skill_l1,edu_isced11_0,2010,191.016
tza,sex_t,ocu_skill_l1,edu_isced11_0,2012,545.841
tza,sex_t,ocu_skill_l1,edu_isced11_1,2010,557.228
tza,sex_t,ocu_skill_l1,edu_isced11_1,2012,1473.836
tza,sex_t,ocu_skill_l1,edu_isced11_1,2020,1675.758
tza,sex_t,ocu_skill_l1,edu_isced11_1,2024,4331.027
tza,sex_t,ocu_skill_l1,edu_isced11_2,2010,80.257
tza,sex_t,ocu_skill_l1,edu_isced11_2,2012,282.937
tza,sex_t,ocu_skill_l1,edu_isced11_2,2020,11.836
tza,sex_t,ocu_skill_l1,edu_isced11_2,2024,30.094
tza,sex_t,ocu_skill_l1,edu_isced11_3,2020,434.238
tza,sex_t,ocu_skill_l1,edu_isced11_3,2024,1304.349
tza,sex_t,ocu_skill_l1,edu_isced11_4,2020,28.625
tza,sex_t,ocu_skill_l1,edu_isced11_4,2024,62.561
tza,sex_t,ocu_skill_l1,edu_isced11_5,2020,28.262
tza,sex_t,ocu_skill_l1,edu_isced11_5,2024,141.45
tza,sex_t,ocu_skill_l1,edu_isced11_6,2020,12.502
tza,sex_t,ocu_skill_l1,edu_isced11_6,2024,64.291
tza,sex_t,ocu_skill_l1,edu_isced11_8,2024,6.359
tza,sex_t,ocu_skill_l1,edu_isced11_9,2020,722.712
tza,sex_t,ocu_skill_l1,edu_isced11_9,2024,1909.883
tza,sex_t,ocu_skill_l1,edu_isced11_total,2010,1049.628
tza,sex_t,ocu_skill_l1,edu_isced11_total,2012,2922.318
tza,sex_t,ocu_skill_l1,edu_isced11_total,2020,3390.749
tza,sex_t,ocu_skill_l1,edu_isced11_total,2024,8760.476
tza,sex_t,ocu_skill_l1,edu_isced11_x,2010,219.443
tza,sex_t,ocu_skill_l1,edu_isced11_x,2012,615.166
tza,sex_t,ocu_skill_l1,edu_isced11_x,2020,476.815
tza,sex_t,ocu_skill_l1,edu_isced11_x,2024,910.462
tza,sex_t,ocu_skill_l1,edu_isced97_0,2001,669.125
tza,sex_t,ocu_skill_l1,edu_isced97_0,2006,995.274
tza,sex_t,ocu_skill_l1,edu_isced97_0,2014,258.104
tza,sex_t,ocu_skill_l1,edu_isced97_1,2001,23.371
tza,sex_t,ocu_skill_l1,edu_isced97_1,2006,85.46
tza,sex_t,ocu_skill_l1,edu_isced97_1,2014,1555.807
tza,sex_t,ocu_skill_l1,edu_isced97_2,2001,23.69
tza,sex_t,ocu_skill_l1,edu_isced97_2,2006,59.515
tza,sex_t,ocu_skill_l1,edu_isced97_2,2014,184.139
tza,sex_t,ocu_skill_l1,edu_isced97_3,2001,2.115
tza,sex_t,ocu_skill_l1,edu_isced97_3,2006,10.041
tza,sex_t,ocu_skill_l1,edu_isced97_3,2014,21.078
tza,sex_t,ocu_skill_l1,edu_isced97_total,2001,895.585
tza,sex_t,ocu_skill_l1,edu_isced97_total,2006,1401.091
tza,sex_t,ocu_skill_l1,edu_isced97_total,2014,2238.003
tza,sex_t,ocu_skill_l1,edu_isced97_x,2001,176.431
tza,sex_t,ocu_skill_l1,edu_isced97_x,2006,250.203
tza,sex_t,ocu_skill_l1,edu_isced97_x,2014,214.737
tza,sex_t,ocu_skill_l2,edu_aggregate_adv,2001,1.122
tza,sex_t,ocu_skill_l2,edu_aggregate_adv,2006,6.935
tza,sex_t,ocu_skill_l2,edu_aggregate_adv,2010,10.068
tza,sex_t,ocu_skill_l2,edu_aggregate_adv,2012,21.057
tza,sex_t,ocu_skill_l2,edu_aggregate_adv,2014,37.542
tza,sex_t,ocu_skill_l2,edu_aggregate_adv,2020,343.983
tza,sex_t,ocu_skill_l2,edu_aggregate_adv,2024,481.699
tza,sex_t,ocu_skill_l2,edu_aggregate_bas,2001,564.188
tza,sex_t,ocu_skill_l2,edu_aggregate_bas,2006,881.385
tza,sex_t,ocu_skill_l2,edu_aggregate_bas,2010,2734.046
tza,sex_t,ocu_skill_l2,edu_aggregate_bas,2012,6772.315
tza,sex_t,ocu_skill_l2,edu_aggregate_bas,2014,11908.101
tza,sex_t,ocu_skill_l2,edu_aggregate_bas,2020,10446.286
tza,sex_t,ocu_skill_l2,edu_aggregate_bas,2024,10457.223
tza,sex_t,ocu_skill_l2,edu_aggregate_int,2001,33.579
tza,sex_t,ocu_skill_l2,edu_aggregate_int,2006,59.624
tza,sex_t,ocu_skill_l2,edu_aggregate_int,2010,44.509
tza,sex_t,ocu_skill_l2,edu_aggregate_int,2012,70.581
tza,sex_t,ocu_skill_l2,edu_aggregate_int,2014,362.276
tza,sex_t,ocu_skill_l2,edu_aggregate_int,2020,2018.084
tza,sex_t,ocu_skill_l2,edu_aggregate_int,2024,2624.649
tza,sex_t,ocu_skill_l2,edu_aggregate_ltb,2001,12446.727
tza,sex_t,ocu_skill_l2,edu_aggregate_ltb,2006,15120.44
tza,sex_t,ocu_skill_l2,edu_aggregate_ltb,2010,1565.684
tza,sex_t,ocu_skill_l2,edu_aggregate_ltb,2012,4374.729
tza,sex_t,ocu_skill_l2,edu_aggregate_ltb,2014,5900.616
tza,sex_t,ocu_skill_l2,edu_aggregate_ltb,2020,3467.43
tza,sex_t,ocu_skill_l2,edu_aggregate_ltb,2024,2802.915
tza,sex_t,ocu_skill_l2,edu_aggregate_total,2001,13047.229
tza,sex_t,ocu_skill_l2,edu_aggregate_total,2006,16068.384
tza,sex_t,ocu_skill_l2,edu_aggregate_total,2010,4379.909
tza,sex_t,ocu_skill_l2,edu_aggregate_total,2012,11264.717
tza,sex_t,ocu_skill_l2,edu_aggregate_total,2014,18208.535
tza,sex_t,ocu_skill_l2,edu_aggregate_total,2020,20647.972
tza,sex_t,ocu_skill_l2,edu_aggregate_total,2024,21053.867
tza,sex_t,ocu_skill_l2,edu_aggregate_x,2010,25.602
tza,sex_t,ocu_skill_l2,edu_aggregate_x,2012,26.035
tza,sex_t,ocu_skill_l2,edu_aggregate_x,2020,4372.189
tza,sex_t,ocu_skill_l2,edu_aggregate_x,2024,4687.381
tza,sex_t,ocu_skill_l2,edu_isced11_0,2010,764.045
tza,sex_t,ocu_skill_l2,edu_isced11_0,2012,1927.769
tza,sex_t,ocu_skill_l2,edu_isced11_1,2010,2140.859
tza,sex_t,ocu_skill_l2,edu_isced11_1,2012,5236.95
tza,sex_t,ocu_skill_l2,edu_isced11_1,2020,10355.63
tza,sex_t,ocu_skill_l2,edu_isced11_1,2024,10381.584
tza,sex_t,ocu_skill_l2,edu_isced11_2,2010,593.187
tza,sex_t,ocu_skill_l2,edu_isced11_2,2012,1535.365
tza,sex_t,ocu_skill_l2,edu_isced11_2,2020,90.656
tza,sex_t,ocu_skill_l2,edu_isced11_2,2024,75.638
tza,sex_t,ocu_skill_l2,edu_isced11_3,2010,33.608
tza,sex_t,ocu_skill_l2,edu_isced11_3,2012,44.504
tza,sex_t,ocu_skill_l2,edu_isced11_3,2020,1823.451
tza,sex_t,ocu_skill_l2,edu_isced11_3,2024,2458.991
tza,sex_t,ocu_skill_l2,edu_isced11_4,2010,10.901
tza,sex_t,ocu_skill_l2,edu_isced11_4,2012,26.077
tza,sex_t,ocu_skill_l2,edu_isced11_4,2020,194.632
tza,sex_t,ocu_skill_l2,edu_isced11_4,2024,165.658
tza,sex_t,ocu_skill_l2,edu_isced11_5,2020,251.458
tza,sex_t,ocu_skill_l2,edu_isced11_5,2024,304.5
tza,sex_t,ocu_skill_l2,edu_isced11_6,2010,9.297
tza,sex_t,ocu_skill_l2,edu_isced11_6,2012,18.31
tza,sex_t,ocu_skill_l2,edu_isced11_6,2020,92.524
tza,sex_t,ocu_skill_l2,edu_isced11_6,2024,161.592
tza,sex_t,ocu_skill_l2,edu_isced11_8,2024,15.607
tza,sex_t,ocu_skill_l2,edu_isced11_9,2010,25.602
tza,sex_t,ocu_skill_l2,edu_isced11_9,2012,26.035
tza,sex_t,ocu_skill_l2,edu_isced11_9,2020,4372.189
tza,sex_t,ocu_skill_l2,edu_isced11_9,2024,4687.381
tza,sex_t,ocu_skill_l2,edu_isced11_total,2010,4379.909
tza,sex_t,ocu_skill_l2,edu_isced11_total,2012,11264.717
tza,sex_t,ocu_skill_l2,edu_isced11_total,2020,20647.972
tza,sex_t,ocu_skill_l2,edu_isced11_total,2024,21053.867
tza,sex_t,ocu_skill_l2,edu_isced11_x,2010,801.639
tza,sex_t,ocu_skill_l2,edu_isced11_x,2012,2446.961
tza,sex_t,ocu_skill_l2,edu_isced11_x,2020,3467.43
tza,sex_t,ocu_skill_l2,edu_isced11_x,2024,2802.915
tza,sex_t,ocu_skill_l2,edu_isced97_0,2001,8746.305
tza,sex_t,ocu_skill_l2,edu_isced97_0,2006,10792.337
tza,sex_t,ocu_skill_l2,edu_isced97_0,2014,2676.448
tza,sex_t,ocu_skill_l2,edu_isced97_1,2001,272.754
tza,sex_t,ocu_skill_l2,edu_isced97_1,2006,395.955
tza,sex_t,ocu_skill_l2,edu_isced97_1,2014,10663.229
tza,sex_t,ocu_skill_l2,edu_isced97_2,2001,291.434
tza,sex_t,ocu_skill_l2,edu_isced97_2,2006,485.43
tza,sex_t,ocu_skill_l2,edu_isced97_2,2014,1244.872
tza,sex_t,ocu_skill_l2,edu_isced97_3,2001,31.85
tza,sex_t,ocu_skill_l2,edu_isced97_3,2006,52.266
tza,sex_t,ocu_skill_l2,edu_isced97_3,2014,221.356
tza,sex_t,ocu_skill_l2,edu_isced97_4,2001,1.728
tza,sex_t,ocu_skill_l2,edu_isced97_4,2006,7.357
tza,sex_t,ocu_skill_l2,edu_isced97_4,2014,140.92
tza,sex_t,ocu_skill_l2,edu_isced97_5,2001,1.122
tza,sex_t,ocu_skill_l2,edu_isced97_5,2006,6.935
tza,sex_t,ocu_skill_l2,edu_isced97_5,2014,37.542
tza,sex_t,ocu_skill_l2,edu_isced97_total,2001,13047.229
tza,sex_t,ocu_skill_l2,edu_isced97_total,2006,16068.384
tza,sex_t,ocu_skill_l2,edu_isced97_total,2014,18208.535
tza,sex_t,ocu_skill_l2,edu_isced97_x,2001,3700.422
tza,sex_t,ocu_skill_l2,edu_isced97_x,2006,4328.103
tza,sex_t,ocu_skill_l2,edu_isced97_x,2014,3224.167
tza,sex_t,ocu_skill_l3_4,edu_aggregate_adv,2001,2.054
tza,sex_t,ocu_skill_l3_4,edu_aggregate_adv,2006,26.11
tza,sex_t,ocu_skill_l3_4,edu_aggregate_adv,2010,44.193
tza,sex_t,ocu_skill_l3_4,edu_aggregate_adv,2012,109.213
tza,sex_t,ocu_skill_l3_4,edu_aggregate_adv,2014,189.229
tza,sex_t,ocu_skill_l3_4,edu_aggregate_adv,2020,378.286
tza,sex_t,ocu_skill_l3_4,edu_aggregate_adv,2024,791.421
tza,sex_t,ocu_skill_l3_4,edu_aggregate_bas,2001,238.791
tza,sex_t,ocu_skill_l3_4,edu_aggregate_bas,2006,208.474
tza,sex_t,ocu_skill_l3_4,edu_aggregate_bas,2010,334.107
tza,sex_t,ocu_skill_l3_4,edu_aggregate_bas,2012,354.221
tza,sex_t,ocu_skill_l3_4,edu_aggregate_bas,2014,69.486
tza,sex_t,ocu_skill_l3_4,edu_aggregate_bas,2020,26.332
tza,sex_t,ocu_skill_l3_4,edu_aggregate_bas,2024,113.179
tza,sex_t,ocu_skill_l3_4,edu_aggregate_int,2001,60.434
tza,sex_t,ocu_skill_l3_4,edu_aggregate_int,2006,81.358
tza,sex_t,ocu_skill_l3_4,edu_aggregate_int,2010,121.62
tza,sex_t,ocu_skill_l3_4,edu_aggregate_int,2012,142.009
tza,sex_t,ocu_skill_l3_4,edu_aggregate_int,2014,445.206
tza,sex_t,ocu_skill_l3_4,edu_aggregate_int,2020,228.704
tza,sex_t,ocu_skill_l3_4,edu_aggregate_int,2024,248.743
tza,sex_t,ocu_skill_l3_4,edu_aggregate_ltb,2001,446.331
tza,sex_t,ocu_skill_l3_4,edu_aggregate_ltb,2006,144.785
tza,sex_t,ocu_skill_l3_4,edu_aggregate_ltb,2010,17.618
tza,sex_t,ocu_skill_l3_4,edu_aggregate_ltb,2012,32.971
tza,sex_t,ocu_skill_l3_4,edu_aggregate_ltb,2014,10.006
tza,sex_t,ocu_skill_l3_4,edu_aggregate_ltb,2024,10.551
tza,sex_t,ocu_skill_l3_4,edu_aggregate_total,2001,747.61
tza,sex_t,ocu_skill_l3_4,edu_aggregate_total,2006,460.726
tza,sex_t,ocu_skill_l3_4,edu_aggregate_total,2010,523.47
tza,sex_t,ocu_skill_l3_4,edu_aggregate_total,2012,649.369
tza,sex_t,ocu_skill_l3_4,edu_aggregate_total,2014,713.927
tza,sex_t,ocu_skill_l3_4,edu_aggregate_total,2020,807.623
tza,sex_t,ocu_skill_l3_4,edu_aggregate_total,2024,1211.955
tza,sex_t,ocu_skill_l3_4,edu_aggregate_x,2010,5.933
tza,sex_t,ocu_skill_l3_4,edu_aggregate_x,2012,10.956
tza,sex_t,ocu_skill_l3_4,edu_aggregate_x,2020,172.462
tza,sex_t,ocu_skill_l3_4,edu_aggregate_x,2024,48.061
tza,sex_t,ocu_skill_l3_4,edu_isced11_0,2010,7.918
tza,sex_t,ocu_skill_l3_4,edu_isced11_0,2012,16.899
tza,sex_t,ocu_skill_l3_4,edu_isced11_1,2010,64.353
tza,sex_t,ocu_skill_l3_4,edu_isced11_1,2012,67.887
tza,sex_t,ocu_skill_l3_4,edu_isced11_1,2020,25.797
tza,sex_t,ocu_skill_l3_4,edu_isced11_1,2024,106.295
tza,sex_t,ocu_skill_l3_4,edu_isced11_2,2010,269.754
tza,sex_t,ocu_skill_l3_4,edu_isced11_2,2012,286.334
tza,sex_t,ocu_skill_l3_4,edu_isced11_2,2024,6.884
tza,sex_t,ocu_skill_l3_4,edu_isced11_3,2010,62.671
tza,sex_t,ocu_skill_l3_4,edu_isced11_3,2012,74.551
tza,sex_t,ocu_skill_l3_4,edu_isced11_3,2020,29.795
tza,sex_t,ocu_skill_l3_4,edu_isced11_3,2024,168.458
tza,sex_t,ocu_skill_l3_4,edu_isced11_4,2010,58.948
tza,sex_t,ocu_skill_l3_4,edu_isced11_4,2012,67.458
tza,sex_t,ocu_skill_l3_4,edu_isced11_4,2020,198.909
tza,sex_t,ocu_skill_l3_4,edu_isced11_4,2024,80.285
tza,sex_t,ocu_skill_l3_4,edu_isced11_5,2020,106.073
tza,sex_t,ocu_skill_l3_4,edu_isced11_5,2024,322.681
tza,sex_t,ocu_skill_l3_4,edu_isced11_6,2010,32.321
tza,sex_t,ocu_skill_l3_4,edu_isced11_6,2012,75.233
tza,sex_t,ocu_skill_l3_4,edu_isced11_6,2020,272.214
tza,sex_t,ocu_skill_l3_4,edu_isced11_6,2024,412.307
tza,sex_t,ocu_skill_l3_4,edu_isced11_7,2010,11.872
tza,sex_t,ocu_skill_l3_4,edu_isced11_7,2012,33.98
tza,sex_t,ocu_skill_l3_4,edu_isced11_8,2024,56.434
tza,sex_t,ocu_skill_l3_4,edu_isced11_9,2010,5.933
tza,sex_t,ocu_skill_l3_4,edu_isced11_9,2012,10.956
tza,sex_t,ocu_skill_l3_4,edu_isced11_9,2020,172.462
tza,sex_t,ocu_skill_l3_4,edu_isced11_9,2024,48.061
tza,sex_t,ocu_skill_l3_4,edu_isced11_total,2010,523.47
tza,sex_t,ocu_skill_l3_4,edu_isced11_total,2012,649.369
tza,sex_t,ocu_skill_l3_4,edu_isced11_total,2020,807.623
tza,sex_t,ocu_skill_l3_4,edu_isced11_total,2024,1211.955
tza,sex_t,ocu_skill_l3_4,edu_isced11_x,2012,16.072
tza,sex_t,ocu_skill_l3_4,edu_isced11_x,2024,10.551
tza,sex_t,ocu_skill_l3_4,edu_isced97_0,2001,396.509
tza,sex_t,ocu_skill_l3_4,edu_isced97_0,2006,135.38
tza,sex_t,ocu_skill_l3_4,edu_isced97_1,2001,47.672
tza,sex_t,ocu_skill_l3_4,edu_isced97_1,2006,27.8
tza,sex_t,ocu_skill_l3_4,edu_isced97_1,2014,37.553
tza,sex_t,ocu_skill_l3_4,edu_isced97_2,2001,191.119
tza,sex_t,ocu_skill_l3_4,edu_isced97_2,2006,180.674
tza,sex_t,ocu_skill_l3_4,edu_isced97_2,2014,31.933
tza,sex_t,ocu_skill_l3_4,edu_isced97_3,2001,37.54
tza,sex_t,ocu_skill_l3_4,edu_isced97_3,2006,68.455
tza,sex_t,ocu_skill_l3_4,edu_isced97_3,2014,181.421
tza,sex_t,ocu_skill_l3_4,edu_isced97_4,2001,22.895
tza,sex_t,ocu_skill_l3_4,edu_isced97_4,2006,12.903
tza,sex_t,ocu_skill_l3_4,edu_isced97_4,2014,263.785
tza,sex_t,ocu_skill_l3_4,edu_isced97_5,2001,2.054
tza,sex_t,ocu_skill_l3_4,edu_isced97_5,2006,26.11
tza,sex_t,ocu_skill_l3_4,edu_isced97_5,2014,189.229
tza,sex_t,ocu_skill_l3_4,edu_isced97_total,2001,747.61
tza,sex_t,ocu_skill_l3_4,edu_isced97_total,2006,460.726
tza,sex_t,ocu_skill_l3_4,edu_isced97_total,2014,713.927
tza,sex_t,ocu_skill_l3_4,edu_isced97_x,2001,49.822
tza,sex_t,ocu_skill_l3_4,edu_isced97_x,2006,9.404
tza,sex_t,ocu_skill_l3_4,edu_isced97_x,2014,7.218
tza,sex_t,ocu_skill_total,edu_aggregate_adv,2001,3.176
tza,sex_t,ocu_skill_total,edu_aggregate_adv,2006,33.044
tza,sex_t,ocu_skill_total,edu_aggregate_adv,2010,72.22
tza,sex_t,ocu_skill_total,edu_aggregate_adv,2012,145.55
tza,sex_t,ocu_skill_total,edu_aggregate_adv,2014,227.259
tza,sex_t,ocu_skill_total,edu_aggregate_adv,2020,790.099
tza,sex_t,ocu_skill_total,edu_aggregate_adv,2024,1488.03
tza,sex_t,ocu_skill_total,edu_aggregate_bas,2001,857.197
tza,sex_t,ocu_skill_total,edu_aggregate_bas,2006,1242.043
tza,sex_t,ocu_skill_total,edu_aggregate_bas,2010,12570.952
tza,sex_t,ocu_skill_total,edu_aggregate_bas,2012,12201.033
tza,sex_t,ocu_skill_total,edu_aggregate_bas,2014,13717.533
tza,sex_t,ocu_skill_total,edu_aggregate_bas,2020,12721.987
tza,sex_t,ocu_skill_total,edu_aggregate_bas,2024,14932.601
tza,sex_t,ocu_skill_total,edu_aggregate_int,2001,96.546
tza,sex_t,ocu_skill_total,edu_aggregate_int,2006,152.033
tza,sex_t,ocu_skill_total,edu_aggregate_int,2010,234.804
tza,sex_t,ocu_skill_total,edu_aggregate_int,2012,264.344
tza,sex_t,ocu_skill_total,edu_aggregate_int,2014,832.21
tza,sex_t,ocu_skill_total,edu_aggregate_int,2020,2864.265
tza,sex_t,ocu_skill_total,edu_aggregate_int,2024,4244.423
tza,sex_t,ocu_skill_total,edu_aggregate_ltb,2001,13751.059
tza,sex_t,ocu_skill_total,edu_aggregate_ltb,2006,16517.437
tza,sex_t,ocu_skill_total,edu_aggregate_ltb,2010,8183.905
tza,sex_t,ocu_skill_total,edu_aggregate_ltb,2012,6830.14
tza,sex_t,ocu_skill_total,edu_aggregate_ltb,2014,6383.463
tza,sex_t,ocu_skill_total,edu_aggregate_ltb,2020,4130.93
tza,sex_t,ocu_skill_total,edu_aggregate_ltb,2024,3723.928
tza,sex_t,ocu_skill_total,edu_aggregate_total,2001,14710.12
tza,sex_t,ocu_skill_total,edu_aggregate_total,2006,17944.557
tza,sex_t,ocu_skill_total,edu_aggregate_total,2010,21125.539
tza,sex_t,ocu_skill_total,edu_aggregate_total,2012,19492.985
tza,sex_t,ocu_skill_total,edu_aggregate_total,2014,21160.465
tza,sex_t,ocu_skill_total,edu_aggregate_total,2020,26045.746
tza,sex_t,ocu_skill_total,edu_aggregate_total,2024,31034.893
tza,sex_t,ocu_skill_total,edu_aggregate_x,2010,63.658
tza,sex_t,ocu_skill_total,edu_aggregate_x,2012,51.918
tza,sex_t,ocu_skill_total,edu_aggregate_x,2020,5538.467
tza,sex_t,ocu_skill_total,edu_aggregate_x,2024,6645.911
tza,sex_t,ocu_skill_total,edu_isced11_0,2010,3660.882
tza,sex_t,ocu_skill_total,edu_isced11_0,2012,3068.89
tza,sex_t,ocu_skill_total,edu_isced11_1,2010,9753.256
tza,sex_t,ocu_skill_total,edu_isced11_1,2012,9254.978
tza,sex_t,ocu_skill_total,edu_isced11_1,2020,12614.748
tza,sex_t,ocu_skill_total,edu_isced11_1,2024,14819.985
tza,sex_t,ocu_skill_total,edu_isced11_2,2010,2817.697
tza,sex_t,ocu_skill_total,edu_isced11_2,2012,2946.055
tza,sex_t,ocu_skill_total,edu_isced11_2,2020,107.239
tza,sex_t,ocu_skill_total,edu_isced11_2,2024,112.616
tza,sex_t,ocu_skill_total,edu_isced11_3,2010,148.691
tza,sex_t,ocu_skill_total,edu_isced11_3,2012,153.998
tza,sex_t,ocu_skill_total,edu_isced11_3,2020,2431.024
tza,sex_t,ocu_skill_total,edu_isced11_3,2024,3935.341
tza,sex_t,ocu_skill_total,edu_isced11_4,2010,86.113
tza,sex_t,ocu_skill_total,edu_isced11_4,2012,110.346
tza,sex_t,ocu_skill_total,edu_isced11_4,2020,433.24
tza,sex_t,ocu_skill_total,edu_isced11_4,2024,309.082
tza,sex_t,ocu_skill_total,edu_isced11_5,2020,404.725
tza,sex_t,ocu_skill_total,edu_isced11_5,2024,769.887
tza,sex_t,ocu_skill_total,edu_isced11_6,2010,56.022
tza,sex_t,ocu_skill_total,edu_isced11_6,2012,107.539
tza,sex_t,ocu_skill_total,edu_isced11_6,2020,385.374
tza,sex_t,ocu_skill_total,edu_isced11_6,2024,639.632
tza,sex_t,ocu_skill_total,edu_isced11_7,2010,16.198
tza,sex_t,ocu_skill_total,edu_isced11_7,2012,38.011
tza,sex_t,ocu_skill_total,edu_isced11_8,2024,78.51
tza,sex_t,ocu_skill_total,edu_isced11_9,2010,63.658
tza,sex_t,ocu_skill_total,edu_isced11_9,2012,51.918
tza,sex_t,ocu_skill_total,edu_isced11_9,2020,5538.467
tza,sex_t,ocu_skill_total,edu_isced11_9,2024,6645.911
tza,sex_t,ocu_skill_total,edu_isced11_total,2010,21125.539
tza,sex_t,ocu_skill_total,edu_isced11_total,2012,19492.985
tza,sex_t,ocu_skill_total,edu_isced11_total,2020,26045.746
tza,sex_t,ocu_skill_total,edu_isced11_total,2024,31034.893
tza,sex_t,ocu_skill_total,edu_isced11_x,2010,4523.023
tza,sex_t,ocu_skill_total,edu_isced11_x,2012,3761.25
tza,sex_t,ocu_skill_total,edu_isced11_x,2020,4130.93
tza,sex_t,ocu_skill_total,edu_isced11_x,2024,3723.928
tza,sex_t,ocu_skill_total,edu_isced97_0,2001,9823.683
tza,sex_t,ocu_skill_total,edu_isced97_0,2006,11929.173
tza,sex_t,ocu_skill_total,edu_isced97_0,2014,2937.34
tza,sex_t,ocu_skill_total,edu_isced97_1,2001,347.142
tza,sex_t,ocu_skill_total,edu_isced97_1,2006,509.916
tza,sex_t,ocu_skill_total,edu_isced97_1,2014,12256.589
tza,sex_t,ocu_skill_total,edu_isced97_2,2001,510.054
tza,sex_t,ocu_skill_total,edu_isced97_2,2006,732.127
tza,sex_t,ocu_skill_total,edu_isced97_2,2014,1460.944
tza,sex_t,ocu_skill_total,edu_isced97_3,2001,71.599
tza,sex_t,ocu_skill_total,edu_isced97_3,2006,131.174
tza,sex_t,ocu_skill_total,edu_isced97_3,2014,423.855
tza,sex_t,ocu_skill_total,edu_isced97_4,2001,24.947
tza,sex_t,ocu_skill_total,edu_isced97_4,2006,20.859
tza,sex_t,ocu_skill_total,edu_isced97_4,2014,408.356
tza,sex_t,ocu_skill_total,edu_isced97_5,2001,3.176
tza,sex_t,ocu_skill_total,edu_isced97_5,2006,33.044
tza,sex_t,ocu_skill_total,edu_isced97_5,2014,227.259
tza,sex_t,ocu_skill_total,edu_isced97_total,2001,14710.12
tza,sex_t,ocu_skill_total,edu_isced97_total,2006,17944.557
tza,sex_t,ocu_skill_total,edu_isced97_total,2014,21160.465
tza,sex_t,ocu_skill_total,edu_isced97_x,2001,3927.376
tza,sex_t,ocu_skill_total,edu_isced97_x,2006,4588.265
tza,sex_t,ocu_skill_total,edu_isced97_x,2014,3446.122
tza,sex_t,ocu_skill_x,edu_aggregate_adv,2010,17.959
tza,sex_t,ocu_skill_x,edu_aggregate_adv,2012,15.28
tza,sex_t,ocu_skill_x,edu_aggregate_adv,2020,27.066
tza,sex_t,ocu_skill_x,edu_aggregate_adv,2024,2.809
tza,sex_t,ocu_skill_x,edu_aggregate_bas,2001,7.156
tza,sex_t,ocu_skill_x,edu_aggregate_bas,2006,7.209
tza,sex_t,ocu_skill_x,edu_aggregate_bas,2010,8865.315
tza,sex_t,ocu_skill_x,edu_aggregate_bas,2012,3317.726
tza,sex_t,ocu_skill_x,edu_aggregate_bas,2020,561.775
tza,sex_t,ocu_skill_x,edu_aggregate_int,2010,68.014
tza,sex_t,ocu_skill_x,edu_aggregate_int,2012,51.754
tza,sex_t,ocu_skill_x,edu_aggregate_int,2020,154.613
tza,sex_t,ocu_skill_x,edu_aggregate_int,2024,4.121
tza,sex_t,ocu_skill_x,edu_aggregate_ltb,2001,12.445
tza,sex_t,ocu_skill_x,edu_aggregate_ltb,2006,6.736
tza,sex_t,ocu_skill_x,edu_aggregate_ltb,2010,6190.144
tza,sex_t,ocu_skill_x,edu_aggregate_ltb,2012,1261.432
tza,sex_t,ocu_skill_x,edu_aggregate_ltb,2020,184.845
tza,sex_t,ocu_skill_x,edu_aggregate_total,2001,19.696
tza,sex_t,ocu_skill_x,edu_aggregate_total,2006,14.356
tza,sex_t,ocu_skill_x,edu_aggregate_total,2010,15172.533
tza,sex_t,ocu_skill_x,edu_aggregate_total,2012,4656.581
tza,sex_t,ocu_skill_x,edu_aggregate_total,2020,1199.403
tza,sex_t,ocu_skill_x,edu_aggregate_total,2024,8.596
tza,sex_t,ocu_skill_x,edu_aggregate_x,2010,31.101
tza,sex_t,ocu_skill_x,edu_aggregate_x,2012,10.389
tza,sex_t,ocu_skill_x,edu_aggregate_x,2020,271.104
tza,sex_t,ocu_skill_x,edu_isced11_0,2010,2697.903
tza,sex_t,ocu_skill_x,edu_isced11_0,2012,578.381
tza,sex_t,ocu_skill_x,edu_isced11_1,2010,6990.816
tza,sex_t,ocu_skill_x,edu_isced11_1,2012,2476.306
tza,sex_t,ocu_skill_x,edu_isced11_1,2020,557.562
tza,sex_t,ocu_skill_x,edu_isced11_2,2010,1874.499
tza,sex_t,ocu_skill_x,edu_isced11_2,2012,841.419
tza,sex_t,ocu_skill_x,edu_isced11_2,2020,4.212
tza,sex_t,ocu_skill_x,edu_isced11_3,2010,51.75
tza,sex_t,ocu_skill_x,edu_isced11_3,2012,34.943
tza,sex_t,ocu_skill_x,edu_isced11_3,2020,143.539
tza,sex_t,ocu_skill_x,edu_isced11_3,2024,3.543
tza,sex_t,ocu_skill_x,edu_isced11_4,2010,16.264
tza,sex_t,ocu_skill_x,edu_isced11_4,2012,16.811
tza,sex_t,ocu_skill_x,edu_isced11_4,2020,11.074
tza,sex_t,ocu_skill_x,edu_isced11_5,2020,18.932
tza,sex_t,ocu_skill_x,edu_isced11_5,2024,1.257
tza,sex_t,ocu_skill_x,edu_isced11_6,2010,14.404
tza,sex_t,ocu_skill_x,edu_isced11_6,2012,13.996
tza,sex_t,ocu_skill_x,edu_isced11_6,2020,8.134
tza,sex_t,ocu_skill_x,edu_isced11_9,2010,31.101
tza,sex_t,ocu_skill_x,edu_isced11_9,2012,10.389
tza,sex_t,ocu_skill_x,edu_isced11_9,2020,271.104
tza,sex_t,ocu_skill_x,edu_isced11_total,2010,15172.533
tza,sex_t,ocu_skill_x,edu_isced11_total,2012,4656.581
tza,sex_t,ocu_skill_x,edu_isced11_total,2020,1199.403
tza,sex_t,ocu_skill_x,edu_isced11_total,2024,8.596
tza,sex_t,ocu_skill_x,edu_isced11_x,2010,3492.24
tza,sex_t,ocu_skill_x,edu_isced11_x,2012,683.051
tza,sex_t,ocu_skill_x,edu_isced11_x,2020,184.845
tza,sex_t,ocu_skill_x,edu_isced97_0,2001,11.744
tza,sex_t,ocu_skill_x,edu_isced97_0,2006,6.182
tza,sex_t,ocu_skill_x,edu_isced97_1,2001,3.346
tza,sex_t,ocu_skill_x,edu_isced97_2,2001,3.81
tza,sex_t,ocu_skill_x,edu_isced97_2,2006,6.508
tza,sex_t,ocu_skill_x,edu_isced97_total,2001,19.696
tza,sex_t,ocu_skill_x,edu_isced97_total,2006,14.356
