ref_area,sex,classif1,classif2,time,how_xees_sex_ocu_mts_nb
irq,sex_f,ocu_isco08_1,mts_aggregate_1,2012,31.26
irq,sex_f,ocu_isco08_1,mts_aggregate_2,2012,32.35
irq,sex_f,ocu_isco08_1,mts_aggregate_2,2021,15.42
irq,sex_f,ocu_isco08_1,mts_aggregate_total,2012,31.88
irq,sex_f,ocu_isco08_1,mts_aggregate_total,2021,15.53
irq,sex_f,ocu_isco08_1,mts_details_mrd,2012,32.35
irq,sex_f,ocu_isco08_1,mts_details_mrd,2021,15.42
irq,sex_f,ocu_isco08_1,mts_details_sgle,2012,30.47
irq,sex_f,ocu_isco08_1,mts_details_total,2012,31.88
irq,sex_f,ocu_isco08_1,mts_details_total,2021,15.53
irq,sex_f,ocu_isco08_1,mts_details_wid,2012,33.6
irq,sex_f,ocu_isco08_2,mts_aggregate_1,2012,30.71
irq,sex_f,ocu_isco08_2,mts_aggregate_1,2021,23.67
irq,sex_f,ocu_isco08_2,mts_aggregate_2,2012,26.95
irq,sex_f,ocu_isco08_2,mts_aggregate_2,2021,19.26
irq,sex_f,ocu_isco08_2,mts_aggregate_total,2012,28.28
irq,sex_f,ocu_isco08_2,mts_aggregate_total,2021,20.53
irq,sex_f,ocu_isco08_2,mts_details_mrd,2012,26.95
irq,sex_f,ocu_isco08_2,mts_details_mrd,2021,19.26
irq,sex_f,ocu_isco08_2,mts_details_sep,2012,33.07
irq,sex_f,ocu_isco08_2,mts_details_sep,2021,18.84
irq,sex_f,ocu_isco08_2,mts_details_sgle,2012,30.7
irq,sex_f,ocu_isco08_2,mts_details_sgle,2021,23.25
irq,sex_f,ocu_isco08_2,mts_details_total,2012,28.28
irq,sex_f,ocu_isco08_2,mts_details_total,2021,20.53
irq,sex_f,ocu_isco08_2,mts_details_wid,2012,28.59
irq,sex_f,ocu_isco08_2,mts_details_wid,2021,27.53
irq,sex_f,ocu_isco08_3,mts_aggregate_1,2012,34.33
irq,sex_f,ocu_isco08_3,mts_aggregate_1,2021,28.64
irq,sex_f,ocu_isco08_3,mts_aggregate_2,2012,33.14
irq,sex_f,ocu_isco08_3,mts_aggregate_2,2021,20.16
irq,sex_f,ocu_isco08_3,mts_aggregate_total,2012,33.67
irq,sex_f,ocu_isco08_3,mts_aggregate_total,2021,23.74
irq,sex_f,ocu_isco08_3,mts_details_mrd,2012,33.14
irq,sex_f,ocu_isco08_3,mts_details_mrd,2021,20.16
irq,sex_f,ocu_isco08_3,mts_details_sep,2012,32.94
irq,sex_f,ocu_isco08_3,mts_details_sgle,2012,33.41
irq,sex_f,ocu_isco08_3,mts_details_sgle,2021,29.72
irq,sex_f,ocu_isco08_3,mts_details_total,2012,33.67
irq,sex_f,ocu_isco08_3,mts_details_total,2021,23.74
irq,sex_f,ocu_isco08_3,mts_details_wid,2012,38.26
irq,sex_f,ocu_isco08_4,mts_aggregate_1,2012,31.52
irq,sex_f,ocu_isco08_4,mts_aggregate_1,2021,23.79
irq,sex_f,ocu_isco08_4,mts_aggregate_2,2012,32.86
irq,sex_f,ocu_isco08_4,mts_aggregate_2,2021,17.73
irq,sex_f,ocu_isco08_4,mts_aggregate_total,2012,32.38
irq,sex_f,ocu_isco08_4,mts_aggregate_total,2021,21.32
irq,sex_f,ocu_isco08_4,mts_details_mrd,2012,32.86
irq,sex_f,ocu_isco08_4,mts_details_mrd,2021,17.73
irq,sex_f,ocu_isco08_4,mts_details_sep,2012,22.99
irq,sex_f,ocu_isco08_4,mts_details_sgle,2012,32.88
irq,sex_f,ocu_isco08_4,mts_details_sgle,2021,18.33
irq,sex_f,ocu_isco08_4,mts_details_total,2012,32.38
irq,sex_f,ocu_isco08_4,mts_details_total,2021,21.32
irq,sex_f,ocu_isco08_4,mts_details_wid,2012,32.98
irq,sex_f,ocu_isco08_5,mts_aggregate_1,2012,40.89
irq,sex_f,ocu_isco08_5,mts_aggregate_1,2021,28.27
irq,sex_f,ocu_isco08_5,mts_aggregate_2,2012,40.19
irq,sex_f,ocu_isco08_5,mts_aggregate_2,2021,20.5
irq,sex_f,ocu_isco08_5,mts_aggregate_total,2012,40.48
irq,sex_f,ocu_isco08_5,mts_aggregate_total,2021,24.13
irq,sex_f,ocu_isco08_5,mts_details_mrd,2012,40.19
irq,sex_f,ocu_isco08_5,mts_details_mrd,2021,20.5
irq,sex_f,ocu_isco08_5,mts_details_sgle,2012,37.6
irq,sex_f,ocu_isco08_5,mts_details_sgle,2021,27.35
irq,sex_f,ocu_isco08_5,mts_details_total,2012,40.48
irq,sex_f,ocu_isco08_5,mts_details_total,2021,24.13
irq,sex_f,ocu_isco08_5,mts_details_wid,2012,49.09
irq,sex_f,ocu_isco08_6,mts_aggregate_1,2012,38.27
irq,sex_f,ocu_isco08_6,mts_aggregate_2,2012,29.79
irq,sex_f,ocu_isco08_6,mts_aggregate_total,2012,33.18
irq,sex_f,ocu_isco08_6,mts_aggregate_total,2021,18.44
irq,sex_f,ocu_isco08_6,mts_details_mrd,2012,29.79
irq,sex_f,ocu_isco08_6,mts_details_sgle,2012,36.93
irq,sex_f,ocu_isco08_6,mts_details_total,2012,33.18
irq,sex_f,ocu_isco08_6,mts_details_total,2021,18.44
irq,sex_f,ocu_isco08_7,mts_aggregate_1,2012,32.84
irq,sex_f,ocu_isco08_7,mts_aggregate_1,2021,20.16
irq,sex_f,ocu_isco08_7,mts_aggregate_2,2012,31.58
irq,sex_f,ocu_isco08_7,mts_aggregate_2,2021,28.98
irq,sex_f,ocu_isco08_7,mts_aggregate_total,2012,32.21
irq,sex_f,ocu_isco08_7,mts_aggregate_total,2021,25.58
irq,sex_f,ocu_isco08_7,mts_details_mrd,2012,31.58
irq,sex_f,ocu_isco08_7,mts_details_mrd,2021,28.98
irq,sex_f,ocu_isco08_7,mts_details_sgle,2012,31.13
irq,sex_f,ocu_isco08_7,mts_details_total,2012,32.21
irq,sex_f,ocu_isco08_7,mts_details_total,2021,25.58
irq,sex_f,ocu_isco08_7,mts_details_wid,2012,36.54
irq,sex_f,ocu_isco08_8,mts_aggregate_1,2012,34.8
irq,sex_f,ocu_isco08_8,mts_aggregate_2,2012,36.45
irq,sex_f,ocu_isco08_8,mts_aggregate_total,2012,35.54
irq,sex_f,ocu_isco08_8,mts_details_mrd,2012,36.45
irq,sex_f,ocu_isco08_8,mts_details_total,2012,35.54
irq,sex_f,ocu_isco08_9,mts_aggregate_1,2012,32.2
irq,sex_f,ocu_isco08_9,mts_aggregate_1,2021,22.71
irq,sex_f,ocu_isco08_9,mts_aggregate_2,2012,29.61
irq,sex_f,ocu_isco08_9,mts_aggregate_2,2021,14.22
irq,sex_f,ocu_isco08_9,mts_aggregate_total,2012,30.92
irq,sex_f,ocu_isco08_9,mts_aggregate_total,2021,18.35
irq,sex_f,ocu_isco08_9,mts_details_mrd,2012,29.61
irq,sex_f,ocu_isco08_9,mts_details_mrd,2021,14.22
irq,sex_f,ocu_isco08_9,mts_details_sep,2012,28.35
irq,sex_f,ocu_isco08_9,mts_details_sgle,2012,39.33
irq,sex_f,ocu_isco08_9,mts_details_sgle,2021,24.15
irq,sex_f,ocu_isco08_9,mts_details_total,2012,30.92
irq,sex_f,ocu_isco08_9,mts_details_total,2021,18.35
irq,sex_f,ocu_isco08_9,mts_details_wid,2012,31.35
irq,sex_f,ocu_isco08_9,mts_details_wid,2021,21.14
irq,sex_f,ocu_isco08_total,mts_aggregate_1,2012,32.17
irq,sex_f,ocu_isco08_total,mts_aggregate_1,2021,23.89
irq,sex_f,ocu_isco08_total,mts_aggregate_2,2012,29.45
irq,sex_f,ocu_isco08_total,mts_aggregate_2,2021,19.59
irq,sex_f,ocu_isco08_total,mts_aggregate_total,2012,30.51
irq,sex_f,ocu_isco08_total,mts_aggregate_total,2021,21.03
irq,sex_f,ocu_isco08_total,mts_details_mrd,2012,29.45
irq,sex_f,ocu_isco08_total,mts_details_mrd,2021,19.59
irq,sex_f,ocu_isco08_total,mts_details_sep,2012,31.11
irq,sex_f,ocu_isco08_total,mts_details_sep,2021,28.25
irq,sex_f,ocu_isco08_total,mts_details_sgle,2012,32.08
irq,sex_f,ocu_isco08_total,mts_details_sgle,2021,23.14
irq,sex_f,ocu_isco08_total,mts_details_total,2012,30.51
irq,sex_f,ocu_isco08_total,mts_details_total,2021,21.03
irq,sex_f,ocu_isco08_total,mts_details_wid,2012,33.1
irq,sex_f,ocu_isco08_total,mts_details_wid,2021,24.31
irq,sex_f,ocu_isco08_x,mts_aggregate_total,2021,23.71
irq,sex_f,ocu_isco08_x,mts_details_total,2021,23.71
irq,sex_f,ocu_isco88_1,mts_aggregate_1,2007,33.51
irq,sex_f,ocu_isco88_1,mts_aggregate_2,2007,31.39
irq,sex_f,ocu_isco88_1,mts_aggregate_total,2007,32.47
irq,sex_f,ocu_isco88_1,mts_details_mrd,2007,31.39
irq,sex_f,ocu_isco88_1,mts_details_sgle,2007,33.51
irq,sex_f,ocu_isco88_1,mts_details_total,2007,32.47
irq,sex_f,ocu_isco88_2,mts_aggregate_1,2007,27.19
irq,sex_f,ocu_isco88_2,mts_aggregate_2,2007,26.32
irq,sex_f,ocu_isco88_2,mts_aggregate_total,2007,26.68
irq,sex_f,ocu_isco88_2,mts_details_mrd,2007,26.32
irq,sex_f,ocu_isco88_2,mts_details_sep,2007,25.8
irq,sex_f,ocu_isco88_2,mts_details_sgle,2007,27.32
irq,sex_f,ocu_isco88_2,mts_details_total,2007,26.68
irq,sex_f,ocu_isco88_2,mts_details_wid,2007,26.61
irq,sex_f,ocu_isco88_3,mts_aggregate_1,2007,32.37
irq,sex_f,ocu_isco88_3,mts_aggregate_2,2007,30.37
irq,sex_f,ocu_isco88_3,mts_aggregate_total,2007,31.32
irq,sex_f,ocu_isco88_3,mts_details_mrd,2007,30.37
irq,sex_f,ocu_isco88_3,mts_details_sgle,2007,32.27
irq,sex_f,ocu_isco88_3,mts_details_total,2007,31.32
irq,sex_f,ocu_isco88_3,mts_details_wid,2007,32.88
irq,sex_f,ocu_isco88_4,mts_aggregate_1,2007,32.06
irq,sex_f,ocu_isco88_4,mts_aggregate_2,2007,30.48
irq,sex_f,ocu_isco88_4,mts_aggregate_total,2007,31.3
irq,sex_f,ocu_isco88_4,mts_details_mrd,2007,30.48
irq,sex_f,ocu_isco88_4,mts_details_sep,2007,35.35
irq,sex_f,ocu_isco88_4,mts_details_sgle,2007,31.72
irq,sex_f,ocu_isco88_4,mts_details_total,2007,31.3
irq,sex_f,ocu_isco88_4,mts_details_wid,2007,32.84
irq,sex_f,ocu_isco88_5,mts_aggregate_1,2007,41.51
irq,sex_f,ocu_isco88_5,mts_aggregate_2,2007,35.24
irq,sex_f,ocu_isco88_5,mts_aggregate_total,2007,39.34
irq,sex_f,ocu_isco88_5,mts_details_mrd,2007,35.24
irq,sex_f,ocu_isco88_5,mts_details_sgle,2007,50.11
irq,sex_f,ocu_isco88_5,mts_details_total,2007,39.34
irq,sex_f,ocu_isco88_5,mts_details_wid,2007,23.68
irq,sex_f,ocu_isco88_6,mts_aggregate_1,2007,41.13
irq,sex_f,ocu_isco88_6,mts_aggregate_2,2007,34.16
irq,sex_f,ocu_isco88_6,mts_aggregate_total,2007,37.96
irq,sex_f,ocu_isco88_6,mts_details_mrd,2007,34.16
irq,sex_f,ocu_isco88_6,mts_details_sgle,2007,39.11
irq,sex_f,ocu_isco88_6,mts_details_total,2007,37.96
irq,sex_f,ocu_isco88_7,mts_aggregate_1,2007,36.44
irq,sex_f,ocu_isco88_7,mts_aggregate_2,2007,32.54
irq,sex_f,ocu_isco88_7,mts_aggregate_total,2007,35.45
irq,sex_f,ocu_isco88_7,mts_details_mrd,2007,32.54
irq,sex_f,ocu_isco88_7,mts_details_sgle,2007,37.12
irq,sex_f,ocu_isco88_7,mts_details_total,2007,35.45
irq,sex_f,ocu_isco88_7,mts_details_wid,2007,30.75
irq,sex_f,ocu_isco88_8,mts_aggregate_1,2007,39.84
irq,sex_f,ocu_isco88_8,mts_aggregate_2,2007,30.68
irq,sex_f,ocu_isco88_8,mts_aggregate_total,2007,36.5
irq,sex_f,ocu_isco88_8,mts_details_mrd,2007,30.68
irq,sex_f,ocu_isco88_8,mts_details_total,2007,36.5
irq,sex_f,ocu_isco88_9,mts_aggregate_1,2007,37.63
irq,sex_f,ocu_isco88_9,mts_aggregate_2,2007,32.48
irq,sex_f,ocu_isco88_9,mts_aggregate_total,2007,35.13
irq,sex_f,ocu_isco88_9,mts_details_mrd,2007,32.48
irq,sex_f,ocu_isco88_9,mts_details_sep,2007,37.62
irq,sex_f,ocu_isco88_9,mts_details_sgle,2007,31.94
irq,sex_f,ocu_isco88_9,mts_details_total,2007,35.13
irq,sex_f,ocu_isco88_9,mts_details_wid,2007,39.34
irq,sex_f,ocu_isco88_total,mts_aggregate_1,2007,30.26
irq,sex_f,ocu_isco88_total,mts_aggregate_2,2007,27.87
irq,sex_f,ocu_isco88_total,mts_aggregate_total,2007,28.96
irq,sex_f,ocu_isco88_total,mts_details_mrd,2007,27.87
irq,sex_f,ocu_isco88_total,mts_details_sep,2007,33.26
irq,sex_f,ocu_isco88_total,mts_details_sgle,2007,29.77
irq,sex_f,ocu_isco88_total,mts_details_total,2007,28.96
irq,sex_f,ocu_isco88_total,mts_details_wid,2007,31.89
irq,sex_f,ocu_skill_l1,mts_aggregate_1,2007,37.63
irq,sex_f,ocu_skill_l1,mts_aggregate_1,2012,32.2
irq,sex_f,ocu_skill_l1,mts_aggregate_1,2021,22.71
irq,sex_f,ocu_skill_l1,mts_aggregate_2,2007,32.48
irq,sex_f,ocu_skill_l1,mts_aggregate_2,2012,29.61
irq,sex_f,ocu_skill_l1,mts_aggregate_2,2021,14.22
irq,sex_f,ocu_skill_l1,mts_aggregate_total,2007,35.13
irq,sex_f,ocu_skill_l1,mts_aggregate_total,2012,30.92
irq,sex_f,ocu_skill_l1,mts_aggregate_total,2021,18.35
irq,sex_f,ocu_skill_l1,mts_details_mrd,2007,32.48
irq,sex_f,ocu_skill_l1,mts_details_mrd,2012,29.61
irq,sex_f,ocu_skill_l1,mts_details_mrd,2021,14.22
irq,sex_f,ocu_skill_l1,mts_details_sep,2007,37.62
irq,sex_f,ocu_skill_l1,mts_details_sep,2012,28.35
irq,sex_f,ocu_skill_l1,mts_details_sgle,2007,31.94
irq,sex_f,ocu_skill_l1,mts_details_sgle,2012,39.33
irq,sex_f,ocu_skill_l1,mts_details_sgle,2021,24.15
irq,sex_f,ocu_skill_l1,mts_details_total,2007,35.13
irq,sex_f,ocu_skill_l1,mts_details_total,2012,30.92
irq,sex_f,ocu_skill_l1,mts_details_total,2021,18.35
irq,sex_f,ocu_skill_l1,mts_details_wid,2007,39.34
irq,sex_f,ocu_skill_l1,mts_details_wid,2012,31.35
irq,sex_f,ocu_skill_l1,mts_details_wid,2021,21.14
irq,sex_f,ocu_skill_l2,mts_aggregate_1,2007,34
irq,sex_f,ocu_skill_l2,mts_aggregate_1,2012,34.65
irq,sex_f,ocu_skill_l2,mts_aggregate_1,2021,24.32
irq,sex_f,ocu_skill_l2,mts_aggregate_2,2007,31.01
irq,sex_f,ocu_skill_l2,mts_aggregate_2,2012,34.14
irq,sex_f,ocu_skill_l2,mts_aggregate_2,2021,20.52
irq,sex_f,ocu_skill_l2,mts_aggregate_total,2007,32.68
irq,sex_f,ocu_skill_l2,mts_aggregate_total,2012,34.34
irq,sex_f,ocu_skill_l2,mts_aggregate_total,2021,22.44
irq,sex_f,ocu_skill_l2,mts_details_mrd,2007,31.01
irq,sex_f,ocu_skill_l2,mts_details_mrd,2012,34.14
irq,sex_f,ocu_skill_l2,mts_details_mrd,2021,20.52
irq,sex_f,ocu_skill_l2,mts_details_sep,2007,39.07
irq,sex_f,ocu_skill_l2,mts_details_sep,2012,29.54
irq,sex_f,ocu_skill_l2,mts_details_sep,2021,36.29
irq,sex_f,ocu_skill_l2,mts_details_sgle,2007,33.97
irq,sex_f,ocu_skill_l2,mts_details_sgle,2012,34.27
irq,sex_f,ocu_skill_l2,mts_details_sgle,2021,20.81
irq,sex_f,ocu_skill_l2,mts_details_total,2007,32.68
irq,sex_f,ocu_skill_l2,mts_details_total,2012,34.34
irq,sex_f,ocu_skill_l2,mts_details_total,2021,22.44
irq,sex_f,ocu_skill_l2,mts_details_wid,2007,31.7
irq,sex_f,ocu_skill_l2,mts_details_wid,2012,39.71
irq,sex_f,ocu_skill_l2,mts_details_wid,2021,23.98
irq,sex_f,ocu_skill_l3_4,mts_aggregate_1,2007,28.04
irq,sex_f,ocu_skill_l3_4,mts_aggregate_1,2012,31.41
irq,sex_f,ocu_skill_l3_4,mts_aggregate_1,2021,23.89
irq,sex_f,ocu_skill_l3_4,mts_aggregate_2,2007,26.85
irq,sex_f,ocu_skill_l3_4,mts_aggregate_2,2012,28.23
irq,sex_f,ocu_skill_l3_4,mts_aggregate_2,2021,19.16
irq,sex_f,ocu_skill_l3_4,mts_aggregate_total,2007,27.35
irq,sex_f,ocu_skill_l3_4,mts_aggregate_total,2012,29.41
irq,sex_f,ocu_skill_l3_4,mts_aggregate_total,2021,20.54
irq,sex_f,ocu_skill_l3_4,mts_details_mrd,2007,26.85
irq,sex_f,ocu_skill_l3_4,mts_details_mrd,2012,28.23
irq,sex_f,ocu_skill_l3_4,mts_details_mrd,2021,19.16
irq,sex_f,ocu_skill_l3_4,mts_details_sep,2007,25.89
irq,sex_f,ocu_skill_l3_4,mts_details_sep,2012,33.02
irq,sex_f,ocu_skill_l3_4,mts_details_sep,2021,19.58
irq,sex_f,ocu_skill_l3_4,mts_details_sgle,2007,28.14
irq,sex_f,ocu_skill_l3_4,mts_details_sgle,2012,31.14
irq,sex_f,ocu_skill_l3_4,mts_details_sgle,2021,23.8
irq,sex_f,ocu_skill_l3_4,mts_details_total,2007,27.35
irq,sex_f,ocu_skill_l3_4,mts_details_total,2012,29.41
irq,sex_f,ocu_skill_l3_4,mts_details_total,2021,20.54
irq,sex_f,ocu_skill_l3_4,mts_details_wid,2007,27.87
irq,sex_f,ocu_skill_l3_4,mts_details_wid,2012,31.76
irq,sex_f,ocu_skill_l3_4,mts_details_wid,2021,25.79
irq,sex_f,ocu_skill_total,mts_aggregate_1,2007,30.26
irq,sex_f,ocu_skill_total,mts_aggregate_1,2012,32.17
irq,sex_f,ocu_skill_total,mts_aggregate_1,2021,23.89
irq,sex_f,ocu_skill_total,mts_aggregate_2,2007,27.87
irq,sex_f,ocu_skill_total,mts_aggregate_2,2012,29.45
irq,sex_f,ocu_skill_total,mts_aggregate_2,2021,19.59
irq,sex_f,ocu_skill_total,mts_aggregate_total,2007,28.96
irq,sex_f,ocu_skill_total,mts_aggregate_total,2012,30.51
irq,sex_f,ocu_skill_total,mts_aggregate_total,2021,21.03
irq,sex_f,ocu_skill_total,mts_details_mrd,2007,27.87
irq,sex_f,ocu_skill_total,mts_details_mrd,2012,29.45
irq,sex_f,ocu_skill_total,mts_details_mrd,2021,19.59
irq,sex_f,ocu_skill_total,mts_details_sep,2007,33.26
irq,sex_f,ocu_skill_total,mts_details_sep,2012,31.11
irq,sex_f,ocu_skill_total,mts_details_sep,2021,28.25
irq,sex_f,ocu_skill_total,mts_details_sgle,2007,29.77
irq,sex_f,ocu_skill_total,mts_details_sgle,2012,32.08
irq,sex_f,ocu_skill_total,mts_details_sgle,2021,23.14
irq,sex_f,ocu_skill_total,mts_details_total,2007,28.96
irq,sex_f,ocu_skill_total,mts_details_total,2012,30.51
irq,sex_f,ocu_skill_total,mts_details_total,2021,21.03
irq,sex_f,ocu_skill_total,mts_details_wid,2007,31.89
irq,sex_f,ocu_skill_total,mts_details_wid,2012,33.1
irq,sex_f,ocu_skill_total,mts_details_wid,2021,24.31
irq,sex_f,ocu_skill_x,mts_aggregate_2,2021,35.74
irq,sex_f,ocu_skill_x,mts_aggregate_total,2012,33.05
irq,sex_f,ocu_skill_x,mts_aggregate_total,2021,33.41
irq,sex_f,ocu_skill_x,mts_details_mrd,2021,35.74
irq,sex_f,ocu_skill_x,mts_details_total,2012,33.05
irq,sex_f,ocu_skill_x,mts_details_total,2021,33.41
irq,sex_m,ocu_isco08_0,mts_aggregate_1,2012,49.03
irq,sex_m,ocu_isco08_0,mts_aggregate_1,2021,47.52
irq,sex_m,ocu_isco08_0,mts_aggregate_2,2012,50.77
irq,sex_m,ocu_isco08_0,mts_aggregate_2,2021,49.21
irq,sex_m,ocu_isco08_0,mts_aggregate_total,2012,50.44
irq,sex_m,ocu_isco08_0,mts_aggregate_total,2021,49.05
irq,sex_m,ocu_isco08_0,mts_details_mrd,2012,50.77
irq,sex_m,ocu_isco08_0,mts_details_mrd,2021,49.21
irq,sex_m,ocu_isco08_0,mts_details_sep,2012,51.3
irq,sex_m,ocu_isco08_0,mts_details_sgle,2012,48.8
irq,sex_m,ocu_isco08_0,mts_details_sgle,2021,47.42
irq,sex_m,ocu_isco08_0,mts_details_total,2012,50.44
irq,sex_m,ocu_isco08_0,mts_details_total,2021,49.05
irq,sex_m,ocu_isco08_1,mts_aggregate_1,2012,41.56
irq,sex_m,ocu_isco08_1,mts_aggregate_2,2012,37.43
irq,sex_m,ocu_isco08_1,mts_aggregate_2,2021,23.24
irq,sex_m,ocu_isco08_1,mts_aggregate_total,2012,37.91
irq,sex_m,ocu_isco08_1,mts_aggregate_total,2021,23.26
irq,sex_m,ocu_isco08_1,mts_details_mrd,2012,37.43
irq,sex_m,ocu_isco08_1,mts_details_mrd,2021,23.24
irq,sex_m,ocu_isco08_1,mts_details_sgle,2012,41.48
irq,sex_m,ocu_isco08_1,mts_details_total,2012,37.91
irq,sex_m,ocu_isco08_1,mts_details_total,2021,23.26
irq,sex_m,ocu_isco08_1,mts_details_wid,2012,42.4
irq,sex_m,ocu_isco08_2,mts_aggregate_1,2012,35.29
irq,sex_m,ocu_isco08_2,mts_aggregate_1,2021,28.8
irq,sex_m,ocu_isco08_2,mts_aggregate_2,2012,33.05
irq,sex_m,ocu_isco08_2,mts_aggregate_2,2021,23.65
irq,sex_m,ocu_isco08_2,mts_aggregate_total,2012,33.4
irq,sex_m,ocu_isco08_2,mts_aggregate_total,2021,24.52
irq,sex_m,ocu_isco08_2,mts_details_mrd,2012,33.05
irq,sex_m,ocu_isco08_2,mts_details_mrd,2021,23.65
irq,sex_m,ocu_isco08_2,mts_details_sep,2012,33.16
irq,sex_m,ocu_isco08_2,mts_details_sgle,2012,35.38
irq,sex_m,ocu_isco08_2,mts_details_sgle,2021,27.68
irq,sex_m,ocu_isco08_2,mts_details_total,2012,33.4
irq,sex_m,ocu_isco08_2,mts_details_total,2021,24.52
irq,sex_m,ocu_isco08_2,mts_details_wid,2012,33.04
irq,sex_m,ocu_isco08_2,mts_details_wid,2021,33.64
irq,sex_m,ocu_isco08_3,mts_aggregate_1,2012,42.18
irq,sex_m,ocu_isco08_3,mts_aggregate_1,2021,29.47
irq,sex_m,ocu_isco08_3,mts_aggregate_2,2012,38.94
irq,sex_m,ocu_isco08_3,mts_aggregate_2,2021,36.12
irq,sex_m,ocu_isco08_3,mts_aggregate_total,2012,39.54
irq,sex_m,ocu_isco08_3,mts_aggregate_total,2021,35.02
irq,sex_m,ocu_isco08_3,mts_details_mrd,2012,38.94
irq,sex_m,ocu_isco08_3,mts_details_mrd,2021,36.12
irq,sex_m,ocu_isco08_3,mts_details_sep,2012,39.32
irq,sex_m,ocu_isco08_3,mts_details_sgle,2012,42.46
irq,sex_m,ocu_isco08_3,mts_details_sgle,2021,29.16
irq,sex_m,ocu_isco08_3,mts_details_total,2012,39.54
irq,sex_m,ocu_isco08_3,mts_details_total,2021,35.02
irq,sex_m,ocu_isco08_4,mts_aggregate_1,2012,37.28
irq,sex_m,ocu_isco08_4,mts_aggregate_1,2021,19.73
irq,sex_m,ocu_isco08_4,mts_aggregate_2,2012,37.4
irq,sex_m,ocu_isco08_4,mts_aggregate_2,2021,26.8
irq,sex_m,ocu_isco08_4,mts_aggregate_total,2012,37.38
irq,sex_m,ocu_isco08_4,mts_aggregate_total,2021,24.78
irq,sex_m,ocu_isco08_4,mts_details_mrd,2012,37.4
irq,sex_m,ocu_isco08_4,mts_details_mrd,2021,26.8
irq,sex_m,ocu_isco08_4,mts_details_sgle,2012,37.84
irq,sex_m,ocu_isco08_4,mts_details_sgle,2021,19.61
irq,sex_m,ocu_isco08_4,mts_details_total,2012,37.38
irq,sex_m,ocu_isco08_4,mts_details_total,2021,24.78
irq,sex_m,ocu_isco08_5,mts_aggregate_1,2012,51.21
irq,sex_m,ocu_isco08_5,mts_aggregate_1,2021,41.45
irq,sex_m,ocu_isco08_5,mts_aggregate_2,2012,53.26
irq,sex_m,ocu_isco08_5,mts_aggregate_2,2021,40.99
irq,sex_m,ocu_isco08_5,mts_aggregate_total,2012,52.71
irq,sex_m,ocu_isco08_5,mts_aggregate_total,2021,41.11
irq,sex_m,ocu_isco08_5,mts_details_mrd,2012,53.26
irq,sex_m,ocu_isco08_5,mts_details_mrd,2021,40.99
irq,sex_m,ocu_isco08_5,mts_details_sep,2012,42.74
irq,sex_m,ocu_isco08_5,mts_details_sgle,2012,51.52
irq,sex_m,ocu_isco08_5,mts_details_sgle,2021,40.88
irq,sex_m,ocu_isco08_5,mts_details_total,2012,52.71
irq,sex_m,ocu_isco08_5,mts_details_total,2021,41.11
irq,sex_m,ocu_isco08_5,mts_details_wid,2012,43.64
irq,sex_m,ocu_isco08_6,mts_aggregate_1,2012,41.73
irq,sex_m,ocu_isco08_6,mts_aggregate_1,2021,26.1
irq,sex_m,ocu_isco08_6,mts_aggregate_2,2012,43.73
irq,sex_m,ocu_isco08_6,mts_aggregate_2,2021,30.45
irq,sex_m,ocu_isco08_6,mts_aggregate_total,2012,43.11
irq,sex_m,ocu_isco08_6,mts_aggregate_total,2021,29.34
irq,sex_m,ocu_isco08_6,mts_details_mrd,2012,43.73
irq,sex_m,ocu_isco08_6,mts_details_mrd,2021,30.45
irq,sex_m,ocu_isco08_6,mts_details_sgle,2012,41.54
irq,sex_m,ocu_isco08_6,mts_details_sgle,2021,27.39
irq,sex_m,ocu_isco08_6,mts_details_total,2012,43.11
irq,sex_m,ocu_isco08_6,mts_details_total,2021,29.34
irq,sex_m,ocu_isco08_7,mts_aggregate_1,2012,44.59
irq,sex_m,ocu_isco08_7,mts_aggregate_1,2021,32.2
irq,sex_m,ocu_isco08_7,mts_aggregate_2,2012,46.3
irq,sex_m,ocu_isco08_7,mts_aggregate_2,2021,30.22
irq,sex_m,ocu_isco08_7,mts_aggregate_total,2012,45.62
irq,sex_m,ocu_isco08_7,mts_aggregate_total,2021,31.11
irq,sex_m,ocu_isco08_7,mts_details_mrd,2012,46.3
irq,sex_m,ocu_isco08_7,mts_details_mrd,2021,30.22
irq,sex_m,ocu_isco08_7,mts_details_sep,2012,45.34
irq,sex_m,ocu_isco08_7,mts_details_sep,2021,26.05
irq,sex_m,ocu_isco08_7,mts_details_sgle,2012,44.57
irq,sex_m,ocu_isco08_7,mts_details_sgle,2021,32.25
irq,sex_m,ocu_isco08_7,mts_details_total,2012,45.62
irq,sex_m,ocu_isco08_7,mts_details_total,2021,31.11
irq,sex_m,ocu_isco08_8,mts_aggregate_1,2012,49.88
irq,sex_m,ocu_isco08_8,mts_aggregate_1,2021,37.79
irq,sex_m,ocu_isco08_8,mts_aggregate_2,2012,46.57
irq,sex_m,ocu_isco08_8,mts_aggregate_2,2021,31.2
irq,sex_m,ocu_isco08_8,mts_aggregate_total,2012,47.07
irq,sex_m,ocu_isco08_8,mts_aggregate_total,2021,31.86
irq,sex_m,ocu_isco08_8,mts_details_mrd,2012,46.57
irq,sex_m,ocu_isco08_8,mts_details_mrd,2021,31.2
irq,sex_m,ocu_isco08_8,mts_details_sgle,2012,49.17
irq,sex_m,ocu_isco08_8,mts_details_sgle,2021,37.95
irq,sex_m,ocu_isco08_8,mts_details_total,2012,47.07
irq,sex_m,ocu_isco08_8,mts_details_total,2021,31.86
irq,sex_m,ocu_isco08_9,mts_aggregate_1,2012,42.15
irq,sex_m,ocu_isco08_9,mts_aggregate_1,2021,27.79
irq,sex_m,ocu_isco08_9,mts_aggregate_2,2012,41.93
irq,sex_m,ocu_isco08_9,mts_aggregate_2,2021,28.76
irq,sex_m,ocu_isco08_9,mts_aggregate_total,2012,42.02
irq,sex_m,ocu_isco08_9,mts_aggregate_total,2021,28.43
irq,sex_m,ocu_isco08_9,mts_details_mrd,2012,41.93
irq,sex_m,ocu_isco08_9,mts_details_mrd,2021,28.76
irq,sex_m,ocu_isco08_9,mts_details_sep,2012,45.92
irq,sex_m,ocu_isco08_9,mts_details_sgle,2012,42.11
irq,sex_m,ocu_isco08_9,mts_details_sgle,2021,28.94
irq,sex_m,ocu_isco08_9,mts_details_total,2012,42.02
irq,sex_m,ocu_isco08_9,mts_details_total,2021,28.43
irq,sex_m,ocu_isco08_9,mts_details_wid,2012,37.28
irq,sex_m,ocu_isco08_total,mts_aggregate_1,2012,44.72
irq,sex_m,ocu_isco08_total,mts_aggregate_1,2021,33.07
irq,sex_m,ocu_isco08_total,mts_aggregate_2,2012,44.41
irq,sex_m,ocu_isco08_total,mts_aggregate_2,2021,33.23
irq,sex_m,ocu_isco08_total,mts_aggregate_total,2012,44.49
irq,sex_m,ocu_isco08_total,mts_aggregate_total,2021,33.19
irq,sex_m,ocu_isco08_total,mts_details_mrd,2012,44.41
irq,sex_m,ocu_isco08_total,mts_details_mrd,2021,33.23
irq,sex_m,ocu_isco08_total,mts_details_sep,2012,43.77
irq,sex_m,ocu_isco08_total,mts_details_sep,2021,32.16
irq,sex_m,ocu_isco08_total,mts_details_sgle,2012,44.74
irq,sex_m,ocu_isco08_total,mts_details_sgle,2021,33.09
irq,sex_m,ocu_isco08_total,mts_details_total,2012,44.49
irq,sex_m,ocu_isco08_total,mts_details_total,2021,33.19
irq,sex_m,ocu_isco08_total,mts_details_wid,2012,44.46
irq,sex_m,ocu_isco08_total,mts_details_wid,2021,33.2
irq,sex_m,ocu_isco08_x,mts_aggregate_1,2021,34.28
irq,sex_m,ocu_isco08_x,mts_aggregate_2,2021,31.83
irq,sex_m,ocu_isco08_x,mts_aggregate_total,2021,32.44
irq,sex_m,ocu_isco08_x,mts_details_mrd,2021,31.83
irq,sex_m,ocu_isco08_x,mts_details_sgle,2021,33.69
irq,sex_m,ocu_isco08_x,mts_details_total,2021,32.44
irq,sex_m,ocu_isco88_1,mts_aggregate_1,2007,40.08
irq,sex_m,ocu_isco88_1,mts_aggregate_2,2007,38.33
irq,sex_m,ocu_isco88_1,mts_aggregate_total,2007,38.47
irq,sex_m,ocu_isco88_1,mts_details_mrd,2007,38.33
irq,sex_m,ocu_isco88_1,mts_details_sgle,2007,40.19
irq,sex_m,ocu_isco88_1,mts_details_total,2007,38.47
irq,sex_m,ocu_isco88_2,mts_aggregate_1,2007,33.73
irq,sex_m,ocu_isco88_2,mts_aggregate_2,2007,31.22
irq,sex_m,ocu_isco88_2,mts_aggregate_total,2007,31.71
irq,sex_m,ocu_isco88_2,mts_details_mrd,2007,31.22
irq,sex_m,ocu_isco88_2,mts_details_sgle,2007,34.02
irq,sex_m,ocu_isco88_2,mts_details_total,2007,31.71
irq,sex_m,ocu_isco88_2,mts_details_wid,2007,27.53
irq,sex_m,ocu_isco88_3,mts_aggregate_1,2007,50.22
irq,sex_m,ocu_isco88_3,mts_aggregate_2,2007,46.37
irq,sex_m,ocu_isco88_3,mts_aggregate_total,2007,47.32
irq,sex_m,ocu_isco88_3,mts_details_mrd,2007,46.37
irq,sex_m,ocu_isco88_3,mts_details_sgle,2007,50.49
irq,sex_m,ocu_isco88_3,mts_details_total,2007,47.32
irq,sex_m,ocu_isco88_3,mts_details_wid,2007,38.05
irq,sex_m,ocu_isco88_4,mts_aggregate_1,2007,35.14
irq,sex_m,ocu_isco88_4,mts_aggregate_2,2007,36.86
irq,sex_m,ocu_isco88_4,mts_aggregate_total,2007,36.56
irq,sex_m,ocu_isco88_4,mts_details_mrd,2007,36.86
irq,sex_m,ocu_isco88_4,mts_details_sgle,2007,35.19
irq,sex_m,ocu_isco88_4,mts_details_total,2007,36.56
irq,sex_m,ocu_isco88_5,mts_aggregate_1,2007,50.04
irq,sex_m,ocu_isco88_5,mts_aggregate_2,2007,51.37
irq,sex_m,ocu_isco88_5,mts_aggregate_total,2007,50.92
irq,sex_m,ocu_isco88_5,mts_details_mrd,2007,51.37
irq,sex_m,ocu_isco88_5,mts_details_sep,2007,45.94
irq,sex_m,ocu_isco88_5,mts_details_sgle,2007,50.15
irq,sex_m,ocu_isco88_5,mts_details_total,2007,50.92
irq,sex_m,ocu_isco88_5,mts_details_wid,2007,44.29
irq,sex_m,ocu_isco88_6,mts_aggregate_1,2007,43.06
irq,sex_m,ocu_isco88_6,mts_aggregate_2,2007,46.05
irq,sex_m,ocu_isco88_6,mts_aggregate_total,2007,45.13
irq,sex_m,ocu_isco88_6,mts_details_mrd,2007,46.05
irq,sex_m,ocu_isco88_6,mts_details_sgle,2007,43.75
irq,sex_m,ocu_isco88_6,mts_details_total,2007,45.13
irq,sex_m,ocu_isco88_7,mts_aggregate_1,2007,40.14
irq,sex_m,ocu_isco88_7,mts_aggregate_2,2007,41.62
irq,sex_m,ocu_isco88_7,mts_aggregate_total,2007,41.01
irq,sex_m,ocu_isco88_7,mts_details_mrd,2007,41.62
irq,sex_m,ocu_isco88_7,mts_details_sep,2007,40.52
irq,sex_m,ocu_isco88_7,mts_details_sgle,2007,40.13
irq,sex_m,ocu_isco88_7,mts_details_total,2007,41.01
irq,sex_m,ocu_isco88_7,mts_details_wid,2007,42.03
irq,sex_m,ocu_isco88_8,mts_aggregate_1,2007,41.04
irq,sex_m,ocu_isco88_8,mts_aggregate_2,2007,43.77
irq,sex_m,ocu_isco88_8,mts_aggregate_total,2007,43.21
irq,sex_m,ocu_isco88_8,mts_details_mrd,2007,43.77
irq,sex_m,ocu_isco88_8,mts_details_sep,2007,37.22
irq,sex_m,ocu_isco88_8,mts_details_sgle,2007,40.76
irq,sex_m,ocu_isco88_8,mts_details_total,2007,43.21
irq,sex_m,ocu_isco88_8,mts_details_wid,2007,52.07
irq,sex_m,ocu_isco88_9,mts_aggregate_1,2007,44.18
irq,sex_m,ocu_isco88_9,mts_aggregate_2,2007,44.97
irq,sex_m,ocu_isco88_9,mts_aggregate_total,2007,44.66
irq,sex_m,ocu_isco88_9,mts_details_mrd,2007,44.97
irq,sex_m,ocu_isco88_9,mts_details_sgle,2007,44.26
irq,sex_m,ocu_isco88_9,mts_details_total,2007,44.66
irq,sex_m,ocu_isco88_total,mts_aggregate_1,2007,42.82
irq,sex_m,ocu_isco88_total,mts_aggregate_2,2007,42.72
irq,sex_m,ocu_isco88_total,mts_aggregate_total,2007,42.75
irq,sex_m,ocu_isco88_total,mts_details_mrd,2007,42.72
irq,sex_m,ocu_isco88_total,mts_details_sep,2007,40.62
irq,sex_m,ocu_isco88_total,mts_details_sgle,2007,42.88
irq,sex_m,ocu_isco88_total,mts_details_total,2007,42.75
irq,sex_m,ocu_isco88_total,mts_details_wid,2007,39.56
irq,sex_m,ocu_skill_l1,mts_aggregate_1,2007,44.18
irq,sex_m,ocu_skill_l1,mts_aggregate_1,2012,42.15
irq,sex_m,ocu_skill_l1,mts_aggregate_1,2021,27.79
irq,sex_m,ocu_skill_l1,mts_aggregate_2,2007,44.97
irq,sex_m,ocu_skill_l1,mts_aggregate_2,2012,41.93
irq,sex_m,ocu_skill_l1,mts_aggregate_2,2021,28.76
irq,sex_m,ocu_skill_l1,mts_aggregate_total,2007,44.66
irq,sex_m,ocu_skill_l1,mts_aggregate_total,2012,42.02
irq,sex_m,ocu_skill_l1,mts_aggregate_total,2021,28.43
irq,sex_m,ocu_skill_l1,mts_details_mrd,2007,44.97
irq,sex_m,ocu_skill_l1,mts_details_mrd,2012,41.93
irq,sex_m,ocu_skill_l1,mts_details_mrd,2021,28.76
irq,sex_m,ocu_skill_l1,mts_details_sep,2012,45.92
irq,sex_m,ocu_skill_l1,mts_details_sgle,2007,44.26
irq,sex_m,ocu_skill_l1,mts_details_sgle,2012,42.11
irq,sex_m,ocu_skill_l1,mts_details_sgle,2021,28.94
irq,sex_m,ocu_skill_l1,mts_details_total,2007,44.66
irq,sex_m,ocu_skill_l1,mts_details_total,2012,42.02
irq,sex_m,ocu_skill_l1,mts_details_total,2021,28.43
irq,sex_m,ocu_skill_l1,mts_details_wid,2012,37.28
irq,sex_m,ocu_skill_l2,mts_aggregate_1,2007,42.76
irq,sex_m,ocu_skill_l2,mts_aggregate_1,2012,47.88
irq,sex_m,ocu_skill_l2,mts_aggregate_1,2021,34.04
irq,sex_m,ocu_skill_l2,mts_aggregate_2,2007,44.29
irq,sex_m,ocu_skill_l2,mts_aggregate_2,2012,48.97
irq,sex_m,ocu_skill_l2,mts_aggregate_2,2021,34.06
irq,sex_m,ocu_skill_l2,mts_aggregate_total,2007,43.78
irq,sex_m,ocu_skill_l2,mts_aggregate_total,2012,48.67
irq,sex_m,ocu_skill_l2,mts_aggregate_total,2021,34.05
irq,sex_m,ocu_skill_l2,mts_details_mrd,2007,44.29
irq,sex_m,ocu_skill_l2,mts_details_mrd,2012,48.97
irq,sex_m,ocu_skill_l2,mts_details_mrd,2021,34.06
irq,sex_m,ocu_skill_l2,mts_details_sep,2007,40.77
irq,sex_m,ocu_skill_l2,mts_details_sep,2012,45.41
irq,sex_m,ocu_skill_l2,mts_details_sep,2021,42.64
irq,sex_m,ocu_skill_l2,mts_details_sgle,2007,42.76
irq,sex_m,ocu_skill_l2,mts_details_sgle,2012,47.95
irq,sex_m,ocu_skill_l2,mts_details_sgle,2021,33.89
irq,sex_m,ocu_skill_l2,mts_details_total,2007,43.78
irq,sex_m,ocu_skill_l2,mts_details_total,2012,48.67
irq,sex_m,ocu_skill_l2,mts_details_total,2021,34.05
irq,sex_m,ocu_skill_l2,mts_details_wid,2007,44.13
irq,sex_m,ocu_skill_l2,mts_details_wid,2012,46.71
irq,sex_m,ocu_skill_l3_4,mts_aggregate_1,2007,42.31
irq,sex_m,ocu_skill_l3_4,mts_aggregate_1,2012,39.12
irq,sex_m,ocu_skill_l3_4,mts_aggregate_1,2021,28.96
irq,sex_m,ocu_skill_l3_4,mts_aggregate_2,2007,38.02
irq,sex_m,ocu_skill_l3_4,mts_aggregate_2,2012,36.06
irq,sex_m,ocu_skill_l3_4,mts_aggregate_2,2021,27.28
irq,sex_m,ocu_skill_l3_4,mts_aggregate_total,2007,38.94
irq,sex_m,ocu_skill_l3_4,mts_aggregate_total,2012,36.57
irq,sex_m,ocu_skill_l3_4,mts_aggregate_total,2021,27.55
irq,sex_m,ocu_skill_l3_4,mts_details_mrd,2007,38.02
irq,sex_m,ocu_skill_l3_4,mts_details_mrd,2012,36.06
irq,sex_m,ocu_skill_l3_4,mts_details_mrd,2021,27.28
irq,sex_m,ocu_skill_l3_4,mts_details_sep,2007,31.96
irq,sex_m,ocu_skill_l3_4,mts_details_sep,2012,37.76
irq,sex_m,ocu_skill_l3_4,mts_details_sep,2021,30.74
irq,sex_m,ocu_skill_l3_4,mts_details_sgle,2007,42.68
irq,sex_m,ocu_skill_l3_4,mts_details_sgle,2012,39.24
irq,sex_m,ocu_skill_l3_4,mts_details_sgle,2021,28.15
irq,sex_m,ocu_skill_l3_4,mts_details_total,2007,38.94
irq,sex_m,ocu_skill_l3_4,mts_details_total,2012,36.57
irq,sex_m,ocu_skill_l3_4,mts_details_total,2021,27.55
irq,sex_m,ocu_skill_l3_4,mts_details_wid,2007,31.75
irq,sex_m,ocu_skill_l3_4,mts_details_wid,2012,34.91
irq,sex_m,ocu_skill_l3_4,mts_details_wid,2021,33.74
irq,sex_m,ocu_skill_total,mts_aggregate_1,2007,42.82
irq,sex_m,ocu_skill_total,mts_aggregate_1,2012,44.72
irq,sex_m,ocu_skill_total,mts_aggregate_1,2021,33.07
irq,sex_m,ocu_skill_total,mts_aggregate_2,2007,42.72
irq,sex_m,ocu_skill_total,mts_aggregate_2,2012,44.41
irq,sex_m,ocu_skill_total,mts_aggregate_2,2021,33.23
irq,sex_m,ocu_skill_total,mts_aggregate_total,2007,42.75
irq,sex_m,ocu_skill_total,mts_aggregate_total,2012,44.49
irq,sex_m,ocu_skill_total,mts_aggregate_total,2021,33.19
irq,sex_m,ocu_skill_total,mts_details_mrd,2007,42.72
irq,sex_m,ocu_skill_total,mts_details_mrd,2012,44.41
irq,sex_m,ocu_skill_total,mts_details_mrd,2021,33.23
irq,sex_m,ocu_skill_total,mts_details_sep,2007,40.62
irq,sex_m,ocu_skill_total,mts_details_sep,2012,43.77
irq,sex_m,ocu_skill_total,mts_details_sep,2021,32.16
irq,sex_m,ocu_skill_total,mts_details_sgle,2007,42.88
irq,sex_m,ocu_skill_total,mts_details_sgle,2012,44.74
irq,sex_m,ocu_skill_total,mts_details_sgle,2021,33.09
irq,sex_m,ocu_skill_total,mts_details_total,2007,42.75
irq,sex_m,ocu_skill_total,mts_details_total,2012,44.49
irq,sex_m,ocu_skill_total,mts_details_total,2021,33.19
irq,sex_m,ocu_skill_total,mts_details_wid,2007,39.56
irq,sex_m,ocu_skill_total,mts_details_wid,2012,44.46
irq,sex_m,ocu_skill_total,mts_details_wid,2021,33.2
irq,sex_m,ocu_skill_x,mts_aggregate_1,2012,49.03
irq,sex_m,ocu_skill_x,mts_aggregate_1,2021,41.7
irq,sex_m,ocu_skill_x,mts_aggregate_2,2012,50.76
irq,sex_m,ocu_skill_x,mts_aggregate_2,2021,45.73
irq,sex_m,ocu_skill_x,mts_aggregate_total,2012,50.44
irq,sex_m,ocu_skill_x,mts_aggregate_total,2021,45.2
irq,sex_m,ocu_skill_x,mts_details_mrd,2012,50.76
irq,sex_m,ocu_skill_x,mts_details_mrd,2021,45.73
irq,sex_m,ocu_skill_x,mts_details_sep,2012,51.3
irq,sex_m,ocu_skill_x,mts_details_sgle,2012,48.8
irq,sex_m,ocu_skill_x,mts_details_sgle,2021,41.52
irq,sex_m,ocu_skill_x,mts_details_total,2012,50.44
irq,sex_m,ocu_skill_x,mts_details_total,2021,45.2
irq,sex_t,ocu_isco08_0,mts_aggregate_1,2012,49.03
irq,sex_t,ocu_isco08_0,mts_aggregate_1,2021,47.19
irq,sex_t,ocu_isco08_0,mts_aggregate_2,2012,50.64
irq,sex_t,ocu_isco08_0,mts_aggregate_2,2021,48.9
irq,sex_t,ocu_isco08_0,mts_aggregate_total,2012,50.34
irq,sex_t,ocu_isco08_0,mts_aggregate_total,2021,48.74
irq,sex_t,ocu_isco08_0,mts_details_mrd,2012,50.64
irq,sex_t,ocu_isco08_0,mts_details_mrd,2021,48.9
irq,sex_t,ocu_isco08_0,mts_details_sep,2012,51.3
irq,sex_t,ocu_isco08_0,mts_details_sgle,2012,48.8
irq,sex_t,ocu_isco08_0,mts_details_sgle,2021,47.09
irq,sex_t,ocu_isco08_0,mts_details_total,2012,50.34
irq,sex_t,ocu_isco08_0,mts_details_total,2021,48.74
irq,sex_t,ocu_isco08_1,mts_aggregate_1,2012,36.24
irq,sex_t,ocu_isco08_1,mts_aggregate_2,2012,36.61
irq,sex_t,ocu_isco08_1,mts_aggregate_2,2021,21.44
irq,sex_t,ocu_isco08_1,mts_aggregate_total,2012,36.54
irq,sex_t,ocu_isco08_1,mts_aggregate_total,2021,21.2
irq,sex_t,ocu_isco08_1,mts_details_mrd,2012,36.61
irq,sex_t,ocu_isco08_1,mts_details_mrd,2021,21.44
irq,sex_t,ocu_isco08_1,mts_details_sep,2012,36.08
irq,sex_t,ocu_isco08_1,mts_details_sgle,2012,36.52
irq,sex_t,ocu_isco08_1,mts_details_total,2012,36.54
irq,sex_t,ocu_isco08_1,mts_details_total,2021,21.2
irq,sex_t,ocu_isco08_1,mts_details_wid,2012,34.59
irq,sex_t,ocu_isco08_2,mts_aggregate_1,2012,32.55
irq,sex_t,ocu_isco08_2,mts_aggregate_1,2021,25.82
irq,sex_t,ocu_isco08_2,mts_aggregate_2,2012,30.99
irq,sex_t,ocu_isco08_2,mts_aggregate_2,2021,21.86
irq,sex_t,ocu_isco08_2,mts_aggregate_total,2012,31.36
irq,sex_t,ocu_isco08_2,mts_aggregate_total,2021,22.74
irq,sex_t,ocu_isco08_2,mts_details_mrd,2012,30.99
irq,sex_t,ocu_isco08_2,mts_details_mrd,2021,21.86
irq,sex_t,ocu_isco08_2,mts_details_sep,2012,33.09
irq,sex_t,ocu_isco08_2,mts_details_sep,2021,22.71
irq,sex_t,ocu_isco08_2,mts_details_sgle,2012,32.83
irq,sex_t,ocu_isco08_2,mts_details_sgle,2021,25.11
irq,sex_t,ocu_isco08_2,mts_details_total,2012,31.36
irq,sex_t,ocu_isco08_2,mts_details_total,2021,22.74
irq,sex_t,ocu_isco08_2,mts_details_wid,2012,28.92
irq,sex_t,ocu_isco08_2,mts_details_wid,2021,30.19
irq,sex_t,ocu_isco08_3,mts_aggregate_1,2012,40.22
irq,sex_t,ocu_isco08_3,mts_aggregate_1,2021,29.3
irq,sex_t,ocu_isco08_3,mts_aggregate_2,2012,38.44
irq,sex_t,ocu_isco08_3,mts_aggregate_2,2021,35.07
irq,sex_t,ocu_isco08_3,mts_aggregate_total,2012,38.83
irq,sex_t,ocu_isco08_3,mts_aggregate_total,2021,33.97
irq,sex_t,ocu_isco08_3,mts_details_mrd,2012,38.44
irq,sex_t,ocu_isco08_3,mts_details_mrd,2021,35.07
irq,sex_t,ocu_isco08_3,mts_details_sep,2012,37.73
irq,sex_t,ocu_isco08_3,mts_details_sgle,2012,40.57
irq,sex_t,ocu_isco08_3,mts_details_sgle,2021,29.27
irq,sex_t,ocu_isco08_3,mts_details_total,2012,38.83
irq,sex_t,ocu_isco08_3,mts_details_total,2021,33.97
irq,sex_t,ocu_isco08_3,mts_details_wid,2012,37.61
irq,sex_t,ocu_isco08_4,mts_aggregate_1,2012,34.68
irq,sex_t,ocu_isco08_4,mts_aggregate_1,2021,22.08
irq,sex_t,ocu_isco08_4,mts_aggregate_2,2012,36.17
irq,sex_t,ocu_isco08_4,mts_aggregate_2,2021,24.3
irq,sex_t,ocu_isco08_4,mts_aggregate_total,2012,35.8
irq,sex_t,ocu_isco08_4,mts_aggregate_total,2021,23.39
irq,sex_t,ocu_isco08_4,mts_details_mrd,2012,36.17
irq,sex_t,ocu_isco08_4,mts_details_mrd,2021,24.3
irq,sex_t,ocu_isco08_4,mts_details_sep,2012,21.13
irq,sex_t,ocu_isco08_4,mts_details_sep,2021,39.57
irq,sex_t,ocu_isco08_4,mts_details_sgle,2012,35.92
irq,sex_t,ocu_isco08_4,mts_details_sgle,2021,19.11
irq,sex_t,ocu_isco08_4,mts_details_total,2012,35.8
irq,sex_t,ocu_isco08_4,mts_details_total,2021,23.39
irq,sex_t,ocu_isco08_4,mts_details_wid,2012,36.12
irq,sex_t,ocu_isco08_5,mts_aggregate_1,2012,50.84
irq,sex_t,ocu_isco08_5,mts_aggregate_1,2021,40.67
irq,sex_t,ocu_isco08_5,mts_aggregate_2,2012,53.01
irq,sex_t,ocu_isco08_5,mts_aggregate_2,2021,40.52
irq,sex_t,ocu_isco08_5,mts_aggregate_total,2012,52.42
irq,sex_t,ocu_isco08_5,mts_aggregate_total,2021,40.56
irq,sex_t,ocu_isco08_5,mts_details_mrd,2012,53.01
irq,sex_t,ocu_isco08_5,mts_details_mrd,2021,40.52
irq,sex_t,ocu_isco08_5,mts_details_sep,2012,42.14
irq,sex_t,ocu_isco08_5,mts_details_sep,2021,46.8
irq,sex_t,ocu_isco08_5,mts_details_sgle,2012,51.19
irq,sex_t,ocu_isco08_5,mts_details_sgle,2021,40.29
irq,sex_t,ocu_isco08_5,mts_details_total,2012,52.42
irq,sex_t,ocu_isco08_5,mts_details_total,2021,40.56
irq,sex_t,ocu_isco08_5,mts_details_wid,2012,46.13
irq,sex_t,ocu_isco08_6,mts_aggregate_1,2012,40.89
irq,sex_t,ocu_isco08_6,mts_aggregate_1,2021,25.56
irq,sex_t,ocu_isco08_6,mts_aggregate_2,2012,41.23
irq,sex_t,ocu_isco08_6,mts_aggregate_2,2021,28.95
irq,sex_t,ocu_isco08_6,mts_aggregate_total,2012,41.12
irq,sex_t,ocu_isco08_6,mts_aggregate_total,2021,28.15
irq,sex_t,ocu_isco08_6,mts_details_mrd,2012,41.23
irq,sex_t,ocu_isco08_6,mts_details_mrd,2021,28.95
irq,sex_t,ocu_isco08_6,mts_details_sgle,2012,40.54
irq,sex_t,ocu_isco08_6,mts_details_sgle,2021,26.78
irq,sex_t,ocu_isco08_6,mts_details_total,2012,41.12
irq,sex_t,ocu_isco08_6,mts_details_total,2021,28.15
irq,sex_t,ocu_isco08_7,mts_aggregate_1,2012,44.34
irq,sex_t,ocu_isco08_7,mts_aggregate_1,2021,32.09
irq,sex_t,ocu_isco08_7,mts_aggregate_2,2012,46.09
irq,sex_t,ocu_isco08_7,mts_aggregate_2,2021,30.21
irq,sex_t,ocu_isco08_7,mts_aggregate_total,2012,45.39
irq,sex_t,ocu_isco08_7,mts_aggregate_total,2021,31.05
irq,sex_t,ocu_isco08_7,mts_details_mrd,2012,46.09
irq,sex_t,ocu_isco08_7,mts_details_mrd,2021,30.21
irq,sex_t,ocu_isco08_7,mts_details_sep,2012,42.77
irq,sex_t,ocu_isco08_7,mts_details_sep,2021,25.54
irq,sex_t,ocu_isco08_7,mts_details_sgle,2012,44.44
irq,sex_t,ocu_isco08_7,mts_details_sgle,2021,32.16
irq,sex_t,ocu_isco08_7,mts_details_total,2012,45.39
irq,sex_t,ocu_isco08_7,mts_details_total,2021,31.05
irq,sex_t,ocu_isco08_7,mts_details_wid,2012,38.28
irq,sex_t,ocu_isco08_8,mts_aggregate_1,2012,49.48
irq,sex_t,ocu_isco08_8,mts_aggregate_1,2021,37.79
irq,sex_t,ocu_isco08_8,mts_aggregate_2,2012,46.53
irq,sex_t,ocu_isco08_8,mts_aggregate_2,2021,31.2
irq,sex_t,ocu_isco08_8,mts_aggregate_total,2012,46.98
irq,sex_t,ocu_isco08_8,mts_aggregate_total,2021,31.86
irq,sex_t,ocu_isco08_8,mts_details_mrd,2012,46.53
irq,sex_t,ocu_isco08_8,mts_details_mrd,2021,31.2
irq,sex_t,ocu_isco08_8,mts_details_sep,2012,71.98
irq,sex_t,ocu_isco08_8,mts_details_sgle,2012,48.84
irq,sex_t,ocu_isco08_8,mts_details_sgle,2021,37.95
irq,sex_t,ocu_isco08_8,mts_details_total,2012,46.98
irq,sex_t,ocu_isco08_8,mts_details_total,2021,31.86
irq,sex_t,ocu_isco08_8,mts_details_wid,2012,50.9
irq,sex_t,ocu_isco08_9,mts_aggregate_1,2012,41.62
irq,sex_t,ocu_isco08_9,mts_aggregate_1,2021,27.34
irq,sex_t,ocu_isco08_9,mts_aggregate_2,2012,41.5
irq,sex_t,ocu_isco08_9,mts_aggregate_2,2021,28.01
irq,sex_t,ocu_isco08_9,mts_aggregate_total,2012,41.55
irq,sex_t,ocu_isco08_9,mts_aggregate_total,2021,27.77
irq,sex_t,ocu_isco08_9,mts_details_mrd,2012,41.5
irq,sex_t,ocu_isco08_9,mts_details_mrd,2021,28.01
irq,sex_t,ocu_isco08_9,mts_details_sep,2012,36.85
irq,sex_t,ocu_isco08_9,mts_details_sep,2021,12.16
irq,sex_t,ocu_isco08_9,mts_details_sgle,2012,42.08
irq,sex_t,ocu_isco08_9,mts_details_sgle,2021,28.85
irq,sex_t,ocu_isco08_9,mts_details_total,2012,41.55
irq,sex_t,ocu_isco08_9,mts_details_total,2021,27.77
irq,sex_t,ocu_isco08_9,mts_details_wid,2012,31.8
irq,sex_t,ocu_isco08_9,mts_details_wid,2021,21.14
irq,sex_t,ocu_isco08_total,mts_aggregate_1,2012,42.85
irq,sex_t,ocu_isco08_total,mts_aggregate_1,2021,31.69
irq,sex_t,ocu_isco08_total,mts_aggregate_2,2012,43.01
irq,sex_t,ocu_isco08_total,mts_aggregate_2,2021,31.55
irq,sex_t,ocu_isco08_total,mts_aggregate_total,2012,42.96
irq,sex_t,ocu_isco08_total,mts_aggregate_total,2021,31.59
irq,sex_t,ocu_isco08_total,mts_details_mrd,2012,43.01
irq,sex_t,ocu_isco08_total,mts_details_mrd,2021,31.55
irq,sex_t,ocu_isco08_total,mts_details_sep,2012,37.67
irq,sex_t,ocu_isco08_total,mts_details_sep,2021,30.64
irq,sex_t,ocu_isco08_total,mts_details_sgle,2012,43.35
irq,sex_t,ocu_isco08_total,mts_details_sgle,2021,32
irq,sex_t,ocu_isco08_total,mts_details_total,2012,42.96
irq,sex_t,ocu_isco08_total,mts_details_total,2021,31.59
irq,sex_t,ocu_isco08_total,mts_details_wid,2012,35.22
irq,sex_t,ocu_isco08_total,mts_details_wid,2021,26.57
irq,sex_t,ocu_isco08_x,mts_aggregate_1,2021,33
irq,sex_t,ocu_isco08_x,mts_aggregate_2,2021,31.69
irq,sex_t,ocu_isco08_x,mts_aggregate_total,2012,38.68
irq,sex_t,ocu_isco08_x,mts_aggregate_total,2021,32.01
irq,sex_t,ocu_isco08_x,mts_details_mrd,2021,31.69
irq,sex_t,ocu_isco08_x,mts_details_sgle,2021,32.53
irq,sex_t,ocu_isco08_x,mts_details_total,2012,38.68
irq,sex_t,ocu_isco08_x,mts_details_total,2021,32.01
irq,sex_t,ocu_isco88_1,mts_aggregate_1,2007,36.67
irq,sex_t,ocu_isco88_1,mts_aggregate_2,2007,37.75
irq,sex_t,ocu_isco88_1,mts_aggregate_total,2007,37.6
irq,sex_t,ocu_isco88_1,mts_details_mrd,2007,37.75
irq,sex_t,ocu_isco88_1,mts_details_sgle,2007,36.53
irq,sex_t,ocu_isco88_1,mts_details_total,2007,37.6
irq,sex_t,ocu_isco88_2,mts_aggregate_1,2007,29.77
irq,sex_t,ocu_isco88_2,mts_aggregate_2,2007,29.5
irq,sex_t,ocu_isco88_2,mts_aggregate_total,2007,29.58
irq,sex_t,ocu_isco88_2,mts_details_mrd,2007,29.5
irq,sex_t,ocu_isco88_2,mts_details_sep,2007,25.97
irq,sex_t,ocu_isco88_2,mts_details_sgle,2007,30.12
irq,sex_t,ocu_isco88_2,mts_details_total,2007,29.58
irq,sex_t,ocu_isco88_2,mts_details_wid,2007,26.79
irq,sex_t,ocu_isco88_3,mts_aggregate_1,2007,46.82
irq,sex_t,ocu_isco88_3,mts_aggregate_2,2007,45.1
irq,sex_t,ocu_isco88_3,mts_aggregate_total,2007,45.57
irq,sex_t,ocu_isco88_3,mts_details_mrd,2007,45.1
irq,sex_t,ocu_isco88_3,mts_details_sgle,2007,47.38
irq,sex_t,ocu_isco88_3,mts_details_total,2007,45.57
irq,sex_t,ocu_isco88_3,mts_details_wid,2007,34.71
irq,sex_t,ocu_isco88_4,mts_aggregate_1,2007,33.44
irq,sex_t,ocu_isco88_4,mts_aggregate_2,2007,35.61
irq,sex_t,ocu_isco88_4,mts_aggregate_total,2007,35.01
irq,sex_t,ocu_isco88_4,mts_details_mrd,2007,35.61
irq,sex_t,ocu_isco88_4,mts_details_sep,2007,34.7
irq,sex_t,ocu_isco88_4,mts_details_sgle,2007,33.41
irq,sex_t,ocu_isco88_4,mts_details_total,2007,35.01
irq,sex_t,ocu_isco88_4,mts_details_wid,2007,33.1
irq,sex_t,ocu_isco88_5,mts_aggregate_1,2007,49.83
irq,sex_t,ocu_isco88_5,mts_aggregate_2,2007,51.26
irq,sex_t,ocu_isco88_5,mts_aggregate_total,2007,50.78
irq,sex_t,ocu_isco88_5,mts_details_mrd,2007,51.26
irq,sex_t,ocu_isco88_5,mts_details_sep,2007,44.71
irq,sex_t,ocu_isco88_5,mts_details_sgle,2007,50.15
irq,sex_t,ocu_isco88_5,mts_details_total,2007,50.78
irq,sex_t,ocu_isco88_5,mts_details_wid,2007,37.07
irq,sex_t,ocu_isco88_6,mts_aggregate_1,2007,42.86
irq,sex_t,ocu_isco88_6,mts_aggregate_2,2007,45.55
irq,sex_t,ocu_isco88_6,mts_aggregate_total,2007,44.67
irq,sex_t,ocu_isco88_6,mts_details_mrd,2007,45.55
irq,sex_t,ocu_isco88_6,mts_details_sgle,2007,43.44
irq,sex_t,ocu_isco88_6,mts_details_total,2007,44.67
irq,sex_t,ocu_isco88_6,mts_details_wid,2007,38.19
irq,sex_t,ocu_isco88_7,mts_aggregate_1,2007,40.07
irq,sex_t,ocu_isco88_7,mts_aggregate_2,2007,41.57
irq,sex_t,ocu_isco88_7,mts_aggregate_total,2007,40.95
irq,sex_t,ocu_isco88_7,mts_details_mrd,2007,41.57
irq,sex_t,ocu_isco88_7,mts_details_sep,2007,41.25
irq,sex_t,ocu_isco88_7,mts_details_sgle,2007,40.09
irq,sex_t,ocu_isco88_7,mts_details_total,2007,40.95
irq,sex_t,ocu_isco88_7,mts_details_wid,2007,36.49
irq,sex_t,ocu_isco88_8,mts_aggregate_1,2007,41.02
irq,sex_t,ocu_isco88_8,mts_aggregate_2,2007,43.74
irq,sex_t,ocu_isco88_8,mts_aggregate_total,2007,43.17
irq,sex_t,ocu_isco88_8,mts_details_mrd,2007,43.74
irq,sex_t,ocu_isco88_8,mts_details_sep,2007,38.69
irq,sex_t,ocu_isco88_8,mts_details_sgle,2007,40.73
irq,sex_t,ocu_isco88_8,mts_details_total,2007,43.17
irq,sex_t,ocu_isco88_8,mts_details_wid,2007,51.24
irq,sex_t,ocu_isco88_9,mts_aggregate_1,2007,43.46
irq,sex_t,ocu_isco88_9,mts_aggregate_2,2007,44.1
irq,sex_t,ocu_isco88_9,mts_aggregate_total,2007,43.85
irq,sex_t,ocu_isco88_9,mts_details_mrd,2007,44.1
irq,sex_t,ocu_isco88_9,mts_details_sep,2007,41.97
irq,sex_t,ocu_isco88_9,mts_details_sgle,2007,43.95
irq,sex_t,ocu_isco88_9,mts_details_total,2007,43.85
irq,sex_t,ocu_isco88_9,mts_details_wid,2007,38.67
irq,sex_t,ocu_isco88_total,mts_aggregate_1,2007,40.72
irq,sex_t,ocu_isco88_total,mts_aggregate_2,2007,41.25
irq,sex_t,ocu_isco88_total,mts_aggregate_total,2007,41.08
irq,sex_t,ocu_isco88_total,mts_details_mrd,2007,41.25
irq,sex_t,ocu_isco88_total,mts_details_sep,2007,37.12
irq,sex_t,ocu_isco88_total,mts_details_sgle,2007,41.03
irq,sex_t,ocu_isco88_total,mts_details_total,2007,41.08
irq,sex_t,ocu_isco88_total,mts_details_wid,2007,34.27
irq,sex_t,ocu_skill_l1,mts_aggregate_1,2007,43.46
irq,sex_t,ocu_skill_l1,mts_aggregate_1,2012,41.62
irq,sex_t,ocu_skill_l1,mts_aggregate_1,2021,27.34
irq,sex_t,ocu_skill_l1,mts_aggregate_2,2007,44.1
irq,sex_t,ocu_skill_l1,mts_aggregate_2,2012,41.5
irq,sex_t,ocu_skill_l1,mts_aggregate_2,2021,28.01
irq,sex_t,ocu_skill_l1,mts_aggregate_total,2007,43.85
irq,sex_t,ocu_skill_l1,mts_aggregate_total,2012,41.55
irq,sex_t,ocu_skill_l1,mts_aggregate_total,2021,27.77
irq,sex_t,ocu_skill_l1,mts_details_mrd,2007,44.1
irq,sex_t,ocu_skill_l1,mts_details_mrd,2012,41.5
irq,sex_t,ocu_skill_l1,mts_details_mrd,2021,28.01
irq,sex_t,ocu_skill_l1,mts_details_sep,2007,41.97
irq,sex_t,ocu_skill_l1,mts_details_sep,2012,36.85
irq,sex_t,ocu_skill_l1,mts_details_sep,2021,12.16
irq,sex_t,ocu_skill_l1,mts_details_sgle,2007,43.95
irq,sex_t,ocu_skill_l1,mts_details_sgle,2012,42.08
irq,sex_t,ocu_skill_l1,mts_details_sgle,2021,28.85
irq,sex_t,ocu_skill_l1,mts_details_total,2007,43.85
irq,sex_t,ocu_skill_l1,mts_details_total,2012,41.55
irq,sex_t,ocu_skill_l1,mts_details_total,2021,27.77
irq,sex_t,ocu_skill_l1,mts_details_wid,2007,38.67
irq,sex_t,ocu_skill_l1,mts_details_wid,2012,31.8
irq,sex_t,ocu_skill_l1,mts_details_wid,2021,21.14
irq,sex_t,ocu_skill_l2,mts_aggregate_1,2007,42.15
irq,sex_t,ocu_skill_l2,mts_aggregate_1,2012,46.96
irq,sex_t,ocu_skill_l2,mts_aggregate_1,2021,33.46
irq,sex_t,ocu_skill_l2,mts_aggregate_2,2007,43.9
irq,sex_t,ocu_skill_l2,mts_aggregate_2,2012,48.36
irq,sex_t,ocu_skill_l2,mts_aggregate_2,2021,33.64
irq,sex_t,ocu_skill_l2,mts_aggregate_total,2007,43.29
irq,sex_t,ocu_skill_l2,mts_aggregate_total,2012,47.98
irq,sex_t,ocu_skill_l2,mts_aggregate_total,2021,33.58
irq,sex_t,ocu_skill_l2,mts_details_mrd,2007,43.9
irq,sex_t,ocu_skill_l2,mts_details_mrd,2012,48.36
irq,sex_t,ocu_skill_l2,mts_details_mrd,2021,33.64
irq,sex_t,ocu_skill_l2,mts_details_sep,2007,40.19
irq,sex_t,ocu_skill_l2,mts_details_sep,2012,40.69
irq,sex_t,ocu_skill_l2,mts_details_sep,2021,40.28
irq,sex_t,ocu_skill_l2,mts_details_sgle,2007,42.28
irq,sex_t,ocu_skill_l2,mts_details_sgle,2012,47.27
irq,sex_t,ocu_skill_l2,mts_details_sgle,2021,33.46
irq,sex_t,ocu_skill_l2,mts_details_total,2007,43.29
irq,sex_t,ocu_skill_l2,mts_details_total,2012,47.98
irq,sex_t,ocu_skill_l2,mts_details_total,2021,33.58
irq,sex_t,ocu_skill_l2,mts_details_wid,2007,37.77
irq,sex_t,ocu_skill_l2,mts_details_wid,2012,42.78
irq,sex_t,ocu_skill_l2,mts_details_wid,2021,23.88
irq,sex_t,ocu_skill_l3_4,mts_aggregate_1,2007,35.71
irq,sex_t,ocu_skill_l3_4,mts_aggregate_1,2012,35.48
irq,sex_t,ocu_skill_l3_4,mts_aggregate_1,2021,26.36
irq,sex_t,ocu_skill_l3_4,mts_aggregate_2,2007,35.27
irq,sex_t,ocu_skill_l3_4,mts_aggregate_2,2012,34.27
irq,sex_t,ocu_skill_l3_4,mts_aggregate_2,2021,24.62
irq,sex_t,ocu_skill_l3_4,mts_aggregate_total,2007,35.39
irq,sex_t,ocu_skill_l3_4,mts_aggregate_total,2012,34.54
irq,sex_t,ocu_skill_l3_4,mts_aggregate_total,2021,24.99
irq,sex_t,ocu_skill_l3_4,mts_details_mrd,2007,35.27
irq,sex_t,ocu_skill_l3_4,mts_details_mrd,2012,34.27
irq,sex_t,ocu_skill_l3_4,mts_details_mrd,2021,24.62
irq,sex_t,ocu_skill_l3_4,mts_details_sep,2007,27.01
irq,sex_t,ocu_skill_l3_4,mts_details_sep,2012,34.66
irq,sex_t,ocu_skill_l3_4,mts_details_sep,2021,24.41
irq,sex_t,ocu_skill_l3_4,mts_details_sgle,2007,36.35
irq,sex_t,ocu_skill_l3_4,mts_details_sgle,2012,35.84
irq,sex_t,ocu_skill_l3_4,mts_details_sgle,2021,26.01
irq,sex_t,ocu_skill_l3_4,mts_details_total,2007,35.39
irq,sex_t,ocu_skill_l3_4,mts_details_total,2012,34.54
irq,sex_t,ocu_skill_l3_4,mts_details_total,2021,24.99
irq,sex_t,ocu_skill_l3_4,mts_details_wid,2007,28.8
irq,sex_t,ocu_skill_l3_4,mts_details_wid,2012,32.04
irq,sex_t,ocu_skill_l3_4,mts_details_wid,2021,28.98
irq,sex_t,ocu_skill_total,mts_aggregate_1,2007,40.72
irq,sex_t,ocu_skill_total,mts_aggregate_1,2012,42.85
irq,sex_t,ocu_skill_total,mts_aggregate_1,2021,31.69
irq,sex_t,ocu_skill_total,mts_aggregate_2,2007,41.25
irq,sex_t,ocu_skill_total,mts_aggregate_2,2012,43.01
irq,sex_t,ocu_skill_total,mts_aggregate_2,2021,31.55
irq,sex_t,ocu_skill_total,mts_aggregate_total,2007,41.08
irq,sex_t,ocu_skill_total,mts_aggregate_total,2012,42.96
irq,sex_t,ocu_skill_total,mts_aggregate_total,2021,31.59
irq,sex_t,ocu_skill_total,mts_details_mrd,2007,41.25
irq,sex_t,ocu_skill_total,mts_details_mrd,2012,43.01
irq,sex_t,ocu_skill_total,mts_details_mrd,2021,31.55
irq,sex_t,ocu_skill_total,mts_details_sep,2007,37.12
irq,sex_t,ocu_skill_total,mts_details_sep,2012,37.67
irq,sex_t,ocu_skill_total,mts_details_sep,2021,30.64
irq,sex_t,ocu_skill_total,mts_details_sgle,2007,41.03
irq,sex_t,ocu_skill_total,mts_details_sgle,2012,43.35
irq,sex_t,ocu_skill_total,mts_details_sgle,2021,32
irq,sex_t,ocu_skill_total,mts_details_total,2007,41.08
irq,sex_t,ocu_skill_total,mts_details_total,2012,42.96
irq,sex_t,ocu_skill_total,mts_details_total,2021,31.59
irq,sex_t,ocu_skill_total,mts_details_wid,2007,34.27
irq,sex_t,ocu_skill_total,mts_details_wid,2012,35.22
irq,sex_t,ocu_skill_total,mts_details_wid,2021,26.57
irq,sex_t,ocu_skill_x,mts_aggregate_1,2012,48.94
irq,sex_t,ocu_skill_x,mts_aggregate_1,2021,40.88
irq,sex_t,ocu_skill_x,mts_aggregate_2,2012,50.62
irq,sex_t,ocu_skill_x,mts_aggregate_2,2021,45.4
irq,sex_t,ocu_skill_x,mts_aggregate_total,2012,50.3
irq,sex_t,ocu_skill_x,mts_aggregate_total,2021,44.81
irq,sex_t,ocu_skill_x,mts_details_mrd,2012,50.62
irq,sex_t,ocu_skill_x,mts_details_mrd,2021,45.4
irq,sex_t,ocu_skill_x,mts_details_sep,2012,51.3
irq,sex_t,ocu_skill_x,mts_details_sgle,2012,48.71
irq,sex_t,ocu_skill_x,mts_details_sgle,2021,40.77
irq,sex_t,ocu_skill_x,mts_details_total,2012,50.3
irq,sex_t,ocu_skill_x,mts_details_total,2021,44.81
