ref_area,sex,classif1,classif2,time,emp_pifl_sex_edu_mts_nb
hrv,sex_f,edu_aggregate_adv,mts_aggregate_1,2010,3.774
hrv,sex_f,edu_aggregate_adv,mts_aggregate_1,2011,4.304
hrv,sex_f,edu_aggregate_adv,mts_aggregate_1,2012,3.252
hrv,sex_f,edu_aggregate_adv,mts_aggregate_1,2013,4.66
hrv,sex_f,edu_aggregate_adv,mts_aggregate_1,2014,2.196
hrv,sex_f,edu_aggregate_adv,mts_aggregate_1,2015,3.304
hrv,sex_f,edu_aggregate_adv,mts_aggregate_1,2016,3.17
hrv,sex_f,edu_aggregate_adv,mts_aggregate_1,2017,1.641
hrv,sex_f,edu_aggregate_adv,mts_aggregate_1,2018,2.271
hrv,sex_f,edu_aggregate_adv,mts_aggregate_1,2019,2.516
hrv,sex_f,edu_aggregate_adv,mts_aggregate_1,2021,1.586
hrv,sex_f,edu_aggregate_adv,mts_aggregate_1,2022,3.019
hrv,sex_f,edu_aggregate_adv,mts_aggregate_1,2023,2.336
hrv,sex_f,edu_aggregate_adv,mts_aggregate_2,2012,2.401
hrv,sex_f,edu_aggregate_adv,mts_aggregate_2,2015,0.846
hrv,sex_f,edu_aggregate_adv,mts_aggregate_2,2016,0.926
hrv,sex_f,edu_aggregate_adv,mts_aggregate_2,2021,1.141
hrv,sex_f,edu_aggregate_adv,mts_aggregate_2,2023,1.531
hrv,sex_f,edu_aggregate_adv,mts_aggregate_total,2010,4.873
hrv,sex_f,edu_aggregate_adv,mts_aggregate_total,2011,5.208
hrv,sex_f,edu_aggregate_adv,mts_aggregate_total,2012,5.652
hrv,sex_f,edu_aggregate_adv,mts_aggregate_total,2013,6.316
hrv,sex_f,edu_aggregate_adv,mts_aggregate_total,2014,3.511
hrv,sex_f,edu_aggregate_adv,mts_aggregate_total,2015,4.15
hrv,sex_f,edu_aggregate_adv,mts_aggregate_total,2016,4.096
hrv,sex_f,edu_aggregate_adv,mts_aggregate_total,2017,2.343
hrv,sex_f,edu_aggregate_adv,mts_aggregate_total,2018,3.329
hrv,sex_f,edu_aggregate_adv,mts_aggregate_total,2019,3.973
hrv,sex_f,edu_aggregate_adv,mts_aggregate_total,2020,1.176
hrv,sex_f,edu_aggregate_adv,mts_aggregate_total,2021,2.727
hrv,sex_f,edu_aggregate_adv,mts_aggregate_total,2022,3.089
hrv,sex_f,edu_aggregate_adv,mts_aggregate_total,2023,3.867
hrv,sex_f,edu_aggregate_adv,mts_details_sgle,2010,3.774
hrv,sex_f,edu_aggregate_adv,mts_details_sgle,2011,4.304
hrv,sex_f,edu_aggregate_adv,mts_details_sgle,2012,3.252
hrv,sex_f,edu_aggregate_adv,mts_details_sgle,2013,4.066
hrv,sex_f,edu_aggregate_adv,mts_details_sgle,2014,2.196
hrv,sex_f,edu_aggregate_adv,mts_details_sgle,2015,3.304
hrv,sex_f,edu_aggregate_adv,mts_details_sgle,2016,3.17
hrv,sex_f,edu_aggregate_adv,mts_details_sgle,2017,1.641
hrv,sex_f,edu_aggregate_adv,mts_details_sgle,2018,2.271
hrv,sex_f,edu_aggregate_adv,mts_details_sgle,2019,2.381
hrv,sex_f,edu_aggregate_adv,mts_details_sgle,2021,1.586
hrv,sex_f,edu_aggregate_adv,mts_details_sgle,2022,3.019
hrv,sex_f,edu_aggregate_adv,mts_details_sgle,2023,2.336
hrv,sex_f,edu_aggregate_adv,mts_details_total,2010,4.873
hrv,sex_f,edu_aggregate_adv,mts_details_total,2011,5.208
hrv,sex_f,edu_aggregate_adv,mts_details_total,2012,5.652
hrv,sex_f,edu_aggregate_adv,mts_details_total,2013,6.316
hrv,sex_f,edu_aggregate_adv,mts_details_total,2014,3.511
hrv,sex_f,edu_aggregate_adv,mts_details_total,2015,4.15
hrv,sex_f,edu_aggregate_adv,mts_details_total,2016,4.096
hrv,sex_f,edu_aggregate_adv,mts_details_total,2017,2.343
hrv,sex_f,edu_aggregate_adv,mts_details_total,2018,3.329
hrv,sex_f,edu_aggregate_adv,mts_details_total,2019,3.973
hrv,sex_f,edu_aggregate_adv,mts_details_total,2020,1.176
hrv,sex_f,edu_aggregate_adv,mts_details_total,2021,2.727
hrv,sex_f,edu_aggregate_adv,mts_details_total,2022,3.089
hrv,sex_f,edu_aggregate_adv,mts_details_total,2023,3.867
hrv,sex_f,edu_aggregate_adv,mts_details_union,2012,2.401
hrv,sex_f,edu_aggregate_adv,mts_details_union,2015,0.846
hrv,sex_f,edu_aggregate_adv,mts_details_union,2016,0.926
hrv,sex_f,edu_aggregate_adv,mts_details_union,2021,1.141
hrv,sex_f,edu_aggregate_adv,mts_details_union,2023,1.531
hrv,sex_f,edu_aggregate_bas,mts_aggregate_1,2015,1.001
hrv,sex_f,edu_aggregate_bas,mts_aggregate_1,2016,1.537
hrv,sex_f,edu_aggregate_bas,mts_aggregate_1,2017,1.521
hrv,sex_f,edu_aggregate_bas,mts_aggregate_1,2019,0.85
hrv,sex_f,edu_aggregate_bas,mts_aggregate_1,2022,1.531
hrv,sex_f,edu_aggregate_bas,mts_aggregate_2,2011,2.63
hrv,sex_f,edu_aggregate_bas,mts_aggregate_2,2012,3.017
hrv,sex_f,edu_aggregate_bas,mts_aggregate_2,2013,2.352
hrv,sex_f,edu_aggregate_bas,mts_aggregate_2,2014,1.936
hrv,sex_f,edu_aggregate_bas,mts_aggregate_2,2015,2.117
hrv,sex_f,edu_aggregate_bas,mts_aggregate_2,2016,4.363
hrv,sex_f,edu_aggregate_bas,mts_aggregate_2,2017,1.209
hrv,sex_f,edu_aggregate_bas,mts_aggregate_2,2018,1.845
hrv,sex_f,edu_aggregate_bas,mts_aggregate_2,2019,2.353
hrv,sex_f,edu_aggregate_bas,mts_aggregate_2,2020,1.649
hrv,sex_f,edu_aggregate_bas,mts_aggregate_2,2021,1.114
hrv,sex_f,edu_aggregate_bas,mts_aggregate_2,2022,0.382
hrv,sex_f,edu_aggregate_bas,mts_aggregate_2,2023,1.407
hrv,sex_f,edu_aggregate_bas,mts_aggregate_total,2011,3.203
hrv,sex_f,edu_aggregate_bas,mts_aggregate_total,2012,3.654
hrv,sex_f,edu_aggregate_bas,mts_aggregate_total,2013,3.254
hrv,sex_f,edu_aggregate_bas,mts_aggregate_total,2014,4.446
hrv,sex_f,edu_aggregate_bas,mts_aggregate_total,2015,3.117
hrv,sex_f,edu_aggregate_bas,mts_aggregate_total,2016,5.899
hrv,sex_f,edu_aggregate_bas,mts_aggregate_total,2017,2.73
hrv,sex_f,edu_aggregate_bas,mts_aggregate_total,2018,2.105
hrv,sex_f,edu_aggregate_bas,mts_aggregate_total,2019,3.203
hrv,sex_f,edu_aggregate_bas,mts_aggregate_total,2020,2.005
hrv,sex_f,edu_aggregate_bas,mts_aggregate_total,2021,1.472
hrv,sex_f,edu_aggregate_bas,mts_aggregate_total,2022,1.913
hrv,sex_f,edu_aggregate_bas,mts_aggregate_total,2023,1.407
hrv,sex_f,edu_aggregate_bas,mts_details_total,2011,3.203
hrv,sex_f,edu_aggregate_bas,mts_details_total,2012,3.654
hrv,sex_f,edu_aggregate_bas,mts_details_total,2013,3.254
hrv,sex_f,edu_aggregate_bas,mts_details_total,2014,4.446
hrv,sex_f,edu_aggregate_bas,mts_details_total,2015,3.117
hrv,sex_f,edu_aggregate_bas,mts_details_total,2016,5.899
hrv,sex_f,edu_aggregate_bas,mts_details_total,2017,2.73
hrv,sex_f,edu_aggregate_bas,mts_details_total,2018,2.105
hrv,sex_f,edu_aggregate_bas,mts_details_total,2019,3.203
hrv,sex_f,edu_aggregate_bas,mts_details_total,2020,2.005
hrv,sex_f,edu_aggregate_bas,mts_details_total,2021,1.472
hrv,sex_f,edu_aggregate_bas,mts_details_total,2022,1.913
hrv,sex_f,edu_aggregate_bas,mts_details_total,2023,1.407
hrv,sex_f,edu_aggregate_bas,mts_details_union,2011,2.63
hrv,sex_f,edu_aggregate_bas,mts_details_union,2012,3.017
hrv,sex_f,edu_aggregate_bas,mts_details_union,2013,2.352
hrv,sex_f,edu_aggregate_bas,mts_details_union,2014,1.936
hrv,sex_f,edu_aggregate_bas,mts_details_union,2015,2.117
hrv,sex_f,edu_aggregate_bas,mts_details_union,2016,4.363
hrv,sex_f,edu_aggregate_bas,mts_details_union,2017,1.209
hrv,sex_f,edu_aggregate_bas,mts_details_union,2018,1.845
hrv,sex_f,edu_aggregate_bas,mts_details_union,2019,2.353
hrv,sex_f,edu_aggregate_bas,mts_details_union,2020,1.649
hrv,sex_f,edu_aggregate_bas,mts_details_union,2021,1.114
hrv,sex_f,edu_aggregate_bas,mts_details_union,2022,0.382
hrv,sex_f,edu_aggregate_bas,mts_details_union,2023,1.407
hrv,sex_f,edu_aggregate_int,mts_aggregate_1,2011,9.704
hrv,sex_f,edu_aggregate_int,mts_aggregate_1,2012,12.718
hrv,sex_f,edu_aggregate_int,mts_aggregate_1,2013,13.232
hrv,sex_f,edu_aggregate_int,mts_aggregate_1,2014,6.525
hrv,sex_f,edu_aggregate_int,mts_aggregate_1,2015,9.445
hrv,sex_f,edu_aggregate_int,mts_aggregate_1,2016,12.528
hrv,sex_f,edu_aggregate_int,mts_aggregate_1,2017,4.934
hrv,sex_f,edu_aggregate_int,mts_aggregate_1,2018,11.553
hrv,sex_f,edu_aggregate_int,mts_aggregate_1,2019,10.461
hrv,sex_f,edu_aggregate_int,mts_aggregate_1,2020,8.167
hrv,sex_f,edu_aggregate_int,mts_aggregate_1,2021,8.468
hrv,sex_f,edu_aggregate_int,mts_aggregate_1,2022,6.509
hrv,sex_f,edu_aggregate_int,mts_aggregate_1,2023,6.166
hrv,sex_f,edu_aggregate_int,mts_aggregate_2,2011,14.74
hrv,sex_f,edu_aggregate_int,mts_aggregate_2,2012,14.648
hrv,sex_f,edu_aggregate_int,mts_aggregate_2,2013,17.585
hrv,sex_f,edu_aggregate_int,mts_aggregate_2,2014,16.978
hrv,sex_f,edu_aggregate_int,mts_aggregate_2,2015,12.31
hrv,sex_f,edu_aggregate_int,mts_aggregate_2,2016,9.454
hrv,sex_f,edu_aggregate_int,mts_aggregate_2,2017,8.652
hrv,sex_f,edu_aggregate_int,mts_aggregate_2,2018,14.941
hrv,sex_f,edu_aggregate_int,mts_aggregate_2,2019,18.245
hrv,sex_f,edu_aggregate_int,mts_aggregate_2,2020,17.055
hrv,sex_f,edu_aggregate_int,mts_aggregate_2,2021,12.755
hrv,sex_f,edu_aggregate_int,mts_aggregate_2,2022,9.805
hrv,sex_f,edu_aggregate_int,mts_aggregate_2,2023,10.503
hrv,sex_f,edu_aggregate_int,mts_aggregate_total,2010,2.196
hrv,sex_f,edu_aggregate_int,mts_aggregate_total,2011,24.444
hrv,sex_f,edu_aggregate_int,mts_aggregate_total,2012,27.366
hrv,sex_f,edu_aggregate_int,mts_aggregate_total,2013,30.817
hrv,sex_f,edu_aggregate_int,mts_aggregate_total,2014,23.503
hrv,sex_f,edu_aggregate_int,mts_aggregate_total,2015,21.755
hrv,sex_f,edu_aggregate_int,mts_aggregate_total,2016,21.982
hrv,sex_f,edu_aggregate_int,mts_aggregate_total,2017,13.586
hrv,sex_f,edu_aggregate_int,mts_aggregate_total,2018,26.494
hrv,sex_f,edu_aggregate_int,mts_aggregate_total,2019,28.706
hrv,sex_f,edu_aggregate_int,mts_aggregate_total,2020,25.222
hrv,sex_f,edu_aggregate_int,mts_aggregate_total,2021,21.223
hrv,sex_f,edu_aggregate_int,mts_aggregate_total,2022,16.314
hrv,sex_f,edu_aggregate_int,mts_aggregate_total,2023,16.669
hrv,sex_f,edu_aggregate_int,mts_details_sep,2012,1.793
hrv,sex_f,edu_aggregate_int,mts_details_sep,2013,1.736
hrv,sex_f,edu_aggregate_int,mts_details_sep,2016,2.016
hrv,sex_f,edu_aggregate_int,mts_details_sep,2018,1.622
hrv,sex_f,edu_aggregate_int,mts_details_sep,2019,1.483
hrv,sex_f,edu_aggregate_int,mts_details_sep,2020,1.338
hrv,sex_f,edu_aggregate_int,mts_details_sep,2021,0.813
hrv,sex_f,edu_aggregate_int,mts_details_sep,2023,1.464
hrv,sex_f,edu_aggregate_int,mts_details_sgle,2011,8.538
hrv,sex_f,edu_aggregate_int,mts_details_sgle,2012,10.925
hrv,sex_f,edu_aggregate_int,mts_details_sgle,2013,11.496
hrv,sex_f,edu_aggregate_int,mts_details_sgle,2014,5.33
hrv,sex_f,edu_aggregate_int,mts_details_sgle,2015,7.964
hrv,sex_f,edu_aggregate_int,mts_details_sgle,2016,10.512
hrv,sex_f,edu_aggregate_int,mts_details_sgle,2017,4.243
hrv,sex_f,edu_aggregate_int,mts_details_sgle,2018,9.49
hrv,sex_f,edu_aggregate_int,mts_details_sgle,2019,8.766
hrv,sex_f,edu_aggregate_int,mts_details_sgle,2020,6.332
hrv,sex_f,edu_aggregate_int,mts_details_sgle,2021,7.236
hrv,sex_f,edu_aggregate_int,mts_details_sgle,2022,5.327
hrv,sex_f,edu_aggregate_int,mts_details_sgle,2023,4.075
hrv,sex_f,edu_aggregate_int,mts_details_total,2010,2.196
hrv,sex_f,edu_aggregate_int,mts_details_total,2011,24.444
hrv,sex_f,edu_aggregate_int,mts_details_total,2012,27.366
hrv,sex_f,edu_aggregate_int,mts_details_total,2013,30.817
hrv,sex_f,edu_aggregate_int,mts_details_total,2014,23.503
hrv,sex_f,edu_aggregate_int,mts_details_total,2015,21.755
hrv,sex_f,edu_aggregate_int,mts_details_total,2016,21.982
hrv,sex_f,edu_aggregate_int,mts_details_total,2017,13.586
hrv,sex_f,edu_aggregate_int,mts_details_total,2018,26.494
hrv,sex_f,edu_aggregate_int,mts_details_total,2019,28.706
hrv,sex_f,edu_aggregate_int,mts_details_total,2020,25.222
hrv,sex_f,edu_aggregate_int,mts_details_total,2021,21.223
hrv,sex_f,edu_aggregate_int,mts_details_total,2022,16.314
hrv,sex_f,edu_aggregate_int,mts_details_total,2023,16.669
hrv,sex_f,edu_aggregate_int,mts_details_union,2011,14.519
hrv,sex_f,edu_aggregate_int,mts_details_union,2012,14.248
hrv,sex_f,edu_aggregate_int,mts_details_union,2013,17.585
hrv,sex_f,edu_aggregate_int,mts_details_union,2014,16.978
hrv,sex_f,edu_aggregate_int,mts_details_union,2015,12.17
hrv,sex_f,edu_aggregate_int,mts_details_union,2016,9.071
hrv,sex_f,edu_aggregate_int,mts_details_union,2017,8.424
hrv,sex_f,edu_aggregate_int,mts_details_union,2018,14.941
hrv,sex_f,edu_aggregate_int,mts_details_union,2019,18.245
hrv,sex_f,edu_aggregate_int,mts_details_union,2020,16.701
hrv,sex_f,edu_aggregate_int,mts_details_union,2021,12.44
hrv,sex_f,edu_aggregate_int,mts_details_union,2022,9.347
hrv,sex_f,edu_aggregate_int,mts_details_union,2023,10.503
hrv,sex_f,edu_aggregate_total,mts_aggregate_1,2010,5.664
hrv,sex_f,edu_aggregate_total,mts_aggregate_1,2011,14.582
hrv,sex_f,edu_aggregate_total,mts_aggregate_1,2012,16.606
hrv,sex_f,edu_aggregate_total,mts_aggregate_1,2013,18.794
hrv,sex_f,edu_aggregate_total,mts_aggregate_1,2014,11.231
hrv,sex_f,edu_aggregate_total,mts_aggregate_1,2015,13.75
hrv,sex_f,edu_aggregate_total,mts_aggregate_1,2016,17.235
hrv,sex_f,edu_aggregate_total,mts_aggregate_1,2017,8.096
hrv,sex_f,edu_aggregate_total,mts_aggregate_1,2018,14.084
hrv,sex_f,edu_aggregate_total,mts_aggregate_1,2019,13.828
hrv,sex_f,edu_aggregate_total,mts_aggregate_1,2020,9.267
hrv,sex_f,edu_aggregate_total,mts_aggregate_1,2021,10.412
hrv,sex_f,edu_aggregate_total,mts_aggregate_1,2022,11.059
hrv,sex_f,edu_aggregate_total,mts_aggregate_1,2023,8.502
hrv,sex_f,edu_aggregate_total,mts_aggregate_2,2010,2.99
hrv,sex_f,edu_aggregate_total,mts_aggregate_2,2011,18.273
hrv,sex_f,edu_aggregate_total,mts_aggregate_2,2012,20.066
hrv,sex_f,edu_aggregate_total,mts_aggregate_2,2013,21.593
hrv,sex_f,edu_aggregate_total,mts_aggregate_2,2014,20.23
hrv,sex_f,edu_aggregate_total,mts_aggregate_2,2015,15.272
hrv,sex_f,edu_aggregate_total,mts_aggregate_2,2016,14.743
hrv,sex_f,edu_aggregate_total,mts_aggregate_2,2017,10.562
hrv,sex_f,edu_aggregate_total,mts_aggregate_2,2018,17.843
hrv,sex_f,edu_aggregate_total,mts_aggregate_2,2019,22.054
hrv,sex_f,edu_aggregate_total,mts_aggregate_2,2020,19.136
hrv,sex_f,edu_aggregate_total,mts_aggregate_2,2021,15.01
hrv,sex_f,edu_aggregate_total,mts_aggregate_2,2022,10.257
hrv,sex_f,edu_aggregate_total,mts_aggregate_2,2023,13.502
hrv,sex_f,edu_aggregate_total,mts_aggregate_total,2010,8.654
hrv,sex_f,edu_aggregate_total,mts_aggregate_total,2011,32.855
hrv,sex_f,edu_aggregate_total,mts_aggregate_total,2012,36.672
hrv,sex_f,edu_aggregate_total,mts_aggregate_total,2013,40.387
hrv,sex_f,edu_aggregate_total,mts_aggregate_total,2014,31.46
hrv,sex_f,edu_aggregate_total,mts_aggregate_total,2015,29.022
hrv,sex_f,edu_aggregate_total,mts_aggregate_total,2016,31.978
hrv,sex_f,edu_aggregate_total,mts_aggregate_total,2017,18.659
hrv,sex_f,edu_aggregate_total,mts_aggregate_total,2018,31.928
hrv,sex_f,edu_aggregate_total,mts_aggregate_total,2019,35.882
hrv,sex_f,edu_aggregate_total,mts_aggregate_total,2020,28.403
hrv,sex_f,edu_aggregate_total,mts_aggregate_total,2021,25.422
hrv,sex_f,edu_aggregate_total,mts_aggregate_total,2022,21.315
hrv,sex_f,edu_aggregate_total,mts_aggregate_total,2023,22.004
hrv,sex_f,edu_aggregate_total,mts_details_sep,2012,1.909
hrv,sex_f,edu_aggregate_total,mts_details_sep,2013,2.433
hrv,sex_f,edu_aggregate_total,mts_details_sep,2015,1.702
hrv,sex_f,edu_aggregate_total,mts_details_sep,2016,2.233
hrv,sex_f,edu_aggregate_total,mts_details_sep,2018,1.827
hrv,sex_f,edu_aggregate_total,mts_details_sep,2019,1.79
hrv,sex_f,edu_aggregate_total,mts_details_sep,2020,1.61
hrv,sex_f,edu_aggregate_total,mts_details_sep,2021,1.038
hrv,sex_f,edu_aggregate_total,mts_details_sep,2022,1.688
hrv,sex_f,edu_aggregate_total,mts_details_sep,2023,1.464
hrv,sex_f,edu_aggregate_total,mts_details_sgle,2010,5.664
hrv,sex_f,edu_aggregate_total,mts_details_sgle,2011,12.923
hrv,sex_f,edu_aggregate_total,mts_details_sgle,2012,14.177
hrv,sex_f,edu_aggregate_total,mts_details_sgle,2013,15.562
hrv,sex_f,edu_aggregate_total,mts_details_sgle,2014,8.649
hrv,sex_f,edu_aggregate_total,mts_details_sgle,2015,11.53
hrv,sex_f,edu_aggregate_total,mts_details_sgle,2016,14.354
hrv,sex_f,edu_aggregate_total,mts_details_sgle,2017,6.589
hrv,sex_f,edu_aggregate_total,mts_details_sgle,2018,11.762
hrv,sex_f,edu_aggregate_total,mts_details_sgle,2019,11.392
hrv,sex_f,edu_aggregate_total,mts_details_sgle,2020,7.076
hrv,sex_f,edu_aggregate_total,mts_details_sgle,2021,8.878
hrv,sex_f,edu_aggregate_total,mts_details_sgle,2022,8.8
hrv,sex_f,edu_aggregate_total,mts_details_sgle,2023,6.412
hrv,sex_f,edu_aggregate_total,mts_details_total,2010,8.654
hrv,sex_f,edu_aggregate_total,mts_details_total,2011,32.855
hrv,sex_f,edu_aggregate_total,mts_details_total,2012,36.672
hrv,sex_f,edu_aggregate_total,mts_details_total,2013,40.387
hrv,sex_f,edu_aggregate_total,mts_details_total,2014,31.46
hrv,sex_f,edu_aggregate_total,mts_details_total,2015,29.022
hrv,sex_f,edu_aggregate_total,mts_details_total,2016,31.978
hrv,sex_f,edu_aggregate_total,mts_details_total,2017,18.659
hrv,sex_f,edu_aggregate_total,mts_details_total,2018,31.928
hrv,sex_f,edu_aggregate_total,mts_details_total,2019,35.882
hrv,sex_f,edu_aggregate_total,mts_details_total,2020,28.403
hrv,sex_f,edu_aggregate_total,mts_details_total,2021,25.422
hrv,sex_f,edu_aggregate_total,mts_details_total,2022,21.315
hrv,sex_f,edu_aggregate_total,mts_details_total,2023,22.004
hrv,sex_f,edu_aggregate_total,mts_details_union,2011,18.052
hrv,sex_f,edu_aggregate_total,mts_details_union,2012,19.666
hrv,sex_f,edu_aggregate_total,mts_details_union,2013,21.593
hrv,sex_f,edu_aggregate_total,mts_details_union,2014,20.23
hrv,sex_f,edu_aggregate_total,mts_details_union,2015,15.133
hrv,sex_f,edu_aggregate_total,mts_details_union,2016,14.36
hrv,sex_f,edu_aggregate_total,mts_details_union,2017,10.335
hrv,sex_f,edu_aggregate_total,mts_details_union,2018,17.595
hrv,sex_f,edu_aggregate_total,mts_details_union,2019,22.054
hrv,sex_f,edu_aggregate_total,mts_details_union,2020,18.782
hrv,sex_f,edu_aggregate_total,mts_details_union,2021,14.695
hrv,sex_f,edu_aggregate_total,mts_details_union,2022,9.799
hrv,sex_f,edu_aggregate_total,mts_details_union,2023,13.502
hrv,sex_f,edu_aggregate_total,mts_details_wid,2011,1.292
hrv,sex_f,edu_aggregate_total,mts_details_wid,2017,1.078
hrv,sex_m,edu_aggregate_adv,mts_aggregate_1,2011,2.314
hrv,sex_m,edu_aggregate_adv,mts_aggregate_1,2013,2.331
hrv,sex_m,edu_aggregate_adv,mts_aggregate_1,2015,3.401
hrv,sex_m,edu_aggregate_adv,mts_aggregate_1,2016,2.559
hrv,sex_m,edu_aggregate_adv,mts_aggregate_1,2019,0.952
hrv,sex_m,edu_aggregate_adv,mts_aggregate_1,2021,2.011
hrv,sex_m,edu_aggregate_adv,mts_aggregate_1,2022,1.929
hrv,sex_m,edu_aggregate_adv,mts_aggregate_1,2023,1.488
hrv,sex_m,edu_aggregate_adv,mts_aggregate_total,2011,3.58
hrv,sex_m,edu_aggregate_adv,mts_aggregate_total,2013,2.578
hrv,sex_m,edu_aggregate_adv,mts_aggregate_total,2014,0.94
hrv,sex_m,edu_aggregate_adv,mts_aggregate_total,2015,4.209
hrv,sex_m,edu_aggregate_adv,mts_aggregate_total,2016,3.569
hrv,sex_m,edu_aggregate_adv,mts_aggregate_total,2018,1.117
hrv,sex_m,edu_aggregate_adv,mts_aggregate_total,2019,1.188
hrv,sex_m,edu_aggregate_adv,mts_aggregate_total,2021,2.011
hrv,sex_m,edu_aggregate_adv,mts_aggregate_total,2022,2.469
hrv,sex_m,edu_aggregate_adv,mts_aggregate_total,2023,2.836
hrv,sex_m,edu_aggregate_adv,mts_details_sgle,2011,2.314
hrv,sex_m,edu_aggregate_adv,mts_details_sgle,2013,1.904
hrv,sex_m,edu_aggregate_adv,mts_details_sgle,2015,3.401
hrv,sex_m,edu_aggregate_adv,mts_details_sgle,2016,2.559
hrv,sex_m,edu_aggregate_adv,mts_details_sgle,2019,0.952
hrv,sex_m,edu_aggregate_adv,mts_details_sgle,2021,2.011
hrv,sex_m,edu_aggregate_adv,mts_details_sgle,2022,1.929
hrv,sex_m,edu_aggregate_adv,mts_details_sgle,2023,1.488
hrv,sex_m,edu_aggregate_adv,mts_details_total,2011,3.58
hrv,sex_m,edu_aggregate_adv,mts_details_total,2013,2.578
hrv,sex_m,edu_aggregate_adv,mts_details_total,2014,0.94
hrv,sex_m,edu_aggregate_adv,mts_details_total,2015,4.209
hrv,sex_m,edu_aggregate_adv,mts_details_total,2016,3.569
hrv,sex_m,edu_aggregate_adv,mts_details_total,2018,1.117
hrv,sex_m,edu_aggregate_adv,mts_details_total,2019,1.188
hrv,sex_m,edu_aggregate_adv,mts_details_total,2021,2.011
hrv,sex_m,edu_aggregate_adv,mts_details_total,2022,2.469
hrv,sex_m,edu_aggregate_adv,mts_details_total,2023,2.836
hrv,sex_m,edu_aggregate_bas,mts_aggregate_1,2011,1.594
hrv,sex_m,edu_aggregate_bas,mts_aggregate_1,2013,0.819
hrv,sex_m,edu_aggregate_bas,mts_aggregate_1,2017,0.757
hrv,sex_m,edu_aggregate_bas,mts_aggregate_1,2018,1.48
hrv,sex_m,edu_aggregate_bas,mts_aggregate_1,2019,1.486
hrv,sex_m,edu_aggregate_bas,mts_aggregate_2,2016,1.382
hrv,sex_m,edu_aggregate_bas,mts_aggregate_total,2011,2.41
hrv,sex_m,edu_aggregate_bas,mts_aggregate_total,2012,2.012
hrv,sex_m,edu_aggregate_bas,mts_aggregate_total,2013,1.781
hrv,sex_m,edu_aggregate_bas,mts_aggregate_total,2015,2.722
hrv,sex_m,edu_aggregate_bas,mts_aggregate_total,2016,1.546
hrv,sex_m,edu_aggregate_bas,mts_aggregate_total,2017,2.07
hrv,sex_m,edu_aggregate_bas,mts_aggregate_total,2018,1.789
hrv,sex_m,edu_aggregate_bas,mts_aggregate_total,2019,2.072
hrv,sex_m,edu_aggregate_bas,mts_aggregate_total,2020,1.019
hrv,sex_m,edu_aggregate_bas,mts_details_sgle,2017,0.757
hrv,sex_m,edu_aggregate_bas,mts_details_sgle,2018,1.48
hrv,sex_m,edu_aggregate_bas,mts_details_sgle,2019,1.486
hrv,sex_m,edu_aggregate_bas,mts_details_total,2011,2.41
hrv,sex_m,edu_aggregate_bas,mts_details_total,2012,2.012
hrv,sex_m,edu_aggregate_bas,mts_details_total,2013,1.781
hrv,sex_m,edu_aggregate_bas,mts_details_total,2015,2.722
hrv,sex_m,edu_aggregate_bas,mts_details_total,2016,1.546
hrv,sex_m,edu_aggregate_bas,mts_details_total,2017,2.07
hrv,sex_m,edu_aggregate_bas,mts_details_total,2018,1.789
hrv,sex_m,edu_aggregate_bas,mts_details_total,2019,2.072
hrv,sex_m,edu_aggregate_bas,mts_details_total,2020,1.019
hrv,sex_m,edu_aggregate_bas,mts_details_union,2016,1.382
hrv,sex_m,edu_aggregate_int,mts_aggregate_1,2010,2.916
hrv,sex_m,edu_aggregate_int,mts_aggregate_1,2011,7.681
hrv,sex_m,edu_aggregate_int,mts_aggregate_1,2012,6.601
hrv,sex_m,edu_aggregate_int,mts_aggregate_1,2013,8.39
hrv,sex_m,edu_aggregate_int,mts_aggregate_1,2014,7.659
hrv,sex_m,edu_aggregate_int,mts_aggregate_1,2015,8.283
hrv,sex_m,edu_aggregate_int,mts_aggregate_1,2016,7.252
hrv,sex_m,edu_aggregate_int,mts_aggregate_1,2017,5.443
hrv,sex_m,edu_aggregate_int,mts_aggregate_1,2018,2.989
hrv,sex_m,edu_aggregate_int,mts_aggregate_1,2019,5.159
hrv,sex_m,edu_aggregate_int,mts_aggregate_1,2020,2.625
hrv,sex_m,edu_aggregate_int,mts_aggregate_1,2021,4.826
hrv,sex_m,edu_aggregate_int,mts_aggregate_1,2022,2.696
hrv,sex_m,edu_aggregate_int,mts_aggregate_1,2023,1.821
hrv,sex_m,edu_aggregate_int,mts_aggregate_2,2011,3.886
hrv,sex_m,edu_aggregate_int,mts_aggregate_2,2012,4.844
hrv,sex_m,edu_aggregate_int,mts_aggregate_2,2013,4.987
hrv,sex_m,edu_aggregate_int,mts_aggregate_2,2014,3.21
hrv,sex_m,edu_aggregate_int,mts_aggregate_2,2015,4.184
hrv,sex_m,edu_aggregate_int,mts_aggregate_2,2016,2.834
hrv,sex_m,edu_aggregate_int,mts_aggregate_2,2017,2.37
hrv,sex_m,edu_aggregate_int,mts_aggregate_2,2018,3.02
hrv,sex_m,edu_aggregate_int,mts_aggregate_2,2019,3.352
hrv,sex_m,edu_aggregate_int,mts_aggregate_2,2020,1.476
hrv,sex_m,edu_aggregate_int,mts_aggregate_2,2021,1.172
hrv,sex_m,edu_aggregate_int,mts_aggregate_2,2022,0.818
hrv,sex_m,edu_aggregate_int,mts_aggregate_2,2023,1.214
hrv,sex_m,edu_aggregate_int,mts_aggregate_total,2010,2.916
hrv,sex_m,edu_aggregate_int,mts_aggregate_total,2011,11.566
hrv,sex_m,edu_aggregate_int,mts_aggregate_total,2012,11.445
hrv,sex_m,edu_aggregate_int,mts_aggregate_total,2013,13.377
hrv,sex_m,edu_aggregate_int,mts_aggregate_total,2014,10.869
hrv,sex_m,edu_aggregate_int,mts_aggregate_total,2015,12.467
hrv,sex_m,edu_aggregate_int,mts_aggregate_total,2016,10.086
hrv,sex_m,edu_aggregate_int,mts_aggregate_total,2017,7.814
hrv,sex_m,edu_aggregate_int,mts_aggregate_total,2018,6.009
hrv,sex_m,edu_aggregate_int,mts_aggregate_total,2019,8.511
hrv,sex_m,edu_aggregate_int,mts_aggregate_total,2020,4.101
hrv,sex_m,edu_aggregate_int,mts_aggregate_total,2021,5.998
hrv,sex_m,edu_aggregate_int,mts_aggregate_total,2022,3.514
hrv,sex_m,edu_aggregate_int,mts_aggregate_total,2023,3.034
hrv,sex_m,edu_aggregate_int,mts_details_sgle,2010,2.916
hrv,sex_m,edu_aggregate_int,mts_details_sgle,2011,7.405
hrv,sex_m,edu_aggregate_int,mts_details_sgle,2012,6.121
hrv,sex_m,edu_aggregate_int,mts_details_sgle,2013,8.113
hrv,sex_m,edu_aggregate_int,mts_details_sgle,2014,6.773
hrv,sex_m,edu_aggregate_int,mts_details_sgle,2015,8.283
hrv,sex_m,edu_aggregate_int,mts_details_sgle,2016,7.06
hrv,sex_m,edu_aggregate_int,mts_details_sgle,2017,5.312
hrv,sex_m,edu_aggregate_int,mts_details_sgle,2018,2.848
hrv,sex_m,edu_aggregate_int,mts_details_sgle,2019,5.159
hrv,sex_m,edu_aggregate_int,mts_details_sgle,2020,2.625
hrv,sex_m,edu_aggregate_int,mts_details_sgle,2021,4.738
hrv,sex_m,edu_aggregate_int,mts_details_sgle,2022,2.317
hrv,sex_m,edu_aggregate_int,mts_details_sgle,2023,1.821
hrv,sex_m,edu_aggregate_int,mts_details_total,2010,2.916
hrv,sex_m,edu_aggregate_int,mts_details_total,2011,11.566
hrv,sex_m,edu_aggregate_int,mts_details_total,2012,11.445
hrv,sex_m,edu_aggregate_int,mts_details_total,2013,13.377
hrv,sex_m,edu_aggregate_int,mts_details_total,2014,10.869
hrv,sex_m,edu_aggregate_int,mts_details_total,2015,12.467
hrv,sex_m,edu_aggregate_int,mts_details_total,2016,10.086
hrv,sex_m,edu_aggregate_int,mts_details_total,2017,7.814
hrv,sex_m,edu_aggregate_int,mts_details_total,2018,6.009
hrv,sex_m,edu_aggregate_int,mts_details_total,2019,8.511
hrv,sex_m,edu_aggregate_int,mts_details_total,2020,4.101
hrv,sex_m,edu_aggregate_int,mts_details_total,2021,5.998
hrv,sex_m,edu_aggregate_int,mts_details_total,2022,3.514
hrv,sex_m,edu_aggregate_int,mts_details_total,2023,3.034
hrv,sex_m,edu_aggregate_int,mts_details_union,2011,3.886
hrv,sex_m,edu_aggregate_int,mts_details_union,2012,4.844
hrv,sex_m,edu_aggregate_int,mts_details_union,2013,4.987
hrv,sex_m,edu_aggregate_int,mts_details_union,2014,3.21
hrv,sex_m,edu_aggregate_int,mts_details_union,2015,4.184
hrv,sex_m,edu_aggregate_int,mts_details_union,2016,2.834
hrv,sex_m,edu_aggregate_int,mts_details_union,2017,2.37
hrv,sex_m,edu_aggregate_int,mts_details_union,2018,2.955
hrv,sex_m,edu_aggregate_int,mts_details_union,2019,3.352
hrv,sex_m,edu_aggregate_int,mts_details_union,2020,1.476
hrv,sex_m,edu_aggregate_int,mts_details_union,2021,1.172
hrv,sex_m,edu_aggregate_int,mts_details_union,2022,0.818
hrv,sex_m,edu_aggregate_int,mts_details_union,2023,1.214
hrv,sex_m,edu_aggregate_total,mts_aggregate_1,2010,4.104
hrv,sex_m,edu_aggregate_total,mts_aggregate_1,2011,11.588
hrv,sex_m,edu_aggregate_total,mts_aggregate_1,2012,8
hrv,sex_m,edu_aggregate_total,mts_aggregate_1,2013,11.54
hrv,sex_m,edu_aggregate_total,mts_aggregate_1,2014,8.421
hrv,sex_m,edu_aggregate_total,mts_aggregate_1,2015,12.336
hrv,sex_m,edu_aggregate_total,mts_aggregate_1,2016,9.975
hrv,sex_m,edu_aggregate_total,mts_aggregate_1,2017,6.657
hrv,sex_m,edu_aggregate_total,mts_aggregate_1,2018,5.436
hrv,sex_m,edu_aggregate_total,mts_aggregate_1,2019,7.597
hrv,sex_m,edu_aggregate_total,mts_aggregate_1,2020,3.553
hrv,sex_m,edu_aggregate_total,mts_aggregate_1,2021,6.908
hrv,sex_m,edu_aggregate_total,mts_aggregate_1,2022,5.091
hrv,sex_m,edu_aggregate_total,mts_aggregate_1,2023,3.309
hrv,sex_m,edu_aggregate_total,mts_aggregate_2,2011,5.969
hrv,sex_m,edu_aggregate_total,mts_aggregate_2,2012,6.287
hrv,sex_m,edu_aggregate_total,mts_aggregate_2,2013,6.197
hrv,sex_m,edu_aggregate_total,mts_aggregate_2,2014,4.452
hrv,sex_m,edu_aggregate_total,mts_aggregate_2,2015,7.062
hrv,sex_m,edu_aggregate_total,mts_aggregate_2,2016,5.226
hrv,sex_m,edu_aggregate_total,mts_aggregate_2,2017,4.076
hrv,sex_m,edu_aggregate_total,mts_aggregate_2,2018,3.479
hrv,sex_m,edu_aggregate_total,mts_aggregate_2,2019,4.173
hrv,sex_m,edu_aggregate_total,mts_aggregate_2,2020,1.852
hrv,sex_m,edu_aggregate_total,mts_aggregate_2,2021,1.365
hrv,sex_m,edu_aggregate_total,mts_aggregate_2,2022,1.358
hrv,sex_m,edu_aggregate_total,mts_aggregate_2,2023,2.855
hrv,sex_m,edu_aggregate_total,mts_aggregate_total,2010,5.775
hrv,sex_m,edu_aggregate_total,mts_aggregate_total,2011,17.557
hrv,sex_m,edu_aggregate_total,mts_aggregate_total,2012,14.286
hrv,sex_m,edu_aggregate_total,mts_aggregate_total,2013,17.736
hrv,sex_m,edu_aggregate_total,mts_aggregate_total,2014,12.873
hrv,sex_m,edu_aggregate_total,mts_aggregate_total,2015,19.398
hrv,sex_m,edu_aggregate_total,mts_aggregate_total,2016,15.201
hrv,sex_m,edu_aggregate_total,mts_aggregate_total,2017,10.733
hrv,sex_m,edu_aggregate_total,mts_aggregate_total,2018,8.915
hrv,sex_m,edu_aggregate_total,mts_aggregate_total,2019,11.77
hrv,sex_m,edu_aggregate_total,mts_aggregate_total,2020,5.405
hrv,sex_m,edu_aggregate_total,mts_aggregate_total,2021,8.272
hrv,sex_m,edu_aggregate_total,mts_aggregate_total,2022,6.449
hrv,sex_m,edu_aggregate_total,mts_aggregate_total,2023,6.164
hrv,sex_m,edu_aggregate_total,mts_details_sgle,2010,4.104
hrv,sex_m,edu_aggregate_total,mts_details_sgle,2011,11.023
hrv,sex_m,edu_aggregate_total,mts_details_sgle,2012,7.299
hrv,sex_m,edu_aggregate_total,mts_details_sgle,2013,10.609
hrv,sex_m,edu_aggregate_total,mts_details_sgle,2014,7.535
hrv,sex_m,edu_aggregate_total,mts_details_sgle,2015,12.336
hrv,sex_m,edu_aggregate_total,mts_details_sgle,2016,9.62
hrv,sex_m,edu_aggregate_total,mts_details_sgle,2017,6.526
hrv,sex_m,edu_aggregate_total,mts_details_sgle,2018,5.294
hrv,sex_m,edu_aggregate_total,mts_details_sgle,2019,7.597
hrv,sex_m,edu_aggregate_total,mts_details_sgle,2020,3.553
hrv,sex_m,edu_aggregate_total,mts_details_sgle,2021,6.82
hrv,sex_m,edu_aggregate_total,mts_details_sgle,2022,4.712
hrv,sex_m,edu_aggregate_total,mts_details_sgle,2023,3.309
hrv,sex_m,edu_aggregate_total,mts_details_total,2010,5.775
hrv,sex_m,edu_aggregate_total,mts_details_total,2011,17.557
hrv,sex_m,edu_aggregate_total,mts_details_total,2012,14.286
hrv,sex_m,edu_aggregate_total,mts_details_total,2013,17.736
hrv,sex_m,edu_aggregate_total,mts_details_total,2014,12.873
hrv,sex_m,edu_aggregate_total,mts_details_total,2015,19.398
hrv,sex_m,edu_aggregate_total,mts_details_total,2016,15.201
hrv,sex_m,edu_aggregate_total,mts_details_total,2017,10.733
hrv,sex_m,edu_aggregate_total,mts_details_total,2018,8.915
hrv,sex_m,edu_aggregate_total,mts_details_total,2019,11.77
hrv,sex_m,edu_aggregate_total,mts_details_total,2020,5.405
hrv,sex_m,edu_aggregate_total,mts_details_total,2021,8.272
hrv,sex_m,edu_aggregate_total,mts_details_total,2022,6.449
hrv,sex_m,edu_aggregate_total,mts_details_total,2023,6.164
hrv,sex_m,edu_aggregate_total,mts_details_union,2011,5.969
hrv,sex_m,edu_aggregate_total,mts_details_union,2012,6.287
hrv,sex_m,edu_aggregate_total,mts_details_union,2013,6.197
hrv,sex_m,edu_aggregate_total,mts_details_union,2014,4.452
hrv,sex_m,edu_aggregate_total,mts_details_union,2015,7.062
hrv,sex_m,edu_aggregate_total,mts_details_union,2016,5.226
hrv,sex_m,edu_aggregate_total,mts_details_union,2017,4.076
hrv,sex_m,edu_aggregate_total,mts_details_union,2018,3.414
hrv,sex_m,edu_aggregate_total,mts_details_union,2019,4.173
hrv,sex_m,edu_aggregate_total,mts_details_union,2020,1.852
hrv,sex_m,edu_aggregate_total,mts_details_union,2021,1.365
hrv,sex_m,edu_aggregate_total,mts_details_union,2022,1.358
hrv,sex_m,edu_aggregate_total,mts_details_union,2023,2.855
hrv,sex_t,edu_aggregate_adv,mts_aggregate_1,2010,4.533
hrv,sex_t,edu_aggregate_adv,mts_aggregate_1,2011,6.618
hrv,sex_t,edu_aggregate_adv,mts_aggregate_1,2012,4.082
hrv,sex_t,edu_aggregate_adv,mts_aggregate_1,2013,6.991
hrv,sex_t,edu_aggregate_adv,mts_aggregate_1,2014,2.958
hrv,sex_t,edu_aggregate_adv,mts_aggregate_1,2015,6.705
hrv,sex_t,edu_aggregate_adv,mts_aggregate_1,2016,5.729
hrv,sex_t,edu_aggregate_adv,mts_aggregate_1,2017,2.098
hrv,sex_t,edu_aggregate_adv,mts_aggregate_1,2018,3.238
hrv,sex_t,edu_aggregate_adv,mts_aggregate_1,2019,3.468
hrv,sex_t,edu_aggregate_adv,mts_aggregate_1,2020,1.03
hrv,sex_t,edu_aggregate_adv,mts_aggregate_1,2021,3.597
hrv,sex_t,edu_aggregate_adv,mts_aggregate_1,2022,4.948
hrv,sex_t,edu_aggregate_adv,mts_aggregate_1,2023,3.825
hrv,sex_t,edu_aggregate_adv,mts_aggregate_2,2011,2.17
hrv,sex_t,edu_aggregate_adv,mts_aggregate_2,2012,2.401
hrv,sex_t,edu_aggregate_adv,mts_aggregate_2,2015,1.654
hrv,sex_t,edu_aggregate_adv,mts_aggregate_2,2016,1.936
hrv,sex_t,edu_aggregate_adv,mts_aggregate_2,2017,1.095
hrv,sex_t,edu_aggregate_adv,mts_aggregate_2,2018,1.208
hrv,sex_t,edu_aggregate_adv,mts_aggregate_2,2019,1.692
hrv,sex_t,edu_aggregate_adv,mts_aggregate_2,2021,1.141
hrv,sex_t,edu_aggregate_adv,mts_aggregate_2,2023,2.879
hrv,sex_t,edu_aggregate_adv,mts_aggregate_total,2010,6.106
hrv,sex_t,edu_aggregate_adv,mts_aggregate_total,2011,8.788
hrv,sex_t,edu_aggregate_adv,mts_aggregate_total,2012,6.482
hrv,sex_t,edu_aggregate_adv,mts_aggregate_total,2013,8.895
hrv,sex_t,edu_aggregate_adv,mts_aggregate_total,2014,4.451
hrv,sex_t,edu_aggregate_adv,mts_aggregate_total,2015,8.358
hrv,sex_t,edu_aggregate_adv,mts_aggregate_total,2016,7.665
hrv,sex_t,edu_aggregate_adv,mts_aggregate_total,2017,3.192
hrv,sex_t,edu_aggregate_adv,mts_aggregate_total,2018,4.446
hrv,sex_t,edu_aggregate_adv,mts_aggregate_total,2019,5.16
hrv,sex_t,edu_aggregate_adv,mts_aggregate_total,2020,1.461
hrv,sex_t,edu_aggregate_adv,mts_aggregate_total,2021,4.738
hrv,sex_t,edu_aggregate_adv,mts_aggregate_total,2022,5.558
hrv,sex_t,edu_aggregate_adv,mts_aggregate_total,2023,6.704
hrv,sex_t,edu_aggregate_adv,mts_details_sgle,2010,4.533
hrv,sex_t,edu_aggregate_adv,mts_details_sgle,2011,6.618
hrv,sex_t,edu_aggregate_adv,mts_details_sgle,2012,4.082
hrv,sex_t,edu_aggregate_adv,mts_details_sgle,2013,5.971
hrv,sex_t,edu_aggregate_adv,mts_details_sgle,2014,2.958
hrv,sex_t,edu_aggregate_adv,mts_details_sgle,2015,6.705
hrv,sex_t,edu_aggregate_adv,mts_details_sgle,2016,5.729
hrv,sex_t,edu_aggregate_adv,mts_details_sgle,2017,2.098
hrv,sex_t,edu_aggregate_adv,mts_details_sgle,2018,3.238
hrv,sex_t,edu_aggregate_adv,mts_details_sgle,2019,3.333
hrv,sex_t,edu_aggregate_adv,mts_details_sgle,2020,1.03
hrv,sex_t,edu_aggregate_adv,mts_details_sgle,2021,3.597
hrv,sex_t,edu_aggregate_adv,mts_details_sgle,2022,4.948
hrv,sex_t,edu_aggregate_adv,mts_details_sgle,2023,3.825
hrv,sex_t,edu_aggregate_adv,mts_details_total,2010,6.106
hrv,sex_t,edu_aggregate_adv,mts_details_total,2011,8.788
hrv,sex_t,edu_aggregate_adv,mts_details_total,2012,6.482
hrv,sex_t,edu_aggregate_adv,mts_details_total,2013,8.895
hrv,sex_t,edu_aggregate_adv,mts_details_total,2014,4.451
hrv,sex_t,edu_aggregate_adv,mts_details_total,2015,8.358
hrv,sex_t,edu_aggregate_adv,mts_details_total,2016,7.665
hrv,sex_t,edu_aggregate_adv,mts_details_total,2017,3.192
hrv,sex_t,edu_aggregate_adv,mts_details_total,2018,4.446
hrv,sex_t,edu_aggregate_adv,mts_details_total,2019,5.16
hrv,sex_t,edu_aggregate_adv,mts_details_total,2020,1.461
hrv,sex_t,edu_aggregate_adv,mts_details_total,2021,4.738
hrv,sex_t,edu_aggregate_adv,mts_details_total,2022,5.558
hrv,sex_t,edu_aggregate_adv,mts_details_total,2023,6.704
hrv,sex_t,edu_aggregate_adv,mts_details_union,2011,2.17
hrv,sex_t,edu_aggregate_adv,mts_details_union,2012,2.401
hrv,sex_t,edu_aggregate_adv,mts_details_union,2015,1.654
hrv,sex_t,edu_aggregate_adv,mts_details_union,2016,1.936
hrv,sex_t,edu_aggregate_adv,mts_details_union,2017,1.095
hrv,sex_t,edu_aggregate_adv,mts_details_union,2019,1.692
hrv,sex_t,edu_aggregate_adv,mts_details_union,2021,1.141
hrv,sex_t,edu_aggregate_adv,mts_details_union,2023,2.879
hrv,sex_t,edu_aggregate_bas,mts_aggregate_1,2011,2.167
hrv,sex_t,edu_aggregate_bas,mts_aggregate_1,2012,1.206
hrv,sex_t,edu_aggregate_bas,mts_aggregate_1,2013,1.72
hrv,sex_t,edu_aggregate_bas,mts_aggregate_1,2015,1.653
hrv,sex_t,edu_aggregate_bas,mts_aggregate_1,2016,1.701
hrv,sex_t,edu_aggregate_bas,mts_aggregate_1,2017,2.278
hrv,sex_t,edu_aggregate_bas,mts_aggregate_1,2018,1.74
hrv,sex_t,edu_aggregate_bas,mts_aggregate_1,2019,2.336
hrv,sex_t,edu_aggregate_bas,mts_aggregate_1,2020,0.999
hrv,sex_t,edu_aggregate_bas,mts_aggregate_1,2021,0.429
hrv,sex_t,edu_aggregate_bas,mts_aggregate_1,2022,1.996
hrv,sex_t,edu_aggregate_bas,mts_aggregate_2,2011,3.446
hrv,sex_t,edu_aggregate_bas,mts_aggregate_2,2012,4.46
hrv,sex_t,edu_aggregate_bas,mts_aggregate_2,2013,3.314
hrv,sex_t,edu_aggregate_bas,mts_aggregate_2,2014,3.001
hrv,sex_t,edu_aggregate_bas,mts_aggregate_2,2015,4.187
hrv,sex_t,edu_aggregate_bas,mts_aggregate_2,2016,5.745
hrv,sex_t,edu_aggregate_bas,mts_aggregate_2,2017,2.522
hrv,sex_t,edu_aggregate_bas,mts_aggregate_2,2018,2.154
hrv,sex_t,edu_aggregate_bas,mts_aggregate_2,2019,2.939
hrv,sex_t,edu_aggregate_bas,mts_aggregate_2,2020,2.026
hrv,sex_t,edu_aggregate_bas,mts_aggregate_2,2021,1.306
hrv,sex_t,edu_aggregate_bas,mts_aggregate_2,2022,0.382
hrv,sex_t,edu_aggregate_bas,mts_aggregate_2,2023,1.701
hrv,sex_t,edu_aggregate_bas,mts_aggregate_total,2010,3.211
hrv,sex_t,edu_aggregate_bas,mts_aggregate_total,2011,5.614
hrv,sex_t,edu_aggregate_bas,mts_aggregate_total,2012,5.665
hrv,sex_t,edu_aggregate_bas,mts_aggregate_total,2013,5.035
hrv,sex_t,edu_aggregate_bas,mts_aggregate_total,2014,5.511
hrv,sex_t,edu_aggregate_bas,mts_aggregate_total,2015,5.84
hrv,sex_t,edu_aggregate_bas,mts_aggregate_total,2016,7.446
hrv,sex_t,edu_aggregate_bas,mts_aggregate_total,2017,4.8
hrv,sex_t,edu_aggregate_bas,mts_aggregate_total,2018,3.894
hrv,sex_t,edu_aggregate_bas,mts_aggregate_total,2019,5.275
hrv,sex_t,edu_aggregate_bas,mts_aggregate_total,2020,3.025
hrv,sex_t,edu_aggregate_bas,mts_aggregate_total,2021,1.735
hrv,sex_t,edu_aggregate_bas,mts_aggregate_total,2022,2.378
hrv,sex_t,edu_aggregate_bas,mts_aggregate_total,2023,1.701
hrv,sex_t,edu_aggregate_bas,mts_details_sgle,2011,1.386
hrv,sex_t,edu_aggregate_bas,mts_details_sgle,2017,1.462
hrv,sex_t,edu_aggregate_bas,mts_details_sgle,2018,1.48
hrv,sex_t,edu_aggregate_bas,mts_details_sgle,2019,1.731
hrv,sex_t,edu_aggregate_bas,mts_details_sgle,2022,0.92
hrv,sex_t,edu_aggregate_bas,mts_details_total,2010,3.211
hrv,sex_t,edu_aggregate_bas,mts_details_total,2011,5.614
hrv,sex_t,edu_aggregate_bas,mts_details_total,2012,5.665
hrv,sex_t,edu_aggregate_bas,mts_details_total,2013,5.035
hrv,sex_t,edu_aggregate_bas,mts_details_total,2014,5.511
hrv,sex_t,edu_aggregate_bas,mts_details_total,2015,5.84
hrv,sex_t,edu_aggregate_bas,mts_details_total,2016,7.446
hrv,sex_t,edu_aggregate_bas,mts_details_total,2017,4.8
hrv,sex_t,edu_aggregate_bas,mts_details_total,2018,3.894
hrv,sex_t,edu_aggregate_bas,mts_details_total,2019,5.275
hrv,sex_t,edu_aggregate_bas,mts_details_total,2020,3.025
hrv,sex_t,edu_aggregate_bas,mts_details_total,2021,1.735
hrv,sex_t,edu_aggregate_bas,mts_details_total,2022,2.378
hrv,sex_t,edu_aggregate_bas,mts_details_total,2023,1.701
hrv,sex_t,edu_aggregate_bas,mts_details_union,2011,3.446
hrv,sex_t,edu_aggregate_bas,mts_details_union,2012,4.46
hrv,sex_t,edu_aggregate_bas,mts_details_union,2013,3.314
hrv,sex_t,edu_aggregate_bas,mts_details_union,2014,3.001
hrv,sex_t,edu_aggregate_bas,mts_details_union,2015,4.187
hrv,sex_t,edu_aggregate_bas,mts_details_union,2016,5.745
hrv,sex_t,edu_aggregate_bas,mts_details_union,2017,2.522
hrv,sex_t,edu_aggregate_bas,mts_details_union,2018,2.154
hrv,sex_t,edu_aggregate_bas,mts_details_union,2019,2.939
hrv,sex_t,edu_aggregate_bas,mts_details_union,2020,2.026
hrv,sex_t,edu_aggregate_bas,mts_details_union,2021,1.306
hrv,sex_t,edu_aggregate_bas,mts_details_union,2022,0.382
hrv,sex_t,edu_aggregate_bas,mts_details_union,2023,1.701
hrv,sex_t,edu_aggregate_int,mts_aggregate_1,2010,3.931
hrv,sex_t,edu_aggregate_int,mts_aggregate_1,2011,17.385
hrv,sex_t,edu_aggregate_int,mts_aggregate_1,2012,19.319
hrv,sex_t,edu_aggregate_int,mts_aggregate_1,2013,21.622
hrv,sex_t,edu_aggregate_int,mts_aggregate_1,2014,14.184
hrv,sex_t,edu_aggregate_int,mts_aggregate_1,2015,17.728
hrv,sex_t,edu_aggregate_int,mts_aggregate_1,2016,19.78
hrv,sex_t,edu_aggregate_int,mts_aggregate_1,2017,10.377
hrv,sex_t,edu_aggregate_int,mts_aggregate_1,2018,14.542
hrv,sex_t,edu_aggregate_int,mts_aggregate_1,2019,15.62
hrv,sex_t,edu_aggregate_int,mts_aggregate_1,2020,10.792
hrv,sex_t,edu_aggregate_int,mts_aggregate_1,2021,13.294
hrv,sex_t,edu_aggregate_int,mts_aggregate_1,2022,9.205
hrv,sex_t,edu_aggregate_int,mts_aggregate_1,2023,7.987
hrv,sex_t,edu_aggregate_int,mts_aggregate_2,2011,18.626
hrv,sex_t,edu_aggregate_int,mts_aggregate_2,2012,19.492
hrv,sex_t,edu_aggregate_int,mts_aggregate_2,2013,22.572
hrv,sex_t,edu_aggregate_int,mts_aggregate_2,2014,20.188
hrv,sex_t,edu_aggregate_int,mts_aggregate_2,2015,16.494
hrv,sex_t,edu_aggregate_int,mts_aggregate_2,2016,12.289
hrv,sex_t,edu_aggregate_int,mts_aggregate_2,2017,11.022
hrv,sex_t,edu_aggregate_int,mts_aggregate_2,2018,17.961
hrv,sex_t,edu_aggregate_int,mts_aggregate_2,2019,21.596
hrv,sex_t,edu_aggregate_int,mts_aggregate_2,2020,18.53
hrv,sex_t,edu_aggregate_int,mts_aggregate_2,2021,13.927
hrv,sex_t,edu_aggregate_int,mts_aggregate_2,2022,10.623
hrv,sex_t,edu_aggregate_int,mts_aggregate_2,2023,11.717
hrv,sex_t,edu_aggregate_int,mts_aggregate_total,2010,5.112
hrv,sex_t,edu_aggregate_int,mts_aggregate_total,2011,36.01
hrv,sex_t,edu_aggregate_int,mts_aggregate_total,2012,38.811
hrv,sex_t,edu_aggregate_int,mts_aggregate_total,2013,44.194
hrv,sex_t,edu_aggregate_int,mts_aggregate_total,2014,34.372
hrv,sex_t,edu_aggregate_int,mts_aggregate_total,2015,34.222
hrv,sex_t,edu_aggregate_int,mts_aggregate_total,2016,32.068
hrv,sex_t,edu_aggregate_int,mts_aggregate_total,2017,21.4
hrv,sex_t,edu_aggregate_int,mts_aggregate_total,2018,32.503
hrv,sex_t,edu_aggregate_int,mts_aggregate_total,2019,37.217
hrv,sex_t,edu_aggregate_int,mts_aggregate_total,2020,29.322
hrv,sex_t,edu_aggregate_int,mts_aggregate_total,2021,27.221
hrv,sex_t,edu_aggregate_int,mts_aggregate_total,2022,19.828
hrv,sex_t,edu_aggregate_int,mts_aggregate_total,2023,19.703
hrv,sex_t,edu_aggregate_int,mts_details_sep,2012,1.982
hrv,sex_t,edu_aggregate_int,mts_details_sep,2013,1.736
hrv,sex_t,edu_aggregate_int,mts_details_sep,2014,2.081
hrv,sex_t,edu_aggregate_int,mts_details_sep,2016,2.207
hrv,sex_t,edu_aggregate_int,mts_details_sep,2018,1.764
hrv,sex_t,edu_aggregate_int,mts_details_sep,2019,1.483
hrv,sex_t,edu_aggregate_int,mts_details_sep,2020,1.338
hrv,sex_t,edu_aggregate_int,mts_details_sep,2021,0.9
hrv,sex_t,edu_aggregate_int,mts_details_sep,2022,1.087
hrv,sex_t,edu_aggregate_int,mts_details_sep,2023,1.464
hrv,sex_t,edu_aggregate_int,mts_details_sgle,2010,3.931
hrv,sex_t,edu_aggregate_int,mts_details_sgle,2011,15.943
hrv,sex_t,edu_aggregate_int,mts_details_sgle,2012,17.046
hrv,sex_t,edu_aggregate_int,mts_details_sgle,2013,19.609
hrv,sex_t,edu_aggregate_int,mts_details_sgle,2014,12.104
hrv,sex_t,edu_aggregate_int,mts_details_sgle,2015,16.247
hrv,sex_t,edu_aggregate_int,mts_details_sgle,2016,17.573
hrv,sex_t,edu_aggregate_int,mts_details_sgle,2017,9.556
hrv,sex_t,edu_aggregate_int,mts_details_sgle,2018,12.338
hrv,sex_t,edu_aggregate_int,mts_details_sgle,2019,13.925
hrv,sex_t,edu_aggregate_int,mts_details_sgle,2020,8.957
hrv,sex_t,edu_aggregate_int,mts_details_sgle,2021,11.974
hrv,sex_t,edu_aggregate_int,mts_details_sgle,2022,7.644
hrv,sex_t,edu_aggregate_int,mts_details_sgle,2023,5.896
hrv,sex_t,edu_aggregate_int,mts_details_total,2010,5.112
hrv,sex_t,edu_aggregate_int,mts_details_total,2011,36.01
hrv,sex_t,edu_aggregate_int,mts_details_total,2012,38.811
hrv,sex_t,edu_aggregate_int,mts_details_total,2013,44.194
hrv,sex_t,edu_aggregate_int,mts_details_total,2014,34.372
hrv,sex_t,edu_aggregate_int,mts_details_total,2015,34.222
hrv,sex_t,edu_aggregate_int,mts_details_total,2016,32.068
hrv,sex_t,edu_aggregate_int,mts_details_total,2017,21.4
hrv,sex_t,edu_aggregate_int,mts_details_total,2018,32.503
hrv,sex_t,edu_aggregate_int,mts_details_total,2019,37.217
hrv,sex_t,edu_aggregate_int,mts_details_total,2020,29.322
hrv,sex_t,edu_aggregate_int,mts_details_total,2021,27.221
hrv,sex_t,edu_aggregate_int,mts_details_total,2022,19.828
hrv,sex_t,edu_aggregate_int,mts_details_total,2023,19.703
hrv,sex_t,edu_aggregate_int,mts_details_union,2011,18.405
hrv,sex_t,edu_aggregate_int,mts_details_union,2012,19.092
hrv,sex_t,edu_aggregate_int,mts_details_union,2013,22.572
hrv,sex_t,edu_aggregate_int,mts_details_union,2014,20.188
hrv,sex_t,edu_aggregate_int,mts_details_union,2015,16.354
hrv,sex_t,edu_aggregate_int,mts_details_union,2016,11.906
hrv,sex_t,edu_aggregate_int,mts_details_union,2017,10.795
hrv,sex_t,edu_aggregate_int,mts_details_union,2018,17.895
hrv,sex_t,edu_aggregate_int,mts_details_union,2019,21.596
hrv,sex_t,edu_aggregate_int,mts_details_union,2020,18.176
hrv,sex_t,edu_aggregate_int,mts_details_union,2021,13.613
hrv,sex_t,edu_aggregate_int,mts_details_union,2022,10.165
hrv,sex_t,edu_aggregate_int,mts_details_union,2023,11.717
hrv,sex_t,edu_aggregate_int,mts_details_wid,2011,1.076
hrv,sex_t,edu_aggregate_total,mts_aggregate_1,2010,9.768
hrv,sex_t,edu_aggregate_total,mts_aggregate_1,2011,26.169
hrv,sex_t,edu_aggregate_total,mts_aggregate_1,2012,24.606
hrv,sex_t,edu_aggregate_total,mts_aggregate_1,2013,30.334
hrv,sex_t,edu_aggregate_total,mts_aggregate_1,2014,19.652
hrv,sex_t,edu_aggregate_total,mts_aggregate_1,2015,26.086
hrv,sex_t,edu_aggregate_total,mts_aggregate_1,2016,27.21
hrv,sex_t,edu_aggregate_total,mts_aggregate_1,2017,14.753
hrv,sex_t,edu_aggregate_total,mts_aggregate_1,2018,19.52
hrv,sex_t,edu_aggregate_total,mts_aggregate_1,2019,21.425
hrv,sex_t,edu_aggregate_total,mts_aggregate_1,2020,12.82
hrv,sex_t,edu_aggregate_total,mts_aggregate_1,2021,17.319
hrv,sex_t,edu_aggregate_total,mts_aggregate_1,2022,16.15
hrv,sex_t,edu_aggregate_total,mts_aggregate_1,2023,11.811
hrv,sex_t,edu_aggregate_total,mts_aggregate_2,2010,4.661
hrv,sex_t,edu_aggregate_total,mts_aggregate_2,2011,24.242
hrv,sex_t,edu_aggregate_total,mts_aggregate_2,2012,26.352
hrv,sex_t,edu_aggregate_total,mts_aggregate_2,2013,27.789
hrv,sex_t,edu_aggregate_total,mts_aggregate_2,2014,24.682
hrv,sex_t,edu_aggregate_total,mts_aggregate_2,2015,22.335
hrv,sex_t,edu_aggregate_total,mts_aggregate_2,2016,19.969
hrv,sex_t,edu_aggregate_total,mts_aggregate_2,2017,14.639
hrv,sex_t,edu_aggregate_total,mts_aggregate_2,2018,21.323
hrv,sex_t,edu_aggregate_total,mts_aggregate_2,2019,26.227
hrv,sex_t,edu_aggregate_total,mts_aggregate_2,2020,20.988
hrv,sex_t,edu_aggregate_total,mts_aggregate_2,2021,16.375
hrv,sex_t,edu_aggregate_total,mts_aggregate_2,2022,11.615
hrv,sex_t,edu_aggregate_total,mts_aggregate_2,2023,16.358
hrv,sex_t,edu_aggregate_total,mts_aggregate_total,2010,14.429
hrv,sex_t,edu_aggregate_total,mts_aggregate_total,2011,50.412
hrv,sex_t,edu_aggregate_total,mts_aggregate_total,2012,50.959
hrv,sex_t,edu_aggregate_total,mts_aggregate_total,2013,58.123
hrv,sex_t,edu_aggregate_total,mts_aggregate_total,2014,44.334
hrv,sex_t,edu_aggregate_total,mts_aggregate_total,2015,48.42
hrv,sex_t,edu_aggregate_total,mts_aggregate_total,2016,47.179
hrv,sex_t,edu_aggregate_total,mts_aggregate_total,2017,29.392
hrv,sex_t,edu_aggregate_total,mts_aggregate_total,2018,40.843
hrv,sex_t,edu_aggregate_total,mts_aggregate_total,2019,47.652
hrv,sex_t,edu_aggregate_total,mts_aggregate_total,2020,33.808
hrv,sex_t,edu_aggregate_total,mts_aggregate_total,2021,33.694
hrv,sex_t,edu_aggregate_total,mts_aggregate_total,2022,27.764
hrv,sex_t,edu_aggregate_total,mts_aggregate_total,2023,28.169
hrv,sex_t,edu_aggregate_total,mts_details_sep,2012,2.319
hrv,sex_t,edu_aggregate_total,mts_details_sep,2013,3.087
hrv,sex_t,edu_aggregate_total,mts_details_sep,2014,2.213
hrv,sex_t,edu_aggregate_total,mts_details_sep,2015,1.702
hrv,sex_t,edu_aggregate_total,mts_details_sep,2016,2.424
hrv,sex_t,edu_aggregate_total,mts_details_sep,2018,1.968
hrv,sex_t,edu_aggregate_total,mts_details_sep,2019,1.79
hrv,sex_t,edu_aggregate_total,mts_details_sep,2020,1.61
hrv,sex_t,edu_aggregate_total,mts_details_sep,2021,1.126
hrv,sex_t,edu_aggregate_total,mts_details_sep,2022,2.067
hrv,sex_t,edu_aggregate_total,mts_details_sep,2023,1.464
hrv,sex_t,edu_aggregate_total,mts_details_sgle,2010,9.768
hrv,sex_t,edu_aggregate_total,mts_details_sgle,2011,23.946
hrv,sex_t,edu_aggregate_total,mts_details_sgle,2012,21.476
hrv,sex_t,edu_aggregate_total,mts_details_sgle,2013,26.171
hrv,sex_t,edu_aggregate_total,mts_details_sgle,2014,16.184
hrv,sex_t,edu_aggregate_total,mts_details_sgle,2015,23.865
hrv,sex_t,edu_aggregate_total,mts_details_sgle,2016,23.974
hrv,sex_t,edu_aggregate_total,mts_details_sgle,2017,13.116
hrv,sex_t,edu_aggregate_total,mts_details_sgle,2018,17.056
hrv,sex_t,edu_aggregate_total,mts_details_sgle,2019,18.989
hrv,sex_t,edu_aggregate_total,mts_details_sgle,2020,10.63
hrv,sex_t,edu_aggregate_total,mts_details_sgle,2021,15.698
hrv,sex_t,edu_aggregate_total,mts_details_sgle,2022,13.512
hrv,sex_t,edu_aggregate_total,mts_details_sgle,2023,9.721
hrv,sex_t,edu_aggregate_total,mts_details_total,2010,14.429
hrv,sex_t,edu_aggregate_total,mts_details_total,2011,50.412
hrv,sex_t,edu_aggregate_total,mts_details_total,2012,50.959
hrv,sex_t,edu_aggregate_total,mts_details_total,2013,58.123
hrv,sex_t,edu_aggregate_total,mts_details_total,2014,44.334
hrv,sex_t,edu_aggregate_total,mts_details_total,2015,48.42
hrv,sex_t,edu_aggregate_total,mts_details_total,2016,47.179
hrv,sex_t,edu_aggregate_total,mts_details_total,2017,29.392
hrv,sex_t,edu_aggregate_total,mts_details_total,2018,40.843
hrv,sex_t,edu_aggregate_total,mts_details_total,2019,47.652
hrv,sex_t,edu_aggregate_total,mts_details_total,2020,33.808
hrv,sex_t,edu_aggregate_total,mts_details_total,2021,33.694
hrv,sex_t,edu_aggregate_total,mts_details_total,2022,27.764
hrv,sex_t,edu_aggregate_total,mts_details_total,2023,28.169
hrv,sex_t,edu_aggregate_total,mts_details_union,2010,4.4
hrv,sex_t,edu_aggregate_total,mts_details_union,2011,24.021
hrv,sex_t,edu_aggregate_total,mts_details_union,2012,25.953
hrv,sex_t,edu_aggregate_total,mts_details_union,2013,27.789
hrv,sex_t,edu_aggregate_total,mts_details_union,2014,24.682
hrv,sex_t,edu_aggregate_total,mts_details_union,2015,22.195
hrv,sex_t,edu_aggregate_total,mts_details_union,2016,19.586
hrv,sex_t,edu_aggregate_total,mts_details_union,2017,14.411
hrv,sex_t,edu_aggregate_total,mts_details_union,2018,21.009
hrv,sex_t,edu_aggregate_total,mts_details_union,2019,26.227
hrv,sex_t,edu_aggregate_total,mts_details_union,2020,20.634
hrv,sex_t,edu_aggregate_total,mts_details_union,2021,16.06
hrv,sex_t,edu_aggregate_total,mts_details_union,2022,11.157
hrv,sex_t,edu_aggregate_total,mts_details_union,2023,16.358
hrv,sex_t,edu_aggregate_total,mts_details_wid,2011,1.568
hrv,sex_t,edu_aggregate_total,mts_details_wid,2017,1.078
