ref_area,sex,classif1,classif2,time,emp_temp_sex_age_edu_dt
rou,sex_f,age_10yrbands_total,edu_aggregate_adv,1997,12.0418
rou,sex_f,age_10yrbands_total,edu_aggregate_adv,1998,7.8812
rou,sex_f,age_10yrbands_total,edu_aggregate_adv,1999,7.7431
rou,sex_f,age_10yrbands_total,edu_aggregate_adv,2000,8.1479
rou,sex_f,age_10yrbands_total,edu_aggregate_adv,2001,8.9711
rou,sex_f,age_10yrbands_total,edu_aggregate_adv,2002,10.4114
rou,sex_f,age_10yrbands_total,edu_aggregate_adv,2003,10.744
rou,sex_f,age_10yrbands_total,edu_aggregate_adv,2004,12.2539
rou,sex_f,age_10yrbands_total,edu_aggregate_adv,2005,13.4118
rou,sex_f,age_10yrbands_total,edu_aggregate_adv,2006,14.3043
rou,sex_f,age_10yrbands_total,edu_aggregate_adv,2007,14.7617
rou,sex_f,age_10yrbands_total,edu_aggregate_adv,2008,16.2582
rou,sex_f,age_10yrbands_total,edu_aggregate_adv,2009,17.5636
rou,sex_f,age_10yrbands_total,edu_aggregate_adv,2010,17.7022
rou,sex_f,age_10yrbands_total,edu_aggregate_adv,2011,19.3803
rou,sex_f,age_10yrbands_total,edu_aggregate_adv,2012,20.2109
rou,sex_f,age_10yrbands_total,edu_aggregate_adv,2013,21.059
rou,sex_f,age_10yrbands_total,edu_aggregate_adv,2014,21.2393
rou,sex_f,age_10yrbands_total,edu_aggregate_adv,2015,23.664
rou,sex_f,age_10yrbands_total,edu_aggregate_adv,2016,24.2193
rou,sex_f,age_10yrbands_total,edu_aggregate_adv,2017,24.5501
rou,sex_f,age_10yrbands_total,edu_aggregate_adv,2018,24.6975
rou,sex_f,age_10yrbands_total,edu_aggregate_adv,2019,25.687
rou,sex_f,age_10yrbands_total,edu_aggregate_bas,1997,42.0274
rou,sex_f,age_10yrbands_total,edu_aggregate_bas,1998,41.4911
rou,sex_f,age_10yrbands_total,edu_aggregate_bas,1999,42.5933
rou,sex_f,age_10yrbands_total,edu_aggregate_bas,2000,42.3017
rou,sex_f,age_10yrbands_total,edu_aggregate_bas,2001,38.7744
rou,sex_f,age_10yrbands_total,edu_aggregate_bas,2002,34.6204
rou,sex_f,age_10yrbands_total,edu_aggregate_bas,2003,34.3107
rou,sex_f,age_10yrbands_total,edu_aggregate_bas,2004,29.7225
rou,sex_f,age_10yrbands_total,edu_aggregate_bas,2005,28.4974
rou,sex_f,age_10yrbands_total,edu_aggregate_bas,2006,26.7354
rou,sex_f,age_10yrbands_total,edu_aggregate_bas,2007,26.7077
rou,sex_f,age_10yrbands_total,edu_aggregate_bas,2008,26.3456
rou,sex_f,age_10yrbands_total,edu_aggregate_bas,2009,26.7183
rou,sex_f,age_10yrbands_total,edu_aggregate_bas,2010,27.6073
rou,sex_f,age_10yrbands_total,edu_aggregate_bas,2011,26.2622
rou,sex_f,age_10yrbands_total,edu_aggregate_bas,2012,25.7266
rou,sex_f,age_10yrbands_total,edu_aggregate_bas,2013,24.9877
rou,sex_f,age_10yrbands_total,edu_aggregate_bas,2014,26.2807
rou,sex_f,age_10yrbands_total,edu_aggregate_bas,2015,22.2496
rou,sex_f,age_10yrbands_total,edu_aggregate_bas,2016,19.8306
rou,sex_f,age_10yrbands_total,edu_aggregate_bas,2017,18.7244
rou,sex_f,age_10yrbands_total,edu_aggregate_bas,2018,18.0396
rou,sex_f,age_10yrbands_total,edu_aggregate_bas,2019,17.1834
rou,sex_f,age_10yrbands_total,edu_aggregate_int,1997,45.9328
rou,sex_f,age_10yrbands_total,edu_aggregate_int,1998,50.6277
rou,sex_f,age_10yrbands_total,edu_aggregate_int,1999,49.6636
rou,sex_f,age_10yrbands_total,edu_aggregate_int,2000,49.5504
rou,sex_f,age_10yrbands_total,edu_aggregate_int,2001,50.1184
rou,sex_f,age_10yrbands_total,edu_aggregate_int,2002,53.0279
rou,sex_f,age_10yrbands_total,edu_aggregate_int,2003,53.4104
rou,sex_f,age_10yrbands_total,edu_aggregate_int,2004,56.565
rou,sex_f,age_10yrbands_total,edu_aggregate_int,2005,56.9423
rou,sex_f,age_10yrbands_total,edu_aggregate_int,2006,58.1015
rou,sex_f,age_10yrbands_total,edu_aggregate_int,2007,57.6395
rou,sex_f,age_10yrbands_total,edu_aggregate_int,2008,56.5943
rou,sex_f,age_10yrbands_total,edu_aggregate_int,2009,55.0959
rou,sex_f,age_10yrbands_total,edu_aggregate_int,2010,54.0211
rou,sex_f,age_10yrbands_total,edu_aggregate_int,2011,53.9038
rou,sex_f,age_10yrbands_total,edu_aggregate_int,2012,53.7188
rou,sex_f,age_10yrbands_total,edu_aggregate_int,2013,53.6297
rou,sex_f,age_10yrbands_total,edu_aggregate_int,2014,52.2004
rou,sex_f,age_10yrbands_total,edu_aggregate_int,2015,53.7411
rou,sex_f,age_10yrbands_total,edu_aggregate_int,2016,55.7158
rou,sex_f,age_10yrbands_total,edu_aggregate_int,2017,56.4767
rou,sex_f,age_10yrbands_total,edu_aggregate_int,2018,56.992
rou,sex_f,age_10yrbands_total,edu_aggregate_int,2019,56.882
rou,sex_f,age_10yrbands_total,edu_aggregate_ltb,2001,2.1361
rou,sex_f,age_10yrbands_total,edu_aggregate_ltb,2002,1.9403
rou,sex_f,age_10yrbands_total,edu_aggregate_ltb,2003,1.5349
rou,sex_f,age_10yrbands_total,edu_aggregate_ltb,2004,1.4586
rou,sex_f,age_10yrbands_total,edu_aggregate_ltb,2005,1.1485
rou,sex_f,age_10yrbands_total,edu_aggregate_ltb,2006,0.8588
rou,sex_f,age_10yrbands_total,edu_aggregate_ltb,2007,0.8911
rou,sex_f,age_10yrbands_total,edu_aggregate_ltb,2008,0.8019
rou,sex_f,age_10yrbands_total,edu_aggregate_ltb,2009,0.6221
rou,sex_f,age_10yrbands_total,edu_aggregate_ltb,2010,0.6694
rou,sex_f,age_10yrbands_total,edu_aggregate_ltb,2011,0.4537
rou,sex_f,age_10yrbands_total,edu_aggregate_ltb,2012,0.3437
rou,sex_f,age_10yrbands_total,edu_aggregate_ltb,2013,0.3237
rou,sex_f,age_10yrbands_total,edu_aggregate_ltb,2014,0.2796
rou,sex_f,age_10yrbands_total,edu_aggregate_ltb,2015,0.3453
rou,sex_f,age_10yrbands_total,edu_aggregate_ltb,2016,0.2343
rou,sex_f,age_10yrbands_total,edu_aggregate_ltb,2017,0.2488
rou,sex_f,age_10yrbands_total,edu_aggregate_ltb,2018,0.2709
rou,sex_f,age_10yrbands_total,edu_aggregate_ltb,2019,0.2477
rou,sex_f,age_10yrbands_total,edu_aggregate_total,1997,100
rou,sex_f,age_10yrbands_total,edu_aggregate_total,1998,100
rou,sex_f,age_10yrbands_total,edu_aggregate_total,1999,100
rou,sex_f,age_10yrbands_total,edu_aggregate_total,2000,100
rou,sex_f,age_10yrbands_total,edu_aggregate_total,2001,100
rou,sex_f,age_10yrbands_total,edu_aggregate_total,2002,100
rou,sex_f,age_10yrbands_total,edu_aggregate_total,2003,100
rou,sex_f,age_10yrbands_total,edu_aggregate_total,2004,100
rou,sex_f,age_10yrbands_total,edu_aggregate_total,2005,100
rou,sex_f,age_10yrbands_total,edu_aggregate_total,2006,100
rou,sex_f,age_10yrbands_total,edu_aggregate_total,2007,100
rou,sex_f,age_10yrbands_total,edu_aggregate_total,2008,100
rou,sex_f,age_10yrbands_total,edu_aggregate_total,2009,100
rou,sex_f,age_10yrbands_total,edu_aggregate_total,2010,100
rou,sex_f,age_10yrbands_total,edu_aggregate_total,2011,100
rou,sex_f,age_10yrbands_total,edu_aggregate_total,2012,100
rou,sex_f,age_10yrbands_total,edu_aggregate_total,2013,100
rou,sex_f,age_10yrbands_total,edu_aggregate_total,2014,100
rou,sex_f,age_10yrbands_total,edu_aggregate_total,2015,100
rou,sex_f,age_10yrbands_total,edu_aggregate_total,2016,100
rou,sex_f,age_10yrbands_total,edu_aggregate_total,2017,100
rou,sex_f,age_10yrbands_total,edu_aggregate_total,2018,100
rou,sex_f,age_10yrbands_total,edu_aggregate_total,2019,100
rou,sex_f,age_10yrbands_total,edu_isced11_0,2014,0.2796
rou,sex_f,age_10yrbands_total,edu_isced11_0,2015,0.3453
rou,sex_f,age_10yrbands_total,edu_isced11_0,2016,0.2343
rou,sex_f,age_10yrbands_total,edu_isced11_0,2017,0.2488
rou,sex_f,age_10yrbands_total,edu_isced11_0,2018,0.2709
rou,sex_f,age_10yrbands_total,edu_isced11_0,2019,0.2477
rou,sex_f,age_10yrbands_total,edu_isced11_1,2014,3.9453
rou,sex_f,age_10yrbands_total,edu_isced11_1,2015,3.2515
rou,sex_f,age_10yrbands_total,edu_isced11_1,2016,2.6742
rou,sex_f,age_10yrbands_total,edu_isced11_1,2017,2.3675
rou,sex_f,age_10yrbands_total,edu_isced11_1,2018,2.2145
rou,sex_f,age_10yrbands_total,edu_isced11_1,2019,2.0592
rou,sex_f,age_10yrbands_total,edu_isced11_2,2014,22.3354
rou,sex_f,age_10yrbands_total,edu_isced11_2,2015,18.9982
rou,sex_f,age_10yrbands_total,edu_isced11_2,2016,17.1564
rou,sex_f,age_10yrbands_total,edu_isced11_2,2017,16.3569
rou,sex_f,age_10yrbands_total,edu_isced11_2,2018,15.8251
rou,sex_f,age_10yrbands_total,edu_isced11_2,2019,15.1241
rou,sex_f,age_10yrbands_total,edu_isced11_3,2014,47.6923
rou,sex_f,age_10yrbands_total,edu_isced11_3,2015,49.2274
rou,sex_f,age_10yrbands_total,edu_isced11_3,2016,51.4351
rou,sex_f,age_10yrbands_total,edu_isced11_3,2017,52.3419
rou,sex_f,age_10yrbands_total,edu_isced11_3,2018,52.5986
rou,sex_f,age_10yrbands_total,edu_isced11_3,2019,52.4009
rou,sex_f,age_10yrbands_total,edu_isced11_4,2014,4.5081
rou,sex_f,age_10yrbands_total,edu_isced11_4,2015,4.5136
rou,sex_f,age_10yrbands_total,edu_isced11_4,2016,4.2807
rou,sex_f,age_10yrbands_total,edu_isced11_4,2017,4.1348
rou,sex_f,age_10yrbands_total,edu_isced11_4,2018,4.3935
rou,sex_f,age_10yrbands_total,edu_isced11_4,2019,4.4811
rou,sex_f,age_10yrbands_total,edu_isced11_5,2014,0.7617
rou,sex_f,age_10yrbands_total,edu_isced11_5,2015,0.6134
rou,sex_f,age_10yrbands_total,edu_isced11_5,2016,0.5945
rou,sex_f,age_10yrbands_total,edu_isced11_5,2017,0.5245
rou,sex_f,age_10yrbands_total,edu_isced11_5,2018,0.4952
rou,sex_f,age_10yrbands_total,edu_isced11_5,2019,0.8289
rou,sex_f,age_10yrbands_total,edu_isced11_6,2014,6.7958
rou,sex_f,age_10yrbands_total,edu_isced11_6,2015,6.4891
rou,sex_f,age_10yrbands_total,edu_isced11_6,2016,5.9539
rou,sex_f,age_10yrbands_total,edu_isced11_6,2017,6.575
rou,sex_f,age_10yrbands_total,edu_isced11_6,2018,6.6664
rou,sex_f,age_10yrbands_total,edu_isced11_6,2019,7.0675
rou,sex_f,age_10yrbands_total,edu_isced11_7,2014,13.5509
rou,sex_f,age_10yrbands_total,edu_isced11_7,2015,16.4663
rou,sex_f,age_10yrbands_total,edu_isced11_7,2016,17.5867
rou,sex_f,age_10yrbands_total,edu_isced11_7,2017,17.3422
rou,sex_f,age_10yrbands_total,edu_isced11_7,2018,17.4209
rou,sex_f,age_10yrbands_total,edu_isced11_7,2019,17.5893
rou,sex_f,age_10yrbands_total,edu_isced11_8,2015,0.0952
rou,sex_f,age_10yrbands_total,edu_isced11_8,2016,0.0842
rou,sex_f,age_10yrbands_total,edu_isced11_8,2017,0.1084
rou,sex_f,age_10yrbands_total,edu_isced11_8,2019,0.2012
rou,sex_f,age_10yrbands_total,edu_isced11_total,2014,100
rou,sex_f,age_10yrbands_total,edu_isced11_total,2015,100
rou,sex_f,age_10yrbands_total,edu_isced11_total,2016,100
rou,sex_f,age_10yrbands_total,edu_isced11_total,2017,100
rou,sex_f,age_10yrbands_total,edu_isced11_total,2018,100
rou,sex_f,age_10yrbands_total,edu_isced11_total,2019,100
rou,sex_f,age_10yrbands_total,edu_isced97_0,2001,2.1361
rou,sex_f,age_10yrbands_total,edu_isced97_0,2002,1.9403
rou,sex_f,age_10yrbands_total,edu_isced97_0,2003,1.5349
rou,sex_f,age_10yrbands_total,edu_isced97_0,2004,1.4586
rou,sex_f,age_10yrbands_total,edu_isced97_0,2005,1.1485
rou,sex_f,age_10yrbands_total,edu_isced97_0,2006,0.8588
rou,sex_f,age_10yrbands_total,edu_isced97_0,2007,0.8911
rou,sex_f,age_10yrbands_total,edu_isced97_0,2008,0.8019
rou,sex_f,age_10yrbands_total,edu_isced97_0,2009,0.6221
rou,sex_f,age_10yrbands_total,edu_isced97_0,2010,0.6694
rou,sex_f,age_10yrbands_total,edu_isced97_0,2011,0.4537
rou,sex_f,age_10yrbands_total,edu_isced97_0,2012,0.3437
rou,sex_f,age_10yrbands_total,edu_isced97_0,2013,0.3237
rou,sex_f,age_10yrbands_total,edu_isced97_1,1998,19.5784
rou,sex_f,age_10yrbands_total,edu_isced97_1,1999,19.8316
rou,sex_f,age_10yrbands_total,edu_isced97_1,2000,18.5536
rou,sex_f,age_10yrbands_total,edu_isced97_1,2001,15.7457
rou,sex_f,age_10yrbands_total,edu_isced97_1,2002,12.4291
rou,sex_f,age_10yrbands_total,edu_isced97_1,2003,10.5066
rou,sex_f,age_10yrbands_total,edu_isced97_1,2004,8.6705
rou,sex_f,age_10yrbands_total,edu_isced97_1,2005,8.2982
rou,sex_f,age_10yrbands_total,edu_isced97_1,2006,7.1806
rou,sex_f,age_10yrbands_total,edu_isced97_1,2007,6.9401
rou,sex_f,age_10yrbands_total,edu_isced97_1,2008,6.5099
rou,sex_f,age_10yrbands_total,edu_isced97_1,2009,6.1035
rou,sex_f,age_10yrbands_total,edu_isced97_1,2010,5.9495
rou,sex_f,age_10yrbands_total,edu_isced97_1,2011,5.2417
rou,sex_f,age_10yrbands_total,edu_isced97_1,2012,4.8299
rou,sex_f,age_10yrbands_total,edu_isced97_1,2013,4.4231
rou,sex_f,age_10yrbands_total,edu_isced97_2,1998,21.9127
rou,sex_f,age_10yrbands_total,edu_isced97_2,1999,22.7618
rou,sex_f,age_10yrbands_total,edu_isced97_2,2000,23.7481
rou,sex_f,age_10yrbands_total,edu_isced97_2,2001,23.0287
rou,sex_f,age_10yrbands_total,edu_isced97_2,2002,22.1912
rou,sex_f,age_10yrbands_total,edu_isced97_2,2003,23.8041
rou,sex_f,age_10yrbands_total,edu_isced97_2,2004,21.052
rou,sex_f,age_10yrbands_total,edu_isced97_2,2005,20.1993
rou,sex_f,age_10yrbands_total,edu_isced97_2,2006,19.5548
rou,sex_f,age_10yrbands_total,edu_isced97_2,2007,19.7676
rou,sex_f,age_10yrbands_total,edu_isced97_2,2008,19.8357
rou,sex_f,age_10yrbands_total,edu_isced97_2,2009,20.6148
rou,sex_f,age_10yrbands_total,edu_isced97_2,2010,21.6579
rou,sex_f,age_10yrbands_total,edu_isced97_2,2011,21.0205
rou,sex_f,age_10yrbands_total,edu_isced97_2,2012,20.8967
rou,sex_f,age_10yrbands_total,edu_isced97_2,2013,20.5646
rou,sex_f,age_10yrbands_total,edu_isced97_3,1998,50.6277
rou,sex_f,age_10yrbands_total,edu_isced97_3,1999,49.6636
rou,sex_f,age_10yrbands_total,edu_isced97_3,2000,49.5504
rou,sex_f,age_10yrbands_total,edu_isced97_3,2001,50.1184
rou,sex_f,age_10yrbands_total,edu_isced97_3,2002,48.2268
rou,sex_f,age_10yrbands_total,edu_isced97_3,2003,49.1285
rou,sex_f,age_10yrbands_total,edu_isced97_3,2004,51.3865
rou,sex_f,age_10yrbands_total,edu_isced97_3,2005,51.9608
rou,sex_f,age_10yrbands_total,edu_isced97_3,2006,53.0187
rou,sex_f,age_10yrbands_total,edu_isced97_3,2007,52.8444
rou,sex_f,age_10yrbands_total,edu_isced97_3,2008,51.8866
rou,sex_f,age_10yrbands_total,edu_isced97_3,2009,50.3388
rou,sex_f,age_10yrbands_total,edu_isced97_3,2010,49.3605
rou,sex_f,age_10yrbands_total,edu_isced97_3,2011,49.2982
rou,sex_f,age_10yrbands_total,edu_isced97_3,2012,49.2896
rou,sex_f,age_10yrbands_total,edu_isced97_3,2013,49.2864
rou,sex_f,age_10yrbands_total,edu_isced97_4,2002,4.8012
rou,sex_f,age_10yrbands_total,edu_isced97_4,2003,4.2819
rou,sex_f,age_10yrbands_total,edu_isced97_4,2004,5.1785
rou,sex_f,age_10yrbands_total,edu_isced97_4,2005,4.9814
rou,sex_f,age_10yrbands_total,edu_isced97_4,2006,5.0828
rou,sex_f,age_10yrbands_total,edu_isced97_4,2007,4.7952
rou,sex_f,age_10yrbands_total,edu_isced97_4,2008,4.7077
rou,sex_f,age_10yrbands_total,edu_isced97_4,2009,4.7571
rou,sex_f,age_10yrbands_total,edu_isced97_4,2010,4.6605
rou,sex_f,age_10yrbands_total,edu_isced97_4,2011,4.6056
rou,sex_f,age_10yrbands_total,edu_isced97_4,2012,4.4291
rou,sex_f,age_10yrbands_total,edu_isced97_4,2013,4.3433
rou,sex_f,age_10yrbands_total,edu_isced97_5,1998,7.8812
rou,sex_f,age_10yrbands_total,edu_isced97_5,1999,7.7431
rou,sex_f,age_10yrbands_total,edu_isced97_5,2000,8.1479
rou,sex_f,age_10yrbands_total,edu_isced97_5,2001,8.9711
rou,sex_f,age_10yrbands_total,edu_isced97_5,2002,10.3508
rou,sex_f,age_10yrbands_total,edu_isced97_5,2003,10.6843
rou,sex_f,age_10yrbands_total,edu_isced97_5,2004,12.1128
rou,sex_f,age_10yrbands_total,edu_isced97_5,2005,13.2643
rou,sex_f,age_10yrbands_total,edu_isced97_5,2006,14.2041
rou,sex_f,age_10yrbands_total,edu_isced97_5,2007,14.6609
rou,sex_f,age_10yrbands_total,edu_isced97_5,2008,16.1513
rou,sex_f,age_10yrbands_total,edu_isced97_5,2009,17.4627
rou,sex_f,age_10yrbands_total,edu_isced97_5,2010,17.6403
rou,sex_f,age_10yrbands_total,edu_isced97_5,2011,19.3324
rou,sex_f,age_10yrbands_total,edu_isced97_5,2012,20.1255
rou,sex_f,age_10yrbands_total,edu_isced97_5,2013,20.9426
rou,sex_f,age_10yrbands_total,edu_isced97_6,2002,0.0606
rou,sex_f,age_10yrbands_total,edu_isced97_6,2003,0.0597
rou,sex_f,age_10yrbands_total,edu_isced97_6,2004,0.1411
rou,sex_f,age_10yrbands_total,edu_isced97_6,2006,0.1002
rou,sex_f,age_10yrbands_total,edu_isced97_6,2007,0.1008
rou,sex_f,age_10yrbands_total,edu_isced97_6,2008,0.107
rou,sex_f,age_10yrbands_total,edu_isced97_6,2009,0.1009
rou,sex_f,age_10yrbands_total,edu_isced97_6,2011,0.0479
rou,sex_f,age_10yrbands_total,edu_isced97_6,2012,0.0854
rou,sex_f,age_10yrbands_total,edu_isced97_6,2013,0.1164
rou,sex_f,age_10yrbands_total,edu_isced97_total,1998,100
rou,sex_f,age_10yrbands_total,edu_isced97_total,1999,100
rou,sex_f,age_10yrbands_total,edu_isced97_total,2000,100
rou,sex_f,age_10yrbands_total,edu_isced97_total,2001,100
rou,sex_f,age_10yrbands_total,edu_isced97_total,2002,100
rou,sex_f,age_10yrbands_total,edu_isced97_total,2003,100
rou,sex_f,age_10yrbands_total,edu_isced97_total,2004,100
rou,sex_f,age_10yrbands_total,edu_isced97_total,2005,100
rou,sex_f,age_10yrbands_total,edu_isced97_total,2006,100
rou,sex_f,age_10yrbands_total,edu_isced97_total,2007,100
rou,sex_f,age_10yrbands_total,edu_isced97_total,2008,100
rou,sex_f,age_10yrbands_total,edu_isced97_total,2009,100
rou,sex_f,age_10yrbands_total,edu_isced97_total,2010,100
rou,sex_f,age_10yrbands_total,edu_isced97_total,2011,100
rou,sex_f,age_10yrbands_total,edu_isced97_total,2012,100
rou,sex_f,age_10yrbands_total,edu_isced97_total,2013,100
rou,sex_f,age_10yrbands_y15_24,edu_aggregate_adv,1997,5.4749
rou,sex_f,age_10yrbands_y15_24,edu_aggregate_adv,1998,3.2659
rou,sex_f,age_10yrbands_y15_24,edu_aggregate_adv,1999,2.9064
rou,sex_f,age_10yrbands_y15_24,edu_aggregate_adv,2000,3.102
rou,sex_f,age_10yrbands_y15_24,edu_aggregate_adv,2001,3.6231
rou,sex_f,age_10yrbands_y15_24,edu_aggregate_adv,2002,5.0449
rou,sex_f,age_10yrbands_y15_24,edu_aggregate_adv,2003,5.8714
rou,sex_f,age_10yrbands_y15_24,edu_aggregate_adv,2004,7.2985
rou,sex_f,age_10yrbands_y15_24,edu_aggregate_adv,2005,6.1909
rou,sex_f,age_10yrbands_y15_24,edu_aggregate_adv,2006,6.7329
rou,sex_f,age_10yrbands_y15_24,edu_aggregate_adv,2007,8.9898
rou,sex_f,age_10yrbands_y15_24,edu_aggregate_adv,2008,9.7604
rou,sex_f,age_10yrbands_y15_24,edu_aggregate_adv,2009,12.3514
rou,sex_f,age_10yrbands_y15_24,edu_aggregate_adv,2010,11.033
rou,sex_f,age_10yrbands_y15_24,edu_aggregate_adv,2011,12.7479
rou,sex_f,age_10yrbands_y15_24,edu_aggregate_adv,2012,14.1261
rou,sex_f,age_10yrbands_y15_24,edu_aggregate_adv,2013,13.1155
rou,sex_f,age_10yrbands_y15_24,edu_aggregate_adv,2014,11.8192
rou,sex_f,age_10yrbands_y15_24,edu_aggregate_adv,2015,12.2793
rou,sex_f,age_10yrbands_y15_24,edu_aggregate_adv,2016,10.7659
rou,sex_f,age_10yrbands_y15_24,edu_aggregate_adv,2017,13.041
rou,sex_f,age_10yrbands_y15_24,edu_aggregate_adv,2018,11.6353
rou,sex_f,age_10yrbands_y15_24,edu_aggregate_adv,2019,12.4301
rou,sex_f,age_10yrbands_y15_24,edu_aggregate_bas,1997,30.5986
rou,sex_f,age_10yrbands_y15_24,edu_aggregate_bas,1998,27.4257
rou,sex_f,age_10yrbands_y15_24,edu_aggregate_bas,1999,32.8864
rou,sex_f,age_10yrbands_y15_24,edu_aggregate_bas,2000,36.4242
rou,sex_f,age_10yrbands_y15_24,edu_aggregate_bas,2001,36.3462
rou,sex_f,age_10yrbands_y15_24,edu_aggregate_bas,2002,35.9845
rou,sex_f,age_10yrbands_y15_24,edu_aggregate_bas,2003,37.0699
rou,sex_f,age_10yrbands_y15_24,edu_aggregate_bas,2004,32.5212
rou,sex_f,age_10yrbands_y15_24,edu_aggregate_bas,2005,32.189
rou,sex_f,age_10yrbands_y15_24,edu_aggregate_bas,2006,33.1027
rou,sex_f,age_10yrbands_y15_24,edu_aggregate_bas,2007,31.4605
rou,sex_f,age_10yrbands_y15_24,edu_aggregate_bas,2008,28.11
rou,sex_f,age_10yrbands_y15_24,edu_aggregate_bas,2009,29.0935
rou,sex_f,age_10yrbands_y15_24,edu_aggregate_bas,2010,32.6722
rou,sex_f,age_10yrbands_y15_24,edu_aggregate_bas,2011,30.3756
rou,sex_f,age_10yrbands_y15_24,edu_aggregate_bas,2012,32.3407
rou,sex_f,age_10yrbands_y15_24,edu_aggregate_bas,2013,31.0397
rou,sex_f,age_10yrbands_y15_24,edu_aggregate_bas,2014,31.571
rou,sex_f,age_10yrbands_y15_24,edu_aggregate_bas,2015,28.8168
rou,sex_f,age_10yrbands_y15_24,edu_aggregate_bas,2016,29.0599
rou,sex_f,age_10yrbands_y15_24,edu_aggregate_bas,2017,27.4645
rou,sex_f,age_10yrbands_y15_24,edu_aggregate_bas,2018,25.3047
rou,sex_f,age_10yrbands_y15_24,edu_aggregate_bas,2019,24.9879
rou,sex_f,age_10yrbands_y15_24,edu_aggregate_int,1997,63.9266
rou,sex_f,age_10yrbands_y15_24,edu_aggregate_int,1998,69.3084
rou,sex_f,age_10yrbands_y15_24,edu_aggregate_int,1999,64.2072
rou,sex_f,age_10yrbands_y15_24,edu_aggregate_int,2000,60.4738
rou,sex_f,age_10yrbands_y15_24,edu_aggregate_int,2001,59.1615
rou,sex_f,age_10yrbands_y15_24,edu_aggregate_int,2002,58.6424
rou,sex_f,age_10yrbands_y15_24,edu_aggregate_int,2003,55.6505
rou,sex_f,age_10yrbands_y15_24,edu_aggregate_int,2004,58.7865
rou,sex_f,age_10yrbands_y15_24,edu_aggregate_int,2005,60.576
rou,sex_f,age_10yrbands_y15_24,edu_aggregate_int,2006,59.8781
rou,sex_f,age_10yrbands_y15_24,edu_aggregate_int,2007,58.9537
rou,sex_f,age_10yrbands_y15_24,edu_aggregate_int,2008,61.4943
rou,sex_f,age_10yrbands_y15_24,edu_aggregate_int,2009,57.7848
rou,sex_f,age_10yrbands_y15_24,edu_aggregate_int,2010,55.037
rou,sex_f,age_10yrbands_y15_24,edu_aggregate_int,2011,55.9354
rou,sex_f,age_10yrbands_y15_24,edu_aggregate_int,2012,52.9912
rou,sex_f,age_10yrbands_y15_24,edu_aggregate_int,2013,55.3882
rou,sex_f,age_10yrbands_y15_24,edu_aggregate_int,2014,56.5363
rou,sex_f,age_10yrbands_y15_24,edu_aggregate_int,2015,58.1963
rou,sex_f,age_10yrbands_y15_24,edu_aggregate_int,2016,59.6796
rou,sex_f,age_10yrbands_y15_24,edu_aggregate_int,2017,59.4196
rou,sex_f,age_10yrbands_y15_24,edu_aggregate_int,2018,62.7552
rou,sex_f,age_10yrbands_y15_24,edu_aggregate_int,2019,62.4374
rou,sex_f,age_10yrbands_y15_24,edu_aggregate_ltb,2001,0.8692
rou,sex_f,age_10yrbands_y15_24,edu_aggregate_ltb,2003,1.4082
rou,sex_f,age_10yrbands_y15_24,edu_aggregate_total,1997,100
rou,sex_f,age_10yrbands_y15_24,edu_aggregate_total,1998,100
rou,sex_f,age_10yrbands_y15_24,edu_aggregate_total,1999,100
rou,sex_f,age_10yrbands_y15_24,edu_aggregate_total,2000,100
rou,sex_f,age_10yrbands_y15_24,edu_aggregate_total,2001,100
rou,sex_f,age_10yrbands_y15_24,edu_aggregate_total,2002,100
rou,sex_f,age_10yrbands_y15_24,edu_aggregate_total,2003,100
rou,sex_f,age_10yrbands_y15_24,edu_aggregate_total,2004,100
rou,sex_f,age_10yrbands_y15_24,edu_aggregate_total,2005,100
rou,sex_f,age_10yrbands_y15_24,edu_aggregate_total,2006,100
rou,sex_f,age_10yrbands_y15_24,edu_aggregate_total,2007,100
rou,sex_f,age_10yrbands_y15_24,edu_aggregate_total,2008,100
rou,sex_f,age_10yrbands_y15_24,edu_aggregate_total,2009,100
rou,sex_f,age_10yrbands_y15_24,edu_aggregate_total,2010,100
rou,sex_f,age_10yrbands_y15_24,edu_aggregate_total,2011,100
rou,sex_f,age_10yrbands_y15_24,edu_aggregate_total,2012,100
rou,sex_f,age_10yrbands_y15_24,edu_aggregate_total,2013,100
rou,sex_f,age_10yrbands_y15_24,edu_aggregate_total,2014,100
rou,sex_f,age_10yrbands_y15_24,edu_aggregate_total,2015,100
rou,sex_f,age_10yrbands_y15_24,edu_aggregate_total,2016,100
rou,sex_f,age_10yrbands_y15_24,edu_aggregate_total,2017,100
rou,sex_f,age_10yrbands_y15_24,edu_aggregate_total,2018,100
rou,sex_f,age_10yrbands_y15_24,edu_aggregate_total,2019,100
rou,sex_f,age_10yrbands_y15_24,edu_isced11_0,2015,0.7075
rou,sex_f,age_10yrbands_y15_24,edu_isced11_0,2016,0.4946
rou,sex_f,age_10yrbands_y15_24,edu_isced11_1,2015,2.6938
rou,sex_f,age_10yrbands_y15_24,edu_isced11_1,2016,4.2267
rou,sex_f,age_10yrbands_y15_24,edu_isced11_1,2017,3.9306
rou,sex_f,age_10yrbands_y15_24,edu_isced11_2,2014,28.802
rou,sex_f,age_10yrbands_y15_24,edu_isced11_2,2015,26.123
rou,sex_f,age_10yrbands_y15_24,edu_isced11_2,2016,24.8332
rou,sex_f,age_10yrbands_y15_24,edu_isced11_2,2017,23.5339
rou,sex_f,age_10yrbands_y15_24,edu_isced11_2,2018,23.1639
rou,sex_f,age_10yrbands_y15_24,edu_isced11_2,2019,23.0396
rou,sex_f,age_10yrbands_y15_24,edu_isced11_3,2014,54.1663
rou,sex_f,age_10yrbands_y15_24,edu_isced11_3,2015,54.984
rou,sex_f,age_10yrbands_y15_24,edu_isced11_3,2016,56.8844
rou,sex_f,age_10yrbands_y15_24,edu_isced11_3,2017,56.9545
rou,sex_f,age_10yrbands_y15_24,edu_isced11_3,2018,60.5327
rou,sex_f,age_10yrbands_y15_24,edu_isced11_3,2019,59.5804
rou,sex_f,age_10yrbands_y15_24,edu_isced11_4,2015,3.2124
rou,sex_f,age_10yrbands_y15_24,edu_isced11_4,2016,2.7951
rou,sex_f,age_10yrbands_y15_24,edu_isced11_4,2017,2.465
rou,sex_f,age_10yrbands_y15_24,edu_isced11_6,2014,8.5939
rou,sex_f,age_10yrbands_y15_24,edu_isced11_6,2015,10.9527
rou,sex_f,age_10yrbands_y15_24,edu_isced11_6,2016,9.1236
rou,sex_f,age_10yrbands_y15_24,edu_isced11_6,2017,11.4741
rou,sex_f,age_10yrbands_y15_24,edu_isced11_6,2018,11.0034
rou,sex_f,age_10yrbands_y15_24,edu_isced11_6,2019,10.0643
rou,sex_f,age_10yrbands_y15_24,edu_isced11_7,2015,1.293
rou,sex_f,age_10yrbands_y15_24,edu_isced11_7,2016,1.6423
rou,sex_f,age_10yrbands_y15_24,edu_isced11_7,2017,1.567
rou,sex_f,age_10yrbands_y15_24,edu_isced11_total,2014,100
rou,sex_f,age_10yrbands_y15_24,edu_isced11_total,2015,100
rou,sex_f,age_10yrbands_y15_24,edu_isced11_total,2016,100
rou,sex_f,age_10yrbands_y15_24,edu_isced11_total,2017,100
rou,sex_f,age_10yrbands_y15_24,edu_isced11_total,2018,100
rou,sex_f,age_10yrbands_y15_24,edu_isced11_total,2019,100
rou,sex_f,age_10yrbands_y15_24,edu_isced97_0,2001,0.8692
rou,sex_f,age_10yrbands_y15_24,edu_isced97_0,2003,1.4082
rou,sex_f,age_10yrbands_y15_24,edu_isced97_0,2004,1.3938
rou,sex_f,age_10yrbands_y15_24,edu_isced97_0,2006,0.2863
rou,sex_f,age_10yrbands_y15_24,edu_isced97_0,2007,0.5959
rou,sex_f,age_10yrbands_y15_24,edu_isced97_0,2008,0.6353
rou,sex_f,age_10yrbands_y15_24,edu_isced97_0,2009,0.7703
rou,sex_f,age_10yrbands_y15_24,edu_isced97_0,2011,0.9411
rou,sex_f,age_10yrbands_y15_24,edu_isced97_0,2012,0.5419
rou,sex_f,age_10yrbands_y15_24,edu_isced97_0,2013,0.4566
rou,sex_f,age_10yrbands_y15_24,edu_isced97_1,1998,3.3205
rou,sex_f,age_10yrbands_y15_24,edu_isced97_1,1999,4.6507
rou,sex_f,age_10yrbands_y15_24,edu_isced97_1,2000,4.2573
rou,sex_f,age_10yrbands_y15_24,edu_isced97_1,2001,4.3617
rou,sex_f,age_10yrbands_y15_24,edu_isced97_1,2002,4.7247
rou,sex_f,age_10yrbands_y15_24,edu_isced97_1,2003,5.1882
rou,sex_f,age_10yrbands_y15_24,edu_isced97_1,2004,2.6886
rou,sex_f,age_10yrbands_y15_24,edu_isced97_1,2005,3.0566
rou,sex_f,age_10yrbands_y15_24,edu_isced97_1,2006,2.773
rou,sex_f,age_10yrbands_y15_24,edu_isced97_1,2007,3.4615
rou,sex_f,age_10yrbands_y15_24,edu_isced97_1,2008,3.1808
rou,sex_f,age_10yrbands_y15_24,edu_isced97_1,2009,3.2025
rou,sex_f,age_10yrbands_y15_24,edu_isced97_1,2010,4.4729
rou,sex_f,age_10yrbands_y15_24,edu_isced97_1,2011,3.028
rou,sex_f,age_10yrbands_y15_24,edu_isced97_1,2012,3.4323
rou,sex_f,age_10yrbands_y15_24,edu_isced97_1,2013,2.9081
rou,sex_f,age_10yrbands_y15_24,edu_isced97_2,1998,24.1052
rou,sex_f,age_10yrbands_y15_24,edu_isced97_2,1999,28.2358
rou,sex_f,age_10yrbands_y15_24,edu_isced97_2,2000,32.1669
rou,sex_f,age_10yrbands_y15_24,edu_isced97_2,2001,31.9845
rou,sex_f,age_10yrbands_y15_24,edu_isced97_2,2002,31.2599
rou,sex_f,age_10yrbands_y15_24,edu_isced97_2,2003,31.8817
rou,sex_f,age_10yrbands_y15_24,edu_isced97_2,2004,29.8326
rou,sex_f,age_10yrbands_y15_24,edu_isced97_2,2005,29.1324
rou,sex_f,age_10yrbands_y15_24,edu_isced97_2,2006,30.3296
rou,sex_f,age_10yrbands_y15_24,edu_isced97_2,2007,27.999
rou,sex_f,age_10yrbands_y15_24,edu_isced97_2,2008,24.9292
rou,sex_f,age_10yrbands_y15_24,edu_isced97_2,2009,25.891
rou,sex_f,age_10yrbands_y15_24,edu_isced97_2,2010,28.1993
rou,sex_f,age_10yrbands_y15_24,edu_isced97_2,2011,27.3475
rou,sex_f,age_10yrbands_y15_24,edu_isced97_2,2012,28.9084
rou,sex_f,age_10yrbands_y15_24,edu_isced97_2,2013,28.1316
rou,sex_f,age_10yrbands_y15_24,edu_isced97_3,1998,69.3084
rou,sex_f,age_10yrbands_y15_24,edu_isced97_3,1999,64.2072
rou,sex_f,age_10yrbands_y15_24,edu_isced97_3,2000,60.4738
rou,sex_f,age_10yrbands_y15_24,edu_isced97_3,2001,59.1615
rou,sex_f,age_10yrbands_y15_24,edu_isced97_3,2002,55.4085
rou,sex_f,age_10yrbands_y15_24,edu_isced97_3,2003,52.346
rou,sex_f,age_10yrbands_y15_24,edu_isced97_3,2004,54.5556
rou,sex_f,age_10yrbands_y15_24,edu_isced97_3,2005,56.3257
rou,sex_f,age_10yrbands_y15_24,edu_isced97_3,2006,56.5639
rou,sex_f,age_10yrbands_y15_24,edu_isced97_3,2007,56.6725
rou,sex_f,age_10yrbands_y15_24,edu_isced97_3,2008,59.2902
rou,sex_f,age_10yrbands_y15_24,edu_isced97_3,2009,55.1016
rou,sex_f,age_10yrbands_y15_24,edu_isced97_3,2010,52.8602
rou,sex_f,age_10yrbands_y15_24,edu_isced97_3,2011,53.8654
rou,sex_f,age_10yrbands_y15_24,edu_isced97_3,2012,51.2779
rou,sex_f,age_10yrbands_y15_24,edu_isced97_3,2013,53.9212
rou,sex_f,age_10yrbands_y15_24,edu_isced97_4,2002,3.2339
rou,sex_f,age_10yrbands_y15_24,edu_isced97_4,2003,3.3045
rou,sex_f,age_10yrbands_y15_24,edu_isced97_4,2004,4.2309
rou,sex_f,age_10yrbands_y15_24,edu_isced97_4,2005,4.2503
rou,sex_f,age_10yrbands_y15_24,edu_isced97_4,2006,3.3142
rou,sex_f,age_10yrbands_y15_24,edu_isced97_4,2007,2.2812
rou,sex_f,age_10yrbands_y15_24,edu_isced97_4,2008,2.2041
rou,sex_f,age_10yrbands_y15_24,edu_isced97_4,2009,2.6832
rou,sex_f,age_10yrbands_y15_24,edu_isced97_4,2011,2.07
rou,sex_f,age_10yrbands_y15_24,edu_isced97_4,2012,1.7133
rou,sex_f,age_10yrbands_y15_24,edu_isced97_4,2013,1.4669
rou,sex_f,age_10yrbands_y15_24,edu_isced97_5,1998,3.2659
rou,sex_f,age_10yrbands_y15_24,edu_isced97_5,1999,2.9064
rou,sex_f,age_10yrbands_y15_24,edu_isced97_5,2000,3.102
rou,sex_f,age_10yrbands_y15_24,edu_isced97_5,2001,3.6231
rou,sex_f,age_10yrbands_y15_24,edu_isced97_5,2002,5.0449
rou,sex_f,age_10yrbands_y15_24,edu_isced97_5,2003,5.8714
rou,sex_f,age_10yrbands_y15_24,edu_isced97_5,2004,7.2985
rou,sex_f,age_10yrbands_y15_24,edu_isced97_5,2005,6.1909
rou,sex_f,age_10yrbands_y15_24,edu_isced97_5,2006,6.7329
rou,sex_f,age_10yrbands_y15_24,edu_isced97_5,2007,8.9898
rou,sex_f,age_10yrbands_y15_24,edu_isced97_5,2008,9.7604
rou,sex_f,age_10yrbands_y15_24,edu_isced97_5,2009,12.3514
rou,sex_f,age_10yrbands_y15_24,edu_isced97_5,2010,11.033
rou,sex_f,age_10yrbands_y15_24,edu_isced97_5,2011,12.7479
rou,sex_f,age_10yrbands_y15_24,edu_isced97_5,2012,14.1261
rou,sex_f,age_10yrbands_y15_24,edu_isced97_5,2013,13.1155
rou,sex_f,age_10yrbands_y15_24,edu_isced97_total,1998,100
rou,sex_f,age_10yrbands_y15_24,edu_isced97_total,1999,100
rou,sex_f,age_10yrbands_y15_24,edu_isced97_total,2000,100
rou,sex_f,age_10yrbands_y15_24,edu_isced97_total,2001,100
rou,sex_f,age_10yrbands_y15_24,edu_isced97_total,2002,100
rou,sex_f,age_10yrbands_y15_24,edu_isced97_total,2003,100
rou,sex_f,age_10yrbands_y15_24,edu_isced97_total,2004,100
rou,sex_f,age_10yrbands_y15_24,edu_isced97_total,2005,100
rou,sex_f,age_10yrbands_y15_24,edu_isced97_total,2006,100
rou,sex_f,age_10yrbands_y15_24,edu_isced97_total,2007,100
rou,sex_f,age_10yrbands_y15_24,edu_isced97_total,2008,100
rou,sex_f,age_10yrbands_y15_24,edu_isced97_total,2009,100
rou,sex_f,age_10yrbands_y15_24,edu_isced97_total,2010,100
rou,sex_f,age_10yrbands_y15_24,edu_isced97_total,2011,100
rou,sex_f,age_10yrbands_y15_24,edu_isced97_total,2012,100
rou,sex_f,age_10yrbands_y15_24,edu_isced97_total,2013,100
rou,sex_f,age_10yrbands_y25_34,edu_aggregate_adv,1997,14.7919
rou,sex_f,age_10yrbands_y25_34,edu_aggregate_adv,1998,11.2333
rou,sex_f,age_10yrbands_y25_34,edu_aggregate_adv,1999,10.943
rou,sex_f,age_10yrbands_y25_34,edu_aggregate_adv,2000,10.5555
rou,sex_f,age_10yrbands_y25_34,edu_aggregate_adv,2001,11.9629
rou,sex_f,age_10yrbands_y25_34,edu_aggregate_adv,2002,14.5029
rou,sex_f,age_10yrbands_y25_34,edu_aggregate_adv,2003,14.9907
rou,sex_f,age_10yrbands_y25_34,edu_aggregate_adv,2004,17.0476
rou,sex_f,age_10yrbands_y25_34,edu_aggregate_adv,2005,18.979
rou,sex_f,age_10yrbands_y25_34,edu_aggregate_adv,2006,20.7147
rou,sex_f,age_10yrbands_y25_34,edu_aggregate_adv,2007,23.3212
rou,sex_f,age_10yrbands_y25_34,edu_aggregate_adv,2008,26.6409
rou,sex_f,age_10yrbands_y25_34,edu_aggregate_adv,2009,28.4671
rou,sex_f,age_10yrbands_y25_34,edu_aggregate_adv,2010,28.4269
rou,sex_f,age_10yrbands_y25_34,edu_aggregate_adv,2011,30.7702
rou,sex_f,age_10yrbands_y25_34,edu_aggregate_adv,2012,32.4337
rou,sex_f,age_10yrbands_y25_34,edu_aggregate_adv,2013,34.0052
rou,sex_f,age_10yrbands_y25_34,edu_aggregate_adv,2014,34.6342
rou,sex_f,age_10yrbands_y25_34,edu_aggregate_adv,2015,36.0679
rou,sex_f,age_10yrbands_y25_34,edu_aggregate_adv,2016,35.5218
rou,sex_f,age_10yrbands_y25_34,edu_aggregate_adv,2017,37.1666
rou,sex_f,age_10yrbands_y25_34,edu_aggregate_adv,2018,36.5605
rou,sex_f,age_10yrbands_y25_34,edu_aggregate_adv,2019,37.4983
rou,sex_f,age_10yrbands_y25_34,edu_aggregate_bas,1997,9.3997
rou,sex_f,age_10yrbands_y25_34,edu_aggregate_bas,1998,10.2978
rou,sex_f,age_10yrbands_y25_34,edu_aggregate_bas,1999,11.9555
rou,sex_f,age_10yrbands_y25_34,edu_aggregate_bas,2000,12.5565
rou,sex_f,age_10yrbands_y25_34,edu_aggregate_bas,2001,12.1071
rou,sex_f,age_10yrbands_y25_34,edu_aggregate_bas,2002,12.393
rou,sex_f,age_10yrbands_y25_34,edu_aggregate_bas,2003,15.1486
rou,sex_f,age_10yrbands_y25_34,edu_aggregate_bas,2004,15.5003
rou,sex_f,age_10yrbands_y25_34,edu_aggregate_bas,2005,15.3613
rou,sex_f,age_10yrbands_y25_34,edu_aggregate_bas,2006,15.3144
rou,sex_f,age_10yrbands_y25_34,edu_aggregate_bas,2007,15.6921
rou,sex_f,age_10yrbands_y25_34,edu_aggregate_bas,2008,15.9911
rou,sex_f,age_10yrbands_y25_34,edu_aggregate_bas,2009,16.9834
rou,sex_f,age_10yrbands_y25_34,edu_aggregate_bas,2010,18.0098
rou,sex_f,age_10yrbands_y25_34,edu_aggregate_bas,2011,17.606
rou,sex_f,age_10yrbands_y25_34,edu_aggregate_bas,2012,17.2042
rou,sex_f,age_10yrbands_y25_34,edu_aggregate_bas,2013,16.2582
rou,sex_f,age_10yrbands_y25_34,edu_aggregate_bas,2014,17.085
rou,sex_f,age_10yrbands_y25_34,edu_aggregate_bas,2015,15.4666
rou,sex_f,age_10yrbands_y25_34,edu_aggregate_bas,2016,14.5721
rou,sex_f,age_10yrbands_y25_34,edu_aggregate_bas,2017,14.5511
rou,sex_f,age_10yrbands_y25_34,edu_aggregate_bas,2018,14.3558
rou,sex_f,age_10yrbands_y25_34,edu_aggregate_bas,2019,14.1072
rou,sex_f,age_10yrbands_y25_34,edu_aggregate_int,1997,75.817
rou,sex_f,age_10yrbands_y25_34,edu_aggregate_int,1998,78.4689
rou,sex_f,age_10yrbands_y25_34,edu_aggregate_int,1999,77.1016
rou,sex_f,age_10yrbands_y25_34,edu_aggregate_int,2000,76.888
rou,sex_f,age_10yrbands_y25_34,edu_aggregate_int,2001,75.6703
rou,sex_f,age_10yrbands_y25_34,edu_aggregate_int,2002,72.9949
rou,sex_f,age_10yrbands_y25_34,edu_aggregate_int,2003,69.6671
rou,sex_f,age_10yrbands_y25_34,edu_aggregate_int,2004,66.8188
rou,sex_f,age_10yrbands_y25_34,edu_aggregate_int,2005,65.1867
rou,sex_f,age_10yrbands_y25_34,edu_aggregate_int,2006,63.6383
rou,sex_f,age_10yrbands_y25_34,edu_aggregate_int,2007,60.5997
rou,sex_f,age_10yrbands_y25_34,edu_aggregate_int,2008,56.9636
rou,sex_f,age_10yrbands_y25_34,edu_aggregate_int,2009,54.1448
rou,sex_f,age_10yrbands_y25_34,edu_aggregate_int,2010,53.1735
rou,sex_f,age_10yrbands_y25_34,edu_aggregate_int,2011,51.3919
rou,sex_f,age_10yrbands_y25_34,edu_aggregate_int,2012,50.2096
rou,sex_f,age_10yrbands_y25_34,edu_aggregate_int,2013,49.4855
rou,sex_f,age_10yrbands_y25_34,edu_aggregate_int,2014,48.07
rou,sex_f,age_10yrbands_y25_34,edu_aggregate_int,2015,48.1714
rou,sex_f,age_10yrbands_y25_34,edu_aggregate_int,2016,49.7098
rou,sex_f,age_10yrbands_y25_34,edu_aggregate_int,2017,47.9858
rou,sex_f,age_10yrbands_y25_34,edu_aggregate_int,2018,48.8065
rou,sex_f,age_10yrbands_y25_34,edu_aggregate_int,2019,48.2102
rou,sex_f,age_10yrbands_y25_34,edu_aggregate_ltb,2001,0.2597
rou,sex_f,age_10yrbands_y25_34,edu_aggregate_ltb,2004,0.6332
rou,sex_f,age_10yrbands_y25_34,edu_aggregate_total,1997,100
rou,sex_f,age_10yrbands_y25_34,edu_aggregate_total,1998,100
rou,sex_f,age_10yrbands_y25_34,edu_aggregate_total,1999,100
rou,sex_f,age_10yrbands_y25_34,edu_aggregate_total,2000,100
rou,sex_f,age_10yrbands_y25_34,edu_aggregate_total,2001,100
rou,sex_f,age_10yrbands_y25_34,edu_aggregate_total,2002,100
rou,sex_f,age_10yrbands_y25_34,edu_aggregate_total,2003,100
rou,sex_f,age_10yrbands_y25_34,edu_aggregate_total,2004,100
rou,sex_f,age_10yrbands_y25_34,edu_aggregate_total,2005,100
rou,sex_f,age_10yrbands_y25_34,edu_aggregate_total,2006,100
rou,sex_f,age_10yrbands_y25_34,edu_aggregate_total,2007,100
rou,sex_f,age_10yrbands_y25_34,edu_aggregate_total,2008,100
rou,sex_f,age_10yrbands_y25_34,edu_aggregate_total,2009,100
rou,sex_f,age_10yrbands_y25_34,edu_aggregate_total,2010,100
rou,sex_f,age_10yrbands_y25_34,edu_aggregate_total,2011,100
rou,sex_f,age_10yrbands_y25_34,edu_aggregate_total,2012,100
rou,sex_f,age_10yrbands_y25_34,edu_aggregate_total,2013,100
rou,sex_f,age_10yrbands_y25_34,edu_aggregate_total,2014,100
rou,sex_f,age_10yrbands_y25_34,edu_aggregate_total,2015,100
rou,sex_f,age_10yrbands_y25_34,edu_aggregate_total,2016,100
rou,sex_f,age_10yrbands_y25_34,edu_aggregate_total,2017,100
rou,sex_f,age_10yrbands_y25_34,edu_aggregate_total,2018,100
rou,sex_f,age_10yrbands_y25_34,edu_aggregate_total,2019,100
rou,sex_f,age_10yrbands_y25_34,edu_isced11_0,2015,0.2941
rou,sex_f,age_10yrbands_y25_34,edu_isced11_0,2016,0.1963
rou,sex_f,age_10yrbands_y25_34,edu_isced11_0,2017,0.2966
rou,sex_f,age_10yrbands_y25_34,edu_isced11_1,2014,0.8471
rou,sex_f,age_10yrbands_y25_34,edu_isced11_1,2015,1.2775
rou,sex_f,age_10yrbands_y25_34,edu_isced11_1,2016,1.0295
rou,sex_f,age_10yrbands_y25_34,edu_isced11_1,2017,1.0912
rou,sex_f,age_10yrbands_y25_34,edu_isced11_1,2018,1.0757
rou,sex_f,age_10yrbands_y25_34,edu_isced11_1,2019,1.1551
rou,sex_f,age_10yrbands_y25_34,edu_isced11_2,2014,16.2378
rou,sex_f,age_10yrbands_y25_34,edu_isced11_2,2015,14.1891
rou,sex_f,age_10yrbands_y25_34,edu_isced11_2,2016,13.5426
rou,sex_f,age_10yrbands_y25_34,edu_isced11_2,2017,13.4598
rou,sex_f,age_10yrbands_y25_34,edu_isced11_2,2018,13.2801
rou,sex_f,age_10yrbands_y25_34,edu_isced11_2,2019,12.9521
rou,sex_f,age_10yrbands_y25_34,edu_isced11_3,2014,43.4716
rou,sex_f,age_10yrbands_y25_34,edu_isced11_3,2015,42.9161
rou,sex_f,age_10yrbands_y25_34,edu_isced11_3,2016,45.11
rou,sex_f,age_10yrbands_y25_34,edu_isced11_3,2017,43.8335
rou,sex_f,age_10yrbands_y25_34,edu_isced11_3,2018,43.9054
rou,sex_f,age_10yrbands_y25_34,edu_isced11_3,2019,43.6579
rou,sex_f,age_10yrbands_y25_34,edu_isced11_4,2014,4.5984
rou,sex_f,age_10yrbands_y25_34,edu_isced11_4,2015,5.2553
rou,sex_f,age_10yrbands_y25_34,edu_isced11_4,2016,4.5998
rou,sex_f,age_10yrbands_y25_34,edu_isced11_4,2017,4.1523
rou,sex_f,age_10yrbands_y25_34,edu_isced11_4,2018,4.9012
rou,sex_f,age_10yrbands_y25_34,edu_isced11_4,2019,4.5523
rou,sex_f,age_10yrbands_y25_34,edu_isced11_5,2014,1.0665
rou,sex_f,age_10yrbands_y25_34,edu_isced11_5,2015,0.5341
rou,sex_f,age_10yrbands_y25_34,edu_isced11_5,2016,0.5331
rou,sex_f,age_10yrbands_y25_34,edu_isced11_5,2017,0.3987
rou,sex_f,age_10yrbands_y25_34,edu_isced11_6,2014,15.4494
rou,sex_f,age_10yrbands_y25_34,edu_isced11_6,2015,17.139
rou,sex_f,age_10yrbands_y25_34,edu_isced11_6,2016,17.9173
rou,sex_f,age_10yrbands_y25_34,edu_isced11_6,2017,20.5783
rou,sex_f,age_10yrbands_y25_34,edu_isced11_6,2018,22.3064
rou,sex_f,age_10yrbands_y25_34,edu_isced11_6,2019,23.3162
rou,sex_f,age_10yrbands_y25_34,edu_isced11_7,2014,17.911
rou,sex_f,age_10yrbands_y25_34,edu_isced11_7,2015,18.3036
rou,sex_f,age_10yrbands_y25_34,edu_isced11_7,2016,16.9962
rou,sex_f,age_10yrbands_y25_34,edu_isced11_7,2017,16.0864
rou,sex_f,age_10yrbands_y25_34,edu_isced11_7,2018,13.8088
rou,sex_f,age_10yrbands_y25_34,edu_isced11_7,2019,13.3246
rou,sex_f,age_10yrbands_y25_34,edu_isced11_8,2015,0.0913
rou,sex_f,age_10yrbands_y25_34,edu_isced11_8,2016,0.0752
rou,sex_f,age_10yrbands_y25_34,edu_isced11_8,2017,0.1031
rou,sex_f,age_10yrbands_y25_34,edu_isced11_total,2014,100
rou,sex_f,age_10yrbands_y25_34,edu_isced11_total,2015,100
rou,sex_f,age_10yrbands_y25_34,edu_isced11_total,2016,100
rou,sex_f,age_10yrbands_y25_34,edu_isced11_total,2017,100
rou,sex_f,age_10yrbands_y25_34,edu_isced11_total,2018,100
rou,sex_f,age_10yrbands_y25_34,edu_isced11_total,2019,100
rou,sex_f,age_10yrbands_y25_34,edu_isced97_0,2001,0.2597
rou,sex_f,age_10yrbands_y25_34,edu_isced97_0,2004,0.6332
rou,sex_f,age_10yrbands_y25_34,edu_isced97_0,2006,0.3326
rou,sex_f,age_10yrbands_y25_34,edu_isced97_0,2007,0.387
rou,sex_f,age_10yrbands_y25_34,edu_isced97_0,2008,0.4045
rou,sex_f,age_10yrbands_y25_34,edu_isced97_0,2009,0.4047
rou,sex_f,age_10yrbands_y25_34,edu_isced97_0,2011,0.2319
rou,sex_f,age_10yrbands_y25_34,edu_isced97_0,2012,0.1525
rou,sex_f,age_10yrbands_y25_34,edu_isced97_0,2013,0.2511
rou,sex_f,age_10yrbands_y25_34,edu_isced97_1,1998,1.1308
rou,sex_f,age_10yrbands_y25_34,edu_isced97_1,1999,1.4755
rou,sex_f,age_10yrbands_y25_34,edu_isced97_1,2000,1.5706
rou,sex_f,age_10yrbands_y25_34,edu_isced97_1,2001,1.3428
rou,sex_f,age_10yrbands_y25_34,edu_isced97_1,2002,0.9603
rou,sex_f,age_10yrbands_y25_34,edu_isced97_1,2003,1.1972
rou,sex_f,age_10yrbands_y25_34,edu_isced97_1,2004,0.9916
rou,sex_f,age_10yrbands_y25_34,edu_isced97_1,2005,1.2089
rou,sex_f,age_10yrbands_y25_34,edu_isced97_1,2006,1.3261
rou,sex_f,age_10yrbands_y25_34,edu_isced97_1,2007,1.1687
rou,sex_f,age_10yrbands_y25_34,edu_isced97_1,2008,1.1381
rou,sex_f,age_10yrbands_y25_34,edu_isced97_1,2009,1.3966
rou,sex_f,age_10yrbands_y25_34,edu_isced97_1,2010,1.2553
rou,sex_f,age_10yrbands_y25_34,edu_isced97_1,2011,1.2328
rou,sex_f,age_10yrbands_y25_34,edu_isced97_1,2012,1.0355
rou,sex_f,age_10yrbands_y25_34,edu_isced97_1,2013,1.0003
rou,sex_f,age_10yrbands_y25_34,edu_isced97_2,1998,9.1671
rou,sex_f,age_10yrbands_y25_34,edu_isced97_2,1999,10.48
rou,sex_f,age_10yrbands_y25_34,edu_isced97_2,2000,10.9859
rou,sex_f,age_10yrbands_y25_34,edu_isced97_2,2001,10.7643
rou,sex_f,age_10yrbands_y25_34,edu_isced97_2,2002,11.4327
rou,sex_f,age_10yrbands_y25_34,edu_isced97_2,2003,13.9514
rou,sex_f,age_10yrbands_y25_34,edu_isced97_2,2004,14.5086
rou,sex_f,age_10yrbands_y25_34,edu_isced97_2,2005,14.1524
rou,sex_f,age_10yrbands_y25_34,edu_isced97_2,2006,13.9883
rou,sex_f,age_10yrbands_y25_34,edu_isced97_2,2007,14.5234
rou,sex_f,age_10yrbands_y25_34,edu_isced97_2,2008,14.853
rou,sex_f,age_10yrbands_y25_34,edu_isced97_2,2009,15.5868
rou,sex_f,age_10yrbands_y25_34,edu_isced97_2,2010,16.7544
rou,sex_f,age_10yrbands_y25_34,edu_isced97_2,2011,16.3732
rou,sex_f,age_10yrbands_y25_34,edu_isced97_2,2012,16.1687
rou,sex_f,age_10yrbands_y25_34,edu_isced97_2,2013,15.258
rou,sex_f,age_10yrbands_y25_34,edu_isced97_3,1998,78.4689
rou,sex_f,age_10yrbands_y25_34,edu_isced97_3,1999,77.1016
rou,sex_f,age_10yrbands_y25_34,edu_isced97_3,2000,76.888
rou,sex_f,age_10yrbands_y25_34,edu_isced97_3,2001,75.6703
rou,sex_f,age_10yrbands_y25_34,edu_isced97_3,2002,67.1146
rou,sex_f,age_10yrbands_y25_34,edu_isced97_3,2003,64.1098
rou,sex_f,age_10yrbands_y25_34,edu_isced97_3,2004,58.8013
rou,sex_f,age_10yrbands_y25_34,edu_isced97_3,2005,58.0793
rou,sex_f,age_10yrbands_y25_34,edu_isced97_3,2006,56.2298
rou,sex_f,age_10yrbands_y25_34,edu_isced97_3,2007,53.4806
rou,sex_f,age_10yrbands_y25_34,edu_isced97_3,2008,49.9824
rou,sex_f,age_10yrbands_y25_34,edu_isced97_3,2009,47.209
rou,sex_f,age_10yrbands_y25_34,edu_isced97_3,2010,46.2064
rou,sex_f,age_10yrbands_y25_34,edu_isced97_3,2011,44.681
rou,sex_f,age_10yrbands_y25_34,edu_isced97_3,2012,44.2649
rou,sex_f,age_10yrbands_y25_34,edu_isced97_3,2013,44.5416
rou,sex_f,age_10yrbands_y25_34,edu_isced97_4,2002,5.8804
rou,sex_f,age_10yrbands_y25_34,edu_isced97_4,2003,5.5573
rou,sex_f,age_10yrbands_y25_34,edu_isced97_4,2004,8.0175
rou,sex_f,age_10yrbands_y25_34,edu_isced97_4,2005,7.1074
rou,sex_f,age_10yrbands_y25_34,edu_isced97_4,2006,7.4085
rou,sex_f,age_10yrbands_y25_34,edu_isced97_4,2007,7.1191
rou,sex_f,age_10yrbands_y25_34,edu_isced97_4,2008,6.9811
rou,sex_f,age_10yrbands_y25_34,edu_isced97_4,2009,6.9358
rou,sex_f,age_10yrbands_y25_34,edu_isced97_4,2010,6.9671
rou,sex_f,age_10yrbands_y25_34,edu_isced97_4,2011,6.7109
rou,sex_f,age_10yrbands_y25_34,edu_isced97_4,2012,5.9447
rou,sex_f,age_10yrbands_y25_34,edu_isced97_4,2013,4.9439
rou,sex_f,age_10yrbands_y25_34,edu_isced97_5,1998,11.2333
rou,sex_f,age_10yrbands_y25_34,edu_isced97_5,1999,10.943
rou,sex_f,age_10yrbands_y25_34,edu_isced97_5,2000,10.5555
rou,sex_f,age_10yrbands_y25_34,edu_isced97_5,2001,11.9629
rou,sex_f,age_10yrbands_y25_34,edu_isced97_5,2002,14.4291
rou,sex_f,age_10yrbands_y25_34,edu_isced97_5,2003,14.9371
rou,sex_f,age_10yrbands_y25_34,edu_isced97_5,2004,16.8009
rou,sex_f,age_10yrbands_y25_34,edu_isced97_5,2005,18.8866
rou,sex_f,age_10yrbands_y25_34,edu_isced97_5,2006,20.6356
rou,sex_f,age_10yrbands_y25_34,edu_isced97_5,2007,23.2596
rou,sex_f,age_10yrbands_y25_34,edu_isced97_5,2008,26.5566
rou,sex_f,age_10yrbands_y25_34,edu_isced97_5,2009,28.3551
rou,sex_f,age_10yrbands_y25_34,edu_isced97_5,2010,28.3536
rou,sex_f,age_10yrbands_y25_34,edu_isced97_5,2011,30.7468
rou,sex_f,age_10yrbands_y25_34,edu_isced97_5,2012,32.3672
rou,sex_f,age_10yrbands_y25_34,edu_isced97_5,2013,33.8675
rou,sex_f,age_10yrbands_y25_34,edu_isced97_6,2004,0.2467
rou,sex_f,age_10yrbands_y25_34,edu_isced97_6,2006,0.0792
rou,sex_f,age_10yrbands_y25_34,edu_isced97_6,2007,0.0616
rou,sex_f,age_10yrbands_y25_34,edu_isced97_6,2008,0.0843
rou,sex_f,age_10yrbands_y25_34,edu_isced97_6,2009,0.112
rou,sex_f,age_10yrbands_y25_34,edu_isced97_6,2012,0.0665
rou,sex_f,age_10yrbands_y25_34,edu_isced97_6,2013,0.1376
rou,sex_f,age_10yrbands_y25_34,edu_isced97_total,1998,100
rou,sex_f,age_10yrbands_y25_34,edu_isced97_total,1999,100
rou,sex_f,age_10yrbands_y25_34,edu_isced97_total,2000,100
rou,sex_f,age_10yrbands_y25_34,edu_isced97_total,2001,100
rou,sex_f,age_10yrbands_y25_34,edu_isced97_total,2002,100
rou,sex_f,age_10yrbands_y25_34,edu_isced97_total,2003,100
rou,sex_f,age_10yrbands_y25_34,edu_isced97_total,2004,100
rou,sex_f,age_10yrbands_y25_34,edu_isced97_total,2005,100
rou,sex_f,age_10yrbands_y25_34,edu_isced97_total,2006,100
rou,sex_f,age_10yrbands_y25_34,edu_isced97_total,2007,100
rou,sex_f,age_10yrbands_y25_34,edu_isced97_total,2008,100
rou,sex_f,age_10yrbands_y25_34,edu_isced97_total,2009,100
rou,sex_f,age_10yrbands_y25_34,edu_isced97_total,2010,100
rou,sex_f,age_10yrbands_y25_34,edu_isced97_total,2011,100
rou,sex_f,age_10yrbands_y25_34,edu_isced97_total,2012,100
rou,sex_f,age_10yrbands_y25_34,edu_isced97_total,2013,100
rou,sex_f,age_10yrbands_y35_44,edu_aggregate_adv,1997,15.4418
rou,sex_f,age_10yrbands_y35_44,edu_aggregate_adv,1998,10.2709
rou,sex_f,age_10yrbands_y35_44,edu_aggregate_adv,1999,10
rou,sex_f,age_10yrbands_y35_44,edu_aggregate_adv,2000,11.3958
rou,sex_f,age_10yrbands_y35_44,edu_aggregate_adv,2001,12.3489
rou,sex_f,age_10yrbands_y35_44,edu_aggregate_adv,2002,11.7952
rou,sex_f,age_10yrbands_y35_44,edu_aggregate_adv,2003,11.196
rou,sex_f,age_10yrbands_y35_44,edu_aggregate_adv,2004,12.6709
rou,sex_f,age_10yrbands_y35_44,edu_aggregate_adv,2005,13.9793
rou,sex_f,age_10yrbands_y35_44,edu_aggregate_adv,2006,13.9237
rou,sex_f,age_10yrbands_y35_44,edu_aggregate_adv,2007,13.4157
rou,sex_f,age_10yrbands_y35_44,edu_aggregate_adv,2008,15.0949
rou,sex_f,age_10yrbands_y35_44,edu_aggregate_adv,2009,17.0741
rou,sex_f,age_10yrbands_y35_44,edu_aggregate_adv,2010,18.6358
rou,sex_f,age_10yrbands_y35_44,edu_aggregate_adv,2011,20.4655
rou,sex_f,age_10yrbands_y35_44,edu_aggregate_adv,2012,21.2977
rou,sex_f,age_10yrbands_y35_44,edu_aggregate_adv,2013,22.9979
rou,sex_f,age_10yrbands_y35_44,edu_aggregate_adv,2014,23.7294
rou,sex_f,age_10yrbands_y35_44,edu_aggregate_adv,2015,27.2316
rou,sex_f,age_10yrbands_y35_44,edu_aggregate_adv,2016,28.6925
rou,sex_f,age_10yrbands_y35_44,edu_aggregate_adv,2017,28.9801
rou,sex_f,age_10yrbands_y35_44,edu_aggregate_adv,2018,30.7109
rou,sex_f,age_10yrbands_y35_44,edu_aggregate_adv,2019,32.3869
rou,sex_f,age_10yrbands_y35_44,edu_aggregate_bas,1997,27.2826
rou,sex_f,age_10yrbands_y35_44,edu_aggregate_bas,1998,24.3925
rou,sex_f,age_10yrbands_y35_44,edu_aggregate_bas,1999,23.0066
rou,sex_f,age_10yrbands_y35_44,edu_aggregate_bas,2000,22.0614
rou,sex_f,age_10yrbands_y35_44,edu_aggregate_bas,2001,19.5251
rou,sex_f,age_10yrbands_y35_44,edu_aggregate_bas,2002,18.4913
rou,sex_f,age_10yrbands_y35_44,edu_aggregate_bas,2003,17.0958
rou,sex_f,age_10yrbands_y35_44,edu_aggregate_bas,2004,12.9874
rou,sex_f,age_10yrbands_y35_44,edu_aggregate_bas,2005,11.6349
rou,sex_f,age_10yrbands_y35_44,edu_aggregate_bas,2006,11.2266
rou,sex_f,age_10yrbands_y35_44,edu_aggregate_bas,2007,11.5949
rou,sex_f,age_10yrbands_y35_44,edu_aggregate_bas,2008,11.6267
rou,sex_f,age_10yrbands_y35_44,edu_aggregate_bas,2009,13.0452
rou,sex_f,age_10yrbands_y35_44,edu_aggregate_bas,2010,14.0923
rou,sex_f,age_10yrbands_y35_44,edu_aggregate_bas,2011,13.7261
rou,sex_f,age_10yrbands_y35_44,edu_aggregate_bas,2012,14.3476
rou,sex_f,age_10yrbands_y35_44,edu_aggregate_bas,2013,15.3219
rou,sex_f,age_10yrbands_y35_44,edu_aggregate_bas,2014,17.5851
rou,sex_f,age_10yrbands_y35_44,edu_aggregate_bas,2015,15.9581
rou,sex_f,age_10yrbands_y35_44,edu_aggregate_bas,2016,13.9949
rou,sex_f,age_10yrbands_y35_44,edu_aggregate_bas,2017,13.4881
rou,sex_f,age_10yrbands_y35_44,edu_aggregate_bas,2018,13.5523
rou,sex_f,age_10yrbands_y35_44,edu_aggregate_bas,2019,13.344
rou,sex_f,age_10yrbands_y35_44,edu_aggregate_int,1997,57.2679
rou,sex_f,age_10yrbands_y35_44,edu_aggregate_int,1998,65.3366
rou,sex_f,age_10yrbands_y35_44,edu_aggregate_int,1999,66.9934
rou,sex_f,age_10yrbands_y35_44,edu_aggregate_int,2000,66.5427
rou,sex_f,age_10yrbands_y35_44,edu_aggregate_int,2001,67.7499
rou,sex_f,age_10yrbands_y35_44,edu_aggregate_int,2002,69.2435
rou,sex_f,age_10yrbands_y35_44,edu_aggregate_int,2003,71.1761
rou,sex_f,age_10yrbands_y35_44,edu_aggregate_int,2004,73.8131
rou,sex_f,age_10yrbands_y35_44,edu_aggregate_int,2005,74.0781
rou,sex_f,age_10yrbands_y35_44,edu_aggregate_int,2006,74.5974
rou,sex_f,age_10yrbands_y35_44,edu_aggregate_int,2007,74.685
rou,sex_f,age_10yrbands_y35_44,edu_aggregate_int,2008,72.9115
rou,sex_f,age_10yrbands_y35_44,edu_aggregate_int,2009,69.6576
rou,sex_f,age_10yrbands_y35_44,edu_aggregate_int,2010,67.048
rou,sex_f,age_10yrbands_y35_44,edu_aggregate_int,2011,65.6937
rou,sex_f,age_10yrbands_y35_44,edu_aggregate_int,2012,64.1458
rou,sex_f,age_10yrbands_y35_44,edu_aggregate_int,2013,61.5523
rou,sex_f,age_10yrbands_y35_44,edu_aggregate_int,2014,58.5609
rou,sex_f,age_10yrbands_y35_44,edu_aggregate_int,2015,56.484
rou,sex_f,age_10yrbands_y35_44,edu_aggregate_int,2016,57.1135
rou,sex_f,age_10yrbands_y35_44,edu_aggregate_int,2017,57.3862
rou,sex_f,age_10yrbands_y35_44,edu_aggregate_int,2018,55.6526
rou,sex_f,age_10yrbands_y35_44,edu_aggregate_int,2019,54.0477
rou,sex_f,age_10yrbands_y35_44,edu_aggregate_ltb,2001,0.3762
rou,sex_f,age_10yrbands_y35_44,edu_aggregate_ltb,2002,0.47
rou,sex_f,age_10yrbands_y35_44,edu_aggregate_ltb,2003,0.5321
rou,sex_f,age_10yrbands_y35_44,edu_aggregate_total,1997,100
rou,sex_f,age_10yrbands_y35_44,edu_aggregate_total,1998,100
rou,sex_f,age_10yrbands_y35_44,edu_aggregate_total,1999,100
rou,sex_f,age_10yrbands_y35_44,edu_aggregate_total,2000,100
rou,sex_f,age_10yrbands_y35_44,edu_aggregate_total,2001,100
rou,sex_f,age_10yrbands_y35_44,edu_aggregate_total,2002,100
rou,sex_f,age_10yrbands_y35_44,edu_aggregate_total,2003,100
rou,sex_f,age_10yrbands_y35_44,edu_aggregate_total,2004,100
rou,sex_f,age_10yrbands_y35_44,edu_aggregate_total,2005,100
rou,sex_f,age_10yrbands_y35_44,edu_aggregate_total,2006,100
rou,sex_f,age_10yrbands_y35_44,edu_aggregate_total,2007,100
rou,sex_f,age_10yrbands_y35_44,edu_aggregate_total,2008,100
rou,sex_f,age_10yrbands_y35_44,edu_aggregate_total,2009,100
rou,sex_f,age_10yrbands_y35_44,edu_aggregate_total,2010,100
rou,sex_f,age_10yrbands_y35_44,edu_aggregate_total,2011,100
rou,sex_f,age_10yrbands_y35_44,edu_aggregate_total,2012,100
rou,sex_f,age_10yrbands_y35_44,edu_aggregate_total,2013,100
rou,sex_f,age_10yrbands_y35_44,edu_aggregate_total,2014,100
rou,sex_f,age_10yrbands_y35_44,edu_aggregate_total,2015,100
rou,sex_f,age_10yrbands_y35_44,edu_aggregate_total,2016,100
rou,sex_f,age_10yrbands_y35_44,edu_aggregate_total,2017,100
rou,sex_f,age_10yrbands_y35_44,edu_aggregate_total,2018,100
rou,sex_f,age_10yrbands_y35_44,edu_aggregate_total,2019,100
rou,sex_f,age_10yrbands_y35_44,edu_isced11_0,2015,0.3262
rou,sex_f,age_10yrbands_y35_44,edu_isced11_0,2016,0.1992
rou,sex_f,age_10yrbands_y35_44,edu_isced11_0,2017,0.1456
rou,sex_f,age_10yrbands_y35_44,edu_isced11_1,2014,1.2751
rou,sex_f,age_10yrbands_y35_44,edu_isced11_1,2015,0.969
rou,sex_f,age_10yrbands_y35_44,edu_isced11_1,2016,0.9414
rou,sex_f,age_10yrbands_y35_44,edu_isced11_1,2017,1.0473
rou,sex_f,age_10yrbands_y35_44,edu_isced11_1,2018,0.9427
rou,sex_f,age_10yrbands_y35_44,edu_isced11_1,2019,0.9889
rou,sex_f,age_10yrbands_y35_44,edu_isced11_2,2014,16.31
rou,sex_f,age_10yrbands_y35_44,edu_isced11_2,2015,14.9891
rou,sex_f,age_10yrbands_y35_44,edu_isced11_2,2016,13.0535
rou,sex_f,age_10yrbands_y35_44,edu_isced11_2,2017,12.4409
rou,sex_f,age_10yrbands_y35_44,edu_isced11_2,2018,12.6095
rou,sex_f,age_10yrbands_y35_44,edu_isced11_2,2019,12.3552
rou,sex_f,age_10yrbands_y35_44,edu_isced11_3,2014,51.8526
rou,sex_f,age_10yrbands_y35_44,edu_isced11_3,2015,50.6384
rou,sex_f,age_10yrbands_y35_44,edu_isced11_3,2016,51.5891
rou,sex_f,age_10yrbands_y35_44,edu_isced11_3,2017,51.7684
rou,sex_f,age_10yrbands_y35_44,edu_isced11_3,2018,50.0346
rou,sex_f,age_10yrbands_y35_44,edu_isced11_3,2019,48.2851
rou,sex_f,age_10yrbands_y35_44,edu_isced11_4,2014,6.7083
rou,sex_f,age_10yrbands_y35_44,edu_isced11_4,2015,5.8457
rou,sex_f,age_10yrbands_y35_44,edu_isced11_4,2016,5.5244
rou,sex_f,age_10yrbands_y35_44,edu_isced11_4,2017,5.6178
rou,sex_f,age_10yrbands_y35_44,edu_isced11_4,2018,5.6181
rou,sex_f,age_10yrbands_y35_44,edu_isced11_4,2019,5.7626
rou,sex_f,age_10yrbands_y35_44,edu_isced11_5,2014,0.9157
rou,sex_f,age_10yrbands_y35_44,edu_isced11_5,2015,0.8228
rou,sex_f,age_10yrbands_y35_44,edu_isced11_5,2016,0.7967
rou,sex_f,age_10yrbands_y35_44,edu_isced11_5,2017,0.8994
rou,sex_f,age_10yrbands_y35_44,edu_isced11_5,2018,0.763
rou,sex_f,age_10yrbands_y35_44,edu_isced11_5,2019,1.2203
rou,sex_f,age_10yrbands_y35_44,edu_isced11_6,2014,5.6571
rou,sex_f,age_10yrbands_y35_44,edu_isced11_6,2015,4.0535
rou,sex_f,age_10yrbands_y35_44,edu_isced11_6,2016,2.7076
rou,sex_f,age_10yrbands_y35_44,edu_isced11_6,2017,2.3706
rou,sex_f,age_10yrbands_y35_44,edu_isced11_6,2018,2.1238
rou,sex_f,age_10yrbands_y35_44,edu_isced11_6,2019,2.907
rou,sex_f,age_10yrbands_y35_44,edu_isced11_7,2014,17.0635
rou,sex_f,age_10yrbands_y35_44,edu_isced11_7,2015,22.218
rou,sex_f,age_10yrbands_y35_44,edu_isced11_7,2016,25.0768
rou,sex_f,age_10yrbands_y35_44,edu_isced11_7,2017,25.63
rou,sex_f,age_10yrbands_y35_44,edu_isced11_7,2018,27.6705
rou,sex_f,age_10yrbands_y35_44,edu_isced11_7,2019,27.9867
rou,sex_f,age_10yrbands_y35_44,edu_isced11_8,2015,0.1373
rou,sex_f,age_10yrbands_y35_44,edu_isced11_8,2016,0.1114
rou,sex_f,age_10yrbands_y35_44,edu_isced11_8,2017,0.0802
rou,sex_f,age_10yrbands_y35_44,edu_isced11_total,2014,100
rou,sex_f,age_10yrbands_y35_44,edu_isced11_total,2015,100
rou,sex_f,age_10yrbands_y35_44,edu_isced11_total,2016,100
rou,sex_f,age_10yrbands_y35_44,edu_isced11_total,2017,100
rou,sex_f,age_10yrbands_y35_44,edu_isced11_total,2018,100
rou,sex_f,age_10yrbands_y35_44,edu_isced11_total,2019,100
rou,sex_f,age_10yrbands_y35_44,edu_isced97_0,2001,0.3762
rou,sex_f,age_10yrbands_y35_44,edu_isced97_0,2002,0.47
rou,sex_f,age_10yrbands_y35_44,edu_isced97_0,2003,0.5321
rou,sex_f,age_10yrbands_y35_44,edu_isced97_0,2004,0.5286
rou,sex_f,age_10yrbands_y35_44,edu_isced97_0,2006,0.2522
rou,sex_f,age_10yrbands_y35_44,edu_isced97_0,2007,0.3044
rou,sex_f,age_10yrbands_y35_44,edu_isced97_0,2008,0.367
rou,sex_f,age_10yrbands_y35_44,edu_isced97_0,2009,0.2232
rou,sex_f,age_10yrbands_y35_44,edu_isced97_0,2011,0.1147
rou,sex_f,age_10yrbands_y35_44,edu_isced97_0,2012,0.209
rou,sex_f,age_10yrbands_y35_44,edu_isced97_0,2013,0.1278
rou,sex_f,age_10yrbands_y35_44,edu_isced97_1,1998,3.2401
rou,sex_f,age_10yrbands_y35_44,edu_isced97_1,1999,3.1226
rou,sex_f,age_10yrbands_y35_44,edu_isced97_1,2000,3.3323
rou,sex_f,age_10yrbands_y35_44,edu_isced97_1,2001,2.0502
rou,sex_f,age_10yrbands_y35_44,edu_isced97_1,2002,0.9849
rou,sex_f,age_10yrbands_y35_44,edu_isced97_1,2003,1.0454
rou,sex_f,age_10yrbands_y35_44,edu_isced97_1,2004,1.625
rou,sex_f,age_10yrbands_y35_44,edu_isced97_1,2005,0.9851
rou,sex_f,age_10yrbands_y35_44,edu_isced97_1,2006,0.9421
rou,sex_f,age_10yrbands_y35_44,edu_isced97_1,2007,0.744
rou,sex_f,age_10yrbands_y35_44,edu_isced97_1,2008,0.6614
rou,sex_f,age_10yrbands_y35_44,edu_isced97_1,2009,0.8379
rou,sex_f,age_10yrbands_y35_44,edu_isced97_1,2010,1.0152
rou,sex_f,age_10yrbands_y35_44,edu_isced97_1,2011,0.7137
rou,sex_f,age_10yrbands_y35_44,edu_isced97_1,2012,0.8211
rou,sex_f,age_10yrbands_y35_44,edu_isced97_1,2013,0.9256
rou,sex_f,age_10yrbands_y35_44,edu_isced97_2,1998,21.1524
rou,sex_f,age_10yrbands_y35_44,edu_isced97_2,1999,19.8839
rou,sex_f,age_10yrbands_y35_44,edu_isced97_2,2000,18.7291
rou,sex_f,age_10yrbands_y35_44,edu_isced97_2,2001,17.4749
rou,sex_f,age_10yrbands_y35_44,edu_isced97_2,2002,17.5064
rou,sex_f,age_10yrbands_y35_44,edu_isced97_2,2003,16.0504
rou,sex_f,age_10yrbands_y35_44,edu_isced97_2,2004,11.3624
rou,sex_f,age_10yrbands_y35_44,edu_isced97_2,2005,10.6498
rou,sex_f,age_10yrbands_y35_44,edu_isced97_2,2006,10.2845
rou,sex_f,age_10yrbands_y35_44,edu_isced97_2,2007,10.8509
rou,sex_f,age_10yrbands_y35_44,edu_isced97_2,2008,10.9652
rou,sex_f,age_10yrbands_y35_44,edu_isced97_2,2009,12.2073
rou,sex_f,age_10yrbands_y35_44,edu_isced97_2,2010,13.0771
rou,sex_f,age_10yrbands_y35_44,edu_isced97_2,2011,13.0124
rou,sex_f,age_10yrbands_y35_44,edu_isced97_2,2012,13.5265
rou,sex_f,age_10yrbands_y35_44,edu_isced97_2,2013,14.3963
rou,sex_f,age_10yrbands_y35_44,edu_isced97_3,1998,65.3366
rou,sex_f,age_10yrbands_y35_44,edu_isced97_3,1999,66.9934
rou,sex_f,age_10yrbands_y35_44,edu_isced97_3,2000,66.5427
rou,sex_f,age_10yrbands_y35_44,edu_isced97_3,2001,67.7499
rou,sex_f,age_10yrbands_y35_44,edu_isced97_3,2002,65.7066
rou,sex_f,age_10yrbands_y35_44,edu_isced97_3,2003,68.3338
rou,sex_f,age_10yrbands_y35_44,edu_isced97_3,2004,70.6791
rou,sex_f,age_10yrbands_y35_44,edu_isced97_3,2005,70.3058
rou,sex_f,age_10yrbands_y35_44,edu_isced97_3,2006,70.8239
rou,sex_f,age_10yrbands_y35_44,edu_isced97_3,2007,70.6497
rou,sex_f,age_10yrbands_y35_44,edu_isced97_3,2008,68.7298
rou,sex_f,age_10yrbands_y35_44,edu_isced97_3,2009,65.2679
rou,sex_f,age_10yrbands_y35_44,edu_isced97_3,2010,62.2902
rou,sex_f,age_10yrbands_y35_44,edu_isced97_3,2011,60.8148
rou,sex_f,age_10yrbands_y35_44,edu_isced97_3,2012,58.7359
rou,sex_f,age_10yrbands_y35_44,edu_isced97_3,2013,55.8123
rou,sex_f,age_10yrbands_y35_44,edu_isced97_4,2002,3.5368
rou,sex_f,age_10yrbands_y35_44,edu_isced97_4,2003,2.8423
rou,sex_f,age_10yrbands_y35_44,edu_isced97_4,2004,3.134
rou,sex_f,age_10yrbands_y35_44,edu_isced97_4,2005,3.7724
rou,sex_f,age_10yrbands_y35_44,edu_isced97_4,2006,3.7736
rou,sex_f,age_10yrbands_y35_44,edu_isced97_4,2007,4.0353
rou,sex_f,age_10yrbands_y35_44,edu_isced97_4,2008,4.1816
rou,sex_f,age_10yrbands_y35_44,edu_isced97_4,2009,4.3897
rou,sex_f,age_10yrbands_y35_44,edu_isced97_4,2010,4.7578
rou,sex_f,age_10yrbands_y35_44,edu_isced97_4,2011,4.8788
rou,sex_f,age_10yrbands_y35_44,edu_isced97_4,2012,5.4098
rou,sex_f,age_10yrbands_y35_44,edu_isced97_4,2013,5.7401
rou,sex_f,age_10yrbands_y35_44,edu_isced97_5,1998,10.2709
rou,sex_f,age_10yrbands_y35_44,edu_isced97_5,1999,10
rou,sex_f,age_10yrbands_y35_44,edu_isced97_5,2000,11.3958
rou,sex_f,age_10yrbands_y35_44,edu_isced97_5,2001,12.3489
rou,sex_f,age_10yrbands_y35_44,edu_isced97_5,2002,11.6679
rou,sex_f,age_10yrbands_y35_44,edu_isced97_5,2003,11.0605
rou,sex_f,age_10yrbands_y35_44,edu_isced97_5,2004,12.5115
rou,sex_f,age_10yrbands_y35_44,edu_isced97_5,2005,13.7571
rou,sex_f,age_10yrbands_y35_44,edu_isced97_5,2006,13.8076
rou,sex_f,age_10yrbands_y35_44,edu_isced97_5,2007,13.2708
rou,sex_f,age_10yrbands_y35_44,edu_isced97_5,2008,14.9747
rou,sex_f,age_10yrbands_y35_44,edu_isced97_5,2009,16.9896
rou,sex_f,age_10yrbands_y35_44,edu_isced97_5,2010,18.589
rou,sex_f,age_10yrbands_y35_44,edu_isced97_5,2011,20.3823
rou,sex_f,age_10yrbands_y35_44,edu_isced97_5,2012,21.1525
rou,sex_f,age_10yrbands_y35_44,edu_isced97_5,2013,22.8974
rou,sex_f,age_10yrbands_y35_44,edu_isced97_6,2004,0.1594
rou,sex_f,age_10yrbands_y35_44,edu_isced97_6,2006,0.1161
rou,sex_f,age_10yrbands_y35_44,edu_isced97_6,2007,0.1449
rou,sex_f,age_10yrbands_y35_44,edu_isced97_6,2008,0.1201
rou,sex_f,age_10yrbands_y35_44,edu_isced97_6,2009,0.0845
rou,sex_f,age_10yrbands_y35_44,edu_isced97_6,2011,0.0832
rou,sex_f,age_10yrbands_y35_44,edu_isced97_6,2012,0.1452
rou,sex_f,age_10yrbands_y35_44,edu_isced97_6,2013,0.1005
rou,sex_f,age_10yrbands_y35_44,edu_isced97_total,1998,100
rou,sex_f,age_10yrbands_y35_44,edu_isced97_total,1999,100
rou,sex_f,age_10yrbands_y35_44,edu_isced97_total,2000,100
rou,sex_f,age_10yrbands_y35_44,edu_isced97_total,2001,100
rou,sex_f,age_10yrbands_y35_44,edu_isced97_total,2002,100
rou,sex_f,age_10yrbands_y35_44,edu_isced97_total,2003,100
rou,sex_f,age_10yrbands_y35_44,edu_isced97_total,2004,100
rou,sex_f,age_10yrbands_y35_44,edu_isced97_total,2005,100
rou,sex_f,age_10yrbands_y35_44,edu_isced97_total,2006,100
rou,sex_f,age_10yrbands_y35_44,edu_isced97_total,2007,100
rou,sex_f,age_10yrbands_y35_44,edu_isced97_total,2008,100
rou,sex_f,age_10yrbands_y35_44,edu_isced97_total,2009,100
rou,sex_f,age_10yrbands_y35_44,edu_isced97_total,2010,100
rou,sex_f,age_10yrbands_y35_44,edu_isced97_total,2011,100
rou,sex_f,age_10yrbands_y35_44,edu_isced97_total,2012,100
rou,sex_f,age_10yrbands_y35_44,edu_isced97_total,2013,100
rou,sex_f,age_10yrbands_y45_54,edu_aggregate_adv,1997,18.0251
rou,sex_f,age_10yrbands_y45_54,edu_aggregate_adv,1998,11.0085
rou,sex_f,age_10yrbands_y45_54,edu_aggregate_adv,1999,11.2547
rou,sex_f,age_10yrbands_y45_54,edu_aggregate_adv,2000,11.1526
rou,sex_f,age_10yrbands_y45_54,edu_aggregate_adv,2001,12.4136
rou,sex_f,age_10yrbands_y45_54,edu_aggregate_adv,2002,13.4827
rou,sex_f,age_10yrbands_y45_54,edu_aggregate_adv,2003,12.7029
rou,sex_f,age_10yrbands_y45_54,edu_aggregate_adv,2004,13.3109
rou,sex_f,age_10yrbands_y45_54,edu_aggregate_adv,2005,14.07
rou,sex_f,age_10yrbands_y45_54,edu_aggregate_adv,2006,14.3388
rou,sex_f,age_10yrbands_y45_54,edu_aggregate_adv,2007,13.8567
rou,sex_f,age_10yrbands_y45_54,edu_aggregate_adv,2008,14.3859
rou,sex_f,age_10yrbands_y45_54,edu_aggregate_adv,2009,14.9711
rou,sex_f,age_10yrbands_y45_54,edu_aggregate_adv,2010,14.798
rou,sex_f,age_10yrbands_y45_54,edu_aggregate_adv,2011,15.7673
rou,sex_f,age_10yrbands_y45_54,edu_aggregate_adv,2012,16.4664
rou,sex_f,age_10yrbands_y45_54,edu_aggregate_adv,2013,16.8459
rou,sex_f,age_10yrbands_y45_54,edu_aggregate_adv,2014,16.3783
rou,sex_f,age_10yrbands_y45_54,edu_aggregate_adv,2015,18.6137
rou,sex_f,age_10yrbands_y45_54,edu_aggregate_adv,2016,19.517
rou,sex_f,age_10yrbands_y45_54,edu_aggregate_adv,2017,19.3899
rou,sex_f,age_10yrbands_y45_54,edu_aggregate_adv,2018,19.2477
rou,sex_f,age_10yrbands_y45_54,edu_aggregate_adv,2019,19.7809
rou,sex_f,age_10yrbands_y45_54,edu_aggregate_bas,1997,53.6672
rou,sex_f,age_10yrbands_y45_54,edu_aggregate_bas,1998,47.9865
rou,sex_f,age_10yrbands_y45_54,edu_aggregate_bas,1999,47.168
rou,sex_f,age_10yrbands_y45_54,edu_aggregate_bas,2000,46.7174
rou,sex_f,age_10yrbands_y45_54,edu_aggregate_bas,2001,42.8636
rou,sex_f,age_10yrbands_y45_54,edu_aggregate_bas,2002,38.1311
rou,sex_f,age_10yrbands_y45_54,edu_aggregate_bas,2003,38.9363
rou,sex_f,age_10yrbands_y45_54,edu_aggregate_bas,2004,32.9333
rou,sex_f,age_10yrbands_y45_54,edu_aggregate_bas,2005,29.6688
rou,sex_f,age_10yrbands_y45_54,edu_aggregate_bas,2006,25.9682
rou,sex_f,age_10yrbands_y45_54,edu_aggregate_bas,2007,24.321
rou,sex_f,age_10yrbands_y45_54,edu_aggregate_bas,2008,23.3962
rou,sex_f,age_10yrbands_y45_54,edu_aggregate_bas,2009,22.969
rou,sex_f,age_10yrbands_y45_54,edu_aggregate_bas,2010,23.0647
rou,sex_f,age_10yrbands_y45_54,edu_aggregate_bas,2011,20.3366
rou,sex_f,age_10yrbands_y45_54,edu_aggregate_bas,2012,18.4652
rou,sex_f,age_10yrbands_y45_54,edu_aggregate_bas,2013,16.8039
rou,sex_f,age_10yrbands_y45_54,edu_aggregate_bas,2014,19.4286
rou,sex_f,age_10yrbands_y45_54,edu_aggregate_bas,2015,14.979
rou,sex_f,age_10yrbands_y45_54,edu_aggregate_bas,2016,13.2704
rou,sex_f,age_10yrbands_y45_54,edu_aggregate_bas,2017,12.3663
rou,sex_f,age_10yrbands_y45_54,edu_aggregate_bas,2018,11.5968
rou,sex_f,age_10yrbands_y45_54,edu_aggregate_bas,2019,11.5009
rou,sex_f,age_10yrbands_y45_54,edu_aggregate_int,1997,28.2975
rou,sex_f,age_10yrbands_y45_54,edu_aggregate_int,1998,41.005
rou,sex_f,age_10yrbands_y45_54,edu_aggregate_int,1999,41.5773
rou,sex_f,age_10yrbands_y45_54,edu_aggregate_int,2000,42.13
rou,sex_f,age_10yrbands_y45_54,edu_aggregate_int,2001,43.8528
rou,sex_f,age_10yrbands_y45_54,edu_aggregate_int,2002,47.8574
rou,sex_f,age_10yrbands_y45_54,edu_aggregate_int,2003,47.6993
rou,sex_f,age_10yrbands_y45_54,edu_aggregate_int,2004,53.0751
rou,sex_f,age_10yrbands_y45_54,edu_aggregate_int,2005,55.6371
rou,sex_f,age_10yrbands_y45_54,edu_aggregate_int,2006,59.2306
rou,sex_f,age_10yrbands_y45_54,edu_aggregate_int,2007,61.3184
rou,sex_f,age_10yrbands_y45_54,edu_aggregate_int,2008,61.8313
rou,sex_f,age_10yrbands_y45_54,edu_aggregate_int,2009,61.7653
rou,sex_f,age_10yrbands_y45_54,edu_aggregate_int,2010,61.6751
rou,sex_f,age_10yrbands_y45_54,edu_aggregate_int,2011,63.6763
rou,sex_f,age_10yrbands_y45_54,edu_aggregate_int,2012,64.9683
rou,sex_f,age_10yrbands_y45_54,edu_aggregate_int,2013,66.1994
rou,sex_f,age_10yrbands_y45_54,edu_aggregate_int,2014,64.0779
rou,sex_f,age_10yrbands_y45_54,edu_aggregate_int,2015,66.2809
rou,sex_f,age_10yrbands_y45_54,edu_aggregate_int,2016,67.1055
rou,sex_f,age_10yrbands_y45_54,edu_aggregate_int,2017,68.05
rou,sex_f,age_10yrbands_y45_54,edu_aggregate_int,2018,68.8373
rou,sex_f,age_10yrbands_y45_54,edu_aggregate_int,2019,68.4898
rou,sex_f,age_10yrbands_y45_54,edu_aggregate_ltb,2001,0.87
rou,sex_f,age_10yrbands_y45_54,edu_aggregate_ltb,2002,0.5288
rou,sex_f,age_10yrbands_y45_54,edu_aggregate_ltb,2003,0.6615
rou,sex_f,age_10yrbands_y45_54,edu_aggregate_ltb,2004,0.6806
rou,sex_f,age_10yrbands_y45_54,edu_aggregate_total,1997,100
rou,sex_f,age_10yrbands_y45_54,edu_aggregate_total,1998,100
rou,sex_f,age_10yrbands_y45_54,edu_aggregate_total,1999,100
rou,sex_f,age_10yrbands_y45_54,edu_aggregate_total,2000,100
rou,sex_f,age_10yrbands_y45_54,edu_aggregate_total,2001,100
rou,sex_f,age_10yrbands_y45_54,edu_aggregate_total,2002,100
rou,sex_f,age_10yrbands_y45_54,edu_aggregate_total,2003,100
rou,sex_f,age_10yrbands_y45_54,edu_aggregate_total,2004,100
rou,sex_f,age_10yrbands_y45_54,edu_aggregate_total,2005,100
rou,sex_f,age_10yrbands_y45_54,edu_aggregate_total,2006,100
rou,sex_f,age_10yrbands_y45_54,edu_aggregate_total,2007,100
rou,sex_f,age_10yrbands_y45_54,edu_aggregate_total,2008,100
rou,sex_f,age_10yrbands_y45_54,edu_aggregate_total,2009,100
rou,sex_f,age_10yrbands_y45_54,edu_aggregate_total,2010,100
rou,sex_f,age_10yrbands_y45_54,edu_aggregate_total,2011,100
rou,sex_f,age_10yrbands_y45_54,edu_aggregate_total,2012,100
rou,sex_f,age_10yrbands_y45_54,edu_aggregate_total,2013,100
rou,sex_f,age_10yrbands_y45_54,edu_aggregate_total,2014,100
rou,sex_f,age_10yrbands_y45_54,edu_aggregate_total,2015,100
rou,sex_f,age_10yrbands_y45_54,edu_aggregate_total,2016,100
rou,sex_f,age_10yrbands_y45_54,edu_aggregate_total,2017,100
rou,sex_f,age_10yrbands_y45_54,edu_aggregate_total,2018,100
rou,sex_f,age_10yrbands_y45_54,edu_aggregate_total,2019,100
rou,sex_f,age_10yrbands_y45_54,edu_isced11_0,2015,0.1264
rou,sex_f,age_10yrbands_y45_54,edu_isced11_0,2016,0.1072
rou,sex_f,age_10yrbands_y45_54,edu_isced11_0,2017,0.1938
rou,sex_f,age_10yrbands_y45_54,edu_isced11_1,2014,1.7359
rou,sex_f,age_10yrbands_y45_54,edu_isced11_1,2015,1.2882
rou,sex_f,age_10yrbands_y45_54,edu_isced11_1,2016,0.865
rou,sex_f,age_10yrbands_y45_54,edu_isced11_1,2017,0.9009
rou,sex_f,age_10yrbands_y45_54,edu_isced11_1,2018,0.8983
rou,sex_f,age_10yrbands_y45_54,edu_isced11_1,2019,0.9294
rou,sex_f,age_10yrbands_y45_54,edu_isced11_2,2014,17.6927
rou,sex_f,age_10yrbands_y45_54,edu_isced11_2,2015,13.6908
rou,sex_f,age_10yrbands_y45_54,edu_isced11_2,2016,12.4053
rou,sex_f,age_10yrbands_y45_54,edu_isced11_2,2017,11.4653
rou,sex_f,age_10yrbands_y45_54,edu_isced11_2,2018,10.6984
rou,sex_f,age_10yrbands_y45_54,edu_isced11_2,2019,10.5715
rou,sex_f,age_10yrbands_y45_54,edu_isced11_3,2014,60.705
rou,sex_f,age_10yrbands_y45_54,edu_isced11_3,2015,62.7861
rou,sex_f,age_10yrbands_y45_54,edu_isced11_3,2016,63.3341
rou,sex_f,age_10yrbands_y45_54,edu_isced11_3,2017,64.2418
rou,sex_f,age_10yrbands_y45_54,edu_isced11_3,2018,64.7346
rou,sex_f,age_10yrbands_y45_54,edu_isced11_3,2019,64.2019
rou,sex_f,age_10yrbands_y45_54,edu_isced11_4,2014,3.3729
rou,sex_f,age_10yrbands_y45_54,edu_isced11_4,2015,3.4948
rou,sex_f,age_10yrbands_y45_54,edu_isced11_4,2016,3.7714
rou,sex_f,age_10yrbands_y45_54,edu_isced11_4,2017,3.8082
rou,sex_f,age_10yrbands_y45_54,edu_isced11_4,2018,4.1027
rou,sex_f,age_10yrbands_y45_54,edu_isced11_4,2019,4.2879
rou,sex_f,age_10yrbands_y45_54,edu_isced11_5,2015,0.7481
rou,sex_f,age_10yrbands_y45_54,edu_isced11_5,2016,0.6099
rou,sex_f,age_10yrbands_y45_54,edu_isced11_5,2017,0.4235
rou,sex_f,age_10yrbands_y45_54,edu_isced11_5,2019,0.8104
rou,sex_f,age_10yrbands_y45_54,edu_isced11_6,2014,3.0741
rou,sex_f,age_10yrbands_y45_54,edu_isced11_6,2015,2.084
rou,sex_f,age_10yrbands_y45_54,edu_isced11_6,2016,1.8994
rou,sex_f,age_10yrbands_y45_54,edu_isced11_6,2017,1.8074
rou,sex_f,age_10yrbands_y45_54,edu_isced11_6,2018,1.6614
rou,sex_f,age_10yrbands_y45_54,edu_isced11_6,2019,1.7881
rou,sex_f,age_10yrbands_y45_54,edu_isced11_7,2014,12.4778
rou,sex_f,age_10yrbands_y45_54,edu_isced11_7,2015,15.7128
rou,sex_f,age_10yrbands_y45_54,edu_isced11_7,2016,16.9307
rou,sex_f,age_10yrbands_y45_54,edu_isced11_7,2017,17.0427
rou,sex_f,age_10yrbands_y45_54,edu_isced11_7,2018,17.0272
rou,sex_f,age_10yrbands_y45_54,edu_isced11_7,2019,17.0438
rou,sex_f,age_10yrbands_y45_54,edu_isced11_8,2015,0.0688
rou,sex_f,age_10yrbands_y45_54,edu_isced11_8,2016,0.0769
rou,sex_f,age_10yrbands_y45_54,edu_isced11_8,2017,0.1163
rou,sex_f,age_10yrbands_y45_54,edu_isced11_total,2014,100
rou,sex_f,age_10yrbands_y45_54,edu_isced11_total,2015,100
rou,sex_f,age_10yrbands_y45_54,edu_isced11_total,2016,100
rou,sex_f,age_10yrbands_y45_54,edu_isced11_total,2017,100
rou,sex_f,age_10yrbands_y45_54,edu_isced11_total,2018,100
rou,sex_f,age_10yrbands_y45_54,edu_isced11_total,2019,100
rou,sex_f,age_10yrbands_y45_54,edu_isced97_0,2001,0.87
rou,sex_f,age_10yrbands_y45_54,edu_isced97_0,2002,0.5288
rou,sex_f,age_10yrbands_y45_54,edu_isced97_0,2003,0.6615
rou,sex_f,age_10yrbands_y45_54,edu_isced97_0,2004,0.6806
rou,sex_f,age_10yrbands_y45_54,edu_isced97_0,2006,0.4624
rou,sex_f,age_10yrbands_y45_54,edu_isced97_0,2007,0.5039
rou,sex_f,age_10yrbands_y45_54,edu_isced97_0,2008,0.3866
rou,sex_f,age_10yrbands_y45_54,edu_isced97_0,2009,0.2946
rou,sex_f,age_10yrbands_y45_54,edu_isced97_0,2011,0.2198
rou,sex_f,age_10yrbands_y45_54,edu_isced97_0,2012,0.1001
rou,sex_f,age_10yrbands_y45_54,edu_isced97_0,2013,0.1508
rou,sex_f,age_10yrbands_y45_54,edu_isced97_1,1998,15.0436
rou,sex_f,age_10yrbands_y45_54,edu_isced97_1,1999,13.2362
rou,sex_f,age_10yrbands_y45_54,edu_isced97_1,2000,10.3232
rou,sex_f,age_10yrbands_y45_54,edu_isced97_1,2001,9.1571
rou,sex_f,age_10yrbands_y45_54,edu_isced97_1,2002,6.633
rou,sex_f,age_10yrbands_y45_54,edu_isced97_1,2003,5.2721
rou,sex_f,age_10yrbands_y45_54,edu_isced97_1,2004,4.2113
rou,sex_f,age_10yrbands_y45_54,edu_isced97_1,2005,3.7151
rou,sex_f,age_10yrbands_y45_54,edu_isced97_1,2006,2.925
rou,sex_f,age_10yrbands_y45_54,edu_isced97_1,2007,2.4813
rou,sex_f,age_10yrbands_y45_54,edu_isced97_1,2008,2.3306
rou,sex_f,age_10yrbands_y45_54,edu_isced97_1,2009,2.541
rou,sex_f,age_10yrbands_y45_54,edu_isced97_1,2010,1.8749
rou,sex_f,age_10yrbands_y45_54,edu_isced97_1,2011,1.6879
rou,sex_f,age_10yrbands_y45_54,edu_isced97_1,2012,1.4344
rou,sex_f,age_10yrbands_y45_54,edu_isced97_1,2013,1.4674
rou,sex_f,age_10yrbands_y45_54,edu_isced97_2,1998,32.9429
rou,sex_f,age_10yrbands_y45_54,edu_isced97_2,1999,33.9318
rou,sex_f,age_10yrbands_y45_54,edu_isced97_2,2000,36.3942
rou,sex_f,age_10yrbands_y45_54,edu_isced97_2,2001,33.7065
rou,sex_f,age_10yrbands_y45_54,edu_isced97_2,2002,31.4981
rou,sex_f,age_10yrbands_y45_54,edu_isced97_2,2003,33.6642
rou,sex_f,age_10yrbands_y45_54,edu_isced97_2,2004,28.722
rou,sex_f,age_10yrbands_y45_54,edu_isced97_2,2005,25.9537
rou,sex_f,age_10yrbands_y45_54,edu_isced97_2,2006,23.0433
rou,sex_f,age_10yrbands_y45_54,edu_isced97_2,2007,21.8397
rou,sex_f,age_10yrbands_y45_54,edu_isced97_2,2008,21.0656
rou,sex_f,age_10yrbands_y45_54,edu_isced97_2,2009,20.4279
rou,sex_f,age_10yrbands_y45_54,edu_isced97_2,2010,21.1898
rou,sex_f,age_10yrbands_y45_54,edu_isced97_2,2011,18.6487
rou,sex_f,age_10yrbands_y45_54,edu_isced97_2,2012,17.0308
rou,sex_f,age_10yrbands_y45_54,edu_isced97_2,2013,15.3365
rou,sex_f,age_10yrbands_y45_54,edu_isced97_3,1998,41.005
rou,sex_f,age_10yrbands_y45_54,edu_isced97_3,1999,41.5773
rou,sex_f,age_10yrbands_y45_54,edu_isced97_3,2000,42.13
rou,sex_f,age_10yrbands_y45_54,edu_isced97_3,2001,43.8528
rou,sex_f,age_10yrbands_y45_54,edu_isced97_3,2002,39.3135
rou,sex_f,age_10yrbands_y45_54,edu_isced97_3,2003,41.1116
rou,sex_f,age_10yrbands_y45_54,edu_isced97_3,2004,47.1948
rou,sex_f,age_10yrbands_y45_54,edu_isced97_3,2005,50.1505
rou,sex_f,age_10yrbands_y45_54,edu_isced97_3,2006,53.8333
rou,sex_f,age_10yrbands_y45_54,edu_isced97_3,2007,56.2083
rou,sex_f,age_10yrbands_y45_54,edu_isced97_3,2008,57.0961
rou,sex_f,age_10yrbands_y45_54,edu_isced97_3,2009,57.1747
rou,sex_f,age_10yrbands_y45_54,edu_isced97_3,2010,57.7585
rou,sex_f,age_10yrbands_y45_54,edu_isced97_3,2011,60.1819
rou,sex_f,age_10yrbands_y45_54,edu_isced97_3,2012,61.6534
rou,sex_f,age_10yrbands_y45_54,edu_isced97_3,2013,62.4714
rou,sex_f,age_10yrbands_y45_54,edu_isced97_4,2002,8.5439
rou,sex_f,age_10yrbands_y45_54,edu_isced97_4,2003,6.5877
rou,sex_f,age_10yrbands_y45_54,edu_isced97_4,2004,5.8804
rou,sex_f,age_10yrbands_y45_54,edu_isced97_4,2005,5.4866
rou,sex_f,age_10yrbands_y45_54,edu_isced97_4,2006,5.3973
rou,sex_f,age_10yrbands_y45_54,edu_isced97_4,2007,5.1102
rou,sex_f,age_10yrbands_y45_54,edu_isced97_4,2008,4.7352
rou,sex_f,age_10yrbands_y45_54,edu_isced97_4,2009,4.5907
rou,sex_f,age_10yrbands_y45_54,edu_isced97_4,2010,3.9165
rou,sex_f,age_10yrbands_y45_54,edu_isced97_4,2011,3.4945
rou,sex_f,age_10yrbands_y45_54,edu_isced97_4,2012,3.3148
rou,sex_f,age_10yrbands_y45_54,edu_isced97_4,2013,3.728
rou,sex_f,age_10yrbands_y45_54,edu_isced97_5,1998,11.0085
rou,sex_f,age_10yrbands_y45_54,edu_isced97_5,1999,11.2547
rou,sex_f,age_10yrbands_y45_54,edu_isced97_5,2000,11.1526
rou,sex_f,age_10yrbands_y45_54,edu_isced97_5,2001,12.4136
rou,sex_f,age_10yrbands_y45_54,edu_isced97_5,2002,13.4261
rou,sex_f,age_10yrbands_y45_54,edu_isced97_5,2003,12.7029
rou,sex_f,age_10yrbands_y45_54,edu_isced97_5,2004,13.2734
rou,sex_f,age_10yrbands_y45_54,edu_isced97_5,2005,13.8918
rou,sex_f,age_10yrbands_y45_54,edu_isced97_5,2006,14.1931
rou,sex_f,age_10yrbands_y45_54,edu_isced97_5,2007,13.7442
rou,sex_f,age_10yrbands_y45_54,edu_isced97_5,2008,14.2655
rou,sex_f,age_10yrbands_y45_54,edu_isced97_5,2009,14.8313
rou,sex_f,age_10yrbands_y45_54,edu_isced97_5,2010,14.6619
rou,sex_f,age_10yrbands_y45_54,edu_isced97_5,2011,15.7295
rou,sex_f,age_10yrbands_y45_54,edu_isced97_5,2012,16.4082
rou,sex_f,age_10yrbands_y45_54,edu_isced97_5,2013,16.6625
rou,sex_f,age_10yrbands_y45_54,edu_isced97_6,2006,0.1457
rou,sex_f,age_10yrbands_y45_54,edu_isced97_6,2007,0.1124
rou,sex_f,age_10yrbands_y45_54,edu_isced97_6,2008,0.1205
rou,sex_f,age_10yrbands_y45_54,edu_isced97_6,2009,0.1398
rou,sex_f,age_10yrbands_y45_54,edu_isced97_6,2012,0.0583
rou,sex_f,age_10yrbands_y45_54,edu_isced97_6,2013,0.1834
rou,sex_f,age_10yrbands_y45_54,edu_isced97_total,1998,100
rou,sex_f,age_10yrbands_y45_54,edu_isced97_total,1999,100
rou,sex_f,age_10yrbands_y45_54,edu_isced97_total,2000,100
rou,sex_f,age_10yrbands_y45_54,edu_isced97_total,2001,100
rou,sex_f,age_10yrbands_y45_54,edu_isced97_total,2002,100
rou,sex_f,age_10yrbands_y45_54,edu_isced97_total,2003,100
rou,sex_f,age_10yrbands_y45_54,edu_isced97_total,2004,100
rou,sex_f,age_10yrbands_y45_54,edu_isced97_total,2005,100
rou,sex_f,age_10yrbands_y45_54,edu_isced97_total,2006,100
rou,sex_f,age_10yrbands_y45_54,edu_isced97_total,2007,100
rou,sex_f,age_10yrbands_y45_54,edu_isced97_total,2008,100
rou,sex_f,age_10yrbands_y45_54,edu_isced97_total,2009,100
rou,sex_f,age_10yrbands_y45_54,edu_isced97_total,2010,100
rou,sex_f,age_10yrbands_y45_54,edu_isced97_total,2011,100
rou,sex_f,age_10yrbands_y45_54,edu_isced97_total,2012,100
rou,sex_f,age_10yrbands_y45_54,edu_isced97_total,2013,100
rou,sex_f,age_10yrbands_y55_64,edu_aggregate_adv,1997,5.1398
rou,sex_f,age_10yrbands_y55_64,edu_aggregate_adv,1998,3.381
rou,sex_f,age_10yrbands_y55_64,edu_aggregate_adv,1999,2.9791
rou,sex_f,age_10yrbands_y55_64,edu_aggregate_adv,2000,4.0832
rou,sex_f,age_10yrbands_y55_64,edu_aggregate_adv,2001,3.5243
rou,sex_f,age_10yrbands_y55_64,edu_aggregate_adv,2002,3.4763
rou,sex_f,age_10yrbands_y55_64,edu_aggregate_adv,2003,4.4771
rou,sex_f,age_10yrbands_y55_64,edu_aggregate_adv,2004,6.9553
rou,sex_f,age_10yrbands_y55_64,edu_aggregate_adv,2005,8.6131
rou,sex_f,age_10yrbands_y55_64,edu_aggregate_adv,2006,11.0537
rou,sex_f,age_10yrbands_y55_64,edu_aggregate_adv,2007,9.9154
rou,sex_f,age_10yrbands_y55_64,edu_aggregate_adv,2008,9.6416
rou,sex_f,age_10yrbands_y55_64,edu_aggregate_adv,2009,8.9327
rou,sex_f,age_10yrbands_y55_64,edu_aggregate_adv,2010,9.6737
rou,sex_f,age_10yrbands_y55_64,edu_aggregate_adv,2011,11.2298
rou,sex_f,age_10yrbands_y55_64,edu_aggregate_adv,2012,11.3052
rou,sex_f,age_10yrbands_y55_64,edu_aggregate_adv,2013,11.5137
rou,sex_f,age_10yrbands_y55_64,edu_aggregate_adv,2014,11.1917
rou,sex_f,age_10yrbands_y55_64,edu_aggregate_adv,2015,13.5836
rou,sex_f,age_10yrbands_y55_64,edu_aggregate_adv,2016,14.5123
rou,sex_f,age_10yrbands_y55_64,edu_aggregate_adv,2017,14.7089
rou,sex_f,age_10yrbands_y55_64,edu_aggregate_adv,2018,14.7913
rou,sex_f,age_10yrbands_y55_64,edu_aggregate_adv,2019,14.7617
rou,sex_f,age_10yrbands_y55_64,edu_aggregate_bas,1997,87.4845
rou,sex_f,age_10yrbands_y55_64,edu_aggregate_bas,1998,86.7529
rou,sex_f,age_10yrbands_y55_64,edu_aggregate_bas,1999,89.7216
rou,sex_f,age_10yrbands_y55_64,edu_aggregate_bas,2000,88.2774
rou,sex_f,age_10yrbands_y55_64,edu_aggregate_bas,2001,82.9562
rou,sex_f,age_10yrbands_y55_64,edu_aggregate_bas,2002,81.7774
rou,sex_f,age_10yrbands_y55_64,edu_aggregate_bas,2003,81.1542
rou,sex_f,age_10yrbands_y55_64,edu_aggregate_bas,2004,72.8772
rou,sex_f,age_10yrbands_y55_64,edu_aggregate_bas,2005,69.2506
rou,sex_f,age_10yrbands_y55_64,edu_aggregate_bas,2006,62.1284
rou,sex_f,age_10yrbands_y55_64,edu_aggregate_bas,2007,61.9399
rou,sex_f,age_10yrbands_y55_64,edu_aggregate_bas,2008,59.8576
rou,sex_f,age_10yrbands_y55_64,edu_aggregate_bas,2009,59.1407
rou,sex_f,age_10yrbands_y55_64,edu_aggregate_bas,2010,56.9318
rou,sex_f,age_10yrbands_y55_64,edu_aggregate_bas,2011,53.7432
rou,sex_f,age_10yrbands_y55_64,edu_aggregate_bas,2012,51.1287
rou,sex_f,age_10yrbands_y55_64,edu_aggregate_bas,2013,47.9735
rou,sex_f,age_10yrbands_y55_64,edu_aggregate_bas,2014,47.4226
rou,sex_f,age_10yrbands_y55_64,edu_aggregate_bas,2015,38.8876
rou,sex_f,age_10yrbands_y55_64,edu_aggregate_bas,2016,32.2826
rou,sex_f,age_10yrbands_y55_64,edu_aggregate_bas,2017,27.4303
rou,sex_f,age_10yrbands_y55_64,edu_aggregate_bas,2018,25.6376
rou,sex_f,age_10yrbands_y55_64,edu_aggregate_bas,2019,23.8874
rou,sex_f,age_10yrbands_y55_64,edu_aggregate_int,1997,7.3758
rou,sex_f,age_10yrbands_y55_64,edu_aggregate_int,1998,9.8661
rou,sex_f,age_10yrbands_y55_64,edu_aggregate_int,1999,7.2993
rou,sex_f,age_10yrbands_y55_64,edu_aggregate_int,2000,7.6394
rou,sex_f,age_10yrbands_y55_64,edu_aggregate_int,2001,9.9435
rou,sex_f,age_10yrbands_y55_64,edu_aggregate_int,2002,10.2426
rou,sex_f,age_10yrbands_y55_64,edu_aggregate_int,2003,11.269
rou,sex_f,age_10yrbands_y55_64,edu_aggregate_int,2004,17.5505
rou,sex_f,age_10yrbands_y55_64,edu_aggregate_int,2005,20.4613
rou,sex_f,age_10yrbands_y55_64,edu_aggregate_int,2006,25.6024
rou,sex_f,age_10yrbands_y55_64,edu_aggregate_int,2007,26.8706
rou,sex_f,age_10yrbands_y55_64,edu_aggregate_int,2008,29.3529
rou,sex_f,age_10yrbands_y55_64,edu_aggregate_int,2009,31.0926
rou,sex_f,age_10yrbands_y55_64,edu_aggregate_int,2010,32.7281
rou,sex_f,age_10yrbands_y55_64,edu_aggregate_int,2011,34.6335
rou,sex_f,age_10yrbands_y55_64,edu_aggregate_int,2012,37.2297
rou,sex_f,age_10yrbands_y55_64,edu_aggregate_int,2013,39.9832
rou,sex_f,age_10yrbands_y55_64,edu_aggregate_int,2014,40.7502
rou,sex_f,age_10yrbands_y55_64,edu_aggregate_int,2015,46.9654
rou,sex_f,age_10yrbands_y55_64,edu_aggregate_int,2016,52.8131
rou,sex_f,age_10yrbands_y55_64,edu_aggregate_int,2017,57.3536
rou,sex_f,age_10yrbands_y55_64,edu_aggregate_int,2018,59.1753
rou,sex_f,age_10yrbands_y55_64,edu_aggregate_int,2019,61.0622
rou,sex_f,age_10yrbands_y55_64,edu_aggregate_ltb,2001,3.576
rou,sex_f,age_10yrbands_y55_64,edu_aggregate_ltb,2002,4.5036
rou,sex_f,age_10yrbands_y55_64,edu_aggregate_ltb,2003,3.0997
rou,sex_f,age_10yrbands_y55_64,edu_aggregate_ltb,2004,2.617
rou,sex_f,age_10yrbands_y55_64,edu_aggregate_ltb,2005,1.675
rou,sex_f,age_10yrbands_y55_64,edu_aggregate_total,1997,100
rou,sex_f,age_10yrbands_y55_64,edu_aggregate_total,1998,100
rou,sex_f,age_10yrbands_y55_64,edu_aggregate_total,1999,100
rou,sex_f,age_10yrbands_y55_64,edu_aggregate_total,2000,100
rou,sex_f,age_10yrbands_y55_64,edu_aggregate_total,2001,100
rou,sex_f,age_10yrbands_y55_64,edu_aggregate_total,2002,100
rou,sex_f,age_10yrbands_y55_64,edu_aggregate_total,2003,100
rou,sex_f,age_10yrbands_y55_64,edu_aggregate_total,2004,100
rou,sex_f,age_10yrbands_y55_64,edu_aggregate_total,2005,100
rou,sex_f,age_10yrbands_y55_64,edu_aggregate_total,2006,100
rou,sex_f,age_10yrbands_y55_64,edu_aggregate_total,2007,100
rou,sex_f,age_10yrbands_y55_64,edu_aggregate_total,2008,100
rou,sex_f,age_10yrbands_y55_64,edu_aggregate_total,2009,100
rou,sex_f,age_10yrbands_y55_64,edu_aggregate_total,2010,100
rou,sex_f,age_10yrbands_y55_64,edu_aggregate_total,2011,100
rou,sex_f,age_10yrbands_y55_64,edu_aggregate_total,2012,100
rou,sex_f,age_10yrbands_y55_64,edu_aggregate_total,2013,100
rou,sex_f,age_10yrbands_y55_64,edu_aggregate_total,2014,100
rou,sex_f,age_10yrbands_y55_64,edu_aggregate_total,2015,100
rou,sex_f,age_10yrbands_y55_64,edu_aggregate_total,2016,100
rou,sex_f,age_10yrbands_y55_64,edu_aggregate_total,2017,100
rou,sex_f,age_10yrbands_y55_64,edu_aggregate_total,2018,100
rou,sex_f,age_10yrbands_y55_64,edu_aggregate_total,2019,100
rou,sex_f,age_10yrbands_y55_64,edu_isced11_0,2015,0.5634
rou,sex_f,age_10yrbands_y55_64,edu_isced11_0,2016,0.3921
rou,sex_f,age_10yrbands_y55_64,edu_isced11_0,2017,0.5073
rou,sex_f,age_10yrbands_y55_64,edu_isced11_1,2014,6.0608
rou,sex_f,age_10yrbands_y55_64,edu_isced11_1,2015,5.6158
rou,sex_f,age_10yrbands_y55_64,edu_isced11_1,2016,4.25
rou,sex_f,age_10yrbands_y55_64,edu_isced11_1,2017,2.8741
rou,sex_f,age_10yrbands_y55_64,edu_isced11_1,2018,3.0043
rou,sex_f,age_10yrbands_y55_64,edu_isced11_1,2019,3.1467
rou,sex_f,age_10yrbands_y55_64,edu_isced11_2,2014,41.3619
rou,sex_f,age_10yrbands_y55_64,edu_isced11_2,2015,33.2719
rou,sex_f,age_10yrbands_y55_64,edu_isced11_2,2016,28.0326
rou,sex_f,age_10yrbands_y55_64,edu_isced11_2,2017,24.5562
rou,sex_f,age_10yrbands_y55_64,edu_isced11_2,2018,22.6333
rou,sex_f,age_10yrbands_y55_64,edu_isced11_2,2019,20.7407
rou,sex_f,age_10yrbands_y55_64,edu_isced11_3,2014,36.9555
rou,sex_f,age_10yrbands_y55_64,edu_isced11_3,2015,43.3026
rou,sex_f,age_10yrbands_y55_64,edu_isced11_3,2016,49.3291
rou,sex_f,age_10yrbands_y55_64,edu_isced11_3,2017,54.2069
rou,sex_f,age_10yrbands_y55_64,edu_isced11_3,2018,55.9423
rou,sex_f,age_10yrbands_y55_64,edu_isced11_3,2019,57.6271
rou,sex_f,age_10yrbands_y55_64,edu_isced11_4,2014,3.7948
rou,sex_f,age_10yrbands_y55_64,edu_isced11_4,2015,3.6627
rou,sex_f,age_10yrbands_y55_64,edu_isced11_4,2016,3.4839
rou,sex_f,age_10yrbands_y55_64,edu_isced11_4,2017,3.1467
rou,sex_f,age_10yrbands_y55_64,edu_isced11_4,2018,3.233
rou,sex_f,age_10yrbands_y55_64,edu_isced11_4,2019,3.4351
rou,sex_f,age_10yrbands_y55_64,edu_isced11_5,2015,0.438
rou,sex_f,age_10yrbands_y55_64,edu_isced11_5,2016,0.4781
rou,sex_f,age_10yrbands_y55_64,edu_isced11_5,2017,0.4024
rou,sex_f,age_10yrbands_y55_64,edu_isced11_6,2014,1.8069
rou,sex_f,age_10yrbands_y55_64,edu_isced11_6,2015,0.6542
rou,sex_f,age_10yrbands_y55_64,edu_isced11_6,2016,0.4838
rou,sex_f,age_10yrbands_y55_64,edu_isced11_6,2017,1.0679
rou,sex_f,age_10yrbands_y55_64,edu_isced11_7,2014,8.7068
rou,sex_f,age_10yrbands_y55_64,edu_isced11_7,2015,12.3773
rou,sex_f,age_10yrbands_y55_64,edu_isced11_7,2016,13.4407
rou,sex_f,age_10yrbands_y55_64,edu_isced11_7,2017,13.0038
rou,sex_f,age_10yrbands_y55_64,edu_isced11_7,2018,13.3975
rou,sex_f,age_10yrbands_y55_64,edu_isced11_7,2019,13.3058
rou,sex_f,age_10yrbands_y55_64,edu_isced11_8,2015,0.1141
rou,sex_f,age_10yrbands_y55_64,edu_isced11_8,2016,0.1096
rou,sex_f,age_10yrbands_y55_64,edu_isced11_8,2017,0.2348
rou,sex_f,age_10yrbands_y55_64,edu_isced11_total,2014,100
rou,sex_f,age_10yrbands_y55_64,edu_isced11_total,2015,100
rou,sex_f,age_10yrbands_y55_64,edu_isced11_total,2016,100
rou,sex_f,age_10yrbands_y55_64,edu_isced11_total,2017,100
rou,sex_f,age_10yrbands_y55_64,edu_isced11_total,2018,100
rou,sex_f,age_10yrbands_y55_64,edu_isced11_total,2019,100
rou,sex_f,age_10yrbands_y55_64,edu_isced97_0,2001,3.576
rou,sex_f,age_10yrbands_y55_64,edu_isced97_0,2002,4.5036
rou,sex_f,age_10yrbands_y55_64,edu_isced97_0,2003,3.0997
rou,sex_f,age_10yrbands_y55_64,edu_isced97_0,2004,2.617
rou,sex_f,age_10yrbands_y55_64,edu_isced97_0,2005,1.675
rou,sex_f,age_10yrbands_y55_64,edu_isced97_0,2006,1.2156
rou,sex_f,age_10yrbands_y55_64,edu_isced97_0,2007,1.2741
rou,sex_f,age_10yrbands_y55_64,edu_isced97_0,2008,1.1479
rou,sex_f,age_10yrbands_y55_64,edu_isced97_0,2009,0.834
rou,sex_f,age_10yrbands_y55_64,edu_isced97_0,2011,0.3934
rou,sex_f,age_10yrbands_y55_64,edu_isced97_0,2012,0.3364
rou,sex_f,age_10yrbands_y55_64,edu_isced97_0,2013,0.5297
rou,sex_f,age_10yrbands_y55_64,edu_isced97_1,1998,57.9731
rou,sex_f,age_10yrbands_y55_64,edu_isced97_1,1999,59.0905
rou,sex_f,age_10yrbands_y55_64,edu_isced97_1,2000,54.3384
rou,sex_f,age_10yrbands_y55_64,edu_isced97_1,2001,46.8033
rou,sex_f,age_10yrbands_y55_64,edu_isced97_1,2002,46.186
rou,sex_f,age_10yrbands_y55_64,edu_isced97_1,2003,41.8314
rou,sex_f,age_10yrbands_y55_64,edu_isced97_1,2004,35.1264
rou,sex_f,age_10yrbands_y55_64,edu_isced97_1,2005,30.8898
rou,sex_f,age_10yrbands_y55_64,edu_isced97_1,2006,24.0554
rou,sex_f,age_10yrbands_y55_64,edu_isced97_1,2007,21.3791
rou,sex_f,age_10yrbands_y55_64,edu_isced97_1,2008,16.6099
rou,sex_f,age_10yrbands_y55_64,edu_isced97_1,2009,13.8862
rou,sex_f,age_10yrbands_y55_64,edu_isced97_1,2010,12.6044
rou,sex_f,age_10yrbands_y55_64,edu_isced97_1,2011,9.9212
rou,sex_f,age_10yrbands_y55_64,edu_isced97_1,2012,8.1899
rou,sex_f,age_10yrbands_y55_64,edu_isced97_1,2013,7.1676
rou,sex_f,age_10yrbands_y55_64,edu_isced97_2,1998,28.7798
rou,sex_f,age_10yrbands_y55_64,edu_isced97_2,1999,30.6311
rou,sex_f,age_10yrbands_y55_64,edu_isced97_2,2000,33.939
rou,sex_f,age_10yrbands_y55_64,edu_isced97_2,2001,36.1529
rou,sex_f,age_10yrbands_y55_64,edu_isced97_2,2002,35.5915
rou,sex_f,age_10yrbands_y55_64,edu_isced97_2,2003,39.3228
rou,sex_f,age_10yrbands_y55_64,edu_isced97_2,2004,37.7508
rou,sex_f,age_10yrbands_y55_64,edu_isced97_2,2005,38.3608
rou,sex_f,age_10yrbands_y55_64,edu_isced97_2,2006,38.073
rou,sex_f,age_10yrbands_y55_64,edu_isced97_2,2007,40.5608
rou,sex_f,age_10yrbands_y55_64,edu_isced97_2,2008,43.2476
rou,sex_f,age_10yrbands_y55_64,edu_isced97_2,2009,45.2545
rou,sex_f,age_10yrbands_y55_64,edu_isced97_2,2010,44.3273
rou,sex_f,age_10yrbands_y55_64,edu_isced97_2,2011,43.822
rou,sex_f,age_10yrbands_y55_64,edu_isced97_2,2012,42.9388
rou,sex_f,age_10yrbands_y55_64,edu_isced97_2,2013,40.8059
rou,sex_f,age_10yrbands_y55_64,edu_isced97_3,1998,9.8661
rou,sex_f,age_10yrbands_y55_64,edu_isced97_3,1999,7.2993
rou,sex_f,age_10yrbands_y55_64,edu_isced97_3,2000,7.6394
rou,sex_f,age_10yrbands_y55_64,edu_isced97_3,2001,9.9435
rou,sex_f,age_10yrbands_y55_64,edu_isced97_3,2002,7.9474
rou,sex_f,age_10yrbands_y55_64,edu_isced97_3,2003,8.9498
rou,sex_f,age_10yrbands_y55_64,edu_isced97_3,2004,12.7856
rou,sex_f,age_10yrbands_y55_64,edu_isced97_3,2005,15.9862
rou,sex_f,age_10yrbands_y55_64,edu_isced97_3,2006,20.151
rou,sex_f,age_10yrbands_y55_64,edu_isced97_3,2007,22.6362
rou,sex_f,age_10yrbands_y55_64,edu_isced97_3,2008,25.1006
rou,sex_f,age_10yrbands_y55_64,edu_isced97_3,2009,26.7656
rou,sex_f,age_10yrbands_y55_64,edu_isced97_3,2010,28.4768
rou,sex_f,age_10yrbands_y55_64,edu_isced97_3,2011,29.9434
rou,sex_f,age_10yrbands_y55_64,edu_isced97_3,2012,33.3229
rou,sex_f,age_10yrbands_y55_64,edu_isced97_3,2013,36.2025
rou,sex_f,age_10yrbands_y55_64,edu_isced97_4,2002,2.2952
rou,sex_f,age_10yrbands_y55_64,edu_isced97_4,2003,2.3192
rou,sex_f,age_10yrbands_y55_64,edu_isced97_4,2004,4.7649
rou,sex_f,age_10yrbands_y55_64,edu_isced97_4,2005,4.4751
rou,sex_f,age_10yrbands_y55_64,edu_isced97_4,2006,5.4513
rou,sex_f,age_10yrbands_y55_64,edu_isced97_4,2007,4.2344
rou,sex_f,age_10yrbands_y55_64,edu_isced97_4,2008,4.2523
rou,sex_f,age_10yrbands_y55_64,edu_isced97_4,2009,4.3271
rou,sex_f,age_10yrbands_y55_64,edu_isced97_4,2010,4.2513
rou,sex_f,age_10yrbands_y55_64,edu_isced97_4,2011,4.6902
rou,sex_f,age_10yrbands_y55_64,edu_isced97_4,2012,3.9068
rou,sex_f,age_10yrbands_y55_64,edu_isced97_4,2013,3.7806
rou,sex_f,age_10yrbands_y55_64,edu_isced97_5,1998,3.381
rou,sex_f,age_10yrbands_y55_64,edu_isced97_5,1999,2.9791
rou,sex_f,age_10yrbands_y55_64,edu_isced97_5,2000,4.0832
rou,sex_f,age_10yrbands_y55_64,edu_isced97_5,2001,3.5243
rou,sex_f,age_10yrbands_y55_64,edu_isced97_5,2002,3.4763
rou,sex_f,age_10yrbands_y55_64,edu_isced97_5,2003,4.3373
rou,sex_f,age_10yrbands_y55_64,edu_isced97_5,2004,6.7355
rou,sex_f,age_10yrbands_y55_64,edu_isced97_5,2005,8.4126
rou,sex_f,age_10yrbands_y55_64,edu_isced97_5,2006,10.9097
rou,sex_f,age_10yrbands_y55_64,edu_isced97_5,2007,9.7453
rou,sex_f,age_10yrbands_y55_64,edu_isced97_5,2008,9.4141
rou,sex_f,age_10yrbands_y55_64,edu_isced97_5,2009,8.7729
rou,sex_f,age_10yrbands_y55_64,edu_isced97_5,2010,9.6598
rou,sex_f,age_10yrbands_y55_64,edu_isced97_5,2011,11.1889
rou,sex_f,age_10yrbands_y55_64,edu_isced97_5,2012,11.2301
rou,sex_f,age_10yrbands_y55_64,edu_isced97_5,2013,11.4156
rou,sex_f,age_10yrbands_y55_64,edu_isced97_6,2006,0.144
rou,sex_f,age_10yrbands_y55_64,edu_isced97_6,2007,0.1702
rou,sex_f,age_10yrbands_y55_64,edu_isced97_6,2008,0.2275
rou,sex_f,age_10yrbands_y55_64,edu_isced97_6,2009,0.1598
rou,sex_f,age_10yrbands_y55_64,edu_isced97_6,2012,0.0751
rou,sex_f,age_10yrbands_y55_64,edu_isced97_6,2013,0.0981
rou,sex_f,age_10yrbands_y55_64,edu_isced97_total,1998,100
rou,sex_f,age_10yrbands_y55_64,edu_isced97_total,1999,100
rou,sex_f,age_10yrbands_y55_64,edu_isced97_total,2000,100
rou,sex_f,age_10yrbands_y55_64,edu_isced97_total,2001,100
rou,sex_f,age_10yrbands_y55_64,edu_isced97_total,2002,100
rou,sex_f,age_10yrbands_y55_64,edu_isced97_total,2003,100
rou,sex_f,age_10yrbands_y55_64,edu_isced97_total,2004,100
rou,sex_f,age_10yrbands_y55_64,edu_isced97_total,2005,100
rou,sex_f,age_10yrbands_y55_64,edu_isced97_total,2006,100
rou,sex_f,age_10yrbands_y55_64,edu_isced97_total,2007,100
rou,sex_f,age_10yrbands_y55_64,edu_isced97_total,2008,100
rou,sex_f,age_10yrbands_y55_64,edu_isced97_total,2009,100
rou,sex_f,age_10yrbands_y55_64,edu_isced97_total,2010,100
rou,sex_f,age_10yrbands_y55_64,edu_isced97_total,2011,100
rou,sex_f,age_10yrbands_y55_64,edu_isced97_total,2012,100
rou,sex_f,age_10yrbands_y55_64,edu_isced97_total,2013,100
rou,sex_f,age_10yrbands_yge65,edu_aggregate_adv,2000,0.4337
rou,sex_f,age_10yrbands_yge65,edu_aggregate_bas,1998,98.2018
rou,sex_f,age_10yrbands_yge65,edu_aggregate_bas,1999,97.9565
rou,sex_f,age_10yrbands_yge65,edu_aggregate_bas,2000,97.7246
rou,sex_f,age_10yrbands_yge65,edu_aggregate_bas,2001,86.9267
rou,sex_f,age_10yrbands_yge65,edu_aggregate_bas,2002,84.6292
rou,sex_f,age_10yrbands_yge65,edu_aggregate_bas,2003,85.4958
rou,sex_f,age_10yrbands_yge65,edu_aggregate_bas,2004,85.3691
rou,sex_f,age_10yrbands_yge65,edu_aggregate_bas,2005,87.085
rou,sex_f,age_10yrbands_yge65,edu_aggregate_bas,2006,87.0996
rou,sex_f,age_10yrbands_yge65,edu_aggregate_bas,2007,88.542
rou,sex_f,age_10yrbands_yge65,edu_aggregate_bas,2008,89.4126
rou,sex_f,age_10yrbands_yge65,edu_aggregate_bas,2009,91.3075
rou,sex_f,age_10yrbands_yge65,edu_aggregate_bas,2010,91.646
rou,sex_f,age_10yrbands_yge65,edu_aggregate_bas,2011,91.8711
rou,sex_f,age_10yrbands_yge65,edu_aggregate_bas,2012,90.5648
rou,sex_f,age_10yrbands_yge65,edu_aggregate_bas,2013,90.5244
rou,sex_f,age_10yrbands_yge65,edu_aggregate_bas,2014,89.9714
rou,sex_f,age_10yrbands_yge65,edu_aggregate_bas,2015,88.4343
rou,sex_f,age_10yrbands_yge65,edu_aggregate_bas,2016,84.1396
rou,sex_f,age_10yrbands_yge65,edu_aggregate_bas,2017,79.2518
rou,sex_f,age_10yrbands_yge65,edu_aggregate_bas,2018,76.8144
rou,sex_f,age_10yrbands_yge65,edu_aggregate_bas,2019,73.0632
rou,sex_f,age_10yrbands_yge65,edu_aggregate_int,1998,1.5835
rou,sex_f,age_10yrbands_yge65,edu_aggregate_int,1999,1.7263
rou,sex_f,age_10yrbands_yge65,edu_aggregate_int,2000,1.8417
rou,sex_f,age_10yrbands_yge65,edu_aggregate_int,2001,1.5272
rou,sex_f,age_10yrbands_yge65,edu_aggregate_int,2002,1.9606
rou,sex_f,age_10yrbands_yge65,edu_aggregate_int,2003,2.9392
rou,sex_f,age_10yrbands_yge65,edu_aggregate_int,2004,3.7051
rou,sex_f,age_10yrbands_yge65,edu_aggregate_int,2005,2.7748
rou,sex_f,age_10yrbands_yge65,edu_aggregate_int,2006,3.7492
rou,sex_f,age_10yrbands_yge65,edu_aggregate_int,2007,3.8809
rou,sex_f,age_10yrbands_yge65,edu_aggregate_int,2008,4.0496
rou,sex_f,age_10yrbands_yge65,edu_aggregate_int,2009,3.5383
rou,sex_f,age_10yrbands_yge65,edu_aggregate_int,2010,3.1856
rou,sex_f,age_10yrbands_yge65,edu_aggregate_int,2011,3.5281
rou,sex_f,age_10yrbands_yge65,edu_aggregate_int,2012,5.648
rou,sex_f,age_10yrbands_yge65,edu_aggregate_int,2013,6.3923
rou,sex_f,age_10yrbands_yge65,edu_aggregate_int,2014,7.1318
rou,sex_f,age_10yrbands_yge65,edu_aggregate_int,2015,8.7227
rou,sex_f,age_10yrbands_yge65,edu_aggregate_int,2016,12.3977
rou,sex_f,age_10yrbands_yge65,edu_aggregate_int,2017,17.7168
rou,sex_f,age_10yrbands_yge65,edu_aggregate_int,2018,20.1565
rou,sex_f,age_10yrbands_yge65,edu_aggregate_int,2019,23.2301
rou,sex_f,age_10yrbands_yge65,edu_aggregate_ltb,2001,11.38
rou,sex_f,age_10yrbands_yge65,edu_aggregate_ltb,2002,13.185
rou,sex_f,age_10yrbands_yge65,edu_aggregate_ltb,2003,10.9502
rou,sex_f,age_10yrbands_yge65,edu_aggregate_ltb,2004,10.5651
rou,sex_f,age_10yrbands_yge65,edu_aggregate_ltb,2005,9.2953
rou,sex_f,age_10yrbands_yge65,edu_aggregate_ltb,2006,8.098
rou,sex_f,age_10yrbands_yge65,edu_aggregate_ltb,2007,6.927
rou,sex_f,age_10yrbands_yge65,edu_aggregate_ltb,2008,5.6549
rou,sex_f,age_10yrbands_yge65,edu_aggregate_ltb,2009,4.3672
rou,sex_f,age_10yrbands_yge65,edu_aggregate_ltb,2010,4.4597
rou,sex_f,age_10yrbands_yge65,edu_aggregate_ltb,2011,3.7926
rou,sex_f,age_10yrbands_yge65,edu_aggregate_total,1998,100
rou,sex_f,age_10yrbands_yge65,edu_aggregate_total,1999,100
rou,sex_f,age_10yrbands_yge65,edu_aggregate_total,2000,100
rou,sex_f,age_10yrbands_yge65,edu_aggregate_total,2001,100
rou,sex_f,age_10yrbands_yge65,edu_aggregate_total,2002,100
rou,sex_f,age_10yrbands_yge65,edu_aggregate_total,2003,100
rou,sex_f,age_10yrbands_yge65,edu_aggregate_total,2004,100
rou,sex_f,age_10yrbands_yge65,edu_aggregate_total,2005,100
rou,sex_f,age_10yrbands_yge65,edu_aggregate_total,2006,100
rou,sex_f,age_10yrbands_yge65,edu_aggregate_total,2007,100
rou,sex_f,age_10yrbands_yge65,edu_aggregate_total,2008,100
rou,sex_f,age_10yrbands_yge65,edu_aggregate_total,2009,100
rou,sex_f,age_10yrbands_yge65,edu_aggregate_total,2010,100
rou,sex_f,age_10yrbands_yge65,edu_aggregate_total,2011,100
rou,sex_f,age_10yrbands_yge65,edu_aggregate_total,2012,100
rou,sex_f,age_10yrbands_yge65,edu_aggregate_total,2013,100
rou,sex_f,age_10yrbands_yge65,edu_aggregate_total,2014,100
rou,sex_f,age_10yrbands_yge65,edu_aggregate_total,2015,100
rou,sex_f,age_10yrbands_yge65,edu_aggregate_total,2016,100
rou,sex_f,age_10yrbands_yge65,edu_aggregate_total,2017,100
rou,sex_f,age_10yrbands_yge65,edu_aggregate_total,2018,100
rou,sex_f,age_10yrbands_yge65,edu_aggregate_total,2019,100
rou,sex_f,age_10yrbands_yge65,edu_isced11_0,2015,0.8934
rou,sex_f,age_10yrbands_yge65,edu_isced11_0,2016,0.6888
rou,sex_f,age_10yrbands_yge65,edu_isced11_0,2017,0.5072
rou,sex_f,age_10yrbands_yge65,edu_isced11_1,2014,39.5191
rou,sex_f,age_10yrbands_yge65,edu_isced11_1,2015,35.3246
rou,sex_f,age_10yrbands_yge65,edu_isced11_1,2016,29.7937
rou,sex_f,age_10yrbands_yge65,edu_isced11_1,2017,23.9385
rou,sex_f,age_10yrbands_yge65,edu_isced11_1,2018,23.0381
rou,sex_f,age_10yrbands_yge65,edu_isced11_1,2019,20.3615
rou,sex_f,age_10yrbands_yge65,edu_isced11_2,2014,50.4523
rou,sex_f,age_10yrbands_yge65,edu_isced11_2,2015,53.1097
rou,sex_f,age_10yrbands_yge65,edu_isced11_2,2016,54.3459
rou,sex_f,age_10yrbands_yge65,edu_isced11_2,2017,55.3133
rou,sex_f,age_10yrbands_yge65,edu_isced11_2,2018,53.7764
rou,sex_f,age_10yrbands_yge65,edu_isced11_2,2019,52.7017
rou,sex_f,age_10yrbands_yge65,edu_isced11_3,2014,6.4851
rou,sex_f,age_10yrbands_yge65,edu_isced11_3,2015,7.7917
rou,sex_f,age_10yrbands_yge65,edu_isced11_3,2016,11.6883
rou,sex_f,age_10yrbands_yge65,edu_isced11_3,2017,16.8158
rou,sex_f,age_10yrbands_yge65,edu_isced11_3,2018,18.7585
rou,sex_f,age_10yrbands_yge65,edu_isced11_3,2019,21.8839
rou,sex_f,age_10yrbands_yge65,edu_isced11_4,2015,0.931
rou,sex_f,age_10yrbands_yge65,edu_isced11_4,2016,0.7094
rou,sex_f,age_10yrbands_yge65,edu_isced11_4,2017,0.9011
rou,sex_f,age_10yrbands_yge65,edu_isced11_5,2016,0.4485
rou,sex_f,age_10yrbands_yge65,edu_isced11_5,2017,0.2767
rou,sex_f,age_10yrbands_yge65,edu_isced11_7,2015,1.7126
rou,sex_f,age_10yrbands_yge65,edu_isced11_7,2016,2.0166
rou,sex_f,age_10yrbands_yge65,edu_isced11_7,2017,2.1975
rou,sex_f,age_10yrbands_yge65,edu_isced11_total,2014,100
rou,sex_f,age_10yrbands_yge65,edu_isced11_total,2015,100
rou,sex_f,age_10yrbands_yge65,edu_isced11_total,2016,100
rou,sex_f,age_10yrbands_yge65,edu_isced11_total,2017,100
rou,sex_f,age_10yrbands_yge65,edu_isced11_total,2018,100
rou,sex_f,age_10yrbands_yge65,edu_isced11_total,2019,100
rou,sex_f,age_10yrbands_yge65,edu_isced97_0,2001,11.38
rou,sex_f,age_10yrbands_yge65,edu_isced97_0,2002,13.185
rou,sex_f,age_10yrbands_yge65,edu_isced97_0,2003,10.9502
rou,sex_f,age_10yrbands_yge65,edu_isced97_0,2004,10.5651
rou,sex_f,age_10yrbands_yge65,edu_isced97_0,2005,9.2953
rou,sex_f,age_10yrbands_yge65,edu_isced97_0,2006,8.098
rou,sex_f,age_10yrbands_yge65,edu_isced97_0,2007,6.927
rou,sex_f,age_10yrbands_yge65,edu_isced97_0,2008,5.6549
rou,sex_f,age_10yrbands_yge65,edu_isced97_0,2009,4.3672
rou,sex_f,age_10yrbands_yge65,edu_isced97_0,2010,4.4597
rou,sex_f,age_10yrbands_yge65,edu_isced97_0,2011,3.7926
rou,sex_f,age_10yrbands_yge65,edu_isced97_0,2012,2.7136
rou,sex_f,age_10yrbands_yge65,edu_isced97_0,2013,1.8346
rou,sex_f,age_10yrbands_yge65,edu_isced97_1,1998,76.8365
rou,sex_f,age_10yrbands_yge65,edu_isced97_1,1999,76.3334
rou,sex_f,age_10yrbands_yge65,edu_isced97_1,2000,76.0036
rou,sex_f,age_10yrbands_yge65,edu_isced97_1,2001,64.7914
rou,sex_f,age_10yrbands_yge65,edu_isced97_1,2002,61.9939
rou,sex_f,age_10yrbands_yge65,edu_isced97_1,2003,60.101
rou,sex_f,age_10yrbands_yge65,edu_isced97_1,2004,62.2875
rou,sex_f,age_10yrbands_yge65,edu_isced97_1,2005,62.4102
rou,sex_f,age_10yrbands_yge65,edu_isced97_1,2006,59.2355
rou,sex_f,age_10yrbands_yge65,edu_isced97_1,2007,57.682
rou,sex_f,age_10yrbands_yge65,edu_isced97_1,2008,58.6548
rou,sex_f,age_10yrbands_yge65,edu_isced97_1,2009,58.3442
rou,sex_f,age_10yrbands_yge65,edu_isced97_1,2010,55.9682
rou,sex_f,age_10yrbands_yge65,edu_isced97_1,2011,53.8892
rou,sex_f,age_10yrbands_yge65,edu_isced97_1,2012,51.7373
rou,sex_f,age_10yrbands_yge65,edu_isced97_1,2013,46.7522
rou,sex_f,age_10yrbands_yge65,edu_isced97_2,1998,21.3653
rou,sex_f,age_10yrbands_yge65,edu_isced97_2,1999,21.6232
rou,sex_f,age_10yrbands_yge65,edu_isced97_2,2000,21.721
rou,sex_f,age_10yrbands_yge65,edu_isced97_2,2001,22.1354
rou,sex_f,age_10yrbands_yge65,edu_isced97_2,2002,22.6354
rou,sex_f,age_10yrbands_yge65,edu_isced97_2,2003,25.3949
rou,sex_f,age_10yrbands_yge65,edu_isced97_2,2004,23.0816
rou,sex_f,age_10yrbands_yge65,edu_isced97_2,2005,24.6748
rou,sex_f,age_10yrbands_yge65,edu_isced97_2,2006,27.864
rou,sex_f,age_10yrbands_yge65,edu_isced97_2,2007,30.8601
rou,sex_f,age_10yrbands_yge65,edu_isced97_2,2008,30.7578
rou,sex_f,age_10yrbands_yge65,edu_isced97_2,2009,32.9633
rou,sex_f,age_10yrbands_yge65,edu_isced97_2,2010,35.6778
rou,sex_f,age_10yrbands_yge65,edu_isced97_2,2011,37.9819
rou,sex_f,age_10yrbands_yge65,edu_isced97_2,2012,38.8276
rou,sex_f,age_10yrbands_yge65,edu_isced97_2,2013,43.7722
rou,sex_f,age_10yrbands_yge65,edu_isced97_3,1998,1.5835
rou,sex_f,age_10yrbands_yge65,edu_isced97_3,1999,1.7263
rou,sex_f,age_10yrbands_yge65,edu_isced97_3,2000,1.8417
rou,sex_f,age_10yrbands_yge65,edu_isced97_3,2001,1.5272
rou,sex_f,age_10yrbands_yge65,edu_isced97_3,2002,1.8927
rou,sex_f,age_10yrbands_yge65,edu_isced97_3,2003,2.6299
rou,sex_f,age_10yrbands_yge65,edu_isced97_3,2004,3.5129
rou,sex_f,age_10yrbands_yge65,edu_isced97_3,2006,3.3354
rou,sex_f,age_10yrbands_yge65,edu_isced97_3,2007,3.3466
rou,sex_f,age_10yrbands_yge65,edu_isced97_3,2008,3.4913
rou,sex_f,age_10yrbands_yge65,edu_isced97_3,2009,3.2803
rou,sex_f,age_10yrbands_yge65,edu_isced97_3,2011,3.1555
rou,sex_f,age_10yrbands_yge65,edu_isced97_3,2012,5.0394
rou,sex_f,age_10yrbands_yge65,edu_isced97_3,2013,5.6786
rou,sex_f,age_10yrbands_yge65,edu_isced97_4,2006,0.4138
rou,sex_f,age_10yrbands_yge65,edu_isced97_4,2007,0.5343
rou,sex_f,age_10yrbands_yge65,edu_isced97_4,2008,0.5583
rou,sex_f,age_10yrbands_yge65,edu_isced97_4,2009,0.258
rou,sex_f,age_10yrbands_yge65,edu_isced97_4,2011,0.3727
rou,sex_f,age_10yrbands_yge65,edu_isced97_4,2012,0.6086
rou,sex_f,age_10yrbands_yge65,edu_isced97_4,2013,0.7137
rou,sex_f,age_10yrbands_yge65,edu_isced97_5,1999,0.3171
rou,sex_f,age_10yrbands_yge65,edu_isced97_5,2000,0.4337
rou,sex_f,age_10yrbands_yge65,edu_isced97_5,2006,1.0533
rou,sex_f,age_10yrbands_yge65,edu_isced97_5,2007,0.5992
rou,sex_f,age_10yrbands_yge65,edu_isced97_5,2008,0.8607
rou,sex_f,age_10yrbands_yge65,edu_isced97_5,2009,0.787
rou,sex_f,age_10yrbands_yge65,edu_isced97_5,2011,0.7408
rou,sex_f,age_10yrbands_yge65,edu_isced97_5,2012,1.0178
rou,sex_f,age_10yrbands_yge65,edu_isced97_5,2013,1.2487
rou,sex_f,age_10yrbands_yge65,edu_isced97_total,1998,100
rou,sex_f,age_10yrbands_yge65,edu_isced97_total,1999,100
rou,sex_f,age_10yrbands_yge65,edu_isced97_total,2000,100
rou,sex_f,age_10yrbands_yge65,edu_isced97_total,2001,100
rou,sex_f,age_10yrbands_yge65,edu_isced97_total,2002,100
rou,sex_f,age_10yrbands_yge65,edu_isced97_total,2003,100
rou,sex_f,age_10yrbands_yge65,edu_isced97_total,2004,100
rou,sex_f,age_10yrbands_yge65,edu_isced97_total,2005,100
rou,sex_f,age_10yrbands_yge65,edu_isced97_total,2006,100
rou,sex_f,age_10yrbands_yge65,edu_isced97_total,2007,100
rou,sex_f,age_10yrbands_yge65,edu_isced97_total,2008,100
rou,sex_f,age_10yrbands_yge65,edu_isced97_total,2009,100
rou,sex_f,age_10yrbands_yge65,edu_isced97_total,2010,100
rou,sex_f,age_10yrbands_yge65,edu_isced97_total,2011,100
rou,sex_f,age_10yrbands_yge65,edu_isced97_total,2012,100
rou,sex_f,age_10yrbands_yge65,edu_isced97_total,2013,100
rou,sex_f,age_aggregate_total,edu_aggregate_adv,1997,12.0418
rou,sex_f,age_aggregate_total,edu_aggregate_adv,1998,7.8812
rou,sex_f,age_aggregate_total,edu_aggregate_adv,1999,7.7431
rou,sex_f,age_aggregate_total,edu_aggregate_adv,2000,8.1479
rou,sex_f,age_aggregate_total,edu_aggregate_adv,2001,8.9711
rou,sex_f,age_aggregate_total,edu_aggregate_adv,2002,10.4114
rou,sex_f,age_aggregate_total,edu_aggregate_adv,2003,10.744
rou,sex_f,age_aggregate_total,edu_aggregate_adv,2004,12.2539
rou,sex_f,age_aggregate_total,edu_aggregate_adv,2005,13.4118
rou,sex_f,age_aggregate_total,edu_aggregate_adv,2006,14.3043
rou,sex_f,age_aggregate_total,edu_aggregate_adv,2007,14.7617
rou,sex_f,age_aggregate_total,edu_aggregate_adv,2008,16.2582
rou,sex_f,age_aggregate_total,edu_aggregate_adv,2009,17.5636
rou,sex_f,age_aggregate_total,edu_aggregate_adv,2010,17.7022
rou,sex_f,age_aggregate_total,edu_aggregate_adv,2011,19.3803
rou,sex_f,age_aggregate_total,edu_aggregate_adv,2012,20.2109
rou,sex_f,age_aggregate_total,edu_aggregate_adv,2013,21.059
rou,sex_f,age_aggregate_total,edu_aggregate_adv,2014,21.2393
rou,sex_f,age_aggregate_total,edu_aggregate_adv,2015,23.664
rou,sex_f,age_aggregate_total,edu_aggregate_adv,2016,24.2193
rou,sex_f,age_aggregate_total,edu_aggregate_adv,2017,24.5501
rou,sex_f,age_aggregate_total,edu_aggregate_adv,2018,24.6975
rou,sex_f,age_aggregate_total,edu_aggregate_adv,2019,25.687
rou,sex_f,age_aggregate_total,edu_aggregate_bas,1997,42.0274
rou,sex_f,age_aggregate_total,edu_aggregate_bas,1998,41.4911
rou,sex_f,age_aggregate_total,edu_aggregate_bas,1999,42.5933
rou,sex_f,age_aggregate_total,edu_aggregate_bas,2000,42.3017
rou,sex_f,age_aggregate_total,edu_aggregate_bas,2001,38.7744
rou,sex_f,age_aggregate_total,edu_aggregate_bas,2002,34.6204
rou,sex_f,age_aggregate_total,edu_aggregate_bas,2003,34.3107
rou,sex_f,age_aggregate_total,edu_aggregate_bas,2004,29.7225
rou,sex_f,age_aggregate_total,edu_aggregate_bas,2005,28.4974
rou,sex_f,age_aggregate_total,edu_aggregate_bas,2006,26.7354
rou,sex_f,age_aggregate_total,edu_aggregate_bas,2007,26.7077
rou,sex_f,age_aggregate_total,edu_aggregate_bas,2008,26.3456
rou,sex_f,age_aggregate_total,edu_aggregate_bas,2009,26.7183
rou,sex_f,age_aggregate_total,edu_aggregate_bas,2010,27.6073
rou,sex_f,age_aggregate_total,edu_aggregate_bas,2011,26.2622
rou,sex_f,age_aggregate_total,edu_aggregate_bas,2012,25.7266
rou,sex_f,age_aggregate_total,edu_aggregate_bas,2013,24.9877
rou,sex_f,age_aggregate_total,edu_aggregate_bas,2014,26.2807
rou,sex_f,age_aggregate_total,edu_aggregate_bas,2015,22.2496
rou,sex_f,age_aggregate_total,edu_aggregate_bas,2016,19.8306
rou,sex_f,age_aggregate_total,edu_aggregate_bas,2017,18.7244
rou,sex_f,age_aggregate_total,edu_aggregate_bas,2018,18.0396
rou,sex_f,age_aggregate_total,edu_aggregate_bas,2019,17.1834
rou,sex_f,age_aggregate_total,edu_aggregate_int,1997,45.9328
rou,sex_f,age_aggregate_total,edu_aggregate_int,1998,50.6277
rou,sex_f,age_aggregate_total,edu_aggregate_int,1999,49.6636
rou,sex_f,age_aggregate_total,edu_aggregate_int,2000,49.5504
rou,sex_f,age_aggregate_total,edu_aggregate_int,2001,50.1184
rou,sex_f,age_aggregate_total,edu_aggregate_int,2002,53.0279
rou,sex_f,age_aggregate_total,edu_aggregate_int,2003,53.4104
rou,sex_f,age_aggregate_total,edu_aggregate_int,2004,56.565
rou,sex_f,age_aggregate_total,edu_aggregate_int,2005,56.9423
rou,sex_f,age_aggregate_total,edu_aggregate_int,2006,58.1015
rou,sex_f,age_aggregate_total,edu_aggregate_int,2007,57.6395
rou,sex_f,age_aggregate_total,edu_aggregate_int,2008,56.5943
rou,sex_f,age_aggregate_total,edu_aggregate_int,2009,55.0959
rou,sex_f,age_aggregate_total,edu_aggregate_int,2010,54.0211
rou,sex_f,age_aggregate_total,edu_aggregate_int,2011,53.9038
rou,sex_f,age_aggregate_total,edu_aggregate_int,2012,53.7188
rou,sex_f,age_aggregate_total,edu_aggregate_int,2013,53.6297
rou,sex_f,age_aggregate_total,edu_aggregate_int,2014,52.2004
rou,sex_f,age_aggregate_total,edu_aggregate_int,2015,53.7411
rou,sex_f,age_aggregate_total,edu_aggregate_int,2016,55.7158
rou,sex_f,age_aggregate_total,edu_aggregate_int,2017,56.4767
rou,sex_f,age_aggregate_total,edu_aggregate_int,2018,56.992
rou,sex_f,age_aggregate_total,edu_aggregate_int,2019,56.882
rou,sex_f,age_aggregate_total,edu_aggregate_ltb,2001,2.1361
rou,sex_f,age_aggregate_total,edu_aggregate_ltb,2002,1.9403
rou,sex_f,age_aggregate_total,edu_aggregate_ltb,2003,1.5349
rou,sex_f,age_aggregate_total,edu_aggregate_ltb,2004,1.4586
rou,sex_f,age_aggregate_total,edu_aggregate_ltb,2005,1.1485
rou,sex_f,age_aggregate_total,edu_aggregate_ltb,2006,0.8588
rou,sex_f,age_aggregate_total,edu_aggregate_ltb,2007,0.8911
rou,sex_f,age_aggregate_total,edu_aggregate_ltb,2008,0.8019
rou,sex_f,age_aggregate_total,edu_aggregate_ltb,2009,0.6221
rou,sex_f,age_aggregate_total,edu_aggregate_ltb,2010,0.6694
rou,sex_f,age_aggregate_total,edu_aggregate_ltb,2011,0.4537
rou,sex_f,age_aggregate_total,edu_aggregate_ltb,2012,0.3437
rou,sex_f,age_aggregate_total,edu_aggregate_ltb,2013,0.3237
rou,sex_f,age_aggregate_total,edu_aggregate_ltb,2014,0.2796
rou,sex_f,age_aggregate_total,edu_aggregate_ltb,2015,0.3453
rou,sex_f,age_aggregate_total,edu_aggregate_ltb,2016,0.2343
rou,sex_f,age_aggregate_total,edu_aggregate_ltb,2017,0.2488
rou,sex_f,age_aggregate_total,edu_aggregate_ltb,2018,0.2709
rou,sex_f,age_aggregate_total,edu_aggregate_ltb,2019,0.2477
rou,sex_f,age_aggregate_total,edu_aggregate_total,1997,100
rou,sex_f,age_aggregate_total,edu_aggregate_total,1998,100
rou,sex_f,age_aggregate_total,edu_aggregate_total,1999,100
rou,sex_f,age_aggregate_total,edu_aggregate_total,2000,100
rou,sex_f,age_aggregate_total,edu_aggregate_total,2001,100
rou,sex_f,age_aggregate_total,edu_aggregate_total,2002,100
rou,sex_f,age_aggregate_total,edu_aggregate_total,2003,100
rou,sex_f,age_aggregate_total,edu_aggregate_total,2004,100
rou,sex_f,age_aggregate_total,edu_aggregate_total,2005,100
rou,sex_f,age_aggregate_total,edu_aggregate_total,2006,100
rou,sex_f,age_aggregate_total,edu_aggregate_total,2007,100
rou,sex_f,age_aggregate_total,edu_aggregate_total,2008,100
rou,sex_f,age_aggregate_total,edu_aggregate_total,2009,100
rou,sex_f,age_aggregate_total,edu_aggregate_total,2010,100
rou,sex_f,age_aggregate_total,edu_aggregate_total,2011,100
rou,sex_f,age_aggregate_total,edu_aggregate_total,2012,100
rou,sex_f,age_aggregate_total,edu_aggregate_total,2013,100
rou,sex_f,age_aggregate_total,edu_aggregate_total,2014,100
rou,sex_f,age_aggregate_total,edu_aggregate_total,2015,100
rou,sex_f,age_aggregate_total,edu_aggregate_total,2016,100
rou,sex_f,age_aggregate_total,edu_aggregate_total,2017,100
rou,sex_f,age_aggregate_total,edu_aggregate_total,2018,100
rou,sex_f,age_aggregate_total,edu_aggregate_total,2019,100
rou,sex_f,age_aggregate_total,edu_isced11_0,2014,0.2796
rou,sex_f,age_aggregate_total,edu_isced11_0,2015,0.3453
rou,sex_f,age_aggregate_total,edu_isced11_0,2016,0.2343
rou,sex_f,age_aggregate_total,edu_isced11_0,2017,0.2488
rou,sex_f,age_aggregate_total,edu_isced11_0,2018,0.2709
rou,sex_f,age_aggregate_total,edu_isced11_0,2019,0.2477
rou,sex_f,age_aggregate_total,edu_isced11_1,2014,3.9453
rou,sex_f,age_aggregate_total,edu_isced11_1,2015,3.2515
rou,sex_f,age_aggregate_total,edu_isced11_1,2016,2.6742
rou,sex_f,age_aggregate_total,edu_isced11_1,2017,2.3675
rou,sex_f,age_aggregate_total,edu_isced11_1,2018,2.2145
rou,sex_f,age_aggregate_total,edu_isced11_1,2019,2.0592
rou,sex_f,age_aggregate_total,edu_isced11_2,2014,22.3354
rou,sex_f,age_aggregate_total,edu_isced11_2,2015,18.9982
rou,sex_f,age_aggregate_total,edu_isced11_2,2016,17.1564
rou,sex_f,age_aggregate_total,edu_isced11_2,2017,16.3569
rou,sex_f,age_aggregate_total,edu_isced11_2,2018,15.8251
rou,sex_f,age_aggregate_total,edu_isced11_2,2019,15.1241
rou,sex_f,age_aggregate_total,edu_isced11_3,2014,47.6923
rou,sex_f,age_aggregate_total,edu_isced11_3,2015,49.2274
rou,sex_f,age_aggregate_total,edu_isced11_3,2016,51.4351
rou,sex_f,age_aggregate_total,edu_isced11_3,2017,52.3419
rou,sex_f,age_aggregate_total,edu_isced11_3,2018,52.5986
rou,sex_f,age_aggregate_total,edu_isced11_3,2019,52.4009
rou,sex_f,age_aggregate_total,edu_isced11_4,2014,4.5081
rou,sex_f,age_aggregate_total,edu_isced11_4,2015,4.5136
rou,sex_f,age_aggregate_total,edu_isced11_4,2016,4.2807
rou,sex_f,age_aggregate_total,edu_isced11_4,2017,4.1348
rou,sex_f,age_aggregate_total,edu_isced11_4,2018,4.3935
rou,sex_f,age_aggregate_total,edu_isced11_4,2019,4.4811
rou,sex_f,age_aggregate_total,edu_isced11_5,2014,0.7617
rou,sex_f,age_aggregate_total,edu_isced11_5,2015,0.6134
rou,sex_f,age_aggregate_total,edu_isced11_5,2016,0.5945
rou,sex_f,age_aggregate_total,edu_isced11_5,2017,0.5245
rou,sex_f,age_aggregate_total,edu_isced11_5,2018,0.4952
rou,sex_f,age_aggregate_total,edu_isced11_5,2019,0.8289
rou,sex_f,age_aggregate_total,edu_isced11_6,2014,6.7958
rou,sex_f,age_aggregate_total,edu_isced11_6,2015,6.4891
rou,sex_f,age_aggregate_total,edu_isced11_6,2016,5.9539
rou,sex_f,age_aggregate_total,edu_isced11_6,2017,6.575
rou,sex_f,age_aggregate_total,edu_isced11_6,2018,6.6664
rou,sex_f,age_aggregate_total,edu_isced11_6,2019,7.0675
rou,sex_f,age_aggregate_total,edu_isced11_7,2014,13.5509
rou,sex_f,age_aggregate_total,edu_isced11_7,2015,16.4663
rou,sex_f,age_aggregate_total,edu_isced11_7,2016,17.5867
rou,sex_f,age_aggregate_total,edu_isced11_7,2017,17.3422
rou,sex_f,age_aggregate_total,edu_isced11_7,2018,17.4209
rou,sex_f,age_aggregate_total,edu_isced11_7,2019,17.5893
rou,sex_f,age_aggregate_total,edu_isced11_8,2015,0.0952
rou,sex_f,age_aggregate_total,edu_isced11_8,2016,0.0842
rou,sex_f,age_aggregate_total,edu_isced11_8,2017,0.1084
rou,sex_f,age_aggregate_total,edu_isced11_8,2019,0.2012
rou,sex_f,age_aggregate_total,edu_isced11_total,2014,100
rou,sex_f,age_aggregate_total,edu_isced11_total,2015,100
rou,sex_f,age_aggregate_total,edu_isced11_total,2016,100
rou,sex_f,age_aggregate_total,edu_isced11_total,2017,100
rou,sex_f,age_aggregate_total,edu_isced11_total,2018,100
rou,sex_f,age_aggregate_total,edu_isced11_total,2019,100
rou,sex_f,age_aggregate_total,edu_isced97_0,2001,2.1361
rou,sex_f,age_aggregate_total,edu_isced97_0,2002,1.9403
rou,sex_f,age_aggregate_total,edu_isced97_0,2003,1.5349
rou,sex_f,age_aggregate_total,edu_isced97_0,2004,1.4586
rou,sex_f,age_aggregate_total,edu_isced97_0,2005,1.1485
rou,sex_f,age_aggregate_total,edu_isced97_0,2006,0.8588
rou,sex_f,age_aggregate_total,edu_isced97_0,2007,0.8911
rou,sex_f,age_aggregate_total,edu_isced97_0,2008,0.8019
rou,sex_f,age_aggregate_total,edu_isced97_0,2009,0.6221
rou,sex_f,age_aggregate_total,edu_isced97_0,2010,0.6694
rou,sex_f,age_aggregate_total,edu_isced97_0,2011,0.4537
rou,sex_f,age_aggregate_total,edu_isced97_0,2012,0.3437
rou,sex_f,age_aggregate_total,edu_isced97_0,2013,0.3237
rou,sex_f,age_aggregate_total,edu_isced97_1,1998,19.5784
rou,sex_f,age_aggregate_total,edu_isced97_1,1999,19.8316
rou,sex_f,age_aggregate_total,edu_isced97_1,2000,18.5536
rou,sex_f,age_aggregate_total,edu_isced97_1,2001,15.7457
rou,sex_f,age_aggregate_total,edu_isced97_1,2002,12.4291
rou,sex_f,age_aggregate_total,edu_isced97_1,2003,10.5066
rou,sex_f,age_aggregate_total,edu_isced97_1,2004,8.6705
rou,sex_f,age_aggregate_total,edu_isced97_1,2005,8.2982
rou,sex_f,age_aggregate_total,edu_isced97_1,2006,7.1806
rou,sex_f,age_aggregate_total,edu_isced97_1,2007,6.9401
rou,sex_f,age_aggregate_total,edu_isced97_1,2008,6.5099
rou,sex_f,age_aggregate_total,edu_isced97_1,2009,6.1035
rou,sex_f,age_aggregate_total,edu_isced97_1,2010,5.9495
rou,sex_f,age_aggregate_total,edu_isced97_1,2011,5.2417
rou,sex_f,age_aggregate_total,edu_isced97_1,2012,4.8299
rou,sex_f,age_aggregate_total,edu_isced97_1,2013,4.4231
rou,sex_f,age_aggregate_total,edu_isced97_2,1998,21.9127
rou,sex_f,age_aggregate_total,edu_isced97_2,1999,22.7618
rou,sex_f,age_aggregate_total,edu_isced97_2,2000,23.7481
rou,sex_f,age_aggregate_total,edu_isced97_2,2001,23.0287
rou,sex_f,age_aggregate_total,edu_isced97_2,2002,22.1912
rou,sex_f,age_aggregate_total,edu_isced97_2,2003,23.8041
rou,sex_f,age_aggregate_total,edu_isced97_2,2004,21.052
rou,sex_f,age_aggregate_total,edu_isced97_2,2005,20.1993
rou,sex_f,age_aggregate_total,edu_isced97_2,2006,19.5548
rou,sex_f,age_aggregate_total,edu_isced97_2,2007,19.7676
rou,sex_f,age_aggregate_total,edu_isced97_2,2008,19.8357
rou,sex_f,age_aggregate_total,edu_isced97_2,2009,20.6148
rou,sex_f,age_aggregate_total,edu_isced97_2,2010,21.6579
rou,sex_f,age_aggregate_total,edu_isced97_2,2011,21.0205
rou,sex_f,age_aggregate_total,edu_isced97_2,2012,20.8967
rou,sex_f,age_aggregate_total,edu_isced97_2,2013,20.5646
rou,sex_f,age_aggregate_total,edu_isced97_3,1998,50.6277
rou,sex_f,age_aggregate_total,edu_isced97_3,1999,49.6636
rou,sex_f,age_aggregate_total,edu_isced97_3,2000,49.5504
rou,sex_f,age_aggregate_total,edu_isced97_3,2001,50.1184
rou,sex_f,age_aggregate_total,edu_isced97_3,2002,48.2268
rou,sex_f,age_aggregate_total,edu_isced97_3,2003,49.1285
rou,sex_f,age_aggregate_total,edu_isced97_3,2004,51.3865
rou,sex_f,age_aggregate_total,edu_isced97_3,2005,51.9608
rou,sex_f,age_aggregate_total,edu_isced97_3,2006,53.0187
rou,sex_f,age_aggregate_total,edu_isced97_3,2007,52.8444
rou,sex_f,age_aggregate_total,edu_isced97_3,2008,51.8866
rou,sex_f,age_aggregate_total,edu_isced97_3,2009,50.3388
rou,sex_f,age_aggregate_total,edu_isced97_3,2010,49.3605
rou,sex_f,age_aggregate_total,edu_isced97_3,2011,49.2982
rou,sex_f,age_aggregate_total,edu_isced97_3,2012,49.2896
rou,sex_f,age_aggregate_total,edu_isced97_3,2013,49.2864
rou,sex_f,age_aggregate_total,edu_isced97_4,2002,4.8012
rou,sex_f,age_aggregate_total,edu_isced97_4,2003,4.2819
rou,sex_f,age_aggregate_total,edu_isced97_4,2004,5.1785
rou,sex_f,age_aggregate_total,edu_isced97_4,2005,4.9814
rou,sex_f,age_aggregate_total,edu_isced97_4,2006,5.0828
rou,sex_f,age_aggregate_total,edu_isced97_4,2007,4.7952
rou,sex_f,age_aggregate_total,edu_isced97_4,2008,4.7077
rou,sex_f,age_aggregate_total,edu_isced97_4,2009,4.7571
rou,sex_f,age_aggregate_total,edu_isced97_4,2010,4.6605
rou,sex_f,age_aggregate_total,edu_isced97_4,2011,4.6056
rou,sex_f,age_aggregate_total,edu_isced97_4,2012,4.4291
rou,sex_f,age_aggregate_total,edu_isced97_4,2013,4.3433
rou,sex_f,age_aggregate_total,edu_isced97_5,1998,7.8812
rou,sex_f,age_aggregate_total,edu_isced97_5,1999,7.7431
rou,sex_f,age_aggregate_total,edu_isced97_5,2000,8.1479
rou,sex_f,age_aggregate_total,edu_isced97_5,2001,8.9711
rou,sex_f,age_aggregate_total,edu_isced97_5,2002,10.3508
rou,sex_f,age_aggregate_total,edu_isced97_5,2003,10.6843
rou,sex_f,age_aggregate_total,edu_isced97_5,2004,12.1128
rou,sex_f,age_aggregate_total,edu_isced97_5,2005,13.2643
rou,sex_f,age_aggregate_total,edu_isced97_5,2006,14.2041
rou,sex_f,age_aggregate_total,edu_isced97_5,2007,14.6609
rou,sex_f,age_aggregate_total,edu_isced97_5,2008,16.1513
rou,sex_f,age_aggregate_total,edu_isced97_5,2009,17.4627
rou,sex_f,age_aggregate_total,edu_isced97_5,2010,17.6403
rou,sex_f,age_aggregate_total,edu_isced97_5,2011,19.3324
rou,sex_f,age_aggregate_total,edu_isced97_5,2012,20.1255
rou,sex_f,age_aggregate_total,edu_isced97_5,2013,20.9426
rou,sex_f,age_aggregate_total,edu_isced97_6,2002,0.0606
rou,sex_f,age_aggregate_total,edu_isced97_6,2003,0.0597
rou,sex_f,age_aggregate_total,edu_isced97_6,2004,0.1411
rou,sex_f,age_aggregate_total,edu_isced97_6,2006,0.1002
rou,sex_f,age_aggregate_total,edu_isced97_6,2007,0.1008
rou,sex_f,age_aggregate_total,edu_isced97_6,2008,0.107
rou,sex_f,age_aggregate_total,edu_isced97_6,2009,0.1009
rou,sex_f,age_aggregate_total,edu_isced97_6,2011,0.0479
rou,sex_f,age_aggregate_total,edu_isced97_6,2012,0.0854
rou,sex_f,age_aggregate_total,edu_isced97_6,2013,0.1164
rou,sex_f,age_aggregate_total,edu_isced97_total,1998,100
rou,sex_f,age_aggregate_total,edu_isced97_total,1999,100
rou,sex_f,age_aggregate_total,edu_isced97_total,2000,100
rou,sex_f,age_aggregate_total,edu_isced97_total,2001,100
rou,sex_f,age_aggregate_total,edu_isced97_total,2002,100
rou,sex_f,age_aggregate_total,edu_isced97_total,2003,100
rou,sex_f,age_aggregate_total,edu_isced97_total,2004,100
rou,sex_f,age_aggregate_total,edu_isced97_total,2005,100
rou,sex_f,age_aggregate_total,edu_isced97_total,2006,100
rou,sex_f,age_aggregate_total,edu_isced97_total,2007,100
rou,sex_f,age_aggregate_total,edu_isced97_total,2008,100
rou,sex_f,age_aggregate_total,edu_isced97_total,2009,100
rou,sex_f,age_aggregate_total,edu_isced97_total,2010,100
rou,sex_f,age_aggregate_total,edu_isced97_total,2011,100
rou,sex_f,age_aggregate_total,edu_isced97_total,2012,100
rou,sex_f,age_aggregate_total,edu_isced97_total,2013,100
rou,sex_f,age_aggregate_y15_24,edu_aggregate_adv,1997,5.4749
rou,sex_f,age_aggregate_y15_24,edu_aggregate_adv,1998,3.2659
rou,sex_f,age_aggregate_y15_24,edu_aggregate_adv,1999,2.9064
rou,sex_f,age_aggregate_y15_24,edu_aggregate_adv,2000,3.102
rou,sex_f,age_aggregate_y15_24,edu_aggregate_adv,2001,3.6231
rou,sex_f,age_aggregate_y15_24,edu_aggregate_adv,2002,5.0449
rou,sex_f,age_aggregate_y15_24,edu_aggregate_adv,2003,5.8714
rou,sex_f,age_aggregate_y15_24,edu_aggregate_adv,2004,7.2985
rou,sex_f,age_aggregate_y15_24,edu_aggregate_adv,2005,6.1909
rou,sex_f,age_aggregate_y15_24,edu_aggregate_adv,2006,6.7329
rou,sex_f,age_aggregate_y15_24,edu_aggregate_adv,2007,8.9898
rou,sex_f,age_aggregate_y15_24,edu_aggregate_adv,2008,9.7604
rou,sex_f,age_aggregate_y15_24,edu_aggregate_adv,2009,12.3514
rou,sex_f,age_aggregate_y15_24,edu_aggregate_adv,2010,11.033
rou,sex_f,age_aggregate_y15_24,edu_aggregate_adv,2011,12.7479
rou,sex_f,age_aggregate_y15_24,edu_aggregate_adv,2012,14.1261
rou,sex_f,age_aggregate_y15_24,edu_aggregate_adv,2013,13.1155
rou,sex_f,age_aggregate_y15_24,edu_aggregate_adv,2014,11.8192
rou,sex_f,age_aggregate_y15_24,edu_aggregate_adv,2015,12.2793
rou,sex_f,age_aggregate_y15_24,edu_aggregate_adv,2016,10.7659
rou,sex_f,age_aggregate_y15_24,edu_aggregate_adv,2017,13.041
rou,sex_f,age_aggregate_y15_24,edu_aggregate_adv,2018,11.6353
rou,sex_f,age_aggregate_y15_24,edu_aggregate_adv,2019,12.4301
rou,sex_f,age_aggregate_y15_24,edu_aggregate_bas,1997,30.5986
rou,sex_f,age_aggregate_y15_24,edu_aggregate_bas,1998,27.4257
rou,sex_f,age_aggregate_y15_24,edu_aggregate_bas,1999,32.8864
rou,sex_f,age_aggregate_y15_24,edu_aggregate_bas,2000,36.4242
rou,sex_f,age_aggregate_y15_24,edu_aggregate_bas,2001,36.3462
rou,sex_f,age_aggregate_y15_24,edu_aggregate_bas,2002,35.9845
rou,sex_f,age_aggregate_y15_24,edu_aggregate_bas,2003,37.0699
rou,sex_f,age_aggregate_y15_24,edu_aggregate_bas,2004,32.5212
rou,sex_f,age_aggregate_y15_24,edu_aggregate_bas,2005,32.189
rou,sex_f,age_aggregate_y15_24,edu_aggregate_bas,2006,33.1027
rou,sex_f,age_aggregate_y15_24,edu_aggregate_bas,2007,31.4605
rou,sex_f,age_aggregate_y15_24,edu_aggregate_bas,2008,28.11
rou,sex_f,age_aggregate_y15_24,edu_aggregate_bas,2009,29.0935
rou,sex_f,age_aggregate_y15_24,edu_aggregate_bas,2010,32.6722
rou,sex_f,age_aggregate_y15_24,edu_aggregate_bas,2011,30.3756
rou,sex_f,age_aggregate_y15_24,edu_aggregate_bas,2012,32.3407
rou,sex_f,age_aggregate_y15_24,edu_aggregate_bas,2013,31.0397
rou,sex_f,age_aggregate_y15_24,edu_aggregate_bas,2014,31.571
rou,sex_f,age_aggregate_y15_24,edu_aggregate_bas,2015,28.8168
rou,sex_f,age_aggregate_y15_24,edu_aggregate_bas,2016,29.0599
rou,sex_f,age_aggregate_y15_24,edu_aggregate_bas,2017,27.4645
rou,sex_f,age_aggregate_y15_24,edu_aggregate_bas,2018,25.3047
rou,sex_f,age_aggregate_y15_24,edu_aggregate_bas,2019,24.9879
rou,sex_f,age_aggregate_y15_24,edu_aggregate_int,1997,63.9266
rou,sex_f,age_aggregate_y15_24,edu_aggregate_int,1998,69.3084
rou,sex_f,age_aggregate_y15_24,edu_aggregate_int,1999,64.2072
rou,sex_f,age_aggregate_y15_24,edu_aggregate_int,2000,60.4738
rou,sex_f,age_aggregate_y15_24,edu_aggregate_int,2001,59.1615
rou,sex_f,age_aggregate_y15_24,edu_aggregate_int,2002,58.6424
rou,sex_f,age_aggregate_y15_24,edu_aggregate_int,2003,55.6505
rou,sex_f,age_aggregate_y15_24,edu_aggregate_int,2004,58.7865
rou,sex_f,age_aggregate_y15_24,edu_aggregate_int,2005,60.576
rou,sex_f,age_aggregate_y15_24,edu_aggregate_int,2006,59.8781
rou,sex_f,age_aggregate_y15_24,edu_aggregate_int,2007,58.9537
rou,sex_f,age_aggregate_y15_24,edu_aggregate_int,2008,61.4943
rou,sex_f,age_aggregate_y15_24,edu_aggregate_int,2009,57.7848
rou,sex_f,age_aggregate_y15_24,edu_aggregate_int,2010,55.037
rou,sex_f,age_aggregate_y15_24,edu_aggregate_int,2011,55.9354
rou,sex_f,age_aggregate_y15_24,edu_aggregate_int,2012,52.9912
rou,sex_f,age_aggregate_y15_24,edu_aggregate_int,2013,55.3882
rou,sex_f,age_aggregate_y15_24,edu_aggregate_int,2014,56.5363
rou,sex_f,age_aggregate_y15_24,edu_aggregate_int,2015,58.1963
rou,sex_f,age_aggregate_y15_24,edu_aggregate_int,2016,59.6796
rou,sex_f,age_aggregate_y15_24,edu_aggregate_int,2017,59.4196
rou,sex_f,age_aggregate_y15_24,edu_aggregate_int,2018,62.7552
rou,sex_f,age_aggregate_y15_24,edu_aggregate_int,2019,62.4374
rou,sex_f,age_aggregate_y15_24,edu_aggregate_ltb,2001,0.8692
rou,sex_f,age_aggregate_y15_24,edu_aggregate_ltb,2003,1.4082
rou,sex_f,age_aggregate_y15_24,edu_aggregate_total,1997,100
rou,sex_f,age_aggregate_y15_24,edu_aggregate_total,1998,100
rou,sex_f,age_aggregate_y15_24,edu_aggregate_total,1999,100
rou,sex_f,age_aggregate_y15_24,edu_aggregate_total,2000,100
rou,sex_f,age_aggregate_y15_24,edu_aggregate_total,2001,100
rou,sex_f,age_aggregate_y15_24,edu_aggregate_total,2002,100
rou,sex_f,age_aggregate_y15_24,edu_aggregate_total,2003,100
rou,sex_f,age_aggregate_y15_24,edu_aggregate_total,2004,100
rou,sex_f,age_aggregate_y15_24,edu_aggregate_total,2005,100
rou,sex_f,age_aggregate_y15_24,edu_aggregate_total,2006,100
rou,sex_f,age_aggregate_y15_24,edu_aggregate_total,2007,100
rou,sex_f,age_aggregate_y15_24,edu_aggregate_total,2008,100
rou,sex_f,age_aggregate_y15_24,edu_aggregate_total,2009,100
rou,sex_f,age_aggregate_y15_24,edu_aggregate_total,2010,100
rou,sex_f,age_aggregate_y15_24,edu_aggregate_total,2011,100
rou,sex_f,age_aggregate_y15_24,edu_aggregate_total,2012,100
rou,sex_f,age_aggregate_y15_24,edu_aggregate_total,2013,100
rou,sex_f,age_aggregate_y15_24,edu_aggregate_total,2014,100
rou,sex_f,age_aggregate_y15_24,edu_aggregate_total,2015,100
rou,sex_f,age_aggregate_y15_24,edu_aggregate_total,2016,100
rou,sex_f,age_aggregate_y15_24,edu_aggregate_total,2017,100
rou,sex_f,age_aggregate_y15_24,edu_aggregate_total,2018,100
rou,sex_f,age_aggregate_y15_24,edu_aggregate_total,2019,100
rou,sex_f,age_aggregate_y15_24,edu_isced11_0,2015,0.7075
rou,sex_f,age_aggregate_y15_24,edu_isced11_0,2016,0.4946
rou,sex_f,age_aggregate_y15_24,edu_isced11_1,2015,2.6938
rou,sex_f,age_aggregate_y15_24,edu_isced11_1,2016,4.2267
rou,sex_f,age_aggregate_y15_24,edu_isced11_1,2017,3.9306
rou,sex_f,age_aggregate_y15_24,edu_isced11_2,2014,28.802
rou,sex_f,age_aggregate_y15_24,edu_isced11_2,2015,26.123
rou,sex_f,age_aggregate_y15_24,edu_isced11_2,2016,24.8332
rou,sex_f,age_aggregate_y15_24,edu_isced11_2,2017,23.5339
rou,sex_f,age_aggregate_y15_24,edu_isced11_2,2018,23.1639
rou,sex_f,age_aggregate_y15_24,edu_isced11_2,2019,23.0396
rou,sex_f,age_aggregate_y15_24,edu_isced11_3,2014,54.1663
rou,sex_f,age_aggregate_y15_24,edu_isced11_3,2015,54.984
rou,sex_f,age_aggregate_y15_24,edu_isced11_3,2016,56.8844
rou,sex_f,age_aggregate_y15_24,edu_isced11_3,2017,56.9545
rou,sex_f,age_aggregate_y15_24,edu_isced11_3,2018,60.5327
rou,sex_f,age_aggregate_y15_24,edu_isced11_3,2019,59.5804
rou,sex_f,age_aggregate_y15_24,edu_isced11_4,2015,3.2124
rou,sex_f,age_aggregate_y15_24,edu_isced11_4,2016,2.7951
rou,sex_f,age_aggregate_y15_24,edu_isced11_4,2017,2.465
rou,sex_f,age_aggregate_y15_24,edu_isced11_6,2014,8.5939
rou,sex_f,age_aggregate_y15_24,edu_isced11_6,2015,10.9527
rou,sex_f,age_aggregate_y15_24,edu_isced11_6,2016,9.1236
rou,sex_f,age_aggregate_y15_24,edu_isced11_6,2017,11.4741
rou,sex_f,age_aggregate_y15_24,edu_isced11_6,2018,11.0034
rou,sex_f,age_aggregate_y15_24,edu_isced11_6,2019,10.0643
rou,sex_f,age_aggregate_y15_24,edu_isced11_7,2015,1.293
rou,sex_f,age_aggregate_y15_24,edu_isced11_7,2016,1.6423
rou,sex_f,age_aggregate_y15_24,edu_isced11_7,2017,1.567
rou,sex_f,age_aggregate_y15_24,edu_isced11_total,2014,100
rou,sex_f,age_aggregate_y15_24,edu_isced11_total,2015,100
rou,sex_f,age_aggregate_y15_24,edu_isced11_total,2016,100
rou,sex_f,age_aggregate_y15_24,edu_isced11_total,2017,100
rou,sex_f,age_aggregate_y15_24,edu_isced11_total,2018,100
rou,sex_f,age_aggregate_y15_24,edu_isced11_total,2019,100
rou,sex_f,age_aggregate_y15_24,edu_isced97_0,2001,0.8692
rou,sex_f,age_aggregate_y15_24,edu_isced97_0,2003,1.4082
rou,sex_f,age_aggregate_y15_24,edu_isced97_0,2004,1.3938
rou,sex_f,age_aggregate_y15_24,edu_isced97_0,2006,0.2863
rou,sex_f,age_aggregate_y15_24,edu_isced97_0,2007,0.5959
rou,sex_f,age_aggregate_y15_24,edu_isced97_0,2008,0.6353
rou,sex_f,age_aggregate_y15_24,edu_isced97_0,2009,0.7703
rou,sex_f,age_aggregate_y15_24,edu_isced97_0,2011,0.9411
rou,sex_f,age_aggregate_y15_24,edu_isced97_0,2012,0.5419
rou,sex_f,age_aggregate_y15_24,edu_isced97_0,2013,0.4566
rou,sex_f,age_aggregate_y15_24,edu_isced97_1,1998,3.3205
rou,sex_f,age_aggregate_y15_24,edu_isced97_1,1999,4.6507
rou,sex_f,age_aggregate_y15_24,edu_isced97_1,2000,4.2573
rou,sex_f,age_aggregate_y15_24,edu_isced97_1,2001,4.3617
rou,sex_f,age_aggregate_y15_24,edu_isced97_1,2002,4.7247
rou,sex_f,age_aggregate_y15_24,edu_isced97_1,2003,5.1882
rou,sex_f,age_aggregate_y15_24,edu_isced97_1,2004,2.6886
rou,sex_f,age_aggregate_y15_24,edu_isced97_1,2005,3.0566
rou,sex_f,age_aggregate_y15_24,edu_isced97_1,2006,2.773
rou,sex_f,age_aggregate_y15_24,edu_isced97_1,2007,3.4615
rou,sex_f,age_aggregate_y15_24,edu_isced97_1,2008,3.1808
rou,sex_f,age_aggregate_y15_24,edu_isced97_1,2009,3.2025
rou,sex_f,age_aggregate_y15_24,edu_isced97_1,2010,4.4729
rou,sex_f,age_aggregate_y15_24,edu_isced97_1,2011,3.028
rou,sex_f,age_aggregate_y15_24,edu_isced97_1,2012,3.4323
rou,sex_f,age_aggregate_y15_24,edu_isced97_1,2013,2.9081
rou,sex_f,age_aggregate_y15_24,edu_isced97_2,1998,24.1052
rou,sex_f,age_aggregate_y15_24,edu_isced97_2,1999,28.2358
rou,sex_f,age_aggregate_y15_24,edu_isced97_2,2000,32.1669
rou,sex_f,age_aggregate_y15_24,edu_isced97_2,2001,31.9845
rou,sex_f,age_aggregate_y15_24,edu_isced97_2,2002,31.2599
rou,sex_f,age_aggregate_y15_24,edu_isced97_2,2003,31.8817
rou,sex_f,age_aggregate_y15_24,edu_isced97_2,2004,29.8326
rou,sex_f,age_aggregate_y15_24,edu_isced97_2,2005,29.1324
rou,sex_f,age_aggregate_y15_24,edu_isced97_2,2006,30.3296
rou,sex_f,age_aggregate_y15_24,edu_isced97_2,2007,27.999
rou,sex_f,age_aggregate_y15_24,edu_isced97_2,2008,24.9292
rou,sex_f,age_aggregate_y15_24,edu_isced97_2,2009,25.891
rou,sex_f,age_aggregate_y15_24,edu_isced97_2,2010,28.1993
rou,sex_f,age_aggregate_y15_24,edu_isced97_2,2011,27.3475
rou,sex_f,age_aggregate_y15_24,edu_isced97_2,2012,28.9084
rou,sex_f,age_aggregate_y15_24,edu_isced97_2,2013,28.1316
rou,sex_f,age_aggregate_y15_24,edu_isced97_3,1998,69.3084
rou,sex_f,age_aggregate_y15_24,edu_isced97_3,1999,64.2072
rou,sex_f,age_aggregate_y15_24,edu_isced97_3,2000,60.4738
rou,sex_f,age_aggregate_y15_24,edu_isced97_3,2001,59.1615
rou,sex_f,age_aggregate_y15_24,edu_isced97_3,2002,55.4085
rou,sex_f,age_aggregate_y15_24,edu_isced97_3,2003,52.346
rou,sex_f,age_aggregate_y15_24,edu_isced97_3,2004,54.5556
rou,sex_f,age_aggregate_y15_24,edu_isced97_3,2005,56.3257
rou,sex_f,age_aggregate_y15_24,edu_isced97_3,2006,56.5639
rou,sex_f,age_aggregate_y15_24,edu_isced97_3,2007,56.6725
rou,sex_f,age_aggregate_y15_24,edu_isced97_3,2008,59.2902
rou,sex_f,age_aggregate_y15_24,edu_isced97_3,2009,55.1016
rou,sex_f,age_aggregate_y15_24,edu_isced97_3,2010,52.8602
rou,sex_f,age_aggregate_y15_24,edu_isced97_3,2011,53.8654
rou,sex_f,age_aggregate_y15_24,edu_isced97_3,2012,51.2779
rou,sex_f,age_aggregate_y15_24,edu_isced97_3,2013,53.9212
rou,sex_f,age_aggregate_y15_24,edu_isced97_4,2002,3.2339
rou,sex_f,age_aggregate_y15_24,edu_isced97_4,2003,3.3045
rou,sex_f,age_aggregate_y15_24,edu_isced97_4,2004,4.2309
rou,sex_f,age_aggregate_y15_24,edu_isced97_4,2005,4.2503
rou,sex_f,age_aggregate_y15_24,edu_isced97_4,2006,3.3142
rou,sex_f,age_aggregate_y15_24,edu_isced97_4,2007,2.2812
rou,sex_f,age_aggregate_y15_24,edu_isced97_4,2008,2.2041
rou,sex_f,age_aggregate_y15_24,edu_isced97_4,2009,2.6832
rou,sex_f,age_aggregate_y15_24,edu_isced97_4,2011,2.07
rou,sex_f,age_aggregate_y15_24,edu_isced97_4,2012,1.7133
rou,sex_f,age_aggregate_y15_24,edu_isced97_4,2013,1.4669
rou,sex_f,age_aggregate_y15_24,edu_isced97_5,1998,3.2659
rou,sex_f,age_aggregate_y15_24,edu_isced97_5,1999,2.9064
rou,sex_f,age_aggregate_y15_24,edu_isced97_5,2000,3.102
rou,sex_f,age_aggregate_y15_24,edu_isced97_5,2001,3.6231
rou,sex_f,age_aggregate_y15_24,edu_isced97_5,2002,5.0449
rou,sex_f,age_aggregate_y15_24,edu_isced97_5,2003,5.8714
rou,sex_f,age_aggregate_y15_24,edu_isced97_5,2004,7.2985
rou,sex_f,age_aggregate_y15_24,edu_isced97_5,2005,6.1909
rou,sex_f,age_aggregate_y15_24,edu_isced97_5,2006,6.7329
rou,sex_f,age_aggregate_y15_24,edu_isced97_5,2007,8.9898
rou,sex_f,age_aggregate_y15_24,edu_isced97_5,2008,9.7604
rou,sex_f,age_aggregate_y15_24,edu_isced97_5,2009,12.3514
rou,sex_f,age_aggregate_y15_24,edu_isced97_5,2010,11.033
rou,sex_f,age_aggregate_y15_24,edu_isced97_5,2011,12.7479
rou,sex_f,age_aggregate_y15_24,edu_isced97_5,2012,14.1261
rou,sex_f,age_aggregate_y15_24,edu_isced97_5,2013,13.1155
rou,sex_f,age_aggregate_y15_24,edu_isced97_total,1998,100
rou,sex_f,age_aggregate_y15_24,edu_isced97_total,1999,100
rou,sex_f,age_aggregate_y15_24,edu_isced97_total,2000,100
rou,sex_f,age_aggregate_y15_24,edu_isced97_total,2001,100
rou,sex_f,age_aggregate_y15_24,edu_isced97_total,2002,100
rou,sex_f,age_aggregate_y15_24,edu_isced97_total,2003,100
rou,sex_f,age_aggregate_y15_24,edu_isced97_total,2004,100
rou,sex_f,age_aggregate_y15_24,edu_isced97_total,2005,100
rou,sex_f,age_aggregate_y15_24,edu_isced97_total,2006,100
rou,sex_f,age_aggregate_y15_24,edu_isced97_total,2007,100
rou,sex_f,age_aggregate_y15_24,edu_isced97_total,2008,100
rou,sex_f,age_aggregate_y15_24,edu_isced97_total,2009,100
rou,sex_f,age_aggregate_y15_24,edu_isced97_total,2010,100
rou,sex_f,age_aggregate_y15_24,edu_isced97_total,2011,100
rou,sex_f,age_aggregate_y15_24,edu_isced97_total,2012,100
rou,sex_f,age_aggregate_y15_24,edu_isced97_total,2013,100
rou,sex_f,age_aggregate_y25_54,edu_aggregate_adv,1997,15.9591
rou,sex_f,age_aggregate_y25_54,edu_aggregate_adv,1998,10.8217
rou,sex_f,age_aggregate_y25_54,edu_aggregate_adv,1999,10.7052
rou,sex_f,age_aggregate_y25_54,edu_aggregate_adv,2000,11.0088
rou,sex_f,age_aggregate_y25_54,edu_aggregate_adv,2001,12.2192
rou,sex_f,age_aggregate_y25_54,edu_aggregate_adv,2002,13.3903
rou,sex_f,age_aggregate_y25_54,edu_aggregate_adv,2003,13.0963
rou,sex_f,age_aggregate_y25_54,edu_aggregate_adv,2004,14.452
rou,sex_f,age_aggregate_y25_54,edu_aggregate_adv,2005,15.7908
rou,sex_f,age_aggregate_y25_54,edu_aggregate_adv,2006,16.4531
rou,sex_f,age_aggregate_y25_54,edu_aggregate_adv,2007,17.0628
rou,sex_f,age_aggregate_y25_54,edu_aggregate_adv,2008,19.0118
rou,sex_f,age_aggregate_y25_54,edu_aggregate_adv,2009,20.5109
rou,sex_f,age_aggregate_y25_54,edu_aggregate_adv,2010,20.7935
rou,sex_f,age_aggregate_y25_54,edu_aggregate_adv,2011,22.5761
rou,sex_f,age_aggregate_y25_54,edu_aggregate_adv,2012,23.5286
rou,sex_f,age_aggregate_y25_54,edu_aggregate_adv,2013,24.655
rou,sex_f,age_aggregate_y25_54,edu_aggregate_adv,2014,24.9609
rou,sex_f,age_aggregate_y25_54,edu_aggregate_adv,2015,27.2751
rou,sex_f,age_aggregate_y25_54,edu_aggregate_adv,2016,27.7602
rou,sex_f,age_aggregate_y25_54,edu_aggregate_adv,2017,28.1629
rou,sex_f,age_aggregate_y25_54,edu_aggregate_adv,2018,28.4489
rou,sex_f,age_aggregate_y25_54,edu_aggregate_adv,2019,29.4112
rou,sex_f,age_aggregate_y25_54,edu_aggregate_bas,1997,28.759
rou,sex_f,age_aggregate_y25_54,edu_aggregate_bas,1998,26.2339
rou,sex_f,age_aggregate_y25_54,edu_aggregate_bas,1999,26.1682
rou,sex_f,age_aggregate_y25_54,edu_aggregate_bas,2000,25.6957
rou,sex_f,age_aggregate_y25_54,edu_aggregate_bas,2001,23.5636
rou,sex_f,age_aggregate_y25_54,edu_aggregate_bas,2002,21.8312
rou,sex_f,age_aggregate_y25_54,edu_aggregate_bas,2003,23.1405
rou,sex_f,age_aggregate_y25_54,edu_aggregate_bas,2004,20.0233
rou,sex_f,age_aggregate_y25_54,edu_aggregate_bas,2005,18.5079
rou,sex_f,age_aggregate_y25_54,edu_aggregate_bas,2006,17.1684
rou,sex_f,age_aggregate_y25_54,edu_aggregate_bas,2007,16.8319
rou,sex_f,age_aggregate_y25_54,edu_aggregate_bas,2008,16.5755
rou,sex_f,age_aggregate_y25_54,edu_aggregate_bas,2009,17.2178
rou,sex_f,age_aggregate_y25_54,edu_aggregate_bas,2010,17.7755
rou,sex_f,age_aggregate_y25_54,edu_aggregate_bas,2011,16.7655
rou,sex_f,age_aggregate_y25_54,edu_aggregate_bas,2012,16.3955
rou,sex_f,age_aggregate_y25_54,edu_aggregate_bas,2013,16.0462
rou,sex_f,age_aggregate_y25_54,edu_aggregate_bas,2014,17.9823
rou,sex_f,age_aggregate_y25_54,edu_aggregate_bas,2015,15.5049
rou,sex_f,age_aggregate_y25_54,edu_aggregate_bas,2016,13.9325
rou,sex_f,age_aggregate_y25_54,edu_aggregate_bas,2017,13.4231
rou,sex_f,age_aggregate_y25_54,edu_aggregate_bas,2018,13.1115
rou,sex_f,age_aggregate_y25_54,edu_aggregate_bas,2019,12.9134
rou,sex_f,age_aggregate_y25_54,edu_aggregate_int,1997,55.2789
rou,sex_f,age_aggregate_y25_54,edu_aggregate_int,1998,62.9444
rou,sex_f,age_aggregate_y25_54,edu_aggregate_int,1999,63.1267
rou,sex_f,age_aggregate_y25_54,edu_aggregate_int,2000,63.2955
rou,sex_f,age_aggregate_y25_54,edu_aggregate_int,2001,63.7399
rou,sex_f,age_aggregate_y25_54,edu_aggregate_int,2002,64.4371
rou,sex_f,age_aggregate_y25_54,edu_aggregate_int,2003,63.3188
rou,sex_f,age_aggregate_y25_54,edu_aggregate_int,2004,64.9116
rou,sex_f,age_aggregate_y25_54,edu_aggregate_int,2005,65.2373
rou,sex_f,age_aggregate_y25_54,edu_aggregate_int,2006,66.0337
rou,sex_f,age_aggregate_y25_54,edu_aggregate_int,2007,65.7123
rou,sex_f,age_aggregate_y25_54,edu_aggregate_int,2008,64.0267
rou,sex_f,age_aggregate_y25_54,edu_aggregate_int,2009,61.964
rou,sex_f,age_aggregate_y25_54,edu_aggregate_int,2010,61.0891
rou,sex_f,age_aggregate_y25_54,edu_aggregate_int,2011,60.4772
rou,sex_f,age_aggregate_y25_54,edu_aggregate_int,2012,59.9149
rou,sex_f,age_aggregate_y25_54,edu_aggregate_int,2013,59.1256
rou,sex_f,age_aggregate_y25_54,edu_aggregate_int,2014,56.9078
rou,sex_f,age_aggregate_y25_54,edu_aggregate_int,2015,56.9654
rou,sex_f,age_aggregate_y25_54,edu_aggregate_int,2016,58.1385
rou,sex_f,age_aggregate_y25_54,edu_aggregate_int,2017,58.2085
rou,sex_f,age_aggregate_y25_54,edu_aggregate_int,2018,58.2211
rou,sex_f,age_aggregate_y25_54,edu_aggregate_int,2019,57.462
rou,sex_f,age_aggregate_y25_54,edu_aggregate_ltb,2001,0.4773
rou,sex_f,age_aggregate_y25_54,edu_aggregate_ltb,2002,0.3414
rou,sex_f,age_aggregate_y25_54,edu_aggregate_ltb,2003,0.4444
rou,sex_f,age_aggregate_y25_54,edu_aggregate_ltb,2004,0.6132
rou,sex_f,age_aggregate_y25_54,edu_aggregate_ltb,2005,0.4639
rou,sex_f,age_aggregate_y25_54,edu_aggregate_ltb,2006,0.3448
rou,sex_f,age_aggregate_y25_54,edu_aggregate_ltb,2007,0.393
rou,sex_f,age_aggregate_y25_54,edu_aggregate_ltb,2008,0.386
rou,sex_f,age_aggregate_y25_54,edu_aggregate_ltb,2009,0.3073
rou,sex_f,age_aggregate_y25_54,edu_aggregate_ltb,2010,0.3419
rou,sex_f,age_aggregate_y25_54,edu_aggregate_ltb,2015,0.2546
rou,sex_f,age_aggregate_y25_54,edu_aggregate_total,1997,100
rou,sex_f,age_aggregate_y25_54,edu_aggregate_total,1998,100
rou,sex_f,age_aggregate_y25_54,edu_aggregate_total,1999,100
rou,sex_f,age_aggregate_y25_54,edu_aggregate_total,2000,100
rou,sex_f,age_aggregate_y25_54,edu_aggregate_total,2001,100
rou,sex_f,age_aggregate_y25_54,edu_aggregate_total,2002,100
rou,sex_f,age_aggregate_y25_54,edu_aggregate_total,2003,100
rou,sex_f,age_aggregate_y25_54,edu_aggregate_total,2004,100
rou,sex_f,age_aggregate_y25_54,edu_aggregate_total,2005,100
rou,sex_f,age_aggregate_y25_54,edu_aggregate_total,2006,100
rou,sex_f,age_aggregate_y25_54,edu_aggregate_total,2007,100
rou,sex_f,age_aggregate_y25_54,edu_aggregate_total,2008,100
rou,sex_f,age_aggregate_y25_54,edu_aggregate_total,2009,100
rou,sex_f,age_aggregate_y25_54,edu_aggregate_total,2010,100
rou,sex_f,age_aggregate_y25_54,edu_aggregate_total,2011,100
rou,sex_f,age_aggregate_y25_54,edu_aggregate_total,2012,100
rou,sex_f,age_aggregate_y25_54,edu_aggregate_total,2013,100
rou,sex_f,age_aggregate_y25_54,edu_aggregate_total,2014,100
rou,sex_f,age_aggregate_y25_54,edu_aggregate_total,2015,100
rou,sex_f,age_aggregate_y25_54,edu_aggregate_total,2016,100
rou,sex_f,age_aggregate_y25_54,edu_aggregate_total,2017,100
rou,sex_f,age_aggregate_y25_54,edu_aggregate_total,2018,100
rou,sex_f,age_aggregate_y25_54,edu_aggregate_total,2019,100
rou,sex_f,age_aggregate_y25_54,edu_isced11_0,2015,0.2546
rou,sex_f,age_aggregate_y25_54,edu_isced11_0,2016,0.1687
rou,sex_f,age_aggregate_y25_54,edu_isced11_0,2017,0.2055
rou,sex_f,age_aggregate_y25_54,edu_isced11_1,2014,1.2787
rou,sex_f,age_aggregate_y25_54,edu_isced11_1,2015,1.1622
rou,sex_f,age_aggregate_y25_54,edu_isced11_1,2016,0.9429
rou,sex_f,age_aggregate_y25_54,edu_isced11_1,2017,1.0113
rou,sex_f,age_aggregate_y25_54,edu_isced11_1,2018,0.9651
rou,sex_f,age_aggregate_y25_54,edu_isced11_1,2019,1.0148
rou,sex_f,age_aggregate_y25_54,edu_isced11_2,2014,16.7036
rou,sex_f,age_aggregate_y25_54,edu_isced11_2,2015,14.3428
rou,sex_f,age_aggregate_y25_54,edu_isced11_2,2016,12.9896
rou,sex_f,age_aggregate_y25_54,edu_isced11_2,2017,12.4118
rou,sex_f,age_aggregate_y25_54,edu_isced11_2,2018,12.1464
rou,sex_f,age_aggregate_y25_54,edu_isced11_2,2019,11.8986
rou,sex_f,age_aggregate_y25_54,edu_isced11_3,2014,51.8707
rou,sex_f,age_aggregate_y25_54,edu_isced11_3,2015,52.0272
rou,sex_f,age_aggregate_y25_54,edu_isced11_3,2016,53.4514
rou,sex_f,age_aggregate_y25_54,edu_isced11_3,2017,53.6187
rou,sex_f,age_aggregate_y25_54,edu_isced11_3,2018,53.3228
rou,sex_f,age_aggregate_y25_54,edu_isced11_3,2019,52.5558
rou,sex_f,age_aggregate_y25_54,edu_isced11_4,2014,5.0371
rou,sex_f,age_aggregate_y25_54,edu_isced11_4,2015,4.9382
rou,sex_f,age_aggregate_y25_54,edu_isced11_4,2016,4.6871
rou,sex_f,age_aggregate_y25_54,edu_isced11_4,2017,4.5897
rou,sex_f,age_aggregate_y25_54,edu_isced11_4,2018,4.8982
rou,sex_f,age_aggregate_y25_54,edu_isced11_4,2019,4.9063
rou,sex_f,age_aggregate_y25_54,edu_isced11_5,2014,0.9023
rou,sex_f,age_aggregate_y25_54,edu_isced11_5,2015,0.7113
rou,sex_f,age_aggregate_y25_54,edu_isced11_5,2016,0.6587
rou,sex_f,age_aggregate_y25_54,edu_isced11_5,2017,0.5956
rou,sex_f,age_aggregate_y25_54,edu_isced11_5,2018,0.5498
rou,sex_f,age_aggregate_y25_54,edu_isced11_5,2019,0.9093
rou,sex_f,age_aggregate_y25_54,edu_isced11_6,2014,7.9731
rou,sex_f,age_aggregate_y25_54,edu_isced11_6,2015,7.4537
rou,sex_f,age_aggregate_y25_54,edu_isced11_6,2016,6.945
rou,sex_f,age_aggregate_y25_54,edu_isced11_6,2017,7.4688
rou,sex_f,age_aggregate_y25_54,edu_isced11_6,2018,7.6651
rou,sex_f,age_aggregate_y25_54,edu_isced11_6,2019,8.2513
rou,sex_f,age_aggregate_y25_54,edu_isced11_7,2014,15.9501
rou,sex_f,age_aggregate_y25_54,edu_isced11_7,2015,19.0082
rou,sex_f,age_aggregate_y25_54,edu_isced11_7,2016,20.067
rou,sex_f,age_aggregate_y25_54,edu_isced11_7,2017,19.9997
rou,sex_f,age_aggregate_y25_54,edu_isced11_7,2018,20.1223
rou,sex_f,age_aggregate_y25_54,edu_isced11_7,2019,20.0358
rou,sex_f,age_aggregate_y25_54,edu_isced11_8,2015,0.102
rou,sex_f,age_aggregate_y25_54,edu_isced11_8,2016,0.0896
rou,sex_f,age_aggregate_y25_54,edu_isced11_8,2017,0.0989
rou,sex_f,age_aggregate_y25_54,edu_isced11_total,2014,100
rou,sex_f,age_aggregate_y25_54,edu_isced11_total,2015,100
rou,sex_f,age_aggregate_y25_54,edu_isced11_total,2016,100
rou,sex_f,age_aggregate_y25_54,edu_isced11_total,2017,100
rou,sex_f,age_aggregate_y25_54,edu_isced11_total,2018,100
rou,sex_f,age_aggregate_y25_54,edu_isced11_total,2019,100
rou,sex_f,age_aggregate_y25_54,edu_isced97_0,2001,0.4773
rou,sex_f,age_aggregate_y25_54,edu_isced97_0,2002,0.3414
rou,sex_f,age_aggregate_y25_54,edu_isced97_0,2003,0.4444
rou,sex_f,age_aggregate_y25_54,edu_isced97_0,2004,0.6132
rou,sex_f,age_aggregate_y25_54,edu_isced97_0,2005,0.4639
rou,sex_f,age_aggregate_y25_54,edu_isced97_0,2006,0.3448
rou,sex_f,age_aggregate_y25_54,edu_isced97_0,2007,0.393
rou,sex_f,age_aggregate_y25_54,edu_isced97_0,2008,0.386
rou,sex_f,age_aggregate_y25_54,edu_isced97_0,2009,0.3073
rou,sex_f,age_aggregate_y25_54,edu_isced97_0,2010,0.3419
rou,sex_f,age_aggregate_y25_54,edu_isced97_0,2011,0.1812
rou,sex_f,age_aggregate_y25_54,edu_isced97_0,2012,0.1609
rou,sex_f,age_aggregate_y25_54,edu_isced97_0,2013,0.1731
rou,sex_f,age_aggregate_y25_54,edu_isced97_1,1998,5.8987
rou,sex_f,age_aggregate_y25_54,edu_isced97_1,1999,5.5084
rou,sex_f,age_aggregate_y25_54,edu_isced97_1,2000,4.7136
rou,sex_f,age_aggregate_y25_54,edu_isced97_1,2001,3.8782
rou,sex_f,age_aggregate_y25_54,edu_isced97_1,2002,2.6453
rou,sex_f,age_aggregate_y25_54,edu_isced97_1,2003,2.4148
rou,sex_f,age_aggregate_y25_54,edu_isced97_1,2004,2.1901
rou,sex_f,age_aggregate_y25_54,edu_isced97_1,2005,1.9042
rou,sex_f,age_aggregate_y25_54,edu_isced97_1,2006,1.6826
rou,sex_f,age_aggregate_y25_54,edu_isced97_1,2007,1.4112
rou,sex_f,age_aggregate_y25_54,edu_isced97_1,2008,1.3125
rou,sex_f,age_aggregate_y25_54,edu_isced97_1,2009,1.5126
rou,sex_f,age_aggregate_y25_54,edu_isced97_1,2010,1.3241
rou,sex_f,age_aggregate_y25_54,edu_isced97_1,2011,1.1444
rou,sex_f,age_aggregate_y25_54,edu_isced97_1,2012,1.0586
rou,sex_f,age_aggregate_y25_54,edu_isced97_1,2013,1.1066
rou,sex_f,age_aggregate_y25_54,edu_isced97_2,1998,20.3352
rou,sex_f,age_aggregate_y25_54,edu_isced97_2,1999,20.6598
rou,sex_f,age_aggregate_y25_54,edu_isced97_2,2000,20.9821
rou,sex_f,age_aggregate_y25_54,edu_isced97_2,2001,19.6855
rou,sex_f,age_aggregate_y25_54,edu_isced97_2,2002,19.1858
rou,sex_f,age_aggregate_y25_54,edu_isced97_2,2003,20.7257
rou,sex_f,age_aggregate_y25_54,edu_isced97_2,2004,17.8332
rou,sex_f,age_aggregate_y25_54,edu_isced97_2,2005,16.6038
rou,sex_f,age_aggregate_y25_54,edu_isced97_2,2006,15.4858
rou,sex_f,age_aggregate_y25_54,edu_isced97_2,2007,15.4208
rou,sex_f,age_aggregate_y25_54,edu_isced97_2,2008,15.263
rou,sex_f,age_aggregate_y25_54,edu_isced97_2,2009,15.7052
rou,sex_f,age_aggregate_y25_54,edu_isced97_2,2010,16.4514
rou,sex_f,age_aggregate_y25_54,edu_isced97_2,2011,15.6211
rou,sex_f,age_aggregate_y25_54,edu_isced97_2,2012,15.3369
rou,sex_f,age_aggregate_y25_54,edu_isced97_2,2013,14.9396
rou,sex_f,age_aggregate_y25_54,edu_isced97_3,1998,62.9444
rou,sex_f,age_aggregate_y25_54,edu_isced97_3,1999,63.1267
rou,sex_f,age_aggregate_y25_54,edu_isced97_3,2000,63.2955
rou,sex_f,age_aggregate_y25_54,edu_isced97_3,2001,63.7399
rou,sex_f,age_aggregate_y25_54,edu_isced97_3,2002,58.4708
rou,sex_f,age_aggregate_y25_54,edu_isced97_3,2003,58.2889
rou,sex_f,age_aggregate_y25_54,edu_isced97_3,2004,59.1661
rou,sex_f,age_aggregate_y25_54,edu_isced97_3,2005,59.7483
rou,sex_f,age_aggregate_y25_54,edu_isced97_3,2006,60.4789
rou,sex_f,age_aggregate_y25_54,edu_isced97_3,2007,60.2629
rou,sex_f,age_aggregate_y25_54,edu_isced97_3,2008,58.6863
rou,sex_f,age_aggregate_y25_54,edu_isced97_3,2009,56.6182
rou,sex_f,age_aggregate_y25_54,edu_isced97_3,2010,55.8378
rou,sex_f,age_aggregate_y25_54,edu_isced97_3,2011,55.3702
rou,sex_f,age_aggregate_y25_54,edu_isced97_3,2012,54.9111
rou,sex_f,age_aggregate_y25_54,edu_isced97_3,2013,54.2202
rou,sex_f,age_aggregate_y25_54,edu_isced97_4,2002,5.9663
rou,sex_f,age_aggregate_y25_54,edu_isced97_4,2003,5.0298
rou,sex_f,age_aggregate_y25_54,edu_isced97_4,2004,5.7455
rou,sex_f,age_aggregate_y25_54,edu_isced97_4,2005,5.4891
rou,sex_f,age_aggregate_y25_54,edu_isced97_4,2006,5.5548
rou,sex_f,age_aggregate_y25_54,edu_isced97_4,2007,5.4494
rou,sex_f,age_aggregate_y25_54,edu_isced97_4,2008,5.3404
rou,sex_f,age_aggregate_y25_54,edu_isced97_4,2009,5.3458
rou,sex_f,age_aggregate_y25_54,edu_isced97_4,2010,5.2513
rou,sex_f,age_aggregate_y25_54,edu_isced97_4,2011,5.107
rou,sex_f,age_aggregate_y25_54,edu_isced97_4,2012,5.0038
rou,sex_f,age_aggregate_y25_54,edu_isced97_4,2013,4.9054
rou,sex_f,age_aggregate_y25_54,edu_isced97_5,1998,10.8217
rou,sex_f,age_aggregate_y25_54,edu_isced97_5,1999,10.7052
rou,sex_f,age_aggregate_y25_54,edu_isced97_5,2000,11.0088
rou,sex_f,age_aggregate_y25_54,edu_isced97_5,2001,12.2192
rou,sex_f,age_aggregate_y25_54,edu_isced97_5,2002,13.3056
rou,sex_f,age_aggregate_y25_54,edu_isced97_5,2003,13.0338
rou,sex_f,age_aggregate_y25_54,edu_isced97_5,2004,14.2984
rou,sex_f,age_aggregate_y25_54,edu_isced97_5,2005,15.6284
rou,sex_f,age_aggregate_y25_54,edu_isced97_5,2006,16.341
rou,sex_f,age_aggregate_y25_54,edu_isced97_5,2007,16.9571
rou,sex_f,age_aggregate_y25_54,edu_isced97_5,2008,18.9044
rou,sex_f,age_aggregate_y25_54,edu_isced97_5,2009,20.4012
rou,sex_f,age_aggregate_y25_54,edu_isced97_5,2010,20.7141
rou,sex_f,age_aggregate_y25_54,edu_isced97_5,2011,22.5246
rou,sex_f,age_aggregate_y25_54,edu_isced97_5,2012,23.4326
rou,sex_f,age_aggregate_y25_54,edu_isced97_5,2013,24.5188
rou,sex_f,age_aggregate_y25_54,edu_isced97_6,2002,0.0847
rou,sex_f,age_aggregate_y25_54,edu_isced97_6,2004,0.1536
rou,sex_f,age_aggregate_y25_54,edu_isced97_6,2006,0.112
rou,sex_f,age_aggregate_y25_54,edu_isced97_6,2007,0.1057
rou,sex_f,age_aggregate_y25_54,edu_isced97_6,2008,0.1074
rou,sex_f,age_aggregate_y25_54,edu_isced97_6,2009,0.1097
rou,sex_f,age_aggregate_y25_54,edu_isced97_6,2011,0.0515
rou,sex_f,age_aggregate_y25_54,edu_isced97_6,2012,0.0961
rou,sex_f,age_aggregate_y25_54,edu_isced97_6,2013,0.1363
rou,sex_f,age_aggregate_y25_54,edu_isced97_total,1998,100
rou,sex_f,age_aggregate_y25_54,edu_isced97_total,1999,100
rou,sex_f,age_aggregate_y25_54,edu_isced97_total,2000,100
rou,sex_f,age_aggregate_y25_54,edu_isced97_total,2001,100
rou,sex_f,age_aggregate_y25_54,edu_isced97_total,2002,100
rou,sex_f,age_aggregate_y25_54,edu_isced97_total,2003,100
rou,sex_f,age_aggregate_y25_54,edu_isced97_total,2004,100
rou,sex_f,age_aggregate_y25_54,edu_isced97_total,2005,100
rou,sex_f,age_aggregate_y25_54,edu_isced97_total,2006,100
rou,sex_f,age_aggregate_y25_54,edu_isced97_total,2007,100
rou,sex_f,age_aggregate_y25_54,edu_isced97_total,2008,100
rou,sex_f,age_aggregate_y25_54,edu_isced97_total,2009,100
rou,sex_f,age_aggregate_y25_54,edu_isced97_total,2010,100
rou,sex_f,age_aggregate_y25_54,edu_isced97_total,2011,100
rou,sex_f,age_aggregate_y25_54,edu_isced97_total,2012,100
rou,sex_f,age_aggregate_y25_54,edu_isced97_total,2013,100
rou,sex_f,age_aggregate_y55_64,edu_aggregate_adv,1997,5.1398
rou,sex_f,age_aggregate_y55_64,edu_aggregate_adv,1998,3.381
rou,sex_f,age_aggregate_y55_64,edu_aggregate_adv,1999,2.9791
rou,sex_f,age_aggregate_y55_64,edu_aggregate_adv,2000,4.0832
rou,sex_f,age_aggregate_y55_64,edu_aggregate_adv,2001,3.5243
rou,sex_f,age_aggregate_y55_64,edu_aggregate_adv,2002,3.4763
rou,sex_f,age_aggregate_y55_64,edu_aggregate_adv,2003,4.4771
rou,sex_f,age_aggregate_y55_64,edu_aggregate_adv,2004,6.9553
rou,sex_f,age_aggregate_y55_64,edu_aggregate_adv,2005,8.6131
rou,sex_f,age_aggregate_y55_64,edu_aggregate_adv,2006,11.0537
rou,sex_f,age_aggregate_y55_64,edu_aggregate_adv,2007,9.9154
rou,sex_f,age_aggregate_y55_64,edu_aggregate_adv,2008,9.6416
rou,sex_f,age_aggregate_y55_64,edu_aggregate_adv,2009,8.9327
rou,sex_f,age_aggregate_y55_64,edu_aggregate_adv,2010,9.6737
rou,sex_f,age_aggregate_y55_64,edu_aggregate_adv,2011,11.2298
rou,sex_f,age_aggregate_y55_64,edu_aggregate_adv,2012,11.3052
rou,sex_f,age_aggregate_y55_64,edu_aggregate_adv,2013,11.5137
rou,sex_f,age_aggregate_y55_64,edu_aggregate_adv,2014,11.1917
rou,sex_f,age_aggregate_y55_64,edu_aggregate_adv,2015,13.5836
rou,sex_f,age_aggregate_y55_64,edu_aggregate_adv,2016,14.5123
rou,sex_f,age_aggregate_y55_64,edu_aggregate_adv,2017,14.7089
rou,sex_f,age_aggregate_y55_64,edu_aggregate_adv,2018,14.7913
rou,sex_f,age_aggregate_y55_64,edu_aggregate_adv,2019,14.7617
rou,sex_f,age_aggregate_y55_64,edu_aggregate_bas,1997,87.4845
rou,sex_f,age_aggregate_y55_64,edu_aggregate_bas,1998,86.7529
rou,sex_f,age_aggregate_y55_64,edu_aggregate_bas,1999,89.7216
rou,sex_f,age_aggregate_y55_64,edu_aggregate_bas,2000,88.2774
rou,sex_f,age_aggregate_y55_64,edu_aggregate_bas,2001,82.9562
rou,sex_f,age_aggregate_y55_64,edu_aggregate_bas,2002,81.7774
rou,sex_f,age_aggregate_y55_64,edu_aggregate_bas,2003,81.1542
rou,sex_f,age_aggregate_y55_64,edu_aggregate_bas,2004,72.8772
rou,sex_f,age_aggregate_y55_64,edu_aggregate_bas,2005,69.2506
rou,sex_f,age_aggregate_y55_64,edu_aggregate_bas,2006,62.1284
rou,sex_f,age_aggregate_y55_64,edu_aggregate_bas,2007,61.9399
rou,sex_f,age_aggregate_y55_64,edu_aggregate_bas,2008,59.8576
rou,sex_f,age_aggregate_y55_64,edu_aggregate_bas,2009,59.1407
rou,sex_f,age_aggregate_y55_64,edu_aggregate_bas,2010,56.9318
rou,sex_f,age_aggregate_y55_64,edu_aggregate_bas,2011,53.7432
rou,sex_f,age_aggregate_y55_64,edu_aggregate_bas,2012,51.1287
rou,sex_f,age_aggregate_y55_64,edu_aggregate_bas,2013,47.9735
rou,sex_f,age_aggregate_y55_64,edu_aggregate_bas,2014,47.4226
rou,sex_f,age_aggregate_y55_64,edu_aggregate_bas,2015,38.8876
rou,sex_f,age_aggregate_y55_64,edu_aggregate_bas,2016,32.2826
rou,sex_f,age_aggregate_y55_64,edu_aggregate_bas,2017,27.4303
rou,sex_f,age_aggregate_y55_64,edu_aggregate_bas,2018,25.6376
rou,sex_f,age_aggregate_y55_64,edu_aggregate_bas,2019,23.8874
rou,sex_f,age_aggregate_y55_64,edu_aggregate_int,1997,7.3758
rou,sex_f,age_aggregate_y55_64,edu_aggregate_int,1998,9.8661
rou,sex_f,age_aggregate_y55_64,edu_aggregate_int,1999,7.2993
rou,sex_f,age_aggregate_y55_64,edu_aggregate_int,2000,7.6394
rou,sex_f,age_aggregate_y55_64,edu_aggregate_int,2001,9.9435
rou,sex_f,age_aggregate_y55_64,edu_aggregate_int,2002,10.2426
rou,sex_f,age_aggregate_y55_64,edu_aggregate_int,2003,11.269
rou,sex_f,age_aggregate_y55_64,edu_aggregate_int,2004,17.5505
rou,sex_f,age_aggregate_y55_64,edu_aggregate_int,2005,20.4613
rou,sex_f,age_aggregate_y55_64,edu_aggregate_int,2006,25.6024
rou,sex_f,age_aggregate_y55_64,edu_aggregate_int,2007,26.8706
rou,sex_f,age_aggregate_y55_64,edu_aggregate_int,2008,29.3529
rou,sex_f,age_aggregate_y55_64,edu_aggregate_int,2009,31.0926
rou,sex_f,age_aggregate_y55_64,edu_aggregate_int,2010,32.7281
rou,sex_f,age_aggregate_y55_64,edu_aggregate_int,2011,34.6335
rou,sex_f,age_aggregate_y55_64,edu_aggregate_int,2012,37.2297
rou,sex_f,age_aggregate_y55_64,edu_aggregate_int,2013,39.9832
rou,sex_f,age_aggregate_y55_64,edu_aggregate_int,2014,40.7502
rou,sex_f,age_aggregate_y55_64,edu_aggregate_int,2015,46.9654
rou,sex_f,age_aggregate_y55_64,edu_aggregate_int,2016,52.8131
rou,sex_f,age_aggregate_y55_64,edu_aggregate_int,2017,57.3536
rou,sex_f,age_aggregate_y55_64,edu_aggregate_int,2018,59.1753
rou,sex_f,age_aggregate_y55_64,edu_aggregate_int,2019,61.0622
rou,sex_f,age_aggregate_y55_64,edu_aggregate_ltb,2001,3.576
rou,sex_f,age_aggregate_y55_64,edu_aggregate_ltb,2002,4.5036
rou,sex_f,age_aggregate_y55_64,edu_aggregate_ltb,2003,3.0997
rou,sex_f,age_aggregate_y55_64,edu_aggregate_ltb,2004,2.617
rou,sex_f,age_aggregate_y55_64,edu_aggregate_ltb,2005,1.675
rou,sex_f,age_aggregate_y55_64,edu_aggregate_total,1997,100
rou,sex_f,age_aggregate_y55_64,edu_aggregate_total,1998,100
rou,sex_f,age_aggregate_y55_64,edu_aggregate_total,1999,100
rou,sex_f,age_aggregate_y55_64,edu_aggregate_total,2000,100
rou,sex_f,age_aggregate_y55_64,edu_aggregate_total,2001,100
rou,sex_f,age_aggregate_y55_64,edu_aggregate_total,2002,100
rou,sex_f,age_aggregate_y55_64,edu_aggregate_total,2003,100
rou,sex_f,age_aggregate_y55_64,edu_aggregate_total,2004,100
rou,sex_f,age_aggregate_y55_64,edu_aggregate_total,2005,100
rou,sex_f,age_aggregate_y55_64,edu_aggregate_total,2006,100
rou,sex_f,age_aggregate_y55_64,edu_aggregate_total,2007,100
rou,sex_f,age_aggregate_y55_64,edu_aggregate_total,2008,100
rou,sex_f,age_aggregate_y55_64,edu_aggregate_total,2009,100
rou,sex_f,age_aggregate_y55_64,edu_aggregate_total,2010,100
rou,sex_f,age_aggregate_y55_64,edu_aggregate_total,2011,100
rou,sex_f,age_aggregate_y55_64,edu_aggregate_total,2012,100
rou,sex_f,age_aggregate_y55_64,edu_aggregate_total,2013,100
rou,sex_f,age_aggregate_y55_64,edu_aggregate_total,2014,100
rou,sex_f,age_aggregate_y55_64,edu_aggregate_total,2015,100
rou,sex_f,age_aggregate_y55_64,edu_aggregate_total,2016,100
rou,sex_f,age_aggregate_y55_64,edu_aggregate_total,2017,100
rou,sex_f,age_aggregate_y55_64,edu_aggregate_total,2018,100
rou,sex_f,age_aggregate_y55_64,edu_aggregate_total,2019,100
rou,sex_f,age_aggregate_y55_64,edu_isced11_0,2015,0.5634
rou,sex_f,age_aggregate_y55_64,edu_isced11_0,2016,0.3921
rou,sex_f,age_aggregate_y55_64,edu_isced11_0,2017,0.5073
rou,sex_f,age_aggregate_y55_64,edu_isced11_1,2014,6.0608
rou,sex_f,age_aggregate_y55_64,edu_isced11_1,2015,5.6158
rou,sex_f,age_aggregate_y55_64,edu_isced11_1,2016,4.25
rou,sex_f,age_aggregate_y55_64,edu_isced11_1,2017,2.8741
rou,sex_f,age_aggregate_y55_64,edu_isced11_1,2018,3.0043
rou,sex_f,age_aggregate_y55_64,edu_isced11_1,2019,3.1467
rou,sex_f,age_aggregate_y55_64,edu_isced11_2,2014,41.3619
rou,sex_f,age_aggregate_y55_64,edu_isced11_2,2015,33.2719
rou,sex_f,age_aggregate_y55_64,edu_isced11_2,2016,28.0326
rou,sex_f,age_aggregate_y55_64,edu_isced11_2,2017,24.5562
rou,sex_f,age_aggregate_y55_64,edu_isced11_2,2018,22.6333
rou,sex_f,age_aggregate_y55_64,edu_isced11_2,2019,20.7407
rou,sex_f,age_aggregate_y55_64,edu_isced11_3,2014,36.9555
rou,sex_f,age_aggregate_y55_64,edu_isced11_3,2015,43.3026
rou,sex_f,age_aggregate_y55_64,edu_isced11_3,2016,49.3291
rou,sex_f,age_aggregate_y55_64,edu_isced11_3,2017,54.2069
rou,sex_f,age_aggregate_y55_64,edu_isced11_3,2018,55.9423
rou,sex_f,age_aggregate_y55_64,edu_isced11_3,2019,57.6271
rou,sex_f,age_aggregate_y55_64,edu_isced11_4,2014,3.7948
rou,sex_f,age_aggregate_y55_64,edu_isced11_4,2015,3.6627
rou,sex_f,age_aggregate_y55_64,edu_isced11_4,2016,3.4839
rou,sex_f,age_aggregate_y55_64,edu_isced11_4,2017,3.1467
rou,sex_f,age_aggregate_y55_64,edu_isced11_4,2018,3.233
rou,sex_f,age_aggregate_y55_64,edu_isced11_4,2019,3.4351
rou,sex_f,age_aggregate_y55_64,edu_isced11_5,2015,0.438
rou,sex_f,age_aggregate_y55_64,edu_isced11_5,2016,0.4781
rou,sex_f,age_aggregate_y55_64,edu_isced11_5,2017,0.4024
rou,sex_f,age_aggregate_y55_64,edu_isced11_6,2014,1.8069
rou,sex_f,age_aggregate_y55_64,edu_isced11_6,2015,0.6542
rou,sex_f,age_aggregate_y55_64,edu_isced11_6,2016,0.4838
rou,sex_f,age_aggregate_y55_64,edu_isced11_6,2017,1.0679
rou,sex_f,age_aggregate_y55_64,edu_isced11_7,2014,8.7068
rou,sex_f,age_aggregate_y55_64,edu_isced11_7,2015,12.3773
rou,sex_f,age_aggregate_y55_64,edu_isced11_7,2016,13.4407
rou,sex_f,age_aggregate_y55_64,edu_isced11_7,2017,13.0038
rou,sex_f,age_aggregate_y55_64,edu_isced11_7,2018,13.3975
rou,sex_f,age_aggregate_y55_64,edu_isced11_7,2019,13.3058
rou,sex_f,age_aggregate_y55_64,edu_isced11_8,2015,0.1141
rou,sex_f,age_aggregate_y55_64,edu_isced11_8,2016,0.1096
rou,sex_f,age_aggregate_y55_64,edu_isced11_8,2017,0.2348
rou,sex_f,age_aggregate_y55_64,edu_isced11_total,2014,100
rou,sex_f,age_aggregate_y55_64,edu_isced11_total,2015,100
rou,sex_f,age_aggregate_y55_64,edu_isced11_total,2016,100
rou,sex_f,age_aggregate_y55_64,edu_isced11_total,2017,100
rou,sex_f,age_aggregate_y55_64,edu_isced11_total,2018,100
rou,sex_f,age_aggregate_y55_64,edu_isced11_total,2019,100
rou,sex_f,age_aggregate_y55_64,edu_isced97_0,2001,3.576
rou,sex_f,age_aggregate_y55_64,edu_isced97_0,2002,4.5036
rou,sex_f,age_aggregate_y55_64,edu_isced97_0,2003,3.0997
rou,sex_f,age_aggregate_y55_64,edu_isced97_0,2004,2.617
rou,sex_f,age_aggregate_y55_64,edu_isced97_0,2005,1.675
rou,sex_f,age_aggregate_y55_64,edu_isced97_0,2006,1.2156
rou,sex_f,age_aggregate_y55_64,edu_isced97_0,2007,1.2741
rou,sex_f,age_aggregate_y55_64,edu_isced97_0,2008,1.1479
rou,sex_f,age_aggregate_y55_64,edu_isced97_0,2009,0.834
rou,sex_f,age_aggregate_y55_64,edu_isced97_0,2011,0.3934
rou,sex_f,age_aggregate_y55_64,edu_isced97_0,2012,0.3364
rou,sex_f,age_aggregate_y55_64,edu_isced97_0,2013,0.5297
rou,sex_f,age_aggregate_y55_64,edu_isced97_1,1998,57.9731
rou,sex_f,age_aggregate_y55_64,edu_isced97_1,1999,59.0905
rou,sex_f,age_aggregate_y55_64,edu_isced97_1,2000,54.3384
rou,sex_f,age_aggregate_y55_64,edu_isced97_1,2001,46.8033
rou,sex_f,age_aggregate_y55_64,edu_isced97_1,2002,46.186
rou,sex_f,age_aggregate_y55_64,edu_isced97_1,2003,41.8314
rou,sex_f,age_aggregate_y55_64,edu_isced97_1,2004,35.1264
rou,sex_f,age_aggregate_y55_64,edu_isced97_1,2005,30.8898
rou,sex_f,age_aggregate_y55_64,edu_isced97_1,2006,24.0554
rou,sex_f,age_aggregate_y55_64,edu_isced97_1,2007,21.3791
rou,sex_f,age_aggregate_y55_64,edu_isced97_1,2008,16.6099
rou,sex_f,age_aggregate_y55_64,edu_isced97_1,2009,13.8862
rou,sex_f,age_aggregate_y55_64,edu_isced97_1,2010,12.6044
rou,sex_f,age_aggregate_y55_64,edu_isced97_1,2011,9.9212
rou,sex_f,age_aggregate_y55_64,edu_isced97_1,2012,8.1899
rou,sex_f,age_aggregate_y55_64,edu_isced97_1,2013,7.1676
rou,sex_f,age_aggregate_y55_64,edu_isced97_2,1998,28.7798
rou,sex_f,age_aggregate_y55_64,edu_isced97_2,1999,30.6311
rou,sex_f,age_aggregate_y55_64,edu_isced97_2,2000,33.939
rou,sex_f,age_aggregate_y55_64,edu_isced97_2,2001,36.1529
rou,sex_f,age_aggregate_y55_64,edu_isced97_2,2002,35.5915
rou,sex_f,age_aggregate_y55_64,edu_isced97_2,2003,39.3228
rou,sex_f,age_aggregate_y55_64,edu_isced97_2,2004,37.7508
rou,sex_f,age_aggregate_y55_64,edu_isced97_2,2005,38.3608
rou,sex_f,age_aggregate_y55_64,edu_isced97_2,2006,38.073
rou,sex_f,age_aggregate_y55_64,edu_isced97_2,2007,40.5608
rou,sex_f,age_aggregate_y55_64,edu_isced97_2,2008,43.2476
rou,sex_f,age_aggregate_y55_64,edu_isced97_2,2009,45.2545
rou,sex_f,age_aggregate_y55_64,edu_isced97_2,2010,44.3273
rou,sex_f,age_aggregate_y55_64,edu_isced97_2,2011,43.822
rou,sex_f,age_aggregate_y55_64,edu_isced97_2,2012,42.9388
rou,sex_f,age_aggregate_y55_64,edu_isced97_2,2013,40.8059
rou,sex_f,age_aggregate_y55_64,edu_isced97_3,1998,9.8661
rou,sex_f,age_aggregate_y55_64,edu_isced97_3,1999,7.2993
rou,sex_f,age_aggregate_y55_64,edu_isced97_3,2000,7.6394
rou,sex_f,age_aggregate_y55_64,edu_isced97_3,2001,9.9435
rou,sex_f,age_aggregate_y55_64,edu_isced97_3,2002,7.9474
rou,sex_f,age_aggregate_y55_64,edu_isced97_3,2003,8.9498
rou,sex_f,age_aggregate_y55_64,edu_isced97_3,2004,12.7856
rou,sex_f,age_aggregate_y55_64,edu_isced97_3,2005,15.9862
rou,sex_f,age_aggregate_y55_64,edu_isced97_3,2006,20.151
rou,sex_f,age_aggregate_y55_64,edu_isced97_3,2007,22.6362
rou,sex_f,age_aggregate_y55_64,edu_isced97_3,2008,25.1006
rou,sex_f,age_aggregate_y55_64,edu_isced97_3,2009,26.7656
rou,sex_f,age_aggregate_y55_64,edu_isced97_3,2010,28.4768
rou,sex_f,age_aggregate_y55_64,edu_isced97_3,2011,29.9434
rou,sex_f,age_aggregate_y55_64,edu_isced97_3,2012,33.3229
rou,sex_f,age_aggregate_y55_64,edu_isced97_3,2013,36.2025
rou,sex_f,age_aggregate_y55_64,edu_isced97_4,2002,2.2952
rou,sex_f,age_aggregate_y55_64,edu_isced97_4,2003,2.3192
rou,sex_f,age_aggregate_y55_64,edu_isced97_4,2004,4.7649
rou,sex_f,age_aggregate_y55_64,edu_isced97_4,2005,4.4751
rou,sex_f,age_aggregate_y55_64,edu_isced97_4,2006,5.4513
rou,sex_f,age_aggregate_y55_64,edu_isced97_4,2007,4.2344
rou,sex_f,age_aggregate_y55_64,edu_isced97_4,2008,4.2523
rou,sex_f,age_aggregate_y55_64,edu_isced97_4,2009,4.3271
rou,sex_f,age_aggregate_y55_64,edu_isced97_4,2010,4.2513
rou,sex_f,age_aggregate_y55_64,edu_isced97_4,2011,4.6902
rou,sex_f,age_aggregate_y55_64,edu_isced97_4,2012,3.9068
rou,sex_f,age_aggregate_y55_64,edu_isced97_4,2013,3.7806
rou,sex_f,age_aggregate_y55_64,edu_isced97_5,1998,3.381
rou,sex_f,age_aggregate_y55_64,edu_isced97_5,1999,2.9791
rou,sex_f,age_aggregate_y55_64,edu_isced97_5,2000,4.0832
rou,sex_f,age_aggregate_y55_64,edu_isced97_5,2001,3.5243
rou,sex_f,age_aggregate_y55_64,edu_isced97_5,2002,3.4763
rou,sex_f,age_aggregate_y55_64,edu_isced97_5,2003,4.3373
rou,sex_f,age_aggregate_y55_64,edu_isced97_5,2004,6.7355
rou,sex_f,age_aggregate_y55_64,edu_isced97_5,2005,8.4126
rou,sex_f,age_aggregate_y55_64,edu_isced97_5,2006,10.9097
rou,sex_f,age_aggregate_y55_64,edu_isced97_5,2007,9.7453
rou,sex_f,age_aggregate_y55_64,edu_isced97_5,2008,9.4141
rou,sex_f,age_aggregate_y55_64,edu_isced97_5,2009,8.7729
rou,sex_f,age_aggregate_y55_64,edu_isced97_5,2010,9.6598
rou,sex_f,age_aggregate_y55_64,edu_isced97_5,2011,11.1889
rou,sex_f,age_aggregate_y55_64,edu_isced97_5,2012,11.2301
rou,sex_f,age_aggregate_y55_64,edu_isced97_5,2013,11.4156
rou,sex_f,age_aggregate_y55_64,edu_isced97_6,2006,0.144
rou,sex_f,age_aggregate_y55_64,edu_isced97_6,2007,0.1702
rou,sex_f,age_aggregate_y55_64,edu_isced97_6,2008,0.2275
rou,sex_f,age_aggregate_y55_64,edu_isced97_6,2009,0.1598
rou,sex_f,age_aggregate_y55_64,edu_isced97_6,2012,0.0751
rou,sex_f,age_aggregate_y55_64,edu_isced97_6,2013,0.0981
rou,sex_f,age_aggregate_y55_64,edu_isced97_total,1998,100
rou,sex_f,age_aggregate_y55_64,edu_isced97_total,1999,100
rou,sex_f,age_aggregate_y55_64,edu_isced97_total,2000,100
rou,sex_f,age_aggregate_y55_64,edu_isced97_total,2001,100
rou,sex_f,age_aggregate_y55_64,edu_isced97_total,2002,100
rou,sex_f,age_aggregate_y55_64,edu_isced97_total,2003,100
rou,sex_f,age_aggregate_y55_64,edu_isced97_total,2004,100
rou,sex_f,age_aggregate_y55_64,edu_isced97_total,2005,100
rou,sex_f,age_aggregate_y55_64,edu_isced97_total,2006,100
rou,sex_f,age_aggregate_y55_64,edu_isced97_total,2007,100
rou,sex_f,age_aggregate_y55_64,edu_isced97_total,2008,100
rou,sex_f,age_aggregate_y55_64,edu_isced97_total,2009,100
rou,sex_f,age_aggregate_y55_64,edu_isced97_total,2010,100
rou,sex_f,age_aggregate_y55_64,edu_isced97_total,2011,100
rou,sex_f,age_aggregate_y55_64,edu_isced97_total,2012,100
rou,sex_f,age_aggregate_y55_64,edu_isced97_total,2013,100
rou,sex_f,age_aggregate_yge65,edu_aggregate_adv,2000,0.4337
rou,sex_f,age_aggregate_yge65,edu_aggregate_bas,1998,98.2018
rou,sex_f,age_aggregate_yge65,edu_aggregate_bas,1999,97.9565
rou,sex_f,age_aggregate_yge65,edu_aggregate_bas,2000,97.7246
rou,sex_f,age_aggregate_yge65,edu_aggregate_bas,2001,86.9267
rou,sex_f,age_aggregate_yge65,edu_aggregate_bas,2002,84.6292
rou,sex_f,age_aggregate_yge65,edu_aggregate_bas,2003,85.4958
rou,sex_f,age_aggregate_yge65,edu_aggregate_bas,2004,85.3691
rou,sex_f,age_aggregate_yge65,edu_aggregate_bas,2005,87.085
rou,sex_f,age_aggregate_yge65,edu_aggregate_bas,2006,87.0996
rou,sex_f,age_aggregate_yge65,edu_aggregate_bas,2007,88.542
rou,sex_f,age_aggregate_yge65,edu_aggregate_bas,2008,89.4126
rou,sex_f,age_aggregate_yge65,edu_aggregate_bas,2009,91.3075
rou,sex_f,age_aggregate_yge65,edu_aggregate_bas,2010,91.646
rou,sex_f,age_aggregate_yge65,edu_aggregate_bas,2011,91.8711
rou,sex_f,age_aggregate_yge65,edu_aggregate_bas,2012,90.5648
rou,sex_f,age_aggregate_yge65,edu_aggregate_bas,2013,90.5244
rou,sex_f,age_aggregate_yge65,edu_aggregate_bas,2014,89.9714
rou,sex_f,age_aggregate_yge65,edu_aggregate_bas,2015,88.4343
rou,sex_f,age_aggregate_yge65,edu_aggregate_bas,2016,84.1396
rou,sex_f,age_aggregate_yge65,edu_aggregate_bas,2017,79.2518
rou,sex_f,age_aggregate_yge65,edu_aggregate_bas,2018,76.8144
rou,sex_f,age_aggregate_yge65,edu_aggregate_bas,2019,73.0632
rou,sex_f,age_aggregate_yge65,edu_aggregate_int,1998,1.5835
rou,sex_f,age_aggregate_yge65,edu_aggregate_int,1999,1.7263
rou,sex_f,age_aggregate_yge65,edu_aggregate_int,2000,1.8417
rou,sex_f,age_aggregate_yge65,edu_aggregate_int,2001,1.5272
rou,sex_f,age_aggregate_yge65,edu_aggregate_int,2002,1.9606
rou,sex_f,age_aggregate_yge65,edu_aggregate_int,2003,2.9392
rou,sex_f,age_aggregate_yge65,edu_aggregate_int,2004,3.7051
rou,sex_f,age_aggregate_yge65,edu_aggregate_int,2005,2.7748
rou,sex_f,age_aggregate_yge65,edu_aggregate_int,2006,3.7492
rou,sex_f,age_aggregate_yge65,edu_aggregate_int,2007,3.8809
rou,sex_f,age_aggregate_yge65,edu_aggregate_int,2008,4.0496
rou,sex_f,age_aggregate_yge65,edu_aggregate_int,2009,3.5383
rou,sex_f,age_aggregate_yge65,edu_aggregate_int,2010,3.1856
rou,sex_f,age_aggregate_yge65,edu_aggregate_int,2011,3.5281
rou,sex_f,age_aggregate_yge65,edu_aggregate_int,2012,5.648
rou,sex_f,age_aggregate_yge65,edu_aggregate_int,2013,6.3923
rou,sex_f,age_aggregate_yge65,edu_aggregate_int,2014,7.1318
rou,sex_f,age_aggregate_yge65,edu_aggregate_int,2015,8.7227
rou,sex_f,age_aggregate_yge65,edu_aggregate_int,2016,12.3977
rou,sex_f,age_aggregate_yge65,edu_aggregate_int,2017,17.7168
rou,sex_f,age_aggregate_yge65,edu_aggregate_int,2018,20.1565
rou,sex_f,age_aggregate_yge65,edu_aggregate_int,2019,23.2301
rou,sex_f,age_aggregate_yge65,edu_aggregate_ltb,2001,11.38
rou,sex_f,age_aggregate_yge65,edu_aggregate_ltb,2002,13.185
rou,sex_f,age_aggregate_yge65,edu_aggregate_ltb,2003,10.9502
rou,sex_f,age_aggregate_yge65,edu_aggregate_ltb,2004,10.5651
rou,sex_f,age_aggregate_yge65,edu_aggregate_ltb,2005,9.2953
rou,sex_f,age_aggregate_yge65,edu_aggregate_ltb,2006,8.098
rou,sex_f,age_aggregate_yge65,edu_aggregate_ltb,2007,6.927
rou,sex_f,age_aggregate_yge65,edu_aggregate_ltb,2008,5.6549
rou,sex_f,age_aggregate_yge65,edu_aggregate_ltb,2009,4.3672
rou,sex_f,age_aggregate_yge65,edu_aggregate_ltb,2010,4.4597
rou,sex_f,age_aggregate_yge65,edu_aggregate_ltb,2011,3.7926
rou,sex_f,age_aggregate_yge65,edu_aggregate_total,1998,100
rou,sex_f,age_aggregate_yge65,edu_aggregate_total,1999,100
rou,sex_f,age_aggregate_yge65,edu_aggregate_total,2000,100
rou,sex_f,age_aggregate_yge65,edu_aggregate_total,2001,100
rou,sex_f,age_aggregate_yge65,edu_aggregate_total,2002,100
rou,sex_f,age_aggregate_yge65,edu_aggregate_total,2003,100
rou,sex_f,age_aggregate_yge65,edu_aggregate_total,2004,100
rou,sex_f,age_aggregate_yge65,edu_aggregate_total,2005,100
rou,sex_f,age_aggregate_yge65,edu_aggregate_total,2006,100
rou,sex_f,age_aggregate_yge65,edu_aggregate_total,2007,100
rou,sex_f,age_aggregate_yge65,edu_aggregate_total,2008,100
rou,sex_f,age_aggregate_yge65,edu_aggregate_total,2009,100
rou,sex_f,age_aggregate_yge65,edu_aggregate_total,2010,100
rou,sex_f,age_aggregate_yge65,edu_aggregate_total,2011,100
rou,sex_f,age_aggregate_yge65,edu_aggregate_total,2012,100
rou,sex_f,age_aggregate_yge65,edu_aggregate_total,2013,100
rou,sex_f,age_aggregate_yge65,edu_aggregate_total,2014,100
rou,sex_f,age_aggregate_yge65,edu_aggregate_total,2015,100
rou,sex_f,age_aggregate_yge65,edu_aggregate_total,2016,100
rou,sex_f,age_aggregate_yge65,edu_aggregate_total,2017,100
rou,sex_f,age_aggregate_yge65,edu_aggregate_total,2018,100
rou,sex_f,age_aggregate_yge65,edu_aggregate_total,2019,100
rou,sex_f,age_aggregate_yge65,edu_isced11_0,2015,0.8934
rou,sex_f,age_aggregate_yge65,edu_isced11_0,2016,0.6888
rou,sex_f,age_aggregate_yge65,edu_isced11_0,2017,0.5072
rou,sex_f,age_aggregate_yge65,edu_isced11_1,2014,39.5191
rou,sex_f,age_aggregate_yge65,edu_isced11_1,2015,35.3246
rou,sex_f,age_aggregate_yge65,edu_isced11_1,2016,29.7937
rou,sex_f,age_aggregate_yge65,edu_isced11_1,2017,23.9385
rou,sex_f,age_aggregate_yge65,edu_isced11_1,2018,23.0381
rou,sex_f,age_aggregate_yge65,edu_isced11_1,2019,20.3615
rou,sex_f,age_aggregate_yge65,edu_isced11_2,2014,50.4523
rou,sex_f,age_aggregate_yge65,edu_isced11_2,2015,53.1097
rou,sex_f,age_aggregate_yge65,edu_isced11_2,2016,54.3459
rou,sex_f,age_aggregate_yge65,edu_isced11_2,2017,55.3133
rou,sex_f,age_aggregate_yge65,edu_isced11_2,2018,53.7764
rou,sex_f,age_aggregate_yge65,edu_isced11_2,2019,52.7017
rou,sex_f,age_aggregate_yge65,edu_isced11_3,2014,6.4851
rou,sex_f,age_aggregate_yge65,edu_isced11_3,2015,7.7917
rou,sex_f,age_aggregate_yge65,edu_isced11_3,2016,11.6883
rou,sex_f,age_aggregate_yge65,edu_isced11_3,2017,16.8158
rou,sex_f,age_aggregate_yge65,edu_isced11_3,2018,18.7585
rou,sex_f,age_aggregate_yge65,edu_isced11_3,2019,21.8839
rou,sex_f,age_aggregate_yge65,edu_isced11_4,2015,0.931
rou,sex_f,age_aggregate_yge65,edu_isced11_4,2016,0.7094
rou,sex_f,age_aggregate_yge65,edu_isced11_4,2017,0.9011
rou,sex_f,age_aggregate_yge65,edu_isced11_5,2016,0.4485
rou,sex_f,age_aggregate_yge65,edu_isced11_5,2017,0.2767
rou,sex_f,age_aggregate_yge65,edu_isced11_7,2015,1.7126
rou,sex_f,age_aggregate_yge65,edu_isced11_7,2016,2.0166
rou,sex_f,age_aggregate_yge65,edu_isced11_7,2017,2.1975
rou,sex_f,age_aggregate_yge65,edu_isced11_total,2014,100
rou,sex_f,age_aggregate_yge65,edu_isced11_total,2015,100
rou,sex_f,age_aggregate_yge65,edu_isced11_total,2016,100
rou,sex_f,age_aggregate_yge65,edu_isced11_total,2017,100
rou,sex_f,age_aggregate_yge65,edu_isced11_total,2018,100
rou,sex_f,age_aggregate_yge65,edu_isced11_total,2019,100
rou,sex_f,age_aggregate_yge65,edu_isced97_0,2001,11.38
rou,sex_f,age_aggregate_yge65,edu_isced97_0,2002,13.185
rou,sex_f,age_aggregate_yge65,edu_isced97_0,2003,10.9502
rou,sex_f,age_aggregate_yge65,edu_isced97_0,2004,10.5651
rou,sex_f,age_aggregate_yge65,edu_isced97_0,2005,9.2953
rou,sex_f,age_aggregate_yge65,edu_isced97_0,2006,8.098
rou,sex_f,age_aggregate_yge65,edu_isced97_0,2007,6.927
rou,sex_f,age_aggregate_yge65,edu_isced97_0,2008,5.6549
rou,sex_f,age_aggregate_yge65,edu_isced97_0,2009,4.3672
rou,sex_f,age_aggregate_yge65,edu_isced97_0,2010,4.4597
rou,sex_f,age_aggregate_yge65,edu_isced97_0,2011,3.7926
rou,sex_f,age_aggregate_yge65,edu_isced97_0,2012,2.7136
rou,sex_f,age_aggregate_yge65,edu_isced97_0,2013,1.8346
rou,sex_f,age_aggregate_yge65,edu_isced97_1,1998,76.8365
rou,sex_f,age_aggregate_yge65,edu_isced97_1,1999,76.3334
rou,sex_f,age_aggregate_yge65,edu_isced97_1,2000,76.0036
rou,sex_f,age_aggregate_yge65,edu_isced97_1,2001,64.7914
rou,sex_f,age_aggregate_yge65,edu_isced97_1,2002,61.9939
rou,sex_f,age_aggregate_yge65,edu_isced97_1,2003,60.101
rou,sex_f,age_aggregate_yge65,edu_isced97_1,2004,62.2875
rou,sex_f,age_aggregate_yge65,edu_isced97_1,2005,62.4102
rou,sex_f,age_aggregate_yge65,edu_isced97_1,2006,59.2355
rou,sex_f,age_aggregate_yge65,edu_isced97_1,2007,57.682
rou,sex_f,age_aggregate_yge65,edu_isced97_1,2008,58.6548
rou,sex_f,age_aggregate_yge65,edu_isced97_1,2009,58.3442
rou,sex_f,age_aggregate_yge65,edu_isced97_1,2010,55.9682
rou,sex_f,age_aggregate_yge65,edu_isced97_1,2011,53.8892
rou,sex_f,age_aggregate_yge65,edu_isced97_1,2012,51.7373
rou,sex_f,age_aggregate_yge65,edu_isced97_1,2013,46.7522
rou,sex_f,age_aggregate_yge65,edu_isced97_2,1998,21.3653
rou,sex_f,age_aggregate_yge65,edu_isced97_2,1999,21.6232
rou,sex_f,age_aggregate_yge65,edu_isced97_2,2000,21.721
rou,sex_f,age_aggregate_yge65,edu_isced97_2,2001,22.1354
rou,sex_f,age_aggregate_yge65,edu_isced97_2,2002,22.6354
rou,sex_f,age_aggregate_yge65,edu_isced97_2,2003,25.3949
rou,sex_f,age_aggregate_yge65,edu_isced97_2,2004,23.0816
rou,sex_f,age_aggregate_yge65,edu_isced97_2,2005,24.6748
rou,sex_f,age_aggregate_yge65,edu_isced97_2,2006,27.864
rou,sex_f,age_aggregate_yge65,edu_isced97_2,2007,30.8601
rou,sex_f,age_aggregate_yge65,edu_isced97_2,2008,30.7578
rou,sex_f,age_aggregate_yge65,edu_isced97_2,2009,32.9633
rou,sex_f,age_aggregate_yge65,edu_isced97_2,2010,35.6778
rou,sex_f,age_aggregate_yge65,edu_isced97_2,2011,37.9819
rou,sex_f,age_aggregate_yge65,edu_isced97_2,2012,38.8276
rou,sex_f,age_aggregate_yge65,edu_isced97_2,2013,43.7722
rou,sex_f,age_aggregate_yge65,edu_isced97_3,1998,1.5835
rou,sex_f,age_aggregate_yge65,edu_isced97_3,1999,1.7263
rou,sex_f,age_aggregate_yge65,edu_isced97_3,2000,1.8417
rou,sex_f,age_aggregate_yge65,edu_isced97_3,2001,1.5272
rou,sex_f,age_aggregate_yge65,edu_isced97_3,2002,1.8927
rou,sex_f,age_aggregate_yge65,edu_isced97_3,2003,2.6299
rou,sex_f,age_aggregate_yge65,edu_isced97_3,2004,3.5129
rou,sex_f,age_aggregate_yge65,edu_isced97_3,2006,3.3354
rou,sex_f,age_aggregate_yge65,edu_isced97_3,2007,3.3466
rou,sex_f,age_aggregate_yge65,edu_isced97_3,2008,3.4913
rou,sex_f,age_aggregate_yge65,edu_isced97_3,2009,3.2803
rou,sex_f,age_aggregate_yge65,edu_isced97_3,2011,3.1555
rou,sex_f,age_aggregate_yge65,edu_isced97_3,2012,5.0394
rou,sex_f,age_aggregate_yge65,edu_isced97_3,2013,5.6786
rou,sex_f,age_aggregate_yge65,edu_isced97_4,2006,0.4138
rou,sex_f,age_aggregate_yge65,edu_isced97_4,2007,0.5343
rou,sex_f,age_aggregate_yge65,edu_isced97_4,2008,0.5583
rou,sex_f,age_aggregate_yge65,edu_isced97_4,2009,0.258
rou,sex_f,age_aggregate_yge65,edu_isced97_4,2011,0.3727
rou,sex_f,age_aggregate_yge65,edu_isced97_4,2012,0.6086
rou,sex_f,age_aggregate_yge65,edu_isced97_4,2013,0.7137
rou,sex_f,age_aggregate_yge65,edu_isced97_5,1999,0.3171
rou,sex_f,age_aggregate_yge65,edu_isced97_5,2000,0.4337
rou,sex_f,age_aggregate_yge65,edu_isced97_5,2006,1.0533
rou,sex_f,age_aggregate_yge65,edu_isced97_5,2007,0.5992
rou,sex_f,age_aggregate_yge65,edu_isced97_5,2008,0.8607
rou,sex_f,age_aggregate_yge65,edu_isced97_5,2009,0.787
rou,sex_f,age_aggregate_yge65,edu_isced97_5,2011,0.7408
rou,sex_f,age_aggregate_yge65,edu_isced97_5,2012,1.0178
rou,sex_f,age_aggregate_yge65,edu_isced97_5,2013,1.2487
rou,sex_f,age_aggregate_yge65,edu_isced97_total,1998,100
rou,sex_f,age_aggregate_yge65,edu_isced97_total,1999,100
rou,sex_f,age_aggregate_yge65,edu_isced97_total,2000,100
rou,sex_f,age_aggregate_yge65,edu_isced97_total,2001,100
rou,sex_f,age_aggregate_yge65,edu_isced97_total,2002,100
rou,sex_f,age_aggregate_yge65,edu_isced97_total,2003,100
rou,sex_f,age_aggregate_yge65,edu_isced97_total,2004,100
rou,sex_f,age_aggregate_yge65,edu_isced97_total,2005,100
rou,sex_f,age_aggregate_yge65,edu_isced97_total,2006,100
rou,sex_f,age_aggregate_yge65,edu_isced97_total,2007,100
rou,sex_f,age_aggregate_yge65,edu_isced97_total,2008,100
rou,sex_f,age_aggregate_yge65,edu_isced97_total,2009,100
rou,sex_f,age_aggregate_yge65,edu_isced97_total,2010,100
rou,sex_f,age_aggregate_yge65,edu_isced97_total,2011,100
rou,sex_f,age_aggregate_yge65,edu_isced97_total,2012,100
rou,sex_f,age_aggregate_yge65,edu_isced97_total,2013,100
rou,sex_f,age_ythadult_y15_24,edu_aggregate_adv,1997,5.4749
rou,sex_f,age_ythadult_y15_24,edu_aggregate_adv,1998,3.2659
rou,sex_f,age_ythadult_y15_24,edu_aggregate_adv,1999,2.9064
rou,sex_f,age_ythadult_y15_24,edu_aggregate_adv,2000,3.102
rou,sex_f,age_ythadult_y15_24,edu_aggregate_adv,2001,3.6231
rou,sex_f,age_ythadult_y15_24,edu_aggregate_adv,2002,5.0449
rou,sex_f,age_ythadult_y15_24,edu_aggregate_adv,2003,5.8714
rou,sex_f,age_ythadult_y15_24,edu_aggregate_adv,2004,7.2985
rou,sex_f,age_ythadult_y15_24,edu_aggregate_adv,2005,6.1909
rou,sex_f,age_ythadult_y15_24,edu_aggregate_adv,2006,6.7329
rou,sex_f,age_ythadult_y15_24,edu_aggregate_adv,2007,8.9898
rou,sex_f,age_ythadult_y15_24,edu_aggregate_adv,2008,9.7604
rou,sex_f,age_ythadult_y15_24,edu_aggregate_adv,2009,12.3514
rou,sex_f,age_ythadult_y15_24,edu_aggregate_adv,2010,11.033
rou,sex_f,age_ythadult_y15_24,edu_aggregate_adv,2011,12.7479
rou,sex_f,age_ythadult_y15_24,edu_aggregate_adv,2012,14.1261
rou,sex_f,age_ythadult_y15_24,edu_aggregate_adv,2013,13.1155
rou,sex_f,age_ythadult_y15_24,edu_aggregate_adv,2014,11.8192
rou,sex_f,age_ythadult_y15_24,edu_aggregate_adv,2015,12.2793
rou,sex_f,age_ythadult_y15_24,edu_aggregate_adv,2016,10.7659
rou,sex_f,age_ythadult_y15_24,edu_aggregate_adv,2017,13.041
rou,sex_f,age_ythadult_y15_24,edu_aggregate_adv,2018,11.6353
rou,sex_f,age_ythadult_y15_24,edu_aggregate_adv,2019,12.4301
rou,sex_f,age_ythadult_y15_24,edu_aggregate_bas,1997,30.5986
rou,sex_f,age_ythadult_y15_24,edu_aggregate_bas,1998,27.4257
rou,sex_f,age_ythadult_y15_24,edu_aggregate_bas,1999,32.8864
rou,sex_f,age_ythadult_y15_24,edu_aggregate_bas,2000,36.4242
rou,sex_f,age_ythadult_y15_24,edu_aggregate_bas,2001,36.3462
rou,sex_f,age_ythadult_y15_24,edu_aggregate_bas,2002,35.9845
rou,sex_f,age_ythadult_y15_24,edu_aggregate_bas,2003,37.0699
rou,sex_f,age_ythadult_y15_24,edu_aggregate_bas,2004,32.5212
rou,sex_f,age_ythadult_y15_24,edu_aggregate_bas,2005,32.189
rou,sex_f,age_ythadult_y15_24,edu_aggregate_bas,2006,33.1027
rou,sex_f,age_ythadult_y15_24,edu_aggregate_bas,2007,31.4605
rou,sex_f,age_ythadult_y15_24,edu_aggregate_bas,2008,28.11
rou,sex_f,age_ythadult_y15_24,edu_aggregate_bas,2009,29.0935
rou,sex_f,age_ythadult_y15_24,edu_aggregate_bas,2010,32.6722
rou,sex_f,age_ythadult_y15_24,edu_aggregate_bas,2011,30.3756
rou,sex_f,age_ythadult_y15_24,edu_aggregate_bas,2012,32.3407
rou,sex_f,age_ythadult_y15_24,edu_aggregate_bas,2013,31.0397
rou,sex_f,age_ythadult_y15_24,edu_aggregate_bas,2014,31.571
rou,sex_f,age_ythadult_y15_24,edu_aggregate_bas,2015,28.8168
rou,sex_f,age_ythadult_y15_24,edu_aggregate_bas,2016,29.0599
rou,sex_f,age_ythadult_y15_24,edu_aggregate_bas,2017,27.4645
rou,sex_f,age_ythadult_y15_24,edu_aggregate_bas,2018,25.3047
rou,sex_f,age_ythadult_y15_24,edu_aggregate_bas,2019,24.9879
rou,sex_f,age_ythadult_y15_24,edu_aggregate_int,1997,63.9266
rou,sex_f,age_ythadult_y15_24,edu_aggregate_int,1998,69.3084
rou,sex_f,age_ythadult_y15_24,edu_aggregate_int,1999,64.2072
rou,sex_f,age_ythadult_y15_24,edu_aggregate_int,2000,60.4738
rou,sex_f,age_ythadult_y15_24,edu_aggregate_int,2001,59.1615
rou,sex_f,age_ythadult_y15_24,edu_aggregate_int,2002,58.6424
rou,sex_f,age_ythadult_y15_24,edu_aggregate_int,2003,55.6505
rou,sex_f,age_ythadult_y15_24,edu_aggregate_int,2004,58.7865
rou,sex_f,age_ythadult_y15_24,edu_aggregate_int,2005,60.576
rou,sex_f,age_ythadult_y15_24,edu_aggregate_int,2006,59.8781
rou,sex_f,age_ythadult_y15_24,edu_aggregate_int,2007,58.9537
rou,sex_f,age_ythadult_y15_24,edu_aggregate_int,2008,61.4943
rou,sex_f,age_ythadult_y15_24,edu_aggregate_int,2009,57.7848
rou,sex_f,age_ythadult_y15_24,edu_aggregate_int,2010,55.037
rou,sex_f,age_ythadult_y15_24,edu_aggregate_int,2011,55.9354
rou,sex_f,age_ythadult_y15_24,edu_aggregate_int,2012,52.9912
rou,sex_f,age_ythadult_y15_24,edu_aggregate_int,2013,55.3882
rou,sex_f,age_ythadult_y15_24,edu_aggregate_int,2014,56.5363
rou,sex_f,age_ythadult_y15_24,edu_aggregate_int,2015,58.1963
rou,sex_f,age_ythadult_y15_24,edu_aggregate_int,2016,59.6796
rou,sex_f,age_ythadult_y15_24,edu_aggregate_int,2017,59.4196
rou,sex_f,age_ythadult_y15_24,edu_aggregate_int,2018,62.7552
rou,sex_f,age_ythadult_y15_24,edu_aggregate_int,2019,62.4374
rou,sex_f,age_ythadult_y15_24,edu_aggregate_ltb,2001,0.8692
rou,sex_f,age_ythadult_y15_24,edu_aggregate_ltb,2003,1.4082
rou,sex_f,age_ythadult_y15_24,edu_aggregate_total,1997,100
rou,sex_f,age_ythadult_y15_24,edu_aggregate_total,1998,100
rou,sex_f,age_ythadult_y15_24,edu_aggregate_total,1999,100
rou,sex_f,age_ythadult_y15_24,edu_aggregate_total,2000,100
rou,sex_f,age_ythadult_y15_24,edu_aggregate_total,2001,100
rou,sex_f,age_ythadult_y15_24,edu_aggregate_total,2002,100
rou,sex_f,age_ythadult_y15_24,edu_aggregate_total,2003,100
rou,sex_f,age_ythadult_y15_24,edu_aggregate_total,2004,100
rou,sex_f,age_ythadult_y15_24,edu_aggregate_total,2005,100
rou,sex_f,age_ythadult_y15_24,edu_aggregate_total,2006,100
rou,sex_f,age_ythadult_y15_24,edu_aggregate_total,2007,100
rou,sex_f,age_ythadult_y15_24,edu_aggregate_total,2008,100
rou,sex_f,age_ythadult_y15_24,edu_aggregate_total,2009,100
rou,sex_f,age_ythadult_y15_24,edu_aggregate_total,2010,100
rou,sex_f,age_ythadult_y15_24,edu_aggregate_total,2011,100
rou,sex_f,age_ythadult_y15_24,edu_aggregate_total,2012,100
rou,sex_f,age_ythadult_y15_24,edu_aggregate_total,2013,100
rou,sex_f,age_ythadult_y15_24,edu_aggregate_total,2014,100
rou,sex_f,age_ythadult_y15_24,edu_aggregate_total,2015,100
rou,sex_f,age_ythadult_y15_24,edu_aggregate_total,2016,100
rou,sex_f,age_ythadult_y15_24,edu_aggregate_total,2017,100
rou,sex_f,age_ythadult_y15_24,edu_aggregate_total,2018,100
rou,sex_f,age_ythadult_y15_24,edu_aggregate_total,2019,100
rou,sex_f,age_ythadult_y15_24,edu_isced11_0,2015,0.7075
rou,sex_f,age_ythadult_y15_24,edu_isced11_0,2016,0.4946
rou,sex_f,age_ythadult_y15_24,edu_isced11_1,2015,2.6938
rou,sex_f,age_ythadult_y15_24,edu_isced11_1,2016,4.2267
rou,sex_f,age_ythadult_y15_24,edu_isced11_1,2017,3.9306
rou,sex_f,age_ythadult_y15_24,edu_isced11_2,2014,28.802
rou,sex_f,age_ythadult_y15_24,edu_isced11_2,2015,26.123
rou,sex_f,age_ythadult_y15_24,edu_isced11_2,2016,24.8332
rou,sex_f,age_ythadult_y15_24,edu_isced11_2,2017,23.5339
rou,sex_f,age_ythadult_y15_24,edu_isced11_2,2018,23.1639
rou,sex_f,age_ythadult_y15_24,edu_isced11_2,2019,23.0396
rou,sex_f,age_ythadult_y15_24,edu_isced11_3,2014,54.1663
rou,sex_f,age_ythadult_y15_24,edu_isced11_3,2015,54.984
rou,sex_f,age_ythadult_y15_24,edu_isced11_3,2016,56.8844
rou,sex_f,age_ythadult_y15_24,edu_isced11_3,2017,56.9545
rou,sex_f,age_ythadult_y15_24,edu_isced11_3,2018,60.5327
rou,sex_f,age_ythadult_y15_24,edu_isced11_3,2019,59.5804
rou,sex_f,age_ythadult_y15_24,edu_isced11_4,2015,3.2124
rou,sex_f,age_ythadult_y15_24,edu_isced11_4,2016,2.7951
rou,sex_f,age_ythadult_y15_24,edu_isced11_4,2017,2.465
rou,sex_f,age_ythadult_y15_24,edu_isced11_6,2014,8.5939
rou,sex_f,age_ythadult_y15_24,edu_isced11_6,2015,10.9527
rou,sex_f,age_ythadult_y15_24,edu_isced11_6,2016,9.1236
rou,sex_f,age_ythadult_y15_24,edu_isced11_6,2017,11.4741
rou,sex_f,age_ythadult_y15_24,edu_isced11_6,2018,11.0034
rou,sex_f,age_ythadult_y15_24,edu_isced11_6,2019,10.0643
rou,sex_f,age_ythadult_y15_24,edu_isced11_7,2015,1.293
rou,sex_f,age_ythadult_y15_24,edu_isced11_7,2016,1.6423
rou,sex_f,age_ythadult_y15_24,edu_isced11_7,2017,1.567
rou,sex_f,age_ythadult_y15_24,edu_isced11_total,2014,100
rou,sex_f,age_ythadult_y15_24,edu_isced11_total,2015,100
rou,sex_f,age_ythadult_y15_24,edu_isced11_total,2016,100
rou,sex_f,age_ythadult_y15_24,edu_isced11_total,2017,100
rou,sex_f,age_ythadult_y15_24,edu_isced11_total,2018,100
rou,sex_f,age_ythadult_y15_24,edu_isced11_total,2019,100
rou,sex_f,age_ythadult_y15_24,edu_isced97_0,2001,0.8692
rou,sex_f,age_ythadult_y15_24,edu_isced97_0,2003,1.4082
rou,sex_f,age_ythadult_y15_24,edu_isced97_0,2004,1.3938
rou,sex_f,age_ythadult_y15_24,edu_isced97_0,2006,0.2863
rou,sex_f,age_ythadult_y15_24,edu_isced97_0,2007,0.5959
rou,sex_f,age_ythadult_y15_24,edu_isced97_0,2008,0.6353
rou,sex_f,age_ythadult_y15_24,edu_isced97_0,2009,0.7703
rou,sex_f,age_ythadult_y15_24,edu_isced97_0,2011,0.9411
rou,sex_f,age_ythadult_y15_24,edu_isced97_0,2012,0.5419
rou,sex_f,age_ythadult_y15_24,edu_isced97_0,2013,0.4566
rou,sex_f,age_ythadult_y15_24,edu_isced97_1,1998,3.3205
rou,sex_f,age_ythadult_y15_24,edu_isced97_1,1999,4.6507
rou,sex_f,age_ythadult_y15_24,edu_isced97_1,2000,4.2573
rou,sex_f,age_ythadult_y15_24,edu_isced97_1,2001,4.3617
rou,sex_f,age_ythadult_y15_24,edu_isced97_1,2002,4.7247
rou,sex_f,age_ythadult_y15_24,edu_isced97_1,2003,5.1882
rou,sex_f,age_ythadult_y15_24,edu_isced97_1,2004,2.6886
rou,sex_f,age_ythadult_y15_24,edu_isced97_1,2005,3.0566
rou,sex_f,age_ythadult_y15_24,edu_isced97_1,2006,2.773
rou,sex_f,age_ythadult_y15_24,edu_isced97_1,2007,3.4615
rou,sex_f,age_ythadult_y15_24,edu_isced97_1,2008,3.1808
rou,sex_f,age_ythadult_y15_24,edu_isced97_1,2009,3.2025
rou,sex_f,age_ythadult_y15_24,edu_isced97_1,2010,4.4729
rou,sex_f,age_ythadult_y15_24,edu_isced97_1,2011,3.028
rou,sex_f,age_ythadult_y15_24,edu_isced97_1,2012,3.4323
rou,sex_f,age_ythadult_y15_24,edu_isced97_1,2013,2.9081
rou,sex_f,age_ythadult_y15_24,edu_isced97_2,1998,24.1052
rou,sex_f,age_ythadult_y15_24,edu_isced97_2,1999,28.2358
rou,sex_f,age_ythadult_y15_24,edu_isced97_2,2000,32.1669
rou,sex_f,age_ythadult_y15_24,edu_isced97_2,2001,31.9845
rou,sex_f,age_ythadult_y15_24,edu_isced97_2,2002,31.2599
rou,sex_f,age_ythadult_y15_24,edu_isced97_2,2003,31.8817
rou,sex_f,age_ythadult_y15_24,edu_isced97_2,2004,29.8326
rou,sex_f,age_ythadult_y15_24,edu_isced97_2,2005,29.1324
rou,sex_f,age_ythadult_y15_24,edu_isced97_2,2006,30.3296
rou,sex_f,age_ythadult_y15_24,edu_isced97_2,2007,27.999
rou,sex_f,age_ythadult_y15_24,edu_isced97_2,2008,24.9292
rou,sex_f,age_ythadult_y15_24,edu_isced97_2,2009,25.891
rou,sex_f,age_ythadult_y15_24,edu_isced97_2,2010,28.1993
rou,sex_f,age_ythadult_y15_24,edu_isced97_2,2011,27.3475
rou,sex_f,age_ythadult_y15_24,edu_isced97_2,2012,28.9084
rou,sex_f,age_ythadult_y15_24,edu_isced97_2,2013,28.1316
rou,sex_f,age_ythadult_y15_24,edu_isced97_3,1998,69.3084
rou,sex_f,age_ythadult_y15_24,edu_isced97_3,1999,64.2072
rou,sex_f,age_ythadult_y15_24,edu_isced97_3,2000,60.4738
rou,sex_f,age_ythadult_y15_24,edu_isced97_3,2001,59.1615
rou,sex_f,age_ythadult_y15_24,edu_isced97_3,2002,55.4085
rou,sex_f,age_ythadult_y15_24,edu_isced97_3,2003,52.346
rou,sex_f,age_ythadult_y15_24,edu_isced97_3,2004,54.5556
rou,sex_f,age_ythadult_y15_24,edu_isced97_3,2005,56.3257
rou,sex_f,age_ythadult_y15_24,edu_isced97_3,2006,56.5639
rou,sex_f,age_ythadult_y15_24,edu_isced97_3,2007,56.6725
rou,sex_f,age_ythadult_y15_24,edu_isced97_3,2008,59.2902
rou,sex_f,age_ythadult_y15_24,edu_isced97_3,2009,55.1016
rou,sex_f,age_ythadult_y15_24,edu_isced97_3,2010,52.8602
rou,sex_f,age_ythadult_y15_24,edu_isced97_3,2011,53.8654
rou,sex_f,age_ythadult_y15_24,edu_isced97_3,2012,51.2779
rou,sex_f,age_ythadult_y15_24,edu_isced97_3,2013,53.9212
rou,sex_f,age_ythadult_y15_24,edu_isced97_4,2002,3.2339
rou,sex_f,age_ythadult_y15_24,edu_isced97_4,2003,3.3045
rou,sex_f,age_ythadult_y15_24,edu_isced97_4,2004,4.2309
rou,sex_f,age_ythadult_y15_24,edu_isced97_4,2005,4.2503
rou,sex_f,age_ythadult_y15_24,edu_isced97_4,2006,3.3142
rou,sex_f,age_ythadult_y15_24,edu_isced97_4,2007,2.2812
rou,sex_f,age_ythadult_y15_24,edu_isced97_4,2008,2.2041
rou,sex_f,age_ythadult_y15_24,edu_isced97_4,2009,2.6832
rou,sex_f,age_ythadult_y15_24,edu_isced97_4,2011,2.07
rou,sex_f,age_ythadult_y15_24,edu_isced97_4,2012,1.7133
rou,sex_f,age_ythadult_y15_24,edu_isced97_4,2013,1.4669
rou,sex_f,age_ythadult_y15_24,edu_isced97_5,1998,3.2659
rou,sex_f,age_ythadult_y15_24,edu_isced97_5,1999,2.9064
rou,sex_f,age_ythadult_y15_24,edu_isced97_5,2000,3.102
rou,sex_f,age_ythadult_y15_24,edu_isced97_5,2001,3.6231
rou,sex_f,age_ythadult_y15_24,edu_isced97_5,2002,5.0449
rou,sex_f,age_ythadult_y15_24,edu_isced97_5,2003,5.8714
rou,sex_f,age_ythadult_y15_24,edu_isced97_5,2004,7.2985
rou,sex_f,age_ythadult_y15_24,edu_isced97_5,2005,6.1909
rou,sex_f,age_ythadult_y15_24,edu_isced97_5,2006,6.7329
rou,sex_f,age_ythadult_y15_24,edu_isced97_5,2007,8.9898
rou,sex_f,age_ythadult_y15_24,edu_isced97_5,2008,9.7604
rou,sex_f,age_ythadult_y15_24,edu_isced97_5,2009,12.3514
rou,sex_f,age_ythadult_y15_24,edu_isced97_5,2010,11.033
rou,sex_f,age_ythadult_y15_24,edu_isced97_5,2011,12.7479
rou,sex_f,age_ythadult_y15_24,edu_isced97_5,2012,14.1261
rou,sex_f,age_ythadult_y15_24,edu_isced97_5,2013,13.1155
rou,sex_f,age_ythadult_y15_24,edu_isced97_total,1998,100
rou,sex_f,age_ythadult_y15_24,edu_isced97_total,1999,100
rou,sex_f,age_ythadult_y15_24,edu_isced97_total,2000,100
rou,sex_f,age_ythadult_y15_24,edu_isced97_total,2001,100
rou,sex_f,age_ythadult_y15_24,edu_isced97_total,2002,100
rou,sex_f,age_ythadult_y15_24,edu_isced97_total,2003,100
rou,sex_f,age_ythadult_y15_24,edu_isced97_total,2004,100
rou,sex_f,age_ythadult_y15_24,edu_isced97_total,2005,100
rou,sex_f,age_ythadult_y15_24,edu_isced97_total,2006,100
rou,sex_f,age_ythadult_y15_24,edu_isced97_total,2007,100
rou,sex_f,age_ythadult_y15_24,edu_isced97_total,2008,100
rou,sex_f,age_ythadult_y15_24,edu_isced97_total,2009,100
rou,sex_f,age_ythadult_y15_24,edu_isced97_total,2010,100
rou,sex_f,age_ythadult_y15_24,edu_isced97_total,2011,100
rou,sex_f,age_ythadult_y15_24,edu_isced97_total,2012,100
rou,sex_f,age_ythadult_y15_24,edu_isced97_total,2013,100
rou,sex_f,age_ythadult_y15_64,edu_aggregate_adv,1997,13.0821
rou,sex_f,age_ythadult_y15_64,edu_aggregate_adv,1998,8.813
rou,sex_f,age_ythadult_y15_64,edu_aggregate_adv,1999,8.7192
rou,sex_f,age_ythadult_y15_64,edu_aggregate_adv,2000,9.1545
rou,sex_f,age_ythadult_y15_64,edu_aggregate_adv,2001,10.145
rou,sex_f,age_ythadult_y15_64,edu_aggregate_adv,2002,11.4869
rou,sex_f,age_ythadult_y15_64,edu_aggregate_adv,2003,11.5285
rou,sex_f,age_ythadult_y15_64,edu_aggregate_adv,2004,13.0108
rou,sex_f,age_ythadult_y15_64,edu_aggregate_adv,2005,14.1996
rou,sex_f,age_ythadult_y15_64,edu_aggregate_adv,2006,15.0881
rou,sex_f,age_ythadult_y15_64,edu_aggregate_adv,2007,15.673
rou,sex_f,age_ythadult_y15_64,edu_aggregate_adv,2008,17.2455
rou,sex_f,age_ythadult_y15_64,edu_aggregate_adv,2009,18.5396
rou,sex_f,age_ythadult_y15_64,edu_aggregate_adv,2010,18.7085
rou,sex_f,age_ythadult_y15_64,edu_aggregate_adv,2011,20.4652
rou,sex_f,age_ythadult_y15_64,edu_aggregate_adv,2012,21.3008
rou,sex_f,age_ythadult_y15_64,edu_aggregate_adv,2013,22.1732
rou,sex_f,age_ythadult_y15_64,edu_aggregate_adv,2014,22.3087
rou,sex_f,age_ythadult_y15_64,edu_aggregate_adv,2015,24.6264
rou,sex_f,age_ythadult_y15_64,edu_aggregate_adv,2016,25.1027
rou,sex_f,age_ythadult_y15_64,edu_aggregate_adv,2017,25.5106
rou,sex_f,age_ythadult_y15_64,edu_aggregate_adv,2018,25.6845
rou,sex_f,age_ythadult_y15_64,edu_aggregate_adv,2019,26.5857
rou,sex_f,age_ythadult_y15_64,edu_aggregate_bas,1997,37.0422
rou,sex_f,age_ythadult_y15_64,edu_aggregate_bas,1998,34.5988
rou,sex_f,age_ythadult_y15_64,edu_aggregate_bas,1999,35.3166
rou,sex_f,age_ythadult_y15_64,edu_aggregate_bas,2000,35.0694
rou,sex_f,age_ythadult_y15_64,edu_aggregate_bas,2001,32.3549
rou,sex_f,age_ythadult_y15_64,edu_aggregate_bas,2002,29.3402
rou,sex_f,age_ythadult_y15_64,edu_aggregate_bas,2003,30.3465
rou,sex_f,age_ythadult_y15_64,edu_aggregate_bas,2004,26.1809
rou,sex_f,age_ythadult_y15_64,edu_aggregate_bas,2005,24.8247
rou,sex_f,age_ythadult_y15_64,edu_aggregate_bas,2006,23.1651
rou,sex_f,age_ythadult_y15_64,edu_aggregate_bas,2007,22.7144
rou,sex_f,age_ythadult_y15_64,edu_aggregate_bas,2008,22.2961
rou,sex_f,age_ythadult_y15_64,edu_aggregate_bas,2009,22.9607
rou,sex_f,age_ythadult_y15_64,edu_aggregate_bas,2010,23.8154
rou,sex_f,age_ythadult_y15_64,edu_aggregate_bas,2011,22.4296
rou,sex_f,age_ythadult_y15_64,edu_aggregate_bas,2012,22.034
rou,sex_f,age_ythadult_y15_64,edu_aggregate_bas,2013,21.3014
rou,sex_f,age_ythadult_y15_64,edu_aggregate_bas,2014,22.8515
rou,sex_f,age_ythadult_y15_64,edu_aggregate_bas,2015,19.3163
rou,sex_f,age_ythadult_y15_64,edu_aggregate_bas,2016,17.1815
rou,sex_f,age_ythadult_y15_64,edu_aggregate_bas,2017,16.0849
rou,sex_f,age_ythadult_y15_64,edu_aggregate_bas,2018,15.4598
rou,sex_f,age_ythadult_y15_64,edu_aggregate_bas,2019,14.9949
rou,sex_f,age_ythadult_y15_64,edu_aggregate_int,1997,49.8757
rou,sex_f,age_ythadult_y15_64,edu_aggregate_int,1998,56.5882
rou,sex_f,age_ythadult_y15_64,edu_aggregate_int,1999,55.9642
rou,sex_f,age_ythadult_y15_64,edu_aggregate_int,2000,55.7761
rou,sex_f,age_ythadult_y15_64,edu_aggregate_int,2001,56.5964
rou,sex_f,age_ythadult_y15_64,edu_aggregate_int,2002,58.4199
rou,sex_f,age_ythadult_y15_64,edu_aggregate_int,2003,57.3193
rou,sex_f,age_ythadult_y15_64,edu_aggregate_int,2004,59.9293
rou,sex_f,age_ythadult_y15_64,edu_aggregate_int,2005,60.3379
rou,sex_f,age_ythadult_y15_64,edu_aggregate_int,2006,61.3162
rou,sex_f,age_ythadult_y15_64,edu_aggregate_int,2007,61.1112
rou,sex_f,age_ythadult_y15_64,edu_aggregate_int,2008,59.9681
rou,sex_f,age_ythadult_y15_64,edu_aggregate_int,2009,58.0954
rou,sex_f,age_ythadult_y15_64,edu_aggregate_int,2010,57.0312
rou,sex_f,age_ythadult_y15_64,edu_aggregate_int,2011,56.8465
rou,sex_f,age_ythadult_y15_64,edu_aggregate_int,2012,56.4565
rou,sex_f,age_ythadult_y15_64,edu_aggregate_int,2013,56.2866
rou,sex_f,age_ythadult_y15_64,edu_aggregate_int,2014,54.627
rou,sex_f,age_ythadult_y15_64,edu_aggregate_int,2015,55.7363
rou,sex_f,age_ythadult_y15_64,edu_aggregate_int,2016,57.5002
rou,sex_f,age_ythadult_y15_64,edu_aggregate_int,2017,58.1669
rou,sex_f,age_ythadult_y15_64,edu_aggregate_int,2018,58.6089
rou,sex_f,age_ythadult_y15_64,edu_aggregate_int,2019,58.2
rou,sex_f,age_ythadult_y15_64,edu_aggregate_ltb,2001,0.9037
rou,sex_f,age_ythadult_y15_64,edu_aggregate_ltb,2002,0.753
rou,sex_f,age_ythadult_y15_64,edu_aggregate_ltb,2003,0.8057
rou,sex_f,age_ythadult_y15_64,edu_aggregate_ltb,2004,0.879
rou,sex_f,age_ythadult_y15_64,edu_aggregate_ltb,2005,0.6378
rou,sex_f,age_ythadult_y15_64,edu_aggregate_ltb,2006,0.4306
rou,sex_f,age_ythadult_y15_64,edu_aggregate_ltb,2007,0.5013
rou,sex_f,age_ythadult_y15_64,edu_aggregate_ltb,2008,0.4903
rou,sex_f,age_ythadult_y15_64,edu_aggregate_ltb,2009,0.4042
rou,sex_f,age_ythadult_y15_64,edu_aggregate_ltb,2010,0.4449
rou,sex_f,age_ythadult_y15_64,edu_aggregate_ltb,2011,0.2587
rou,sex_f,age_ythadult_y15_64,edu_aggregate_ltb,2012,0.2087
rou,sex_f,age_ythadult_y15_64,edu_aggregate_ltb,2013,0.2387
rou,sex_f,age_ythadult_y15_64,edu_aggregate_ltb,2014,0.2129
rou,sex_f,age_ythadult_y15_64,edu_aggregate_ltb,2015,0.321
rou,sex_f,age_ythadult_y15_64,edu_aggregate_ltb,2016,0.2156
rou,sex_f,age_ythadult_y15_64,edu_aggregate_ltb,2017,0.2375
rou,sex_f,age_ythadult_y15_64,edu_aggregate_ltb,2018,0.2468
rou,sex_f,age_ythadult_y15_64,edu_aggregate_ltb,2019,0.2195
rou,sex_f,age_ythadult_y15_64,edu_aggregate_total,1997,100
rou,sex_f,age_ythadult_y15_64,edu_aggregate_total,1998,100
rou,sex_f,age_ythadult_y15_64,edu_aggregate_total,1999,100
rou,sex_f,age_ythadult_y15_64,edu_aggregate_total,2000,100
rou,sex_f,age_ythadult_y15_64,edu_aggregate_total,2001,100
rou,sex_f,age_ythadult_y15_64,edu_aggregate_total,2002,100
rou,sex_f,age_ythadult_y15_64,edu_aggregate_total,2003,100
rou,sex_f,age_ythadult_y15_64,edu_aggregate_total,2004,100
rou,sex_f,age_ythadult_y15_64,edu_aggregate_total,2005,100
rou,sex_f,age_ythadult_y15_64,edu_aggregate_total,2006,100
rou,sex_f,age_ythadult_y15_64,edu_aggregate_total,2007,100
rou,sex_f,age_ythadult_y15_64,edu_aggregate_total,2008,100
rou,sex_f,age_ythadult_y15_64,edu_aggregate_total,2009,100
rou,sex_f,age_ythadult_y15_64,edu_aggregate_total,2010,100
rou,sex_f,age_ythadult_y15_64,edu_aggregate_total,2011,100
rou,sex_f,age_ythadult_y15_64,edu_aggregate_total,2012,100
rou,sex_f,age_ythadult_y15_64,edu_aggregate_total,2013,100
rou,sex_f,age_ythadult_y15_64,edu_aggregate_total,2014,100
rou,sex_f,age_ythadult_y15_64,edu_aggregate_total,2015,100
rou,sex_f,age_ythadult_y15_64,edu_aggregate_total,2016,100
rou,sex_f,age_ythadult_y15_64,edu_aggregate_total,2017,100
rou,sex_f,age_ythadult_y15_64,edu_aggregate_total,2018,100
rou,sex_f,age_ythadult_y15_64,edu_aggregate_total,2019,100
rou,sex_f,age_ythadult_y15_64,edu_isced11_0,2014,0.2129
rou,sex_f,age_ythadult_y15_64,edu_isced11_0,2015,0.321
rou,sex_f,age_ythadult_y15_64,edu_isced11_0,2016,0.2156
rou,sex_f,age_ythadult_y15_64,edu_isced11_0,2017,0.2375
rou,sex_f,age_ythadult_y15_64,edu_isced11_0,2018,0.2468
rou,sex_f,age_ythadult_y15_64,edu_isced11_0,2019,0.2195
rou,sex_f,age_ythadult_y15_64,edu_isced11_1,2014,2.03
rou,sex_f,age_ythadult_y15_64,edu_isced11_1,2015,1.83
rou,sex_f,age_ythadult_y15_64,edu_isced11_1,2016,1.5571
rou,sex_f,age_ythadult_y15_64,edu_isced11_1,2017,1.4268
rou,sex_f,age_ythadult_y15_64,edu_isced11_1,2018,1.3005
rou,sex_f,age_ythadult_y15_64,edu_isced11_1,2019,1.3425
rou,sex_f,age_ythadult_y15_64,edu_isced11_2,2014,20.8215
rou,sex_f,age_ythadult_y15_64,edu_isced11_2,2015,17.4864
rou,sex_f,age_ythadult_y15_64,edu_isced11_2,2016,15.6245
rou,sex_f,age_ythadult_y15_64,edu_isced11_2,2017,14.6581
rou,sex_f,age_ythadult_y15_64,edu_isced11_2,2018,14.1593
rou,sex_f,age_ythadult_y15_64,edu_isced11_2,2019,13.6524
rou,sex_f,age_ythadult_y15_64,edu_isced11_3,2014,49.911
rou,sex_f,age_ythadult_y15_64,edu_isced11_3,2015,51.0639
rou,sex_f,age_ythadult_y15_64,edu_isced11_3,2016,53.0724
rou,sex_f,age_ythadult_y15_64,edu_isced11_3,2017,53.8911
rou,sex_f,age_ythadult_y15_64,edu_isced11_3,2018,54.0839
rou,sex_f,age_ythadult_y15_64,edu_isced11_3,2019,53.5961
rou,sex_f,age_ythadult_y15_64,edu_isced11_4,2014,4.716
rou,sex_f,age_ythadult_y15_64,edu_isced11_4,2015,4.6724
rou,sex_f,age_ythadult_y15_64,edu_isced11_4,2016,4.4279
rou,sex_f,age_ythadult_y15_64,edu_isced11_4,2017,4.2758
rou,sex_f,age_ythadult_y15_64,edu_isced11_4,2018,4.5249
rou,sex_f,age_ythadult_y15_64,edu_isced11_4,2019,4.6039
rou,sex_f,age_ythadult_y15_64,edu_isced11_5,2014,0.7954
rou,sex_f,age_ythadult_y15_64,edu_isced11_5,2015,0.6365
rou,sex_f,age_ythadult_y15_64,edu_isced11_5,2016,0.6005
rou,sex_f,age_ythadult_y15_64,edu_isced11_5,2017,0.5353
rou,sex_f,age_ythadult_y15_64,edu_isced11_5,2018,0.5119
rou,sex_f,age_ythadult_y15_64,edu_isced11_5,2019,0.8571
rou,sex_f,age_ythadult_y15_64,edu_isced11_6,2014,7.1448
rou,sex_f,age_ythadult_y15_64,edu_isced11_6,2015,6.7721
rou,sex_f,age_ythadult_y15_64,edu_isced11_6,2016,6.1864
rou,sex_f,age_ythadult_y15_64,edu_isced11_6,2017,6.8617
rou,sex_f,age_ythadult_y15_64,edu_isced11_6,2018,6.9566
rou,sex_f,age_ythadult_y15_64,edu_isced11_6,2019,7.3423
rou,sex_f,age_ythadult_y15_64,edu_isced11_7,2014,14.2304
rou,sex_f,age_ythadult_y15_64,edu_isced11_7,2015,17.1201
rou,sex_f,age_ythadult_y15_64,edu_isced11_7,2016,18.2281
rou,sex_f,age_ythadult_y15_64,edu_isced11_7,2017,18.0026
rou,sex_f,age_ythadult_y15_64,edu_isced11_7,2018,18.1035
rou,sex_f,age_ythadult_y15_64,edu_isced11_7,2019,18.1856
rou,sex_f,age_ythadult_y15_64,edu_isced11_8,2015,0.0977
rou,sex_f,age_ythadult_y15_64,edu_isced11_8,2016,0.0877
rou,sex_f,age_ythadult_y15_64,edu_isced11_8,2017,0.1109
rou,sex_f,age_ythadult_y15_64,edu_isced11_8,2019,0.2007
rou,sex_f,age_ythadult_y15_64,edu_isced11_total,2014,100
rou,sex_f,age_ythadult_y15_64,edu_isced11_total,2015,100
rou,sex_f,age_ythadult_y15_64,edu_isced11_total,2016,100
rou,sex_f,age_ythadult_y15_64,edu_isced11_total,2017,100
rou,sex_f,age_ythadult_y15_64,edu_isced11_total,2018,100
rou,sex_f,age_ythadult_y15_64,edu_isced11_total,2019,100
rou,sex_f,age_ythadult_y15_64,edu_isced97_0,2001,0.9037
rou,sex_f,age_ythadult_y15_64,edu_isced97_0,2002,0.753
rou,sex_f,age_ythadult_y15_64,edu_isced97_0,2003,0.8057
rou,sex_f,age_ythadult_y15_64,edu_isced97_0,2004,0.879
rou,sex_f,age_ythadult_y15_64,edu_isced97_0,2005,0.6378
rou,sex_f,age_ythadult_y15_64,edu_isced97_0,2006,0.4306
rou,sex_f,age_ythadult_y15_64,edu_isced97_0,2007,0.5013
rou,sex_f,age_ythadult_y15_64,edu_isced97_0,2008,0.4903
rou,sex_f,age_ythadult_y15_64,edu_isced97_0,2009,0.4042
rou,sex_f,age_ythadult_y15_64,edu_isced97_0,2010,0.4449
rou,sex_f,age_ythadult_y15_64,edu_isced97_0,2011,0.2587
rou,sex_f,age_ythadult_y15_64,edu_isced97_0,2012,0.2087
rou,sex_f,age_ythadult_y15_64,edu_isced97_0,2013,0.2387
rou,sex_f,age_ythadult_y15_64,edu_isced97_1,1998,12.6196
rou,sex_f,age_ythadult_y15_64,edu_isced97_1,1999,12.4052
rou,sex_f,age_ythadult_y15_64,edu_isced97_1,2000,11.0568
rou,sex_f,age_ythadult_y15_64,edu_isced97_1,2001,9.2071
rou,sex_f,age_ythadult_y15_64,edu_isced97_1,2002,7.1959
rou,sex_f,age_ythadult_y15_64,edu_isced97_1,2003,6.6656
rou,sex_f,age_ythadult_y15_64,edu_isced97_1,2004,5.258
rou,sex_f,age_ythadult_y15_64,edu_isced97_1,2005,4.906
rou,sex_f,age_ythadult_y15_64,edu_isced97_1,2006,4.1018
rou,sex_f,age_ythadult_y15_64,edu_isced97_1,2007,3.6632
rou,sex_f,age_ythadult_y15_64,edu_isced97_1,2008,3.1617
rou,sex_f,age_ythadult_y15_64,edu_isced97_1,2009,3.0643
rou,sex_f,age_ythadult_y15_64,edu_isced97_1,2010,2.9877
rou,sex_f,age_ythadult_y15_64,edu_isced97_1,2011,2.4
rou,sex_f,age_ythadult_y15_64,edu_isced97_1,2012,2.1585
rou,sex_f,age_ythadult_y15_64,edu_isced97_1,2013,2.0422
rou,sex_f,age_ythadult_y15_64,edu_isced97_2,1998,21.9792
rou,sex_f,age_ythadult_y15_64,edu_isced97_2,1999,22.9114
rou,sex_f,age_ythadult_y15_64,edu_isced97_2,2000,24.0126
rou,sex_f,age_ythadult_y15_64,edu_isced97_2,2001,23.1478
rou,sex_f,age_ythadult_y15_64,edu_isced97_2,2002,22.1444
rou,sex_f,age_ythadult_y15_64,edu_isced97_2,2003,23.6809
rou,sex_f,age_ythadult_y15_64,edu_isced97_2,2004,20.9228
rou,sex_f,age_ythadult_y15_64,edu_isced97_2,2005,19.9187
rou,sex_f,age_ythadult_y15_64,edu_isced97_2,2006,19.0633
rou,sex_f,age_ythadult_y15_64,edu_isced97_2,2007,19.0512
rou,sex_f,age_ythadult_y15_64,edu_isced97_2,2008,19.1344
rou,sex_f,age_ythadult_y15_64,edu_isced97_2,2009,19.8964
rou,sex_f,age_ythadult_y15_64,edu_isced97_2,2010,20.8277
rou,sex_f,age_ythadult_y15_64,edu_isced97_2,2011,20.0297
rou,sex_f,age_ythadult_y15_64,edu_isced97_2,2012,19.8755
rou,sex_f,age_ythadult_y15_64,edu_isced97_2,2013,19.2592
rou,sex_f,age_ythadult_y15_64,edu_isced97_3,1998,56.5882
rou,sex_f,age_ythadult_y15_64,edu_isced97_3,1999,55.9642
rou,sex_f,age_ythadult_y15_64,edu_isced97_3,2000,55.7761
rou,sex_f,age_ythadult_y15_64,edu_isced97_3,2001,56.5964
rou,sex_f,age_ythadult_y15_64,edu_isced97_3,2002,53.1189
rou,sex_f,age_ythadult_y15_64,edu_isced97_3,2003,52.7298
rou,sex_f,age_ythadult_y15_64,edu_isced97_3,2004,54.4335
rou,sex_f,age_ythadult_y15_64,edu_isced97_3,2005,55.0629
rou,sex_f,age_ythadult_y15_64,edu_isced97_3,2006,55.9572
rou,sex_f,age_ythadult_y15_64,edu_isced97_3,2007,56.0409
rou,sex_f,age_ythadult_y15_64,edu_isced97_3,2008,54.994
rou,sex_f,age_ythadult_y15_64,edu_isced97_3,2009,53.0766
rou,sex_f,age_ythadult_y15_64,edu_isced97_3,2010,52.1143
rou,sex_f,age_ythadult_y15_64,edu_isced97_3,2011,51.9936
rou,sex_f,age_ythadult_y15_64,edu_isced97_3,2012,51.8098
rou,sex_f,age_ythadult_y15_64,edu_isced97_3,2013,51.7392
rou,sex_f,age_ythadult_y15_64,edu_isced97_4,2002,5.3009
rou,sex_f,age_ythadult_y15_64,edu_isced97_4,2003,4.5895
rou,sex_f,age_ythadult_y15_64,edu_isced97_4,2004,5.4959
rou,sex_f,age_ythadult_y15_64,edu_isced97_4,2005,5.275
rou,sex_f,age_ythadult_y15_64,edu_isced97_4,2006,5.359
rou,sex_f,age_ythadult_y15_64,edu_isced97_4,2007,5.0703
rou,sex_f,age_ythadult_y15_64,edu_isced97_4,2008,4.9741
rou,sex_f,age_ythadult_y15_64,edu_isced97_4,2009,5.0188
rou,sex_f,age_ythadult_y15_64,edu_isced97_4,2010,4.9169
rou,sex_f,age_ythadult_y15_64,edu_isced97_4,2011,4.8529
rou,sex_f,age_ythadult_y15_64,edu_isced97_4,2012,4.6467
rou,sex_f,age_ythadult_y15_64,edu_isced97_4,2013,4.5475
rou,sex_f,age_ythadult_y15_64,edu_isced97_5,1998,8.813
rou,sex_f,age_ythadult_y15_64,edu_isced97_5,1999,8.7192
rou,sex_f,age_ythadult_y15_64,edu_isced97_5,2000,9.1545
rou,sex_f,age_ythadult_y15_64,edu_isced97_5,2001,10.145
rou,sex_f,age_ythadult_y15_64,edu_isced97_5,2002,11.4199
rou,sex_f,age_ythadult_y15_64,edu_isced97_5,2003,11.4642
rou,sex_f,age_ythadult_y15_64,edu_isced97_5,2004,12.8674
rou,sex_f,age_ythadult_y15_64,edu_isced97_5,2005,14.0482
rou,sex_f,age_ythadult_y15_64,edu_isced97_5,2006,14.982
rou,sex_f,age_ythadult_y15_64,edu_isced97_5,2007,15.569
rou,sex_f,age_ythadult_y15_64,edu_isced97_5,2008,17.1331
rou,sex_f,age_ythadult_y15_64,edu_isced97_5,2009,18.4328
rou,sex_f,age_ythadult_y15_64,edu_isced97_5,2010,18.6428
rou,sex_f,age_ythadult_y15_64,edu_isced97_5,2011,20.4185
rou,sex_f,age_ythadult_y15_64,edu_isced97_5,2012,21.2137
rou,sex_f,age_ythadult_y15_64,edu_isced97_5,2013,22.0503
rou,sex_f,age_ythadult_y15_64,edu_isced97_6,2002,0.067
rou,sex_f,age_ythadult_y15_64,edu_isced97_6,2003,0.0643
rou,sex_f,age_ythadult_y15_64,edu_isced97_6,2004,0.1434
rou,sex_f,age_ythadult_y15_64,edu_isced97_6,2006,0.1061
rou,sex_f,age_ythadult_y15_64,edu_isced97_6,2007,0.104
rou,sex_f,age_ythadult_y15_64,edu_isced97_6,2008,0.1124
rou,sex_f,age_ythadult_y15_64,edu_isced97_6,2009,0.1068
rou,sex_f,age_ythadult_y15_64,edu_isced97_6,2011,0.0467
rou,sex_f,age_ythadult_y15_64,edu_isced97_6,2012,0.0871
rou,sex_f,age_ythadult_y15_64,edu_isced97_6,2013,0.123
rou,sex_f,age_ythadult_y15_64,edu_isced97_total,1998,100
rou,sex_f,age_ythadult_y15_64,edu_isced97_total,1999,100
rou,sex_f,age_ythadult_y15_64,edu_isced97_total,2000,100
rou,sex_f,age_ythadult_y15_64,edu_isced97_total,2001,100
rou,sex_f,age_ythadult_y15_64,edu_isced97_total,2002,100
rou,sex_f,age_ythadult_y15_64,edu_isced97_total,2003,100
rou,sex_f,age_ythadult_y15_64,edu_isced97_total,2004,100
rou,sex_f,age_ythadult_y15_64,edu_isced97_total,2005,100
rou,sex_f,age_ythadult_y15_64,edu_isced97_total,2006,100
rou,sex_f,age_ythadult_y15_64,edu_isced97_total,2007,100
rou,sex_f,age_ythadult_y15_64,edu_isced97_total,2008,100
rou,sex_f,age_ythadult_y15_64,edu_isced97_total,2009,100
rou,sex_f,age_ythadult_y15_64,edu_isced97_total,2010,100
rou,sex_f,age_ythadult_y15_64,edu_isced97_total,2011,100
rou,sex_f,age_ythadult_y15_64,edu_isced97_total,2012,100
rou,sex_f,age_ythadult_y15_64,edu_isced97_total,2013,100
rou,sex_f,age_ythadult_yge15,edu_aggregate_adv,1997,12.0418
rou,sex_f,age_ythadult_yge15,edu_aggregate_adv,1998,7.8812
rou,sex_f,age_ythadult_yge15,edu_aggregate_adv,1999,7.7431
rou,sex_f,age_ythadult_yge15,edu_aggregate_adv,2000,8.1479
rou,sex_f,age_ythadult_yge15,edu_aggregate_adv,2001,8.9711
rou,sex_f,age_ythadult_yge15,edu_aggregate_adv,2002,10.4114
rou,sex_f,age_ythadult_yge15,edu_aggregate_adv,2003,10.744
rou,sex_f,age_ythadult_yge15,edu_aggregate_adv,2004,12.2539
rou,sex_f,age_ythadult_yge15,edu_aggregate_adv,2005,13.4118
rou,sex_f,age_ythadult_yge15,edu_aggregate_adv,2006,14.3043
rou,sex_f,age_ythadult_yge15,edu_aggregate_adv,2007,14.7617
rou,sex_f,age_ythadult_yge15,edu_aggregate_adv,2008,16.2582
rou,sex_f,age_ythadult_yge15,edu_aggregate_adv,2009,17.5636
rou,sex_f,age_ythadult_yge15,edu_aggregate_adv,2010,17.7022
rou,sex_f,age_ythadult_yge15,edu_aggregate_adv,2011,19.3803
rou,sex_f,age_ythadult_yge15,edu_aggregate_adv,2012,20.2109
rou,sex_f,age_ythadult_yge15,edu_aggregate_adv,2013,21.059
rou,sex_f,age_ythadult_yge15,edu_aggregate_adv,2014,21.2393
rou,sex_f,age_ythadult_yge15,edu_aggregate_adv,2015,23.664
rou,sex_f,age_ythadult_yge15,edu_aggregate_adv,2016,24.2193
rou,sex_f,age_ythadult_yge15,edu_aggregate_adv,2017,24.5501
rou,sex_f,age_ythadult_yge15,edu_aggregate_adv,2018,24.6975
rou,sex_f,age_ythadult_yge15,edu_aggregate_adv,2019,25.687
rou,sex_f,age_ythadult_yge15,edu_aggregate_bas,1997,42.0274
rou,sex_f,age_ythadult_yge15,edu_aggregate_bas,1998,41.4911
rou,sex_f,age_ythadult_yge15,edu_aggregate_bas,1999,42.5933
rou,sex_f,age_ythadult_yge15,edu_aggregate_bas,2000,42.3017
rou,sex_f,age_ythadult_yge15,edu_aggregate_bas,2001,38.7744
rou,sex_f,age_ythadult_yge15,edu_aggregate_bas,2002,34.6204
rou,sex_f,age_ythadult_yge15,edu_aggregate_bas,2003,34.3107
rou,sex_f,age_ythadult_yge15,edu_aggregate_bas,2004,29.7225
rou,sex_f,age_ythadult_yge15,edu_aggregate_bas,2005,28.4974
rou,sex_f,age_ythadult_yge15,edu_aggregate_bas,2006,26.7354
rou,sex_f,age_ythadult_yge15,edu_aggregate_bas,2007,26.7077
rou,sex_f,age_ythadult_yge15,edu_aggregate_bas,2008,26.3456
rou,sex_f,age_ythadult_yge15,edu_aggregate_bas,2009,26.7183
rou,sex_f,age_ythadult_yge15,edu_aggregate_bas,2010,27.6073
rou,sex_f,age_ythadult_yge15,edu_aggregate_bas,2011,26.2622
rou,sex_f,age_ythadult_yge15,edu_aggregate_bas,2012,25.7266
rou,sex_f,age_ythadult_yge15,edu_aggregate_bas,2013,24.9877
rou,sex_f,age_ythadult_yge15,edu_aggregate_bas,2014,26.2807
rou,sex_f,age_ythadult_yge15,edu_aggregate_bas,2015,22.2496
rou,sex_f,age_ythadult_yge15,edu_aggregate_bas,2016,19.8306
rou,sex_f,age_ythadult_yge15,edu_aggregate_bas,2017,18.7244
rou,sex_f,age_ythadult_yge15,edu_aggregate_bas,2018,18.0396
rou,sex_f,age_ythadult_yge15,edu_aggregate_bas,2019,17.1834
rou,sex_f,age_ythadult_yge15,edu_aggregate_int,1997,45.9328
rou,sex_f,age_ythadult_yge15,edu_aggregate_int,1998,50.6277
rou,sex_f,age_ythadult_yge15,edu_aggregate_int,1999,49.6636
rou,sex_f,age_ythadult_yge15,edu_aggregate_int,2000,49.5504
rou,sex_f,age_ythadult_yge15,edu_aggregate_int,2001,50.1184
rou,sex_f,age_ythadult_yge15,edu_aggregate_int,2002,53.0279
rou,sex_f,age_ythadult_yge15,edu_aggregate_int,2003,53.4104
rou,sex_f,age_ythadult_yge15,edu_aggregate_int,2004,56.565
rou,sex_f,age_ythadult_yge15,edu_aggregate_int,2005,56.9423
rou,sex_f,age_ythadult_yge15,edu_aggregate_int,2006,58.1015
rou,sex_f,age_ythadult_yge15,edu_aggregate_int,2007,57.6395
rou,sex_f,age_ythadult_yge15,edu_aggregate_int,2008,56.5943
rou,sex_f,age_ythadult_yge15,edu_aggregate_int,2009,55.0959
rou,sex_f,age_ythadult_yge15,edu_aggregate_int,2010,54.0211
rou,sex_f,age_ythadult_yge15,edu_aggregate_int,2011,53.9038
rou,sex_f,age_ythadult_yge15,edu_aggregate_int,2012,53.7188
rou,sex_f,age_ythadult_yge15,edu_aggregate_int,2013,53.6297
rou,sex_f,age_ythadult_yge15,edu_aggregate_int,2014,52.2004
rou,sex_f,age_ythadult_yge15,edu_aggregate_int,2015,53.7411
rou,sex_f,age_ythadult_yge15,edu_aggregate_int,2016,55.7158
rou,sex_f,age_ythadult_yge15,edu_aggregate_int,2017,56.4767
rou,sex_f,age_ythadult_yge15,edu_aggregate_int,2018,56.992
rou,sex_f,age_ythadult_yge15,edu_aggregate_int,2019,56.882
rou,sex_f,age_ythadult_yge15,edu_aggregate_ltb,2001,2.1361
rou,sex_f,age_ythadult_yge15,edu_aggregate_ltb,2002,1.9403
rou,sex_f,age_ythadult_yge15,edu_aggregate_ltb,2003,1.5349
rou,sex_f,age_ythadult_yge15,edu_aggregate_ltb,2004,1.4586
rou,sex_f,age_ythadult_yge15,edu_aggregate_ltb,2005,1.1485
rou,sex_f,age_ythadult_yge15,edu_aggregate_ltb,2006,0.8588
rou,sex_f,age_ythadult_yge15,edu_aggregate_ltb,2007,0.8911
rou,sex_f,age_ythadult_yge15,edu_aggregate_ltb,2008,0.8019
rou,sex_f,age_ythadult_yge15,edu_aggregate_ltb,2009,0.6221
rou,sex_f,age_ythadult_yge15,edu_aggregate_ltb,2010,0.6694
rou,sex_f,age_ythadult_yge15,edu_aggregate_ltb,2011,0.4537
rou,sex_f,age_ythadult_yge15,edu_aggregate_ltb,2012,0.3437
rou,sex_f,age_ythadult_yge15,edu_aggregate_ltb,2013,0.3237
rou,sex_f,age_ythadult_yge15,edu_aggregate_ltb,2014,0.2796
rou,sex_f,age_ythadult_yge15,edu_aggregate_ltb,2015,0.3453
rou,sex_f,age_ythadult_yge15,edu_aggregate_ltb,2016,0.2343
rou,sex_f,age_ythadult_yge15,edu_aggregate_ltb,2017,0.2488
rou,sex_f,age_ythadult_yge15,edu_aggregate_ltb,2018,0.2709
rou,sex_f,age_ythadult_yge15,edu_aggregate_ltb,2019,0.2477
rou,sex_f,age_ythadult_yge15,edu_aggregate_total,1997,100
rou,sex_f,age_ythadult_yge15,edu_aggregate_total,1998,100
rou,sex_f,age_ythadult_yge15,edu_aggregate_total,1999,100
rou,sex_f,age_ythadult_yge15,edu_aggregate_total,2000,100
rou,sex_f,age_ythadult_yge15,edu_aggregate_total,2001,100
rou,sex_f,age_ythadult_yge15,edu_aggregate_total,2002,100
rou,sex_f,age_ythadult_yge15,edu_aggregate_total,2003,100
rou,sex_f,age_ythadult_yge15,edu_aggregate_total,2004,100
rou,sex_f,age_ythadult_yge15,edu_aggregate_total,2005,100
rou,sex_f,age_ythadult_yge15,edu_aggregate_total,2006,100
rou,sex_f,age_ythadult_yge15,edu_aggregate_total,2007,100
rou,sex_f,age_ythadult_yge15,edu_aggregate_total,2008,100
rou,sex_f,age_ythadult_yge15,edu_aggregate_total,2009,100
rou,sex_f,age_ythadult_yge15,edu_aggregate_total,2010,100
rou,sex_f,age_ythadult_yge15,edu_aggregate_total,2011,100
rou,sex_f,age_ythadult_yge15,edu_aggregate_total,2012,100
rou,sex_f,age_ythadult_yge15,edu_aggregate_total,2013,100
rou,sex_f,age_ythadult_yge15,edu_aggregate_total,2014,100
rou,sex_f,age_ythadult_yge15,edu_aggregate_total,2015,100
rou,sex_f,age_ythadult_yge15,edu_aggregate_total,2016,100
rou,sex_f,age_ythadult_yge15,edu_aggregate_total,2017,100
rou,sex_f,age_ythadult_yge15,edu_aggregate_total,2018,100
rou,sex_f,age_ythadult_yge15,edu_aggregate_total,2019,100
rou,sex_f,age_ythadult_yge15,edu_isced11_0,2014,0.2796
rou,sex_f,age_ythadult_yge15,edu_isced11_0,2015,0.3453
rou,sex_f,age_ythadult_yge15,edu_isced11_0,2016,0.2343
rou,sex_f,age_ythadult_yge15,edu_isced11_0,2017,0.2488
rou,sex_f,age_ythadult_yge15,edu_isced11_0,2018,0.2709
rou,sex_f,age_ythadult_yge15,edu_isced11_0,2019,0.2477
rou,sex_f,age_ythadult_yge15,edu_isced11_1,2014,3.9453
rou,sex_f,age_ythadult_yge15,edu_isced11_1,2015,3.2515
rou,sex_f,age_ythadult_yge15,edu_isced11_1,2016,2.6742
rou,sex_f,age_ythadult_yge15,edu_isced11_1,2017,2.3675
rou,sex_f,age_ythadult_yge15,edu_isced11_1,2018,2.2145
rou,sex_f,age_ythadult_yge15,edu_isced11_1,2019,2.0592
rou,sex_f,age_ythadult_yge15,edu_isced11_2,2014,22.3354
rou,sex_f,age_ythadult_yge15,edu_isced11_2,2015,18.9982
rou,sex_f,age_ythadult_yge15,edu_isced11_2,2016,17.1564
rou,sex_f,age_ythadult_yge15,edu_isced11_2,2017,16.3569
rou,sex_f,age_ythadult_yge15,edu_isced11_2,2018,15.8251
rou,sex_f,age_ythadult_yge15,edu_isced11_2,2019,15.1241
rou,sex_f,age_ythadult_yge15,edu_isced11_3,2014,47.6923
rou,sex_f,age_ythadult_yge15,edu_isced11_3,2015,49.2274
rou,sex_f,age_ythadult_yge15,edu_isced11_3,2016,51.4351
rou,sex_f,age_ythadult_yge15,edu_isced11_3,2017,52.3419
rou,sex_f,age_ythadult_yge15,edu_isced11_3,2018,52.5986
rou,sex_f,age_ythadult_yge15,edu_isced11_3,2019,52.4009
rou,sex_f,age_ythadult_yge15,edu_isced11_4,2014,4.5081
rou,sex_f,age_ythadult_yge15,edu_isced11_4,2015,4.5136
rou,sex_f,age_ythadult_yge15,edu_isced11_4,2016,4.2807
rou,sex_f,age_ythadult_yge15,edu_isced11_4,2017,4.1348
rou,sex_f,age_ythadult_yge15,edu_isced11_4,2018,4.3935
rou,sex_f,age_ythadult_yge15,edu_isced11_4,2019,4.4811
rou,sex_f,age_ythadult_yge15,edu_isced11_5,2014,0.7617
rou,sex_f,age_ythadult_yge15,edu_isced11_5,2015,0.6134
rou,sex_f,age_ythadult_yge15,edu_isced11_5,2016,0.5945
rou,sex_f,age_ythadult_yge15,edu_isced11_5,2017,0.5245
rou,sex_f,age_ythadult_yge15,edu_isced11_5,2018,0.4952
rou,sex_f,age_ythadult_yge15,edu_isced11_5,2019,0.8289
rou,sex_f,age_ythadult_yge15,edu_isced11_6,2014,6.7958
rou,sex_f,age_ythadult_yge15,edu_isced11_6,2015,6.4891
rou,sex_f,age_ythadult_yge15,edu_isced11_6,2016,5.9539
rou,sex_f,age_ythadult_yge15,edu_isced11_6,2017,6.575
rou,sex_f,age_ythadult_yge15,edu_isced11_6,2018,6.6664
rou,sex_f,age_ythadult_yge15,edu_isced11_6,2019,7.0675
rou,sex_f,age_ythadult_yge15,edu_isced11_7,2014,13.5509
rou,sex_f,age_ythadult_yge15,edu_isced11_7,2015,16.4663
rou,sex_f,age_ythadult_yge15,edu_isced11_7,2016,17.5867
rou,sex_f,age_ythadult_yge15,edu_isced11_7,2017,17.3422
rou,sex_f,age_ythadult_yge15,edu_isced11_7,2018,17.4209
rou,sex_f,age_ythadult_yge15,edu_isced11_7,2019,17.5893
rou,sex_f,age_ythadult_yge15,edu_isced11_8,2015,0.0952
rou,sex_f,age_ythadult_yge15,edu_isced11_8,2016,0.0842
rou,sex_f,age_ythadult_yge15,edu_isced11_8,2017,0.1084
rou,sex_f,age_ythadult_yge15,edu_isced11_8,2019,0.2012
rou,sex_f,age_ythadult_yge15,edu_isced11_total,2014,100
rou,sex_f,age_ythadult_yge15,edu_isced11_total,2015,100
rou,sex_f,age_ythadult_yge15,edu_isced11_total,2016,100
rou,sex_f,age_ythadult_yge15,edu_isced11_total,2017,100
rou,sex_f,age_ythadult_yge15,edu_isced11_total,2018,100
rou,sex_f,age_ythadult_yge15,edu_isced11_total,2019,100
rou,sex_f,age_ythadult_yge15,edu_isced97_0,2001,2.1361
rou,sex_f,age_ythadult_yge15,edu_isced97_0,2002,1.9403
rou,sex_f,age_ythadult_yge15,edu_isced97_0,2003,1.5349
rou,sex_f,age_ythadult_yge15,edu_isced97_0,2004,1.4586
rou,sex_f,age_ythadult_yge15,edu_isced97_0,2005,1.1485
rou,sex_f,age_ythadult_yge15,edu_isced97_0,2006,0.8588
rou,sex_f,age_ythadult_yge15,edu_isced97_0,2007,0.8911
rou,sex_f,age_ythadult_yge15,edu_isced97_0,2008,0.8019
rou,sex_f,age_ythadult_yge15,edu_isced97_0,2009,0.6221
rou,sex_f,age_ythadult_yge15,edu_isced97_0,2010,0.6694
rou,sex_f,age_ythadult_yge15,edu_isced97_0,2011,0.4537
rou,sex_f,age_ythadult_yge15,edu_isced97_0,2012,0.3437
rou,sex_f,age_ythadult_yge15,edu_isced97_0,2013,0.3237
rou,sex_f,age_ythadult_yge15,edu_isced97_1,1998,19.5784
rou,sex_f,age_ythadult_yge15,edu_isced97_1,1999,19.8316
rou,sex_f,age_ythadult_yge15,edu_isced97_1,2000,18.5536
rou,sex_f,age_ythadult_yge15,edu_isced97_1,2001,15.7457
rou,sex_f,age_ythadult_yge15,edu_isced97_1,2002,12.4291
rou,sex_f,age_ythadult_yge15,edu_isced97_1,2003,10.5066
rou,sex_f,age_ythadult_yge15,edu_isced97_1,2004,8.6705
rou,sex_f,age_ythadult_yge15,edu_isced97_1,2005,8.2982
rou,sex_f,age_ythadult_yge15,edu_isced97_1,2006,7.1806
rou,sex_f,age_ythadult_yge15,edu_isced97_1,2007,6.9401
rou,sex_f,age_ythadult_yge15,edu_isced97_1,2008,6.5099
rou,sex_f,age_ythadult_yge15,edu_isced97_1,2009,6.1035
rou,sex_f,age_ythadult_yge15,edu_isced97_1,2010,5.9495
rou,sex_f,age_ythadult_yge15,edu_isced97_1,2011,5.2417
rou,sex_f,age_ythadult_yge15,edu_isced97_1,2012,4.8299
rou,sex_f,age_ythadult_yge15,edu_isced97_1,2013,4.4231
rou,sex_f,age_ythadult_yge15,edu_isced97_2,1998,21.9127
rou,sex_f,age_ythadult_yge15,edu_isced97_2,1999,22.7618
rou,sex_f,age_ythadult_yge15,edu_isced97_2,2000,23.7481
rou,sex_f,age_ythadult_yge15,edu_isced97_2,2001,23.0287
rou,sex_f,age_ythadult_yge15,edu_isced97_2,2002,22.1912
rou,sex_f,age_ythadult_yge15,edu_isced97_2,2003,23.8041
rou,sex_f,age_ythadult_yge15,edu_isced97_2,2004,21.052
rou,sex_f,age_ythadult_yge15,edu_isced97_2,2005,20.1993
rou,sex_f,age_ythadult_yge15,edu_isced97_2,2006,19.5548
rou,sex_f,age_ythadult_yge15,edu_isced97_2,2007,19.7676
rou,sex_f,age_ythadult_yge15,edu_isced97_2,2008,19.8357
rou,sex_f,age_ythadult_yge15,edu_isced97_2,2009,20.6148
rou,sex_f,age_ythadult_yge15,edu_isced97_2,2010,21.6579
rou,sex_f,age_ythadult_yge15,edu_isced97_2,2011,21.0205
rou,sex_f,age_ythadult_yge15,edu_isced97_2,2012,20.8967
rou,sex_f,age_ythadult_yge15,edu_isced97_2,2013,20.5646
rou,sex_f,age_ythadult_yge15,edu_isced97_3,1998,50.6277
rou,sex_f,age_ythadult_yge15,edu_isced97_3,1999,49.6636
rou,sex_f,age_ythadult_yge15,edu_isced97_3,2000,49.5504
rou,sex_f,age_ythadult_yge15,edu_isced97_3,2001,50.1184
rou,sex_f,age_ythadult_yge15,edu_isced97_3,2002,48.2268
rou,sex_f,age_ythadult_yge15,edu_isced97_3,2003,49.1285
rou,sex_f,age_ythadult_yge15,edu_isced97_3,2004,51.3865
rou,sex_f,age_ythadult_yge15,edu_isced97_3,2005,51.9608
rou,sex_f,age_ythadult_yge15,edu_isced97_3,2006,53.0187
rou,sex_f,age_ythadult_yge15,edu_isced97_3,2007,52.8444
rou,sex_f,age_ythadult_yge15,edu_isced97_3,2008,51.8866
rou,sex_f,age_ythadult_yge15,edu_isced97_3,2009,50.3388
rou,sex_f,age_ythadult_yge15,edu_isced97_3,2010,49.3605
rou,sex_f,age_ythadult_yge15,edu_isced97_3,2011,49.2982
rou,sex_f,age_ythadult_yge15,edu_isced97_3,2012,49.2896
rou,sex_f,age_ythadult_yge15,edu_isced97_3,2013,49.2864
rou,sex_f,age_ythadult_yge15,edu_isced97_4,2002,4.8012
rou,sex_f,age_ythadult_yge15,edu_isced97_4,2003,4.2819
rou,sex_f,age_ythadult_yge15,edu_isced97_4,2004,5.1785
rou,sex_f,age_ythadult_yge15,edu_isced97_4,2005,4.9814
rou,sex_f,age_ythadult_yge15,edu_isced97_4,2006,5.0828
rou,sex_f,age_ythadult_yge15,edu_isced97_4,2007,4.7952
rou,sex_f,age_ythadult_yge15,edu_isced97_4,2008,4.7077
rou,sex_f,age_ythadult_yge15,edu_isced97_4,2009,4.7571
rou,sex_f,age_ythadult_yge15,edu_isced97_4,2010,4.6605
rou,sex_f,age_ythadult_yge15,edu_isced97_4,2011,4.6056
rou,sex_f,age_ythadult_yge15,edu_isced97_4,2012,4.4291
rou,sex_f,age_ythadult_yge15,edu_isced97_4,2013,4.3433
rou,sex_f,age_ythadult_yge15,edu_isced97_5,1998,7.8812
rou,sex_f,age_ythadult_yge15,edu_isced97_5,1999,7.7431
rou,sex_f,age_ythadult_yge15,edu_isced97_5,2000,8.1479
rou,sex_f,age_ythadult_yge15,edu_isced97_5,2001,8.9711
rou,sex_f,age_ythadult_yge15,edu_isced97_5,2002,10.3508
rou,sex_f,age_ythadult_yge15,edu_isced97_5,2003,10.6843
rou,sex_f,age_ythadult_yge15,edu_isced97_5,2004,12.1128
rou,sex_f,age_ythadult_yge15,edu_isced97_5,2005,13.2643
rou,sex_f,age_ythadult_yge15,edu_isced97_5,2006,14.2041
rou,sex_f,age_ythadult_yge15,edu_isced97_5,2007,14.6609
rou,sex_f,age_ythadult_yge15,edu_isced97_5,2008,16.1513
rou,sex_f,age_ythadult_yge15,edu_isced97_5,2009,17.4627
rou,sex_f,age_ythadult_yge15,edu_isced97_5,2010,17.6403
rou,sex_f,age_ythadult_yge15,edu_isced97_5,2011,19.3324
rou,sex_f,age_ythadult_yge15,edu_isced97_5,2012,20.1255
rou,sex_f,age_ythadult_yge15,edu_isced97_5,2013,20.9426
rou,sex_f,age_ythadult_yge15,edu_isced97_6,2002,0.0606
rou,sex_f,age_ythadult_yge15,edu_isced97_6,2003,0.0597
rou,sex_f,age_ythadult_yge15,edu_isced97_6,2004,0.1411
rou,sex_f,age_ythadult_yge15,edu_isced97_6,2006,0.1002
rou,sex_f,age_ythadult_yge15,edu_isced97_6,2007,0.1008
rou,sex_f,age_ythadult_yge15,edu_isced97_6,2008,0.107
rou,sex_f,age_ythadult_yge15,edu_isced97_6,2009,0.1009
rou,sex_f,age_ythadult_yge15,edu_isced97_6,2011,0.0479
rou,sex_f,age_ythadult_yge15,edu_isced97_6,2012,0.0854
rou,sex_f,age_ythadult_yge15,edu_isced97_6,2013,0.1164
rou,sex_f,age_ythadult_yge15,edu_isced97_total,1998,100
rou,sex_f,age_ythadult_yge15,edu_isced97_total,1999,100
rou,sex_f,age_ythadult_yge15,edu_isced97_total,2000,100
rou,sex_f,age_ythadult_yge15,edu_isced97_total,2001,100
rou,sex_f,age_ythadult_yge15,edu_isced97_total,2002,100
rou,sex_f,age_ythadult_yge15,edu_isced97_total,2003,100
rou,sex_f,age_ythadult_yge15,edu_isced97_total,2004,100
rou,sex_f,age_ythadult_yge15,edu_isced97_total,2005,100
rou,sex_f,age_ythadult_yge15,edu_isced97_total,2006,100
rou,sex_f,age_ythadult_yge15,edu_isced97_total,2007,100
rou,sex_f,age_ythadult_yge15,edu_isced97_total,2008,100
rou,sex_f,age_ythadult_yge15,edu_isced97_total,2009,100
rou,sex_f,age_ythadult_yge15,edu_isced97_total,2010,100
rou,sex_f,age_ythadult_yge15,edu_isced97_total,2011,100
rou,sex_f,age_ythadult_yge15,edu_isced97_total,2012,100
rou,sex_f,age_ythadult_yge15,edu_isced97_total,2013,100
rou,sex_f,age_ythadult_yge25,edu_aggregate_adv,1997,12.9553
rou,sex_f,age_ythadult_yge25,edu_aggregate_adv,1998,8.4985
rou,sex_f,age_ythadult_yge25,edu_aggregate_adv,1999,8.3447
rou,sex_f,age_ythadult_yge25,edu_aggregate_adv,2000,8.7559
rou,sex_f,age_ythadult_yge25,edu_aggregate_adv,2001,9.5871
rou,sex_f,age_ythadult_yge25,edu_aggregate_adv,2002,11.0054
rou,sex_f,age_ythadult_yge25,edu_aggregate_adv,2003,11.223
rou,sex_f,age_ythadult_yge25,edu_aggregate_adv,2004,12.7996
rou,sex_f,age_ythadult_yge25,edu_aggregate_adv,2005,14.0882
rou,sex_f,age_ythadult_yge25,edu_aggregate_adv,2006,14.9448
rou,sex_f,age_ythadult_yge25,edu_aggregate_adv,2007,15.2277
rou,sex_f,age_ythadult_yge25,edu_aggregate_adv,2008,16.7733
rou,sex_f,age_ythadult_yge25,edu_aggregate_adv,2009,17.9838
rou,sex_f,age_ythadult_yge25,edu_aggregate_adv,2010,18.1517
rou,sex_f,age_ythadult_yge25,edu_aggregate_adv,2011,19.8212
rou,sex_f,age_ythadult_yge25,edu_aggregate_adv,2012,20.6046
rou,sex_f,age_ythadult_yge25,edu_aggregate_adv,2013,21.5321
rou,sex_f,age_ythadult_yge25,edu_aggregate_adv,2014,21.7604
rou,sex_f,age_ythadult_yge25,edu_aggregate_adv,2015,24.3323
rou,sex_f,age_ythadult_yge25,edu_aggregate_adv,2016,24.9173
rou,sex_f,age_ythadult_yge25,edu_aggregate_adv,2017,25.2332
rou,sex_f,age_ythadult_yge25,edu_aggregate_adv,2018,25.4651
rou,sex_f,age_ythadult_yge25,edu_aggregate_adv,2019,26.4179
rou,sex_f,age_ythadult_yge25,edu_aggregate_bas,1997,43.6167
rou,sex_f,age_ythadult_yge25,edu_aggregate_bas,1998,43.3723
rou,sex_f,age_ythadult_yge25,edu_aggregate_bas,1999,43.8006
rou,sex_f,age_ythadult_yge25,edu_aggregate_bas,2000,43.01
rou,sex_f,age_ythadult_yge25,edu_aggregate_bas,2001,39.0541
rou,sex_f,age_ythadult_yge25,edu_aggregate_bas,2002,34.4694
rou,sex_f,age_ythadult_yge25,edu_aggregate_bas,2003,34.0395
rou,sex_f,age_ythadult_yge25,edu_aggregate_bas,2004,29.4143
rou,sex_f,age_ythadult_yge25,edu_aggregate_bas,2005,28.1516
rou,sex_f,age_ythadult_yge25,edu_aggregate_bas,2006,26.1968
rou,sex_f,age_ythadult_yge25,edu_aggregate_bas,2007,26.324
rou,sex_f,age_ythadult_yge25,edu_aggregate_bas,2008,26.2057
rou,sex_f,age_ythadult_yge25,edu_aggregate_bas,2009,26.5269
rou,sex_f,age_ythadult_yge25,edu_aggregate_bas,2010,27.266
rou,sex_f,age_ythadult_yge25,edu_aggregate_bas,2011,25.9887
rou,sex_f,age_ythadult_yge25,edu_aggregate_bas,2012,25.2987
rou,sex_f,age_ythadult_yge25,edu_aggregate_bas,2013,24.6272
rou,sex_f,age_ythadult_yge25,edu_aggregate_bas,2014,25.988
rou,sex_f,age_ythadult_yge25,edu_aggregate_bas,2015,21.8641
rou,sex_f,age_ythadult_yge25,edu_aggregate_bas,2016,19.3518
rou,sex_f,age_ythadult_yge25,edu_aggregate_bas,2017,18.2057
rou,sex_f,age_ythadult_yge25,edu_aggregate_bas,2018,17.6127
rou,sex_f,age_ythadult_yge25,edu_aggregate_bas,2019,16.753
rou,sex_f,age_ythadult_yge25,edu_aggregate_int,1997,43.4279
rou,sex_f,age_ythadult_yge25,edu_aggregate_int,1998,48.1292
rou,sex_f,age_ythadult_yge25,edu_aggregate_int,1999,47.8547
rou,sex_f,age_ythadult_yge25,edu_aggregate_int,2000,48.2341
rou,sex_f,age_ythadult_yge25,edu_aggregate_int,2001,49.0767
rou,sex_f,age_ythadult_yge25,edu_aggregate_int,2002,52.4065
rou,sex_f,age_ythadult_yge25,edu_aggregate_int,2003,53.1901
rou,sex_f,age_ythadult_yge25,edu_aggregate_int,2004,56.3204
rou,sex_f,age_ythadult_yge25,edu_aggregate_int,2005,56.6019
rou,sex_f,age_ythadult_yge25,edu_aggregate_int,2006,57.9512
rou,sex_f,age_ythadult_yge25,edu_aggregate_int,2007,57.5334
rou,sex_f,age_ythadult_yge25,edu_aggregate_int,2008,56.2059
rou,sex_f,age_ythadult_yge25,edu_aggregate_int,2009,54.8792
rou,sex_f,age_ythadult_yge25,edu_aggregate_int,2010,53.9526
rou,sex_f,age_ythadult_yge25,edu_aggregate_int,2011,53.7687
rou,sex_f,age_ythadult_yge25,edu_aggregate_int,2012,53.7659
rou,sex_f,age_ythadult_yge25,edu_aggregate_int,2013,53.5249
rou,sex_f,age_ythadult_yge25,edu_aggregate_int,2014,51.9605
rou,sex_f,age_ythadult_yge25,edu_aggregate_int,2015,53.4795
rou,sex_f,age_ythadult_yge25,edu_aggregate_int,2016,55.5101
rou,sex_f,age_ythadult_yge25,edu_aggregate_int,2017,56.3021
rou,sex_f,age_ythadult_yge25,edu_aggregate_int,2018,56.6533
rou,sex_f,age_ythadult_yge25,edu_aggregate_int,2019,56.5757
rou,sex_f,age_ythadult_yge25,edu_aggregate_ltb,2001,2.282
rou,sex_f,age_ythadult_yge25,edu_aggregate_ltb,2002,2.1187
rou,sex_f,age_ythadult_yge25,edu_aggregate_ltb,2003,1.5474
rou,sex_f,age_ythadult_yge25,edu_aggregate_ltb,2004,1.4657
rou,sex_f,age_ythadult_yge25,edu_aggregate_ltb,2005,1.1583
rou,sex_f,age_ythadult_yge25,edu_aggregate_ltb,2006,0.9072
rou,sex_f,age_ythadult_yge25,edu_aggregate_ltb,2007,0.9149
rou,sex_f,age_ythadult_yge25,edu_aggregate_ltb,2008,0.8151
rou,sex_f,age_ythadult_yge25,edu_aggregate_ltb,2009,0.6102
rou,sex_f,age_ythadult_yge25,edu_aggregate_ltb,2010,0.6297
rou,sex_f,age_ythadult_yge25,edu_aggregate_ltb,2011,0.4213
rou,sex_f,age_ythadult_yge25,edu_aggregate_ltb,2012,0.3308
rou,sex_f,age_ythadult_yge25,edu_aggregate_ltb,2013,0.3158
rou,sex_f,age_ythadult_yge25,edu_aggregate_ltb,2014,0.291
rou,sex_f,age_ythadult_yge25,edu_aggregate_ltb,2015,0.324
rou,sex_f,age_ythadult_yge25,edu_aggregate_ltb,2016,0.2208
rou,sex_f,age_ythadult_yge25,edu_aggregate_ltb,2017,0.2591
rou,sex_f,age_ythadult_yge25,edu_aggregate_ltb,2018,0.2689
rou,sex_f,age_ythadult_yge25,edu_aggregate_ltb,2019,0.2533
rou,sex_f,age_ythadult_yge25,edu_aggregate_total,1997,100
rou,sex_f,age_ythadult_yge25,edu_aggregate_total,1998,100
rou,sex_f,age_ythadult_yge25,edu_aggregate_total,1999,100
rou,sex_f,age_ythadult_yge25,edu_aggregate_total,2000,100
rou,sex_f,age_ythadult_yge25,edu_aggregate_total,2001,100
rou,sex_f,age_ythadult_yge25,edu_aggregate_total,2002,100
rou,sex_f,age_ythadult_yge25,edu_aggregate_total,2003,100
rou,sex_f,age_ythadult_yge25,edu_aggregate_total,2004,100
rou,sex_f,age_ythadult_yge25,edu_aggregate_total,2005,100
rou,sex_f,age_ythadult_yge25,edu_aggregate_total,2006,100
rou,sex_f,age_ythadult_yge25,edu_aggregate_total,2007,100
rou,sex_f,age_ythadult_yge25,edu_aggregate_total,2008,100
rou,sex_f,age_ythadult_yge25,edu_aggregate_total,2009,100
rou,sex_f,age_ythadult_yge25,edu_aggregate_total,2010,100
rou,sex_f,age_ythadult_yge25,edu_aggregate_total,2011,100
rou,sex_f,age_ythadult_yge25,edu_aggregate_total,2012,100
rou,sex_f,age_ythadult_yge25,edu_aggregate_total,2013,100
rou,sex_f,age_ythadult_yge25,edu_aggregate_total,2014,100
rou,sex_f,age_ythadult_yge25,edu_aggregate_total,2015,100
rou,sex_f,age_ythadult_yge25,edu_aggregate_total,2016,100
rou,sex_f,age_ythadult_yge25,edu_aggregate_total,2017,100
rou,sex_f,age_ythadult_yge25,edu_aggregate_total,2018,100
rou,sex_f,age_ythadult_yge25,edu_aggregate_total,2019,100
rou,sex_f,age_ythadult_yge25,edu_isced11_0,2014,0.291
rou,sex_f,age_ythadult_yge25,edu_isced11_0,2015,0.324
rou,sex_f,age_ythadult_yge25,edu_isced11_0,2016,0.2208
rou,sex_f,age_ythadult_yge25,edu_isced11_0,2017,0.2591
rou,sex_f,age_ythadult_yge25,edu_isced11_0,2018,0.2689
rou,sex_f,age_ythadult_yge25,edu_isced11_0,2019,0.2533
rou,sex_f,age_ythadult_yge25,edu_isced11_1,2014,4.0104
rou,sex_f,age_ythadult_yge25,edu_isced11_1,2015,3.2842
rou,sex_f,age_ythadult_yge25,edu_isced11_1,2016,2.5937
rou,sex_f,age_ythadult_yge25,edu_isced11_1,2017,2.2747
rou,sex_f,age_ythadult_yge25,edu_isced11_1,2018,2.2189
rou,sex_f,age_ythadult_yge25,edu_isced11_1,2019,2.0654
rou,sex_f,age_ythadult_yge25,edu_isced11_2,2014,21.9776
rou,sex_f,age_ythadult_yge25,edu_isced11_2,2015,18.5799
rou,sex_f,age_ythadult_yge25,edu_isced11_2,2016,16.7581
rou,sex_f,age_ythadult_yge25,edu_isced11_2,2017,15.931
rou,sex_f,age_ythadult_yge25,edu_isced11_2,2018,15.3938
rou,sex_f,age_ythadult_yge25,edu_isced11_2,2019,14.6877
rou,sex_f,age_ythadult_yge25,edu_isced11_3,2014,47.3342
rou,sex_f,age_ythadult_yge25,edu_isced11_3,2015,48.8895
rou,sex_f,age_ythadult_yge25,edu_isced11_3,2016,51.1523
rou,sex_f,age_ythadult_yge25,edu_isced11_3,2017,52.0681
rou,sex_f,age_ythadult_yge25,edu_isced11_3,2018,52.1323
rou,sex_f,age_ythadult_yge25,edu_isced11_3,2019,52.0051
rou,sex_f,age_ythadult_yge25,edu_isced11_4,2014,4.6263
rou,sex_f,age_ythadult_yge25,edu_isced11_4,2015,4.59
rou,sex_f,age_ythadult_yge25,edu_isced11_4,2016,4.3578
rou,sex_f,age_ythadult_yge25,edu_isced11_4,2017,4.2339
rou,sex_f,age_ythadult_yge25,edu_isced11_4,2018,4.5211
rou,sex_f,age_ythadult_yge25,edu_isced11_4,2019,4.5706
rou,sex_f,age_ythadult_yge25,edu_isced11_5,2014,0.8004
rou,sex_f,age_ythadult_yge25,edu_isced11_5,2015,0.6474
rou,sex_f,age_ythadult_yge25,edu_isced11_5,2016,0.6253
rou,sex_f,age_ythadult_yge25,edu_isced11_5,2017,0.5557
rou,sex_f,age_ythadult_yge25,edu_isced11_5,2018,0.5161
rou,sex_f,age_ythadult_yge25,edu_isced11_5,2019,0.8582
rou,sex_f,age_ythadult_yge25,edu_isced11_6,2014,6.6963
rou,sex_f,age_ythadult_yge25,edu_isced11_6,2015,6.2271
rou,sex_f,age_ythadult_yge25,edu_isced11_6,2016,5.7894
rou,sex_f,age_ythadult_yge25,edu_isced11_6,2017,6.2843
rou,sex_f,age_ythadult_yge25,edu_isced11_6,2018,6.4115
rou,sex_f,age_ythadult_yge25,edu_isced11_6,2019,6.9022
rou,sex_f,age_ythadult_yge25,edu_isced11_7,2014,14.1256
rou,sex_f,age_ythadult_yge25,edu_isced11_7,2015,17.3569
rou,sex_f,age_ythadult_yge25,edu_isced11_7,2016,18.414
rou,sex_f,age_ythadult_yge25,edu_isced11_7,2017,18.2784
rou,sex_f,age_ythadult_yge25,edu_isced11_7,2018,18.4159
rou,sex_f,age_ythadult_yge25,edu_isced11_7,2019,18.4452
rou,sex_f,age_ythadult_yge25,edu_isced11_8,2015,0.1008
rou,sex_f,age_ythadult_yge25,edu_isced11_8,2016,0.0886
rou,sex_f,age_ythadult_yge25,edu_isced11_8,2017,0.1148
rou,sex_f,age_ythadult_yge25,edu_isced11_8,2019,0.2123
rou,sex_f,age_ythadult_yge25,edu_isced11_total,2014,100
rou,sex_f,age_ythadult_yge25,edu_isced11_total,2015,100
rou,sex_f,age_ythadult_yge25,edu_isced11_total,2016,100
rou,sex_f,age_ythadult_yge25,edu_isced11_total,2017,100
rou,sex_f,age_ythadult_yge25,edu_isced11_total,2018,100
rou,sex_f,age_ythadult_yge25,edu_isced11_total,2019,100
rou,sex_f,age_ythadult_yge25,edu_isced97_0,2001,2.282
rou,sex_f,age_ythadult_yge25,edu_isced97_0,2002,2.1187
rou,sex_f,age_ythadult_yge25,edu_isced97_0,2003,1.5474
rou,sex_f,age_ythadult_yge25,edu_isced97_0,2004,1.4657
rou,sex_f,age_ythadult_yge25,edu_isced97_0,2005,1.1583
rou,sex_f,age_ythadult_yge25,edu_isced97_0,2006,0.9072
rou,sex_f,age_ythadult_yge25,edu_isced97_0,2007,0.9149
rou,sex_f,age_ythadult_yge25,edu_isced97_0,2008,0.8151
rou,sex_f,age_ythadult_yge25,edu_isced97_0,2009,0.6102
rou,sex_f,age_ythadult_yge25,edu_isced97_0,2010,0.6297
rou,sex_f,age_ythadult_yge25,edu_isced97_0,2011,0.4213
rou,sex_f,age_ythadult_yge25,edu_isced97_0,2012,0.3308
rou,sex_f,age_ythadult_yge25,edu_isced97_0,2013,0.3158
rou,sex_f,age_ythadult_yge25,edu_isced97_1,1998,21.7528
rou,sex_f,age_ythadult_yge25,edu_isced97_1,1999,21.7197
rou,sex_f,age_ythadult_yge25,edu_isced97_1,2000,20.2765
rou,sex_f,age_ythadult_yge25,edu_isced97_1,2001,17.057
rou,sex_f,age_ythadult_yge25,edu_isced97_1,2002,13.2819
rou,sex_f,age_ythadult_yge25,edu_isced97_1,2003,11.0294
rou,sex_f,age_ythadult_yge25,edu_isced97_1,2004,9.3293
rou,sex_f,age_ythadult_yge25,edu_isced97_1,2005,8.7892
rou,sex_f,age_ythadult_yge25,edu_isced97_1,2006,7.5534
rou,sex_f,age_ythadult_yge25,edu_isced97_1,2007,7.221
rou,sex_f,age_ythadult_yge25,edu_isced97_1,2008,6.7738
rou,sex_f,age_ythadult_yge25,edu_isced97_1,2009,6.3374
rou,sex_f,age_ythadult_yge25,edu_isced97_1,2010,6.049
rou,sex_f,age_ythadult_yge25,edu_isced97_1,2011,5.3889
rou,sex_f,age_ythadult_yge25,edu_isced97_1,2012,4.9203
rou,sex_f,age_ythadult_yge25,edu_isced97_1,2013,4.5133
rou,sex_f,age_ythadult_yge25,edu_isced97_2,1998,21.6195
rou,sex_f,age_ythadult_yge25,edu_isced97_2,1999,22.0809
rou,sex_f,age_ythadult_yge25,edu_isced97_2,2000,22.7336
rou,sex_f,age_ythadult_yge25,edu_isced97_2,2001,21.9971
rou,sex_f,age_ythadult_yge25,edu_isced97_2,2002,21.1875
rou,sex_f,age_ythadult_yge25,edu_isced97_2,2003,23.0101
rou,sex_f,age_ythadult_yge25,edu_isced97_2,2004,20.085
rou,sex_f,age_ythadult_yge25,edu_isced97_2,2005,19.3624
rou,sex_f,age_ythadult_yge25,edu_isced97_2,2006,18.6434
rou,sex_f,age_ythadult_yge25,edu_isced97_2,2007,19.103
rou,sex_f,age_ythadult_yge25,edu_isced97_2,2008,19.4319
rou,sex_f,age_ythadult_yge25,edu_isced97_2,2009,20.1895
rou,sex_f,age_ythadult_yge25,edu_isced97_2,2010,21.2171
rou,sex_f,age_ythadult_yge25,edu_isced97_2,2011,20.5999
rou,sex_f,age_ythadult_yge25,edu_isced97_2,2012,20.3783
rou,sex_f,age_ythadult_yge25,edu_isced97_2,2013,20.1139
rou,sex_f,age_ythadult_yge25,edu_isced97_3,1998,48.1292
rou,sex_f,age_ythadult_yge25,edu_isced97_3,1999,47.8547
rou,sex_f,age_ythadult_yge25,edu_isced97_3,2000,48.2341
rou,sex_f,age_ythadult_yge25,edu_isced97_3,2001,49.0767
rou,sex_f,age_ythadult_yge25,edu_isced97_3,2002,47.4319
rou,sex_f,age_ythadult_yge25,edu_isced97_3,2003,48.8122
rou,sex_f,age_ythadult_yge25,edu_isced97_3,2004,51.0375
rou,sex_f,age_ythadult_yge25,edu_isced97_3,2005,51.5519
rou,sex_f,age_ythadult_yge25,edu_isced97_3,2006,52.7188
rou,sex_f,age_ythadult_yge25,edu_isced97_3,2007,52.5353
rou,sex_f,age_ythadult_yge25,edu_isced97_3,2008,51.2998
rou,sex_f,age_ythadult_yge25,edu_isced97_3,2009,49.9549
rou,sex_f,age_ythadult_yge25,edu_isced97_3,2010,49.1247
rou,sex_f,age_ythadult_yge25,edu_isced97_3,2011,48.9945
rou,sex_f,age_ythadult_yge25,edu_isced97_3,2012,49.161
rou,sex_f,age_ythadult_yge25,edu_isced97_3,2013,49.0103
rou,sex_f,age_ythadult_yge25,edu_isced97_4,2002,4.9746
rou,sex_f,age_ythadult_yge25,edu_isced97_4,2003,4.3779
rou,sex_f,age_ythadult_yge25,edu_isced97_4,2004,5.2829
rou,sex_f,age_ythadult_yge25,edu_isced97_4,2005,5.0499
rou,sex_f,age_ythadult_yge25,edu_isced97_4,2006,5.2324
rou,sex_f,age_ythadult_yge25,edu_isced97_4,2007,4.9981
rou,sex_f,age_ythadult_yge25,edu_isced97_4,2008,4.9061
rou,sex_f,age_ythadult_yge25,edu_isced97_4,2009,4.9243
rou,sex_f,age_ythadult_yge25,edu_isced97_4,2010,4.8279
rou,sex_f,age_ythadult_yge25,edu_isced97_4,2011,4.7742
rou,sex_f,age_ythadult_yge25,edu_isced97_4,2012,4.6048
rou,sex_f,age_ythadult_yge25,edu_isced97_4,2013,4.5146
rou,sex_f,age_ythadult_yge25,edu_isced97_5,1998,8.4985
rou,sex_f,age_ythadult_yge25,edu_isced97_5,1999,8.3447
rou,sex_f,age_ythadult_yge25,edu_isced97_5,2000,8.7559
rou,sex_f,age_ythadult_yge25,edu_isced97_5,2001,9.5871
rou,sex_f,age_ythadult_yge25,edu_isced97_5,2002,10.9381
rou,sex_f,age_ythadult_yge25,edu_isced97_5,2003,11.1575
rou,sex_f,age_ythadult_yge25,edu_isced97_5,2004,12.643
rou,sex_f,age_ythadult_yge25,edu_isced97_5,2005,13.9269
rou,sex_f,age_ythadult_yge25,edu_isced97_5,2006,14.8361
rou,sex_f,age_ythadult_yge25,edu_isced97_5,2007,15.1188
rou,sex_f,age_ythadult_yge25,edu_isced97_5,2008,16.6578
rou,sex_f,age_ythadult_yge25,edu_isced97_5,2009,17.8747
rou,sex_f,age_ythadult_yge25,edu_isced97_5,2010,18.0855
rou,sex_f,age_ythadult_yge25,edu_isced97_5,2011,19.7702
rou,sex_f,age_ythadult_yge25,edu_isced97_5,2012,20.5137
rou,sex_f,age_ythadult_yge25,edu_isced97_5,2013,21.4088
rou,sex_f,age_ythadult_yge25,edu_isced97_6,2002,0.0673
rou,sex_f,age_ythadult_yge25,edu_isced97_6,2003,0.0656
rou,sex_f,age_ythadult_yge25,edu_isced97_6,2004,0.1566
rou,sex_f,age_ythadult_yge25,edu_isced97_6,2006,0.1087
rou,sex_f,age_ythadult_yge25,edu_isced97_6,2007,0.1089
rou,sex_f,age_ythadult_yge25,edu_isced97_6,2008,0.1154
rou,sex_f,age_ythadult_yge25,edu_isced97_6,2009,0.1091
rou,sex_f,age_ythadult_yge25,edu_isced97_6,2011,0.0511
rou,sex_f,age_ythadult_yge25,edu_isced97_6,2012,0.091
rou,sex_f,age_ythadult_yge25,edu_isced97_6,2013,0.1233
rou,sex_f,age_ythadult_yge25,edu_isced97_total,1998,100
rou,sex_f,age_ythadult_yge25,edu_isced97_total,1999,100
rou,sex_f,age_ythadult_yge25,edu_isced97_total,2000,100
rou,sex_f,age_ythadult_yge25,edu_isced97_total,2001,100
rou,sex_f,age_ythadult_yge25,edu_isced97_total,2002,100
rou,sex_f,age_ythadult_yge25,edu_isced97_total,2003,100
rou,sex_f,age_ythadult_yge25,edu_isced97_total,2004,100
rou,sex_f,age_ythadult_yge25,edu_isced97_total,2005,100
rou,sex_f,age_ythadult_yge25,edu_isced97_total,2006,100
rou,sex_f,age_ythadult_yge25,edu_isced97_total,2007,100
rou,sex_f,age_ythadult_yge25,edu_isced97_total,2008,100
rou,sex_f,age_ythadult_yge25,edu_isced97_total,2009,100
rou,sex_f,age_ythadult_yge25,edu_isced97_total,2010,100
rou,sex_f,age_ythadult_yge25,edu_isced97_total,2011,100
rou,sex_f,age_ythadult_yge25,edu_isced97_total,2012,100
rou,sex_f,age_ythadult_yge25,edu_isced97_total,2013,100
rou,sex_m,age_10yrbands_total,edu_aggregate_adv,1997,14.2003
rou,sex_m,age_10yrbands_total,edu_aggregate_adv,1998,8.7349
rou,sex_m,age_10yrbands_total,edu_aggregate_adv,1999,8.9949
rou,sex_m,age_10yrbands_total,edu_aggregate_adv,2000,9.2181
rou,sex_m,age_10yrbands_total,edu_aggregate_adv,2001,9.7012
rou,sex_m,age_10yrbands_total,edu_aggregate_adv,2002,10.445
rou,sex_m,age_10yrbands_total,edu_aggregate_adv,2003,10.1769
rou,sex_m,age_10yrbands_total,edu_aggregate_adv,2004,11.5258
rou,sex_m,age_10yrbands_total,edu_aggregate_adv,2005,11.9599
rou,sex_m,age_10yrbands_total,edu_aggregate_adv,2006,12.7828
rou,sex_m,age_10yrbands_total,edu_aggregate_adv,2007,12.9912
rou,sex_m,age_10yrbands_total,edu_aggregate_adv,2008,13.5994
rou,sex_m,age_10yrbands_total,edu_aggregate_adv,2009,13.7337
rou,sex_m,age_10yrbands_total,edu_aggregate_adv,2010,14.2508
rou,sex_m,age_10yrbands_total,edu_aggregate_adv,2011,15.6418
rou,sex_m,age_10yrbands_total,edu_aggregate_adv,2012,15.7997
rou,sex_m,age_10yrbands_total,edu_aggregate_adv,2013,16.0474
rou,sex_m,age_10yrbands_total,edu_aggregate_adv,2014,16.2657
rou,sex_m,age_10yrbands_total,edu_aggregate_adv,2015,17.5692
rou,sex_m,age_10yrbands_total,edu_aggregate_adv,2016,17.762
rou,sex_m,age_10yrbands_total,edu_aggregate_adv,2017,17.3859
rou,sex_m,age_10yrbands_total,edu_aggregate_adv,2018,17.3358
rou,sex_m,age_10yrbands_total,edu_aggregate_adv,2019,17.8219
rou,sex_m,age_10yrbands_total,edu_aggregate_bas,1997,31.7801
rou,sex_m,age_10yrbands_total,edu_aggregate_bas,1998,32.0341
rou,sex_m,age_10yrbands_total,edu_aggregate_bas,1999,32.2184
rou,sex_m,age_10yrbands_total,edu_aggregate_bas,2000,31.9547
rou,sex_m,age_10yrbands_total,edu_aggregate_bas,2001,29.381
rou,sex_m,age_10yrbands_total,edu_aggregate_bas,2002,26.707
rou,sex_m,age_10yrbands_total,edu_aggregate_bas,2003,26.5001
rou,sex_m,age_10yrbands_total,edu_aggregate_bas,2004,23.7974
rou,sex_m,age_10yrbands_total,edu_aggregate_bas,2005,22.9395
rou,sex_m,age_10yrbands_total,edu_aggregate_bas,2006,21.9387
rou,sex_m,age_10yrbands_total,edu_aggregate_bas,2007,21.9648
rou,sex_m,age_10yrbands_total,edu_aggregate_bas,2008,21.7081
rou,sex_m,age_10yrbands_total,edu_aggregate_bas,2009,22.3378
rou,sex_m,age_10yrbands_total,edu_aggregate_bas,2010,23.018
rou,sex_m,age_10yrbands_total,edu_aggregate_bas,2011,21.0641
rou,sex_m,age_10yrbands_total,edu_aggregate_bas,2012,20.7861
rou,sex_m,age_10yrbands_total,edu_aggregate_bas,2013,20.936
rou,sex_m,age_10yrbands_total,edu_aggregate_bas,2014,23.9712
rou,sex_m,age_10yrbands_total,edu_aggregate_bas,2015,21.9596
rou,sex_m,age_10yrbands_total,edu_aggregate_bas,2016,20.4364
rou,sex_m,age_10yrbands_total,edu_aggregate_bas,2017,19.8749
rou,sex_m,age_10yrbands_total,edu_aggregate_bas,2018,19.0905
rou,sex_m,age_10yrbands_total,edu_aggregate_bas,2019,18.6045
rou,sex_m,age_10yrbands_total,edu_aggregate_int,1997,54.0196
rou,sex_m,age_10yrbands_total,edu_aggregate_int,1998,59.231
rou,sex_m,age_10yrbands_total,edu_aggregate_int,1999,58.7866
rou,sex_m,age_10yrbands_total,edu_aggregate_int,2000,58.8272
rou,sex_m,age_10yrbands_total,edu_aggregate_int,2001,59.6802
rou,sex_m,age_10yrbands_total,edu_aggregate_int,2002,62.0446
rou,sex_m,age_10yrbands_total,edu_aggregate_int,2003,62.5765
rou,sex_m,age_10yrbands_total,edu_aggregate_int,2004,63.895
rou,sex_m,age_10yrbands_total,edu_aggregate_int,2005,64.329
rou,sex_m,age_10yrbands_total,edu_aggregate_int,2006,64.6594
rou,sex_m,age_10yrbands_total,edu_aggregate_int,2007,64.416
rou,sex_m,age_10yrbands_total,edu_aggregate_int,2008,64.0427
rou,sex_m,age_10yrbands_total,edu_aggregate_int,2009,63.3935
rou,sex_m,age_10yrbands_total,edu_aggregate_int,2010,62.3165
rou,sex_m,age_10yrbands_total,edu_aggregate_int,2011,62.9965
rou,sex_m,age_10yrbands_total,edu_aggregate_int,2012,63.0944
rou,sex_m,age_10yrbands_total,edu_aggregate_int,2013,62.6601
rou,sex_m,age_10yrbands_total,edu_aggregate_int,2014,59.4678
rou,sex_m,age_10yrbands_total,edu_aggregate_int,2015,60.1156
rou,sex_m,age_10yrbands_total,edu_aggregate_int,2016,61.4741
rou,sex_m,age_10yrbands_total,edu_aggregate_int,2017,62.3932
rou,sex_m,age_10yrbands_total,edu_aggregate_int,2018,63.1548
rou,sex_m,age_10yrbands_total,edu_aggregate_int,2019,63.1745
rou,sex_m,age_10yrbands_total,edu_aggregate_ltb,2001,1.2376
rou,sex_m,age_10yrbands_total,edu_aggregate_ltb,2002,0.8033
rou,sex_m,age_10yrbands_total,edu_aggregate_ltb,2003,0.7465
rou,sex_m,age_10yrbands_total,edu_aggregate_ltb,2004,0.7819
rou,sex_m,age_10yrbands_total,edu_aggregate_ltb,2005,0.7715
rou,sex_m,age_10yrbands_total,edu_aggregate_ltb,2006,0.6191
rou,sex_m,age_10yrbands_total,edu_aggregate_ltb,2007,0.628
rou,sex_m,age_10yrbands_total,edu_aggregate_ltb,2008,0.6498
rou,sex_m,age_10yrbands_total,edu_aggregate_ltb,2009,0.5351
rou,sex_m,age_10yrbands_total,edu_aggregate_ltb,2010,0.4148
rou,sex_m,age_10yrbands_total,edu_aggregate_ltb,2011,0.2976
rou,sex_m,age_10yrbands_total,edu_aggregate_ltb,2012,0.3197
rou,sex_m,age_10yrbands_total,edu_aggregate_ltb,2013,0.3565
rou,sex_m,age_10yrbands_total,edu_aggregate_ltb,2014,0.2952
rou,sex_m,age_10yrbands_total,edu_aggregate_ltb,2015,0.3556
rou,sex_m,age_10yrbands_total,edu_aggregate_ltb,2016,0.3275
rou,sex_m,age_10yrbands_total,edu_aggregate_ltb,2017,0.346
rou,sex_m,age_10yrbands_total,edu_aggregate_ltb,2018,0.4188
rou,sex_m,age_10yrbands_total,edu_aggregate_ltb,2019,0.399
rou,sex_m,age_10yrbands_total,edu_aggregate_total,1997,100
rou,sex_m,age_10yrbands_total,edu_aggregate_total,1998,100
rou,sex_m,age_10yrbands_total,edu_aggregate_total,1999,100
rou,sex_m,age_10yrbands_total,edu_aggregate_total,2000,100
rou,sex_m,age_10yrbands_total,edu_aggregate_total,2001,100
rou,sex_m,age_10yrbands_total,edu_aggregate_total,2002,100
rou,sex_m,age_10yrbands_total,edu_aggregate_total,2003,100
rou,sex_m,age_10yrbands_total,edu_aggregate_total,2004,100
rou,sex_m,age_10yrbands_total,edu_aggregate_total,2005,100
rou,sex_m,age_10yrbands_total,edu_aggregate_total,2006,100
rou,sex_m,age_10yrbands_total,edu_aggregate_total,2007,100
rou,sex_m,age_10yrbands_total,edu_aggregate_total,2008,100
rou,sex_m,age_10yrbands_total,edu_aggregate_total,2009,100
rou,sex_m,age_10yrbands_total,edu_aggregate_total,2010,100
rou,sex_m,age_10yrbands_total,edu_aggregate_total,2011,100
rou,sex_m,age_10yrbands_total,edu_aggregate_total,2012,100
rou,sex_m,age_10yrbands_total,edu_aggregate_total,2013,100
rou,sex_m,age_10yrbands_total,edu_aggregate_total,2014,100
rou,sex_m,age_10yrbands_total,edu_aggregate_total,2015,100
rou,sex_m,age_10yrbands_total,edu_aggregate_total,2016,100
rou,sex_m,age_10yrbands_total,edu_aggregate_total,2017,100
rou,sex_m,age_10yrbands_total,edu_aggregate_total,2018,100
rou,sex_m,age_10yrbands_total,edu_aggregate_total,2019,100
rou,sex_m,age_10yrbands_total,edu_isced11_0,2014,0.2952
rou,sex_m,age_10yrbands_total,edu_isced11_0,2015,0.3556
rou,sex_m,age_10yrbands_total,edu_isced11_0,2016,0.3275
rou,sex_m,age_10yrbands_total,edu_isced11_0,2017,0.346
rou,sex_m,age_10yrbands_total,edu_isced11_0,2018,0.4188
rou,sex_m,age_10yrbands_total,edu_isced11_0,2019,0.399
rou,sex_m,age_10yrbands_total,edu_isced11_1,2014,2.7269
rou,sex_m,age_10yrbands_total,edu_isced11_1,2015,2.9858
rou,sex_m,age_10yrbands_total,edu_isced11_1,2016,2.7038
rou,sex_m,age_10yrbands_total,edu_isced11_1,2017,2.5752
rou,sex_m,age_10yrbands_total,edu_isced11_1,2018,2.4659
rou,sex_m,age_10yrbands_total,edu_isced11_1,2019,2.4787
rou,sex_m,age_10yrbands_total,edu_isced11_2,2014,21.2444
rou,sex_m,age_10yrbands_total,edu_isced11_2,2015,18.9738
rou,sex_m,age_10yrbands_total,edu_isced11_2,2016,17.7326
rou,sex_m,age_10yrbands_total,edu_isced11_2,2017,17.2997
rou,sex_m,age_10yrbands_total,edu_isced11_2,2018,16.6247
rou,sex_m,age_10yrbands_total,edu_isced11_2,2019,16.1257
rou,sex_m,age_10yrbands_total,edu_isced11_3,2014,56.5923
rou,sex_m,age_10yrbands_total,edu_isced11_3,2015,57.7619
rou,sex_m,age_10yrbands_total,edu_isced11_3,2016,59.2446
rou,sex_m,age_10yrbands_total,edu_isced11_3,2017,60.0816
rou,sex_m,age_10yrbands_total,edu_isced11_3,2018,61.0083
rou,sex_m,age_10yrbands_total,edu_isced11_3,2019,61.2041
rou,sex_m,age_10yrbands_total,edu_isced11_4,2014,2.8756
rou,sex_m,age_10yrbands_total,edu_isced11_4,2015,2.3536
rou,sex_m,age_10yrbands_total,edu_isced11_4,2016,2.2295
rou,sex_m,age_10yrbands_total,edu_isced11_4,2017,2.3117
rou,sex_m,age_10yrbands_total,edu_isced11_4,2018,2.1466
rou,sex_m,age_10yrbands_total,edu_isced11_4,2019,1.9704
rou,sex_m,age_10yrbands_total,edu_isced11_5,2014,0.5457
rou,sex_m,age_10yrbands_total,edu_isced11_5,2015,0.4129
rou,sex_m,age_10yrbands_total,edu_isced11_5,2016,0.361
rou,sex_m,age_10yrbands_total,edu_isced11_5,2017,0.3395
rou,sex_m,age_10yrbands_total,edu_isced11_5,2018,0.3269
rou,sex_m,age_10yrbands_total,edu_isced11_5,2019,0.5692
rou,sex_m,age_10yrbands_total,edu_isced11_6,2014,4.4569
rou,sex_m,age_10yrbands_total,edu_isced11_6,2015,4.0003
rou,sex_m,age_10yrbands_total,edu_isced11_6,2016,3.9897
rou,sex_m,age_10yrbands_total,edu_isced11_6,2017,3.9441
rou,sex_m,age_10yrbands_total,edu_isced11_6,2018,4.1494
rou,sex_m,age_10yrbands_total,edu_isced11_6,2019,4.4439
rou,sex_m,age_10yrbands_total,edu_isced11_7,2014,11.1716
rou,sex_m,age_10yrbands_total,edu_isced11_7,2015,13.0527
rou,sex_m,age_10yrbands_total,edu_isced11_7,2016,13.2697
rou,sex_m,age_10yrbands_total,edu_isced11_7,2017,12.9689
rou,sex_m,age_10yrbands_total,edu_isced11_7,2018,12.7342
rou,sex_m,age_10yrbands_total,edu_isced11_7,2019,12.715
rou,sex_m,age_10yrbands_total,edu_isced11_8,2015,0.1033
rou,sex_m,age_10yrbands_total,edu_isced11_8,2016,0.1417
rou,sex_m,age_10yrbands_total,edu_isced11_8,2017,0.1334
rou,sex_m,age_10yrbands_total,edu_isced11_total,2014,100
rou,sex_m,age_10yrbands_total,edu_isced11_total,2015,100
rou,sex_m,age_10yrbands_total,edu_isced11_total,2016,100
rou,sex_m,age_10yrbands_total,edu_isced11_total,2017,100
rou,sex_m,age_10yrbands_total,edu_isced11_total,2018,100
rou,sex_m,age_10yrbands_total,edu_isced11_total,2019,100
rou,sex_m,age_10yrbands_total,edu_isced97_0,2001,1.2376
rou,sex_m,age_10yrbands_total,edu_isced97_0,2002,0.8033
rou,sex_m,age_10yrbands_total,edu_isced97_0,2003,0.7465
rou,sex_m,age_10yrbands_total,edu_isced97_0,2004,0.7819
rou,sex_m,age_10yrbands_total,edu_isced97_0,2005,0.7715
rou,sex_m,age_10yrbands_total,edu_isced97_0,2006,0.6191
rou,sex_m,age_10yrbands_total,edu_isced97_0,2007,0.628
rou,sex_m,age_10yrbands_total,edu_isced97_0,2008,0.6498
rou,sex_m,age_10yrbands_total,edu_isced97_0,2009,0.5351
rou,sex_m,age_10yrbands_total,edu_isced97_0,2010,0.4148
rou,sex_m,age_10yrbands_total,edu_isced97_0,2011,0.2976
rou,sex_m,age_10yrbands_total,edu_isced97_0,2012,0.3197
rou,sex_m,age_10yrbands_total,edu_isced97_0,2013,0.3565
rou,sex_m,age_10yrbands_total,edu_isced97_1,1998,12.7185
rou,sex_m,age_10yrbands_total,edu_isced97_1,1999,12.3389
rou,sex_m,age_10yrbands_total,edu_isced97_1,2000,12.0155
rou,sex_m,age_10yrbands_total,edu_isced97_1,2001,10.0758
rou,sex_m,age_10yrbands_total,edu_isced97_1,2002,8.1873
rou,sex_m,age_10yrbands_total,edu_isced97_1,2003,7.1041
rou,sex_m,age_10yrbands_total,edu_isced97_1,2004,6.4026
rou,sex_m,age_10yrbands_total,edu_isced97_1,2005,5.6458
rou,sex_m,age_10yrbands_total,edu_isced97_1,2006,4.9996
rou,sex_m,age_10yrbands_total,edu_isced97_1,2007,4.9951
rou,sex_m,age_10yrbands_total,edu_isced97_1,2008,4.7681
rou,sex_m,age_10yrbands_total,edu_isced97_1,2009,4.5158
rou,sex_m,age_10yrbands_total,edu_isced97_1,2010,4.1769
rou,sex_m,age_10yrbands_total,edu_isced97_1,2011,3.4177
rou,sex_m,age_10yrbands_total,edu_isced97_1,2012,3.0944
rou,sex_m,age_10yrbands_total,edu_isced97_1,2013,2.9562
rou,sex_m,age_10yrbands_total,edu_isced97_2,1998,19.3156
rou,sex_m,age_10yrbands_total,edu_isced97_2,1999,19.8795
rou,sex_m,age_10yrbands_total,edu_isced97_2,2000,19.9392
rou,sex_m,age_10yrbands_total,edu_isced97_2,2001,19.3052
rou,sex_m,age_10yrbands_total,edu_isced97_2,2002,18.5198
rou,sex_m,age_10yrbands_total,edu_isced97_2,2003,19.396
rou,sex_m,age_10yrbands_total,edu_isced97_2,2004,17.3948
rou,sex_m,age_10yrbands_total,edu_isced97_2,2005,17.2937
rou,sex_m,age_10yrbands_total,edu_isced97_2,2006,16.9391
rou,sex_m,age_10yrbands_total,edu_isced97_2,2007,16.9697
rou,sex_m,age_10yrbands_total,edu_isced97_2,2008,16.94
rou,sex_m,age_10yrbands_total,edu_isced97_2,2009,17.822
rou,sex_m,age_10yrbands_total,edu_isced97_2,2010,18.8411
rou,sex_m,age_10yrbands_total,edu_isced97_2,2011,17.6463
rou,sex_m,age_10yrbands_total,edu_isced97_2,2012,17.6917
rou,sex_m,age_10yrbands_total,edu_isced97_2,2013,17.9798
rou,sex_m,age_10yrbands_total,edu_isced97_3,1998,59.231
rou,sex_m,age_10yrbands_total,edu_isced97_3,1999,58.7866
rou,sex_m,age_10yrbands_total,edu_isced97_3,2000,58.8272
rou,sex_m,age_10yrbands_total,edu_isced97_3,2001,59.6802
rou,sex_m,age_10yrbands_total,edu_isced97_3,2002,57.4568
rou,sex_m,age_10yrbands_total,edu_isced97_3,2003,58.5592
rou,sex_m,age_10yrbands_total,edu_isced97_3,2004,59.3484
rou,sex_m,age_10yrbands_total,edu_isced97_3,2005,59.7383
rou,sex_m,age_10yrbands_total,edu_isced97_3,2006,59.9332
rou,sex_m,age_10yrbands_total,edu_isced97_3,2007,60.1823
rou,sex_m,age_10yrbands_total,edu_isced97_3,2008,60.0914
rou,sex_m,age_10yrbands_total,edu_isced97_3,2009,59.4467
rou,sex_m,age_10yrbands_total,edu_isced97_3,2010,58.526
rou,sex_m,age_10yrbands_total,edu_isced97_3,2011,59.3705
rou,sex_m,age_10yrbands_total,edu_isced97_3,2012,59.6412
rou,sex_m,age_10yrbands_total,edu_isced97_3,2013,59.472
rou,sex_m,age_10yrbands_total,edu_isced97_4,2002,4.5878
rou,sex_m,age_10yrbands_total,edu_isced97_4,2003,4.0173
rou,sex_m,age_10yrbands_total,edu_isced97_4,2004,4.5466
rou,sex_m,age_10yrbands_total,edu_isced97_4,2005,4.5907
rou,sex_m,age_10yrbands_total,edu_isced97_4,2006,4.7261
rou,sex_m,age_10yrbands_total,edu_isced97_4,2007,4.2337
rou,sex_m,age_10yrbands_total,edu_isced97_4,2008,3.9513
rou,sex_m,age_10yrbands_total,edu_isced97_4,2009,3.9468
rou,sex_m,age_10yrbands_total,edu_isced97_4,2010,3.7905
rou,sex_m,age_10yrbands_total,edu_isced97_4,2011,3.626
rou,sex_m,age_10yrbands_total,edu_isced97_4,2012,3.4532
rou,sex_m,age_10yrbands_total,edu_isced97_4,2013,3.1881
rou,sex_m,age_10yrbands_total,edu_isced97_5,1998,8.7349
rou,sex_m,age_10yrbands_total,edu_isced97_5,1999,8.9949
rou,sex_m,age_10yrbands_total,edu_isced97_5,2000,9.2181
rou,sex_m,age_10yrbands_total,edu_isced97_5,2001,9.7012
rou,sex_m,age_10yrbands_total,edu_isced97_5,2002,10.3433
rou,sex_m,age_10yrbands_total,edu_isced97_5,2003,10.1161
rou,sex_m,age_10yrbands_total,edu_isced97_5,2004,11.3993
rou,sex_m,age_10yrbands_total,edu_isced97_5,2005,11.8216
rou,sex_m,age_10yrbands_total,edu_isced97_5,2006,12.6511
rou,sex_m,age_10yrbands_total,edu_isced97_5,2007,12.8817
rou,sex_m,age_10yrbands_total,edu_isced97_5,2008,13.5129
rou,sex_m,age_10yrbands_total,edu_isced97_5,2009,13.636
rou,sex_m,age_10yrbands_total,edu_isced97_5,2010,14.1751
rou,sex_m,age_10yrbands_total,edu_isced97_5,2011,15.5882
rou,sex_m,age_10yrbands_total,edu_isced97_5,2012,15.6914
rou,sex_m,age_10yrbands_total,edu_isced97_5,2013,15.9514
rou,sex_m,age_10yrbands_total,edu_isced97_6,2002,0.1017
rou,sex_m,age_10yrbands_total,edu_isced97_6,2003,0.0608
rou,sex_m,age_10yrbands_total,edu_isced97_6,2004,0.1265
rou,sex_m,age_10yrbands_total,edu_isced97_6,2005,0.1384
rou,sex_m,age_10yrbands_total,edu_isced97_6,2006,0.1317
rou,sex_m,age_10yrbands_total,edu_isced97_6,2007,0.1095
rou,sex_m,age_10yrbands_total,edu_isced97_6,2008,0.0864
rou,sex_m,age_10yrbands_total,edu_isced97_6,2009,0.0977
rou,sex_m,age_10yrbands_total,edu_isced97_6,2011,0.0536
rou,sex_m,age_10yrbands_total,edu_isced97_6,2012,0.1083
rou,sex_m,age_10yrbands_total,edu_isced97_6,2013,0.0961
rou,sex_m,age_10yrbands_total,edu_isced97_total,1998,100
rou,sex_m,age_10yrbands_total,edu_isced97_total,1999,100
rou,sex_m,age_10yrbands_total,edu_isced97_total,2000,100
rou,sex_m,age_10yrbands_total,edu_isced97_total,2001,100
rou,sex_m,age_10yrbands_total,edu_isced97_total,2002,100
rou,sex_m,age_10yrbands_total,edu_isced97_total,2003,100
rou,sex_m,age_10yrbands_total,edu_isced97_total,2004,100
rou,sex_m,age_10yrbands_total,edu_isced97_total,2005,100
rou,sex_m,age_10yrbands_total,edu_isced97_total,2006,100
rou,sex_m,age_10yrbands_total,edu_isced97_total,2007,100
rou,sex_m,age_10yrbands_total,edu_isced97_total,2008,100
rou,sex_m,age_10yrbands_total,edu_isced97_total,2009,100
rou,sex_m,age_10yrbands_total,edu_isced97_total,2010,100
rou,sex_m,age_10yrbands_total,edu_isced97_total,2011,100
rou,sex_m,age_10yrbands_total,edu_isced97_total,2012,100
rou,sex_m,age_10yrbands_total,edu_isced97_total,2013,100
rou,sex_m,age_10yrbands_y15_24,edu_aggregate_adv,1997,2.6674
rou,sex_m,age_10yrbands_y15_24,edu_aggregate_adv,1998,1.3887
rou,sex_m,age_10yrbands_y15_24,edu_aggregate_adv,1999,2.2318
rou,sex_m,age_10yrbands_y15_24,edu_aggregate_adv,2000,2.2507
rou,sex_m,age_10yrbands_y15_24,edu_aggregate_adv,2001,1.7438
rou,sex_m,age_10yrbands_y15_24,edu_aggregate_adv,2002,1.829
rou,sex_m,age_10yrbands_y15_24,edu_aggregate_adv,2003,2.4524
rou,sex_m,age_10yrbands_y15_24,edu_aggregate_adv,2004,3.9859
rou,sex_m,age_10yrbands_y15_24,edu_aggregate_adv,2005,3.7267
rou,sex_m,age_10yrbands_y15_24,edu_aggregate_adv,2006,3.1532
rou,sex_m,age_10yrbands_y15_24,edu_aggregate_adv,2007,3.1187
rou,sex_m,age_10yrbands_y15_24,edu_aggregate_adv,2008,3.9991
rou,sex_m,age_10yrbands_y15_24,edu_aggregate_adv,2009,4.7233
rou,sex_m,age_10yrbands_y15_24,edu_aggregate_adv,2010,5.7388
rou,sex_m,age_10yrbands_y15_24,edu_aggregate_adv,2011,6.9004
rou,sex_m,age_10yrbands_y15_24,edu_aggregate_adv,2012,6.2402
rou,sex_m,age_10yrbands_y15_24,edu_aggregate_adv,2013,6.5595
rou,sex_m,age_10yrbands_y15_24,edu_aggregate_adv,2014,6.8093
rou,sex_m,age_10yrbands_y15_24,edu_aggregate_adv,2015,5.5258
rou,sex_m,age_10yrbands_y15_24,edu_aggregate_adv,2016,3.9469
rou,sex_m,age_10yrbands_y15_24,edu_aggregate_adv,2017,5.8685
rou,sex_m,age_10yrbands_y15_24,edu_aggregate_adv,2018,5.2758
rou,sex_m,age_10yrbands_y15_24,edu_aggregate_adv,2019,5.1028
rou,sex_m,age_10yrbands_y15_24,edu_aggregate_bas,1997,33.3157
rou,sex_m,age_10yrbands_y15_24,edu_aggregate_bas,1998,35.5153
rou,sex_m,age_10yrbands_y15_24,edu_aggregate_bas,1999,40.8379
rou,sex_m,age_10yrbands_y15_24,edu_aggregate_bas,2000,42.9668
rou,sex_m,age_10yrbands_y15_24,edu_aggregate_bas,2001,39.0294
rou,sex_m,age_10yrbands_y15_24,edu_aggregate_bas,2002,42.8509
rou,sex_m,age_10yrbands_y15_24,edu_aggregate_bas,2003,43.1432
rou,sex_m,age_10yrbands_y15_24,edu_aggregate_bas,2004,39.2015
rou,sex_m,age_10yrbands_y15_24,edu_aggregate_bas,2005,38.5224
rou,sex_m,age_10yrbands_y15_24,edu_aggregate_bas,2006,36.6686
rou,sex_m,age_10yrbands_y15_24,edu_aggregate_bas,2007,36.7683
rou,sex_m,age_10yrbands_y15_24,edu_aggregate_bas,2008,33.6348
rou,sex_m,age_10yrbands_y15_24,edu_aggregate_bas,2009,34.0149
rou,sex_m,age_10yrbands_y15_24,edu_aggregate_bas,2010,37.3513
rou,sex_m,age_10yrbands_y15_24,edu_aggregate_bas,2011,34.1761
rou,sex_m,age_10yrbands_y15_24,edu_aggregate_bas,2012,34.8675
rou,sex_m,age_10yrbands_y15_24,edu_aggregate_bas,2013,34.7149
rou,sex_m,age_10yrbands_y15_24,edu_aggregate_bas,2014,35.6586
rou,sex_m,age_10yrbands_y15_24,edu_aggregate_bas,2015,33.929
rou,sex_m,age_10yrbands_y15_24,edu_aggregate_bas,2016,35.566
rou,sex_m,age_10yrbands_y15_24,edu_aggregate_bas,2017,35.8238
rou,sex_m,age_10yrbands_y15_24,edu_aggregate_bas,2018,31.6576
rou,sex_m,age_10yrbands_y15_24,edu_aggregate_bas,2019,28.2625
rou,sex_m,age_10yrbands_y15_24,edu_aggregate_int,1997,64.0169
rou,sex_m,age_10yrbands_y15_24,edu_aggregate_int,1998,63.096
rou,sex_m,age_10yrbands_y15_24,edu_aggregate_int,1999,56.9303
rou,sex_m,age_10yrbands_y15_24,edu_aggregate_int,2000,54.7826
rou,sex_m,age_10yrbands_y15_24,edu_aggregate_int,2001,57.2603
rou,sex_m,age_10yrbands_y15_24,edu_aggregate_int,2002,54.8213
rou,sex_m,age_10yrbands_y15_24,edu_aggregate_int,2003,52.637
rou,sex_m,age_10yrbands_y15_24,edu_aggregate_int,2004,54.6642
rou,sex_m,age_10yrbands_y15_24,edu_aggregate_int,2005,56.0298
rou,sex_m,age_10yrbands_y15_24,edu_aggregate_int,2006,58.6204
rou,sex_m,age_10yrbands_y15_24,edu_aggregate_int,2007,58.7193
rou,sex_m,age_10yrbands_y15_24,edu_aggregate_int,2008,60.5827
rou,sex_m,age_10yrbands_y15_24,edu_aggregate_int,2009,60.06
rou,sex_m,age_10yrbands_y15_24,edu_aggregate_int,2010,56.3256
rou,sex_m,age_10yrbands_y15_24,edu_aggregate_int,2011,58.1539
rou,sex_m,age_10yrbands_y15_24,edu_aggregate_int,2012,58.2879
rou,sex_m,age_10yrbands_y15_24,edu_aggregate_int,2013,57.9827
rou,sex_m,age_10yrbands_y15_24,edu_aggregate_int,2014,57.1355
rou,sex_m,age_10yrbands_y15_24,edu_aggregate_int,2015,59.6177
rou,sex_m,age_10yrbands_y15_24,edu_aggregate_int,2016,59.6409
rou,sex_m,age_10yrbands_y15_24,edu_aggregate_int,2017,57.5565
rou,sex_m,age_10yrbands_y15_24,edu_aggregate_int,2018,62.6152
rou,sex_m,age_10yrbands_y15_24,edu_aggregate_int,2019,65.799
rou,sex_m,age_10yrbands_y15_24,edu_aggregate_ltb,2001,1.9665
rou,sex_m,age_10yrbands_y15_24,edu_aggregate_ltb,2002,0.4988
rou,sex_m,age_10yrbands_y15_24,edu_aggregate_ltb,2003,1.7674
rou,sex_m,age_10yrbands_y15_24,edu_aggregate_ltb,2004,2.1484
rou,sex_m,age_10yrbands_y15_24,edu_aggregate_ltb,2005,1.7212
rou,sex_m,age_10yrbands_y15_24,edu_aggregate_ltb,2006,1.5578
rou,sex_m,age_10yrbands_y15_24,edu_aggregate_ltb,2008,1.7833
rou,sex_m,age_10yrbands_y15_24,edu_aggregate_total,1997,100
rou,sex_m,age_10yrbands_y15_24,edu_aggregate_total,1998,100
rou,sex_m,age_10yrbands_y15_24,edu_aggregate_total,1999,100
rou,sex_m,age_10yrbands_y15_24,edu_aggregate_total,2000,100
rou,sex_m,age_10yrbands_y15_24,edu_aggregate_total,2001,100
rou,sex_m,age_10yrbands_y15_24,edu_aggregate_total,2002,100
rou,sex_m,age_10yrbands_y15_24,edu_aggregate_total,2003,100
rou,sex_m,age_10yrbands_y15_24,edu_aggregate_total,2004,100
rou,sex_m,age_10yrbands_y15_24,edu_aggregate_total,2005,100
rou,sex_m,age_10yrbands_y15_24,edu_aggregate_total,2006,100
rou,sex_m,age_10yrbands_y15_24,edu_aggregate_total,2007,100
rou,sex_m,age_10yrbands_y15_24,edu_aggregate_total,2008,100
rou,sex_m,age_10yrbands_y15_24,edu_aggregate_total,2009,100
rou,sex_m,age_10yrbands_y15_24,edu_aggregate_total,2010,100
rou,sex_m,age_10yrbands_y15_24,edu_aggregate_total,2011,100
rou,sex_m,age_10yrbands_y15_24,edu_aggregate_total,2012,100
rou,sex_m,age_10yrbands_y15_24,edu_aggregate_total,2013,100
rou,sex_m,age_10yrbands_y15_24,edu_aggregate_total,2014,100
rou,sex_m,age_10yrbands_y15_24,edu_aggregate_total,2015,100
rou,sex_m,age_10yrbands_y15_24,edu_aggregate_total,2016,100
rou,sex_m,age_10yrbands_y15_24,edu_aggregate_total,2017,100
rou,sex_m,age_10yrbands_y15_24,edu_aggregate_total,2018,100
rou,sex_m,age_10yrbands_y15_24,edu_aggregate_total,2019,100
rou,sex_m,age_10yrbands_y15_24,edu_isced11_0,2015,0.9276
rou,sex_m,age_10yrbands_y15_24,edu_isced11_0,2016,0.8461
rou,sex_m,age_10yrbands_y15_24,edu_isced11_0,2017,0.7512
rou,sex_m,age_10yrbands_y15_24,edu_isced11_1,2014,4.0605
rou,sex_m,age_10yrbands_y15_24,edu_isced11_1,2015,4.3489
rou,sex_m,age_10yrbands_y15_24,edu_isced11_1,2016,5.2672
rou,sex_m,age_10yrbands_y15_24,edu_isced11_1,2017,6.0968
rou,sex_m,age_10yrbands_y15_24,edu_isced11_1,2018,5.0202
rou,sex_m,age_10yrbands_y15_24,edu_isced11_1,2019,3.5499
rou,sex_m,age_10yrbands_y15_24,edu_isced11_2,2014,31.5982
rou,sex_m,age_10yrbands_y15_24,edu_isced11_2,2015,29.5801
rou,sex_m,age_10yrbands_y15_24,edu_isced11_2,2016,30.2989
rou,sex_m,age_10yrbands_y15_24,edu_isced11_2,2017,29.7271
rou,sex_m,age_10yrbands_y15_24,edu_isced11_2,2018,26.6374
rou,sex_m,age_10yrbands_y15_24,edu_isced11_2,2019,24.7126
rou,sex_m,age_10yrbands_y15_24,edu_isced11_3,2014,56.3673
rou,sex_m,age_10yrbands_y15_24,edu_isced11_3,2015,59.0095
rou,sex_m,age_10yrbands_y15_24,edu_isced11_3,2016,59.0273
rou,sex_m,age_10yrbands_y15_24,edu_isced11_3,2017,56.8873
rou,sex_m,age_10yrbands_y15_24,edu_isced11_3,2018,61.9807
rou,sex_m,age_10yrbands_y15_24,edu_isced11_3,2019,64.801
rou,sex_m,age_10yrbands_y15_24,edu_isced11_4,2015,0.6082
rou,sex_m,age_10yrbands_y15_24,edu_isced11_4,2016,0.6136
rou,sex_m,age_10yrbands_y15_24,edu_isced11_4,2017,0.6692
rou,sex_m,age_10yrbands_y15_24,edu_isced11_6,2014,5.0505
rou,sex_m,age_10yrbands_y15_24,edu_isced11_6,2015,4.8545
rou,sex_m,age_10yrbands_y15_24,edu_isced11_6,2016,3.4885
rou,sex_m,age_10yrbands_y15_24,edu_isced11_6,2017,5.5422
rou,sex_m,age_10yrbands_y15_24,edu_isced11_6,2018,4.6945
rou,sex_m,age_10yrbands_y15_24,edu_isced11_6,2019,4.5796
rou,sex_m,age_10yrbands_y15_24,edu_isced11_7,2015,0.6606
rou,sex_m,age_10yrbands_y15_24,edu_isced11_7,2016,0.4405
rou,sex_m,age_10yrbands_y15_24,edu_isced11_7,2017,0.2695
rou,sex_m,age_10yrbands_y15_24,edu_isced11_total,2014,100
rou,sex_m,age_10yrbands_y15_24,edu_isced11_total,2015,100
rou,sex_m,age_10yrbands_y15_24,edu_isced11_total,2016,100
rou,sex_m,age_10yrbands_y15_24,edu_isced11_total,2017,100
rou,sex_m,age_10yrbands_y15_24,edu_isced11_total,2018,100
rou,sex_m,age_10yrbands_y15_24,edu_isced11_total,2019,100
rou,sex_m,age_10yrbands_y15_24,edu_isced97_0,2001,1.9665
rou,sex_m,age_10yrbands_y15_24,edu_isced97_0,2002,0.4988
rou,sex_m,age_10yrbands_y15_24,edu_isced97_0,2003,1.7674
rou,sex_m,age_10yrbands_y15_24,edu_isced97_0,2004,2.1484
rou,sex_m,age_10yrbands_y15_24,edu_isced97_0,2005,1.7212
rou,sex_m,age_10yrbands_y15_24,edu_isced97_0,2006,1.5578
rou,sex_m,age_10yrbands_y15_24,edu_isced97_0,2007,1.3937
rou,sex_m,age_10yrbands_y15_24,edu_isced97_0,2008,1.7833
rou,sex_m,age_10yrbands_y15_24,edu_isced97_0,2009,1.2018
rou,sex_m,age_10yrbands_y15_24,edu_isced97_0,2011,0.7696
rou,sex_m,age_10yrbands_y15_24,edu_isced97_0,2012,0.6044
rou,sex_m,age_10yrbands_y15_24,edu_isced97_0,2013,0.7429
rou,sex_m,age_10yrbands_y15_24,edu_isced97_1,1998,6.7679
rou,sex_m,age_10yrbands_y15_24,edu_isced97_1,1999,6.9656
rou,sex_m,age_10yrbands_y15_24,edu_isced97_1,2000,9.0416
rou,sex_m,age_10yrbands_y15_24,edu_isced97_1,2001,6.9191
rou,sex_m,age_10yrbands_y15_24,edu_isced97_1,2002,7.059
rou,sex_m,age_10yrbands_y15_24,edu_isced97_1,2003,6.3887
rou,sex_m,age_10yrbands_y15_24,edu_isced97_1,2004,7.7854
rou,sex_m,age_10yrbands_y15_24,edu_isced97_1,2005,6.2973
rou,sex_m,age_10yrbands_y15_24,edu_isced97_1,2006,5.247
rou,sex_m,age_10yrbands_y15_24,edu_isced97_1,2007,6.3947
rou,sex_m,age_10yrbands_y15_24,edu_isced97_1,2008,5.5837
rou,sex_m,age_10yrbands_y15_24,edu_isced97_1,2009,5.5975
rou,sex_m,age_10yrbands_y15_24,edu_isced97_1,2010,6.1585
rou,sex_m,age_10yrbands_y15_24,edu_isced97_1,2011,4.0264
rou,sex_m,age_10yrbands_y15_24,edu_isced97_1,2012,3.744
rou,sex_m,age_10yrbands_y15_24,edu_isced97_1,2013,3.6325
rou,sex_m,age_10yrbands_y15_24,edu_isced97_2,1998,28.7474
rou,sex_m,age_10yrbands_y15_24,edu_isced97_2,1999,33.8724
rou,sex_m,age_10yrbands_y15_24,edu_isced97_2,2000,33.9252
rou,sex_m,age_10yrbands_y15_24,edu_isced97_2,2001,32.1103
rou,sex_m,age_10yrbands_y15_24,edu_isced97_2,2002,35.7919
rou,sex_m,age_10yrbands_y15_24,edu_isced97_2,2003,36.7545
rou,sex_m,age_10yrbands_y15_24,edu_isced97_2,2004,31.4161
rou,sex_m,age_10yrbands_y15_24,edu_isced97_2,2005,32.2251
rou,sex_m,age_10yrbands_y15_24,edu_isced97_2,2006,31.4216
rou,sex_m,age_10yrbands_y15_24,edu_isced97_2,2007,30.3736
rou,sex_m,age_10yrbands_y15_24,edu_isced97_2,2008,28.0511
rou,sex_m,age_10yrbands_y15_24,edu_isced97_2,2009,28.4174
rou,sex_m,age_10yrbands_y15_24,edu_isced97_2,2010,31.1928
rou,sex_m,age_10yrbands_y15_24,edu_isced97_2,2011,30.1497
rou,sex_m,age_10yrbands_y15_24,edu_isced97_2,2012,31.1235
rou,sex_m,age_10yrbands_y15_24,edu_isced97_2,2013,31.0824
rou,sex_m,age_10yrbands_y15_24,edu_isced97_3,1998,63.096
rou,sex_m,age_10yrbands_y15_24,edu_isced97_3,1999,56.9303
rou,sex_m,age_10yrbands_y15_24,edu_isced97_3,2000,54.7826
rou,sex_m,age_10yrbands_y15_24,edu_isced97_3,2001,57.2603
rou,sex_m,age_10yrbands_y15_24,edu_isced97_3,2002,53.7545
rou,sex_m,age_10yrbands_y15_24,edu_isced97_3,2003,51.5369
rou,sex_m,age_10yrbands_y15_24,edu_isced97_3,2004,53.0894
rou,sex_m,age_10yrbands_y15_24,edu_isced97_3,2005,54.6032
rou,sex_m,age_10yrbands_y15_24,edu_isced97_3,2006,57.4628
rou,sex_m,age_10yrbands_y15_24,edu_isced97_3,2007,57.4871
rou,sex_m,age_10yrbands_y15_24,edu_isced97_3,2008,59.542
rou,sex_m,age_10yrbands_y15_24,edu_isced97_3,2009,58.6658
rou,sex_m,age_10yrbands_y15_24,edu_isced97_3,2010,55.4551
rou,sex_m,age_10yrbands_y15_24,edu_isced97_3,2011,56.8827
rou,sex_m,age_10yrbands_y15_24,edu_isced97_3,2012,57.1081
rou,sex_m,age_10yrbands_y15_24,edu_isced97_3,2013,57.0639
rou,sex_m,age_10yrbands_y15_24,edu_isced97_4,2002,1.0668
rou,sex_m,age_10yrbands_y15_24,edu_isced97_4,2003,1.1001
rou,sex_m,age_10yrbands_y15_24,edu_isced97_4,2004,1.5748
rou,sex_m,age_10yrbands_y15_24,edu_isced97_4,2005,1.4266
rou,sex_m,age_10yrbands_y15_24,edu_isced97_4,2006,1.1575
rou,sex_m,age_10yrbands_y15_24,edu_isced97_4,2007,1.2322
rou,sex_m,age_10yrbands_y15_24,edu_isced97_4,2008,1.0408
rou,sex_m,age_10yrbands_y15_24,edu_isced97_4,2009,1.3942
rou,sex_m,age_10yrbands_y15_24,edu_isced97_4,2011,1.2712
rou,sex_m,age_10yrbands_y15_24,edu_isced97_4,2012,1.1799
rou,sex_m,age_10yrbands_y15_24,edu_isced97_4,2013,0.9187
rou,sex_m,age_10yrbands_y15_24,edu_isced97_5,1998,1.3887
rou,sex_m,age_10yrbands_y15_24,edu_isced97_5,1999,2.2318
rou,sex_m,age_10yrbands_y15_24,edu_isced97_5,2000,2.2507
rou,sex_m,age_10yrbands_y15_24,edu_isced97_5,2001,1.7438
rou,sex_m,age_10yrbands_y15_24,edu_isced97_5,2002,1.829
rou,sex_m,age_10yrbands_y15_24,edu_isced97_5,2003,2.4524
rou,sex_m,age_10yrbands_y15_24,edu_isced97_5,2004,3.9859
rou,sex_m,age_10yrbands_y15_24,edu_isced97_5,2005,3.7267
rou,sex_m,age_10yrbands_y15_24,edu_isced97_5,2006,3.1532
rou,sex_m,age_10yrbands_y15_24,edu_isced97_5,2007,3.1187
rou,sex_m,age_10yrbands_y15_24,edu_isced97_5,2008,3.9991
rou,sex_m,age_10yrbands_y15_24,edu_isced97_5,2009,4.7233
rou,sex_m,age_10yrbands_y15_24,edu_isced97_5,2010,5.7388
rou,sex_m,age_10yrbands_y15_24,edu_isced97_5,2011,6.9004
rou,sex_m,age_10yrbands_y15_24,edu_isced97_5,2012,6.2402
rou,sex_m,age_10yrbands_y15_24,edu_isced97_5,2013,6.5595
rou,sex_m,age_10yrbands_y15_24,edu_isced97_total,1998,100
rou,sex_m,age_10yrbands_y15_24,edu_isced97_total,1999,100
rou,sex_m,age_10yrbands_y15_24,edu_isced97_total,2000,100
rou,sex_m,age_10yrbands_y15_24,edu_isced97_total,2001,100
rou,sex_m,age_10yrbands_y15_24,edu_isced97_total,2002,100
rou,sex_m,age_10yrbands_y15_24,edu_isced97_total,2003,100
rou,sex_m,age_10yrbands_y15_24,edu_isced97_total,2004,100
rou,sex_m,age_10yrbands_y15_24,edu_isced97_total,2005,100
rou,sex_m,age_10yrbands_y15_24,edu_isced97_total,2006,100
rou,sex_m,age_10yrbands_y15_24,edu_isced97_total,2007,100
rou,sex_m,age_10yrbands_y15_24,edu_isced97_total,2008,100
rou,sex_m,age_10yrbands_y15_24,edu_isced97_total,2009,100
rou,sex_m,age_10yrbands_y15_24,edu_isced97_total,2010,100
rou,sex_m,age_10yrbands_y15_24,edu_isced97_total,2011,100
rou,sex_m,age_10yrbands_y15_24,edu_isced97_total,2012,100
rou,sex_m,age_10yrbands_y15_24,edu_isced97_total,2013,100
rou,sex_m,age_10yrbands_y25_34,edu_aggregate_adv,1997,11.4318
rou,sex_m,age_10yrbands_y25_34,edu_aggregate_adv,1998,8.214
rou,sex_m,age_10yrbands_y25_34,edu_aggregate_adv,1999,9.1399
rou,sex_m,age_10yrbands_y25_34,edu_aggregate_adv,2000,9.3658
rou,sex_m,age_10yrbands_y25_34,edu_aggregate_adv,2001,9.6508
rou,sex_m,age_10yrbands_y25_34,edu_aggregate_adv,2002,10.6136
rou,sex_m,age_10yrbands_y25_34,edu_aggregate_adv,2003,11.309
rou,sex_m,age_10yrbands_y25_34,edu_aggregate_adv,2004,12.6904
rou,sex_m,age_10yrbands_y25_34,edu_aggregate_adv,2005,14.2102
rou,sex_m,age_10yrbands_y25_34,edu_aggregate_adv,2006,15.7726
rou,sex_m,age_10yrbands_y25_34,edu_aggregate_adv,2007,18.0784
rou,sex_m,age_10yrbands_y25_34,edu_aggregate_adv,2008,19.7389
rou,sex_m,age_10yrbands_y25_34,edu_aggregate_adv,2009,19.7804
rou,sex_m,age_10yrbands_y25_34,edu_aggregate_adv,2010,20.6559
rou,sex_m,age_10yrbands_y25_34,edu_aggregate_adv,2011,23.1851
rou,sex_m,age_10yrbands_y25_34,edu_aggregate_adv,2012,23.4112
rou,sex_m,age_10yrbands_y25_34,edu_aggregate_adv,2013,24.0988
rou,sex_m,age_10yrbands_y25_34,edu_aggregate_adv,2014,24.3936
rou,sex_m,age_10yrbands_y25_34,edu_aggregate_adv,2015,24.9045
rou,sex_m,age_10yrbands_y25_34,edu_aggregate_adv,2016,24.7952
rou,sex_m,age_10yrbands_y25_34,edu_aggregate_adv,2017,24.4918
rou,sex_m,age_10yrbands_y25_34,edu_aggregate_adv,2018,23.5286
rou,sex_m,age_10yrbands_y25_34,edu_aggregate_adv,2019,23.7404
rou,sex_m,age_10yrbands_y25_34,edu_aggregate_bas,1997,10.3574
rou,sex_m,age_10yrbands_y25_34,edu_aggregate_bas,1998,9.4795
rou,sex_m,age_10yrbands_y25_34,edu_aggregate_bas,1999,9.7984
rou,sex_m,age_10yrbands_y25_34,edu_aggregate_bas,2000,11.616
rou,sex_m,age_10yrbands_y25_34,edu_aggregate_bas,2001,11.8915
rou,sex_m,age_10yrbands_y25_34,edu_aggregate_bas,2002,13.0467
rou,sex_m,age_10yrbands_y25_34,edu_aggregate_bas,2003,15.6926
rou,sex_m,age_10yrbands_y25_34,edu_aggregate_bas,2004,15.7647
rou,sex_m,age_10yrbands_y25_34,edu_aggregate_bas,2005,16.4031
rou,sex_m,age_10yrbands_y25_34,edu_aggregate_bas,2006,17.7475
rou,sex_m,age_10yrbands_y25_34,edu_aggregate_bas,2007,17.0499
rou,sex_m,age_10yrbands_y25_34,edu_aggregate_bas,2008,17.6415
rou,sex_m,age_10yrbands_y25_34,edu_aggregate_bas,2009,19.2158
rou,sex_m,age_10yrbands_y25_34,edu_aggregate_bas,2010,19.7353
rou,sex_m,age_10yrbands_y25_34,edu_aggregate_bas,2011,18.586
rou,sex_m,age_10yrbands_y25_34,edu_aggregate_bas,2012,17.9899
rou,sex_m,age_10yrbands_y25_34,edu_aggregate_bas,2013,17.978
rou,sex_m,age_10yrbands_y25_34,edu_aggregate_bas,2014,20.5714
rou,sex_m,age_10yrbands_y25_34,edu_aggregate_bas,2015,20.8149
rou,sex_m,age_10yrbands_y25_34,edu_aggregate_bas,2016,20.4188
rou,sex_m,age_10yrbands_y25_34,edu_aggregate_bas,2017,20.7169
rou,sex_m,age_10yrbands_y25_34,edu_aggregate_bas,2018,19.9004
rou,sex_m,age_10yrbands_y25_34,edu_aggregate_bas,2019,18.1895
rou,sex_m,age_10yrbands_y25_34,edu_aggregate_int,1997,78.2107
rou,sex_m,age_10yrbands_y25_34,edu_aggregate_int,1998,82.3065
rou,sex_m,age_10yrbands_y25_34,edu_aggregate_int,1999,81.0617
rou,sex_m,age_10yrbands_y25_34,edu_aggregate_int,2000,79.0182
rou,sex_m,age_10yrbands_y25_34,edu_aggregate_int,2001,78.1407
rou,sex_m,age_10yrbands_y25_34,edu_aggregate_int,2002,75.8847
rou,sex_m,age_10yrbands_y25_34,edu_aggregate_int,2003,72.7266
rou,sex_m,age_10yrbands_y25_34,edu_aggregate_int,2004,71.0662
rou,sex_m,age_10yrbands_y25_34,edu_aggregate_int,2005,68.7362
rou,sex_m,age_10yrbands_y25_34,edu_aggregate_int,2006,66.0242
rou,sex_m,age_10yrbands_y25_34,edu_aggregate_int,2007,64.3251
rou,sex_m,age_10yrbands_y25_34,edu_aggregate_int,2008,61.9319
rou,sex_m,age_10yrbands_y25_34,edu_aggregate_int,2009,60.34
rou,sex_m,age_10yrbands_y25_34,edu_aggregate_int,2010,59.1082
rou,sex_m,age_10yrbands_y25_34,edu_aggregate_int,2011,57.8955
rou,sex_m,age_10yrbands_y25_34,edu_aggregate_int,2012,58.1619
rou,sex_m,age_10yrbands_y25_34,edu_aggregate_int,2013,57.4419
rou,sex_m,age_10yrbands_y25_34,edu_aggregate_int,2014,54.522
rou,sex_m,age_10yrbands_y25_34,edu_aggregate_int,2015,53.8702
rou,sex_m,age_10yrbands_y25_34,edu_aggregate_int,2016,54.5108
rou,sex_m,age_10yrbands_y25_34,edu_aggregate_int,2017,54.3747
rou,sex_m,age_10yrbands_y25_34,edu_aggregate_int,2018,56.109
rou,sex_m,age_10yrbands_y25_34,edu_aggregate_int,2019,57.643
rou,sex_m,age_10yrbands_y25_34,edu_aggregate_ltb,2001,0.3169
rou,sex_m,age_10yrbands_y25_34,edu_aggregate_ltb,2002,0.4549
rou,sex_m,age_10yrbands_y25_34,edu_aggregate_ltb,2003,0.2718
rou,sex_m,age_10yrbands_y25_34,edu_aggregate_ltb,2004,0.4788
rou,sex_m,age_10yrbands_y25_34,edu_aggregate_ltb,2005,0.6505
rou,sex_m,age_10yrbands_y25_34,edu_aggregate_ltb,2007,0.5466
rou,sex_m,age_10yrbands_y25_34,edu_aggregate_ltb,2008,0.6876
rou,sex_m,age_10yrbands_y25_34,edu_aggregate_ltb,2009,0.6638
rou,sex_m,age_10yrbands_y25_34,edu_aggregate_total,1997,100
rou,sex_m,age_10yrbands_y25_34,edu_aggregate_total,1998,100
rou,sex_m,age_10yrbands_y25_34,edu_aggregate_total,1999,100
rou,sex_m,age_10yrbands_y25_34,edu_aggregate_total,2000,100
rou,sex_m,age_10yrbands_y25_34,edu_aggregate_total,2001,100
rou,sex_m,age_10yrbands_y25_34,edu_aggregate_total,2002,100
rou,sex_m,age_10yrbands_y25_34,edu_aggregate_total,2003,100
rou,sex_m,age_10yrbands_y25_34,edu_aggregate_total,2004,100
rou,sex_m,age_10yrbands_y25_34,edu_aggregate_total,2005,100
rou,sex_m,age_10yrbands_y25_34,edu_aggregate_total,2006,100
rou,sex_m,age_10yrbands_y25_34,edu_aggregate_total,2007,100
rou,sex_m,age_10yrbands_y25_34,edu_aggregate_total,2008,100
rou,sex_m,age_10yrbands_y25_34,edu_aggregate_total,2009,100
rou,sex_m,age_10yrbands_y25_34,edu_aggregate_total,2010,100
rou,sex_m,age_10yrbands_y25_34,edu_aggregate_total,2011,100
rou,sex_m,age_10yrbands_y25_34,edu_aggregate_total,2012,100
rou,sex_m,age_10yrbands_y25_34,edu_aggregate_total,2013,100
rou,sex_m,age_10yrbands_y25_34,edu_aggregate_total,2014,100
rou,sex_m,age_10yrbands_y25_34,edu_aggregate_total,2015,100
rou,sex_m,age_10yrbands_y25_34,edu_aggregate_total,2016,100
rou,sex_m,age_10yrbands_y25_34,edu_aggregate_total,2017,100
rou,sex_m,age_10yrbands_y25_34,edu_aggregate_total,2018,100
rou,sex_m,age_10yrbands_y25_34,edu_aggregate_total,2019,100
rou,sex_m,age_10yrbands_y25_34,edu_isced11_0,2015,0.4104
rou,sex_m,age_10yrbands_y25_34,edu_isced11_0,2016,0.2752
rou,sex_m,age_10yrbands_y25_34,edu_isced11_0,2017,0.4166
rou,sex_m,age_10yrbands_y25_34,edu_isced11_1,2014,2.1205
rou,sex_m,age_10yrbands_y25_34,edu_isced11_1,2015,2.6019
rou,sex_m,age_10yrbands_y25_34,edu_isced11_1,2016,2.0758
rou,sex_m,age_10yrbands_y25_34,edu_isced11_1,2017,2.1752
rou,sex_m,age_10yrbands_y25_34,edu_isced11_1,2018,2.1545
rou,sex_m,age_10yrbands_y25_34,edu_isced11_1,2019,2.4557
rou,sex_m,age_10yrbands_y25_34,edu_isced11_2,2014,18.4508
rou,sex_m,age_10yrbands_y25_34,edu_isced11_2,2015,18.213
rou,sex_m,age_10yrbands_y25_34,edu_isced11_2,2016,18.343
rou,sex_m,age_10yrbands_y25_34,edu_isced11_2,2017,18.5417
rou,sex_m,age_10yrbands_y25_34,edu_isced11_2,2018,17.7459
rou,sex_m,age_10yrbands_y25_34,edu_isced11_2,2019,15.7338
rou,sex_m,age_10yrbands_y25_34,edu_isced11_3,2014,52.8966
rou,sex_m,age_10yrbands_y25_34,edu_isced11_3,2015,52.0302
rou,sex_m,age_10yrbands_y25_34,edu_isced11_3,2016,52.8216
rou,sex_m,age_10yrbands_y25_34,edu_isced11_3,2017,52.6657
rou,sex_m,age_10yrbands_y25_34,edu_isced11_3,2018,54.6097
rou,sex_m,age_10yrbands_y25_34,edu_isced11_3,2019,56.0286
rou,sex_m,age_10yrbands_y25_34,edu_isced11_4,2014,1.6254
rou,sex_m,age_10yrbands_y25_34,edu_isced11_4,2015,1.84
rou,sex_m,age_10yrbands_y25_34,edu_isced11_4,2016,1.6891
rou,sex_m,age_10yrbands_y25_34,edu_isced11_4,2017,1.709
rou,sex_m,age_10yrbands_y25_34,edu_isced11_4,2018,1.4993
rou,sex_m,age_10yrbands_y25_34,edu_isced11_4,2019,1.6144
rou,sex_m,age_10yrbands_y25_34,edu_isced11_5,2014,0.6783
rou,sex_m,age_10yrbands_y25_34,edu_isced11_5,2015,0.282
rou,sex_m,age_10yrbands_y25_34,edu_isced11_5,2016,0.0817
rou,sex_m,age_10yrbands_y25_34,edu_isced11_5,2017,0.1132
rou,sex_m,age_10yrbands_y25_34,edu_isced11_6,2014,9.9415
rou,sex_m,age_10yrbands_y25_34,edu_isced11_6,2015,10.9453
rou,sex_m,age_10yrbands_y25_34,edu_isced11_6,2016,12.7338
rou,sex_m,age_10yrbands_y25_34,edu_isced11_6,2017,13.1819
rou,sex_m,age_10yrbands_y25_34,edu_isced11_6,2018,14.3462
rou,sex_m,age_10yrbands_y25_34,edu_isced11_6,2019,15.0771
rou,sex_m,age_10yrbands_y25_34,edu_isced11_7,2014,13.7069
rou,sex_m,age_10yrbands_y25_34,edu_isced11_7,2015,13.6709
rou,sex_m,age_10yrbands_y25_34,edu_isced11_7,2016,11.9377
rou,sex_m,age_10yrbands_y25_34,edu_isced11_7,2017,11.1094
rou,sex_m,age_10yrbands_y25_34,edu_isced11_7,2018,8.9187
rou,sex_m,age_10yrbands_y25_34,edu_isced11_7,2019,8.2346
rou,sex_m,age_10yrbands_y25_34,edu_isced11_8,2017,0.0873
rou,sex_m,age_10yrbands_y25_34,edu_isced11_total,2014,100
rou,sex_m,age_10yrbands_y25_34,edu_isced11_total,2015,100
rou,sex_m,age_10yrbands_y25_34,edu_isced11_total,2016,100
rou,sex_m,age_10yrbands_y25_34,edu_isced11_total,2017,100
rou,sex_m,age_10yrbands_y25_34,edu_isced11_total,2018,100
rou,sex_m,age_10yrbands_y25_34,edu_isced11_total,2019,100
rou,sex_m,age_10yrbands_y25_34,edu_isced97_0,2001,0.3169
rou,sex_m,age_10yrbands_y25_34,edu_isced97_0,2002,0.4549
rou,sex_m,age_10yrbands_y25_34,edu_isced97_0,2003,0.2718
rou,sex_m,age_10yrbands_y25_34,edu_isced97_0,2004,0.4788
rou,sex_m,age_10yrbands_y25_34,edu_isced97_0,2005,0.6505
rou,sex_m,age_10yrbands_y25_34,edu_isced97_0,2006,0.4557
rou,sex_m,age_10yrbands_y25_34,edu_isced97_0,2007,0.5466
rou,sex_m,age_10yrbands_y25_34,edu_isced97_0,2008,0.6876
rou,sex_m,age_10yrbands_y25_34,edu_isced97_0,2009,0.6638
rou,sex_m,age_10yrbands_y25_34,edu_isced97_0,2011,0.3334
rou,sex_m,age_10yrbands_y25_34,edu_isced97_0,2012,0.437
rou,sex_m,age_10yrbands_y25_34,edu_isced97_0,2013,0.4814
rou,sex_m,age_10yrbands_y25_34,edu_isced97_1,1998,1.7934
rou,sex_m,age_10yrbands_y25_34,edu_isced97_1,1999,1.7107
rou,sex_m,age_10yrbands_y25_34,edu_isced97_1,2000,2.3071
rou,sex_m,age_10yrbands_y25_34,edu_isced97_1,2001,1.7255
rou,sex_m,age_10yrbands_y25_34,edu_isced97_1,2002,1.6828
rou,sex_m,age_10yrbands_y25_34,edu_isced97_1,2003,1.9664
rou,sex_m,age_10yrbands_y25_34,edu_isced97_1,2004,2.0504
rou,sex_m,age_10yrbands_y25_34,edu_isced97_1,2005,2.1633
rou,sex_m,age_10yrbands_y25_34,edu_isced97_1,2006,2.3634
rou,sex_m,age_10yrbands_y25_34,edu_isced97_1,2007,2.0893
rou,sex_m,age_10yrbands_y25_34,edu_isced97_1,2008,2.4907
rou,sex_m,age_10yrbands_y25_34,edu_isced97_1,2009,2.7695
rou,sex_m,age_10yrbands_y25_34,edu_isced97_1,2010,2.6098
rou,sex_m,age_10yrbands_y25_34,edu_isced97_1,2011,2.1506
rou,sex_m,age_10yrbands_y25_34,edu_isced97_1,2012,2.0771
rou,sex_m,age_10yrbands_y25_34,edu_isced97_1,2013,2.3425
rou,sex_m,age_10yrbands_y25_34,edu_isced97_2,1998,7.6862
rou,sex_m,age_10yrbands_y25_34,edu_isced97_2,1999,8.0877
rou,sex_m,age_10yrbands_y25_34,edu_isced97_2,2000,9.309
rou,sex_m,age_10yrbands_y25_34,edu_isced97_2,2001,10.1661
rou,sex_m,age_10yrbands_y25_34,edu_isced97_2,2002,11.364
rou,sex_m,age_10yrbands_y25_34,edu_isced97_2,2003,13.7262
rou,sex_m,age_10yrbands_y25_34,edu_isced97_2,2004,13.7143
rou,sex_m,age_10yrbands_y25_34,edu_isced97_2,2005,14.2397
rou,sex_m,age_10yrbands_y25_34,edu_isced97_2,2006,15.3841
rou,sex_m,age_10yrbands_y25_34,edu_isced97_2,2007,14.9606
rou,sex_m,age_10yrbands_y25_34,edu_isced97_2,2008,15.1508
rou,sex_m,age_10yrbands_y25_34,edu_isced97_2,2009,16.4463
rou,sex_m,age_10yrbands_y25_34,edu_isced97_2,2010,17.1255
rou,sex_m,age_10yrbands_y25_34,edu_isced97_2,2011,16.4354
rou,sex_m,age_10yrbands_y25_34,edu_isced97_2,2012,15.9128
rou,sex_m,age_10yrbands_y25_34,edu_isced97_2,2013,15.6355
rou,sex_m,age_10yrbands_y25_34,edu_isced97_3,1998,82.3065
rou,sex_m,age_10yrbands_y25_34,edu_isced97_3,1999,81.0617
rou,sex_m,age_10yrbands_y25_34,edu_isced97_3,2000,79.0182
rou,sex_m,age_10yrbands_y25_34,edu_isced97_3,2001,78.1407
rou,sex_m,age_10yrbands_y25_34,edu_isced97_3,2002,72.1979
rou,sex_m,age_10yrbands_y25_34,edu_isced97_3,2003,69.1414
rou,sex_m,age_10yrbands_y25_34,edu_isced97_3,2004,67.1115
rou,sex_m,age_10yrbands_y25_34,edu_isced97_3,2005,65.154
rou,sex_m,age_10yrbands_y25_34,edu_isced97_3,2006,62.4107
rou,sex_m,age_10yrbands_y25_34,edu_isced97_3,2007,60.851
rou,sex_m,age_10yrbands_y25_34,edu_isced97_3,2008,58.5074
rou,sex_m,age_10yrbands_y25_34,edu_isced97_3,2009,56.9881
rou,sex_m,age_10yrbands_y25_34,edu_isced97_3,2010,55.8929
rou,sex_m,age_10yrbands_y25_34,edu_isced97_3,2011,54.6715
rou,sex_m,age_10yrbands_y25_34,edu_isced97_3,2012,55.4323
rou,sex_m,age_10yrbands_y25_34,edu_isced97_3,2013,55.5064
rou,sex_m,age_10yrbands_y25_34,edu_isced97_4,2002,3.6868
rou,sex_m,age_10yrbands_y25_34,edu_isced97_4,2003,3.5851
rou,sex_m,age_10yrbands_y25_34,edu_isced97_4,2004,3.9547
rou,sex_m,age_10yrbands_y25_34,edu_isced97_4,2005,3.5822
rou,sex_m,age_10yrbands_y25_34,edu_isced97_4,2006,3.6134
rou,sex_m,age_10yrbands_y25_34,edu_isced97_4,2007,3.4741
rou,sex_m,age_10yrbands_y25_34,edu_isced97_4,2008,3.4245
rou,sex_m,age_10yrbands_y25_34,edu_isced97_4,2009,3.3519
rou,sex_m,age_10yrbands_y25_34,edu_isced97_4,2010,3.2153
rou,sex_m,age_10yrbands_y25_34,edu_isced97_4,2011,3.224
rou,sex_m,age_10yrbands_y25_34,edu_isced97_4,2012,2.7296
rou,sex_m,age_10yrbands_y25_34,edu_isced97_4,2013,1.9355
rou,sex_m,age_10yrbands_y25_34,edu_isced97_5,1998,8.214
rou,sex_m,age_10yrbands_y25_34,edu_isced97_5,1999,9.1399
rou,sex_m,age_10yrbands_y25_34,edu_isced97_5,2000,9.3658
rou,sex_m,age_10yrbands_y25_34,edu_isced97_5,2001,9.6508
rou,sex_m,age_10yrbands_y25_34,edu_isced97_5,2002,10.6136
rou,sex_m,age_10yrbands_y25_34,edu_isced97_5,2003,11.309
rou,sex_m,age_10yrbands_y25_34,edu_isced97_5,2004,12.6348
rou,sex_m,age_10yrbands_y25_34,edu_isced97_5,2005,14.1588
rou,sex_m,age_10yrbands_y25_34,edu_isced97_5,2006,15.7352
rou,sex_m,age_10yrbands_y25_34,edu_isced97_5,2007,18.0352
rou,sex_m,age_10yrbands_y25_34,edu_isced97_5,2008,19.6756
rou,sex_m,age_10yrbands_y25_34,edu_isced97_5,2009,19.6778
rou,sex_m,age_10yrbands_y25_34,edu_isced97_5,2010,20.5709
rou,sex_m,age_10yrbands_y25_34,edu_isced97_5,2011,23.0924
rou,sex_m,age_10yrbands_y25_34,edu_isced97_5,2012,23.2983
rou,sex_m,age_10yrbands_y25_34,edu_isced97_5,2013,24.0179
rou,sex_m,age_10yrbands_y25_34,edu_isced97_6,2006,0.0374
rou,sex_m,age_10yrbands_y25_34,edu_isced97_6,2007,0.0432
rou,sex_m,age_10yrbands_y25_34,edu_isced97_6,2008,0.0633
rou,sex_m,age_10yrbands_y25_34,edu_isced97_6,2009,0.1025
rou,sex_m,age_10yrbands_y25_34,edu_isced97_6,2011,0.0927
rou,sex_m,age_10yrbands_y25_34,edu_isced97_6,2012,0.1129
rou,sex_m,age_10yrbands_y25_34,edu_isced97_6,2013,0.0809
rou,sex_m,age_10yrbands_y25_34,edu_isced97_total,1998,100
rou,sex_m,age_10yrbands_y25_34,edu_isced97_total,1999,100
rou,sex_m,age_10yrbands_y25_34,edu_isced97_total,2000,100
rou,sex_m,age_10yrbands_y25_34,edu_isced97_total,2001,100
rou,sex_m,age_10yrbands_y25_34,edu_isced97_total,2002,100
rou,sex_m,age_10yrbands_y25_34,edu_isced97_total,2003,100
rou,sex_m,age_10yrbands_y25_34,edu_isced97_total,2004,100
rou,sex_m,age_10yrbands_y25_34,edu_isced97_total,2005,100
rou,sex_m,age_10yrbands_y25_34,edu_isced97_total,2006,100
rou,sex_m,age_10yrbands_y25_34,edu_isced97_total,2007,100
rou,sex_m,age_10yrbands_y25_34,edu_isced97_total,2008,100
rou,sex_m,age_10yrbands_y25_34,edu_isced97_total,2009,100
rou,sex_m,age_10yrbands_y25_34,edu_isced97_total,2010,100
rou,sex_m,age_10yrbands_y25_34,edu_isced97_total,2011,100
rou,sex_m,age_10yrbands_y25_34,edu_isced97_total,2012,100
rou,sex_m,age_10yrbands_y25_34,edu_isced97_total,2013,100
rou,sex_m,age_10yrbands_y35_44,edu_aggregate_adv,1997,19.0135
rou,sex_m,age_10yrbands_y35_44,edu_aggregate_adv,1998,12.196
rou,sex_m,age_10yrbands_y35_44,edu_aggregate_adv,1999,10.8403
rou,sex_m,age_10yrbands_y35_44,edu_aggregate_adv,2000,11.778
rou,sex_m,age_10yrbands_y35_44,edu_aggregate_adv,2001,12.9055
rou,sex_m,age_10yrbands_y35_44,edu_aggregate_adv,2002,11.6331
rou,sex_m,age_10yrbands_y35_44,edu_aggregate_adv,2003,9.8731
rou,sex_m,age_10yrbands_y35_44,edu_aggregate_adv,2004,11.8153
rou,sex_m,age_10yrbands_y35_44,edu_aggregate_adv,2005,11.9816
rou,sex_m,age_10yrbands_y35_44,edu_aggregate_adv,2006,11.976
rou,sex_m,age_10yrbands_y35_44,edu_aggregate_adv,2007,11.2199
rou,sex_m,age_10yrbands_y35_44,edu_aggregate_adv,2008,12.5394
rou,sex_m,age_10yrbands_y35_44,edu_aggregate_adv,2009,13.4206
rou,sex_m,age_10yrbands_y35_44,edu_aggregate_adv,2010,14.0847
rou,sex_m,age_10yrbands_y35_44,edu_aggregate_adv,2011,15.2481
rou,sex_m,age_10yrbands_y35_44,edu_aggregate_adv,2012,15.992
rou,sex_m,age_10yrbands_y35_44,edu_aggregate_adv,2013,16.2308
rou,sex_m,age_10yrbands_y35_44,edu_aggregate_adv,2014,17.3415
rou,sex_m,age_10yrbands_y35_44,edu_aggregate_adv,2015,19.9082
rou,sex_m,age_10yrbands_y35_44,edu_aggregate_adv,2016,20.5928
rou,sex_m,age_10yrbands_y35_44,edu_aggregate_adv,2017,20.1933
rou,sex_m,age_10yrbands_y35_44,edu_aggregate_adv,2018,22.0705
rou,sex_m,age_10yrbands_y35_44,edu_aggregate_adv,2019,23.5799
rou,sex_m,age_10yrbands_y35_44,edu_aggregate_bas,1997,15.4335
rou,sex_m,age_10yrbands_y35_44,edu_aggregate_bas,1998,14.6757
rou,sex_m,age_10yrbands_y35_44,edu_aggregate_bas,1999,15.1206
rou,sex_m,age_10yrbands_y35_44,edu_aggregate_bas,2000,13.1743
rou,sex_m,age_10yrbands_y35_44,edu_aggregate_bas,2001,11.2944
rou,sex_m,age_10yrbands_y35_44,edu_aggregate_bas,2002,11.9058
rou,sex_m,age_10yrbands_y35_44,edu_aggregate_bas,2003,12.5459
rou,sex_m,age_10yrbands_y35_44,edu_aggregate_bas,2004,11.6645
rou,sex_m,age_10yrbands_y35_44,edu_aggregate_bas,2005,11.0301
rou,sex_m,age_10yrbands_y35_44,edu_aggregate_bas,2006,10.3222
rou,sex_m,age_10yrbands_y35_44,edu_aggregate_bas,2007,10.8312
rou,sex_m,age_10yrbands_y35_44,edu_aggregate_bas,2008,10.7007
rou,sex_m,age_10yrbands_y35_44,edu_aggregate_bas,2009,12.4426
rou,sex_m,age_10yrbands_y35_44,edu_aggregate_bas,2010,14.3536
rou,sex_m,age_10yrbands_y35_44,edu_aggregate_bas,2011,13.3414
rou,sex_m,age_10yrbands_y35_44,edu_aggregate_bas,2012,14.5005
rou,sex_m,age_10yrbands_y35_44,edu_aggregate_bas,2013,16.0287
rou,sex_m,age_10yrbands_y35_44,edu_aggregate_bas,2014,19.7342
rou,sex_m,age_10yrbands_y35_44,edu_aggregate_bas,2015,20.178
rou,sex_m,age_10yrbands_y35_44,edu_aggregate_bas,2016,19.3432
rou,sex_m,age_10yrbands_y35_44,edu_aggregate_bas,2017,18.3141
rou,sex_m,age_10yrbands_y35_44,edu_aggregate_bas,2018,17.8777
rou,sex_m,age_10yrbands_y35_44,edu_aggregate_bas,2019,18.4589
rou,sex_m,age_10yrbands_y35_44,edu_aggregate_int,1997,65.5531
rou,sex_m,age_10yrbands_y35_44,edu_aggregate_int,1998,73.1282
rou,sex_m,age_10yrbands_y35_44,edu_aggregate_int,1999,74.0391
rou,sex_m,age_10yrbands_y35_44,edu_aggregate_int,2000,75.0477
rou,sex_m,age_10yrbands_y35_44,edu_aggregate_int,2001,74.9342
rou,sex_m,age_10yrbands_y35_44,edu_aggregate_int,2002,76.2803
rou,sex_m,age_10yrbands_y35_44,edu_aggregate_int,2003,77.2421
rou,sex_m,age_10yrbands_y35_44,edu_aggregate_int,2004,76.2517
rou,sex_m,age_10yrbands_y35_44,edu_aggregate_int,2005,76.6579
rou,sex_m,age_10yrbands_y35_44,edu_aggregate_int,2006,77.2813
rou,sex_m,age_10yrbands_y35_44,edu_aggregate_int,2007,77.5596
rou,sex_m,age_10yrbands_y35_44,edu_aggregate_int,2008,76.4377
rou,sex_m,age_10yrbands_y35_44,edu_aggregate_int,2009,73.8176
rou,sex_m,age_10yrbands_y35_44,edu_aggregate_int,2010,71.3569
rou,sex_m,age_10yrbands_y35_44,edu_aggregate_int,2011,71.2692
rou,sex_m,age_10yrbands_y35_44,edu_aggregate_int,2012,69.3088
rou,sex_m,age_10yrbands_y35_44,edu_aggregate_int,2013,67.5501
rou,sex_m,age_10yrbands_y35_44,edu_aggregate_int,2014,62.7413
rou,sex_m,age_10yrbands_y35_44,edu_aggregate_int,2015,59.5688
rou,sex_m,age_10yrbands_y35_44,edu_aggregate_int,2016,59.7022
rou,sex_m,age_10yrbands_y35_44,edu_aggregate_int,2017,61.0825
rou,sex_m,age_10yrbands_y35_44,edu_aggregate_int,2018,59.4916
rou,sex_m,age_10yrbands_y35_44,edu_aggregate_int,2019,57.6542
rou,sex_m,age_10yrbands_y35_44,edu_aggregate_ltb,2001,0.8659
rou,sex_m,age_10yrbands_y35_44,edu_aggregate_ltb,2003,0.3389
rou,sex_m,age_10yrbands_y35_44,edu_aggregate_ltb,2018,0.5602
rou,sex_m,age_10yrbands_y35_44,edu_aggregate_total,1997,100
rou,sex_m,age_10yrbands_y35_44,edu_aggregate_total,1998,100
rou,sex_m,age_10yrbands_y35_44,edu_aggregate_total,1999,100
rou,sex_m,age_10yrbands_y35_44,edu_aggregate_total,2000,100
rou,sex_m,age_10yrbands_y35_44,edu_aggregate_total,2001,100
rou,sex_m,age_10yrbands_y35_44,edu_aggregate_total,2002,100
rou,sex_m,age_10yrbands_y35_44,edu_aggregate_total,2003,100
rou,sex_m,age_10yrbands_y35_44,edu_aggregate_total,2004,100
rou,sex_m,age_10yrbands_y35_44,edu_aggregate_total,2005,100
rou,sex_m,age_10yrbands_y35_44,edu_aggregate_total,2006,100
rou,sex_m,age_10yrbands_y35_44,edu_aggregate_total,2007,100
rou,sex_m,age_10yrbands_y35_44,edu_aggregate_total,2008,100
rou,sex_m,age_10yrbands_y35_44,edu_aggregate_total,2009,100
rou,sex_m,age_10yrbands_y35_44,edu_aggregate_total,2010,100
rou,sex_m,age_10yrbands_y35_44,edu_aggregate_total,2011,100
rou,sex_m,age_10yrbands_y35_44,edu_aggregate_total,2012,100
rou,sex_m,age_10yrbands_y35_44,edu_aggregate_total,2013,100
rou,sex_m,age_10yrbands_y35_44,edu_aggregate_total,2014,100
rou,sex_m,age_10yrbands_y35_44,edu_aggregate_total,2015,100
rou,sex_m,age_10yrbands_y35_44,edu_aggregate_total,2016,100
rou,sex_m,age_10yrbands_y35_44,edu_aggregate_total,2017,100
rou,sex_m,age_10yrbands_y35_44,edu_aggregate_total,2018,100
rou,sex_m,age_10yrbands_y35_44,edu_aggregate_total,2019,100
rou,sex_m,age_10yrbands_y35_44,edu_isced11_0,2015,0.345
rou,sex_m,age_10yrbands_y35_44,edu_isced11_0,2016,0.3618
rou,sex_m,age_10yrbands_y35_44,edu_isced11_0,2017,0.41
rou,sex_m,age_10yrbands_y35_44,edu_isced11_0,2018,0.5602
rou,sex_m,age_10yrbands_y35_44,edu_isced11_1,2014,1.2835
rou,sex_m,age_10yrbands_y35_44,edu_isced11_1,2015,2.3204
rou,sex_m,age_10yrbands_y35_44,edu_isced11_1,2016,2.3731
rou,sex_m,age_10yrbands_y35_44,edu_isced11_1,2017,2.236
rou,sex_m,age_10yrbands_y35_44,edu_isced11_1,2018,2.3272
rou,sex_m,age_10yrbands_y35_44,edu_isced11_1,2019,2.3865
rou,sex_m,age_10yrbands_y35_44,edu_isced11_2,2014,18.4507
rou,sex_m,age_10yrbands_y35_44,edu_isced11_2,2015,17.8577
rou,sex_m,age_10yrbands_y35_44,edu_isced11_2,2016,16.9701
rou,sex_m,age_10yrbands_y35_44,edu_isced11_2,2017,16.0781
rou,sex_m,age_10yrbands_y35_44,edu_isced11_2,2018,15.5505
rou,sex_m,age_10yrbands_y35_44,edu_isced11_2,2019,16.0723
rou,sex_m,age_10yrbands_y35_44,edu_isced11_3,2014,59.7644
rou,sex_m,age_10yrbands_y35_44,edu_isced11_3,2015,56.9689
rou,sex_m,age_10yrbands_y35_44,edu_isced11_3,2016,57.5021
rou,sex_m,age_10yrbands_y35_44,edu_isced11_3,2017,58.5282
rou,sex_m,age_10yrbands_y35_44,edu_isced11_3,2018,57.084
rou,sex_m,age_10yrbands_y35_44,edu_isced11_3,2019,55.7804
rou,sex_m,age_10yrbands_y35_44,edu_isced11_4,2014,2.9769
rou,sex_m,age_10yrbands_y35_44,edu_isced11_4,2015,2.5998
rou,sex_m,age_10yrbands_y35_44,edu_isced11_4,2016,2.2001
rou,sex_m,age_10yrbands_y35_44,edu_isced11_4,2017,2.5544
rou,sex_m,age_10yrbands_y35_44,edu_isced11_4,2018,2.4076
rou,sex_m,age_10yrbands_y35_44,edu_isced11_4,2019,1.8737
rou,sex_m,age_10yrbands_y35_44,edu_isced11_5,2014,0.6305
rou,sex_m,age_10yrbands_y35_44,edu_isced11_5,2015,0.4466
rou,sex_m,age_10yrbands_y35_44,edu_isced11_5,2016,0.4453
rou,sex_m,age_10yrbands_y35_44,edu_isced11_5,2017,0.4051
rou,sex_m,age_10yrbands_y35_44,edu_isced11_5,2019,0.8797
rou,sex_m,age_10yrbands_y35_44,edu_isced11_6,2014,3.7963
rou,sex_m,age_10yrbands_y35_44,edu_isced11_6,2015,2.1082
rou,sex_m,age_10yrbands_y35_44,edu_isced11_6,2016,1.5748
rou,sex_m,age_10yrbands_y35_44,edu_isced11_6,2017,1.3193
rou,sex_m,age_10yrbands_y35_44,edu_isced11_6,2018,1.2907
rou,sex_m,age_10yrbands_y35_44,edu_isced11_6,2019,1.7349
rou,sex_m,age_10yrbands_y35_44,edu_isced11_7,2014,12.8178
rou,sex_m,age_10yrbands_y35_44,edu_isced11_7,2015,17.1198
rou,sex_m,age_10yrbands_y35_44,edu_isced11_7,2016,18.3168
rou,sex_m,age_10yrbands_y35_44,edu_isced11_7,2017,18.3094
rou,sex_m,age_10yrbands_y35_44,edu_isced11_7,2018,20.2346
rou,sex_m,age_10yrbands_y35_44,edu_isced11_7,2019,20.8761
rou,sex_m,age_10yrbands_y35_44,edu_isced11_8,2015,0.2335
rou,sex_m,age_10yrbands_y35_44,edu_isced11_8,2016,0.2558
rou,sex_m,age_10yrbands_y35_44,edu_isced11_8,2017,0.1594
rou,sex_m,age_10yrbands_y35_44,edu_isced11_total,2014,100
rou,sex_m,age_10yrbands_y35_44,edu_isced11_total,2015,100
rou,sex_m,age_10yrbands_y35_44,edu_isced11_total,2016,100
rou,sex_m,age_10yrbands_y35_44,edu_isced11_total,2017,100
rou,sex_m,age_10yrbands_y35_44,edu_isced11_total,2018,100
rou,sex_m,age_10yrbands_y35_44,edu_isced11_total,2019,100
rou,sex_m,age_10yrbands_y35_44,edu_isced97_0,2001,0.8659
rou,sex_m,age_10yrbands_y35_44,edu_isced97_0,2003,0.3389
rou,sex_m,age_10yrbands_y35_44,edu_isced97_0,2004,0.2685
rou,sex_m,age_10yrbands_y35_44,edu_isced97_0,2006,0.4206
rou,sex_m,age_10yrbands_y35_44,edu_isced97_0,2007,0.3893
rou,sex_m,age_10yrbands_y35_44,edu_isced97_0,2008,0.3222
rou,sex_m,age_10yrbands_y35_44,edu_isced97_0,2009,0.3192
rou,sex_m,age_10yrbands_y35_44,edu_isced97_0,2011,0.1413
rou,sex_m,age_10yrbands_y35_44,edu_isced97_0,2012,0.1988
rou,sex_m,age_10yrbands_y35_44,edu_isced97_0,2013,0.1904
rou,sex_m,age_10yrbands_y35_44,edu_isced97_1,1998,2.6825
rou,sex_m,age_10yrbands_y35_44,edu_isced97_1,1999,2.8826
rou,sex_m,age_10yrbands_y35_44,edu_isced97_1,2000,2.3893
rou,sex_m,age_10yrbands_y35_44,edu_isced97_1,2001,1.6516
rou,sex_m,age_10yrbands_y35_44,edu_isced97_1,2002,1.0875
rou,sex_m,age_10yrbands_y35_44,edu_isced97_1,2003,1.2617
rou,sex_m,age_10yrbands_y35_44,edu_isced97_1,2004,1.6557
rou,sex_m,age_10yrbands_y35_44,edu_isced97_1,2005,1.3638
rou,sex_m,age_10yrbands_y35_44,edu_isced97_1,2006,1.1785
rou,sex_m,age_10yrbands_y35_44,edu_isced97_1,2007,1.1522
rou,sex_m,age_10yrbands_y35_44,edu_isced97_1,2008,1.3385
rou,sex_m,age_10yrbands_y35_44,edu_isced97_1,2009,1.4453
rou,sex_m,age_10yrbands_y35_44,edu_isced97_1,2010,1.2916
rou,sex_m,age_10yrbands_y35_44,edu_isced97_1,2011,1.0873
rou,sex_m,age_10yrbands_y35_44,edu_isced97_1,2012,1.2881
rou,sex_m,age_10yrbands_y35_44,edu_isced97_1,2013,1.1341
rou,sex_m,age_10yrbands_y35_44,edu_isced97_2,1998,11.9933
rou,sex_m,age_10yrbands_y35_44,edu_isced97_2,1999,12.238
rou,sex_m,age_10yrbands_y35_44,edu_isced97_2,2000,10.785
rou,sex_m,age_10yrbands_y35_44,edu_isced97_2,2001,9.6428
rou,sex_m,age_10yrbands_y35_44,edu_isced97_2,2002,10.8183
rou,sex_m,age_10yrbands_y35_44,edu_isced97_2,2003,11.2842
rou,sex_m,age_10yrbands_y35_44,edu_isced97_2,2004,10.0088
rou,sex_m,age_10yrbands_y35_44,edu_isced97_2,2005,9.6663
rou,sex_m,age_10yrbands_y35_44,edu_isced97_2,2006,9.1437
rou,sex_m,age_10yrbands_y35_44,edu_isced97_2,2007,9.679
rou,sex_m,age_10yrbands_y35_44,edu_isced97_2,2008,9.3622
rou,sex_m,age_10yrbands_y35_44,edu_isced97_2,2009,10.9973
rou,sex_m,age_10yrbands_y35_44,edu_isced97_2,2010,13.062
rou,sex_m,age_10yrbands_y35_44,edu_isced97_2,2011,12.254
rou,sex_m,age_10yrbands_y35_44,edu_isced97_2,2012,13.2123
rou,sex_m,age_10yrbands_y35_44,edu_isced97_2,2013,14.8947
rou,sex_m,age_10yrbands_y35_44,edu_isced97_3,1998,73.1282
rou,sex_m,age_10yrbands_y35_44,edu_isced97_3,1999,74.0391
rou,sex_m,age_10yrbands_y35_44,edu_isced97_3,2000,75.0477
rou,sex_m,age_10yrbands_y35_44,edu_isced97_3,2001,74.9342
rou,sex_m,age_10yrbands_y35_44,edu_isced97_3,2002,70.6194
rou,sex_m,age_10yrbands_y35_44,edu_isced97_3,2003,73.1759
rou,sex_m,age_10yrbands_y35_44,edu_isced97_3,2004,72.2188
rou,sex_m,age_10yrbands_y35_44,edu_isced97_3,2005,72.3332
rou,sex_m,age_10yrbands_y35_44,edu_isced97_3,2006,73.0001
rou,sex_m,age_10yrbands_y35_44,edu_isced97_3,2007,73.6069
rou,sex_m,age_10yrbands_y35_44,edu_isced97_3,2008,72.6291
rou,sex_m,age_10yrbands_y35_44,edu_isced97_3,2009,70.2384
rou,sex_m,age_10yrbands_y35_44,edu_isced97_3,2010,67.8588
rou,sex_m,age_10yrbands_y35_44,edu_isced97_3,2011,67.8133
rou,sex_m,age_10yrbands_y35_44,edu_isced97_3,2012,65.9501
rou,sex_m,age_10yrbands_y35_44,edu_isced97_3,2013,64.3013
rou,sex_m,age_10yrbands_y35_44,edu_isced97_4,2002,5.6609
rou,sex_m,age_10yrbands_y35_44,edu_isced97_4,2003,4.0661
rou,sex_m,age_10yrbands_y35_44,edu_isced97_4,2004,4.0328
rou,sex_m,age_10yrbands_y35_44,edu_isced97_4,2005,4.3247
rou,sex_m,age_10yrbands_y35_44,edu_isced97_4,2006,4.2812
rou,sex_m,age_10yrbands_y35_44,edu_isced97_4,2007,3.9527
rou,sex_m,age_10yrbands_y35_44,edu_isced97_4,2008,3.8086
rou,sex_m,age_10yrbands_y35_44,edu_isced97_4,2009,3.5792
rou,sex_m,age_10yrbands_y35_44,edu_isced97_4,2010,3.4981
rou,sex_m,age_10yrbands_y35_44,edu_isced97_4,2011,3.456
rou,sex_m,age_10yrbands_y35_44,edu_isced97_4,2012,3.3587
rou,sex_m,age_10yrbands_y35_44,edu_isced97_4,2013,3.2487
rou,sex_m,age_10yrbands_y35_44,edu_isced97_5,1998,12.196
rou,sex_m,age_10yrbands_y35_44,edu_isced97_5,1999,10.8403
rou,sex_m,age_10yrbands_y35_44,edu_isced97_5,2000,11.778
rou,sex_m,age_10yrbands_y35_44,edu_isced97_5,2001,12.9055
rou,sex_m,age_10yrbands_y35_44,edu_isced97_5,2002,11.6331
rou,sex_m,age_10yrbands_y35_44,edu_isced97_5,2003,9.8731
rou,sex_m,age_10yrbands_y35_44,edu_isced97_5,2004,11.7019
rou,sex_m,age_10yrbands_y35_44,edu_isced97_5,2005,11.8819
rou,sex_m,age_10yrbands_y35_44,edu_isced97_5,2006,11.8185
rou,sex_m,age_10yrbands_y35_44,edu_isced97_5,2007,11.1219
rou,sex_m,age_10yrbands_y35_44,edu_isced97_5,2008,12.4327
rou,sex_m,age_10yrbands_y35_44,edu_isced97_5,2009,13.3076
rou,sex_m,age_10yrbands_y35_44,edu_isced97_5,2010,13.9974
rou,sex_m,age_10yrbands_y35_44,edu_isced97_5,2011,15.2079
rou,sex_m,age_10yrbands_y35_44,edu_isced97_5,2012,15.8708
rou,sex_m,age_10yrbands_y35_44,edu_isced97_5,2013,16.1554
rou,sex_m,age_10yrbands_y35_44,edu_isced97_6,2004,0.1133
rou,sex_m,age_10yrbands_y35_44,edu_isced97_6,2006,0.1575
rou,sex_m,age_10yrbands_y35_44,edu_isced97_6,2007,0.098
rou,sex_m,age_10yrbands_y35_44,edu_isced97_6,2008,0.1067
rou,sex_m,age_10yrbands_y35_44,edu_isced97_6,2009,0.113
rou,sex_m,age_10yrbands_y35_44,edu_isced97_6,2011,0.0401
rou,sex_m,age_10yrbands_y35_44,edu_isced97_6,2012,0.1212
rou,sex_m,age_10yrbands_y35_44,edu_isced97_6,2013,0.0754
rou,sex_m,age_10yrbands_y35_44,edu_isced97_total,1998,100
rou,sex_m,age_10yrbands_y35_44,edu_isced97_total,1999,100
rou,sex_m,age_10yrbands_y35_44,edu_isced97_total,2000,100
rou,sex_m,age_10yrbands_y35_44,edu_isced97_total,2001,100
rou,sex_m,age_10yrbands_y35_44,edu_isced97_total,2002,100
rou,sex_m,age_10yrbands_y35_44,edu_isced97_total,2003,100
rou,sex_m,age_10yrbands_y35_44,edu_isced97_total,2004,100
rou,sex_m,age_10yrbands_y35_44,edu_isced97_total,2005,100
rou,sex_m,age_10yrbands_y35_44,edu_isced97_total,2006,100
rou,sex_m,age_10yrbands_y35_44,edu_isced97_total,2007,100
rou,sex_m,age_10yrbands_y35_44,edu_isced97_total,2008,100
rou,sex_m,age_10yrbands_y35_44,edu_isced97_total,2009,100
rou,sex_m,age_10yrbands_y35_44,edu_isced97_total,2010,100
rou,sex_m,age_10yrbands_y35_44,edu_isced97_total,2011,100
rou,sex_m,age_10yrbands_y35_44,edu_isced97_total,2012,100
rou,sex_m,age_10yrbands_y35_44,edu_isced97_total,2013,100
rou,sex_m,age_10yrbands_y45_54,edu_aggregate_adv,1997,23.3903
rou,sex_m,age_10yrbands_y45_54,edu_aggregate_adv,1998,12.9922
rou,sex_m,age_10yrbands_y45_54,edu_aggregate_adv,1999,13.7433
rou,sex_m,age_10yrbands_y45_54,edu_aggregate_adv,2000,13.6152
rou,sex_m,age_10yrbands_y45_54,edu_aggregate_adv,2001,14.3577
rou,sex_m,age_10yrbands_y45_54,edu_aggregate_adv,2002,15.4275
rou,sex_m,age_10yrbands_y45_54,edu_aggregate_adv,2003,13.7031
rou,sex_m,age_10yrbands_y45_54,edu_aggregate_adv,2004,14.3296
rou,sex_m,age_10yrbands_y45_54,edu_aggregate_adv,2005,13.8965
rou,sex_m,age_10yrbands_y45_54,edu_aggregate_adv,2006,14.4834
rou,sex_m,age_10yrbands_y45_54,edu_aggregate_adv,2007,14.2011
rou,sex_m,age_10yrbands_y45_54,edu_aggregate_adv,2008,13.3716
rou,sex_m,age_10yrbands_y45_54,edu_aggregate_adv,2009,12.7749
rou,sex_m,age_10yrbands_y45_54,edu_aggregate_adv,2010,13.2346
rou,sex_m,age_10yrbands_y45_54,edu_aggregate_adv,2011,13.5378
rou,sex_m,age_10yrbands_y45_54,edu_aggregate_adv,2012,13.5344
rou,sex_m,age_10yrbands_y45_54,edu_aggregate_adv,2013,13.6136
rou,sex_m,age_10yrbands_y45_54,edu_aggregate_adv,2014,13.1086
rou,sex_m,age_10yrbands_y45_54,edu_aggregate_adv,2015,14.5649
rou,sex_m,age_10yrbands_y45_54,edu_aggregate_adv,2016,15.0695
rou,sex_m,age_10yrbands_y45_54,edu_aggregate_adv,2017,14.3864
rou,sex_m,age_10yrbands_y45_54,edu_aggregate_adv,2018,13.8718
rou,sex_m,age_10yrbands_y45_54,edu_aggregate_adv,2019,14.4819
rou,sex_m,age_10yrbands_y45_54,edu_aggregate_bas,1997,33.6348
rou,sex_m,age_10yrbands_y45_54,edu_aggregate_bas,1998,30.0901
rou,sex_m,age_10yrbands_y45_54,edu_aggregate_bas,1999,27.5607
rou,sex_m,age_10yrbands_y45_54,edu_aggregate_bas,2000,27.7697
rou,sex_m,age_10yrbands_y45_54,edu_aggregate_bas,2001,24.7376
rou,sex_m,age_10yrbands_y45_54,edu_aggregate_bas,2002,21.5416
rou,sex_m,age_10yrbands_y45_54,edu_aggregate_bas,2003,20.4085
rou,sex_m,age_10yrbands_y45_54,edu_aggregate_bas,2004,19.3363
rou,sex_m,age_10yrbands_y45_54,edu_aggregate_bas,2005,17.9703
rou,sex_m,age_10yrbands_y45_54,edu_aggregate_bas,2006,16.9372
rou,sex_m,age_10yrbands_y45_54,edu_aggregate_bas,2007,16.2681
rou,sex_m,age_10yrbands_y45_54,edu_aggregate_bas,2008,16.2104
rou,sex_m,age_10yrbands_y45_54,edu_aggregate_bas,2009,16.9292
rou,sex_m,age_10yrbands_y45_54,edu_aggregate_bas,2010,18.0811
rou,sex_m,age_10yrbands_y45_54,edu_aggregate_bas,2011,15.4688
rou,sex_m,age_10yrbands_y45_54,edu_aggregate_bas,2012,14.1904
rou,sex_m,age_10yrbands_y45_54,edu_aggregate_bas,2013,14.2821
rou,sex_m,age_10yrbands_y45_54,edu_aggregate_bas,2014,18.6231
rou,sex_m,age_10yrbands_y45_54,edu_aggregate_bas,2015,14.4879
rou,sex_m,age_10yrbands_y45_54,edu_aggregate_bas,2016,12.9419
rou,sex_m,age_10yrbands_y45_54,edu_aggregate_bas,2017,13.0426
rou,sex_m,age_10yrbands_y45_54,edu_aggregate_bas,2018,12.6454
rou,sex_m,age_10yrbands_y45_54,edu_aggregate_bas,2019,13.163
rou,sex_m,age_10yrbands_y45_54,edu_aggregate_int,1997,42.9838
rou,sex_m,age_10yrbands_y45_54,edu_aggregate_int,1998,56.9177
rou,sex_m,age_10yrbands_y45_54,edu_aggregate_int,1999,58.696
rou,sex_m,age_10yrbands_y45_54,edu_aggregate_int,2000,58.6151
rou,sex_m,age_10yrbands_y45_54,edu_aggregate_int,2001,60.4229
rou,sex_m,age_10yrbands_y45_54,edu_aggregate_int,2002,62.6162
rou,sex_m,age_10yrbands_y45_54,edu_aggregate_int,2003,65.4523
rou,sex_m,age_10yrbands_y45_54,edu_aggregate_int,2004,65.904
rou,sex_m,age_10yrbands_y45_54,edu_aggregate_int,2005,67.7493
rou,sex_m,age_10yrbands_y45_54,edu_aggregate_int,2006,68.2619
rou,sex_m,age_10yrbands_y45_54,edu_aggregate_int,2007,69.123
rou,sex_m,age_10yrbands_y45_54,edu_aggregate_int,2008,69.9809
rou,sex_m,age_10yrbands_y45_54,edu_aggregate_int,2009,70.0313
rou,sex_m,age_10yrbands_y45_54,edu_aggregate_int,2010,68.396
rou,sex_m,age_10yrbands_y45_54,edu_aggregate_int,2011,70.8448
rou,sex_m,age_10yrbands_y45_54,edu_aggregate_int,2012,72.0004
rou,sex_m,age_10yrbands_y45_54,edu_aggregate_int,2013,71.789
rou,sex_m,age_10yrbands_y45_54,edu_aggregate_int,2014,68.0878
rou,sex_m,age_10yrbands_y45_54,edu_aggregate_int,2015,70.7619
rou,sex_m,age_10yrbands_y45_54,edu_aggregate_int,2016,71.7998
rou,sex_m,age_10yrbands_y45_54,edu_aggregate_int,2017,72.4605
rou,sex_m,age_10yrbands_y45_54,edu_aggregate_int,2018,73.3146
rou,sex_m,age_10yrbands_y45_54,edu_aggregate_int,2019,72.0848
rou,sex_m,age_10yrbands_y45_54,edu_aggregate_ltb,2001,0.4817
rou,sex_m,age_10yrbands_y45_54,edu_aggregate_ltb,2002,0.4147
rou,sex_m,age_10yrbands_y45_54,edu_aggregate_ltb,2003,0.4361
rou,sex_m,age_10yrbands_y45_54,edu_aggregate_total,1997,100
rou,sex_m,age_10yrbands_y45_54,edu_aggregate_total,1998,100
rou,sex_m,age_10yrbands_y45_54,edu_aggregate_total,1999,100
rou,sex_m,age_10yrbands_y45_54,edu_aggregate_total,2000,100
rou,sex_m,age_10yrbands_y45_54,edu_aggregate_total,2001,100
rou,sex_m,age_10yrbands_y45_54,edu_aggregate_total,2002,100
rou,sex_m,age_10yrbands_y45_54,edu_aggregate_total,2003,100
rou,sex_m,age_10yrbands_y45_54,edu_aggregate_total,2004,100
rou,sex_m,age_10yrbands_y45_54,edu_aggregate_total,2005,100
rou,sex_m,age_10yrbands_y45_54,edu_aggregate_total,2006,100
rou,sex_m,age_10yrbands_y45_54,edu_aggregate_total,2007,100
rou,sex_m,age_10yrbands_y45_54,edu_aggregate_total,2008,100
rou,sex_m,age_10yrbands_y45_54,edu_aggregate_total,2009,100
rou,sex_m,age_10yrbands_y45_54,edu_aggregate_total,2010,100
rou,sex_m,age_10yrbands_y45_54,edu_aggregate_total,2011,100
rou,sex_m,age_10yrbands_y45_54,edu_aggregate_total,2012,100
rou,sex_m,age_10yrbands_y45_54,edu_aggregate_total,2013,100
rou,sex_m,age_10yrbands_y45_54,edu_aggregate_total,2014,100
rou,sex_m,age_10yrbands_y45_54,edu_aggregate_total,2015,100
rou,sex_m,age_10yrbands_y45_54,edu_aggregate_total,2016,100
rou,sex_m,age_10yrbands_y45_54,edu_aggregate_total,2017,100
rou,sex_m,age_10yrbands_y45_54,edu_aggregate_total,2018,100
rou,sex_m,age_10yrbands_y45_54,edu_aggregate_total,2019,100
rou,sex_m,age_10yrbands_y45_54,edu_isced11_0,2015,0.1853
rou,sex_m,age_10yrbands_y45_54,edu_isced11_0,2016,0.1888
rou,sex_m,age_10yrbands_y45_54,edu_isced11_0,2017,0.1105
rou,sex_m,age_10yrbands_y45_54,edu_isced11_1,2014,1.4265
rou,sex_m,age_10yrbands_y45_54,edu_isced11_1,2015,1.6094
rou,sex_m,age_10yrbands_y45_54,edu_isced11_1,2016,1.5224
rou,sex_m,age_10yrbands_y45_54,edu_isced11_1,2017,1.4869
rou,sex_m,age_10yrbands_y45_54,edu_isced11_1,2018,1.5198
rou,sex_m,age_10yrbands_y45_54,edu_isced11_1,2019,1.6965
rou,sex_m,age_10yrbands_y45_54,edu_isced11_2,2014,17.1966
rou,sex_m,age_10yrbands_y45_54,edu_isced11_2,2015,12.8784
rou,sex_m,age_10yrbands_y45_54,edu_isced11_2,2016,11.4195
rou,sex_m,age_10yrbands_y45_54,edu_isced11_2,2017,11.5557
rou,sex_m,age_10yrbands_y45_54,edu_isced11_2,2018,11.1255
rou,sex_m,age_10yrbands_y45_54,edu_isced11_2,2019,11.4665
rou,sex_m,age_10yrbands_y45_54,edu_isced11_3,2014,64.7139
rou,sex_m,age_10yrbands_y45_54,edu_isced11_3,2015,68.0556
rou,sex_m,age_10yrbands_y45_54,edu_isced11_3,2016,69.0545
rou,sex_m,age_10yrbands_y45_54,edu_isced11_3,2017,69.7141
rou,sex_m,age_10yrbands_y45_54,edu_isced11_3,2018,70.7646
rou,sex_m,age_10yrbands_y45_54,edu_isced11_3,2019,69.6501
rou,sex_m,age_10yrbands_y45_54,edu_isced11_4,2014,3.374
rou,sex_m,age_10yrbands_y45_54,edu_isced11_4,2015,2.7063
rou,sex_m,age_10yrbands_y45_54,edu_isced11_4,2016,2.7453
rou,sex_m,age_10yrbands_y45_54,edu_isced11_4,2017,2.7465
rou,sex_m,age_10yrbands_y45_54,edu_isced11_4,2018,2.5499
rou,sex_m,age_10yrbands_y45_54,edu_isced11_4,2019,2.4347
rou,sex_m,age_10yrbands_y45_54,edu_isced11_5,2015,0.5377
rou,sex_m,age_10yrbands_y45_54,edu_isced11_5,2016,0.4883
rou,sex_m,age_10yrbands_y45_54,edu_isced11_5,2017,0.4604
rou,sex_m,age_10yrbands_y45_54,edu_isced11_5,2019,0.543
rou,sex_m,age_10yrbands_y45_54,edu_isced11_6,2014,1.5587
rou,sex_m,age_10yrbands_y45_54,edu_isced11_6,2015,1.1986
rou,sex_m,age_10yrbands_y45_54,edu_isced11_6,2016,0.8287
rou,sex_m,age_10yrbands_y45_54,edu_isced11_6,2017,0.6095
rou,sex_m,age_10yrbands_y45_54,edu_isced11_6,2018,0.6233
rou,sex_m,age_10yrbands_y45_54,edu_isced11_6,2019,0.8193
rou,sex_m,age_10yrbands_y45_54,edu_isced11_7,2014,11.0796
rou,sex_m,age_10yrbands_y45_54,edu_isced11_7,2015,12.7921
rou,sex_m,age_10yrbands_y45_54,edu_isced11_7,2016,13.6314
rou,sex_m,age_10yrbands_y45_54,edu_isced11_7,2017,13.1868
rou,sex_m,age_10yrbands_y45_54,edu_isced11_7,2018,12.6898
rou,sex_m,age_10yrbands_y45_54,edu_isced11_7,2019,12.9415
rou,sex_m,age_10yrbands_y45_54,edu_isced11_8,2015,0.0365
rou,sex_m,age_10yrbands_y45_54,edu_isced11_8,2016,0.1212
rou,sex_m,age_10yrbands_y45_54,edu_isced11_8,2017,0.1296
rou,sex_m,age_10yrbands_y45_54,edu_isced11_total,2014,100
rou,sex_m,age_10yrbands_y45_54,edu_isced11_total,2015,100
rou,sex_m,age_10yrbands_y45_54,edu_isced11_total,2016,100
rou,sex_m,age_10yrbands_y45_54,edu_isced11_total,2017,100
rou,sex_m,age_10yrbands_y45_54,edu_isced11_total,2018,100
rou,sex_m,age_10yrbands_y45_54,edu_isced11_total,2019,100
rou,sex_m,age_10yrbands_y45_54,edu_isced97_0,2001,0.4817
rou,sex_m,age_10yrbands_y45_54,edu_isced97_0,2002,0.4147
rou,sex_m,age_10yrbands_y45_54,edu_isced97_0,2003,0.4361
rou,sex_m,age_10yrbands_y45_54,edu_isced97_0,2004,0.4302
rou,sex_m,age_10yrbands_y45_54,edu_isced97_0,2006,0.3175
rou,sex_m,age_10yrbands_y45_54,edu_isced97_0,2007,0.4079
rou,sex_m,age_10yrbands_y45_54,edu_isced97_0,2008,0.4371
rou,sex_m,age_10yrbands_y45_54,edu_isced97_0,2009,0.2646
rou,sex_m,age_10yrbands_y45_54,edu_isced97_0,2011,0.1486
rou,sex_m,age_10yrbands_y45_54,edu_isced97_0,2012,0.2747
rou,sex_m,age_10yrbands_y45_54,edu_isced97_0,2013,0.3153
rou,sex_m,age_10yrbands_y45_54,edu_isced97_1,1998,8.2267
rou,sex_m,age_10yrbands_y45_54,edu_isced97_1,1999,7.1752
rou,sex_m,age_10yrbands_y45_54,edu_isced97_1,2000,7.0088
rou,sex_m,age_10yrbands_y45_54,edu_isced97_1,2001,5.0163
rou,sex_m,age_10yrbands_y45_54,edu_isced97_1,2002,4.0024
rou,sex_m,age_10yrbands_y45_54,edu_isced97_1,2003,3.3219
rou,sex_m,age_10yrbands_y45_54,edu_isced97_1,2004,3.4101
rou,sex_m,age_10yrbands_y45_54,edu_isced97_1,2005,2.9942
rou,sex_m,age_10yrbands_y45_54,edu_isced97_1,2006,2.5126
rou,sex_m,age_10yrbands_y45_54,edu_isced97_1,2007,2.1925
rou,sex_m,age_10yrbands_y45_54,edu_isced97_1,2008,1.9925
rou,sex_m,age_10yrbands_y45_54,edu_isced97_1,2009,2.2028
rou,sex_m,age_10yrbands_y45_54,edu_isced97_1,2010,2.3736
rou,sex_m,age_10yrbands_y45_54,edu_isced97_1,2011,1.8155
rou,sex_m,age_10yrbands_y45_54,edu_isced97_1,2012,1.3872
rou,sex_m,age_10yrbands_y45_54,edu_isced97_1,2013,1.5975
rou,sex_m,age_10yrbands_y45_54,edu_isced97_2,1998,21.8634
rou,sex_m,age_10yrbands_y45_54,edu_isced97_2,1999,20.3855
rou,sex_m,age_10yrbands_y45_54,edu_isced97_2,2000,20.7609
rou,sex_m,age_10yrbands_y45_54,edu_isced97_2,2001,19.7213
rou,sex_m,age_10yrbands_y45_54,edu_isced97_2,2002,17.5392
rou,sex_m,age_10yrbands_y45_54,edu_isced97_2,2003,17.0867
rou,sex_m,age_10yrbands_y45_54,edu_isced97_2,2004,15.9262
rou,sex_m,age_10yrbands_y45_54,edu_isced97_2,2005,14.9761
rou,sex_m,age_10yrbands_y45_54,edu_isced97_2,2006,14.4246
rou,sex_m,age_10yrbands_y45_54,edu_isced97_2,2007,14.0755
rou,sex_m,age_10yrbands_y45_54,edu_isced97_2,2008,14.2179
rou,sex_m,age_10yrbands_y45_54,edu_isced97_2,2009,14.7263
rou,sex_m,age_10yrbands_y45_54,edu_isced97_2,2010,15.7074
rou,sex_m,age_10yrbands_y45_54,edu_isced97_2,2011,13.6533
rou,sex_m,age_10yrbands_y45_54,edu_isced97_2,2012,12.8032
rou,sex_m,age_10yrbands_y45_54,edu_isced97_2,2013,12.6845
rou,sex_m,age_10yrbands_y45_54,edu_isced97_3,1998,56.9177
rou,sex_m,age_10yrbands_y45_54,edu_isced97_3,1999,58.696
rou,sex_m,age_10yrbands_y45_54,edu_isced97_3,2000,58.6151
rou,sex_m,age_10yrbands_y45_54,edu_isced97_3,2001,60.4229
rou,sex_m,age_10yrbands_y45_54,edu_isced97_3,2002,54.81
rou,sex_m,age_10yrbands_y45_54,edu_isced97_3,2003,59.0467
rou,sex_m,age_10yrbands_y45_54,edu_isced97_3,2004,59.2684
rou,sex_m,age_10yrbands_y45_54,edu_isced97_3,2005,60.872
rou,sex_m,age_10yrbands_y45_54,edu_isced97_3,2006,61.4511
rou,sex_m,age_10yrbands_y45_54,edu_isced97_3,2007,63.4745
rou,sex_m,age_10yrbands_y45_54,edu_isced97_3,2008,64.8366
rou,sex_m,age_10yrbands_y45_54,edu_isced97_3,2009,65.0978
rou,sex_m,age_10yrbands_y45_54,edu_isced97_3,2010,64.0413
rou,sex_m,age_10yrbands_y45_54,edu_isced97_3,2011,66.5571
rou,sex_m,age_10yrbands_y45_54,edu_isced97_3,2012,67.9519
rou,sex_m,age_10yrbands_y45_54,edu_isced97_3,2013,67.9962
rou,sex_m,age_10yrbands_y45_54,edu_isced97_4,2002,7.8061
rou,sex_m,age_10yrbands_y45_54,edu_isced97_4,2003,6.4056
rou,sex_m,age_10yrbands_y45_54,edu_isced97_4,2004,6.6356
rou,sex_m,age_10yrbands_y45_54,edu_isced97_4,2005,6.8773
rou,sex_m,age_10yrbands_y45_54,edu_isced97_4,2006,6.8108
rou,sex_m,age_10yrbands_y45_54,edu_isced97_4,2007,5.6485
rou,sex_m,age_10yrbands_y45_54,edu_isced97_4,2008,5.1442
rou,sex_m,age_10yrbands_y45_54,edu_isced97_4,2009,4.9336
rou,sex_m,age_10yrbands_y45_54,edu_isced97_4,2010,4.3547
rou,sex_m,age_10yrbands_y45_54,edu_isced97_4,2011,4.2877
rou,sex_m,age_10yrbands_y45_54,edu_isced97_4,2012,4.0485
rou,sex_m,age_10yrbands_y45_54,edu_isced97_4,2013,3.7928
rou,sex_m,age_10yrbands_y45_54,edu_isced97_5,1998,12.9922
rou,sex_m,age_10yrbands_y45_54,edu_isced97_5,1999,13.7433
rou,sex_m,age_10yrbands_y45_54,edu_isced97_5,2000,13.6152
rou,sex_m,age_10yrbands_y45_54,edu_isced97_5,2001,14.3577
rou,sex_m,age_10yrbands_y45_54,edu_isced97_5,2002,15.1713
rou,sex_m,age_10yrbands_y45_54,edu_isced97_5,2003,13.4818
rou,sex_m,age_10yrbands_y45_54,edu_isced97_5,2004,14.1633
rou,sex_m,age_10yrbands_y45_54,edu_isced97_5,2005,13.5838
rou,sex_m,age_10yrbands_y45_54,edu_isced97_5,2006,14.296
rou,sex_m,age_10yrbands_y45_54,edu_isced97_5,2007,14.0307
rou,sex_m,age_10yrbands_y45_54,edu_isced97_5,2008,13.2617
rou,sex_m,age_10yrbands_y45_54,edu_isced97_5,2009,12.6971
rou,sex_m,age_10yrbands_y45_54,edu_isced97_5,2010,13.1468
rou,sex_m,age_10yrbands_y45_54,edu_isced97_5,2011,13.5105
rou,sex_m,age_10yrbands_y45_54,edu_isced97_5,2012,13.4287
rou,sex_m,age_10yrbands_y45_54,edu_isced97_5,2013,13.5303
rou,sex_m,age_10yrbands_y45_54,edu_isced97_6,2002,0.2562
rou,sex_m,age_10yrbands_y45_54,edu_isced97_6,2003,0.2213
rou,sex_m,age_10yrbands_y45_54,edu_isced97_6,2004,0.1662
rou,sex_m,age_10yrbands_y45_54,edu_isced97_6,2006,0.1874
rou,sex_m,age_10yrbands_y45_54,edu_isced97_6,2007,0.1704
rou,sex_m,age_10yrbands_y45_54,edu_isced97_6,2008,0.11
rou,sex_m,age_10yrbands_y45_54,edu_isced97_6,2009,0.0777
rou,sex_m,age_10yrbands_y45_54,edu_isced97_6,2011,0.0274
rou,sex_m,age_10yrbands_y45_54,edu_isced97_6,2012,0.1057
rou,sex_m,age_10yrbands_y45_54,edu_isced97_6,2013,0.0833
rou,sex_m,age_10yrbands_y45_54,edu_isced97_total,1998,100
rou,sex_m,age_10yrbands_y45_54,edu_isced97_total,1999,100
rou,sex_m,age_10yrbands_y45_54,edu_isced97_total,2000,100
rou,sex_m,age_10yrbands_y45_54,edu_isced97_total,2001,100
rou,sex_m,age_10yrbands_y45_54,edu_isced97_total,2002,100
rou,sex_m,age_10yrbands_y45_54,edu_isced97_total,2003,100
rou,sex_m,age_10yrbands_y45_54,edu_isced97_total,2004,100
rou,sex_m,age_10yrbands_y45_54,edu_isced97_total,2005,100
rou,sex_m,age_10yrbands_y45_54,edu_isced97_total,2006,100
rou,sex_m,age_10yrbands_y45_54,edu_isced97_total,2007,100
rou,sex_m,age_10yrbands_y45_54,edu_isced97_total,2008,100
rou,sex_m,age_10yrbands_y45_54,edu_isced97_total,2009,100
rou,sex_m,age_10yrbands_y45_54,edu_isced97_total,2010,100
rou,sex_m,age_10yrbands_y45_54,edu_isced97_total,2011,100
rou,sex_m,age_10yrbands_y45_54,edu_isced97_total,2012,100
rou,sex_m,age_10yrbands_y45_54,edu_isced97_total,2013,100
rou,sex_m,age_10yrbands_y55_64,edu_aggregate_adv,1997,13.8787
rou,sex_m,age_10yrbands_y55_64,edu_aggregate_adv,1998,9.4594
rou,sex_m,age_10yrbands_y55_64,edu_aggregate_adv,1999,9.9794
rou,sex_m,age_10yrbands_y55_64,edu_aggregate_adv,2000,9.4537
rou,sex_m,age_10yrbands_y55_64,edu_aggregate_adv,2001,10.2243
rou,sex_m,age_10yrbands_y55_64,edu_aggregate_adv,2002,12.56
rou,sex_m,age_10yrbands_y55_64,edu_aggregate_adv,2003,12.858
rou,sex_m,age_10yrbands_y55_64,edu_aggregate_adv,2004,13.0006
rou,sex_m,age_10yrbands_y55_64,edu_aggregate_adv,2005,13.1366
rou,sex_m,age_10yrbands_y55_64,edu_aggregate_adv,2006,14.9061
rou,sex_m,age_10yrbands_y55_64,edu_aggregate_adv,2007,14.6249
rou,sex_m,age_10yrbands_y55_64,edu_aggregate_adv,2008,14.1207
rou,sex_m,age_10yrbands_y55_64,edu_aggregate_adv,2009,13.0848
rou,sex_m,age_10yrbands_y55_64,edu_aggregate_adv,2010,12.4045
rou,sex_m,age_10yrbands_y55_64,edu_aggregate_adv,2011,13.8532
rou,sex_m,age_10yrbands_y55_64,edu_aggregate_adv,2012,13.6875
rou,sex_m,age_10yrbands_y55_64,edu_aggregate_adv,2013,13.3452
rou,sex_m,age_10yrbands_y55_64,edu_aggregate_adv,2014,12.6771
rou,sex_m,age_10yrbands_y55_64,edu_aggregate_adv,2015,13.6845
rou,sex_m,age_10yrbands_y55_64,edu_aggregate_adv,2016,13.4211
rou,sex_m,age_10yrbands_y55_64,edu_aggregate_adv,2017,12.92
rou,sex_m,age_10yrbands_y55_64,edu_aggregate_adv,2018,11.8966
rou,sex_m,age_10yrbands_y55_64,edu_aggregate_adv,2019,11.1662
rou,sex_m,age_10yrbands_y55_64,edu_aggregate_bas,1997,68.7017
rou,sex_m,age_10yrbands_y55_64,edu_aggregate_bas,1998,67.3557
rou,sex_m,age_10yrbands_y55_64,edu_aggregate_bas,1999,66.9573
rou,sex_m,age_10yrbands_y55_64,edu_aggregate_bas,2000,65.7828
rou,sex_m,age_10yrbands_y55_64,edu_aggregate_bas,2001,61.6946
rou,sex_m,age_10yrbands_y55_64,edu_aggregate_bas,2002,56.997
rou,sex_m,age_10yrbands_y55_64,edu_aggregate_bas,2003,55.0748
rou,sex_m,age_10yrbands_y55_64,edu_aggregate_bas,2004,46.8797
rou,sex_m,age_10yrbands_y55_64,edu_aggregate_bas,2005,43.1667
rou,sex_m,age_10yrbands_y55_64,edu_aggregate_bas,2006,36.6183
rou,sex_m,age_10yrbands_y55_64,edu_aggregate_bas,2007,34.6145
rou,sex_m,age_10yrbands_y55_64,edu_aggregate_bas,2008,33.6135
rou,sex_m,age_10yrbands_y55_64,edu_aggregate_bas,2009,32.3396
rou,sex_m,age_10yrbands_y55_64,edu_aggregate_bas,2010,32.2736
rou,sex_m,age_10yrbands_y55_64,edu_aggregate_bas,2011,28.9404
rou,sex_m,age_10yrbands_y55_64,edu_aggregate_bas,2012,27.4638
rou,sex_m,age_10yrbands_y55_64,edu_aggregate_bas,2013,26.6508
rou,sex_m,age_10yrbands_y55_64,edu_aggregate_bas,2014,29.5118
rou,sex_m,age_10yrbands_y55_64,edu_aggregate_bas,2015,25.2555
rou,sex_m,age_10yrbands_y55_64,edu_aggregate_bas,2016,21.1031
rou,sex_m,age_10yrbands_y55_64,edu_aggregate_bas,2017,19.2756
rou,sex_m,age_10yrbands_y55_64,edu_aggregate_bas,2018,19.1838
rou,sex_m,age_10yrbands_y55_64,edu_aggregate_bas,2019,19.8356
rou,sex_m,age_10yrbands_y55_64,edu_aggregate_int,1997,17.4196
rou,sex_m,age_10yrbands_y55_64,edu_aggregate_int,1998,23.1849
rou,sex_m,age_10yrbands_y55_64,edu_aggregate_int,1999,23.0633
rou,sex_m,age_10yrbands_y55_64,edu_aggregate_int,2000,24.7635
rou,sex_m,age_10yrbands_y55_64,edu_aggregate_int,2001,26.4475
rou,sex_m,age_10yrbands_y55_64,edu_aggregate_int,2002,28.9087
rou,sex_m,age_10yrbands_y55_64,edu_aggregate_int,2003,30.9331
rou,sex_m,age_10yrbands_y55_64,edu_aggregate_int,2004,39.1333
rou,sex_m,age_10yrbands_y55_64,edu_aggregate_int,2005,42.7063
rou,sex_m,age_10yrbands_y55_64,edu_aggregate_int,2006,47.8276
rou,sex_m,age_10yrbands_y55_64,edu_aggregate_int,2007,50.229
rou,sex_m,age_10yrbands_y55_64,edu_aggregate_int,2008,51.9194
rou,sex_m,age_10yrbands_y55_64,edu_aggregate_int,2009,54.055
rou,sex_m,age_10yrbands_y55_64,edu_aggregate_int,2010,54.8389
rou,sex_m,age_10yrbands_y55_64,edu_aggregate_int,2011,56.9482
rou,sex_m,age_10yrbands_y55_64,edu_aggregate_int,2012,58.6941
rou,sex_m,age_10yrbands_y55_64,edu_aggregate_int,2013,59.8181
rou,sex_m,age_10yrbands_y55_64,edu_aggregate_int,2014,57.6093
rou,sex_m,age_10yrbands_y55_64,edu_aggregate_int,2015,60.8319
rou,sex_m,age_10yrbands_y55_64,edu_aggregate_int,2016,65.1713
rou,sex_m,age_10yrbands_y55_64,edu_aggregate_int,2017,67.4693
rou,sex_m,age_10yrbands_y55_64,edu_aggregate_int,2018,68.4103
rou,sex_m,age_10yrbands_y55_64,edu_aggregate_int,2019,68.407
rou,sex_m,age_10yrbands_y55_64,edu_aggregate_ltb,2001,1.6336
rou,sex_m,age_10yrbands_y55_64,edu_aggregate_ltb,2002,1.5343
rou,sex_m,age_10yrbands_y55_64,edu_aggregate_ltb,2003,1.1341
rou,sex_m,age_10yrbands_y55_64,edu_aggregate_total,1997,100
rou,sex_m,age_10yrbands_y55_64,edu_aggregate_total,1998,100
rou,sex_m,age_10yrbands_y55_64,edu_aggregate_total,1999,100
rou,sex_m,age_10yrbands_y55_64,edu_aggregate_total,2000,100
rou,sex_m,age_10yrbands_y55_64,edu_aggregate_total,2001,100
rou,sex_m,age_10yrbands_y55_64,edu_aggregate_total,2002,100
rou,sex_m,age_10yrbands_y55_64,edu_aggregate_total,2003,100
rou,sex_m,age_10yrbands_y55_64,edu_aggregate_total,2004,100
rou,sex_m,age_10yrbands_y55_64,edu_aggregate_total,2005,100
rou,sex_m,age_10yrbands_y55_64,edu_aggregate_total,2006,100
rou,sex_m,age_10yrbands_y55_64,edu_aggregate_total,2007,100
rou,sex_m,age_10yrbands_y55_64,edu_aggregate_total,2008,100
rou,sex_m,age_10yrbands_y55_64,edu_aggregate_total,2009,100
rou,sex_m,age_10yrbands_y55_64,edu_aggregate_total,2010,100
rou,sex_m,age_10yrbands_y55_64,edu_aggregate_total,2011,100
rou,sex_m,age_10yrbands_y55_64,edu_aggregate_total,2012,100
rou,sex_m,age_10yrbands_y55_64,edu_aggregate_total,2013,100
rou,sex_m,age_10yrbands_y55_64,edu_aggregate_total,2014,100
rou,sex_m,age_10yrbands_y55_64,edu_aggregate_total,2015,100
rou,sex_m,age_10yrbands_y55_64,edu_aggregate_total,2016,100
rou,sex_m,age_10yrbands_y55_64,edu_aggregate_total,2017,100
rou,sex_m,age_10yrbands_y55_64,edu_aggregate_total,2018,100
rou,sex_m,age_10yrbands_y55_64,edu_aggregate_total,2019,100
rou,sex_m,age_10yrbands_y55_64,edu_isced11_0,2015,0.2282
rou,sex_m,age_10yrbands_y55_64,edu_isced11_0,2016,0.3044
rou,sex_m,age_10yrbands_y55_64,edu_isced11_0,2017,0.3351
rou,sex_m,age_10yrbands_y55_64,edu_isced11_1,2014,3.2112
rou,sex_m,age_10yrbands_y55_64,edu_isced11_1,2015,3.4774
rou,sex_m,age_10yrbands_y55_64,edu_isced11_1,2016,3.1083
rou,sex_m,age_10yrbands_y55_64,edu_isced11_1,2017,2.4411
rou,sex_m,age_10yrbands_y55_64,edu_isced11_1,2018,2.0201
rou,sex_m,age_10yrbands_y55_64,edu_isced11_1,2019,2.1736
rou,sex_m,age_10yrbands_y55_64,edu_isced11_2,2014,26.3006
rou,sex_m,age_10yrbands_y55_64,edu_isced11_2,2015,21.778
rou,sex_m,age_10yrbands_y55_64,edu_isced11_2,2016,17.9948
rou,sex_m,age_10yrbands_y55_64,edu_isced11_2,2017,16.8345
rou,sex_m,age_10yrbands_y55_64,edu_isced11_2,2018,17.1637
rou,sex_m,age_10yrbands_y55_64,edu_isced11_2,2019,17.662
rou,sex_m,age_10yrbands_y55_64,edu_isced11_3,2014,52.5302
rou,sex_m,age_10yrbands_y55_64,edu_isced11_3,2015,57.7905
rou,sex_m,age_10yrbands_y55_64,edu_isced11_3,2016,62.1896
rou,sex_m,age_10yrbands_y55_64,edu_isced11_3,2017,64.7887
rou,sex_m,age_10yrbands_y55_64,edu_isced11_3,2018,65.8903
rou,sex_m,age_10yrbands_y55_64,edu_isced11_3,2019,66.2574
rou,sex_m,age_10yrbands_y55_64,edu_isced11_4,2014,5.0791
rou,sex_m,age_10yrbands_y55_64,edu_isced11_4,2015,3.0413
rou,sex_m,age_10yrbands_y55_64,edu_isced11_4,2016,2.9817
rou,sex_m,age_10yrbands_y55_64,edu_isced11_4,2017,2.6805
rou,sex_m,age_10yrbands_y55_64,edu_isced11_4,2018,2.5201
rou,sex_m,age_10yrbands_y55_64,edu_isced11_4,2019,2.1497
rou,sex_m,age_10yrbands_y55_64,edu_isced11_5,2015,0.6058
rou,sex_m,age_10yrbands_y55_64,edu_isced11_5,2016,0.5451
rou,sex_m,age_10yrbands_y55_64,edu_isced11_5,2017,0.4661
rou,sex_m,age_10yrbands_y55_64,edu_isced11_6,2014,1.715
rou,sex_m,age_10yrbands_y55_64,edu_isced11_6,2015,0.7875
rou,sex_m,age_10yrbands_y55_64,edu_isced11_6,2016,0.4749
rou,sex_m,age_10yrbands_y55_64,edu_isced11_6,2017,0.1835
rou,sex_m,age_10yrbands_y55_64,edu_isced11_7,2014,10.0463
rou,sex_m,age_10yrbands_y55_64,edu_isced11_7,2015,12.1511
rou,sex_m,age_10yrbands_y55_64,edu_isced11_7,2016,12.2471
rou,sex_m,age_10yrbands_y55_64,edu_isced11_7,2017,12.0774
rou,sex_m,age_10yrbands_y55_64,edu_isced11_7,2018,11.0667
rou,sex_m,age_10yrbands_y55_64,edu_isced11_7,2019,10.1947
rou,sex_m,age_10yrbands_y55_64,edu_isced11_8,2015,0.14
rou,sex_m,age_10yrbands_y55_64,edu_isced11_8,2016,0.1541
rou,sex_m,age_10yrbands_y55_64,edu_isced11_8,2017,0.193
rou,sex_m,age_10yrbands_y55_64,edu_isced11_total,2014,100
rou,sex_m,age_10yrbands_y55_64,edu_isced11_total,2015,100
rou,sex_m,age_10yrbands_y55_64,edu_isced11_total,2016,100
rou,sex_m,age_10yrbands_y55_64,edu_isced11_total,2017,100
rou,sex_m,age_10yrbands_y55_64,edu_isced11_total,2018,100
rou,sex_m,age_10yrbands_y55_64,edu_isced11_total,2019,100
rou,sex_m,age_10yrbands_y55_64,edu_isced97_0,2001,1.6336
rou,sex_m,age_10yrbands_y55_64,edu_isced97_0,2002,1.5343
rou,sex_m,age_10yrbands_y55_64,edu_isced97_0,2003,1.1341
rou,sex_m,age_10yrbands_y55_64,edu_isced97_0,2004,0.9864
rou,sex_m,age_10yrbands_y55_64,edu_isced97_0,2006,0.648
rou,sex_m,age_10yrbands_y55_64,edu_isced97_0,2007,0.5316
rou,sex_m,age_10yrbands_y55_64,edu_isced97_0,2008,0.3464
rou,sex_m,age_10yrbands_y55_64,edu_isced97_0,2009,0.5206
rou,sex_m,age_10yrbands_y55_64,edu_isced97_0,2011,0.2581
rou,sex_m,age_10yrbands_y55_64,edu_isced97_0,2012,0.1545
rou,sex_m,age_10yrbands_y55_64,edu_isced97_0,2013,0.1858
rou,sex_m,age_10yrbands_y55_64,edu_isced97_1,1998,33.8838
rou,sex_m,age_10yrbands_y55_64,edu_isced97_1,1999,33.2033
rou,sex_m,age_10yrbands_y55_64,edu_isced97_1,2000,29.9466
rou,sex_m,age_10yrbands_y55_64,edu_isced97_1,2001,25.9692
rou,sex_m,age_10yrbands_y55_64,edu_isced97_1,2002,24.5779
rou,sex_m,age_10yrbands_y55_64,edu_isced97_1,2003,21.2421
rou,sex_m,age_10yrbands_y55_64,edu_isced97_1,2004,16.5166
rou,sex_m,age_10yrbands_y55_64,edu_isced97_1,2005,14.2346
rou,sex_m,age_10yrbands_y55_64,edu_isced97_1,2006,10.9834
rou,sex_m,age_10yrbands_y55_64,edu_isced97_1,2007,9.3981
rou,sex_m,age_10yrbands_y55_64,edu_isced97_1,2008,7.6272
rou,sex_m,age_10yrbands_y55_64,edu_isced97_1,2009,6.0855
rou,sex_m,age_10yrbands_y55_64,edu_isced97_1,2010,6.0419
rou,sex_m,age_10yrbands_y55_64,edu_isced97_1,2011,4.617
rou,sex_m,age_10yrbands_y55_64,edu_isced97_1,2012,3.7511
rou,sex_m,age_10yrbands_y55_64,edu_isced97_1,2013,3.4702
rou,sex_m,age_10yrbands_y55_64,edu_isced97_2,1998,33.4719
rou,sex_m,age_10yrbands_y55_64,edu_isced97_2,1999,33.754
rou,sex_m,age_10yrbands_y55_64,edu_isced97_2,2000,35.8362
rou,sex_m,age_10yrbands_y55_64,edu_isced97_2,2001,35.7254
rou,sex_m,age_10yrbands_y55_64,edu_isced97_2,2002,32.4191
rou,sex_m,age_10yrbands_y55_64,edu_isced97_2,2003,33.8327
rou,sex_m,age_10yrbands_y55_64,edu_isced97_2,2004,30.3631
rou,sex_m,age_10yrbands_y55_64,edu_isced97_2,2005,28.9321
rou,sex_m,age_10yrbands_y55_64,edu_isced97_2,2006,25.6349
rou,sex_m,age_10yrbands_y55_64,edu_isced97_2,2007,25.2163
rou,sex_m,age_10yrbands_y55_64,edu_isced97_2,2008,25.9863
rou,sex_m,age_10yrbands_y55_64,edu_isced97_2,2009,26.2541
rou,sex_m,age_10yrbands_y55_64,edu_isced97_2,2010,26.2317
rou,sex_m,age_10yrbands_y55_64,edu_isced97_2,2011,24.3235
rou,sex_m,age_10yrbands_y55_64,edu_isced97_2,2012,23.7128
rou,sex_m,age_10yrbands_y55_64,edu_isced97_2,2013,23.1806
rou,sex_m,age_10yrbands_y55_64,edu_isced97_3,1998,23.1849
rou,sex_m,age_10yrbands_y55_64,edu_isced97_3,1999,23.0633
rou,sex_m,age_10yrbands_y55_64,edu_isced97_3,2000,24.7635
rou,sex_m,age_10yrbands_y55_64,edu_isced97_3,2001,26.4475
rou,sex_m,age_10yrbands_y55_64,edu_isced97_3,2002,24.2861
rou,sex_m,age_10yrbands_y55_64,edu_isced97_3,2003,26.2103
rou,sex_m,age_10yrbands_y55_64,edu_isced97_3,2004,31.5954
rou,sex_m,age_10yrbands_y55_64,edu_isced97_3,2005,35.3568
rou,sex_m,age_10yrbands_y55_64,edu_isced97_3,2006,39.4401
rou,sex_m,age_10yrbands_y55_64,edu_isced97_3,2007,42.834
rou,sex_m,age_10yrbands_y55_64,edu_isced97_3,2008,45.2134
rou,sex_m,age_10yrbands_y55_64,edu_isced97_3,2009,46.9695
rou,sex_m,age_10yrbands_y55_64,edu_isced97_3,2010,47.8398
rou,sex_m,age_10yrbands_y55_64,edu_isced97_3,2011,51.3193
rou,sex_m,age_10yrbands_y55_64,edu_isced97_3,2012,53.2155
rou,sex_m,age_10yrbands_y55_64,edu_isced97_3,2013,54.2757
rou,sex_m,age_10yrbands_y55_64,edu_isced97_4,2002,4.6226
rou,sex_m,age_10yrbands_y55_64,edu_isced97_4,2003,4.7228
rou,sex_m,age_10yrbands_y55_64,edu_isced97_4,2004,7.5379
rou,sex_m,age_10yrbands_y55_64,edu_isced97_4,2005,7.3495
rou,sex_m,age_10yrbands_y55_64,edu_isced97_4,2006,8.3875
rou,sex_m,age_10yrbands_y55_64,edu_isced97_4,2007,7.395
rou,sex_m,age_10yrbands_y55_64,edu_isced97_4,2008,6.706
rou,sex_m,age_10yrbands_y55_64,edu_isced97_4,2009,7.0855
rou,sex_m,age_10yrbands_y55_64,edu_isced97_4,2010,6.9991
rou,sex_m,age_10yrbands_y55_64,edu_isced97_4,2011,5.629
rou,sex_m,age_10yrbands_y55_64,edu_isced97_4,2012,5.4786
rou,sex_m,age_10yrbands_y55_64,edu_isced97_4,2013,5.5424
rou,sex_m,age_10yrbands_y55_64,edu_isced97_5,1998,9.4594
rou,sex_m,age_10yrbands_y55_64,edu_isced97_5,1999,9.9794
rou,sex_m,age_10yrbands_y55_64,edu_isced97_5,2000,9.4537
rou,sex_m,age_10yrbands_y55_64,edu_isced97_5,2001,10.2243
rou,sex_m,age_10yrbands_y55_64,edu_isced97_5,2002,12.2926
rou,sex_m,age_10yrbands_y55_64,edu_isced97_5,2003,12.7309
rou,sex_m,age_10yrbands_y55_64,edu_isced97_5,2004,12.6789
rou,sex_m,age_10yrbands_y55_64,edu_isced97_5,2005,12.9174
rou,sex_m,age_10yrbands_y55_64,edu_isced97_5,2006,14.6093
rou,sex_m,age_10yrbands_y55_64,edu_isced97_5,2007,14.3698
rou,sex_m,age_10yrbands_y55_64,edu_isced97_5,2008,13.9887
rou,sex_m,age_10yrbands_y55_64,edu_isced97_5,2009,12.9801
rou,sex_m,age_10yrbands_y55_64,edu_isced97_5,2010,12.348
rou,sex_m,age_10yrbands_y55_64,edu_isced97_5,2011,13.7566
rou,sex_m,age_10yrbands_y55_64,edu_isced97_5,2012,13.5571
rou,sex_m,age_10yrbands_y55_64,edu_isced97_5,2013,13.1176
rou,sex_m,age_10yrbands_y55_64,edu_isced97_6,2004,0.3217
rou,sex_m,age_10yrbands_y55_64,edu_isced97_6,2006,0.2968
rou,sex_m,age_10yrbands_y55_64,edu_isced97_6,2007,0.2551
rou,sex_m,age_10yrbands_y55_64,edu_isced97_6,2008,0.1319
rou,sex_m,age_10yrbands_y55_64,edu_isced97_6,2009,0.1048
rou,sex_m,age_10yrbands_y55_64,edu_isced97_6,2011,0.0966
rou,sex_m,age_10yrbands_y55_64,edu_isced97_6,2012,0.1303
rou,sex_m,age_10yrbands_y55_64,edu_isced97_6,2013,0.2276
rou,sex_m,age_10yrbands_y55_64,edu_isced97_total,1998,100
rou,sex_m,age_10yrbands_y55_64,edu_isced97_total,1999,100
rou,sex_m,age_10yrbands_y55_64,edu_isced97_total,2000,100
rou,sex_m,age_10yrbands_y55_64,edu_isced97_total,2001,100
rou,sex_m,age_10yrbands_y55_64,edu_isced97_total,2002,100
rou,sex_m,age_10yrbands_y55_64,edu_isced97_total,2003,100
rou,sex_m,age_10yrbands_y55_64,edu_isced97_total,2004,100
rou,sex_m,age_10yrbands_y55_64,edu_isced97_total,2005,100
rou,sex_m,age_10yrbands_y55_64,edu_isced97_total,2006,100
rou,sex_m,age_10yrbands_y55_64,edu_isced97_total,2007,100
rou,sex_m,age_10yrbands_y55_64,edu_isced97_total,2008,100
rou,sex_m,age_10yrbands_y55_64,edu_isced97_total,2009,100
rou,sex_m,age_10yrbands_y55_64,edu_isced97_total,2010,100
rou,sex_m,age_10yrbands_y55_64,edu_isced97_total,2011,100
rou,sex_m,age_10yrbands_y55_64,edu_isced97_total,2012,100
rou,sex_m,age_10yrbands_y55_64,edu_isced97_total,2013,100
rou,sex_m,age_10yrbands_yge65,edu_aggregate_adv,1998,1.5516
rou,sex_m,age_10yrbands_yge65,edu_aggregate_adv,1999,1.7957
rou,sex_m,age_10yrbands_yge65,edu_aggregate_adv,2000,1.492
rou,sex_m,age_10yrbands_yge65,edu_aggregate_adv,2001,0.8992
rou,sex_m,age_10yrbands_yge65,edu_aggregate_adv,2002,1.1626
rou,sex_m,age_10yrbands_yge65,edu_aggregate_adv,2003,1.8439
rou,sex_m,age_10yrbands_yge65,edu_aggregate_adv,2004,2.826
rou,sex_m,age_10yrbands_yge65,edu_aggregate_adv,2006,4.2898
rou,sex_m,age_10yrbands_yge65,edu_aggregate_adv,2007,3.7423
rou,sex_m,age_10yrbands_yge65,edu_aggregate_adv,2016,4.9883
rou,sex_m,age_10yrbands_yge65,edu_aggregate_adv,2017,6.3932
rou,sex_m,age_10yrbands_yge65,edu_aggregate_adv,2018,6.3249
rou,sex_m,age_10yrbands_yge65,edu_aggregate_adv,2019,6.4078
rou,sex_m,age_10yrbands_yge65,edu_aggregate_bas,1998,91.691
rou,sex_m,age_10yrbands_yge65,edu_aggregate_bas,1999,91.1159
rou,sex_m,age_10yrbands_yge65,edu_aggregate_bas,2000,91.0112
rou,sex_m,age_10yrbands_yge65,edu_aggregate_bas,2001,86.2545
rou,sex_m,age_10yrbands_yge65,edu_aggregate_bas,2002,87.967
rou,sex_m,age_10yrbands_yge65,edu_aggregate_bas,2003,86.1092
rou,sex_m,age_10yrbands_yge65,edu_aggregate_bas,2004,82.0956
rou,sex_m,age_10yrbands_yge65,edu_aggregate_bas,2005,81.2991
rou,sex_m,age_10yrbands_yge65,edu_aggregate_bas,2006,79.2263
rou,sex_m,age_10yrbands_yge65,edu_aggregate_bas,2007,78.5622
rou,sex_m,age_10yrbands_yge65,edu_aggregate_bas,2008,82.8083
rou,sex_m,age_10yrbands_yge65,edu_aggregate_bas,2009,82.8457
rou,sex_m,age_10yrbands_yge65,edu_aggregate_bas,2010,78.4966
rou,sex_m,age_10yrbands_yge65,edu_aggregate_bas,2011,78.1338
rou,sex_m,age_10yrbands_yge65,edu_aggregate_bas,2012,75.86
rou,sex_m,age_10yrbands_yge65,edu_aggregate_bas,2013,74.3464
rou,sex_m,age_10yrbands_yge65,edu_aggregate_bas,2014,74.1263
rou,sex_m,age_10yrbands_yge65,edu_aggregate_bas,2015,64.9522
rou,sex_m,age_10yrbands_yge65,edu_aggregate_bas,2016,58.6689
rou,sex_m,age_10yrbands_yge65,edu_aggregate_bas,2017,53.8631
rou,sex_m,age_10yrbands_yge65,edu_aggregate_bas,2018,52.3526
rou,sex_m,age_10yrbands_yge65,edu_aggregate_bas,2019,48.2615
rou,sex_m,age_10yrbands_yge65,edu_aggregate_int,1998,6.7574
rou,sex_m,age_10yrbands_yge65,edu_aggregate_int,1999,7.0884
rou,sex_m,age_10yrbands_yge65,edu_aggregate_int,2000,7.4968
rou,sex_m,age_10yrbands_yge65,edu_aggregate_int,2001,7.6561
rou,sex_m,age_10yrbands_yge65,edu_aggregate_int,2002,5.774
rou,sex_m,age_10yrbands_yge65,edu_aggregate_int,2003,8.5155
rou,sex_m,age_10yrbands_yge65,edu_aggregate_int,2004,11.3916
rou,sex_m,age_10yrbands_yge65,edu_aggregate_int,2005,12.4556
rou,sex_m,age_10yrbands_yge65,edu_aggregate_int,2006,14.0324
rou,sex_m,age_10yrbands_yge65,edu_aggregate_int,2007,15.5717
rou,sex_m,age_10yrbands_yge65,edu_aggregate_int,2008,12.5237
rou,sex_m,age_10yrbands_yge65,edu_aggregate_int,2009,13.3519
rou,sex_m,age_10yrbands_yge65,edu_aggregate_int,2010,17.1608
rou,sex_m,age_10yrbands_yge65,edu_aggregate_int,2011,17.3807
rou,sex_m,age_10yrbands_yge65,edu_aggregate_int,2012,20.3621
rou,sex_m,age_10yrbands_yge65,edu_aggregate_int,2013,21.1992
rou,sex_m,age_10yrbands_yge65,edu_aggregate_int,2014,21.8798
rou,sex_m,age_10yrbands_yge65,edu_aggregate_int,2015,30.818
rou,sex_m,age_10yrbands_yge65,edu_aggregate_int,2016,35.769
rou,sex_m,age_10yrbands_yge65,edu_aggregate_int,2017,39.3861
rou,sex_m,age_10yrbands_yge65,edu_aggregate_int,2018,40.8986
rou,sex_m,age_10yrbands_yge65,edu_aggregate_int,2019,44.9876
rou,sex_m,age_10yrbands_yge65,edu_aggregate_ltb,2001,5.1902
rou,sex_m,age_10yrbands_yge65,edu_aggregate_ltb,2002,5.0964
rou,sex_m,age_10yrbands_yge65,edu_aggregate_ltb,2003,3.5313
rou,sex_m,age_10yrbands_yge65,edu_aggregate_ltb,2004,3.6868
rou,sex_m,age_10yrbands_yge65,edu_aggregate_ltb,2005,3.5735
rou,sex_m,age_10yrbands_yge65,edu_aggregate_total,1998,100
rou,sex_m,age_10yrbands_yge65,edu_aggregate_total,1999,100
rou,sex_m,age_10yrbands_yge65,edu_aggregate_total,2000,100
rou,sex_m,age_10yrbands_yge65,edu_aggregate_total,2001,100
rou,sex_m,age_10yrbands_yge65,edu_aggregate_total,2002,100
rou,sex_m,age_10yrbands_yge65,edu_aggregate_total,2003,100
rou,sex_m,age_10yrbands_yge65,edu_aggregate_total,2004,100
rou,sex_m,age_10yrbands_yge65,edu_aggregate_total,2005,100
rou,sex_m,age_10yrbands_yge65,edu_aggregate_total,2006,100
rou,sex_m,age_10yrbands_yge65,edu_aggregate_total,2007,100
rou,sex_m,age_10yrbands_yge65,edu_aggregate_total,2008,100
rou,sex_m,age_10yrbands_yge65,edu_aggregate_total,2009,100
rou,sex_m,age_10yrbands_yge65,edu_aggregate_total,2010,100
rou,sex_m,age_10yrbands_yge65,edu_aggregate_total,2011,100
rou,sex_m,age_10yrbands_yge65,edu_aggregate_total,2012,100
rou,sex_m,age_10yrbands_yge65,edu_aggregate_total,2013,100
rou,sex_m,age_10yrbands_yge65,edu_aggregate_total,2014,100
rou,sex_m,age_10yrbands_yge65,edu_aggregate_total,2015,100
rou,sex_m,age_10yrbands_yge65,edu_aggregate_total,2016,100
rou,sex_m,age_10yrbands_yge65,edu_aggregate_total,2017,100
rou,sex_m,age_10yrbands_yge65,edu_aggregate_total,2018,100
rou,sex_m,age_10yrbands_yge65,edu_aggregate_total,2019,100
rou,sex_m,age_10yrbands_yge65,edu_isced11_0,2015,0.6106
rou,sex_m,age_10yrbands_yge65,edu_isced11_0,2016,0.5739
rou,sex_m,age_10yrbands_yge65,edu_isced11_0,2017,0.3576
rou,sex_m,age_10yrbands_yge65,edu_isced11_1,2014,23.2346
rou,sex_m,age_10yrbands_yge65,edu_isced11_1,2015,18.0699
rou,sex_m,age_10yrbands_yge65,edu_isced11_1,2016,13.6705
rou,sex_m,age_10yrbands_yge65,edu_isced11_1,2017,11.0028
rou,sex_m,age_10yrbands_yge65,edu_isced11_1,2018,10.8929
rou,sex_m,age_10yrbands_yge65,edu_isced11_1,2019,10.4769
rou,sex_m,age_10yrbands_yge65,edu_isced11_2,2014,50.8917
rou,sex_m,age_10yrbands_yge65,edu_isced11_2,2015,46.8823
rou,sex_m,age_10yrbands_yge65,edu_isced11_2,2016,44.9984
rou,sex_m,age_10yrbands_yge65,edu_isced11_2,2017,42.8602
rou,sex_m,age_10yrbands_yge65,edu_isced11_2,2018,41.4597
rou,sex_m,age_10yrbands_yge65,edu_isced11_2,2019,37.7845
rou,sex_m,age_10yrbands_yge65,edu_isced11_3,2014,19.5471
rou,sex_m,age_10yrbands_yge65,edu_isced11_3,2015,28.5272
rou,sex_m,age_10yrbands_yge65,edu_isced11_3,2016,33.2089
rou,sex_m,age_10yrbands_yge65,edu_isced11_3,2017,36.6384
rou,sex_m,age_10yrbands_yge65,edu_isced11_3,2018,38.2649
rou,sex_m,age_10yrbands_yge65,edu_isced11_3,2019,42.2393
rou,sex_m,age_10yrbands_yge65,edu_isced11_4,2015,2.2908
rou,sex_m,age_10yrbands_yge65,edu_isced11_4,2016,2.5601
rou,sex_m,age_10yrbands_yge65,edu_isced11_4,2017,2.7477
rou,sex_m,age_10yrbands_yge65,edu_isced11_5,2015,0.2268
rou,sex_m,age_10yrbands_yge65,edu_isced11_5,2016,0.6289
rou,sex_m,age_10yrbands_yge65,edu_isced11_5,2017,0.4518
rou,sex_m,age_10yrbands_yge65,edu_isced11_7,2015,3.0573
rou,sex_m,age_10yrbands_yge65,edu_isced11_7,2016,4.0269
rou,sex_m,age_10yrbands_yge65,edu_isced11_7,2017,5.6666
rou,sex_m,age_10yrbands_yge65,edu_isced11_7,2018,5.7334
rou,sex_m,age_10yrbands_yge65,edu_isced11_7,2019,6.0048
rou,sex_m,age_10yrbands_yge65,edu_isced11_8,2015,0.2269
rou,sex_m,age_10yrbands_yge65,edu_isced11_8,2016,0.2601
rou,sex_m,age_10yrbands_yge65,edu_isced11_8,2017,0.2748
rou,sex_m,age_10yrbands_yge65,edu_isced11_total,2014,100
rou,sex_m,age_10yrbands_yge65,edu_isced11_total,2015,100
rou,sex_m,age_10yrbands_yge65,edu_isced11_total,2016,100
rou,sex_m,age_10yrbands_yge65,edu_isced11_total,2017,100
rou,sex_m,age_10yrbands_yge65,edu_isced11_total,2018,100
rou,sex_m,age_10yrbands_yge65,edu_isced11_total,2019,100
rou,sex_m,age_10yrbands_yge65,edu_isced97_0,2001,5.1902
rou,sex_m,age_10yrbands_yge65,edu_isced97_0,2002,5.0964
rou,sex_m,age_10yrbands_yge65,edu_isced97_0,2003,3.5313
rou,sex_m,age_10yrbands_yge65,edu_isced97_0,2004,3.6868
rou,sex_m,age_10yrbands_yge65,edu_isced97_0,2005,3.5735
rou,sex_m,age_10yrbands_yge65,edu_isced97_0,2006,2.4515
rou,sex_m,age_10yrbands_yge65,edu_isced97_0,2007,2.1238
rou,sex_m,age_10yrbands_yge65,edu_isced97_0,2008,1.8891
rou,sex_m,age_10yrbands_yge65,edu_isced97_0,2009,1.1752
rou,sex_m,age_10yrbands_yge65,edu_isced97_0,2011,1.3655
rou,sex_m,age_10yrbands_yge65,edu_isced97_0,2012,0.8486
rou,sex_m,age_10yrbands_yge65,edu_isced97_0,2013,1.0789
rou,sex_m,age_10yrbands_yge65,edu_isced97_1,1998,59.0371
rou,sex_m,age_10yrbands_yge65,edu_isced97_1,1999,56.2988
rou,sex_m,age_10yrbands_yge65,edu_isced97_1,2000,56.0236
rou,sex_m,age_10yrbands_yge65,edu_isced97_1,2001,51.4563
rou,sex_m,age_10yrbands_yge65,edu_isced97_1,2002,54.0645
rou,sex_m,age_10yrbands_yge65,edu_isced97_1,2003,50.1049
rou,sex_m,age_10yrbands_yge65,edu_isced97_1,2004,50.4085
rou,sex_m,age_10yrbands_yge65,edu_isced97_1,2005,46.1402
rou,sex_m,age_10yrbands_yge65,edu_isced97_1,2006,43.1082
rou,sex_m,age_10yrbands_yge65,edu_isced97_1,2007,41.5373
rou,sex_m,age_10yrbands_yge65,edu_isced97_1,2008,42.8216
rou,sex_m,age_10yrbands_yge65,edu_isced97_1,2009,41.2712
rou,sex_m,age_10yrbands_yge65,edu_isced97_1,2010,35.8142
rou,sex_m,age_10yrbands_yge65,edu_isced97_1,2011,34.0293
rou,sex_m,age_10yrbands_yge65,edu_isced97_1,2012,30.4321
rou,sex_m,age_10yrbands_yge65,edu_isced97_1,2013,27.4625
rou,sex_m,age_10yrbands_yge65,edu_isced97_2,1998,32.6539
rou,sex_m,age_10yrbands_yge65,edu_isced97_2,1999,34.8171
rou,sex_m,age_10yrbands_yge65,edu_isced97_2,2000,34.9876
rou,sex_m,age_10yrbands_yge65,edu_isced97_2,2001,34.7982
rou,sex_m,age_10yrbands_yge65,edu_isced97_2,2002,33.9024
rou,sex_m,age_10yrbands_yge65,edu_isced97_2,2003,36.0044
rou,sex_m,age_10yrbands_yge65,edu_isced97_2,2004,31.6871
rou,sex_m,age_10yrbands_yge65,edu_isced97_2,2005,35.1588
rou,sex_m,age_10yrbands_yge65,edu_isced97_2,2006,36.1181
rou,sex_m,age_10yrbands_yge65,edu_isced97_2,2007,37.0249
rou,sex_m,age_10yrbands_yge65,edu_isced97_2,2008,39.9867
rou,sex_m,age_10yrbands_yge65,edu_isced97_2,2009,41.5745
rou,sex_m,age_10yrbands_yge65,edu_isced97_2,2010,42.6823
rou,sex_m,age_10yrbands_yge65,edu_isced97_2,2011,44.1046
rou,sex_m,age_10yrbands_yge65,edu_isced97_2,2012,45.4279
rou,sex_m,age_10yrbands_yge65,edu_isced97_2,2013,46.8839
rou,sex_m,age_10yrbands_yge65,edu_isced97_3,1998,6.7574
rou,sex_m,age_10yrbands_yge65,edu_isced97_3,1999,7.0884
rou,sex_m,age_10yrbands_yge65,edu_isced97_3,2000,7.4968
rou,sex_m,age_10yrbands_yge65,edu_isced97_3,2001,7.6561
rou,sex_m,age_10yrbands_yge65,edu_isced97_3,2002,5.1381
rou,sex_m,age_10yrbands_yge65,edu_isced97_3,2003,7.6097
rou,sex_m,age_10yrbands_yge65,edu_isced97_3,2004,9.883
rou,sex_m,age_10yrbands_yge65,edu_isced97_3,2005,10.9453
rou,sex_m,age_10yrbands_yge65,edu_isced97_3,2006,12.1281
rou,sex_m,age_10yrbands_yge65,edu_isced97_3,2007,13.3838
rou,sex_m,age_10yrbands_yge65,edu_isced97_3,2008,11.5415
rou,sex_m,age_10yrbands_yge65,edu_isced97_3,2009,11.831
rou,sex_m,age_10yrbands_yge65,edu_isced97_3,2010,15.3485
rou,sex_m,age_10yrbands_yge65,edu_isced97_3,2011,15.6079
rou,sex_m,age_10yrbands_yge65,edu_isced97_3,2012,17.6896
rou,sex_m,age_10yrbands_yge65,edu_isced97_3,2013,18.5524
rou,sex_m,age_10yrbands_yge65,edu_isced97_4,2002,0.6359
rou,sex_m,age_10yrbands_yge65,edu_isced97_4,2003,0.9058
rou,sex_m,age_10yrbands_yge65,edu_isced97_4,2004,1.5085
rou,sex_m,age_10yrbands_yge65,edu_isced97_4,2006,1.9043
rou,sex_m,age_10yrbands_yge65,edu_isced97_4,2007,2.1879
rou,sex_m,age_10yrbands_yge65,edu_isced97_4,2008,0.9822
rou,sex_m,age_10yrbands_yge65,edu_isced97_4,2009,1.5209
rou,sex_m,age_10yrbands_yge65,edu_isced97_4,2011,1.7728
rou,sex_m,age_10yrbands_yge65,edu_isced97_4,2012,2.6726
rou,sex_m,age_10yrbands_yge65,edu_isced97_4,2013,2.6468
rou,sex_m,age_10yrbands_yge65,edu_isced97_5,1998,1.5516
rou,sex_m,age_10yrbands_yge65,edu_isced97_5,1999,1.7957
rou,sex_m,age_10yrbands_yge65,edu_isced97_5,2000,1.492
rou,sex_m,age_10yrbands_yge65,edu_isced97_5,2001,0.8992
rou,sex_m,age_10yrbands_yge65,edu_isced97_5,2002,0.8138
rou,sex_m,age_10yrbands_yge65,edu_isced97_5,2003,1.8439
rou,sex_m,age_10yrbands_yge65,edu_isced97_5,2004,2.484
rou,sex_m,age_10yrbands_yge65,edu_isced97_5,2006,4.1365
rou,sex_m,age_10yrbands_yge65,edu_isced97_5,2007,3.5983
rou,sex_m,age_10yrbands_yge65,edu_isced97_5,2008,2.732
rou,sex_m,age_10yrbands_yge65,edu_isced97_5,2009,2.3759
rou,sex_m,age_10yrbands_yge65,edu_isced97_5,2011,3.1201
rou,sex_m,age_10yrbands_yge65,edu_isced97_5,2012,2.8138
rou,sex_m,age_10yrbands_yge65,edu_isced97_5,2013,3.255
rou,sex_m,age_10yrbands_yge65,edu_isced97_6,2009,0.2513
rou,sex_m,age_10yrbands_yge65,edu_isced97_total,1998,100
rou,sex_m,age_10yrbands_yge65,edu_isced97_total,1999,100
rou,sex_m,age_10yrbands_yge65,edu_isced97_total,2000,100
rou,sex_m,age_10yrbands_yge65,edu_isced97_total,2001,100
rou,sex_m,age_10yrbands_yge65,edu_isced97_total,2002,100
rou,sex_m,age_10yrbands_yge65,edu_isced97_total,2003,100
rou,sex_m,age_10yrbands_yge65,edu_isced97_total,2004,100
rou,sex_m,age_10yrbands_yge65,edu_isced97_total,2005,100
rou,sex_m,age_10yrbands_yge65,edu_isced97_total,2006,100
rou,sex_m,age_10yrbands_yge65,edu_isced97_total,2007,100
rou,sex_m,age_10yrbands_yge65,edu_isced97_total,2008,100
rou,sex_m,age_10yrbands_yge65,edu_isced97_total,2009,100
rou,sex_m,age_10yrbands_yge65,edu_isced97_total,2010,100
rou,sex_m,age_10yrbands_yge65,edu_isced97_total,2011,100
rou,sex_m,age_10yrbands_yge65,edu_isced97_total,2012,100
rou,sex_m,age_10yrbands_yge65,edu_isced97_total,2013,100
rou,sex_m,age_aggregate_total,edu_aggregate_adv,1997,14.2003
rou,sex_m,age_aggregate_total,edu_aggregate_adv,1998,8.7349
rou,sex_m,age_aggregate_total,edu_aggregate_adv,1999,8.9949
rou,sex_m,age_aggregate_total,edu_aggregate_adv,2000,9.2181
rou,sex_m,age_aggregate_total,edu_aggregate_adv,2001,9.7012
rou,sex_m,age_aggregate_total,edu_aggregate_adv,2002,10.445
rou,sex_m,age_aggregate_total,edu_aggregate_adv,2003,10.1769
rou,sex_m,age_aggregate_total,edu_aggregate_adv,2004,11.5258
rou,sex_m,age_aggregate_total,edu_aggregate_adv,2005,11.9599
rou,sex_m,age_aggregate_total,edu_aggregate_adv,2006,12.7828
rou,sex_m,age_aggregate_total,edu_aggregate_adv,2007,12.9912
rou,sex_m,age_aggregate_total,edu_aggregate_adv,2008,13.5994
rou,sex_m,age_aggregate_total,edu_aggregate_adv,2009,13.7337
rou,sex_m,age_aggregate_total,edu_aggregate_adv,2010,14.2508
rou,sex_m,age_aggregate_total,edu_aggregate_adv,2011,15.6418
rou,sex_m,age_aggregate_total,edu_aggregate_adv,2012,15.7997
rou,sex_m,age_aggregate_total,edu_aggregate_adv,2013,16.0474
rou,sex_m,age_aggregate_total,edu_aggregate_adv,2014,16.2657
rou,sex_m,age_aggregate_total,edu_aggregate_adv,2015,17.5692
rou,sex_m,age_aggregate_total,edu_aggregate_adv,2016,17.762
rou,sex_m,age_aggregate_total,edu_aggregate_adv,2017,17.3859
rou,sex_m,age_aggregate_total,edu_aggregate_adv,2018,17.3358
rou,sex_m,age_aggregate_total,edu_aggregate_adv,2019,17.8219
rou,sex_m,age_aggregate_total,edu_aggregate_bas,1997,31.7801
rou,sex_m,age_aggregate_total,edu_aggregate_bas,1998,32.0341
rou,sex_m,age_aggregate_total,edu_aggregate_bas,1999,32.2184
rou,sex_m,age_aggregate_total,edu_aggregate_bas,2000,31.9547
rou,sex_m,age_aggregate_total,edu_aggregate_bas,2001,29.381
rou,sex_m,age_aggregate_total,edu_aggregate_bas,2002,26.707
rou,sex_m,age_aggregate_total,edu_aggregate_bas,2003,26.5001
rou,sex_m,age_aggregate_total,edu_aggregate_bas,2004,23.7974
rou,sex_m,age_aggregate_total,edu_aggregate_bas,2005,22.9395
rou,sex_m,age_aggregate_total,edu_aggregate_bas,2006,21.9387
rou,sex_m,age_aggregate_total,edu_aggregate_bas,2007,21.9648
rou,sex_m,age_aggregate_total,edu_aggregate_bas,2008,21.7081
rou,sex_m,age_aggregate_total,edu_aggregate_bas,2009,22.3378
rou,sex_m,age_aggregate_total,edu_aggregate_bas,2010,23.018
rou,sex_m,age_aggregate_total,edu_aggregate_bas,2011,21.0641
rou,sex_m,age_aggregate_total,edu_aggregate_bas,2012,20.7861
rou,sex_m,age_aggregate_total,edu_aggregate_bas,2013,20.936
rou,sex_m,age_aggregate_total,edu_aggregate_bas,2014,23.9712
rou,sex_m,age_aggregate_total,edu_aggregate_bas,2015,21.9596
rou,sex_m,age_aggregate_total,edu_aggregate_bas,2016,20.4364
rou,sex_m,age_aggregate_total,edu_aggregate_bas,2017,19.8749
rou,sex_m,age_aggregate_total,edu_aggregate_bas,2018,19.0905
rou,sex_m,age_aggregate_total,edu_aggregate_bas,2019,18.6045
rou,sex_m,age_aggregate_total,edu_aggregate_int,1997,54.0196
rou,sex_m,age_aggregate_total,edu_aggregate_int,1998,59.231
rou,sex_m,age_aggregate_total,edu_aggregate_int,1999,58.7866
rou,sex_m,age_aggregate_total,edu_aggregate_int,2000,58.8272
rou,sex_m,age_aggregate_total,edu_aggregate_int,2001,59.6802
rou,sex_m,age_aggregate_total,edu_aggregate_int,2002,62.0446
rou,sex_m,age_aggregate_total,edu_aggregate_int,2003,62.5765
rou,sex_m,age_aggregate_total,edu_aggregate_int,2004,63.895
rou,sex_m,age_aggregate_total,edu_aggregate_int,2005,64.329
rou,sex_m,age_aggregate_total,edu_aggregate_int,2006,64.6594
rou,sex_m,age_aggregate_total,edu_aggregate_int,2007,64.416
rou,sex_m,age_aggregate_total,edu_aggregate_int,2008,64.0427
rou,sex_m,age_aggregate_total,edu_aggregate_int,2009,63.3935
rou,sex_m,age_aggregate_total,edu_aggregate_int,2010,62.3165
rou,sex_m,age_aggregate_total,edu_aggregate_int,2011,62.9965
rou,sex_m,age_aggregate_total,edu_aggregate_int,2012,63.0944
rou,sex_m,age_aggregate_total,edu_aggregate_int,2013,62.6601
rou,sex_m,age_aggregate_total,edu_aggregate_int,2014,59.4678
rou,sex_m,age_aggregate_total,edu_aggregate_int,2015,60.1156
rou,sex_m,age_aggregate_total,edu_aggregate_int,2016,61.4741
rou,sex_m,age_aggregate_total,edu_aggregate_int,2017,62.3932
rou,sex_m,age_aggregate_total,edu_aggregate_int,2018,63.1548
rou,sex_m,age_aggregate_total,edu_aggregate_int,2019,63.1745
rou,sex_m,age_aggregate_total,edu_aggregate_ltb,2001,1.2376
rou,sex_m,age_aggregate_total,edu_aggregate_ltb,2002,0.8033
rou,sex_m,age_aggregate_total,edu_aggregate_ltb,2003,0.7465
rou,sex_m,age_aggregate_total,edu_aggregate_ltb,2004,0.7819
rou,sex_m,age_aggregate_total,edu_aggregate_ltb,2005,0.7715
rou,sex_m,age_aggregate_total,edu_aggregate_ltb,2006,0.6191
rou,sex_m,age_aggregate_total,edu_aggregate_ltb,2007,0.628
rou,sex_m,age_aggregate_total,edu_aggregate_ltb,2008,0.6498
rou,sex_m,age_aggregate_total,edu_aggregate_ltb,2009,0.5351
rou,sex_m,age_aggregate_total,edu_aggregate_ltb,2010,0.4148
rou,sex_m,age_aggregate_total,edu_aggregate_ltb,2011,0.2976
rou,sex_m,age_aggregate_total,edu_aggregate_ltb,2012,0.3197
rou,sex_m,age_aggregate_total,edu_aggregate_ltb,2013,0.3565
rou,sex_m,age_aggregate_total,edu_aggregate_ltb,2014,0.2952
rou,sex_m,age_aggregate_total,edu_aggregate_ltb,2015,0.3556
rou,sex_m,age_aggregate_total,edu_aggregate_ltb,2016,0.3275
rou,sex_m,age_aggregate_total,edu_aggregate_ltb,2017,0.346
rou,sex_m,age_aggregate_total,edu_aggregate_ltb,2018,0.4188
rou,sex_m,age_aggregate_total,edu_aggregate_ltb,2019,0.399
rou,sex_m,age_aggregate_total,edu_aggregate_total,1997,100
rou,sex_m,age_aggregate_total,edu_aggregate_total,1998,100
rou,sex_m,age_aggregate_total,edu_aggregate_total,1999,100
rou,sex_m,age_aggregate_total,edu_aggregate_total,2000,100
rou,sex_m,age_aggregate_total,edu_aggregate_total,2001,100
rou,sex_m,age_aggregate_total,edu_aggregate_total,2002,100
rou,sex_m,age_aggregate_total,edu_aggregate_total,2003,100
rou,sex_m,age_aggregate_total,edu_aggregate_total,2004,100
rou,sex_m,age_aggregate_total,edu_aggregate_total,2005,100
rou,sex_m,age_aggregate_total,edu_aggregate_total,2006,100
rou,sex_m,age_aggregate_total,edu_aggregate_total,2007,100
rou,sex_m,age_aggregate_total,edu_aggregate_total,2008,100
rou,sex_m,age_aggregate_total,edu_aggregate_total,2009,100
rou,sex_m,age_aggregate_total,edu_aggregate_total,2010,100
rou,sex_m,age_aggregate_total,edu_aggregate_total,2011,100
rou,sex_m,age_aggregate_total,edu_aggregate_total,2012,100
rou,sex_m,age_aggregate_total,edu_aggregate_total,2013,100
rou,sex_m,age_aggregate_total,edu_aggregate_total,2014,100
rou,sex_m,age_aggregate_total,edu_aggregate_total,2015,100
rou,sex_m,age_aggregate_total,edu_aggregate_total,2016,100
rou,sex_m,age_aggregate_total,edu_aggregate_total,2017,100
rou,sex_m,age_aggregate_total,edu_aggregate_total,2018,100
rou,sex_m,age_aggregate_total,edu_aggregate_total,2019,100
rou,sex_m,age_aggregate_total,edu_isced11_0,2014,0.2952
rou,sex_m,age_aggregate_total,edu_isced11_0,2015,0.3556
rou,sex_m,age_aggregate_total,edu_isced11_0,2016,0.3275
rou,sex_m,age_aggregate_total,edu_isced11_0,2017,0.346
rou,sex_m,age_aggregate_total,edu_isced11_0,2018,0.4188
rou,sex_m,age_aggregate_total,edu_isced11_0,2019,0.399
rou,sex_m,age_aggregate_total,edu_isced11_1,2014,2.7269
rou,sex_m,age_aggregate_total,edu_isced11_1,2015,2.9858
rou,sex_m,age_aggregate_total,edu_isced11_1,2016,2.7038
rou,sex_m,age_aggregate_total,edu_isced11_1,2017,2.5752
rou,sex_m,age_aggregate_total,edu_isced11_1,2018,2.4659
rou,sex_m,age_aggregate_total,edu_isced11_1,2019,2.4787
rou,sex_m,age_aggregate_total,edu_isced11_2,2014,21.2444
rou,sex_m,age_aggregate_total,edu_isced11_2,2015,18.9738
rou,sex_m,age_aggregate_total,edu_isced11_2,2016,17.7326
rou,sex_m,age_aggregate_total,edu_isced11_2,2017,17.2997
rou,sex_m,age_aggregate_total,edu_isced11_2,2018,16.6247
rou,sex_m,age_aggregate_total,edu_isced11_2,2019,16.1257
rou,sex_m,age_aggregate_total,edu_isced11_3,2014,56.5923
rou,sex_m,age_aggregate_total,edu_isced11_3,2015,57.7619
rou,sex_m,age_aggregate_total,edu_isced11_3,2016,59.2446
rou,sex_m,age_aggregate_total,edu_isced11_3,2017,60.0816
rou,sex_m,age_aggregate_total,edu_isced11_3,2018,61.0083
rou,sex_m,age_aggregate_total,edu_isced11_3,2019,61.2041
rou,sex_m,age_aggregate_total,edu_isced11_4,2014,2.8756
rou,sex_m,age_aggregate_total,edu_isced11_4,2015,2.3536
rou,sex_m,age_aggregate_total,edu_isced11_4,2016,2.2295
rou,sex_m,age_aggregate_total,edu_isced11_4,2017,2.3117
rou,sex_m,age_aggregate_total,edu_isced11_4,2018,2.1466
rou,sex_m,age_aggregate_total,edu_isced11_4,2019,1.9704
rou,sex_m,age_aggregate_total,edu_isced11_5,2014,0.5457
rou,sex_m,age_aggregate_total,edu_isced11_5,2015,0.4129
rou,sex_m,age_aggregate_total,edu_isced11_5,2016,0.361
rou,sex_m,age_aggregate_total,edu_isced11_5,2017,0.3395
rou,sex_m,age_aggregate_total,edu_isced11_5,2018,0.3269
rou,sex_m,age_aggregate_total,edu_isced11_5,2019,0.5692
rou,sex_m,age_aggregate_total,edu_isced11_6,2014,4.4569
rou,sex_m,age_aggregate_total,edu_isced11_6,2015,4.0003
rou,sex_m,age_aggregate_total,edu_isced11_6,2016,3.9897
rou,sex_m,age_aggregate_total,edu_isced11_6,2017,3.9441
rou,sex_m,age_aggregate_total,edu_isced11_6,2018,4.1494
rou,sex_m,age_aggregate_total,edu_isced11_6,2019,4.4439
rou,sex_m,age_aggregate_total,edu_isced11_7,2014,11.1716
rou,sex_m,age_aggregate_total,edu_isced11_7,2015,13.0527
rou,sex_m,age_aggregate_total,edu_isced11_7,2016,13.2697
rou,sex_m,age_aggregate_total,edu_isced11_7,2017,12.9689
rou,sex_m,age_aggregate_total,edu_isced11_7,2018,12.7342
rou,sex_m,age_aggregate_total,edu_isced11_7,2019,12.715
rou,sex_m,age_aggregate_total,edu_isced11_8,2015,0.1033
rou,sex_m,age_aggregate_total,edu_isced11_8,2016,0.1417
rou,sex_m,age_aggregate_total,edu_isced11_8,2017,0.1334
rou,sex_m,age_aggregate_total,edu_isced11_total,2014,100
rou,sex_m,age_aggregate_total,edu_isced11_total,2015,100
rou,sex_m,age_aggregate_total,edu_isced11_total,2016,100
rou,sex_m,age_aggregate_total,edu_isced11_total,2017,100
rou,sex_m,age_aggregate_total,edu_isced11_total,2018,100
rou,sex_m,age_aggregate_total,edu_isced11_total,2019,100
rou,sex_m,age_aggregate_total,edu_isced97_0,2001,1.2376
rou,sex_m,age_aggregate_total,edu_isced97_0,2002,0.8033
rou,sex_m,age_aggregate_total,edu_isced97_0,2003,0.7465
rou,sex_m,age_aggregate_total,edu_isced97_0,2004,0.7819
rou,sex_m,age_aggregate_total,edu_isced97_0,2005,0.7715
rou,sex_m,age_aggregate_total,edu_isced97_0,2006,0.6191
rou,sex_m,age_aggregate_total,edu_isced97_0,2007,0.628
rou,sex_m,age_aggregate_total,edu_isced97_0,2008,0.6498
rou,sex_m,age_aggregate_total,edu_isced97_0,2009,0.5351
rou,sex_m,age_aggregate_total,edu_isced97_0,2010,0.4148
rou,sex_m,age_aggregate_total,edu_isced97_0,2011,0.2976
rou,sex_m,age_aggregate_total,edu_isced97_0,2012,0.3197
rou,sex_m,age_aggregate_total,edu_isced97_0,2013,0.3565
rou,sex_m,age_aggregate_total,edu_isced97_1,1998,12.7185
rou,sex_m,age_aggregate_total,edu_isced97_1,1999,12.3389
rou,sex_m,age_aggregate_total,edu_isced97_1,2000,12.0155
rou,sex_m,age_aggregate_total,edu_isced97_1,2001,10.0758
rou,sex_m,age_aggregate_total,edu_isced97_1,2002,8.1873
rou,sex_m,age_aggregate_total,edu_isced97_1,2003,7.1041
rou,sex_m,age_aggregate_total,edu_isced97_1,2004,6.4026
rou,sex_m,age_aggregate_total,edu_isced97_1,2005,5.6458
rou,sex_m,age_aggregate_total,edu_isced97_1,2006,4.9996
rou,sex_m,age_aggregate_total,edu_isced97_1,2007,4.9951
rou,sex_m,age_aggregate_total,edu_isced97_1,2008,4.7681
rou,sex_m,age_aggregate_total,edu_isced97_1,2009,4.5158
rou,sex_m,age_aggregate_total,edu_isced97_1,2010,4.1769
rou,sex_m,age_aggregate_total,edu_isced97_1,2011,3.4177
rou,sex_m,age_aggregate_total,edu_isced97_1,2012,3.0944
rou,sex_m,age_aggregate_total,edu_isced97_1,2013,2.9562
rou,sex_m,age_aggregate_total,edu_isced97_2,1998,19.3156
rou,sex_m,age_aggregate_total,edu_isced97_2,1999,19.8795
rou,sex_m,age_aggregate_total,edu_isced97_2,2000,19.9392
rou,sex_m,age_aggregate_total,edu_isced97_2,2001,19.3052
rou,sex_m,age_aggregate_total,edu_isced97_2,2002,18.5198
rou,sex_m,age_aggregate_total,edu_isced97_2,2003,19.396
rou,sex_m,age_aggregate_total,edu_isced97_2,2004,17.3948
rou,sex_m,age_aggregate_total,edu_isced97_2,2005,17.2937
rou,sex_m,age_aggregate_total,edu_isced97_2,2006,16.9391
rou,sex_m,age_aggregate_total,edu_isced97_2,2007,16.9697
rou,sex_m,age_aggregate_total,edu_isced97_2,2008,16.94
rou,sex_m,age_aggregate_total,edu_isced97_2,2009,17.822
rou,sex_m,age_aggregate_total,edu_isced97_2,2010,18.8411
rou,sex_m,age_aggregate_total,edu_isced97_2,2011,17.6463
rou,sex_m,age_aggregate_total,edu_isced97_2,2012,17.6917
rou,sex_m,age_aggregate_total,edu_isced97_2,2013,17.9798
rou,sex_m,age_aggregate_total,edu_isced97_3,1998,59.231
rou,sex_m,age_aggregate_total,edu_isced97_3,1999,58.7866
rou,sex_m,age_aggregate_total,edu_isced97_3,2000,58.8272
rou,sex_m,age_aggregate_total,edu_isced97_3,2001,59.6802
rou,sex_m,age_aggregate_total,edu_isced97_3,2002,57.4568
rou,sex_m,age_aggregate_total,edu_isced97_3,2003,58.5592
rou,sex_m,age_aggregate_total,edu_isced97_3,2004,59.3484
rou,sex_m,age_aggregate_total,edu_isced97_3,2005,59.7383
rou,sex_m,age_aggregate_total,edu_isced97_3,2006,59.9332
rou,sex_m,age_aggregate_total,edu_isced97_3,2007,60.1823
rou,sex_m,age_aggregate_total,edu_isced97_3,2008,60.0914
rou,sex_m,age_aggregate_total,edu_isced97_3,2009,59.4467
rou,sex_m,age_aggregate_total,edu_isced97_3,2010,58.526
rou,sex_m,age_aggregate_total,edu_isced97_3,2011,59.3705
rou,sex_m,age_aggregate_total,edu_isced97_3,2012,59.6412
rou,sex_m,age_aggregate_total,edu_isced97_3,2013,59.472
rou,sex_m,age_aggregate_total,edu_isced97_4,2002,4.5878
rou,sex_m,age_aggregate_total,edu_isced97_4,2003,4.0173
rou,sex_m,age_aggregate_total,edu_isced97_4,2004,4.5466
rou,sex_m,age_aggregate_total,edu_isced97_4,2005,4.5907
rou,sex_m,age_aggregate_total,edu_isced97_4,2006,4.7261
rou,sex_m,age_aggregate_total,edu_isced97_4,2007,4.2337
rou,sex_m,age_aggregate_total,edu_isced97_4,2008,3.9513
rou,sex_m,age_aggregate_total,edu_isced97_4,2009,3.9468
rou,sex_m,age_aggregate_total,edu_isced97_4,2010,3.7905
rou,sex_m,age_aggregate_total,edu_isced97_4,2011,3.626
rou,sex_m,age_aggregate_total,edu_isced97_4,2012,3.4532
rou,sex_m,age_aggregate_total,edu_isced97_4,2013,3.1881
rou,sex_m,age_aggregate_total,edu_isced97_5,1998,8.7349
rou,sex_m,age_aggregate_total,edu_isced97_5,1999,8.9949
rou,sex_m,age_aggregate_total,edu_isced97_5,2000,9.2181
rou,sex_m,age_aggregate_total,edu_isced97_5,2001,9.7012
rou,sex_m,age_aggregate_total,edu_isced97_5,2002,10.3433
rou,sex_m,age_aggregate_total,edu_isced97_5,2003,10.1161
rou,sex_m,age_aggregate_total,edu_isced97_5,2004,11.3993
rou,sex_m,age_aggregate_total,edu_isced97_5,2005,11.8216
rou,sex_m,age_aggregate_total,edu_isced97_5,2006,12.6511
rou,sex_m,age_aggregate_total,edu_isced97_5,2007,12.8817
rou,sex_m,age_aggregate_total,edu_isced97_5,2008,13.5129
rou,sex_m,age_aggregate_total,edu_isced97_5,2009,13.636
rou,sex_m,age_aggregate_total,edu_isced97_5,2010,14.1751
rou,sex_m,age_aggregate_total,edu_isced97_5,2011,15.5882
rou,sex_m,age_aggregate_total,edu_isced97_5,2012,15.6914
rou,sex_m,age_aggregate_total,edu_isced97_5,2013,15.9514
rou,sex_m,age_aggregate_total,edu_isced97_6,2002,0.1017
rou,sex_m,age_aggregate_total,edu_isced97_6,2003,0.0608
rou,sex_m,age_aggregate_total,edu_isced97_6,2004,0.1265
rou,sex_m,age_aggregate_total,edu_isced97_6,2005,0.1384
rou,sex_m,age_aggregate_total,edu_isced97_6,2006,0.1317
rou,sex_m,age_aggregate_total,edu_isced97_6,2007,0.1095
rou,sex_m,age_aggregate_total,edu_isced97_6,2008,0.0864
rou,sex_m,age_aggregate_total,edu_isced97_6,2009,0.0977
rou,sex_m,age_aggregate_total,edu_isced97_6,2011,0.0536
rou,sex_m,age_aggregate_total,edu_isced97_6,2012,0.1083
rou,sex_m,age_aggregate_total,edu_isced97_6,2013,0.0961
rou,sex_m,age_aggregate_total,edu_isced97_total,1998,100
rou,sex_m,age_aggregate_total,edu_isced97_total,1999,100
rou,sex_m,age_aggregate_total,edu_isced97_total,2000,100
rou,sex_m,age_aggregate_total,edu_isced97_total,2001,100
rou,sex_m,age_aggregate_total,edu_isced97_total,2002,100
rou,sex_m,age_aggregate_total,edu_isced97_total,2003,100
rou,sex_m,age_aggregate_total,edu_isced97_total,2004,100
rou,sex_m,age_aggregate_total,edu_isced97_total,2005,100
rou,sex_m,age_aggregate_total,edu_isced97_total,2006,100
rou,sex_m,age_aggregate_total,edu_isced97_total,2007,100
rou,sex_m,age_aggregate_total,edu_isced97_total,2008,100
rou,sex_m,age_aggregate_total,edu_isced97_total,2009,100
rou,sex_m,age_aggregate_total,edu_isced97_total,2010,100
rou,sex_m,age_aggregate_total,edu_isced97_total,2011,100
rou,sex_m,age_aggregate_total,edu_isced97_total,2012,100
rou,sex_m,age_aggregate_total,edu_isced97_total,2013,100
rou,sex_m,age_aggregate_y15_24,edu_aggregate_adv,1997,2.6674
rou,sex_m,age_aggregate_y15_24,edu_aggregate_adv,1998,1.3887
rou,sex_m,age_aggregate_y15_24,edu_aggregate_adv,1999,2.2318
rou,sex_m,age_aggregate_y15_24,edu_aggregate_adv,2000,2.2507
rou,sex_m,age_aggregate_y15_24,edu_aggregate_adv,2001,1.7438
rou,sex_m,age_aggregate_y15_24,edu_aggregate_adv,2002,1.829
rou,sex_m,age_aggregate_y15_24,edu_aggregate_adv,2003,2.4524
rou,sex_m,age_aggregate_y15_24,edu_aggregate_adv,2004,3.9859
rou,sex_m,age_aggregate_y15_24,edu_aggregate_adv,2005,3.7267
rou,sex_m,age_aggregate_y15_24,edu_aggregate_adv,2006,3.1532
rou,sex_m,age_aggregate_y15_24,edu_aggregate_adv,2007,3.1187
rou,sex_m,age_aggregate_y15_24,edu_aggregate_adv,2008,3.9991
rou,sex_m,age_aggregate_y15_24,edu_aggregate_adv,2009,4.7233
rou,sex_m,age_aggregate_y15_24,edu_aggregate_adv,2010,5.7388
rou,sex_m,age_aggregate_y15_24,edu_aggregate_adv,2011,6.9004
rou,sex_m,age_aggregate_y15_24,edu_aggregate_adv,2012,6.2402
rou,sex_m,age_aggregate_y15_24,edu_aggregate_adv,2013,6.5595
rou,sex_m,age_aggregate_y15_24,edu_aggregate_adv,2014,6.8093
rou,sex_m,age_aggregate_y15_24,edu_aggregate_adv,2015,5.5258
rou,sex_m,age_aggregate_y15_24,edu_aggregate_adv,2016,3.9469
rou,sex_m,age_aggregate_y15_24,edu_aggregate_adv,2017,5.8685
rou,sex_m,age_aggregate_y15_24,edu_aggregate_adv,2018,5.2758
rou,sex_m,age_aggregate_y15_24,edu_aggregate_adv,2019,5.1028
rou,sex_m,age_aggregate_y15_24,edu_aggregate_bas,1997,33.3157
rou,sex_m,age_aggregate_y15_24,edu_aggregate_bas,1998,35.5153
rou,sex_m,age_aggregate_y15_24,edu_aggregate_bas,1999,40.8379
rou,sex_m,age_aggregate_y15_24,edu_aggregate_bas,2000,42.9668
rou,sex_m,age_aggregate_y15_24,edu_aggregate_bas,2001,39.0294
rou,sex_m,age_aggregate_y15_24,edu_aggregate_bas,2002,42.8509
rou,sex_m,age_aggregate_y15_24,edu_aggregate_bas,2003,43.1432
rou,sex_m,age_aggregate_y15_24,edu_aggregate_bas,2004,39.2015
rou,sex_m,age_aggregate_y15_24,edu_aggregate_bas,2005,38.5224
rou,sex_m,age_aggregate_y15_24,edu_aggregate_bas,2006,36.6686
rou,sex_m,age_aggregate_y15_24,edu_aggregate_bas,2007,36.7683
rou,sex_m,age_aggregate_y15_24,edu_aggregate_bas,2008,33.6348
rou,sex_m,age_aggregate_y15_24,edu_aggregate_bas,2009,34.0149
rou,sex_m,age_aggregate_y15_24,edu_aggregate_bas,2010,37.3513
rou,sex_m,age_aggregate_y15_24,edu_aggregate_bas,2011,34.1761
rou,sex_m,age_aggregate_y15_24,edu_aggregate_bas,2012,34.8675
rou,sex_m,age_aggregate_y15_24,edu_aggregate_bas,2013,34.7149
rou,sex_m,age_aggregate_y15_24,edu_aggregate_bas,2014,35.6586
rou,sex_m,age_aggregate_y15_24,edu_aggregate_bas,2015,33.929
rou,sex_m,age_aggregate_y15_24,edu_aggregate_bas,2016,35.566
rou,sex_m,age_aggregate_y15_24,edu_aggregate_bas,2017,35.8238
rou,sex_m,age_aggregate_y15_24,edu_aggregate_bas,2018,31.6576
rou,sex_m,age_aggregate_y15_24,edu_aggregate_bas,2019,28.2625
rou,sex_m,age_aggregate_y15_24,edu_aggregate_int,1997,64.0169
rou,sex_m,age_aggregate_y15_24,edu_aggregate_int,1998,63.096
rou,sex_m,age_aggregate_y15_24,edu_aggregate_int,1999,56.9303
rou,sex_m,age_aggregate_y15_24,edu_aggregate_int,2000,54.7826
rou,sex_m,age_aggregate_y15_24,edu_aggregate_int,2001,57.2603
rou,sex_m,age_aggregate_y15_24,edu_aggregate_int,2002,54.8213
rou,sex_m,age_aggregate_y15_24,edu_aggregate_int,2003,52.637
rou,sex_m,age_aggregate_y15_24,edu_aggregate_int,2004,54.6642
rou,sex_m,age_aggregate_y15_24,edu_aggregate_int,2005,56.0298
rou,sex_m,age_aggregate_y15_24,edu_aggregate_int,2006,58.6204
rou,sex_m,age_aggregate_y15_24,edu_aggregate_int,2007,58.7193
rou,sex_m,age_aggregate_y15_24,edu_aggregate_int,2008,60.5827
rou,sex_m,age_aggregate_y15_24,edu_aggregate_int,2009,60.06
rou,sex_m,age_aggregate_y15_24,edu_aggregate_int,2010,56.3256
rou,sex_m,age_aggregate_y15_24,edu_aggregate_int,2011,58.1539
rou,sex_m,age_aggregate_y15_24,edu_aggregate_int,2012,58.2879
rou,sex_m,age_aggregate_y15_24,edu_aggregate_int,2013,57.9827
rou,sex_m,age_aggregate_y15_24,edu_aggregate_int,2014,57.1355
rou,sex_m,age_aggregate_y15_24,edu_aggregate_int,2015,59.6177
rou,sex_m,age_aggregate_y15_24,edu_aggregate_int,2016,59.6409
rou,sex_m,age_aggregate_y15_24,edu_aggregate_int,2017,57.5565
rou,sex_m,age_aggregate_y15_24,edu_aggregate_int,2018,62.6152
rou,sex_m,age_aggregate_y15_24,edu_aggregate_int,2019,65.799
rou,sex_m,age_aggregate_y15_24,edu_aggregate_ltb,2001,1.9665
rou,sex_m,age_aggregate_y15_24,edu_aggregate_ltb,2002,0.4988
rou,sex_m,age_aggregate_y15_24,edu_aggregate_ltb,2003,1.7674
rou,sex_m,age_aggregate_y15_24,edu_aggregate_ltb,2004,2.1484
rou,sex_m,age_aggregate_y15_24,edu_aggregate_ltb,2005,1.7212
rou,sex_m,age_aggregate_y15_24,edu_aggregate_ltb,2006,1.5578
rou,sex_m,age_aggregate_y15_24,edu_aggregate_ltb,2008,1.7833
rou,sex_m,age_aggregate_y15_24,edu_aggregate_total,1997,100
rou,sex_m,age_aggregate_y15_24,edu_aggregate_total,1998,100
rou,sex_m,age_aggregate_y15_24,edu_aggregate_total,1999,100
rou,sex_m,age_aggregate_y15_24,edu_aggregate_total,2000,100
rou,sex_m,age_aggregate_y15_24,edu_aggregate_total,2001,100
rou,sex_m,age_aggregate_y15_24,edu_aggregate_total,2002,100
rou,sex_m,age_aggregate_y15_24,edu_aggregate_total,2003,100
rou,sex_m,age_aggregate_y15_24,edu_aggregate_total,2004,100
rou,sex_m,age_aggregate_y15_24,edu_aggregate_total,2005,100
rou,sex_m,age_aggregate_y15_24,edu_aggregate_total,2006,100
rou,sex_m,age_aggregate_y15_24,edu_aggregate_total,2007,100
rou,sex_m,age_aggregate_y15_24,edu_aggregate_total,2008,100
rou,sex_m,age_aggregate_y15_24,edu_aggregate_total,2009,100
rou,sex_m,age_aggregate_y15_24,edu_aggregate_total,2010,100
rou,sex_m,age_aggregate_y15_24,edu_aggregate_total,2011,100
rou,sex_m,age_aggregate_y15_24,edu_aggregate_total,2012,100
rou,sex_m,age_aggregate_y15_24,edu_aggregate_total,2013,100
rou,sex_m,age_aggregate_y15_24,edu_aggregate_total,2014,100
rou,sex_m,age_aggregate_y15_24,edu_aggregate_total,2015,100
rou,sex_m,age_aggregate_y15_24,edu_aggregate_total,2016,100
rou,sex_m,age_aggregate_y15_24,edu_aggregate_total,2017,100
rou,sex_m,age_aggregate_y15_24,edu_aggregate_total,2018,100
rou,sex_m,age_aggregate_y15_24,edu_aggregate_total,2019,100
rou,sex_m,age_aggregate_y15_24,edu_isced11_0,2015,0.9276
rou,sex_m,age_aggregate_y15_24,edu_isced11_0,2016,0.8461
rou,sex_m,age_aggregate_y15_24,edu_isced11_0,2017,0.7512
rou,sex_m,age_aggregate_y15_24,edu_isced11_1,2014,4.0605
rou,sex_m,age_aggregate_y15_24,edu_isced11_1,2015,4.3489
rou,sex_m,age_aggregate_y15_24,edu_isced11_1,2016,5.2672
rou,sex_m,age_aggregate_y15_24,edu_isced11_1,2017,6.0968
rou,sex_m,age_aggregate_y15_24,edu_isced11_1,2018,5.0202
rou,sex_m,age_aggregate_y15_24,edu_isced11_1,2019,3.5499
rou,sex_m,age_aggregate_y15_24,edu_isced11_2,2014,31.5982
rou,sex_m,age_aggregate_y15_24,edu_isced11_2,2015,29.5801
rou,sex_m,age_aggregate_y15_24,edu_isced11_2,2016,30.2989
rou,sex_m,age_aggregate_y15_24,edu_isced11_2,2017,29.7271
rou,sex_m,age_aggregate_y15_24,edu_isced11_2,2018,26.6374
rou,sex_m,age_aggregate_y15_24,edu_isced11_2,2019,24.7126
rou,sex_m,age_aggregate_y15_24,edu_isced11_3,2014,56.3673
rou,sex_m,age_aggregate_y15_24,edu_isced11_3,2015,59.0095
rou,sex_m,age_aggregate_y15_24,edu_isced11_3,2016,59.0273
rou,sex_m,age_aggregate_y15_24,edu_isced11_3,2017,56.8873
rou,sex_m,age_aggregate_y15_24,edu_isced11_3,2018,61.9807
rou,sex_m,age_aggregate_y15_24,edu_isced11_3,2019,64.801
rou,sex_m,age_aggregate_y15_24,edu_isced11_4,2015,0.6082
rou,sex_m,age_aggregate_y15_24,edu_isced11_4,2016,0.6136
rou,sex_m,age_aggregate_y15_24,edu_isced11_4,2017,0.6692
rou,sex_m,age_aggregate_y15_24,edu_isced11_6,2014,5.0505
rou,sex_m,age_aggregate_y15_24,edu_isced11_6,2015,4.8545
rou,sex_m,age_aggregate_y15_24,edu_isced11_6,2016,3.4885
rou,sex_m,age_aggregate_y15_24,edu_isced11_6,2017,5.5422
rou,sex_m,age_aggregate_y15_24,edu_isced11_6,2018,4.6945
rou,sex_m,age_aggregate_y15_24,edu_isced11_6,2019,4.5796
rou,sex_m,age_aggregate_y15_24,edu_isced11_7,2015,0.6606
rou,sex_m,age_aggregate_y15_24,edu_isced11_7,2016,0.4405
rou,sex_m,age_aggregate_y15_24,edu_isced11_7,2017,0.2695
rou,sex_m,age_aggregate_y15_24,edu_isced11_total,2014,100
rou,sex_m,age_aggregate_y15_24,edu_isced11_total,2015,100
rou,sex_m,age_aggregate_y15_24,edu_isced11_total,2016,100
rou,sex_m,age_aggregate_y15_24,edu_isced11_total,2017,100
rou,sex_m,age_aggregate_y15_24,edu_isced11_total,2018,100
rou,sex_m,age_aggregate_y15_24,edu_isced11_total,2019,100
rou,sex_m,age_aggregate_y15_24,edu_isced97_0,2001,1.9665
rou,sex_m,age_aggregate_y15_24,edu_isced97_0,2002,0.4988
rou,sex_m,age_aggregate_y15_24,edu_isced97_0,2003,1.7674
rou,sex_m,age_aggregate_y15_24,edu_isced97_0,2004,2.1484
rou,sex_m,age_aggregate_y15_24,edu_isced97_0,2005,1.7212
rou,sex_m,age_aggregate_y15_24,edu_isced97_0,2006,1.5578
rou,sex_m,age_aggregate_y15_24,edu_isced97_0,2007,1.3937
rou,sex_m,age_aggregate_y15_24,edu_isced97_0,2008,1.7833
rou,sex_m,age_aggregate_y15_24,edu_isced97_0,2009,1.2018
rou,sex_m,age_aggregate_y15_24,edu_isced97_0,2011,0.7696
rou,sex_m,age_aggregate_y15_24,edu_isced97_0,2012,0.6044
rou,sex_m,age_aggregate_y15_24,edu_isced97_0,2013,0.7429
rou,sex_m,age_aggregate_y15_24,edu_isced97_1,1998,6.7679
rou,sex_m,age_aggregate_y15_24,edu_isced97_1,1999,6.9656
rou,sex_m,age_aggregate_y15_24,edu_isced97_1,2000,9.0416
rou,sex_m,age_aggregate_y15_24,edu_isced97_1,2001,6.9191
rou,sex_m,age_aggregate_y15_24,edu_isced97_1,2002,7.059
rou,sex_m,age_aggregate_y15_24,edu_isced97_1,2003,6.3887
rou,sex_m,age_aggregate_y15_24,edu_isced97_1,2004,7.7854
rou,sex_m,age_aggregate_y15_24,edu_isced97_1,2005,6.2973
rou,sex_m,age_aggregate_y15_24,edu_isced97_1,2006,5.247
rou,sex_m,age_aggregate_y15_24,edu_isced97_1,2007,6.3947
rou,sex_m,age_aggregate_y15_24,edu_isced97_1,2008,5.5837
rou,sex_m,age_aggregate_y15_24,edu_isced97_1,2009,5.5975
rou,sex_m,age_aggregate_y15_24,edu_isced97_1,2010,6.1585
rou,sex_m,age_aggregate_y15_24,edu_isced97_1,2011,4.0264
rou,sex_m,age_aggregate_y15_24,edu_isced97_1,2012,3.744
rou,sex_m,age_aggregate_y15_24,edu_isced97_1,2013,3.6325
rou,sex_m,age_aggregate_y15_24,edu_isced97_2,1998,28.7474
rou,sex_m,age_aggregate_y15_24,edu_isced97_2,1999,33.8724
rou,sex_m,age_aggregate_y15_24,edu_isced97_2,2000,33.9252
rou,sex_m,age_aggregate_y15_24,edu_isced97_2,2001,32.1103
rou,sex_m,age_aggregate_y15_24,edu_isced97_2,2002,35.7919
rou,sex_m,age_aggregate_y15_24,edu_isced97_2,2003,36.7545
rou,sex_m,age_aggregate_y15_24,edu_isced97_2,2004,31.4161
rou,sex_m,age_aggregate_y15_24,edu_isced97_2,2005,32.2251
rou,sex_m,age_aggregate_y15_24,edu_isced97_2,2006,31.4216
rou,sex_m,age_aggregate_y15_24,edu_isced97_2,2007,30.3736
rou,sex_m,age_aggregate_y15_24,edu_isced97_2,2008,28.0511
rou,sex_m,age_aggregate_y15_24,edu_isced97_2,2009,28.4174
rou,sex_m,age_aggregate_y15_24,edu_isced97_2,2010,31.1928
rou,sex_m,age_aggregate_y15_24,edu_isced97_2,2011,30.1497
rou,sex_m,age_aggregate_y15_24,edu_isced97_2,2012,31.1235
rou,sex_m,age_aggregate_y15_24,edu_isced97_2,2013,31.0824
rou,sex_m,age_aggregate_y15_24,edu_isced97_3,1998,63.096
rou,sex_m,age_aggregate_y15_24,edu_isced97_3,1999,56.9303
rou,sex_m,age_aggregate_y15_24,edu_isced97_3,2000,54.7826
rou,sex_m,age_aggregate_y15_24,edu_isced97_3,2001,57.2603
rou,sex_m,age_aggregate_y15_24,edu_isced97_3,2002,53.7545
rou,sex_m,age_aggregate_y15_24,edu_isced97_3,2003,51.5369
rou,sex_m,age_aggregate_y15_24,edu_isced97_3,2004,53.0894
rou,sex_m,age_aggregate_y15_24,edu_isced97_3,2005,54.6032
rou,sex_m,age_aggregate_y15_24,edu_isced97_3,2006,57.4628
rou,sex_m,age_aggregate_y15_24,edu_isced97_3,2007,57.4871
rou,sex_m,age_aggregate_y15_24,edu_isced97_3,2008,59.542
rou,sex_m,age_aggregate_y15_24,edu_isced97_3,2009,58.6658
rou,sex_m,age_aggregate_y15_24,edu_isced97_3,2010,55.4551
rou,sex_m,age_aggregate_y15_24,edu_isced97_3,2011,56.8827
rou,sex_m,age_aggregate_y15_24,edu_isced97_3,2012,57.1081
rou,sex_m,age_aggregate_y15_24,edu_isced97_3,2013,57.0639
rou,sex_m,age_aggregate_y15_24,edu_isced97_4,2002,1.0668
rou,sex_m,age_aggregate_y15_24,edu_isced97_4,2003,1.1001
rou,sex_m,age_aggregate_y15_24,edu_isced97_4,2004,1.5748
rou,sex_m,age_aggregate_y15_24,edu_isced97_4,2005,1.4266
rou,sex_m,age_aggregate_y15_24,edu_isced97_4,2006,1.1575
rou,sex_m,age_aggregate_y15_24,edu_isced97_4,2007,1.2322
rou,sex_m,age_aggregate_y15_24,edu_isced97_4,2008,1.0408
rou,sex_m,age_aggregate_y15_24,edu_isced97_4,2009,1.3942
rou,sex_m,age_aggregate_y15_24,edu_isced97_4,2011,1.2712
rou,sex_m,age_aggregate_y15_24,edu_isced97_4,2012,1.1799
rou,sex_m,age_aggregate_y15_24,edu_isced97_4,2013,0.9187
rou,sex_m,age_aggregate_y15_24,edu_isced97_5,1998,1.3887
rou,sex_m,age_aggregate_y15_24,edu_isced97_5,1999,2.2318
rou,sex_m,age_aggregate_y15_24,edu_isced97_5,2000,2.2507
rou,sex_m,age_aggregate_y15_24,edu_isced97_5,2001,1.7438
rou,sex_m,age_aggregate_y15_24,edu_isced97_5,2002,1.829
rou,sex_m,age_aggregate_y15_24,edu_isced97_5,2003,2.4524
rou,sex_m,age_aggregate_y15_24,edu_isced97_5,2004,3.9859
rou,sex_m,age_aggregate_y15_24,edu_isced97_5,2005,3.7267
rou,sex_m,age_aggregate_y15_24,edu_isced97_5,2006,3.1532
rou,sex_m,age_aggregate_y15_24,edu_isced97_5,2007,3.1187
rou,sex_m,age_aggregate_y15_24,edu_isced97_5,2008,3.9991
rou,sex_m,age_aggregate_y15_24,edu_isced97_5,2009,4.7233
rou,sex_m,age_aggregate_y15_24,edu_isced97_5,2010,5.7388
rou,sex_m,age_aggregate_y15_24,edu_isced97_5,2011,6.9004
rou,sex_m,age_aggregate_y15_24,edu_isced97_5,2012,6.2402
rou,sex_m,age_aggregate_y15_24,edu_isced97_5,2013,6.5595
rou,sex_m,age_aggregate_y15_24,edu_isced97_total,1998,100
rou,sex_m,age_aggregate_y15_24,edu_isced97_total,1999,100
rou,sex_m,age_aggregate_y15_24,edu_isced97_total,2000,100
rou,sex_m,age_aggregate_y15_24,edu_isced97_total,2001,100
rou,sex_m,age_aggregate_y15_24,edu_isced97_total,2002,100
rou,sex_m,age_aggregate_y15_24,edu_isced97_total,2003,100
rou,sex_m,age_aggregate_y15_24,edu_isced97_total,2004,100
rou,sex_m,age_aggregate_y15_24,edu_isced97_total,2005,100
rou,sex_m,age_aggregate_y15_24,edu_isced97_total,2006,100
rou,sex_m,age_aggregate_y15_24,edu_isced97_total,2007,100
rou,sex_m,age_aggregate_y15_24,edu_isced97_total,2008,100
rou,sex_m,age_aggregate_y15_24,edu_isced97_total,2009,100
rou,sex_m,age_aggregate_y15_24,edu_isced97_total,2010,100
rou,sex_m,age_aggregate_y15_24,edu_isced97_total,2011,100
rou,sex_m,age_aggregate_y15_24,edu_isced97_total,2012,100
rou,sex_m,age_aggregate_y15_24,edu_isced97_total,2013,100
rou,sex_m,age_aggregate_y25_54,edu_aggregate_adv,1997,17.5812
rou,sex_m,age_aggregate_y25_54,edu_aggregate_adv,1998,10.9644
rou,sex_m,age_aggregate_y25_54,edu_aggregate_adv,1999,11.0305
rou,sex_m,age_aggregate_y25_54,edu_aggregate_adv,2000,11.3784
rou,sex_m,age_aggregate_y25_54,edu_aggregate_adv,2001,12.0438
rou,sex_m,age_aggregate_y25_54,edu_aggregate_adv,2002,12.306
rou,sex_m,age_aggregate_y25_54,edu_aggregate_adv,2003,11.5674
rou,sex_m,age_aggregate_y25_54,edu_aggregate_adv,2004,12.9062
rou,sex_m,age_aggregate_y25_54,edu_aggregate_adv,2005,13.3725
rou,sex_m,age_aggregate_y25_54,edu_aggregate_adv,2006,14.0943
rou,sex_m,age_aggregate_y25_54,edu_aggregate_adv,2007,14.5557
rou,sex_m,age_aggregate_y25_54,edu_aggregate_adv,2008,15.3314
rou,sex_m,age_aggregate_y25_54,edu_aggregate_adv,2009,15.4835
rou,sex_m,age_aggregate_y25_54,edu_aggregate_adv,2010,16.0137
rou,sex_m,age_aggregate_y25_54,edu_aggregate_adv,2011,17.4027
rou,sex_m,age_aggregate_y25_54,edu_aggregate_adv,2012,17.7183
rou,sex_m,age_aggregate_y25_54,edu_aggregate_adv,2013,17.9887
rou,sex_m,age_aggregate_y25_54,edu_aggregate_adv,2014,18.3248
rou,sex_m,age_aggregate_y25_54,edu_aggregate_adv,2015,19.8677
rou,sex_m,age_aggregate_y25_54,edu_aggregate_adv,2016,20.149
rou,sex_m,age_aggregate_y25_54,edu_aggregate_adv,2017,19.5842
rou,sex_m,age_aggregate_y25_54,edu_aggregate_adv,2018,19.7569
rou,sex_m,age_aggregate_y25_54,edu_aggregate_adv,2019,20.4882
rou,sex_m,age_aggregate_y25_54,edu_aggregate_bas,1997,18.7632
rou,sex_m,age_aggregate_y25_54,edu_aggregate_bas,1998,17.1289
rou,sex_m,age_aggregate_y25_54,edu_aggregate_bas,1999,16.6718
rou,sex_m,age_aggregate_y25_54,edu_aggregate_bas,2000,16.8024
rou,sex_m,age_aggregate_y25_54,edu_aggregate_bas,2001,15.4918
rou,sex_m,age_aggregate_y25_54,edu_aggregate_bas,2002,15.1682
rou,sex_m,age_aggregate_y25_54,edu_aggregate_bas,2003,16.1009
rou,sex_m,age_aggregate_y25_54,edu_aggregate_bas,2004,15.5243
rou,sex_m,age_aggregate_y25_54,edu_aggregate_bas,2005,15.0772
rou,sex_m,age_aggregate_y25_54,edu_aggregate_bas,2006,14.978
rou,sex_m,age_aggregate_y25_54,edu_aggregate_bas,2007,14.6613
rou,sex_m,age_aggregate_y25_54,edu_aggregate_bas,2008,14.7494
rou,sex_m,age_aggregate_y25_54,edu_aggregate_bas,2009,16.0995
rou,sex_m,age_aggregate_y25_54,edu_aggregate_bas,2010,17.1197
rou,sex_m,age_aggregate_y25_54,edu_aggregate_bas,2011,15.6263
rou,sex_m,age_aggregate_y25_54,edu_aggregate_bas,2012,15.5427
rou,sex_m,age_aggregate_y25_54,edu_aggregate_bas,2013,16.1483
rou,sex_m,age_aggregate_y25_54,edu_aggregate_bas,2014,19.6691
rou,sex_m,age_aggregate_y25_54,edu_aggregate_bas,2015,18.6458
rou,sex_m,age_aggregate_y25_54,edu_aggregate_bas,2016,17.6486
rou,sex_m,age_aggregate_y25_54,edu_aggregate_bas,2017,17.3109
rou,sex_m,age_aggregate_y25_54,edu_aggregate_bas,2018,16.7277
rou,sex_m,age_aggregate_y25_54,edu_aggregate_bas,2019,16.5525
rou,sex_m,age_aggregate_y25_54,edu_aggregate_int,1997,63.6556
rou,sex_m,age_aggregate_y25_54,edu_aggregate_int,1998,71.9068
rou,sex_m,age_aggregate_y25_54,edu_aggregate_int,1999,72.2977
rou,sex_m,age_aggregate_y25_54,edu_aggregate_int,2000,71.8192
rou,sex_m,age_aggregate_y25_54,edu_aggregate_int,2001,71.9292
rou,sex_m,age_aggregate_y25_54,edu_aggregate_int,2002,72.1631
rou,sex_m,age_aggregate_y25_54,edu_aggregate_int,2003,71.9897
rou,sex_m,age_aggregate_y25_54,edu_aggregate_int,2004,71.1736
rou,sex_m,age_aggregate_y25_54,edu_aggregate_int,2005,71.0863
rou,sex_m,age_aggregate_y25_54,edu_aggregate_int,2006,70.5253
rou,sex_m,age_aggregate_y25_54,edu_aggregate_int,2007,70.3319
rou,sex_m,age_aggregate_y25_54,edu_aggregate_int,2008,69.4343
rou,sex_m,age_aggregate_y25_54,edu_aggregate_int,2009,67.9916
rou,sex_m,age_aggregate_y25_54,edu_aggregate_int,2010,66.5422
rou,sex_m,age_aggregate_y25_54,edu_aggregate_int,2011,66.7647
rou,sex_m,age_aggregate_y25_54,edu_aggregate_int,2012,66.4427
rou,sex_m,age_aggregate_y25_54,edu_aggregate_int,2013,65.5437
rou,sex_m,age_aggregate_y25_54,edu_aggregate_int,2014,61.7186
rou,sex_m,age_aggregate_y25_54,edu_aggregate_int,2015,61.1694
rou,sex_m,age_aggregate_y25_54,edu_aggregate_int,2016,61.9223
rou,sex_m,age_aggregate_y25_54,edu_aggregate_int,2017,62.7909
rou,sex_m,age_aggregate_y25_54,edu_aggregate_int,2018,63.116
rou,sex_m,age_aggregate_y25_54,edu_aggregate_int,2019,62.6295
rou,sex_m,age_aggregate_y25_54,edu_aggregate_ltb,2001,0.5352
rou,sex_m,age_aggregate_y25_54,edu_aggregate_ltb,2002,0.3627
rou,sex_m,age_aggregate_y25_54,edu_aggregate_ltb,2003,0.342
rou,sex_m,age_aggregate_y25_54,edu_aggregate_ltb,2004,0.3959
rou,sex_m,age_aggregate_y25_54,edu_aggregate_ltb,2005,0.464
rou,sex_m,age_aggregate_y25_54,edu_aggregate_ltb,2006,0.4023
rou,sex_m,age_aggregate_y25_54,edu_aggregate_ltb,2007,0.4511
rou,sex_m,age_aggregate_y25_54,edu_aggregate_ltb,2008,0.4849
rou,sex_m,age_aggregate_y25_54,edu_aggregate_ltb,2009,0.4254
rou,sex_m,age_aggregate_y25_54,edu_aggregate_ltb,2010,0.3243
rou,sex_m,age_aggregate_y25_54,edu_aggregate_ltb,2011,0.2063
rou,sex_m,age_aggregate_y25_54,edu_aggregate_ltb,2012,0.2964
rou,sex_m,age_aggregate_y25_54,edu_aggregate_ltb,2013,0.3192
rou,sex_m,age_aggregate_y25_54,edu_aggregate_ltb,2014,0.2875
rou,sex_m,age_aggregate_y25_54,edu_aggregate_ltb,2015,0.3171
rou,sex_m,age_aggregate_y25_54,edu_aggregate_ltb,2016,0.28
rou,sex_m,age_aggregate_y25_54,edu_aggregate_ltb,2017,0.314
rou,sex_m,age_aggregate_y25_54,edu_aggregate_ltb,2018,0.3994
rou,sex_m,age_aggregate_y25_54,edu_aggregate_ltb,2019,0.3297
rou,sex_m,age_aggregate_y25_54,edu_aggregate_total,1997,100
rou,sex_m,age_aggregate_y25_54,edu_aggregate_total,1998,100
rou,sex_m,age_aggregate_y25_54,edu_aggregate_total,1999,100
rou,sex_m,age_aggregate_y25_54,edu_aggregate_total,2000,100
rou,sex_m,age_aggregate_y25_54,edu_aggregate_total,2001,100
rou,sex_m,age_aggregate_y25_54,edu_aggregate_total,2002,100
rou,sex_m,age_aggregate_y25_54,edu_aggregate_total,2003,100
rou,sex_m,age_aggregate_y25_54,edu_aggregate_total,2004,100
rou,sex_m,age_aggregate_y25_54,edu_aggregate_total,2005,100
rou,sex_m,age_aggregate_y25_54,edu_aggregate_total,2006,100
rou,sex_m,age_aggregate_y25_54,edu_aggregate_total,2007,100
rou,sex_m,age_aggregate_y25_54,edu_aggregate_total,2008,100
rou,sex_m,age_aggregate_y25_54,edu_aggregate_total,2009,100
rou,sex_m,age_aggregate_y25_54,edu_aggregate_total,2010,100
rou,sex_m,age_aggregate_y25_54,edu_aggregate_total,2011,100
rou,sex_m,age_aggregate_y25_54,edu_aggregate_total,2012,100
rou,sex_m,age_aggregate_y25_54,edu_aggregate_total,2013,100
rou,sex_m,age_aggregate_y25_54,edu_aggregate_total,2014,100
rou,sex_m,age_aggregate_y25_54,edu_aggregate_total,2015,100
rou,sex_m,age_aggregate_y25_54,edu_aggregate_total,2016,100
rou,sex_m,age_aggregate_y25_54,edu_aggregate_total,2017,100
rou,sex_m,age_aggregate_y25_54,edu_aggregate_total,2018,100
rou,sex_m,age_aggregate_y25_54,edu_aggregate_total,2019,100
rou,sex_m,age_aggregate_y25_54,edu_isced11_0,2014,0.2875
rou,sex_m,age_aggregate_y25_54,edu_isced11_0,2015,0.3171
rou,sex_m,age_aggregate_y25_54,edu_isced11_0,2016,0.28
rou,sex_m,age_aggregate_y25_54,edu_isced11_0,2017,0.314
rou,sex_m,age_aggregate_y25_54,edu_isced11_0,2018,0.3994
rou,sex_m,age_aggregate_y25_54,edu_isced11_0,2019,0.3297
rou,sex_m,age_aggregate_y25_54,edu_isced11_1,2014,1.5931
rou,sex_m,age_aggregate_y25_54,edu_isced11_1,2015,2.1931
rou,sex_m,age_aggregate_y25_54,edu_isced11_1,2016,2.011
rou,sex_m,age_aggregate_y25_54,edu_isced11_1,2017,1.9726
rou,sex_m,age_aggregate_y25_54,edu_isced11_1,2018,2.0048
rou,sex_m,age_aggregate_y25_54,edu_isced11_1,2019,2.1688
rou,sex_m,age_aggregate_y25_54,edu_isced11_2,2014,18.076
rou,sex_m,age_aggregate_y25_54,edu_isced11_2,2015,16.4527
rou,sex_m,age_aggregate_y25_54,edu_isced11_2,2016,15.6377
rou,sex_m,age_aggregate_y25_54,edu_isced11_2,2017,15.3383
rou,sex_m,age_aggregate_y25_54,edu_isced11_2,2018,14.7228
rou,sex_m,age_aggregate_y25_54,edu_isced11_2,2019,14.3837
rou,sex_m,age_aggregate_y25_54,edu_isced11_3,2014,59.054
rou,sex_m,age_aggregate_y25_54,edu_isced11_3,2015,58.7787
rou,sex_m,age_aggregate_y25_54,edu_isced11_3,2016,59.7083
rou,sex_m,age_aggregate_y25_54,edu_isced11_3,2017,60.4276
rou,sex_m,age_aggregate_y25_54,edu_isced11_3,2018,60.9322
rou,sex_m,age_aggregate_y25_54,edu_isced11_3,2019,60.6385
rou,sex_m,age_aggregate_y25_54,edu_isced11_4,2014,2.6647
rou,sex_m,age_aggregate_y25_54,edu_isced11_4,2015,2.3907
rou,sex_m,age_aggregate_y25_54,edu_isced11_4,2016,2.214
rou,sex_m,age_aggregate_y25_54,edu_isced11_4,2017,2.3634
rou,sex_m,age_aggregate_y25_54,edu_isced11_4,2018,2.1838
rou,sex_m,age_aggregate_y25_54,edu_isced11_4,2019,1.991
rou,sex_m,age_aggregate_y25_54,edu_isced11_5,2014,0.5718
rou,sex_m,age_aggregate_y25_54,edu_isced11_5,2015,0.422
rou,sex_m,age_aggregate_y25_54,edu_isced11_5,2016,0.3459
rou,sex_m,age_aggregate_y25_54,edu_isced11_5,2017,0.3355
rou,sex_m,age_aggregate_y25_54,edu_isced11_5,2018,0.3413
rou,sex_m,age_aggregate_y25_54,edu_isced11_5,2019,0.6263
rou,sex_m,age_aggregate_y25_54,edu_isced11_6,2014,5.0868
rou,sex_m,age_aggregate_y25_54,edu_isced11_6,2015,4.6403
rou,sex_m,age_aggregate_y25_54,edu_isced11_6,2016,4.8088
rou,sex_m,age_aggregate_y25_54,edu_isced11_6,2017,4.6495
rou,sex_m,age_aggregate_y25_54,edu_isced11_6,2018,4.9699
rou,sex_m,age_aggregate_y25_54,edu_isced11_6,2019,5.3434
rou,sex_m,age_aggregate_y25_54,edu_isced11_7,2014,12.5818
rou,sex_m,age_aggregate_y25_54,edu_isced11_7,2015,14.704
rou,sex_m,age_aggregate_y25_54,edu_isced11_7,2016,14.8477
rou,sex_m,age_aggregate_y25_54,edu_isced11_7,2017,14.4711
rou,sex_m,age_aggregate_y25_54,edu_isced11_7,2018,14.3214
rou,sex_m,age_aggregate_y25_54,edu_isced11_7,2019,14.4203
rou,sex_m,age_aggregate_y25_54,edu_isced11_8,2015,0.1013
rou,sex_m,age_aggregate_y25_54,edu_isced11_8,2016,0.1466
rou,sex_m,age_aggregate_y25_54,edu_isced11_8,2017,0.128
rou,sex_m,age_aggregate_y25_54,edu_isced11_total,2014,100
rou,sex_m,age_aggregate_y25_54,edu_isced11_total,2015,100
rou,sex_m,age_aggregate_y25_54,edu_isced11_total,2016,100
rou,sex_m,age_aggregate_y25_54,edu_isced11_total,2017,100
rou,sex_m,age_aggregate_y25_54,edu_isced11_total,2018,100
rou,sex_m,age_aggregate_y25_54,edu_isced11_total,2019,100
rou,sex_m,age_aggregate_y25_54,edu_isced97_0,2001,0.5352
rou,sex_m,age_aggregate_y25_54,edu_isced97_0,2002,0.3627
rou,sex_m,age_aggregate_y25_54,edu_isced97_0,2003,0.342
rou,sex_m,age_aggregate_y25_54,edu_isced97_0,2004,0.3959
rou,sex_m,age_aggregate_y25_54,edu_isced97_0,2005,0.464
rou,sex_m,age_aggregate_y25_54,edu_isced97_0,2006,0.4023
rou,sex_m,age_aggregate_y25_54,edu_isced97_0,2007,0.4511
rou,sex_m,age_aggregate_y25_54,edu_isced97_0,2008,0.4849
rou,sex_m,age_aggregate_y25_54,edu_isced97_0,2009,0.4254
rou,sex_m,age_aggregate_y25_54,edu_isced97_0,2010,0.3243
rou,sex_m,age_aggregate_y25_54,edu_isced97_0,2011,0.2063
rou,sex_m,age_aggregate_y25_54,edu_isced97_0,2012,0.2964
rou,sex_m,age_aggregate_y25_54,edu_isced97_0,2013,0.3192
rou,sex_m,age_aggregate_y25_54,edu_isced97_1,1998,3.9232
rou,sex_m,age_aggregate_y25_54,edu_isced97_1,1999,3.6669
rou,sex_m,age_aggregate_y25_54,edu_isced97_1,2000,3.6964
rou,sex_m,age_aggregate_y25_54,edu_isced97_1,2001,2.6722
rou,sex_m,age_aggregate_y25_54,edu_isced97_1,2002,2.1786
rou,sex_m,age_aggregate_y25_54,edu_isced97_1,2003,2.147
rou,sex_m,age_aggregate_y25_54,edu_isced97_1,2004,2.3367
rou,sex_m,age_aggregate_y25_54,edu_isced97_1,2005,2.1445
rou,sex_m,age_aggregate_y25_54,edu_isced97_1,2006,2.0049
rou,sex_m,age_aggregate_y25_54,edu_isced97_1,2007,1.7945
rou,sex_m,age_aggregate_y25_54,edu_isced97_1,2008,1.9355
rou,sex_m,age_aggregate_y25_54,edu_isced97_1,2009,2.1265
rou,sex_m,age_aggregate_y25_54,edu_isced97_1,2010,2.0145
rou,sex_m,age_aggregate_y25_54,edu_isced97_1,2011,1.6291
rou,sex_m,age_aggregate_y25_54,edu_isced97_1,2012,1.5698
rou,sex_m,age_aggregate_y25_54,edu_isced97_1,2013,1.653
rou,sex_m,age_aggregate_y25_54,edu_isced97_2,1998,13.2056
rou,sex_m,age_aggregate_y25_54,edu_isced97_2,1999,13.0049
rou,sex_m,age_aggregate_y25_54,edu_isced97_2,2000,13.106
rou,sex_m,age_aggregate_y25_54,edu_isced97_2,2001,12.8196
rou,sex_m,age_aggregate_y25_54,edu_isced97_2,2002,12.9896
rou,sex_m,age_aggregate_y25_54,edu_isced97_2,2003,13.9539
rou,sex_m,age_aggregate_y25_54,edu_isced97_2,2004,13.1877
rou,sex_m,age_aggregate_y25_54,edu_isced97_2,2005,12.9327
rou,sex_m,age_aggregate_y25_54,edu_isced97_2,2006,12.9731
rou,sex_m,age_aggregate_y25_54,edu_isced97_2,2007,12.8668
rou,sex_m,age_aggregate_y25_54,edu_isced97_2,2008,12.8139
rou,sex_m,age_aggregate_y25_54,edu_isced97_2,2009,13.973
rou,sex_m,age_aggregate_y25_54,edu_isced97_2,2010,15.1053
rou,sex_m,age_aggregate_y25_54,edu_isced97_2,2011,13.9972
rou,sex_m,age_aggregate_y25_54,edu_isced97_2,2012,13.9728
rou,sex_m,age_aggregate_y25_54,edu_isced97_2,2013,14.4954
rou,sex_m,age_aggregate_y25_54,edu_isced97_3,1998,71.9068
rou,sex_m,age_aggregate_y25_54,edu_isced97_3,1999,72.2977
rou,sex_m,age_aggregate_y25_54,edu_isced97_3,2000,71.8192
rou,sex_m,age_aggregate_y25_54,edu_isced97_3,2001,71.9292
rou,sex_m,age_aggregate_y25_54,edu_isced97_3,2002,66.704
rou,sex_m,age_aggregate_y25_54,edu_isced97_3,2003,67.4128
rou,sex_m,age_aggregate_y25_54,edu_isced97_3,2004,66.3771
rou,sex_m,age_aggregate_y25_54,edu_isced97_3,2005,66.2724
rou,sex_m,age_aggregate_y25_54,edu_isced97_3,2006,65.7263
rou,sex_m,age_aggregate_y25_54,edu_isced97_3,2007,66.0511
rou,sex_m,age_aggregate_y25_54,edu_isced97_3,2008,65.3768
rou,sex_m,age_aggregate_y25_54,edu_isced97_3,2009,64.1105
rou,sex_m,age_aggregate_y25_54,edu_isced97_3,2010,62.9073
rou,sex_m,age_aggregate_y25_54,edu_isced97_3,2011,63.1651
rou,sex_m,age_aggregate_y25_54,edu_isced97_3,2012,63.0993
rou,sex_m,age_aggregate_y25_54,edu_isced97_3,2013,62.5576
rou,sex_m,age_aggregate_y25_54,edu_isced97_4,2002,5.4591
rou,sex_m,age_aggregate_y25_54,edu_isced97_4,2003,4.5769
rou,sex_m,age_aggregate_y25_54,edu_isced97_4,2004,4.7965
rou,sex_m,age_aggregate_y25_54,edu_isced97_4,2005,4.8139
rou,sex_m,age_aggregate_y25_54,edu_isced97_4,2006,4.7989
rou,sex_m,age_aggregate_y25_54,edu_isced97_4,2007,4.2808
rou,sex_m,age_aggregate_y25_54,edu_isced97_4,2008,4.0575
rou,sex_m,age_aggregate_y25_54,edu_isced97_4,2009,3.8811
rou,sex_m,age_aggregate_y25_54,edu_isced97_4,2010,3.635
rou,sex_m,age_aggregate_y25_54,edu_isced97_4,2011,3.5997
rou,sex_m,age_aggregate_y25_54,edu_isced97_4,2012,3.3434
rou,sex_m,age_aggregate_y25_54,edu_isced97_4,2013,2.9862
rou,sex_m,age_aggregate_y25_54,edu_isced97_5,1998,10.9644
rou,sex_m,age_aggregate_y25_54,edu_isced97_5,1999,11.0305
rou,sex_m,age_aggregate_y25_54,edu_isced97_5,2000,11.3784
rou,sex_m,age_aggregate_y25_54,edu_isced97_5,2001,12.0438
rou,sex_m,age_aggregate_y25_54,edu_isced97_5,2002,12.2319
rou,sex_m,age_aggregate_y25_54,edu_isced97_5,2003,11.5015
rou,sex_m,age_aggregate_y25_54,edu_isced97_5,2004,12.7982
rou,sex_m,age_aggregate_y25_54,edu_isced97_5,2005,13.227
rou,sex_m,age_aggregate_y25_54,edu_isced97_5,2006,13.9711
rou,sex_m,age_aggregate_y25_54,edu_isced97_5,2007,14.4561
rou,sex_m,age_aggregate_y25_54,edu_isced97_5,2008,15.2392
rou,sex_m,age_aggregate_y25_54,edu_isced97_5,2009,15.3841
rou,sex_m,age_aggregate_y25_54,edu_isced97_5,2010,15.927
rou,sex_m,age_aggregate_y25_54,edu_isced97_5,2011,17.3486
rou,sex_m,age_aggregate_y25_54,edu_isced97_5,2012,17.604
rou,sex_m,age_aggregate_y25_54,edu_isced97_5,2013,17.9093
rou,sex_m,age_aggregate_y25_54,edu_isced97_6,2002,0.0741
rou,sex_m,age_aggregate_y25_54,edu_isced97_6,2003,0.0659
rou,sex_m,age_aggregate_y25_54,edu_isced97_6,2004,0.108
rou,sex_m,age_aggregate_y25_54,edu_isced97_6,2006,0.1232
rou,sex_m,age_aggregate_y25_54,edu_isced97_6,2007,0.0997
rou,sex_m,age_aggregate_y25_54,edu_isced97_6,2008,0.0923
rou,sex_m,age_aggregate_y25_54,edu_isced97_6,2009,0.0994
rou,sex_m,age_aggregate_y25_54,edu_isced97_6,2011,0.054
rou,sex_m,age_aggregate_y25_54,edu_isced97_6,2012,0.1143
rou,sex_m,age_aggregate_y25_54,edu_isced97_6,2013,0.0794
rou,sex_m,age_aggregate_y25_54,edu_isced97_total,1998,100
rou,sex_m,age_aggregate_y25_54,edu_isced97_total,1999,100
rou,sex_m,age_aggregate_y25_54,edu_isced97_total,2000,100
rou,sex_m,age_aggregate_y25_54,edu_isced97_total,2001,100
rou,sex_m,age_aggregate_y25_54,edu_isced97_total,2002,100
rou,sex_m,age_aggregate_y25_54,edu_isced97_total,2003,100
rou,sex_m,age_aggregate_y25_54,edu_isced97_total,2004,100
rou,sex_m,age_aggregate_y25_54,edu_isced97_total,2005,100
rou,sex_m,age_aggregate_y25_54,edu_isced97_total,2006,100
rou,sex_m,age_aggregate_y25_54,edu_isced97_total,2007,100
rou,sex_m,age_aggregate_y25_54,edu_isced97_total,2008,100
rou,sex_m,age_aggregate_y25_54,edu_isced97_total,2009,100
rou,sex_m,age_aggregate_y25_54,edu_isced97_total,2010,100
rou,sex_m,age_aggregate_y25_54,edu_isced97_total,2011,100
rou,sex_m,age_aggregate_y25_54,edu_isced97_total,2012,100
rou,sex_m,age_aggregate_y25_54,edu_isced97_total,2013,100
rou,sex_m,age_aggregate_y55_64,edu_aggregate_adv,1997,13.8787
rou,sex_m,age_aggregate_y55_64,edu_aggregate_adv,1998,9.4594
rou,sex_m,age_aggregate_y55_64,edu_aggregate_adv,1999,9.9794
rou,sex_m,age_aggregate_y55_64,edu_aggregate_adv,2000,9.4537
rou,sex_m,age_aggregate_y55_64,edu_aggregate_adv,2001,10.2243
rou,sex_m,age_aggregate_y55_64,edu_aggregate_adv,2002,12.56
rou,sex_m,age_aggregate_y55_64,edu_aggregate_adv,2003,12.858
rou,sex_m,age_aggregate_y55_64,edu_aggregate_adv,2004,13.0006
rou,sex_m,age_aggregate_y55_64,edu_aggregate_adv,2005,13.1366
rou,sex_m,age_aggregate_y55_64,edu_aggregate_adv,2006,14.9061
rou,sex_m,age_aggregate_y55_64,edu_aggregate_adv,2007,14.6249
rou,sex_m,age_aggregate_y55_64,edu_aggregate_adv,2008,14.1207
rou,sex_m,age_aggregate_y55_64,edu_aggregate_adv,2009,13.0848
rou,sex_m,age_aggregate_y55_64,edu_aggregate_adv,2010,12.4045
rou,sex_m,age_aggregate_y55_64,edu_aggregate_adv,2011,13.8532
rou,sex_m,age_aggregate_y55_64,edu_aggregate_adv,2012,13.6875
rou,sex_m,age_aggregate_y55_64,edu_aggregate_adv,2013,13.3452
rou,sex_m,age_aggregate_y55_64,edu_aggregate_adv,2014,12.6771
rou,sex_m,age_aggregate_y55_64,edu_aggregate_adv,2015,13.6845
rou,sex_m,age_aggregate_y55_64,edu_aggregate_adv,2016,13.4211
rou,sex_m,age_aggregate_y55_64,edu_aggregate_adv,2017,12.92
rou,sex_m,age_aggregate_y55_64,edu_aggregate_adv,2018,11.8966
rou,sex_m,age_aggregate_y55_64,edu_aggregate_adv,2019,11.1662
rou,sex_m,age_aggregate_y55_64,edu_aggregate_bas,1997,68.7017
rou,sex_m,age_aggregate_y55_64,edu_aggregate_bas,1998,67.3557
rou,sex_m,age_aggregate_y55_64,edu_aggregate_bas,1999,66.9573
rou,sex_m,age_aggregate_y55_64,edu_aggregate_bas,2000,65.7828
rou,sex_m,age_aggregate_y55_64,edu_aggregate_bas,2001,61.6946
rou,sex_m,age_aggregate_y55_64,edu_aggregate_bas,2002,56.997
rou,sex_m,age_aggregate_y55_64,edu_aggregate_bas,2003,55.0748
rou,sex_m,age_aggregate_y55_64,edu_aggregate_bas,2004,46.8797
rou,sex_m,age_aggregate_y55_64,edu_aggregate_bas,2005,43.1667
rou,sex_m,age_aggregate_y55_64,edu_aggregate_bas,2006,36.6183
rou,sex_m,age_aggregate_y55_64,edu_aggregate_bas,2007,34.6145
rou,sex_m,age_aggregate_y55_64,edu_aggregate_bas,2008,33.6135
rou,sex_m,age_aggregate_y55_64,edu_aggregate_bas,2009,32.3396
rou,sex_m,age_aggregate_y55_64,edu_aggregate_bas,2010,32.2736
rou,sex_m,age_aggregate_y55_64,edu_aggregate_bas,2011,28.9404
rou,sex_m,age_aggregate_y55_64,edu_aggregate_bas,2012,27.4638
rou,sex_m,age_aggregate_y55_64,edu_aggregate_bas,2013,26.6508
rou,sex_m,age_aggregate_y55_64,edu_aggregate_bas,2014,29.5118
rou,sex_m,age_aggregate_y55_64,edu_aggregate_bas,2015,25.2555
rou,sex_m,age_aggregate_y55_64,edu_aggregate_bas,2016,21.1031
rou,sex_m,age_aggregate_y55_64,edu_aggregate_bas,2017,19.2756
rou,sex_m,age_aggregate_y55_64,edu_aggregate_bas,2018,19.1838
rou,sex_m,age_aggregate_y55_64,edu_aggregate_bas,2019,19.8356
rou,sex_m,age_aggregate_y55_64,edu_aggregate_int,1997,17.4196
rou,sex_m,age_aggregate_y55_64,edu_aggregate_int,1998,23.1849
rou,sex_m,age_aggregate_y55_64,edu_aggregate_int,1999,23.0633
rou,sex_m,age_aggregate_y55_64,edu_aggregate_int,2000,24.7635
rou,sex_m,age_aggregate_y55_64,edu_aggregate_int,2001,26.4475
rou,sex_m,age_aggregate_y55_64,edu_aggregate_int,2002,28.9087
rou,sex_m,age_aggregate_y55_64,edu_aggregate_int,2003,30.9331
rou,sex_m,age_aggregate_y55_64,edu_aggregate_int,2004,39.1333
rou,sex_m,age_aggregate_y55_64,edu_aggregate_int,2005,42.7063
rou,sex_m,age_aggregate_y55_64,edu_aggregate_int,2006,47.8276
rou,sex_m,age_aggregate_y55_64,edu_aggregate_int,2007,50.229
rou,sex_m,age_aggregate_y55_64,edu_aggregate_int,2008,51.9194
rou,sex_m,age_aggregate_y55_64,edu_aggregate_int,2009,54.055
rou,sex_m,age_aggregate_y55_64,edu_aggregate_int,2010,54.8389
rou,sex_m,age_aggregate_y55_64,edu_aggregate_int,2011,56.9482
rou,sex_m,age_aggregate_y55_64,edu_aggregate_int,2012,58.6941
rou,sex_m,age_aggregate_y55_64,edu_aggregate_int,2013,59.8181
rou,sex_m,age_aggregate_y55_64,edu_aggregate_int,2014,57.6093
rou,sex_m,age_aggregate_y55_64,edu_aggregate_int,2015,60.8319
rou,sex_m,age_aggregate_y55_64,edu_aggregate_int,2016,65.1713
rou,sex_m,age_aggregate_y55_64,edu_aggregate_int,2017,67.4693
rou,sex_m,age_aggregate_y55_64,edu_aggregate_int,2018,68.4103
rou,sex_m,age_aggregate_y55_64,edu_aggregate_int,2019,68.407
rou,sex_m,age_aggregate_y55_64,edu_aggregate_ltb,2001,1.6336
rou,sex_m,age_aggregate_y55_64,edu_aggregate_ltb,2002,1.5343
rou,sex_m,age_aggregate_y55_64,edu_aggregate_ltb,2003,1.1341
rou,sex_m,age_aggregate_y55_64,edu_aggregate_total,1997,100
rou,sex_m,age_aggregate_y55_64,edu_aggregate_total,1998,100
rou,sex_m,age_aggregate_y55_64,edu_aggregate_total,1999,100
rou,sex_m,age_aggregate_y55_64,edu_aggregate_total,2000,100
rou,sex_m,age_aggregate_y55_64,edu_aggregate_total,2001,100
rou,sex_m,age_aggregate_y55_64,edu_aggregate_total,2002,100
rou,sex_m,age_aggregate_y55_64,edu_aggregate_total,2003,100
rou,sex_m,age_aggregate_y55_64,edu_aggregate_total,2004,100
rou,sex_m,age_aggregate_y55_64,edu_aggregate_total,2005,100
rou,sex_m,age_aggregate_y55_64,edu_aggregate_total,2006,100
rou,sex_m,age_aggregate_y55_64,edu_aggregate_total,2007,100
rou,sex_m,age_aggregate_y55_64,edu_aggregate_total,2008,100
rou,sex_m,age_aggregate_y55_64,edu_aggregate_total,2009,100
rou,sex_m,age_aggregate_y55_64,edu_aggregate_total,2010,100
rou,sex_m,age_aggregate_y55_64,edu_aggregate_total,2011,100
rou,sex_m,age_aggregate_y55_64,edu_aggregate_total,2012,100
rou,sex_m,age_aggregate_y55_64,edu_aggregate_total,2013,100
rou,sex_m,age_aggregate_y55_64,edu_aggregate_total,2014,100
rou,sex_m,age_aggregate_y55_64,edu_aggregate_total,2015,100
rou,sex_m,age_aggregate_y55_64,edu_aggregate_total,2016,100
rou,sex_m,age_aggregate_y55_64,edu_aggregate_total,2017,100
rou,sex_m,age_aggregate_y55_64,edu_aggregate_total,2018,100
rou,sex_m,age_aggregate_y55_64,edu_aggregate_total,2019,100
rou,sex_m,age_aggregate_y55_64,edu_isced11_0,2015,0.2282
rou,sex_m,age_aggregate_y55_64,edu_isced11_0,2016,0.3044
rou,sex_m,age_aggregate_y55_64,edu_isced11_0,2017,0.3351
rou,sex_m,age_aggregate_y55_64,edu_isced11_1,2014,3.2112
rou,sex_m,age_aggregate_y55_64,edu_isced11_1,2015,3.4774
rou,sex_m,age_aggregate_y55_64,edu_isced11_1,2016,3.1083
rou,sex_m,age_aggregate_y55_64,edu_isced11_1,2017,2.4411
rou,sex_m,age_aggregate_y55_64,edu_isced11_1,2018,2.0201
rou,sex_m,age_aggregate_y55_64,edu_isced11_1,2019,2.1736
rou,sex_m,age_aggregate_y55_64,edu_isced11_2,2014,26.3006
rou,sex_m,age_aggregate_y55_64,edu_isced11_2,2015,21.778
rou,sex_m,age_aggregate_y55_64,edu_isced11_2,2016,17.9948
rou,sex_m,age_aggregate_y55_64,edu_isced11_2,2017,16.8345
rou,sex_m,age_aggregate_y55_64,edu_isced11_2,2018,17.1637
rou,sex_m,age_aggregate_y55_64,edu_isced11_2,2019,17.662
rou,sex_m,age_aggregate_y55_64,edu_isced11_3,2014,52.5302
rou,sex_m,age_aggregate_y55_64,edu_isced11_3,2015,57.7905
rou,sex_m,age_aggregate_y55_64,edu_isced11_3,2016,62.1896
rou,sex_m,age_aggregate_y55_64,edu_isced11_3,2017,64.7887
rou,sex_m,age_aggregate_y55_64,edu_isced11_3,2018,65.8903
rou,sex_m,age_aggregate_y55_64,edu_isced11_3,2019,66.2574
rou,sex_m,age_aggregate_y55_64,edu_isced11_4,2014,5.0791
rou,sex_m,age_aggregate_y55_64,edu_isced11_4,2015,3.0413
rou,sex_m,age_aggregate_y55_64,edu_isced11_4,2016,2.9817
rou,sex_m,age_aggregate_y55_64,edu_isced11_4,2017,2.6805
rou,sex_m,age_aggregate_y55_64,edu_isced11_4,2018,2.5201
rou,sex_m,age_aggregate_y55_64,edu_isced11_4,2019,2.1497
rou,sex_m,age_aggregate_y55_64,edu_isced11_5,2015,0.6058
rou,sex_m,age_aggregate_y55_64,edu_isced11_5,2016,0.5451
rou,sex_m,age_aggregate_y55_64,edu_isced11_5,2017,0.4661
rou,sex_m,age_aggregate_y55_64,edu_isced11_6,2014,1.715
rou,sex_m,age_aggregate_y55_64,edu_isced11_6,2015,0.7875
rou,sex_m,age_aggregate_y55_64,edu_isced11_6,2016,0.4749
rou,sex_m,age_aggregate_y55_64,edu_isced11_6,2017,0.1835
rou,sex_m,age_aggregate_y55_64,edu_isced11_7,2014,10.0463
rou,sex_m,age_aggregate_y55_64,edu_isced11_7,2015,12.1511
rou,sex_m,age_aggregate_y55_64,edu_isced11_7,2016,12.2471
rou,sex_m,age_aggregate_y55_64,edu_isced11_7,2017,12.0774
rou,sex_m,age_aggregate_y55_64,edu_isced11_7,2018,11.0667
rou,sex_m,age_aggregate_y55_64,edu_isced11_7,2019,10.1947
rou,sex_m,age_aggregate_y55_64,edu_isced11_8,2015,0.14
rou,sex_m,age_aggregate_y55_64,edu_isced11_8,2016,0.1541
rou,sex_m,age_aggregate_y55_64,edu_isced11_8,2017,0.193
rou,sex_m,age_aggregate_y55_64,edu_isced11_total,2014,100
rou,sex_m,age_aggregate_y55_64,edu_isced11_total,2015,100
rou,sex_m,age_aggregate_y55_64,edu_isced11_total,2016,100
rou,sex_m,age_aggregate_y55_64,edu_isced11_total,2017,100
rou,sex_m,age_aggregate_y55_64,edu_isced11_total,2018,100
rou,sex_m,age_aggregate_y55_64,edu_isced11_total,2019,100
rou,sex_m,age_aggregate_y55_64,edu_isced97_0,2001,1.6336
rou,sex_m,age_aggregate_y55_64,edu_isced97_0,2002,1.5343
rou,sex_m,age_aggregate_y55_64,edu_isced97_0,2003,1.1341
rou,sex_m,age_aggregate_y55_64,edu_isced97_0,2004,0.9864
rou,sex_m,age_aggregate_y55_64,edu_isced97_0,2006,0.648
rou,sex_m,age_aggregate_y55_64,edu_isced97_0,2007,0.5316
rou,sex_m,age_aggregate_y55_64,edu_isced97_0,2008,0.3464
rou,sex_m,age_aggregate_y55_64,edu_isced97_0,2009,0.5206
rou,sex_m,age_aggregate_y55_64,edu_isced97_0,2011,0.2581
rou,sex_m,age_aggregate_y55_64,edu_isced97_0,2012,0.1545
rou,sex_m,age_aggregate_y55_64,edu_isced97_0,2013,0.1858
rou,sex_m,age_aggregate_y55_64,edu_isced97_1,1998,33.8838
rou,sex_m,age_aggregate_y55_64,edu_isced97_1,1999,33.2033
rou,sex_m,age_aggregate_y55_64,edu_isced97_1,2000,29.9466
rou,sex_m,age_aggregate_y55_64,edu_isced97_1,2001,25.9692
rou,sex_m,age_aggregate_y55_64,edu_isced97_1,2002,24.5779
rou,sex_m,age_aggregate_y55_64,edu_isced97_1,2003,21.2421
rou,sex_m,age_aggregate_y55_64,edu_isced97_1,2004,16.5166
rou,sex_m,age_aggregate_y55_64,edu_isced97_1,2005,14.2346
rou,sex_m,age_aggregate_y55_64,edu_isced97_1,2006,10.9834
rou,sex_m,age_aggregate_y55_64,edu_isced97_1,2007,9.3981
rou,sex_m,age_aggregate_y55_64,edu_isced97_1,2008,7.6272
rou,sex_m,age_aggregate_y55_64,edu_isced97_1,2009,6.0855
rou,sex_m,age_aggregate_y55_64,edu_isced97_1,2010,6.0419
rou,sex_m,age_aggregate_y55_64,edu_isced97_1,2011,4.617
rou,sex_m,age_aggregate_y55_64,edu_isced97_1,2012,3.7511
rou,sex_m,age_aggregate_y55_64,edu_isced97_1,2013,3.4702
rou,sex_m,age_aggregate_y55_64,edu_isced97_2,1998,33.4719
rou,sex_m,age_aggregate_y55_64,edu_isced97_2,1999,33.754
rou,sex_m,age_aggregate_y55_64,edu_isced97_2,2000,35.8362
rou,sex_m,age_aggregate_y55_64,edu_isced97_2,2001,35.7254
rou,sex_m,age_aggregate_y55_64,edu_isced97_2,2002,32.4191
rou,sex_m,age_aggregate_y55_64,edu_isced97_2,2003,33.8327
rou,sex_m,age_aggregate_y55_64,edu_isced97_2,2004,30.3631
rou,sex_m,age_aggregate_y55_64,edu_isced97_2,2005,28.9321
rou,sex_m,age_aggregate_y55_64,edu_isced97_2,2006,25.6349
rou,sex_m,age_aggregate_y55_64,edu_isced97_2,2007,25.2163
rou,sex_m,age_aggregate_y55_64,edu_isced97_2,2008,25.9863
rou,sex_m,age_aggregate_y55_64,edu_isced97_2,2009,26.2541
rou,sex_m,age_aggregate_y55_64,edu_isced97_2,2010,26.2317
rou,sex_m,age_aggregate_y55_64,edu_isced97_2,2011,24.3235
rou,sex_m,age_aggregate_y55_64,edu_isced97_2,2012,23.7128
rou,sex_m,age_aggregate_y55_64,edu_isced97_2,2013,23.1806
rou,sex_m,age_aggregate_y55_64,edu_isced97_3,1998,23.1849
rou,sex_m,age_aggregate_y55_64,edu_isced97_3,1999,23.0633
rou,sex_m,age_aggregate_y55_64,edu_isced97_3,2000,24.7635
rou,sex_m,age_aggregate_y55_64,edu_isced97_3,2001,26.4475
rou,sex_m,age_aggregate_y55_64,edu_isced97_3,2002,24.2861
rou,sex_m,age_aggregate_y55_64,edu_isced97_3,2003,26.2103
rou,sex_m,age_aggregate_y55_64,edu_isced97_3,2004,31.5954
rou,sex_m,age_aggregate_y55_64,edu_isced97_3,2005,35.3568
rou,sex_m,age_aggregate_y55_64,edu_isced97_3,2006,39.4401
rou,sex_m,age_aggregate_y55_64,edu_isced97_3,2007,42.834
rou,sex_m,age_aggregate_y55_64,edu_isced97_3,2008,45.2134
rou,sex_m,age_aggregate_y55_64,edu_isced97_3,2009,46.9695
rou,sex_m,age_aggregate_y55_64,edu_isced97_3,2010,47.8398
rou,sex_m,age_aggregate_y55_64,edu_isced97_3,2011,51.3193
rou,sex_m,age_aggregate_y55_64,edu_isced97_3,2012,53.2155
rou,sex_m,age_aggregate_y55_64,edu_isced97_3,2013,54.2757
rou,sex_m,age_aggregate_y55_64,edu_isced97_4,2002,4.6226
rou,sex_m,age_aggregate_y55_64,edu_isced97_4,2003,4.7228
rou,sex_m,age_aggregate_y55_64,edu_isced97_4,2004,7.5379
rou,sex_m,age_aggregate_y55_64,edu_isced97_4,2005,7.3495
rou,sex_m,age_aggregate_y55_64,edu_isced97_4,2006,8.3875
rou,sex_m,age_aggregate_y55_64,edu_isced97_4,2007,7.395
rou,sex_m,age_aggregate_y55_64,edu_isced97_4,2008,6.706
rou,sex_m,age_aggregate_y55_64,edu_isced97_4,2009,7.0855
rou,sex_m,age_aggregate_y55_64,edu_isced97_4,2010,6.9991
rou,sex_m,age_aggregate_y55_64,edu_isced97_4,2011,5.629
rou,sex_m,age_aggregate_y55_64,edu_isced97_4,2012,5.4786
rou,sex_m,age_aggregate_y55_64,edu_isced97_4,2013,5.5424
rou,sex_m,age_aggregate_y55_64,edu_isced97_5,1998,9.4594
rou,sex_m,age_aggregate_y55_64,edu_isced97_5,1999,9.9794
rou,sex_m,age_aggregate_y55_64,edu_isced97_5,2000,9.4537
rou,sex_m,age_aggregate_y55_64,edu_isced97_5,2001,10.2243
rou,sex_m,age_aggregate_y55_64,edu_isced97_5,2002,12.2926
rou,sex_m,age_aggregate_y55_64,edu_isced97_5,2003,12.7309
rou,sex_m,age_aggregate_y55_64,edu_isced97_5,2004,12.6789
rou,sex_m,age_aggregate_y55_64,edu_isced97_5,2005,12.9174
rou,sex_m,age_aggregate_y55_64,edu_isced97_5,2006,14.6093
rou,sex_m,age_aggregate_y55_64,edu_isced97_5,2007,14.3698
rou,sex_m,age_aggregate_y55_64,edu_isced97_5,2008,13.9887
rou,sex_m,age_aggregate_y55_64,edu_isced97_5,2009,12.9801
rou,sex_m,age_aggregate_y55_64,edu_isced97_5,2010,12.348
rou,sex_m,age_aggregate_y55_64,edu_isced97_5,2011,13.7566
rou,sex_m,age_aggregate_y55_64,edu_isced97_5,2012,13.5571
rou,sex_m,age_aggregate_y55_64,edu_isced97_5,2013,13.1176
rou,sex_m,age_aggregate_y55_64,edu_isced97_6,2004,0.3217
rou,sex_m,age_aggregate_y55_64,edu_isced97_6,2006,0.2968
rou,sex_m,age_aggregate_y55_64,edu_isced97_6,2007,0.2551
rou,sex_m,age_aggregate_y55_64,edu_isced97_6,2008,0.1319
rou,sex_m,age_aggregate_y55_64,edu_isced97_6,2009,0.1048
rou,sex_m,age_aggregate_y55_64,edu_isced97_6,2011,0.0966
rou,sex_m,age_aggregate_y55_64,edu_isced97_6,2012,0.1303
rou,sex_m,age_aggregate_y55_64,edu_isced97_6,2013,0.2276
rou,sex_m,age_aggregate_y55_64,edu_isced97_total,1998,100
rou,sex_m,age_aggregate_y55_64,edu_isced97_total,1999,100
rou,sex_m,age_aggregate_y55_64,edu_isced97_total,2000,100
rou,sex_m,age_aggregate_y55_64,edu_isced97_total,2001,100
rou,sex_m,age_aggregate_y55_64,edu_isced97_total,2002,100
rou,sex_m,age_aggregate_y55_64,edu_isced97_total,2003,100
rou,sex_m,age_aggregate_y55_64,edu_isced97_total,2004,100
rou,sex_m,age_aggregate_y55_64,edu_isced97_total,2005,100
rou,sex_m,age_aggregate_y55_64,edu_isced97_total,2006,100
rou,sex_m,age_aggregate_y55_64,edu_isced97_total,2007,100
rou,sex_m,age_aggregate_y55_64,edu_isced97_total,2008,100
rou,sex_m,age_aggregate_y55_64,edu_isced97_total,2009,100
rou,sex_m,age_aggregate_y55_64,edu_isced97_total,2010,100
rou,sex_m,age_aggregate_y55_64,edu_isced97_total,2011,100
rou,sex_m,age_aggregate_y55_64,edu_isced97_total,2012,100
rou,sex_m,age_aggregate_y55_64,edu_isced97_total,2013,100
rou,sex_m,age_aggregate_yge65,edu_aggregate_adv,1998,1.5516
rou,sex_m,age_aggregate_yge65,edu_aggregate_adv,1999,1.7957
rou,sex_m,age_aggregate_yge65,edu_aggregate_adv,2000,1.492
rou,sex_m,age_aggregate_yge65,edu_aggregate_adv,2001,0.8992
rou,sex_m,age_aggregate_yge65,edu_aggregate_adv,2002,1.1626
rou,sex_m,age_aggregate_yge65,edu_aggregate_adv,2003,1.8439
rou,sex_m,age_aggregate_yge65,edu_aggregate_adv,2004,2.826
rou,sex_m,age_aggregate_yge65,edu_aggregate_adv,2006,4.2898
rou,sex_m,age_aggregate_yge65,edu_aggregate_adv,2007,3.7423
rou,sex_m,age_aggregate_yge65,edu_aggregate_adv,2016,4.9883
rou,sex_m,age_aggregate_yge65,edu_aggregate_adv,2017,6.3932
rou,sex_m,age_aggregate_yge65,edu_aggregate_adv,2018,6.3249
rou,sex_m,age_aggregate_yge65,edu_aggregate_adv,2019,6.4078
rou,sex_m,age_aggregate_yge65,edu_aggregate_bas,1998,91.691
rou,sex_m,age_aggregate_yge65,edu_aggregate_bas,1999,91.1159
rou,sex_m,age_aggregate_yge65,edu_aggregate_bas,2000,91.0112
rou,sex_m,age_aggregate_yge65,edu_aggregate_bas,2001,86.2545
rou,sex_m,age_aggregate_yge65,edu_aggregate_bas,2002,87.967
rou,sex_m,age_aggregate_yge65,edu_aggregate_bas,2003,86.1092
rou,sex_m,age_aggregate_yge65,edu_aggregate_bas,2004,82.0956
rou,sex_m,age_aggregate_yge65,edu_aggregate_bas,2005,81.2991
rou,sex_m,age_aggregate_yge65,edu_aggregate_bas,2006,79.2263
rou,sex_m,age_aggregate_yge65,edu_aggregate_bas,2007,78.5622
rou,sex_m,age_aggregate_yge65,edu_aggregate_bas,2008,82.8083
rou,sex_m,age_aggregate_yge65,edu_aggregate_bas,2009,82.8457
rou,sex_m,age_aggregate_yge65,edu_aggregate_bas,2010,78.4966
rou,sex_m,age_aggregate_yge65,edu_aggregate_bas,2011,78.1338
rou,sex_m,age_aggregate_yge65,edu_aggregate_bas,2012,75.86
rou,sex_m,age_aggregate_yge65,edu_aggregate_bas,2013,74.3464
rou,sex_m,age_aggregate_yge65,edu_aggregate_bas,2014,74.1263
rou,sex_m,age_aggregate_yge65,edu_aggregate_bas,2015,64.9522
rou,sex_m,age_aggregate_yge65,edu_aggregate_bas,2016,58.6689
rou,sex_m,age_aggregate_yge65,edu_aggregate_bas,2017,53.8631
rou,sex_m,age_aggregate_yge65,edu_aggregate_bas,2018,52.3526
rou,sex_m,age_aggregate_yge65,edu_aggregate_bas,2019,48.2615
rou,sex_m,age_aggregate_yge65,edu_aggregate_int,1998,6.7574
rou,sex_m,age_aggregate_yge65,edu_aggregate_int,1999,7.0884
rou,sex_m,age_aggregate_yge65,edu_aggregate_int,2000,7.4968
rou,sex_m,age_aggregate_yge65,edu_aggregate_int,2001,7.6561
rou,sex_m,age_aggregate_yge65,edu_aggregate_int,2002,5.774
rou,sex_m,age_aggregate_yge65,edu_aggregate_int,2003,8.5155
rou,sex_m,age_aggregate_yge65,edu_aggregate_int,2004,11.3916
rou,sex_m,age_aggregate_yge65,edu_aggregate_int,2005,12.4556
rou,sex_m,age_aggregate_yge65,edu_aggregate_int,2006,14.0324
rou,sex_m,age_aggregate_yge65,edu_aggregate_int,2007,15.5717
rou,sex_m,age_aggregate_yge65,edu_aggregate_int,2008,12.5237
rou,sex_m,age_aggregate_yge65,edu_aggregate_int,2009,13.3519
rou,sex_m,age_aggregate_yge65,edu_aggregate_int,2010,17.1608
rou,sex_m,age_aggregate_yge65,edu_aggregate_int,2011,17.3807
rou,sex_m,age_aggregate_yge65,edu_aggregate_int,2012,20.3621
rou,sex_m,age_aggregate_yge65,edu_aggregate_int,2013,21.1992
rou,sex_m,age_aggregate_yge65,edu_aggregate_int,2014,21.8798
rou,sex_m,age_aggregate_yge65,edu_aggregate_int,2015,30.818
rou,sex_m,age_aggregate_yge65,edu_aggregate_int,2016,35.769
rou,sex_m,age_aggregate_yge65,edu_aggregate_int,2017,39.3861
rou,sex_m,age_aggregate_yge65,edu_aggregate_int,2018,40.8986
rou,sex_m,age_aggregate_yge65,edu_aggregate_int,2019,44.9876
rou,sex_m,age_aggregate_yge65,edu_aggregate_ltb,2001,5.1902
rou,sex_m,age_aggregate_yge65,edu_aggregate_ltb,2002,5.0964
rou,sex_m,age_aggregate_yge65,edu_aggregate_ltb,2003,3.5313
rou,sex_m,age_aggregate_yge65,edu_aggregate_ltb,2004,3.6868
rou,sex_m,age_aggregate_yge65,edu_aggregate_ltb,2005,3.5735
rou,sex_m,age_aggregate_yge65,edu_aggregate_total,1998,100
rou,sex_m,age_aggregate_yge65,edu_aggregate_total,1999,100
rou,sex_m,age_aggregate_yge65,edu_aggregate_total,2000,100
rou,sex_m,age_aggregate_yge65,edu_aggregate_total,2001,100
rou,sex_m,age_aggregate_yge65,edu_aggregate_total,2002,100
rou,sex_m,age_aggregate_yge65,edu_aggregate_total,2003,100
rou,sex_m,age_aggregate_yge65,edu_aggregate_total,2004,100
rou,sex_m,age_aggregate_yge65,edu_aggregate_total,2005,100
rou,sex_m,age_aggregate_yge65,edu_aggregate_total,2006,100
rou,sex_m,age_aggregate_yge65,edu_aggregate_total,2007,100
rou,sex_m,age_aggregate_yge65,edu_aggregate_total,2008,100
rou,sex_m,age_aggregate_yge65,edu_aggregate_total,2009,100
rou,sex_m,age_aggregate_yge65,edu_aggregate_total,2010,100
rou,sex_m,age_aggregate_yge65,edu_aggregate_total,2011,100
rou,sex_m,age_aggregate_yge65,edu_aggregate_total,2012,100
rou,sex_m,age_aggregate_yge65,edu_aggregate_total,2013,100
rou,sex_m,age_aggregate_yge65,edu_aggregate_total,2014,100
rou,sex_m,age_aggregate_yge65,edu_aggregate_total,2015,100
rou,sex_m,age_aggregate_yge65,edu_aggregate_total,2016,100
rou,sex_m,age_aggregate_yge65,edu_aggregate_total,2017,100
rou,sex_m,age_aggregate_yge65,edu_aggregate_total,2018,100
rou,sex_m,age_aggregate_yge65,edu_aggregate_total,2019,100
rou,sex_m,age_aggregate_yge65,edu_isced11_0,2015,0.6106
rou,sex_m,age_aggregate_yge65,edu_isced11_0,2016,0.5739
rou,sex_m,age_aggregate_yge65,edu_isced11_0,2017,0.3576
rou,sex_m,age_aggregate_yge65,edu_isced11_1,2014,23.2346
rou,sex_m,age_aggregate_yge65,edu_isced11_1,2015,18.0699
rou,sex_m,age_aggregate_yge65,edu_isced11_1,2016,13.6705
rou,sex_m,age_aggregate_yge65,edu_isced11_1,2017,11.0028
rou,sex_m,age_aggregate_yge65,edu_isced11_1,2018,10.8929
rou,sex_m,age_aggregate_yge65,edu_isced11_1,2019,10.4769
rou,sex_m,age_aggregate_yge65,edu_isced11_2,2014,50.8917
rou,sex_m,age_aggregate_yge65,edu_isced11_2,2015,46.8823
rou,sex_m,age_aggregate_yge65,edu_isced11_2,2016,44.9984
rou,sex_m,age_aggregate_yge65,edu_isced11_2,2017,42.8602
rou,sex_m,age_aggregate_yge65,edu_isced11_2,2018,41.4597
rou,sex_m,age_aggregate_yge65,edu_isced11_2,2019,37.7845
rou,sex_m,age_aggregate_yge65,edu_isced11_3,2014,19.5471
rou,sex_m,age_aggregate_yge65,edu_isced11_3,2015,28.5272
rou,sex_m,age_aggregate_yge65,edu_isced11_3,2016,33.2089
rou,sex_m,age_aggregate_yge65,edu_isced11_3,2017,36.6384
rou,sex_m,age_aggregate_yge65,edu_isced11_3,2018,38.2649
rou,sex_m,age_aggregate_yge65,edu_isced11_3,2019,42.2393
rou,sex_m,age_aggregate_yge65,edu_isced11_4,2015,2.2908
rou,sex_m,age_aggregate_yge65,edu_isced11_4,2016,2.5601
rou,sex_m,age_aggregate_yge65,edu_isced11_4,2017,2.7477
rou,sex_m,age_aggregate_yge65,edu_isced11_5,2015,0.2268
rou,sex_m,age_aggregate_yge65,edu_isced11_5,2016,0.6289
rou,sex_m,age_aggregate_yge65,edu_isced11_5,2017,0.4518
rou,sex_m,age_aggregate_yge65,edu_isced11_7,2015,3.0573
rou,sex_m,age_aggregate_yge65,edu_isced11_7,2016,4.0269
rou,sex_m,age_aggregate_yge65,edu_isced11_7,2017,5.6666
rou,sex_m,age_aggregate_yge65,edu_isced11_7,2018,5.7334
rou,sex_m,age_aggregate_yge65,edu_isced11_7,2019,6.0048
rou,sex_m,age_aggregate_yge65,edu_isced11_8,2015,0.2269
rou,sex_m,age_aggregate_yge65,edu_isced11_8,2016,0.2601
rou,sex_m,age_aggregate_yge65,edu_isced11_8,2017,0.2748
rou,sex_m,age_aggregate_yge65,edu_isced11_total,2014,100
rou,sex_m,age_aggregate_yge65,edu_isced11_total,2015,100
rou,sex_m,age_aggregate_yge65,edu_isced11_total,2016,100
rou,sex_m,age_aggregate_yge65,edu_isced11_total,2017,100
rou,sex_m,age_aggregate_yge65,edu_isced11_total,2018,100
rou,sex_m,age_aggregate_yge65,edu_isced11_total,2019,100
rou,sex_m,age_aggregate_yge65,edu_isced97_0,2001,5.1902
rou,sex_m,age_aggregate_yge65,edu_isced97_0,2002,5.0964
rou,sex_m,age_aggregate_yge65,edu_isced97_0,2003,3.5313
rou,sex_m,age_aggregate_yge65,edu_isced97_0,2004,3.6868
rou,sex_m,age_aggregate_yge65,edu_isced97_0,2005,3.5735
rou,sex_m,age_aggregate_yge65,edu_isced97_0,2006,2.4515
rou,sex_m,age_aggregate_yge65,edu_isced97_0,2007,2.1238
rou,sex_m,age_aggregate_yge65,edu_isced97_0,2008,1.8891
rou,sex_m,age_aggregate_yge65,edu_isced97_0,2009,1.1752
rou,sex_m,age_aggregate_yge65,edu_isced97_0,2011,1.3655
rou,sex_m,age_aggregate_yge65,edu_isced97_0,2012,0.8486
rou,sex_m,age_aggregate_yge65,edu_isced97_0,2013,1.0789
rou,sex_m,age_aggregate_yge65,edu_isced97_1,1998,59.0371
rou,sex_m,age_aggregate_yge65,edu_isced97_1,1999,56.2988
rou,sex_m,age_aggregate_yge65,edu_isced97_1,2000,56.0236
rou,sex_m,age_aggregate_yge65,edu_isced97_1,2001,51.4563
rou,sex_m,age_aggregate_yge65,edu_isced97_1,2002,54.0645
rou,sex_m,age_aggregate_yge65,edu_isced97_1,2003,50.1049
rou,sex_m,age_aggregate_yge65,edu_isced97_1,2004,50.4085
rou,sex_m,age_aggregate_yge65,edu_isced97_1,2005,46.1402
rou,sex_m,age_aggregate_yge65,edu_isced97_1,2006,43.1082
rou,sex_m,age_aggregate_yge65,edu_isced97_1,2007,41.5373
rou,sex_m,age_aggregate_yge65,edu_isced97_1,2008,42.8216
rou,sex_m,age_aggregate_yge65,edu_isced97_1,2009,41.2712
rou,sex_m,age_aggregate_yge65,edu_isced97_1,2010,35.8142
rou,sex_m,age_aggregate_yge65,edu_isced97_1,2011,34.0293
rou,sex_m,age_aggregate_yge65,edu_isced97_1,2012,30.4321
rou,sex_m,age_aggregate_yge65,edu_isced97_1,2013,27.4625
rou,sex_m,age_aggregate_yge65,edu_isced97_2,1998,32.6539
rou,sex_m,age_aggregate_yge65,edu_isced97_2,1999,34.8171
rou,sex_m,age_aggregate_yge65,edu_isced97_2,2000,34.9876
rou,sex_m,age_aggregate_yge65,edu_isced97_2,2001,34.7982
rou,sex_m,age_aggregate_yge65,edu_isced97_2,2002,33.9024
rou,sex_m,age_aggregate_yge65,edu_isced97_2,2003,36.0044
rou,sex_m,age_aggregate_yge65,edu_isced97_2,2004,31.6871
rou,sex_m,age_aggregate_yge65,edu_isced97_2,2005,35.1588
rou,sex_m,age_aggregate_yge65,edu_isced97_2,2006,36.1181
rou,sex_m,age_aggregate_yge65,edu_isced97_2,2007,37.0249
rou,sex_m,age_aggregate_yge65,edu_isced97_2,2008,39.9867
rou,sex_m,age_aggregate_yge65,edu_isced97_2,2009,41.5745
rou,sex_m,age_aggregate_yge65,edu_isced97_2,2010,42.6823
rou,sex_m,age_aggregate_yge65,edu_isced97_2,2011,44.1046
rou,sex_m,age_aggregate_yge65,edu_isced97_2,2012,45.4279
rou,sex_m,age_aggregate_yge65,edu_isced97_2,2013,46.8839
rou,sex_m,age_aggregate_yge65,edu_isced97_3,1998,6.7574
rou,sex_m,age_aggregate_yge65,edu_isced97_3,1999,7.0884
rou,sex_m,age_aggregate_yge65,edu_isced97_3,2000,7.4968
rou,sex_m,age_aggregate_yge65,edu_isced97_3,2001,7.6561
rou,sex_m,age_aggregate_yge65,edu_isced97_3,2002,5.1381
rou,sex_m,age_aggregate_yge65,edu_isced97_3,2003,7.6097
rou,sex_m,age_aggregate_yge65,edu_isced97_3,2004,9.883
rou,sex_m,age_aggregate_yge65,edu_isced97_3,2005,10.9453
rou,sex_m,age_aggregate_yge65,edu_isced97_3,2006,12.1281
rou,sex_m,age_aggregate_yge65,edu_isced97_3,2007,13.3838
rou,sex_m,age_aggregate_yge65,edu_isced97_3,2008,11.5415
rou,sex_m,age_aggregate_yge65,edu_isced97_3,2009,11.831
rou,sex_m,age_aggregate_yge65,edu_isced97_3,2010,15.3485
rou,sex_m,age_aggregate_yge65,edu_isced97_3,2011,15.6079
rou,sex_m,age_aggregate_yge65,edu_isced97_3,2012,17.6896
rou,sex_m,age_aggregate_yge65,edu_isced97_3,2013,18.5524
rou,sex_m,age_aggregate_yge65,edu_isced97_4,2002,0.6359
rou,sex_m,age_aggregate_yge65,edu_isced97_4,2003,0.9058
rou,sex_m,age_aggregate_yge65,edu_isced97_4,2004,1.5085
rou,sex_m,age_aggregate_yge65,edu_isced97_4,2006,1.9043
rou,sex_m,age_aggregate_yge65,edu_isced97_4,2007,2.1879
rou,sex_m,age_aggregate_yge65,edu_isced97_4,2008,0.9822
rou,sex_m,age_aggregate_yge65,edu_isced97_4,2009,1.5209
rou,sex_m,age_aggregate_yge65,edu_isced97_4,2011,1.7728
rou,sex_m,age_aggregate_yge65,edu_isced97_4,2012,2.6726
rou,sex_m,age_aggregate_yge65,edu_isced97_4,2013,2.6468
rou,sex_m,age_aggregate_yge65,edu_isced97_5,1998,1.5516
rou,sex_m,age_aggregate_yge65,edu_isced97_5,1999,1.7957
rou,sex_m,age_aggregate_yge65,edu_isced97_5,2000,1.492
rou,sex_m,age_aggregate_yge65,edu_isced97_5,2001,0.8992
rou,sex_m,age_aggregate_yge65,edu_isced97_5,2002,0.8138
rou,sex_m,age_aggregate_yge65,edu_isced97_5,2003,1.8439
rou,sex_m,age_aggregate_yge65,edu_isced97_5,2004,2.484
rou,sex_m,age_aggregate_yge65,edu_isced97_5,2006,4.1365
rou,sex_m,age_aggregate_yge65,edu_isced97_5,2007,3.5983
rou,sex_m,age_aggregate_yge65,edu_isced97_5,2008,2.732
rou,sex_m,age_aggregate_yge65,edu_isced97_5,2009,2.3759
rou,sex_m,age_aggregate_yge65,edu_isced97_5,2011,3.1201
rou,sex_m,age_aggregate_yge65,edu_isced97_5,2012,2.8138
rou,sex_m,age_aggregate_yge65,edu_isced97_5,2013,3.255
rou,sex_m,age_aggregate_yge65,edu_isced97_6,2009,0.2513
rou,sex_m,age_aggregate_yge65,edu_isced97_total,1998,100
rou,sex_m,age_aggregate_yge65,edu_isced97_total,1999,100
rou,sex_m,age_aggregate_yge65,edu_isced97_total,2000,100
rou,sex_m,age_aggregate_yge65,edu_isced97_total,2001,100
rou,sex_m,age_aggregate_yge65,edu_isced97_total,2002,100
rou,sex_m,age_aggregate_yge65,edu_isced97_total,2003,100
rou,sex_m,age_aggregate_yge65,edu_isced97_total,2004,100
rou,sex_m,age_aggregate_yge65,edu_isced97_total,2005,100
rou,sex_m,age_aggregate_yge65,edu_isced97_total,2006,100
rou,sex_m,age_aggregate_yge65,edu_isced97_total,2007,100
rou,sex_m,age_aggregate_yge65,edu_isced97_total,2008,100
rou,sex_m,age_aggregate_yge65,edu_isced97_total,2009,100
rou,sex_m,age_aggregate_yge65,edu_isced97_total,2010,100
rou,sex_m,age_aggregate_yge65,edu_isced97_total,2011,100
rou,sex_m,age_aggregate_yge65,edu_isced97_total,2012,100
rou,sex_m,age_aggregate_yge65,edu_isced97_total,2013,100
rou,sex_m,age_ythadult_y15_24,edu_aggregate_adv,1997,2.6674
rou,sex_m,age_ythadult_y15_24,edu_aggregate_adv,1998,1.3887
rou,sex_m,age_ythadult_y15_24,edu_aggregate_adv,1999,2.2318
rou,sex_m,age_ythadult_y15_24,edu_aggregate_adv,2000,2.2507
rou,sex_m,age_ythadult_y15_24,edu_aggregate_adv,2001,1.7438
rou,sex_m,age_ythadult_y15_24,edu_aggregate_adv,2002,1.829
rou,sex_m,age_ythadult_y15_24,edu_aggregate_adv,2003,2.4524
rou,sex_m,age_ythadult_y15_24,edu_aggregate_adv,2004,3.9859
rou,sex_m,age_ythadult_y15_24,edu_aggregate_adv,2005,3.7267
rou,sex_m,age_ythadult_y15_24,edu_aggregate_adv,2006,3.1532
rou,sex_m,age_ythadult_y15_24,edu_aggregate_adv,2007,3.1187
rou,sex_m,age_ythadult_y15_24,edu_aggregate_adv,2008,3.9991
rou,sex_m,age_ythadult_y15_24,edu_aggregate_adv,2009,4.7233
rou,sex_m,age_ythadult_y15_24,edu_aggregate_adv,2010,5.7388
rou,sex_m,age_ythadult_y15_24,edu_aggregate_adv,2011,6.9004
rou,sex_m,age_ythadult_y15_24,edu_aggregate_adv,2012,6.2402
rou,sex_m,age_ythadult_y15_24,edu_aggregate_adv,2013,6.5595
rou,sex_m,age_ythadult_y15_24,edu_aggregate_adv,2014,6.8093
rou,sex_m,age_ythadult_y15_24,edu_aggregate_adv,2015,5.5258
rou,sex_m,age_ythadult_y15_24,edu_aggregate_adv,2016,3.9469
rou,sex_m,age_ythadult_y15_24,edu_aggregate_adv,2017,5.8685
rou,sex_m,age_ythadult_y15_24,edu_aggregate_adv,2018,5.2758
rou,sex_m,age_ythadult_y15_24,edu_aggregate_adv,2019,5.1028
rou,sex_m,age_ythadult_y15_24,edu_aggregate_bas,1997,33.3157
rou,sex_m,age_ythadult_y15_24,edu_aggregate_bas,1998,35.5153
rou,sex_m,age_ythadult_y15_24,edu_aggregate_bas,1999,40.8379
rou,sex_m,age_ythadult_y15_24,edu_aggregate_bas,2000,42.9668
rou,sex_m,age_ythadult_y15_24,edu_aggregate_bas,2001,39.0294
rou,sex_m,age_ythadult_y15_24,edu_aggregate_bas,2002,42.8509
rou,sex_m,age_ythadult_y15_24,edu_aggregate_bas,2003,43.1432
rou,sex_m,age_ythadult_y15_24,edu_aggregate_bas,2004,39.2015
rou,sex_m,age_ythadult_y15_24,edu_aggregate_bas,2005,38.5224
rou,sex_m,age_ythadult_y15_24,edu_aggregate_bas,2006,36.6686
rou,sex_m,age_ythadult_y15_24,edu_aggregate_bas,2007,36.7683
rou,sex_m,age_ythadult_y15_24,edu_aggregate_bas,2008,33.6348
rou,sex_m,age_ythadult_y15_24,edu_aggregate_bas,2009,34.0149
rou,sex_m,age_ythadult_y15_24,edu_aggregate_bas,2010,37.3513
rou,sex_m,age_ythadult_y15_24,edu_aggregate_bas,2011,34.1761
rou,sex_m,age_ythadult_y15_24,edu_aggregate_bas,2012,34.8675
rou,sex_m,age_ythadult_y15_24,edu_aggregate_bas,2013,34.7149
rou,sex_m,age_ythadult_y15_24,edu_aggregate_bas,2014,35.6586
rou,sex_m,age_ythadult_y15_24,edu_aggregate_bas,2015,33.929
rou,sex_m,age_ythadult_y15_24,edu_aggregate_bas,2016,35.566
rou,sex_m,age_ythadult_y15_24,edu_aggregate_bas,2017,35.8238
rou,sex_m,age_ythadult_y15_24,edu_aggregate_bas,2018,31.6576
rou,sex_m,age_ythadult_y15_24,edu_aggregate_bas,2019,28.2625
rou,sex_m,age_ythadult_y15_24,edu_aggregate_int,1997,64.0169
rou,sex_m,age_ythadult_y15_24,edu_aggregate_int,1998,63.096
rou,sex_m,age_ythadult_y15_24,edu_aggregate_int,1999,56.9303
rou,sex_m,age_ythadult_y15_24,edu_aggregate_int,2000,54.7826
rou,sex_m,age_ythadult_y15_24,edu_aggregate_int,2001,57.2603
rou,sex_m,age_ythadult_y15_24,edu_aggregate_int,2002,54.8213
rou,sex_m,age_ythadult_y15_24,edu_aggregate_int,2003,52.637
rou,sex_m,age_ythadult_y15_24,edu_aggregate_int,2004,54.6642
rou,sex_m,age_ythadult_y15_24,edu_aggregate_int,2005,56.0298
rou,sex_m,age_ythadult_y15_24,edu_aggregate_int,2006,58.6204
rou,sex_m,age_ythadult_y15_24,edu_aggregate_int,2007,58.7193
rou,sex_m,age_ythadult_y15_24,edu_aggregate_int,2008,60.5827
rou,sex_m,age_ythadult_y15_24,edu_aggregate_int,2009,60.06
rou,sex_m,age_ythadult_y15_24,edu_aggregate_int,2010,56.3256
rou,sex_m,age_ythadult_y15_24,edu_aggregate_int,2011,58.1539
rou,sex_m,age_ythadult_y15_24,edu_aggregate_int,2012,58.2879
rou,sex_m,age_ythadult_y15_24,edu_aggregate_int,2013,57.9827
rou,sex_m,age_ythadult_y15_24,edu_aggregate_int,2014,57.1355
rou,sex_m,age_ythadult_y15_24,edu_aggregate_int,2015,59.6177
rou,sex_m,age_ythadult_y15_24,edu_aggregate_int,2016,59.6409
rou,sex_m,age_ythadult_y15_24,edu_aggregate_int,2017,57.5565
rou,sex_m,age_ythadult_y15_24,edu_aggregate_int,2018,62.6152
rou,sex_m,age_ythadult_y15_24,edu_aggregate_int,2019,65.799
rou,sex_m,age_ythadult_y15_24,edu_aggregate_ltb,2001,1.9665
rou,sex_m,age_ythadult_y15_24,edu_aggregate_ltb,2002,0.4988
rou,sex_m,age_ythadult_y15_24,edu_aggregate_ltb,2003,1.7674
rou,sex_m,age_ythadult_y15_24,edu_aggregate_ltb,2004,2.1484
rou,sex_m,age_ythadult_y15_24,edu_aggregate_ltb,2005,1.7212
rou,sex_m,age_ythadult_y15_24,edu_aggregate_ltb,2006,1.5578
rou,sex_m,age_ythadult_y15_24,edu_aggregate_ltb,2008,1.7833
rou,sex_m,age_ythadult_y15_24,edu_aggregate_total,1997,100
rou,sex_m,age_ythadult_y15_24,edu_aggregate_total,1998,100
rou,sex_m,age_ythadult_y15_24,edu_aggregate_total,1999,100
rou,sex_m,age_ythadult_y15_24,edu_aggregate_total,2000,100
rou,sex_m,age_ythadult_y15_24,edu_aggregate_total,2001,100
rou,sex_m,age_ythadult_y15_24,edu_aggregate_total,2002,100
rou,sex_m,age_ythadult_y15_24,edu_aggregate_total,2003,100
rou,sex_m,age_ythadult_y15_24,edu_aggregate_total,2004,100
rou,sex_m,age_ythadult_y15_24,edu_aggregate_total,2005,100
rou,sex_m,age_ythadult_y15_24,edu_aggregate_total,2006,100
rou,sex_m,age_ythadult_y15_24,edu_aggregate_total,2007,100
rou,sex_m,age_ythadult_y15_24,edu_aggregate_total,2008,100
rou,sex_m,age_ythadult_y15_24,edu_aggregate_total,2009,100
rou,sex_m,age_ythadult_y15_24,edu_aggregate_total,2010,100
rou,sex_m,age_ythadult_y15_24,edu_aggregate_total,2011,100
rou,sex_m,age_ythadult_y15_24,edu_aggregate_total,2012,100
rou,sex_m,age_ythadult_y15_24,edu_aggregate_total,2013,100
rou,sex_m,age_ythadult_y15_24,edu_aggregate_total,2014,100
rou,sex_m,age_ythadult_y15_24,edu_aggregate_total,2015,100
rou,sex_m,age_ythadult_y15_24,edu_aggregate_total,2016,100
rou,sex_m,age_ythadult_y15_24,edu_aggregate_total,2017,100
rou,sex_m,age_ythadult_y15_24,edu_aggregate_total,2018,100
rou,sex_m,age_ythadult_y15_24,edu_aggregate_total,2019,100
rou,sex_m,age_ythadult_y15_24,edu_isced11_0,2015,0.9276
rou,sex_m,age_ythadult_y15_24,edu_isced11_0,2016,0.8461
rou,sex_m,age_ythadult_y15_24,edu_isced11_0,2017,0.7512
rou,sex_m,age_ythadult_y15_24,edu_isced11_1,2014,4.0605
rou,sex_m,age_ythadult_y15_24,edu_isced11_1,2015,4.3489
rou,sex_m,age_ythadult_y15_24,edu_isced11_1,2016,5.2672
rou,sex_m,age_ythadult_y15_24,edu_isced11_1,2017,6.0968
rou,sex_m,age_ythadult_y15_24,edu_isced11_1,2018,5.0202
rou,sex_m,age_ythadult_y15_24,edu_isced11_1,2019,3.5499
rou,sex_m,age_ythadult_y15_24,edu_isced11_2,2014,31.5982
rou,sex_m,age_ythadult_y15_24,edu_isced11_2,2015,29.5801
rou,sex_m,age_ythadult_y15_24,edu_isced11_2,2016,30.2989
rou,sex_m,age_ythadult_y15_24,edu_isced11_2,2017,29.7271
rou,sex_m,age_ythadult_y15_24,edu_isced11_2,2018,26.6374
rou,sex_m,age_ythadult_y15_24,edu_isced11_2,2019,24.7126
rou,sex_m,age_ythadult_y15_24,edu_isced11_3,2014,56.3673
rou,sex_m,age_ythadult_y15_24,edu_isced11_3,2015,59.0095
rou,sex_m,age_ythadult_y15_24,edu_isced11_3,2016,59.0273
rou,sex_m,age_ythadult_y15_24,edu_isced11_3,2017,56.8873
rou,sex_m,age_ythadult_y15_24,edu_isced11_3,2018,61.9807
rou,sex_m,age_ythadult_y15_24,edu_isced11_3,2019,64.801
rou,sex_m,age_ythadult_y15_24,edu_isced11_4,2015,0.6082
rou,sex_m,age_ythadult_y15_24,edu_isced11_4,2016,0.6136
rou,sex_m,age_ythadult_y15_24,edu_isced11_4,2017,0.6692
rou,sex_m,age_ythadult_y15_24,edu_isced11_6,2014,5.0505
rou,sex_m,age_ythadult_y15_24,edu_isced11_6,2015,4.8545
rou,sex_m,age_ythadult_y15_24,edu_isced11_6,2016,3.4885
rou,sex_m,age_ythadult_y15_24,edu_isced11_6,2017,5.5422
rou,sex_m,age_ythadult_y15_24,edu_isced11_6,2018,4.6945
rou,sex_m,age_ythadult_y15_24,edu_isced11_6,2019,4.5796
rou,sex_m,age_ythadult_y15_24,edu_isced11_7,2015,0.6606
rou,sex_m,age_ythadult_y15_24,edu_isced11_7,2016,0.4405
rou,sex_m,age_ythadult_y15_24,edu_isced11_7,2017,0.2695
rou,sex_m,age_ythadult_y15_24,edu_isced11_total,2014,100
rou,sex_m,age_ythadult_y15_24,edu_isced11_total,2015,100
rou,sex_m,age_ythadult_y15_24,edu_isced11_total,2016,100
rou,sex_m,age_ythadult_y15_24,edu_isced11_total,2017,100
rou,sex_m,age_ythadult_y15_24,edu_isced11_total,2018,100
rou,sex_m,age_ythadult_y15_24,edu_isced11_total,2019,100
rou,sex_m,age_ythadult_y15_24,edu_isced97_0,2001,1.9665
rou,sex_m,age_ythadult_y15_24,edu_isced97_0,2002,0.4988
rou,sex_m,age_ythadult_y15_24,edu_isced97_0,2003,1.7674
rou,sex_m,age_ythadult_y15_24,edu_isced97_0,2004,2.1484
rou,sex_m,age_ythadult_y15_24,edu_isced97_0,2005,1.7212
rou,sex_m,age_ythadult_y15_24,edu_isced97_0,2006,1.5578
rou,sex_m,age_ythadult_y15_24,edu_isced97_0,2007,1.3937
rou,sex_m,age_ythadult_y15_24,edu_isced97_0,2008,1.7833
rou,sex_m,age_ythadult_y15_24,edu_isced97_0,2009,1.2018
rou,sex_m,age_ythadult_y15_24,edu_isced97_0,2011,0.7696
rou,sex_m,age_ythadult_y15_24,edu_isced97_0,2012,0.6044
rou,sex_m,age_ythadult_y15_24,edu_isced97_0,2013,0.7429
rou,sex_m,age_ythadult_y15_24,edu_isced97_1,1998,6.7679
rou,sex_m,age_ythadult_y15_24,edu_isced97_1,1999,6.9656
rou,sex_m,age_ythadult_y15_24,edu_isced97_1,2000,9.0416
rou,sex_m,age_ythadult_y15_24,edu_isced97_1,2001,6.9191
rou,sex_m,age_ythadult_y15_24,edu_isced97_1,2002,7.059
rou,sex_m,age_ythadult_y15_24,edu_isced97_1,2003,6.3887
rou,sex_m,age_ythadult_y15_24,edu_isced97_1,2004,7.7854
rou,sex_m,age_ythadult_y15_24,edu_isced97_1,2005,6.2973
rou,sex_m,age_ythadult_y15_24,edu_isced97_1,2006,5.247
rou,sex_m,age_ythadult_y15_24,edu_isced97_1,2007,6.3947
rou,sex_m,age_ythadult_y15_24,edu_isced97_1,2008,5.5837
rou,sex_m,age_ythadult_y15_24,edu_isced97_1,2009,5.5975
rou,sex_m,age_ythadult_y15_24,edu_isced97_1,2010,6.1585
rou,sex_m,age_ythadult_y15_24,edu_isced97_1,2011,4.0264
rou,sex_m,age_ythadult_y15_24,edu_isced97_1,2012,3.744
rou,sex_m,age_ythadult_y15_24,edu_isced97_1,2013,3.6325
rou,sex_m,age_ythadult_y15_24,edu_isced97_2,1998,28.7474
rou,sex_m,age_ythadult_y15_24,edu_isced97_2,1999,33.8724
rou,sex_m,age_ythadult_y15_24,edu_isced97_2,2000,33.9252
rou,sex_m,age_ythadult_y15_24,edu_isced97_2,2001,32.1103
rou,sex_m,age_ythadult_y15_24,edu_isced97_2,2002,35.7919
rou,sex_m,age_ythadult_y15_24,edu_isced97_2,2003,36.7545
rou,sex_m,age_ythadult_y15_24,edu_isced97_2,2004,31.4161
rou,sex_m,age_ythadult_y15_24,edu_isced97_2,2005,32.2251
rou,sex_m,age_ythadult_y15_24,edu_isced97_2,2006,31.4216
rou,sex_m,age_ythadult_y15_24,edu_isced97_2,2007,30.3736
rou,sex_m,age_ythadult_y15_24,edu_isced97_2,2008,28.0511
rou,sex_m,age_ythadult_y15_24,edu_isced97_2,2009,28.4174
rou,sex_m,age_ythadult_y15_24,edu_isced97_2,2010,31.1928
rou,sex_m,age_ythadult_y15_24,edu_isced97_2,2011,30.1497
rou,sex_m,age_ythadult_y15_24,edu_isced97_2,2012,31.1235
rou,sex_m,age_ythadult_y15_24,edu_isced97_2,2013,31.0824
rou,sex_m,age_ythadult_y15_24,edu_isced97_3,1998,63.096
rou,sex_m,age_ythadult_y15_24,edu_isced97_3,1999,56.9303
rou,sex_m,age_ythadult_y15_24,edu_isced97_3,2000,54.7826
rou,sex_m,age_ythadult_y15_24,edu_isced97_3,2001,57.2603
rou,sex_m,age_ythadult_y15_24,edu_isced97_3,2002,53.7545
rou,sex_m,age_ythadult_y15_24,edu_isced97_3,2003,51.5369
rou,sex_m,age_ythadult_y15_24,edu_isced97_3,2004,53.0894
rou,sex_m,age_ythadult_y15_24,edu_isced97_3,2005,54.6032
rou,sex_m,age_ythadult_y15_24,edu_isced97_3,2006,57.4628
rou,sex_m,age_ythadult_y15_24,edu_isced97_3,2007,57.4871
rou,sex_m,age_ythadult_y15_24,edu_isced97_3,2008,59.542
rou,sex_m,age_ythadult_y15_24,edu_isced97_3,2009,58.6658
rou,sex_m,age_ythadult_y15_24,edu_isced97_3,2010,55.4551
rou,sex_m,age_ythadult_y15_24,edu_isced97_3,2011,56.8827
rou,sex_m,age_ythadult_y15_24,edu_isced97_3,2012,57.1081
rou,sex_m,age_ythadult_y15_24,edu_isced97_3,2013,57.0639
rou,sex_m,age_ythadult_y15_24,edu_isced97_4,2002,1.0668
rou,sex_m,age_ythadult_y15_24,edu_isced97_4,2003,1.1001
rou,sex_m,age_ythadult_y15_24,edu_isced97_4,2004,1.5748
rou,sex_m,age_ythadult_y15_24,edu_isced97_4,2005,1.4266
rou,sex_m,age_ythadult_y15_24,edu_isced97_4,2006,1.1575
rou,sex_m,age_ythadult_y15_24,edu_isced97_4,2007,1.2322
rou,sex_m,age_ythadult_y15_24,edu_isced97_4,2008,1.0408
rou,sex_m,age_ythadult_y15_24,edu_isced97_4,2009,1.3942
rou,sex_m,age_ythadult_y15_24,edu_isced97_4,2011,1.2712
rou,sex_m,age_ythadult_y15_24,edu_isced97_4,2012,1.1799
rou,sex_m,age_ythadult_y15_24,edu_isced97_4,2013,0.9187
rou,sex_m,age_ythadult_y15_24,edu_isced97_5,1998,1.3887
rou,sex_m,age_ythadult_y15_24,edu_isced97_5,1999,2.2318
rou,sex_m,age_ythadult_y15_24,edu_isced97_5,2000,2.2507
rou,sex_m,age_ythadult_y15_24,edu_isced97_5,2001,1.7438
rou,sex_m,age_ythadult_y15_24,edu_isced97_5,2002,1.829
rou,sex_m,age_ythadult_y15_24,edu_isced97_5,2003,2.4524
rou,sex_m,age_ythadult_y15_24,edu_isced97_5,2004,3.9859
rou,sex_m,age_ythadult_y15_24,edu_isced97_5,2005,3.7267
rou,sex_m,age_ythadult_y15_24,edu_isced97_5,2006,3.1532
rou,sex_m,age_ythadult_y15_24,edu_isced97_5,2007,3.1187
rou,sex_m,age_ythadult_y15_24,edu_isced97_5,2008,3.9991
rou,sex_m,age_ythadult_y15_24,edu_isced97_5,2009,4.7233
rou,sex_m,age_ythadult_y15_24,edu_isced97_5,2010,5.7388
rou,sex_m,age_ythadult_y15_24,edu_isced97_5,2011,6.9004
rou,sex_m,age_ythadult_y15_24,edu_isced97_5,2012,6.2402
rou,sex_m,age_ythadult_y15_24,edu_isced97_5,2013,6.5595
rou,sex_m,age_ythadult_y15_24,edu_isced97_total,1998,100
rou,sex_m,age_ythadult_y15_24,edu_isced97_total,1999,100
rou,sex_m,age_ythadult_y15_24,edu_isced97_total,2000,100
rou,sex_m,age_ythadult_y15_24,edu_isced97_total,2001,100
rou,sex_m,age_ythadult_y15_24,edu_isced97_total,2002,100
rou,sex_m,age_ythadult_y15_24,edu_isced97_total,2003,100
rou,sex_m,age_ythadult_y15_24,edu_isced97_total,2004,100
rou,sex_m,age_ythadult_y15_24,edu_isced97_total,2005,100
rou,sex_m,age_ythadult_y15_24,edu_isced97_total,2006,100
rou,sex_m,age_ythadult_y15_24,edu_isced97_total,2007,100
rou,sex_m,age_ythadult_y15_24,edu_isced97_total,2008,100
rou,sex_m,age_ythadult_y15_24,edu_isced97_total,2009,100
rou,sex_m,age_ythadult_y15_24,edu_isced97_total,2010,100
rou,sex_m,age_ythadult_y15_24,edu_isced97_total,2011,100
rou,sex_m,age_ythadult_y15_24,edu_isced97_total,2012,100
rou,sex_m,age_ythadult_y15_24,edu_isced97_total,2013,100
rou,sex_m,age_ythadult_y15_64,edu_aggregate_adv,1997,15.0161
rou,sex_m,age_ythadult_y15_64,edu_aggregate_adv,1998,9.4302
rou,sex_m,age_ythadult_y15_64,edu_aggregate_adv,1999,9.7429
rou,sex_m,age_ythadult_y15_64,edu_aggregate_adv,2000,10.0163
rou,sex_m,age_ythadult_y15_64,edu_aggregate_adv,2001,10.6089
rou,sex_m,age_ythadult_y15_64,edu_aggregate_adv,2002,11.1314
rou,sex_m,age_ythadult_y15_64,edu_aggregate_adv,2003,10.6909
rou,sex_m,age_ythadult_y15_64,edu_aggregate_adv,2004,11.9626
rou,sex_m,age_ythadult_y15_64,edu_aggregate_adv,2005,12.388
rou,sex_m,age_ythadult_y15_64,edu_aggregate_adv,2006,13.1638
rou,sex_m,age_ythadult_y15_64,edu_aggregate_adv,2007,13.474
rou,sex_m,age_ythadult_y15_64,edu_aggregate_adv,2008,14.1109
rou,sex_m,age_ythadult_y15_64,edu_aggregate_adv,2009,14.213
rou,sex_m,age_ythadult_y15_64,edu_aggregate_adv,2010,14.722
rou,sex_m,age_ythadult_y15_64,edu_aggregate_adv,2011,16.1347
rou,sex_m,age_ythadult_y15_64,edu_aggregate_adv,2012,16.2967
rou,sex_m,age_ythadult_y15_64,edu_aggregate_adv,2013,16.5138
rou,sex_m,age_ythadult_y15_64,edu_aggregate_adv,2014,16.7269
rou,sex_m,age_ythadult_y15_64,edu_aggregate_adv,2015,17.9966
rou,sex_m,age_ythadult_y15_64,edu_aggregate_adv,2016,18.1413
rou,sex_m,age_ythadult_y15_64,edu_aggregate_adv,2017,17.7323
rou,sex_m,age_ythadult_y15_64,edu_aggregate_adv,2018,17.6786
rou,sex_m,age_ythadult_y15_64,edu_aggregate_adv,2019,18.1346
rou,sex_m,age_ythadult_y15_64,edu_aggregate_bas,1997,27.506
rou,sex_m,age_ythadult_y15_64,edu_aggregate_bas,1998,26.2599
rou,sex_m,age_ythadult_y15_64,edu_aggregate_bas,1999,26.0989
rou,sex_m,age_ythadult_y15_64,edu_aggregate_bas,2000,25.8532
rou,sex_m,age_ythadult_y15_64,edu_aggregate_bas,2001,23.5159
rou,sex_m,age_ythadult_y15_64,edu_aggregate_bas,2002,22.1773
rou,sex_m,age_ythadult_y15_64,edu_aggregate_bas,2003,22.8228
rou,sex_m,age_ythadult_y15_64,edu_aggregate_bas,2004,20.87
rou,sex_m,age_ythadult_y15_64,edu_aggregate_bas,2005,20.2497
rou,sex_m,age_ythadult_y15_64,edu_aggregate_bas,2006,19.3693
rou,sex_m,age_ythadult_y15_64,edu_aggregate_bas,2007,19.0103
rou,sex_m,age_ythadult_y15_64,edu_aggregate_bas,2008,18.8198
rou,sex_m,age_ythadult_y15_64,edu_aggregate_bas,2009,19.7263
rou,sex_m,age_ythadult_y15_64,edu_aggregate_bas,2010,20.7472
rou,sex_m,age_ythadult_y15_64,edu_aggregate_bas,2011,18.8174
rou,sex_m,age_ythadult_y15_64,edu_aggregate_bas,2012,18.6598
rou,sex_m,age_ythadult_y15_64,edu_aggregate_bas,2013,18.9701
rou,sex_m,age_ythadult_y15_64,edu_aggregate_bas,2014,22.183
rou,sex_m,age_ythadult_y15_64,edu_aggregate_bas,2015,20.6426
rou,sex_m,age_ythadult_y15_64,edu_aggregate_bas,2016,19.3012
rou,sex_m,age_ythadult_y15_64,edu_aggregate_bas,2017,18.8037
rou,sex_m,age_ythadult_y15_64,edu_aggregate_bas,2018,18.055
rou,sex_m,age_ythadult_y15_64,edu_aggregate_bas,2019,17.7922
rou,sex_m,age_ythadult_y15_64,edu_aggregate_int,1997,57.4779
rou,sex_m,age_ythadult_y15_64,edu_aggregate_int,1998,64.3099
rou,sex_m,age_ythadult_y15_64,edu_aggregate_int,1999,64.1581
rou,sex_m,age_ythadult_y15_64,edu_aggregate_int,2000,64.1305
rou,sex_m,age_ythadult_y15_64,edu_aggregate_int,2001,65.0452
rou,sex_m,age_ythadult_y15_64,edu_aggregate_int,2002,66.2054
rou,sex_m,age_ythadult_y15_64,edu_aggregate_int,2003,65.9115
rou,sex_m,age_ythadult_y15_64,edu_aggregate_int,2004,66.5314
rou,sex_m,age_ythadult_y15_64,edu_aggregate_int,2005,66.7198
rou,sex_m,age_ythadult_y15_64,edu_aggregate_int,2006,66.93
rou,sex_m,age_ythadult_y15_64,edu_aggregate_int,2007,66.9657
rou,sex_m,age_ythadult_y15_64,edu_aggregate_int,2008,66.4781
rou,sex_m,age_ythadult_y15_64,edu_aggregate_int,2009,65.5532
rou,sex_m,age_ythadult_y15_64,edu_aggregate_int,2010,64.1648
rou,sex_m,age_ythadult_y15_64,edu_aggregate_int,2011,64.7923
rou,sex_m,age_ythadult_y15_64,edu_aggregate_int,2012,64.7443
rou,sex_m,age_ythadult_y15_64,edu_aggregate_int,2013,64.1862
rou,sex_m,age_ythadult_y15_64,edu_aggregate_int,2014,60.808
rou,sex_m,age_ythadult_y15_64,edu_aggregate_int,2015,61.0131
rou,sex_m,age_ythadult_y15_64,edu_aggregate_int,2016,62.2373
rou,sex_m,age_ythadult_y15_64,edu_aggregate_int,2017,63.1183
rou,sex_m,age_ythadult_y15_64,edu_aggregate_int,2018,63.8478
rou,sex_m,age_ythadult_y15_64,edu_aggregate_int,2019,63.6726
rou,sex_m,age_ythadult_y15_64,edu_aggregate_ltb,2001,0.83
rou,sex_m,age_ythadult_y15_64,edu_aggregate_ltb,2002,0.4859
rou,sex_m,age_ythadult_y15_64,edu_aggregate_ltb,2003,0.5747
rou,sex_m,age_ythadult_y15_64,edu_aggregate_ltb,2004,0.636
rou,sex_m,age_ythadult_y15_64,edu_aggregate_ltb,2005,0.6424
rou,sex_m,age_ythadult_y15_64,edu_aggregate_ltb,2006,0.5369
rou,sex_m,age_ythadult_y15_64,edu_aggregate_ltb,2007,0.55
rou,sex_m,age_ythadult_y15_64,edu_aggregate_ltb,2008,0.5912
rou,sex_m,age_ythadult_y15_64,edu_aggregate_ltb,2009,0.5075
rou,sex_m,age_ythadult_y15_64,edu_aggregate_ltb,2010,0.3661
rou,sex_m,age_ythadult_y15_64,edu_aggregate_ltb,2011,0.2556
rou,sex_m,age_ythadult_y15_64,edu_aggregate_ltb,2012,0.2993
rou,sex_m,age_ythadult_y15_64,edu_aggregate_ltb,2013,0.3299
rou,sex_m,age_ythadult_y15_64,edu_aggregate_ltb,2014,0.2821
rou,sex_m,age_ythadult_y15_64,edu_aggregate_ltb,2015,0.3478
rou,sex_m,age_ythadult_y15_64,edu_aggregate_ltb,2016,0.3202
rou,sex_m,age_ythadult_y15_64,edu_aggregate_ltb,2017,0.3456
rou,sex_m,age_ythadult_y15_64,edu_aggregate_ltb,2018,0.4187
rou,sex_m,age_ythadult_y15_64,edu_aggregate_ltb,2019,0.4006
rou,sex_m,age_ythadult_y15_64,edu_aggregate_total,1997,100
rou,sex_m,age_ythadult_y15_64,edu_aggregate_total,1998,100
rou,sex_m,age_ythadult_y15_64,edu_aggregate_total,1999,100
rou,sex_m,age_ythadult_y15_64,edu_aggregate_total,2000,100
rou,sex_m,age_ythadult_y15_64,edu_aggregate_total,2001,100
rou,sex_m,age_ythadult_y15_64,edu_aggregate_total,2002,100
rou,sex_m,age_ythadult_y15_64,edu_aggregate_total,2003,100
rou,sex_m,age_ythadult_y15_64,edu_aggregate_total,2004,100
rou,sex_m,age_ythadult_y15_64,edu_aggregate_total,2005,100
rou,sex_m,age_ythadult_y15_64,edu_aggregate_total,2006,100
rou,sex_m,age_ythadult_y15_64,edu_aggregate_total,2007,100
rou,sex_m,age_ythadult_y15_64,edu_aggregate_total,2008,100
rou,sex_m,age_ythadult_y15_64,edu_aggregate_total,2009,100
rou,sex_m,age_ythadult_y15_64,edu_aggregate_total,2010,100
rou,sex_m,age_ythadult_y15_64,edu_aggregate_total,2011,100
rou,sex_m,age_ythadult_y15_64,edu_aggregate_total,2012,100
rou,sex_m,age_ythadult_y15_64,edu_aggregate_total,2013,100
rou,sex_m,age_ythadult_y15_64,edu_aggregate_total,2014,100
rou,sex_m,age_ythadult_y15_64,edu_aggregate_total,2015,100
rou,sex_m,age_ythadult_y15_64,edu_aggregate_total,2016,100
rou,sex_m,age_ythadult_y15_64,edu_aggregate_total,2017,100
rou,sex_m,age_ythadult_y15_64,edu_aggregate_total,2018,100
rou,sex_m,age_ythadult_y15_64,edu_aggregate_total,2019,100
rou,sex_m,age_ythadult_y15_64,edu_isced11_0,2014,0.2821
rou,sex_m,age_ythadult_y15_64,edu_isced11_0,2015,0.3478
rou,sex_m,age_ythadult_y15_64,edu_isced11_0,2016,0.3202
rou,sex_m,age_ythadult_y15_64,edu_isced11_0,2017,0.3456
rou,sex_m,age_ythadult_y15_64,edu_isced11_0,2018,0.4187
rou,sex_m,age_ythadult_y15_64,edu_isced11_0,2019,0.4006
rou,sex_m,age_ythadult_y15_64,edu_isced11_1,2014,1.9957
rou,sex_m,age_ythadult_y15_64,edu_isced11_1,2015,2.5237
rou,sex_m,age_ythadult_y15_64,edu_isced11_1,2016,2.3782
rou,sex_m,age_ythadult_y15_64,edu_isced11_1,2017,2.3096
rou,sex_m,age_ythadult_y15_64,edu_isced11_1,2018,2.2035
rou,sex_m,age_ythadult_y15_64,edu_isced11_1,2019,2.2597
rou,sex_m,age_ythadult_y15_64,edu_isced11_2,2014,20.1873
rou,sex_m,age_ythadult_y15_64,edu_isced11_2,2015,18.1188
rou,sex_m,age_ythadult_y15_64,edu_isced11_2,2016,16.923
rou,sex_m,age_ythadult_y15_64,edu_isced11_2,2017,16.4941
rou,sex_m,age_ythadult_y15_64,edu_isced11_2,2018,15.8515
rou,sex_m,age_ythadult_y15_64,edu_isced11_2,2019,15.5325
rou,sex_m,age_ythadult_y15_64,edu_isced11_3,2014,57.9131
rou,sex_m,age_ythadult_y15_64,edu_isced11_3,2015,58.6575
rou,sex_m,age_ythadult_y15_64,edu_isced11_3,2016,60.0176
rou,sex_m,age_ythadult_y15_64,edu_isced11_3,2017,60.8204
rou,sex_m,age_ythadult_y15_64,edu_isced11_3,2018,61.7164
rou,sex_m,age_ythadult_y15_64,edu_isced11_3,2019,61.7235
rou,sex_m,age_ythadult_y15_64,edu_isced11_4,2014,2.8949
rou,sex_m,age_ythadult_y15_64,edu_isced11_4,2015,2.3556
rou,sex_m,age_ythadult_y15_64,edu_isced11_4,2016,2.2197
rou,sex_m,age_ythadult_y15_64,edu_isced11_4,2017,2.2979
rou,sex_m,age_ythadult_y15_64,edu_isced11_4,2018,2.1314
rou,sex_m,age_ythadult_y15_64,edu_isced11_4,2019,1.9491
rou,sex_m,age_ythadult_y15_64,edu_isced11_5,2014,0.5599
rou,sex_m,age_ythadult_y15_64,edu_isced11_5,2015,0.4186
rou,sex_m,age_ythadult_y15_64,edu_isced11_5,2016,0.353
rou,sex_m,age_ythadult_y15_64,edu_isced11_5,2017,0.336
rou,sex_m,age_ythadult_y15_64,edu_isced11_5,2018,0.3303
rou,sex_m,age_ythadult_y15_64,edu_isced11_5,2019,0.5817
rou,sex_m,age_ythadult_y15_64,edu_isced11_6,2014,4.587
rou,sex_m,age_ythadult_y15_64,edu_isced11_6,2015,4.1195
rou,sex_m,age_ythadult_y15_64,edu_isced11_6,2016,4.106
rou,sex_m,age_ythadult_y15_64,edu_isced11_6,2017,4.0684
rou,sex_m,age_ythadult_y15_64,edu_isced11_6,2018,4.2786
rou,sex_m,age_ythadult_y15_64,edu_isced11_6,2019,4.5626
rou,sex_m,age_ythadult_y15_64,edu_isced11_7,2014,11.489
rou,sex_m,age_ythadult_y15_64,edu_isced11_7,2015,13.3589
rou,sex_m,age_ythadult_y15_64,edu_isced11_7,2016,13.5441
rou,sex_m,age_ythadult_y15_64,edu_isced11_7,2017,13.199
rou,sex_m,age_ythadult_y15_64,edu_isced11_7,2018,12.9521
rou,sex_m,age_ythadult_y15_64,edu_isced11_7,2019,12.8988
rou,sex_m,age_ythadult_y15_64,edu_isced11_8,2015,0.0995
rou,sex_m,age_ythadult_y15_64,edu_isced11_8,2016,0.1382
rou,sex_m,age_ythadult_y15_64,edu_isced11_8,2017,0.1289
rou,sex_m,age_ythadult_y15_64,edu_isced11_total,2014,100
rou,sex_m,age_ythadult_y15_64,edu_isced11_total,2015,100
rou,sex_m,age_ythadult_y15_64,edu_isced11_total,2016,100
rou,sex_m,age_ythadult_y15_64,edu_isced11_total,2017,100
rou,sex_m,age_ythadult_y15_64,edu_isced11_total,2018,100
rou,sex_m,age_ythadult_y15_64,edu_isced11_total,2019,100
rou,sex_m,age_ythadult_y15_64,edu_isced97_0,2001,0.83
rou,sex_m,age_ythadult_y15_64,edu_isced97_0,2002,0.4859
rou,sex_m,age_ythadult_y15_64,edu_isced97_0,2003,0.5747
rou,sex_m,age_ythadult_y15_64,edu_isced97_0,2004,0.636
rou,sex_m,age_ythadult_y15_64,edu_isced97_0,2005,0.6424
rou,sex_m,age_ythadult_y15_64,edu_isced97_0,2006,0.5369
rou,sex_m,age_ythadult_y15_64,edu_isced97_0,2007,0.55
rou,sex_m,age_ythadult_y15_64,edu_isced97_0,2008,0.5912
rou,sex_m,age_ythadult_y15_64,edu_isced97_0,2009,0.5075
rou,sex_m,age_ythadult_y15_64,edu_isced97_0,2010,0.3661
rou,sex_m,age_ythadult_y15_64,edu_isced97_0,2011,0.2556
rou,sex_m,age_ythadult_y15_64,edu_isced97_0,2012,0.2993
rou,sex_m,age_ythadult_y15_64,edu_isced97_0,2013,0.3299
rou,sex_m,age_ythadult_y15_64,edu_isced97_1,1998,8.2353
rou,sex_m,age_ythadult_y15_64,edu_isced97_1,1999,7.7714
rou,sex_m,age_ythadult_y15_64,edu_isced97_1,2000,7.4688
rou,sex_m,age_ythadult_y15_64,edu_isced97_1,2001,5.8085
rou,sex_m,age_ythadult_y15_64,edu_isced97_1,2002,4.795
rou,sex_m,age_ythadult_y15_64,edu_isced97_1,2003,4.4514
rou,sex_m,age_ythadult_y15_64,edu_isced97_1,2004,4.1929
rou,sex_m,age_ythadult_y15_64,edu_isced97_1,2005,3.7794
rou,sex_m,age_ythadult_y15_64,edu_isced97_1,2006,3.2904
rou,sex_m,age_ythadult_y15_64,edu_isced97_1,2007,3.0875
rou,sex_m,age_ythadult_y15_64,edu_isced97_1,2008,2.9693
rou,sex_m,age_ythadult_y15_64,edu_isced97_1,2009,2.9295
rou,sex_m,age_ythadult_y15_64,edu_isced97_1,2010,2.8819
rou,sex_m,age_ythadult_y15_64,edu_isced97_1,2011,2.2127
rou,sex_m,age_ythadult_y15_64,edu_isced97_1,2012,2.0389
rou,sex_m,age_ythadult_y15_64,edu_isced97_1,2013,2.0542
rou,sex_m,age_ythadult_y15_64,edu_isced97_2,1998,18.0246
rou,sex_m,age_ythadult_y15_64,edu_isced97_2,1999,18.3275
rou,sex_m,age_ythadult_y15_64,edu_isced97_2,2000,18.3844
rou,sex_m,age_ythadult_y15_64,edu_isced97_2,2001,17.7074
rou,sex_m,age_ythadult_y15_64,edu_isced97_2,2002,17.3823
rou,sex_m,age_ythadult_y15_64,edu_isced97_2,2003,18.3714
rou,sex_m,age_ythadult_y15_64,edu_isced97_2,2004,16.6771
rou,sex_m,age_ythadult_y15_64,edu_isced97_2,2005,16.4704
rou,sex_m,age_ythadult_y15_64,edu_isced97_2,2006,16.0789
rou,sex_m,age_ythadult_y15_64,edu_isced97_2,2007,15.9228
rou,sex_m,age_ythadult_y15_64,edu_isced97_2,2008,15.8505
rou,sex_m,age_ythadult_y15_64,edu_isced97_2,2009,16.7969
rou,sex_m,age_ythadult_y15_64,edu_isced97_2,2010,17.8653
rou,sex_m,age_ythadult_y15_64,edu_isced97_2,2011,16.6048
rou,sex_m,age_ythadult_y15_64,edu_isced97_2,2012,16.6209
rou,sex_m,age_ythadult_y15_64,edu_isced97_2,2013,16.9159
rou,sex_m,age_ythadult_y15_64,edu_isced97_3,1998,64.3099
rou,sex_m,age_ythadult_y15_64,edu_isced97_3,1999,64.1581
rou,sex_m,age_ythadult_y15_64,edu_isced97_3,2000,64.1305
rou,sex_m,age_ythadult_y15_64,edu_isced97_3,2001,65.0452
rou,sex_m,age_ythadult_y15_64,edu_isced97_3,2002,61.3254
rou,sex_m,age_ythadult_y15_64,edu_isced97_3,2003,61.7023
rou,sex_m,age_ythadult_y15_64,edu_isced97_3,2004,61.8323
rou,sex_m,age_ythadult_y15_64,edu_isced97_3,2005,61.9871
rou,sex_m,age_ythadult_y15_64,edu_isced97_3,2006,62.0773
rou,sex_m,age_ythadult_y15_64,edu_isced97_3,2007,62.6252
rou,sex_m,age_ythadult_y15_64,edu_isced97_3,2008,62.3864
rou,sex_m,age_ythadult_y15_64,edu_isced97_3,2009,61.5017
rou,sex_m,age_ythadult_y15_64,edu_isced97_3,2010,60.2933
rou,sex_m,age_ythadult_y15_64,edu_isced97_3,2011,61.0933
rou,sex_m,age_ythadult_y15_64,edu_isced97_3,2012,61.2609
rou,sex_m,age_ythadult_y15_64,edu_isced97_3,2013,60.9781
rou,sex_m,age_ythadult_y15_64,edu_isced97_4,2002,4.88
rou,sex_m,age_ythadult_y15_64,edu_isced97_4,2003,4.2092
rou,sex_m,age_ythadult_y15_64,edu_isced97_4,2004,4.6991
rou,sex_m,age_ythadult_y15_64,edu_isced97_4,2005,4.7327
rou,sex_m,age_ythadult_y15_64,edu_isced97_4,2006,4.8527
rou,sex_m,age_ythadult_y15_64,edu_isced97_4,2007,4.3405
rou,sex_m,age_ythadult_y15_64,edu_isced97_4,2008,4.0917
rou,sex_m,age_ythadult_y15_64,edu_isced97_4,2009,4.0514
rou,sex_m,age_ythadult_y15_64,edu_isced97_4,2010,3.8714
rou,sex_m,age_ythadult_y15_64,edu_isced97_4,2011,3.699
rou,sex_m,age_ythadult_y15_64,edu_isced97_4,2012,3.4834
rou,sex_m,age_ythadult_y15_64,edu_isced97_4,2013,3.2081
rou,sex_m,age_ythadult_y15_64,edu_isced97_5,1998,9.4302
rou,sex_m,age_ythadult_y15_64,edu_isced97_5,1999,9.7429
rou,sex_m,age_ythadult_y15_64,edu_isced97_5,2000,10.0163
rou,sex_m,age_ythadult_y15_64,edu_isced97_5,2001,10.6089
rou,sex_m,age_ythadult_y15_64,edu_isced97_5,2002,11.048
rou,sex_m,age_ythadult_y15_64,edu_isced97_5,2003,10.6264
rou,sex_m,age_ythadult_y15_64,edu_isced97_5,2004,11.8469
rou,sex_m,age_ythadult_y15_64,edu_isced97_5,2005,12.2495
rou,sex_m,age_ythadult_y15_64,edu_isced97_5,2006,13.033
rou,sex_m,age_ythadult_y15_64,edu_isced97_5,2007,13.3664
rou,sex_m,age_ythadult_y15_64,edu_isced97_5,2008,14.0226
rou,sex_m,age_ythadult_y15_64,edu_isced97_5,2009,14.122
rou,sex_m,age_ythadult_y15_64,edu_isced97_5,2010,14.6462
rou,sex_m,age_ythadult_y15_64,edu_isced97_5,2011,16.079
rou,sex_m,age_ythadult_y15_64,edu_isced97_5,2012,16.1886
rou,sex_m,age_ythadult_y15_64,edu_isced97_5,2013,16.4187
rou,sex_m,age_ythadult_y15_64,edu_isced97_6,2002,0.0834
rou,sex_m,age_ythadult_y15_64,edu_isced97_6,2003,0.0646
rou,sex_m,age_ythadult_y15_64,edu_isced97_6,2004,0.1157
rou,sex_m,age_ythadult_y15_64,edu_isced97_6,2005,0.1385
rou,sex_m,age_ythadult_y15_64,edu_isced97_6,2006,0.1307
rou,sex_m,age_ythadult_y15_64,edu_isced97_6,2007,0.1077
rou,sex_m,age_ythadult_y15_64,edu_isced97_6,2008,0.0883
rou,sex_m,age_ythadult_y15_64,edu_isced97_6,2009,0.091
rou,sex_m,age_ythadult_y15_64,edu_isced97_6,2011,0.0557
rou,sex_m,age_ythadult_y15_64,edu_isced97_6,2012,0.108
rou,sex_m,age_ythadult_y15_64,edu_isced97_6,2013,0.0952
rou,sex_m,age_ythadult_y15_64,edu_isced97_total,1998,100
rou,sex_m,age_ythadult_y15_64,edu_isced97_total,1999,100
rou,sex_m,age_ythadult_y15_64,edu_isced97_total,2000,100
rou,sex_m,age_ythadult_y15_64,edu_isced97_total,2001,100
rou,sex_m,age_ythadult_y15_64,edu_isced97_total,2002,100
rou,sex_m,age_ythadult_y15_64,edu_isced97_total,2003,100
rou,sex_m,age_ythadult_y15_64,edu_isced97_total,2004,100
rou,sex_m,age_ythadult_y15_64,edu_isced97_total,2005,100
rou,sex_m,age_ythadult_y15_64,edu_isced97_total,2006,100
rou,sex_m,age_ythadult_y15_64,edu_isced97_total,2007,100
rou,sex_m,age_ythadult_y15_64,edu_isced97_total,2008,100
rou,sex_m,age_ythadult_y15_64,edu_isced97_total,2009,100
rou,sex_m,age_ythadult_y15_64,edu_isced97_total,2010,100
rou,sex_m,age_ythadult_y15_64,edu_isced97_total,2011,100
rou,sex_m,age_ythadult_y15_64,edu_isced97_total,2012,100
rou,sex_m,age_ythadult_y15_64,edu_isced97_total,2013,100
rou,sex_m,age_ythadult_yge15,edu_aggregate_adv,1997,14.2003
rou,sex_m,age_ythadult_yge15,edu_aggregate_adv,1998,8.7349
rou,sex_m,age_ythadult_yge15,edu_aggregate_adv,1999,8.9949
rou,sex_m,age_ythadult_yge15,edu_aggregate_adv,2000,9.2181
rou,sex_m,age_ythadult_yge15,edu_aggregate_adv,2001,9.7012
rou,sex_m,age_ythadult_yge15,edu_aggregate_adv,2002,10.445
rou,sex_m,age_ythadult_yge15,edu_aggregate_adv,2003,10.1769
rou,sex_m,age_ythadult_yge15,edu_aggregate_adv,2004,11.5258
rou,sex_m,age_ythadult_yge15,edu_aggregate_adv,2005,11.9599
rou,sex_m,age_ythadult_yge15,edu_aggregate_adv,2006,12.7828
rou,sex_m,age_ythadult_yge15,edu_aggregate_adv,2007,12.9912
rou,sex_m,age_ythadult_yge15,edu_aggregate_adv,2008,13.5994
rou,sex_m,age_ythadult_yge15,edu_aggregate_adv,2009,13.7337
rou,sex_m,age_ythadult_yge15,edu_aggregate_adv,2010,14.2508
rou,sex_m,age_ythadult_yge15,edu_aggregate_adv,2011,15.6418
rou,sex_m,age_ythadult_yge15,edu_aggregate_adv,2012,15.7997
rou,sex_m,age_ythadult_yge15,edu_aggregate_adv,2013,16.0474
rou,sex_m,age_ythadult_yge15,edu_aggregate_adv,2014,16.2657
rou,sex_m,age_ythadult_yge15,edu_aggregate_adv,2015,17.5692
rou,sex_m,age_ythadult_yge15,edu_aggregate_adv,2016,17.762
rou,sex_m,age_ythadult_yge15,edu_aggregate_adv,2017,17.3859
rou,sex_m,age_ythadult_yge15,edu_aggregate_adv,2018,17.3358
rou,sex_m,age_ythadult_yge15,edu_aggregate_adv,2019,17.8219
rou,sex_m,age_ythadult_yge15,edu_aggregate_bas,1997,31.7801
rou,sex_m,age_ythadult_yge15,edu_aggregate_bas,1998,32.0341
rou,sex_m,age_ythadult_yge15,edu_aggregate_bas,1999,32.2184
rou,sex_m,age_ythadult_yge15,edu_aggregate_bas,2000,31.9547
rou,sex_m,age_ythadult_yge15,edu_aggregate_bas,2001,29.381
rou,sex_m,age_ythadult_yge15,edu_aggregate_bas,2002,26.707
rou,sex_m,age_ythadult_yge15,edu_aggregate_bas,2003,26.5001
rou,sex_m,age_ythadult_yge15,edu_aggregate_bas,2004,23.7974
rou,sex_m,age_ythadult_yge15,edu_aggregate_bas,2005,22.9395
rou,sex_m,age_ythadult_yge15,edu_aggregate_bas,2006,21.9387
rou,sex_m,age_ythadult_yge15,edu_aggregate_bas,2007,21.9648
rou,sex_m,age_ythadult_yge15,edu_aggregate_bas,2008,21.7081
rou,sex_m,age_ythadult_yge15,edu_aggregate_bas,2009,22.3378
rou,sex_m,age_ythadult_yge15,edu_aggregate_bas,2010,23.018
rou,sex_m,age_ythadult_yge15,edu_aggregate_bas,2011,21.0641
rou,sex_m,age_ythadult_yge15,edu_aggregate_bas,2012,20.7861
rou,sex_m,age_ythadult_yge15,edu_aggregate_bas,2013,20.936
rou,sex_m,age_ythadult_yge15,edu_aggregate_bas,2014,23.9712
rou,sex_m,age_ythadult_yge15,edu_aggregate_bas,2015,21.9596
rou,sex_m,age_ythadult_yge15,edu_aggregate_bas,2016,20.4364
rou,sex_m,age_ythadult_yge15,edu_aggregate_bas,2017,19.8749
rou,sex_m,age_ythadult_yge15,edu_aggregate_bas,2018,19.0905
rou,sex_m,age_ythadult_yge15,edu_aggregate_bas,2019,18.6045
rou,sex_m,age_ythadult_yge15,edu_aggregate_int,1997,54.0196
rou,sex_m,age_ythadult_yge15,edu_aggregate_int,1998,59.231
rou,sex_m,age_ythadult_yge15,edu_aggregate_int,1999,58.7866
rou,sex_m,age_ythadult_yge15,edu_aggregate_int,2000,58.8272
rou,sex_m,age_ythadult_yge15,edu_aggregate_int,2001,59.6802
rou,sex_m,age_ythadult_yge15,edu_aggregate_int,2002,62.0446
rou,sex_m,age_ythadult_yge15,edu_aggregate_int,2003,62.5765
rou,sex_m,age_ythadult_yge15,edu_aggregate_int,2004,63.895
rou,sex_m,age_ythadult_yge15,edu_aggregate_int,2005,64.329
rou,sex_m,age_ythadult_yge15,edu_aggregate_int,2006,64.6594
rou,sex_m,age_ythadult_yge15,edu_aggregate_int,2007,64.416
rou,sex_m,age_ythadult_yge15,edu_aggregate_int,2008,64.0427
rou,sex_m,age_ythadult_yge15,edu_aggregate_int,2009,63.3935
rou,sex_m,age_ythadult_yge15,edu_aggregate_int,2010,62.3165
rou,sex_m,age_ythadult_yge15,edu_aggregate_int,2011,62.9965
rou,sex_m,age_ythadult_yge15,edu_aggregate_int,2012,63.0944
rou,sex_m,age_ythadult_yge15,edu_aggregate_int,2013,62.6601
rou,sex_m,age_ythadult_yge15,edu_aggregate_int,2014,59.4678
rou,sex_m,age_ythadult_yge15,edu_aggregate_int,2015,60.1156
rou,sex_m,age_ythadult_yge15,edu_aggregate_int,2016,61.4741
rou,sex_m,age_ythadult_yge15,edu_aggregate_int,2017,62.3932
rou,sex_m,age_ythadult_yge15,edu_aggregate_int,2018,63.1548
rou,sex_m,age_ythadult_yge15,edu_aggregate_int,2019,63.1745
rou,sex_m,age_ythadult_yge15,edu_aggregate_ltb,2001,1.2376
rou,sex_m,age_ythadult_yge15,edu_aggregate_ltb,2002,0.8033
rou,sex_m,age_ythadult_yge15,edu_aggregate_ltb,2003,0.7465
rou,sex_m,age_ythadult_yge15,edu_aggregate_ltb,2004,0.7819
rou,sex_m,age_ythadult_yge15,edu_aggregate_ltb,2005,0.7715
rou,sex_m,age_ythadult_yge15,edu_aggregate_ltb,2006,0.6191
rou,sex_m,age_ythadult_yge15,edu_aggregate_ltb,2007,0.628
rou,sex_m,age_ythadult_yge15,edu_aggregate_ltb,2008,0.6498
rou,sex_m,age_ythadult_yge15,edu_aggregate_ltb,2009,0.5351
rou,sex_m,age_ythadult_yge15,edu_aggregate_ltb,2010,0.4148
rou,sex_m,age_ythadult_yge15,edu_aggregate_ltb,2011,0.2976
rou,sex_m,age_ythadult_yge15,edu_aggregate_ltb,2012,0.3197
rou,sex_m,age_ythadult_yge15,edu_aggregate_ltb,2013,0.3565
rou,sex_m,age_ythadult_yge15,edu_aggregate_ltb,2014,0.2952
rou,sex_m,age_ythadult_yge15,edu_aggregate_ltb,2015,0.3556
rou,sex_m,age_ythadult_yge15,edu_aggregate_ltb,2016,0.3275
rou,sex_m,age_ythadult_yge15,edu_aggregate_ltb,2017,0.346
rou,sex_m,age_ythadult_yge15,edu_aggregate_ltb,2018,0.4188
rou,sex_m,age_ythadult_yge15,edu_aggregate_ltb,2019,0.399
rou,sex_m,age_ythadult_yge15,edu_aggregate_total,1997,100
rou,sex_m,age_ythadult_yge15,edu_aggregate_total,1998,100
rou,sex_m,age_ythadult_yge15,edu_aggregate_total,1999,100
rou,sex_m,age_ythadult_yge15,edu_aggregate_total,2000,100
rou,sex_m,age_ythadult_yge15,edu_aggregate_total,2001,100
rou,sex_m,age_ythadult_yge15,edu_aggregate_total,2002,100
rou,sex_m,age_ythadult_yge15,edu_aggregate_total,2003,100
rou,sex_m,age_ythadult_yge15,edu_aggregate_total,2004,100
rou,sex_m,age_ythadult_yge15,edu_aggregate_total,2005,100
rou,sex_m,age_ythadult_yge15,edu_aggregate_total,2006,100
rou,sex_m,age_ythadult_yge15,edu_aggregate_total,2007,100
rou,sex_m,age_ythadult_yge15,edu_aggregate_total,2008,100
rou,sex_m,age_ythadult_yge15,edu_aggregate_total,2009,100
rou,sex_m,age_ythadult_yge15,edu_aggregate_total,2010,100
rou,sex_m,age_ythadult_yge15,edu_aggregate_total,2011,100
rou,sex_m,age_ythadult_yge15,edu_aggregate_total,2012,100
rou,sex_m,age_ythadult_yge15,edu_aggregate_total,2013,100
rou,sex_m,age_ythadult_yge15,edu_aggregate_total,2014,100
rou,sex_m,age_ythadult_yge15,edu_aggregate_total,2015,100
rou,sex_m,age_ythadult_yge15,edu_aggregate_total,2016,100
rou,sex_m,age_ythadult_yge15,edu_aggregate_total,2017,100
rou,sex_m,age_ythadult_yge15,edu_aggregate_total,2018,100
rou,sex_m,age_ythadult_yge15,edu_aggregate_total,2019,100
rou,sex_m,age_ythadult_yge15,edu_isced11_0,2014,0.2952
rou,sex_m,age_ythadult_yge15,edu_isced11_0,2015,0.3556
rou,sex_m,age_ythadult_yge15,edu_isced11_0,2016,0.3275
rou,sex_m,age_ythadult_yge15,edu_isced11_0,2017,0.346
rou,sex_m,age_ythadult_yge15,edu_isced11_0,2018,0.4188
rou,sex_m,age_ythadult_yge15,edu_isced11_0,2019,0.399
rou,sex_m,age_ythadult_yge15,edu_isced11_1,2014,2.7269
rou,sex_m,age_ythadult_yge15,edu_isced11_1,2015,2.9858
rou,sex_m,age_ythadult_yge15,edu_isced11_1,2016,2.7038
rou,sex_m,age_ythadult_yge15,edu_isced11_1,2017,2.5752
rou,sex_m,age_ythadult_yge15,edu_isced11_1,2018,2.4659
rou,sex_m,age_ythadult_yge15,edu_isced11_1,2019,2.4787
rou,sex_m,age_ythadult_yge15,edu_isced11_2,2014,21.2444
rou,sex_m,age_ythadult_yge15,edu_isced11_2,2015,18.9738
rou,sex_m,age_ythadult_yge15,edu_isced11_2,2016,17.7326
rou,sex_m,age_ythadult_yge15,edu_isced11_2,2017,17.2997
rou,sex_m,age_ythadult_yge15,edu_isced11_2,2018,16.6247
rou,sex_m,age_ythadult_yge15,edu_isced11_2,2019,16.1257
rou,sex_m,age_ythadult_yge15,edu_isced11_3,2014,56.5923
rou,sex_m,age_ythadult_yge15,edu_isced11_3,2015,57.7619
rou,sex_m,age_ythadult_yge15,edu_isced11_3,2016,59.2446
rou,sex_m,age_ythadult_yge15,edu_isced11_3,2017,60.0816
rou,sex_m,age_ythadult_yge15,edu_isced11_3,2018,61.0083
rou,sex_m,age_ythadult_yge15,edu_isced11_3,2019,61.2041
rou,sex_m,age_ythadult_yge15,edu_isced11_4,2014,2.8756
rou,sex_m,age_ythadult_yge15,edu_isced11_4,2015,2.3536
rou,sex_m,age_ythadult_yge15,edu_isced11_4,2016,2.2295
rou,sex_m,age_ythadult_yge15,edu_isced11_4,2017,2.3117
rou,sex_m,age_ythadult_yge15,edu_isced11_4,2018,2.1466
rou,sex_m,age_ythadult_yge15,edu_isced11_4,2019,1.9704
rou,sex_m,age_ythadult_yge15,edu_isced11_5,2014,0.5457
rou,sex_m,age_ythadult_yge15,edu_isced11_5,2015,0.4129
rou,sex_m,age_ythadult_yge15,edu_isced11_5,2016,0.361
rou,sex_m,age_ythadult_yge15,edu_isced11_5,2017,0.3395
rou,sex_m,age_ythadult_yge15,edu_isced11_5,2018,0.3269
rou,sex_m,age_ythadult_yge15,edu_isced11_5,2019,0.5692
rou,sex_m,age_ythadult_yge15,edu_isced11_6,2014,4.4569
rou,sex_m,age_ythadult_yge15,edu_isced11_6,2015,4.0003
rou,sex_m,age_ythadult_yge15,edu_isced11_6,2016,3.9897
rou,sex_m,age_ythadult_yge15,edu_isced11_6,2017,3.9441
rou,sex_m,age_ythadult_yge15,edu_isced11_6,2018,4.1494
rou,sex_m,age_ythadult_yge15,edu_isced11_6,2019,4.4439
rou,sex_m,age_ythadult_yge15,edu_isced11_7,2014,11.1716
rou,sex_m,age_ythadult_yge15,edu_isced11_7,2015,13.0527
rou,sex_m,age_ythadult_yge15,edu_isced11_7,2016,13.2697
rou,sex_m,age_ythadult_yge15,edu_isced11_7,2017,12.9689
rou,sex_m,age_ythadult_yge15,edu_isced11_7,2018,12.7342
rou,sex_m,age_ythadult_yge15,edu_isced11_7,2019,12.715
rou,sex_m,age_ythadult_yge15,edu_isced11_8,2015,0.1033
rou,sex_m,age_ythadult_yge15,edu_isced11_8,2016,0.1417
rou,sex_m,age_ythadult_yge15,edu_isced11_8,2017,0.1334
rou,sex_m,age_ythadult_yge15,edu_isced11_total,2014,100
rou,sex_m,age_ythadult_yge15,edu_isced11_total,2015,100
rou,sex_m,age_ythadult_yge15,edu_isced11_total,2016,100
rou,sex_m,age_ythadult_yge15,edu_isced11_total,2017,100
rou,sex_m,age_ythadult_yge15,edu_isced11_total,2018,100
rou,sex_m,age_ythadult_yge15,edu_isced11_total,2019,100
rou,sex_m,age_ythadult_yge15,edu_isced97_0,2001,1.2376
rou,sex_m,age_ythadult_yge15,edu_isced97_0,2002,0.8033
rou,sex_m,age_ythadult_yge15,edu_isced97_0,2003,0.7465
rou,sex_m,age_ythadult_yge15,edu_isced97_0,2004,0.7819
rou,sex_m,age_ythadult_yge15,edu_isced97_0,2005,0.7715
rou,sex_m,age_ythadult_yge15,edu_isced97_0,2006,0.6191
rou,sex_m,age_ythadult_yge15,edu_isced97_0,2007,0.628
rou,sex_m,age_ythadult_yge15,edu_isced97_0,2008,0.6498
rou,sex_m,age_ythadult_yge15,edu_isced97_0,2009,0.5351
rou,sex_m,age_ythadult_yge15,edu_isced97_0,2010,0.4148
rou,sex_m,age_ythadult_yge15,edu_isced97_0,2011,0.2976
rou,sex_m,age_ythadult_yge15,edu_isced97_0,2012,0.3197
rou,sex_m,age_ythadult_yge15,edu_isced97_0,2013,0.3565
rou,sex_m,age_ythadult_yge15,edu_isced97_1,1998,12.7185
rou,sex_m,age_ythadult_yge15,edu_isced97_1,1999,12.3389
rou,sex_m,age_ythadult_yge15,edu_isced97_1,2000,12.0155
rou,sex_m,age_ythadult_yge15,edu_isced97_1,2001,10.0758
rou,sex_m,age_ythadult_yge15,edu_isced97_1,2002,8.1873
rou,sex_m,age_ythadult_yge15,edu_isced97_1,2003,7.1041
rou,sex_m,age_ythadult_yge15,edu_isced97_1,2004,6.4026
rou,sex_m,age_ythadult_yge15,edu_isced97_1,2005,5.6458
rou,sex_m,age_ythadult_yge15,edu_isced97_1,2006,4.9996
rou,sex_m,age_ythadult_yge15,edu_isced97_1,2007,4.9951
rou,sex_m,age_ythadult_yge15,edu_isced97_1,2008,4.7681
rou,sex_m,age_ythadult_yge15,edu_isced97_1,2009,4.5158
rou,sex_m,age_ythadult_yge15,edu_isced97_1,2010,4.1769
rou,sex_m,age_ythadult_yge15,edu_isced97_1,2011,3.4177
rou,sex_m,age_ythadult_yge15,edu_isced97_1,2012,3.0944
rou,sex_m,age_ythadult_yge15,edu_isced97_1,2013,2.9562
rou,sex_m,age_ythadult_yge15,edu_isced97_2,1998,19.3156
rou,sex_m,age_ythadult_yge15,edu_isced97_2,1999,19.8795
rou,sex_m,age_ythadult_yge15,edu_isced97_2,2000,19.9392
rou,sex_m,age_ythadult_yge15,edu_isced97_2,2001,19.3052
rou,sex_m,age_ythadult_yge15,edu_isced97_2,2002,18.5198
rou,sex_m,age_ythadult_yge15,edu_isced97_2,2003,19.396
rou,sex_m,age_ythadult_yge15,edu_isced97_2,2004,17.3948
rou,sex_m,age_ythadult_yge15,edu_isced97_2,2005,17.2937
rou,sex_m,age_ythadult_yge15,edu_isced97_2,2006,16.9391
rou,sex_m,age_ythadult_yge15,edu_isced97_2,2007,16.9697
rou,sex_m,age_ythadult_yge15,edu_isced97_2,2008,16.94
rou,sex_m,age_ythadult_yge15,edu_isced97_2,2009,17.822
rou,sex_m,age_ythadult_yge15,edu_isced97_2,2010,18.8411
rou,sex_m,age_ythadult_yge15,edu_isced97_2,2011,17.6463
rou,sex_m,age_ythadult_yge15,edu_isced97_2,2012,17.6917
rou,sex_m,age_ythadult_yge15,edu_isced97_2,2013,17.9798
rou,sex_m,age_ythadult_yge15,edu_isced97_3,1998,59.231
rou,sex_m,age_ythadult_yge15,edu_isced97_3,1999,58.7866
rou,sex_m,age_ythadult_yge15,edu_isced97_3,2000,58.8272
rou,sex_m,age_ythadult_yge15,edu_isced97_3,2001,59.6802
rou,sex_m,age_ythadult_yge15,edu_isced97_3,2002,57.4568
rou,sex_m,age_ythadult_yge15,edu_isced97_3,2003,58.5592
rou,sex_m,age_ythadult_yge15,edu_isced97_3,2004,59.3484
rou,sex_m,age_ythadult_yge15,edu_isced97_3,2005,59.7383
rou,sex_m,age_ythadult_yge15,edu_isced97_3,2006,59.9332
rou,sex_m,age_ythadult_yge15,edu_isced97_3,2007,60.1823
rou,sex_m,age_ythadult_yge15,edu_isced97_3,2008,60.0914
rou,sex_m,age_ythadult_yge15,edu_isced97_3,2009,59.4467
rou,sex_m,age_ythadult_yge15,edu_isced97_3,2010,58.526
rou,sex_m,age_ythadult_yge15,edu_isced97_3,2011,59.3705
rou,sex_m,age_ythadult_yge15,edu_isced97_3,2012,59.6412
rou,sex_m,age_ythadult_yge15,edu_isced97_3,2013,59.472
rou,sex_m,age_ythadult_yge15,edu_isced97_4,2002,4.5878
rou,sex_m,age_ythadult_yge15,edu_isced97_4,2003,4.0173
rou,sex_m,age_ythadult_yge15,edu_isced97_4,2004,4.5466
rou,sex_m,age_ythadult_yge15,edu_isced97_4,2005,4.5907
rou,sex_m,age_ythadult_yge15,edu_isced97_4,2006,4.7261
rou,sex_m,age_ythadult_yge15,edu_isced97_4,2007,4.2337
rou,sex_m,age_ythadult_yge15,edu_isced97_4,2008,3.9513
rou,sex_m,age_ythadult_yge15,edu_isced97_4,2009,3.9468
rou,sex_m,age_ythadult_yge15,edu_isced97_4,2010,3.7905
rou,sex_m,age_ythadult_yge15,edu_isced97_4,2011,3.626
rou,sex_m,age_ythadult_yge15,edu_isced97_4,2012,3.4532
rou,sex_m,age_ythadult_yge15,edu_isced97_4,2013,3.1881
rou,sex_m,age_ythadult_yge15,edu_isced97_5,1998,8.7349
rou,sex_m,age_ythadult_yge15,edu_isced97_5,1999,8.9949
rou,sex_m,age_ythadult_yge15,edu_isced97_5,2000,9.2181
rou,sex_m,age_ythadult_yge15,edu_isced97_5,2001,9.7012
rou,sex_m,age_ythadult_yge15,edu_isced97_5,2002,10.3433
rou,sex_m,age_ythadult_yge15,edu_isced97_5,2003,10.1161
rou,sex_m,age_ythadult_yge15,edu_isced97_5,2004,11.3993
rou,sex_m,age_ythadult_yge15,edu_isced97_5,2005,11.8216
rou,sex_m,age_ythadult_yge15,edu_isced97_5,2006,12.6511
rou,sex_m,age_ythadult_yge15,edu_isced97_5,2007,12.8817
rou,sex_m,age_ythadult_yge15,edu_isced97_5,2008,13.5129
rou,sex_m,age_ythadult_yge15,edu_isced97_5,2009,13.636
rou,sex_m,age_ythadult_yge15,edu_isced97_5,2010,14.1751
rou,sex_m,age_ythadult_yge15,edu_isced97_5,2011,15.5882
rou,sex_m,age_ythadult_yge15,edu_isced97_5,2012,15.6914
rou,sex_m,age_ythadult_yge15,edu_isced97_5,2013,15.9514
rou,sex_m,age_ythadult_yge15,edu_isced97_6,2002,0.1017
rou,sex_m,age_ythadult_yge15,edu_isced97_6,2003,0.0608
rou,sex_m,age_ythadult_yge15,edu_isced97_6,2004,0.1265
rou,sex_m,age_ythadult_yge15,edu_isced97_6,2005,0.1384
rou,sex_m,age_ythadult_yge15,edu_isced97_6,2006,0.1317
rou,sex_m,age_ythadult_yge15,edu_isced97_6,2007,0.1095
rou,sex_m,age_ythadult_yge15,edu_isced97_6,2008,0.0864
rou,sex_m,age_ythadult_yge15,edu_isced97_6,2009,0.0977
rou,sex_m,age_ythadult_yge15,edu_isced97_6,2011,0.0536
rou,sex_m,age_ythadult_yge15,edu_isced97_6,2012,0.1083
rou,sex_m,age_ythadult_yge15,edu_isced97_6,2013,0.0961
rou,sex_m,age_ythadult_yge15,edu_isced97_total,1998,100
rou,sex_m,age_ythadult_yge15,edu_isced97_total,1999,100
rou,sex_m,age_ythadult_yge15,edu_isced97_total,2000,100
rou,sex_m,age_ythadult_yge15,edu_isced97_total,2001,100
rou,sex_m,age_ythadult_yge15,edu_isced97_total,2002,100
rou,sex_m,age_ythadult_yge15,edu_isced97_total,2003,100
rou,sex_m,age_ythadult_yge15,edu_isced97_total,2004,100
rou,sex_m,age_ythadult_yge15,edu_isced97_total,2005,100
rou,sex_m,age_ythadult_yge15,edu_isced97_total,2006,100
rou,sex_m,age_ythadult_yge15,edu_isced97_total,2007,100
rou,sex_m,age_ythadult_yge15,edu_isced97_total,2008,100
rou,sex_m,age_ythadult_yge15,edu_isced97_total,2009,100
rou,sex_m,age_ythadult_yge15,edu_isced97_total,2010,100
rou,sex_m,age_ythadult_yge15,edu_isced97_total,2011,100
rou,sex_m,age_ythadult_yge15,edu_isced97_total,2012,100
rou,sex_m,age_ythadult_yge15,edu_isced97_total,2013,100
rou,sex_m,age_ythadult_yge25,edu_aggregate_adv,1997,15.9094
rou,sex_m,age_ythadult_yge25,edu_aggregate_adv,1998,9.807
rou,sex_m,age_ythadult_yge25,edu_aggregate_adv,1999,9.9094
rou,sex_m,age_ythadult_yge25,edu_aggregate_adv,2000,10.1024
rou,sex_m,age_ythadult_yge25,edu_aggregate_adv,2001,10.6668
rou,sex_m,age_ythadult_yge25,edu_aggregate_adv,2002,11.4717
rou,sex_m,age_ythadult_yge25,edu_aggregate_adv,2003,11.0678
rou,sex_m,age_ythadult_yge25,edu_aggregate_adv,2004,12.3787
rou,sex_m,age_ythadult_yge25,edu_aggregate_adv,2005,12.8263
rou,sex_m,age_ythadult_yge25,edu_aggregate_adv,2006,13.7257
rou,sex_m,age_ythadult_yge25,edu_aggregate_adv,2007,13.974
rou,sex_m,age_ythadult_yge25,edu_aggregate_adv,2008,14.5548
rou,sex_m,age_ythadult_yge25,edu_aggregate_adv,2009,14.5902
rou,sex_m,age_ythadult_yge25,edu_aggregate_adv,2010,14.9441
rou,sex_m,age_ythadult_yge25,edu_aggregate_adv,2011,16.3224
rou,sex_m,age_ythadult_yge25,edu_aggregate_adv,2012,16.537
rou,sex_m,age_ythadult_yge25,edu_aggregate_adv,2013,16.7405
rou,sex_m,age_ythadult_yge25,edu_aggregate_adv,2014,16.9136
rou,sex_m,age_ythadult_yge25,edu_aggregate_adv,2015,18.4535
rou,sex_m,age_ythadult_yge25,edu_aggregate_adv,2016,18.6894
rou,sex_m,age_ythadult_yge25,edu_aggregate_adv,2017,18.166
rou,sex_m,age_ythadult_yge25,edu_aggregate_adv,2018,18.1492
rou,sex_m,age_ythadult_yge25,edu_aggregate_adv,2019,18.6851
rou,sex_m,age_ythadult_yge25,edu_aggregate_bas,1997,31.5526
rou,sex_m,age_ythadult_yge25,edu_aggregate_bas,1998,31.526
rou,sex_m,age_ythadult_yge25,edu_aggregate_bas,1999,31.0529
rou,sex_m,age_ythadult_yge25,edu_aggregate_bas,2000,30.557
rou,sex_m,age_ythadult_yge25,edu_aggregate_bas,2001,28.2103
rou,sex_m,age_ythadult_yge25,edu_aggregate_bas,2002,24.7834
rou,sex_m,age_ythadult_yge25,edu_aggregate_bas,2003,24.5805
rou,sex_m,age_ythadult_yge25,edu_aggregate_bas,2004,22.0548
rou,sex_m,age_ythadult_yge25,edu_aggregate_bas,2005,21.2998
rou,sex_m,age_ythadult_yge25,edu_aggregate_bas,2006,20.4965
rou,sex_m,age_ythadult_yge25,edu_aggregate_bas,2007,20.4912
rou,sex_m,age_ythadult_yge25,edu_aggregate_bas,2008,20.5212
rou,sex_m,age_ythadult_yge25,edu_aggregate_bas,2009,21.2277
rou,sex_m,age_ythadult_yge25,edu_aggregate_bas,2010,21.8506
rou,sex_m,age_ythadult_yge25,edu_aggregate_bas,2011,20.0432
rou,sex_m,age_ythadult_yge25,edu_aggregate_bas,2012,19.7001
rou,sex_m,age_ythadult_yge25,edu_aggregate_bas,2013,19.9294
rou,sex_m,age_ythadult_yge25,edu_aggregate_bas,2014,23.1705
rou,sex_m,age_ythadult_yge25,edu_aggregate_bas,2015,21.0808
rou,sex_m,age_ythadult_yge25,edu_aggregate_bas,2016,19.4208
rou,sex_m,age_ythadult_yge25,edu_aggregate_bas,2017,18.7946
rou,sex_m,age_ythadult_yge25,edu_aggregate_bas,2018,18.2429
rou,sex_m,age_ythadult_yge25,edu_aggregate_bas,2019,17.9491
rou,sex_m,age_ythadult_yge25,edu_aggregate_int,1997,52.5381
rou,sex_m,age_ythadult_yge25,edu_aggregate_int,1998,58.667
rou,sex_m,age_ythadult_yge25,edu_aggregate_int,1999,59.0377
rou,sex_m,age_ythadult_yge25,edu_aggregate_int,2000,59.3406
rou,sex_m,age_ythadult_yge25,edu_aggregate_int,2001,59.9738
rou,sex_m,age_ythadult_yge25,edu_aggregate_int,2002,62.9053
rou,sex_m,age_ythadult_yge25,edu_aggregate_int,2003,63.7229
rou,sex_m,age_ythadult_yge25,edu_aggregate_int,2004,64.9392
rou,sex_m,age_ythadult_yge25,edu_aggregate_int,2005,65.2023
rou,sex_m,age_ythadult_yge25,edu_aggregate_int,2006,65.2507
rou,sex_m,age_ythadult_yge25,edu_aggregate_int,2007,64.983
rou,sex_m,age_ythadult_yge25,edu_aggregate_int,2008,64.3871
rou,sex_m,age_ythadult_yge25,edu_aggregate_int,2009,63.7103
rou,sex_m,age_ythadult_yge25,edu_aggregate_int,2010,62.8044
rou,sex_m,age_ythadult_yge25,edu_aggregate_int,2011,63.3735
rou,sex_m,age_ythadult_yge25,edu_aggregate_int,2012,63.4651
rou,sex_m,age_ythadult_yge25,edu_aggregate_int,2013,63.0018
rou,sex_m,age_ythadult_yge25,edu_aggregate_int,2014,59.6276
rou,sex_m,age_ythadult_yge25,edu_aggregate_int,2015,60.1521
rou,sex_m,age_ythadult_yge25,edu_aggregate_int,2016,61.5971
rou,sex_m,age_ythadult_yge25,edu_aggregate_int,2017,62.7209
rou,sex_m,age_ythadult_yge25,edu_aggregate_int,2018,63.1912
rou,sex_m,age_ythadult_yge25,edu_aggregate_int,2019,62.9964
rou,sex_m,age_ythadult_yge25,edu_aggregate_ltb,2001,1.1492
rou,sex_m,age_ythadult_yge25,edu_aggregate_ltb,2002,0.8396
rou,sex_m,age_ythadult_yge25,edu_aggregate_ltb,2003,0.6288
rou,sex_m,age_ythadult_yge25,edu_aggregate_ltb,2004,0.6273
rou,sex_m,age_ythadult_yge25,edu_aggregate_ltb,2005,0.6716
rou,sex_m,age_ythadult_yge25,edu_aggregate_ltb,2006,0.5272
rou,sex_m,age_ythadult_yge25,edu_aggregate_ltb,2007,0.5518
rou,sex_m,age_ythadult_yge25,edu_aggregate_ltb,2008,0.537
rou,sex_m,age_ythadult_yge25,edu_aggregate_ltb,2009,0.4717
rou,sex_m,age_ythadult_yge25,edu_aggregate_ltb,2010,0.401
rou,sex_m,age_ythadult_yge25,edu_aggregate_ltb,2011,0.2609
rou,sex_m,age_ythadult_yge25,edu_aggregate_ltb,2012,0.2978
rou,sex_m,age_ythadult_yge25,edu_aggregate_ltb,2013,0.3283
rou,sex_m,age_ythadult_yge25,edu_aggregate_ltb,2014,0.2883
rou,sex_m,age_ythadult_yge25,edu_aggregate_ltb,2015,0.3136
rou,sex_m,age_ythadult_yge25,edu_aggregate_ltb,2016,0.2927
rou,sex_m,age_ythadult_yge25,edu_aggregate_ltb,2017,0.3185
rou,sex_m,age_ythadult_yge25,edu_aggregate_ltb,2018,0.4166
rou,sex_m,age_ythadult_yge25,edu_aggregate_ltb,2019,0.3694
rou,sex_m,age_ythadult_yge25,edu_aggregate_total,1997,100
rou,sex_m,age_ythadult_yge25,edu_aggregate_total,1998,100
rou,sex_m,age_ythadult_yge25,edu_aggregate_total,1999,100
rou,sex_m,age_ythadult_yge25,edu_aggregate_total,2000,100
rou,sex_m,age_ythadult_yge25,edu_aggregate_total,2001,100
rou,sex_m,age_ythadult_yge25,edu_aggregate_total,2002,100
rou,sex_m,age_ythadult_yge25,edu_aggregate_total,2003,100
rou,sex_m,age_ythadult_yge25,edu_aggregate_total,2004,100
rou,sex_m,age_ythadult_yge25,edu_aggregate_total,2005,100
rou,sex_m,age_ythadult_yge25,edu_aggregate_total,2006,100
rou,sex_m,age_ythadult_yge25,edu_aggregate_total,2007,100
rou,sex_m,age_ythadult_yge25,edu_aggregate_total,2008,100
rou,sex_m,age_ythadult_yge25,edu_aggregate_total,2009,100
rou,sex_m,age_ythadult_yge25,edu_aggregate_total,2010,100
rou,sex_m,age_ythadult_yge25,edu_aggregate_total,2011,100
rou,sex_m,age_ythadult_yge25,edu_aggregate_total,2012,100
rou,sex_m,age_ythadult_yge25,edu_aggregate_total,2013,100
rou,sex_m,age_ythadult_yge25,edu_aggregate_total,2014,100
rou,sex_m,age_ythadult_yge25,edu_aggregate_total,2015,100
rou,sex_m,age_ythadult_yge25,edu_aggregate_total,2016,100
rou,sex_m,age_ythadult_yge25,edu_aggregate_total,2017,100
rou,sex_m,age_ythadult_yge25,edu_aggregate_total,2018,100
rou,sex_m,age_ythadult_yge25,edu_aggregate_total,2019,100
rou,sex_m,age_ythadult_yge25,edu_isced11_0,2014,0.2883
rou,sex_m,age_ythadult_yge25,edu_isced11_0,2015,0.3136
rou,sex_m,age_ythadult_yge25,edu_isced11_0,2016,0.2927
rou,sex_m,age_ythadult_yge25,edu_isced11_0,2017,0.3185
rou,sex_m,age_ythadult_yge25,edu_isced11_0,2018,0.4166
rou,sex_m,age_ythadult_yge25,edu_isced11_0,2019,0.3694
rou,sex_m,age_ythadult_yge25,edu_isced11_1,2014,2.6355
rou,sex_m,age_ythadult_yge25,edu_isced11_1,2015,2.8857
rou,sex_m,age_ythadult_yge25,edu_isced11_1,2016,2.5317
rou,sex_m,age_ythadult_yge25,edu_isced11_1,2017,2.3367
rou,sex_m,age_ythadult_yge25,edu_isced11_1,2018,2.2936
rou,sex_m,age_ythadult_yge25,edu_isced11_1,2019,2.4061
rou,sex_m,age_ythadult_yge25,edu_isced11_2,2014,20.535
rou,sex_m,age_ythadult_yge25,edu_isced11_2,2015,18.195
rou,sex_m,age_ythadult_yge25,edu_isced11_2,2016,16.8891
rou,sex_m,age_ythadult_yge25,edu_isced11_2,2017,16.4579
rou,sex_m,age_ythadult_yge25,edu_isced11_2,2018,15.9494
rou,sex_m,age_ythadult_yge25,edu_isced11_2,2019,15.543
rou,sex_m,age_ythadult_yge25,edu_isced11_3,2014,56.6077
rou,sex_m,age_ythadult_yge25,edu_isced11_3,2015,57.6703
rou,sex_m,age_ythadult_yge25,edu_isced11_3,2016,59.2591
rou,sex_m,age_ythadult_yge25,edu_isced11_3,2017,60.298
rou,sex_m,age_ythadult_yge25,edu_isced11_3,2018,60.9427
rou,sex_m,age_ythadult_yge25,edu_isced11_3,2019,60.96
rou,sex_m,age_ythadult_yge25,edu_isced11_4,2014,3.02
rou,sex_m,age_ythadult_yge25,edu_isced11_4,2015,2.4818
rou,sex_m,age_ythadult_yge25,edu_isced11_4,2016,2.338
rou,sex_m,age_ythadult_yge25,edu_isced11_4,2017,2.4229
rou,sex_m,age_ythadult_yge25,edu_isced11_4,2018,2.2485
rou,sex_m,age_ythadult_yge25,edu_isced11_4,2019,2.0364
rou,sex_m,age_ythadult_yge25,edu_isced11_5,2014,0.5831
rou,sex_m,age_ythadult_yge25,edu_isced11_5,2015,0.4424
rou,sex_m,age_ythadult_yge25,edu_isced11_5,2016,0.384
rou,sex_m,age_ythadult_yge25,edu_isced11_5,2017,0.3587
rou,sex_m,age_ythadult_yge25,edu_isced11_5,2018,0.3446
rou,sex_m,age_ythadult_yge25,edu_isced11_5,2019,0.6051
rou,sex_m,age_ythadult_yge25,edu_isced11_6,2014,4.4162
rou,sex_m,age_ythadult_yge25,edu_isced11_6,2015,3.9376
rou,sex_m,age_ythadult_yge25,edu_isced11_6,2016,4.0233
rou,sex_m,age_ythadult_yge25,edu_isced11_6,2017,3.8358
rou,sex_m,age_ythadult_yge25,edu_isced11_6,2018,4.1127
rou,sex_m,age_ythadult_yge25,edu_isced11_6,2019,4.4347
rou,sex_m,age_ythadult_yge25,edu_isced11_7,2014,11.8165
rou,sex_m,age_ythadult_yge25,edu_isced11_7,2015,13.9626
rou,sex_m,age_ythadult_yge25,edu_isced11_7,2016,14.1309
rou,sex_m,age_ythadult_yge25,edu_isced11_7,2017,13.8291
rou,sex_m,age_ythadult_yge25,edu_isced11_7,2018,13.5582
rou,sex_m,age_ythadult_yge25,edu_isced11_7,2019,13.5451
rou,sex_m,age_ythadult_yge25,edu_isced11_8,2015,0.1109
rou,sex_m,age_ythadult_yge25,edu_isced11_8,2016,0.1512
rou,sex_m,age_ythadult_yge25,edu_isced11_8,2017,0.1424
rou,sex_m,age_ythadult_yge25,edu_isced11_total,2014,100
rou,sex_m,age_ythadult_yge25,edu_isced11_total,2015,100
rou,sex_m,age_ythadult_yge25,edu_isced11_total,2016,100
rou,sex_m,age_ythadult_yge25,edu_isced11_total,2017,100
rou,sex_m,age_ythadult_yge25,edu_isced11_total,2018,100
rou,sex_m,age_ythadult_yge25,edu_isced11_total,2019,100
rou,sex_m,age_ythadult_yge25,edu_isced97_0,2001,1.1492
rou,sex_m,age_ythadult_yge25,edu_isced97_0,2002,0.8396
rou,sex_m,age_ythadult_yge25,edu_isced97_0,2003,0.6288
rou,sex_m,age_ythadult_yge25,edu_isced97_0,2004,0.6273
rou,sex_m,age_ythadult_yge25,edu_isced97_0,2005,0.6716
rou,sex_m,age_ythadult_yge25,edu_isced97_0,2006,0.5272
rou,sex_m,age_ythadult_yge25,edu_isced97_0,2007,0.5518
rou,sex_m,age_ythadult_yge25,edu_isced97_0,2008,0.537
rou,sex_m,age_ythadult_yge25,edu_isced97_0,2009,0.4717
rou,sex_m,age_ythadult_yge25,edu_isced97_0,2010,0.401
rou,sex_m,age_ythadult_yge25,edu_isced97_0,2011,0.2609
rou,sex_m,age_ythadult_yge25,edu_isced97_0,2012,0.2978
rou,sex_m,age_ythadult_yge25,edu_isced97_0,2013,0.3283
rou,sex_m,age_ythadult_yge25,edu_isced97_1,1998,13.5869
rou,sex_m,age_ythadult_yge25,edu_isced97_1,1999,13.0655
rou,sex_m,age_ythadult_yge25,edu_isced97_1,2000,12.393
rou,sex_m,age_ythadult_yge25,edu_isced97_1,2001,10.4589
rou,sex_m,age_ythadult_yge25,edu_isced97_1,2002,8.3217
rou,sex_m,age_ythadult_yge25,edu_isced97_1,2003,7.1866
rou,sex_m,age_ythadult_yge25,edu_isced97_1,2004,6.2461
rou,sex_m,age_ythadult_yge25,edu_isced97_1,2005,5.5772
rou,sex_m,age_ythadult_yge25,edu_isced97_1,2006,4.9753
rou,sex_m,age_ythadult_yge25,edu_isced97_1,2007,4.8557
rou,sex_m,age_ythadult_yge25,edu_isced97_1,2008,4.687
rou,sex_m,age_ythadult_yge25,edu_isced97_1,2009,4.413
rou,sex_m,age_ythadult_yge25,edu_isced97_1,2010,4.0154
rou,sex_m,age_ythadult_yge25,edu_isced97_1,2011,3.3703
rou,sex_m,age_ythadult_yge25,edu_isced97_1,2012,3.0443
rou,sex_m,age_ythadult_yge25,edu_isced97_1,2013,2.9068
rou,sex_m,age_ythadult_yge25,edu_isced97_2,1998,17.9391
rou,sex_m,age_ythadult_yge25,edu_isced97_2,1999,17.9874
rou,sex_m,age_ythadult_yge25,edu_isced97_2,2000,18.1641
rou,sex_m,age_ythadult_yge25,edu_isced97_2,2001,17.7514
rou,sex_m,age_ythadult_yge25,edu_isced97_2,2002,16.4617
rou,sex_m,age_ythadult_yge25,edu_isced97_2,2003,17.3939
rou,sex_m,age_ythadult_yge25,edu_isced97_2,2004,15.8087
rou,sex_m,age_ythadult_yge25,edu_isced97_2,2005,15.7226
rou,sex_m,age_ythadult_yge25,edu_isced97_2,2006,15.5211
rou,sex_m,age_ythadult_yge25,edu_isced97_2,2007,15.6354
rou,sex_m,age_ythadult_yge25,edu_isced97_2,2008,15.8342
rou,sex_m,age_ythadult_yge25,edu_isced97_2,2009,16.8148
rou,sex_m,age_ythadult_yge25,edu_isced97_2,2010,17.8351
rou,sex_m,age_ythadult_yge25,edu_isced97_2,2011,16.6729
rou,sex_m,age_ythadult_yge25,edu_isced97_2,2012,16.6558
rou,sex_m,age_ythadult_yge25,edu_isced97_2,2013,17.0226
rou,sex_m,age_ythadult_yge25,edu_isced97_3,1998,58.667
rou,sex_m,age_ythadult_yge25,edu_isced97_3,1999,59.0377
rou,sex_m,age_ythadult_yge25,edu_isced97_3,2000,59.3406
rou,sex_m,age_ythadult_yge25,edu_isced97_3,2001,59.9738
rou,sex_m,age_ythadult_yge25,edu_isced97_3,2002,57.898
rou,sex_m,age_ythadult_yge25,edu_isced97_3,2003,59.3691
rou,sex_m,age_ythadult_yge25,edu_isced97_3,2004,60.0565
rou,sex_m,age_ythadult_yge25,edu_isced97_3,2005,60.2787
rou,sex_m,age_ythadult_yge25,edu_isced97_3,2006,60.1751
rou,sex_m,age_ythadult_yge25,edu_isced97_3,2007,60.4505
rou,sex_m,age_ythadult_yge25,edu_isced97_3,2008,60.1461
rou,sex_m,age_ythadult_yge25,edu_isced97_3,2009,59.5209
rou,sex_m,age_ythadult_yge25,edu_isced97_3,2010,58.7761
rou,sex_m,age_ythadult_yge25,edu_isced97_3,2011,59.5642
rou,sex_m,age_ythadult_yge25,edu_isced97_3,2012,59.8366
rou,sex_m,age_ythadult_yge25,edu_isced97_3,2013,59.6479
rou,sex_m,age_ythadult_yge25,edu_isced97_4,2002,5.0074
rou,sex_m,age_ythadult_yge25,edu_isced97_4,2003,4.3538
rou,sex_m,age_ythadult_yge25,edu_isced97_4,2004,4.8827
rou,sex_m,age_ythadult_yge25,edu_isced97_4,2005,4.9237
rou,sex_m,age_ythadult_yge25,edu_isced97_4,2006,5.0755
rou,sex_m,age_ythadult_yge25,edu_isced97_4,2007,4.5325
rou,sex_m,age_ythadult_yge25,edu_isced97_4,2008,4.241
rou,sex_m,age_ythadult_yge25,edu_isced97_4,2009,4.1894
rou,sex_m,age_ythadult_yge25,edu_isced97_4,2010,4.0283
rou,sex_m,age_ythadult_yge25,edu_isced97_4,2011,3.8094
rou,sex_m,age_ythadult_yge25,edu_isced97_4,2012,3.6286
rou,sex_m,age_ythadult_yge25,edu_isced97_4,2013,3.3539
rou,sex_m,age_ythadult_yge25,edu_isced97_5,1998,9.807
rou,sex_m,age_ythadult_yge25,edu_isced97_5,1999,9.9094
rou,sex_m,age_ythadult_yge25,edu_isced97_5,2000,10.1024
rou,sex_m,age_ythadult_yge25,edu_isced97_5,2001,10.6668
rou,sex_m,age_ythadult_yge25,edu_isced97_5,2002,11.3579
rou,sex_m,age_ythadult_yge25,edu_isced97_5,2003,11
rou,sex_m,age_ythadult_yge25,edu_isced97_5,2004,12.2379
rou,sex_m,age_ythadult_yge25,edu_isced97_5,2005,12.6733
rou,sex_m,age_ythadult_yge25,edu_isced97_5,2006,13.5811
rou,sex_m,age_ythadult_yge25,edu_isced97_5,2007,13.8536
rou,sex_m,age_ythadult_yge25,edu_isced97_5,2008,14.4598
rou,sex_m,age_ythadult_yge25,edu_isced97_5,2009,14.4833
rou,sex_m,age_ythadult_yge25,edu_isced97_5,2010,14.8622
rou,sex_m,age_ythadult_yge25,edu_isced97_5,2011,16.2646
rou,sex_m,age_ythadult_yge25,edu_isced97_5,2012,16.4204
rou,sex_m,age_ythadult_yge25,edu_isced97_5,2013,16.6374
rou,sex_m,age_ythadult_yge25,edu_isced97_6,2002,0.1138
rou,sex_m,age_ythadult_yge25,edu_isced97_6,2003,0.0678
rou,sex_m,age_ythadult_yge25,edu_isced97_6,2004,0.1408
rou,sex_m,age_ythadult_yge25,edu_isced97_6,2005,0.1529
rou,sex_m,age_ythadult_yge25,edu_isced97_6,2006,0.1446
rou,sex_m,age_ythadult_yge25,edu_isced97_6,2007,0.1204
rou,sex_m,age_ythadult_yge25,edu_isced97_6,2008,0.095
rou,sex_m,age_ythadult_yge25,edu_isced97_6,2009,0.1069
rou,sex_m,age_ythadult_yge25,edu_isced97_6,2011,0.0578
rou,sex_m,age_ythadult_yge25,edu_isced97_6,2012,0.1167
rou,sex_m,age_ythadult_yge25,edu_isced97_6,2013,0.1031
rou,sex_m,age_ythadult_yge25,edu_isced97_total,1998,100
rou,sex_m,age_ythadult_yge25,edu_isced97_total,1999,100
rou,sex_m,age_ythadult_yge25,edu_isced97_total,2000,100
rou,sex_m,age_ythadult_yge25,edu_isced97_total,2001,100
rou,sex_m,age_ythadult_yge25,edu_isced97_total,2002,100
rou,sex_m,age_ythadult_yge25,edu_isced97_total,2003,100
rou,sex_m,age_ythadult_yge25,edu_isced97_total,2004,100
rou,sex_m,age_ythadult_yge25,edu_isced97_total,2005,100
rou,sex_m,age_ythadult_yge25,edu_isced97_total,2006,100
rou,sex_m,age_ythadult_yge25,edu_isced97_total,2007,100
rou,sex_m,age_ythadult_yge25,edu_isced97_total,2008,100
rou,sex_m,age_ythadult_yge25,edu_isced97_total,2009,100
rou,sex_m,age_ythadult_yge25,edu_isced97_total,2010,100
rou,sex_m,age_ythadult_yge25,edu_isced97_total,2011,100
rou,sex_m,age_ythadult_yge25,edu_isced97_total,2012,100
rou,sex_m,age_ythadult_yge25,edu_isced97_total,2013,100
rou,sex_t,age_10yrbands_total,edu_aggregate_adv,1997,13.1935
rou,sex_t,age_10yrbands_total,edu_aggregate_adv,1998,8.3352
rou,sex_t,age_10yrbands_total,edu_aggregate_adv,1999,8.4027
rou,sex_t,age_10yrbands_total,edu_aggregate_adv,2000,8.7126
rou,sex_t,age_10yrbands_total,edu_aggregate_adv,2001,9.357
rou,sex_t,age_10yrbands_total,edu_aggregate_adv,2002,10.4294
rou,sex_t,age_10yrbands_total,edu_aggregate_adv,2003,10.4365
rou,sex_t,age_10yrbands_total,edu_aggregate_adv,2004,11.8621
rou,sex_t,age_10yrbands_total,edu_aggregate_adv,2005,12.6187
rou,sex_t,age_10yrbands_total,edu_aggregate_adv,2006,13.4771
rou,sex_t,age_10yrbands_total,edu_aggregate_adv,2007,13.7932
rou,sex_t,age_10yrbands_total,edu_aggregate_adv,2008,14.7946
rou,sex_t,age_10yrbands_total,edu_aggregate_adv,2009,15.4503
rou,sex_t,age_10yrbands_total,edu_aggregate_adv,2010,15.7689
rou,sex_t,age_10yrbands_total,edu_aggregate_adv,2011,17.3049
rou,sex_t,age_10yrbands_total,edu_aggregate_adv,2012,17.7502
rou,sex_t,age_10yrbands_total,edu_aggregate_adv,2013,18.2505
rou,sex_t,age_10yrbands_total,edu_aggregate_adv,2014,18.4425
rou,sex_t,age_10yrbands_total,edu_aggregate_adv,2015,20.202
rou,sex_t,age_10yrbands_total,edu_aggregate_adv,2016,20.5461
rou,sex_t,age_10yrbands_total,edu_aggregate_adv,2017,20.507
rou,sex_t,age_10yrbands_total,edu_aggregate_adv,2018,20.5112
rou,sex_t,age_10yrbands_total,edu_aggregate_adv,2019,21.1949
rou,sex_t,age_10yrbands_total,edu_aggregate_bas,1997,36.5596
rou,sex_t,age_10yrbands_total,edu_aggregate_bas,1998,36.4624
rou,sex_t,age_10yrbands_total,edu_aggregate_bas,1999,37.1267
rou,sex_t,age_10yrbands_total,edu_aggregate_bas,2000,36.8422
rou,sex_t,age_10yrbands_total,edu_aggregate_bas,2001,33.8095
rou,sex_t,age_10yrbands_total,edu_aggregate_bas,2002,30.3737
rou,sex_t,age_10yrbands_total,edu_aggregate_bas,2003,30.0757
rou,sex_t,age_10yrbands_total,edu_aggregate_bas,2004,26.5343
rou,sex_t,age_10yrbands_total,edu_aggregate_bas,2005,25.4612
rou,sex_t,age_10yrbands_total,edu_aggregate_bas,2006,24.1273
rou,sex_t,age_10yrbands_total,edu_aggregate_bas,2007,24.1133
rou,sex_t,age_10yrbands_total,edu_aggregate_bas,2008,23.7928
rou,sex_t,age_10yrbands_total,edu_aggregate_bas,2009,24.3012
rou,sex_t,age_10yrbands_total,edu_aggregate_bas,2010,25.0366
rou,sex_t,age_10yrbands_total,edu_aggregate_bas,2011,23.3765
rou,sex_t,age_10yrbands_total,edu_aggregate_bas,2012,22.9706
rou,sex_t,age_10yrbands_total,edu_aggregate_bas,2013,22.7171
rou,sex_t,age_10yrbands_total,edu_aggregate_bas,2014,24.982
rou,sex_t,age_10yrbands_total,edu_aggregate_bas,2015,22.0849
rou,sex_t,age_10yrbands_total,edu_aggregate_bas,2016,20.1752
rou,sex_t,age_10yrbands_total,edu_aggregate_bas,2017,19.3737
rou,sex_t,age_10yrbands_total,edu_aggregate_bas,2018,18.6372
rou,sex_t,age_10yrbands_total,edu_aggregate_bas,2019,17.995
rou,sex_t,age_10yrbands_total,edu_aggregate_int,1997,50.2478
rou,sex_t,age_10yrbands_total,edu_aggregate_int,1998,55.2024
rou,sex_t,age_10yrbands_total,edu_aggregate_int,1999,54.4706
rou,sex_t,age_10yrbands_total,edu_aggregate_int,2000,54.4453
rou,sex_t,age_10yrbands_total,edu_aggregate_int,2001,55.1723
rou,sex_t,age_10yrbands_total,edu_aggregate_int,2002,57.8668
rou,sex_t,age_10yrbands_total,edu_aggregate_int,2003,58.3804
rou,sex_t,age_10yrbands_total,edu_aggregate_int,2004,60.5092
rou,sex_t,age_10yrbands_total,edu_aggregate_int,2005,60.9776
rou,sex_t,age_10yrbands_total,edu_aggregate_int,2006,61.6672
rou,sex_t,age_10yrbands_total,edu_aggregate_int,2007,61.3462
rou,sex_t,age_10yrbands_total,edu_aggregate_int,2008,60.6944
rou,sex_t,age_10yrbands_total,edu_aggregate_int,2009,59.6744
rou,sex_t,age_10yrbands_total,edu_aggregate_int,2010,58.6677
rou,sex_t,age_10yrbands_total,edu_aggregate_int,2011,58.9516
rou,sex_t,age_10yrbands_total,edu_aggregate_int,2012,58.9489
rou,sex_t,age_10yrbands_total,edu_aggregate_int,2013,58.6903
rou,sex_t,age_10yrbands_total,edu_aggregate_int,2014,56.2871
rou,sex_t,age_10yrbands_total,edu_aggregate_int,2015,57.362
rou,sex_t,age_10yrbands_total,edu_aggregate_int,2016,58.9914
rou,sex_t,age_10yrbands_total,edu_aggregate_int,2017,59.8157
rou,sex_t,age_10yrbands_total,edu_aggregate_int,2018,60.4965
rou,sex_t,age_10yrbands_total,edu_aggregate_int,2019,60.476
rou,sex_t,age_10yrbands_total,edu_aggregate_ltb,2001,1.6612
rou,sex_t,age_10yrbands_total,edu_aggregate_ltb,2002,1.3301
rou,sex_t,age_10yrbands_total,edu_aggregate_ltb,2003,1.1074
rou,sex_t,age_10yrbands_total,edu_aggregate_ltb,2004,1.0944
rou,sex_t,age_10yrbands_total,edu_aggregate_ltb,2005,0.9426
rou,sex_t,age_10yrbands_total,edu_aggregate_ltb,2006,0.7285
rou,sex_t,age_10yrbands_total,edu_aggregate_ltb,2007,0.7472
rou,sex_t,age_10yrbands_total,edu_aggregate_ltb,2008,0.7182
rou,sex_t,age_10yrbands_total,edu_aggregate_ltb,2009,0.5741
rou,sex_t,age_10yrbands_total,edu_aggregate_ltb,2010,0.5268
rou,sex_t,age_10yrbands_total,edu_aggregate_ltb,2011,0.3671
rou,sex_t,age_10yrbands_total,edu_aggregate_ltb,2012,0.3303
rou,sex_t,age_10yrbands_total,edu_aggregate_ltb,2013,0.3421
rou,sex_t,age_10yrbands_total,edu_aggregate_ltb,2014,0.2884
rou,sex_t,age_10yrbands_total,edu_aggregate_ltb,2015,0.3511
rou,sex_t,age_10yrbands_total,edu_aggregate_ltb,2016,0.2873
rou,sex_t,age_10yrbands_total,edu_aggregate_ltb,2017,0.3036
rou,sex_t,age_10yrbands_total,edu_aggregate_ltb,2018,0.355
rou,sex_t,age_10yrbands_total,edu_aggregate_ltb,2019,0.3341
rou,sex_t,age_10yrbands_total,edu_aggregate_total,1997,100
rou,sex_t,age_10yrbands_total,edu_aggregate_total,1998,100
rou,sex_t,age_10yrbands_total,edu_aggregate_total,1999,100
rou,sex_t,age_10yrbands_total,edu_aggregate_total,2000,100
rou,sex_t,age_10yrbands_total,edu_aggregate_total,2001,100
rou,sex_t,age_10yrbands_total,edu_aggregate_total,2002,100
rou,sex_t,age_10yrbands_total,edu_aggregate_total,2003,100
rou,sex_t,age_10yrbands_total,edu_aggregate_total,2004,100
rou,sex_t,age_10yrbands_total,edu_aggregate_total,2005,100
rou,sex_t,age_10yrbands_total,edu_aggregate_total,2006,100
rou,sex_t,age_10yrbands_total,edu_aggregate_total,2007,100
rou,sex_t,age_10yrbands_total,edu_aggregate_total,2008,100
rou,sex_t,age_10yrbands_total,edu_aggregate_total,2009,100
rou,sex_t,age_10yrbands_total,edu_aggregate_total,2010,100
rou,sex_t,age_10yrbands_total,edu_aggregate_total,2011,100
rou,sex_t,age_10yrbands_total,edu_aggregate_total,2012,100
rou,sex_t,age_10yrbands_total,edu_aggregate_total,2013,100
rou,sex_t,age_10yrbands_total,edu_aggregate_total,2014,100
rou,sex_t,age_10yrbands_total,edu_aggregate_total,2015,100
rou,sex_t,age_10yrbands_total,edu_aggregate_total,2016,100
rou,sex_t,age_10yrbands_total,edu_aggregate_total,2017,100
rou,sex_t,age_10yrbands_total,edu_aggregate_total,2018,100
rou,sex_t,age_10yrbands_total,edu_aggregate_total,2019,100
rou,sex_t,age_10yrbands_total,edu_isced11_0,2014,0.2884
rou,sex_t,age_10yrbands_total,edu_isced11_0,2015,0.3511
rou,sex_t,age_10yrbands_total,edu_isced11_0,2016,0.2873
rou,sex_t,age_10yrbands_total,edu_isced11_0,2017,0.3036
rou,sex_t,age_10yrbands_total,edu_isced11_0,2018,0.355
rou,sex_t,age_10yrbands_total,edu_isced11_0,2019,0.3341
rou,sex_t,age_10yrbands_total,edu_isced11_1,2014,3.2601
rou,sex_t,age_10yrbands_total,edu_isced11_1,2015,3.1006
rou,sex_t,age_10yrbands_total,edu_isced11_1,2016,2.691
rou,sex_t,age_10yrbands_total,edu_isced11_1,2017,2.4847
rou,sex_t,age_10yrbands_total,edu_isced11_1,2018,2.3574
rou,sex_t,age_10yrbands_total,edu_isced11_1,2019,2.2988
rou,sex_t,age_10yrbands_total,edu_isced11_2,2014,21.7219
rou,sex_t,age_10yrbands_total,edu_isced11_2,2015,18.9843
rou,sex_t,age_10yrbands_total,edu_isced11_2,2016,17.4842
rou,sex_t,age_10yrbands_total,edu_isced11_2,2017,16.889
rou,sex_t,age_10yrbands_total,edu_isced11_2,2018,16.2798
rou,sex_t,age_10yrbands_total,edu_isced11_2,2019,15.6962
rou,sex_t,age_10yrbands_total,edu_isced11_3,2014,52.6971
rou,sex_t,age_10yrbands_total,edu_isced11_3,2015,54.0753
rou,sex_t,age_10yrbands_total,edu_isced11_3,2016,55.8775
rou,sex_t,age_10yrbands_total,edu_isced11_3,2017,56.7098
rou,sex_t,age_10yrbands_total,edu_isced11_3,2018,57.3808
rou,sex_t,age_10yrbands_total,edu_isced11_3,2019,57.4289
rou,sex_t,age_10yrbands_total,edu_isced11_4,2014,3.5901
rou,sex_t,age_10yrbands_total,edu_isced11_4,2015,3.2867
rou,sex_t,age_10yrbands_total,edu_isced11_4,2016,3.1139
rou,sex_t,age_10yrbands_total,edu_isced11_4,2017,3.1059
rou,sex_t,age_10yrbands_total,edu_isced11_4,2018,3.1158
rou,sex_t,age_10yrbands_total,edu_isced11_4,2019,3.0471
rou,sex_t,age_10yrbands_total,edu_isced11_5,2014,0.6402
rou,sex_t,age_10yrbands_total,edu_isced11_5,2015,0.4995
rou,sex_t,age_10yrbands_total,edu_isced11_5,2016,0.4616
rou,sex_t,age_10yrbands_total,edu_isced11_5,2017,0.4201
rou,sex_t,age_10yrbands_total,edu_isced11_5,2018,0.3995
rou,sex_t,age_10yrbands_total,edu_isced11_5,2019,0.6806
rou,sex_t,age_10yrbands_total,edu_isced11_6,2014,5.4805
rou,sex_t,age_10yrbands_total,edu_isced11_6,2015,5.0754
rou,sex_t,age_10yrbands_total,edu_isced11_6,2016,4.8365
rou,sex_t,age_10yrbands_total,edu_isced11_6,2017,5.0902
rou,sex_t,age_10yrbands_total,edu_isced11_6,2018,5.2351
rou,sex_t,age_10yrbands_total,edu_isced11_6,2019,5.569
rou,sex_t,age_10yrbands_total,edu_isced11_7,2014,12.213
rou,sex_t,age_10yrbands_total,edu_isced11_7,2015,14.5273
rou,sex_t,age_10yrbands_total,edu_isced11_7,2016,15.131
rou,sex_t,age_10yrbands_total,edu_isced11_7,2017,14.8741
rou,sex_t,age_10yrbands_total,edu_isced11_7,2018,14.7558
rou,sex_t,age_10yrbands_total,edu_isced11_7,2019,14.8054
rou,sex_t,age_10yrbands_total,edu_isced11_8,2014,0.1087
rou,sex_t,age_10yrbands_total,edu_isced11_8,2015,0.0998
rou,sex_t,age_10yrbands_total,edu_isced11_8,2016,0.1169
rou,sex_t,age_10yrbands_total,edu_isced11_8,2017,0.1225
rou,sex_t,age_10yrbands_total,edu_isced11_8,2018,0.1208
rou,sex_t,age_10yrbands_total,edu_isced11_8,2019,0.1399
rou,sex_t,age_10yrbands_total,edu_isced11_total,2014,100
rou,sex_t,age_10yrbands_total,edu_isced11_total,2015,100
rou,sex_t,age_10yrbands_total,edu_isced11_total,2016,100
rou,sex_t,age_10yrbands_total,edu_isced11_total,2017,100
rou,sex_t,age_10yrbands_total,edu_isced11_total,2018,100
rou,sex_t,age_10yrbands_total,edu_isced11_total,2019,100
rou,sex_t,age_10yrbands_total,edu_isced97_0,2001,1.6612
rou,sex_t,age_10yrbands_total,edu_isced97_0,2002,1.3301
rou,sex_t,age_10yrbands_total,edu_isced97_0,2003,1.1074
rou,sex_t,age_10yrbands_total,edu_isced97_0,2004,1.0944
rou,sex_t,age_10yrbands_total,edu_isced97_0,2005,0.9426
rou,sex_t,age_10yrbands_total,edu_isced97_0,2006,0.7285
rou,sex_t,age_10yrbands_total,edu_isced97_0,2007,0.7472
rou,sex_t,age_10yrbands_total,edu_isced97_0,2008,0.7182
rou,sex_t,age_10yrbands_total,edu_isced97_0,2009,0.5741
rou,sex_t,age_10yrbands_total,edu_isced97_0,2010,0.5268
rou,sex_t,age_10yrbands_total,edu_isced97_0,2011,0.3671
rou,sex_t,age_10yrbands_total,edu_isced97_0,2012,0.3303
rou,sex_t,age_10yrbands_total,edu_isced97_0,2013,0.3421
rou,sex_t,age_10yrbands_total,edu_isced97_1,1998,15.9307
rou,sex_t,age_10yrbands_total,edu_isced97_1,1999,15.8836
rou,sex_t,age_10yrbands_total,edu_isced97_1,2000,15.1038
rou,sex_t,age_10yrbands_total,edu_isced97_1,2001,12.7488
rou,sex_t,age_10yrbands_total,edu_isced97_1,2002,10.1527
rou,sex_t,age_10yrbands_total,edu_isced97_1,2003,8.6617
rou,sex_t,age_10yrbands_total,edu_isced97_1,2004,7.4502
rou,sex_t,age_10yrbands_total,edu_isced97_1,2005,6.8492
rou,sex_t,age_10yrbands_total,edu_isced97_1,2006,5.9947
rou,sex_t,age_10yrbands_total,edu_isced97_1,2007,5.8762
rou,sex_t,age_10yrbands_total,edu_isced97_1,2008,5.5511
rou,sex_t,age_10yrbands_total,edu_isced97_1,2009,5.2274
rou,sex_t,age_10yrbands_total,edu_isced97_1,2010,4.9565
rou,sex_t,age_10yrbands_total,edu_isced97_1,2011,4.2291
rou,sex_t,age_10yrbands_total,edu_isced97_1,2012,3.8618
rou,sex_t,age_10yrbands_total,edu_isced97_1,2013,3.601
rou,sex_t,age_10yrbands_total,edu_isced97_2,1998,20.5317
rou,sex_t,age_10yrbands_total,edu_isced97_2,1999,21.2431
rou,sex_t,age_10yrbands_total,edu_isced97_2,2000,21.7383
rou,sex_t,age_10yrbands_total,edu_isced97_2,2001,21.0606
rou,sex_t,age_10yrbands_total,edu_isced97_2,2002,20.2209
rou,sex_t,age_10yrbands_total,edu_isced97_2,2003,21.414
rou,sex_t,age_10yrbands_total,edu_isced97_2,2004,19.0841
rou,sex_t,age_10yrbands_total,edu_isced97_2,2005,18.612
rou,sex_t,age_10yrbands_total,edu_isced97_2,2006,18.1326
rou,sex_t,age_10yrbands_total,edu_isced97_2,2007,18.2371
rou,sex_t,age_10yrbands_total,edu_isced97_2,2008,18.2417
rou,sex_t,age_10yrbands_total,edu_isced97_2,2009,19.0737
rou,sex_t,age_10yrbands_total,edu_isced97_2,2010,20.0801
rou,sex_t,age_10yrbands_total,edu_isced97_2,2011,19.1473
rou,sex_t,age_10yrbands_total,edu_isced97_2,2012,19.1088
rou,sex_t,age_10yrbands_total,edu_isced97_2,2013,19.1161
rou,sex_t,age_10yrbands_total,edu_isced97_3,1998,55.2024
rou,sex_t,age_10yrbands_total,edu_isced97_3,1999,54.4706
rou,sex_t,age_10yrbands_total,edu_isced97_3,2000,54.4453
rou,sex_t,age_10yrbands_total,edu_isced97_3,2001,55.1723
rou,sex_t,age_10yrbands_total,edu_isced97_3,2002,53.1801
rou,sex_t,age_10yrbands_total,edu_isced97_3,2003,54.242
rou,sex_t,age_10yrbands_total,edu_isced97_3,2004,55.6707
rou,sex_t,age_10yrbands_total,edu_isced97_3,2005,56.2096
rou,sex_t,age_10yrbands_total,edu_isced97_3,2006,56.7783
rou,sex_t,age_10yrbands_total,edu_isced97_3,2007,56.8582
rou,sex_t,age_10yrbands_total,edu_isced97_3,2008,56.4031
rou,sex_t,age_10yrbands_total,edu_isced97_3,2009,55.3645
rou,sex_t,age_10yrbands_total,edu_isced97_3,2010,54.4946
rou,sex_t,age_10yrbands_total,edu_isced97_3,2011,54.8898
rou,sex_t,age_10yrbands_total,edu_isced97_3,2012,55.0642
rou,sex_t,age_10yrbands_total,edu_isced97_3,2013,54.9943
rou,sex_t,age_10yrbands_total,edu_isced97_4,2002,4.6867
rou,sex_t,age_10yrbands_total,edu_isced97_4,2003,4.1384
rou,sex_t,age_10yrbands_total,edu_isced97_4,2004,4.8385
rou,sex_t,age_10yrbands_total,edu_isced97_4,2005,4.768
rou,sex_t,age_10yrbands_total,edu_isced97_4,2006,4.8889
rou,sex_t,age_10yrbands_total,edu_isced97_4,2007,4.488
rou,sex_t,age_10yrbands_total,edu_isced97_4,2008,4.2913
rou,sex_t,age_10yrbands_total,edu_isced97_4,2009,4.3099
rou,sex_t,age_10yrbands_total,edu_isced97_4,2010,4.1732
rou,sex_t,age_10yrbands_total,edu_isced97_4,2011,4.0618
rou,sex_t,age_10yrbands_total,edu_isced97_4,2012,3.8847
rou,sex_t,age_10yrbands_total,edu_isced97_4,2013,3.696
rou,sex_t,age_10yrbands_total,edu_isced97_5,1998,8.3352
rou,sex_t,age_10yrbands_total,edu_isced97_5,1999,8.4027
rou,sex_t,age_10yrbands_total,edu_isced97_5,2000,8.7126
rou,sex_t,age_10yrbands_total,edu_isced97_5,2001,9.357
rou,sex_t,age_10yrbands_total,edu_isced97_5,2002,10.3468
rou,sex_t,age_10yrbands_total,edu_isced97_5,2003,10.3762
rou,sex_t,age_10yrbands_total,edu_isced97_5,2004,11.7288
rou,sex_t,age_10yrbands_total,edu_isced97_5,2005,12.4761
rou,sex_t,age_10yrbands_total,edu_isced97_5,2006,13.3597
rou,sex_t,age_10yrbands_total,edu_isced97_5,2007,13.6877
rou,sex_t,age_10yrbands_total,edu_isced97_5,2008,14.6989
rou,sex_t,age_10yrbands_total,edu_isced97_5,2009,15.3512
rou,sex_t,age_10yrbands_total,edu_isced97_5,2010,15.6992
rou,sex_t,age_10yrbands_total,edu_isced97_5,2011,17.2538
rou,sex_t,age_10yrbands_total,edu_isced97_5,2012,17.652
rou,sex_t,age_10yrbands_total,edu_isced97_5,2013,18.1455
rou,sex_t,age_10yrbands_total,edu_isced97_6,2002,0.0826
rou,sex_t,age_10yrbands_total,edu_isced97_6,2003,0.0603
rou,sex_t,age_10yrbands_total,edu_isced97_6,2004,0.1332
rou,sex_t,age_10yrbands_total,edu_isced97_6,2005,0.1425
rou,sex_t,age_10yrbands_total,edu_isced97_6,2006,0.1173
rou,sex_t,age_10yrbands_total,edu_isced97_6,2007,0.1055
rou,sex_t,age_10yrbands_total,edu_isced97_6,2008,0.0957
rou,sex_t,age_10yrbands_total,edu_isced97_6,2009,0.0991
rou,sex_t,age_10yrbands_total,edu_isced97_6,2011,0.0511
rou,sex_t,age_10yrbands_total,edu_isced97_6,2012,0.0982
rou,sex_t,age_10yrbands_total,edu_isced97_6,2013,0.105
rou,sex_t,age_10yrbands_total,edu_isced97_total,1998,100
rou,sex_t,age_10yrbands_total,edu_isced97_total,1999,100
rou,sex_t,age_10yrbands_total,edu_isced97_total,2000,100
rou,sex_t,age_10yrbands_total,edu_isced97_total,2001,100
rou,sex_t,age_10yrbands_total,edu_isced97_total,2002,100
rou,sex_t,age_10yrbands_total,edu_isced97_total,2003,100
rou,sex_t,age_10yrbands_total,edu_isced97_total,2004,100
rou,sex_t,age_10yrbands_total,edu_isced97_total,2005,100
rou,sex_t,age_10yrbands_total,edu_isced97_total,2006,100
rou,sex_t,age_10yrbands_total,edu_isced97_total,2007,100
rou,sex_t,age_10yrbands_total,edu_isced97_total,2008,100
rou,sex_t,age_10yrbands_total,edu_isced97_total,2009,100
rou,sex_t,age_10yrbands_total,edu_isced97_total,2010,100
rou,sex_t,age_10yrbands_total,edu_isced97_total,2011,100
rou,sex_t,age_10yrbands_total,edu_isced97_total,2012,100
rou,sex_t,age_10yrbands_total,edu_isced97_total,2013,100
rou,sex_t,age_10yrbands_y15_24,edu_aggregate_adv,1997,3.9315
rou,sex_t,age_10yrbands_y15_24,edu_aggregate_adv,1998,2.232
rou,sex_t,age_10yrbands_y15_24,edu_aggregate_adv,1999,2.5385
rou,sex_t,age_10yrbands_y15_24,edu_aggregate_adv,2000,2.643
rou,sex_t,age_10yrbands_y15_24,edu_aggregate_adv,2001,2.608
rou,sex_t,age_10yrbands_y15_24,edu_aggregate_adv,2002,3.2663
rou,sex_t,age_10yrbands_y15_24,edu_aggregate_adv,2003,3.8959
rou,sex_t,age_10yrbands_y15_24,edu_aggregate_adv,2004,5.4963
rou,sex_t,age_10yrbands_y15_24,edu_aggregate_adv,2005,4.7805
rou,sex_t,age_10yrbands_y15_24,edu_aggregate_adv,2006,4.6683
rou,sex_t,age_10yrbands_y15_24,edu_aggregate_adv,2007,5.5021
rou,sex_t,age_10yrbands_y15_24,edu_aggregate_adv,2008,6.2951
rou,sex_t,age_10yrbands_y15_24,edu_aggregate_adv,2009,7.859
rou,sex_t,age_10yrbands_y15_24,edu_aggregate_adv,2010,7.8403
rou,sex_t,age_10yrbands_y15_24,edu_aggregate_adv,2011,9.291
rou,sex_t,age_10yrbands_y15_24,edu_aggregate_adv,2012,9.4115
rou,sex_t,age_10yrbands_y15_24,edu_aggregate_adv,2013,9.1368
rou,sex_t,age_10yrbands_y15_24,edu_aggregate_adv,2014,8.7575
rou,sex_t,age_10yrbands_y15_24,edu_aggregate_adv,2015,8.1013
rou,sex_t,age_10yrbands_y15_24,edu_aggregate_adv,2016,6.4888
rou,sex_t,age_10yrbands_y15_24,edu_aggregate_adv,2017,8.776
rou,sex_t,age_10yrbands_y15_24,edu_aggregate_adv,2018,7.819
rou,sex_t,age_10yrbands_y15_24,edu_aggregate_adv,2019,7.8999
rou,sex_t,age_10yrbands_y15_24,edu_aggregate_bas,1997,32.0807
rou,sex_t,age_10yrbands_y15_24,edu_aggregate_bas,1998,31.881
rou,sex_t,age_10yrbands_y15_24,edu_aggregate_bas,1999,37.2225
rou,sex_t,age_10yrbands_y15_24,edu_aggregate_bas,2000,39.9515
rou,sex_t,age_10yrbands_y15_24,edu_aggregate_bas,2001,37.7955
rou,sex_t,age_10yrbands_y15_24,edu_aggregate_bas,2002,39.782
rou,sex_t,age_10yrbands_y15_24,edu_aggregate_bas,2003,40.5791
rou,sex_t,age_10yrbands_y15_24,edu_aggregate_bas,2004,36.1557
rou,sex_t,age_10yrbands_y15_24,edu_aggregate_bas,2005,35.8138
rou,sex_t,age_10yrbands_y15_24,edu_aggregate_bas,2006,35.1593
rou,sex_t,age_10yrbands_y15_24,edu_aggregate_bas,2007,34.6137
rou,sex_t,age_10yrbands_y15_24,edu_aggregate_bas,2008,31.4331
rou,sex_t,age_10yrbands_y15_24,edu_aggregate_bas,2009,31.9918
rou,sex_t,age_10yrbands_y15_24,edu_aggregate_bas,2010,35.4939
rou,sex_t,age_10yrbands_y15_24,edu_aggregate_bas,2011,32.6224
rou,sex_t,age_10yrbands_y15_24,edu_aggregate_bas,2012,33.8513
rou,sex_t,age_10yrbands_y15_24,edu_aggregate_bas,2013,33.2701
rou,sex_t,age_10yrbands_y15_24,edu_aggregate_bas,2014,34.0691
rou,sex_t,age_10yrbands_y15_24,edu_aggregate_bas,2015,31.9794
rou,sex_t,age_10yrbands_y15_24,edu_aggregate_bas,2016,33.1408
rou,sex_t,age_10yrbands_y15_24,edu_aggregate_bas,2017,32.4352
rou,sex_t,age_10yrbands_y15_24,edu_aggregate_bas,2018,29.1171
rou,sex_t,age_10yrbands_y15_24,edu_aggregate_bas,2019,27.0124
rou,sex_t,age_10yrbands_y15_24,edu_aggregate_int,1997,63.9879
rou,sex_t,age_10yrbands_y15_24,edu_aggregate_int,1998,65.887
rou,sex_t,age_10yrbands_y15_24,edu_aggregate_int,1999,60.239
rou,sex_t,age_10yrbands_y15_24,edu_aggregate_int,2000,57.4055
rou,sex_t,age_10yrbands_y15_24,edu_aggregate_int,2001,58.1346
rou,sex_t,age_10yrbands_y15_24,edu_aggregate_int,2002,56.5291
rou,sex_t,age_10yrbands_y15_24,edu_aggregate_int,2003,53.9093
rou,sex_t,age_10yrbands_y15_24,edu_aggregate_int,2004,56.5437
rou,sex_t,age_10yrbands_y15_24,edu_aggregate_int,2005,57.974
rou,sex_t,age_10yrbands_y15_24,edu_aggregate_int,2006,59.1527
rou,sex_t,age_10yrbands_y15_24,edu_aggregate_int,2007,58.8145
rou,sex_t,age_10yrbands_y15_24,edu_aggregate_int,2008,60.946
rou,sex_t,age_10yrbands_y15_24,edu_aggregate_int,2009,59.1247
rou,sex_t,age_10yrbands_y15_24,edu_aggregate_int,2010,55.8141
rou,sex_t,age_10yrbands_y15_24,edu_aggregate_int,2011,57.2469
rou,sex_t,age_10yrbands_y15_24,edu_aggregate_int,2012,56.1579
rou,sex_t,age_10yrbands_y15_24,edu_aggregate_int,2013,56.9627
rou,sex_t,age_10yrbands_y15_24,edu_aggregate_int,2014,56.9025
rou,sex_t,age_10yrbands_y15_24,edu_aggregate_int,2015,59.0757
rou,sex_t,age_10yrbands_y15_24,edu_aggregate_int,2016,59.6553
rou,sex_t,age_10yrbands_y15_24,edu_aggregate_int,2017,58.3117
rou,sex_t,age_10yrbands_y15_24,edu_aggregate_int,2018,62.6712
rou,sex_t,age_10yrbands_y15_24,edu_aggregate_int,2019,64.5158
rou,sex_t,age_10yrbands_y15_24,edu_aggregate_ltb,2001,1.4619
rou,sex_t,age_10yrbands_y15_24,edu_aggregate_ltb,2002,0.4226
rou,sex_t,age_10yrbands_y15_24,edu_aggregate_ltb,2003,1.6157
rou,sex_t,age_10yrbands_y15_24,edu_aggregate_ltb,2004,1.8043
rou,sex_t,age_10yrbands_y15_24,edu_aggregate_ltb,2005,1.4316
rou,sex_t,age_10yrbands_y15_24,edu_aggregate_ltb,2006,1.0196
rou,sex_t,age_10yrbands_y15_24,edu_aggregate_ltb,2007,1.0698
rou,sex_t,age_10yrbands_y15_24,edu_aggregate_ltb,2008,1.3258
rou,sex_t,age_10yrbands_y15_24,edu_aggregate_ltb,2009,1.0244
rou,sex_t,age_10yrbands_y15_24,edu_aggregate_total,1997,100
rou,sex_t,age_10yrbands_y15_24,edu_aggregate_total,1998,100
rou,sex_t,age_10yrbands_y15_24,edu_aggregate_total,1999,100
rou,sex_t,age_10yrbands_y15_24,edu_aggregate_total,2000,100
rou,sex_t,age_10yrbands_y15_24,edu_aggregate_total,2001,100
rou,sex_t,age_10yrbands_y15_24,edu_aggregate_total,2002,100
rou,sex_t,age_10yrbands_y15_24,edu_aggregate_total,2003,100
rou,sex_t,age_10yrbands_y15_24,edu_aggregate_total,2004,100
rou,sex_t,age_10yrbands_y15_24,edu_aggregate_total,2005,100
rou,sex_t,age_10yrbands_y15_24,edu_aggregate_total,2006,100
rou,sex_t,age_10yrbands_y15_24,edu_aggregate_total,2007,100
rou,sex_t,age_10yrbands_y15_24,edu_aggregate_total,2008,100
rou,sex_t,age_10yrbands_y15_24,edu_aggregate_total,2009,100
rou,sex_t,age_10yrbands_y15_24,edu_aggregate_total,2010,100
rou,sex_t,age_10yrbands_y15_24,edu_aggregate_total,2011,100
rou,sex_t,age_10yrbands_y15_24,edu_aggregate_total,2012,100
rou,sex_t,age_10yrbands_y15_24,edu_aggregate_total,2013,100
rou,sex_t,age_10yrbands_y15_24,edu_aggregate_total,2014,100
rou,sex_t,age_10yrbands_y15_24,edu_aggregate_total,2015,100
rou,sex_t,age_10yrbands_y15_24,edu_aggregate_total,2016,100
rou,sex_t,age_10yrbands_y15_24,edu_aggregate_total,2017,100
rou,sex_t,age_10yrbands_y15_24,edu_aggregate_total,2018,100
rou,sex_t,age_10yrbands_y15_24,edu_aggregate_total,2019,100
rou,sex_t,age_10yrbands_y15_24,edu_isced11_0,2015,0.8436
rou,sex_t,age_10yrbands_y15_24,edu_isced11_0,2016,0.7151
rou,sex_t,age_10yrbands_y15_24,edu_isced11_0,2017,0.4771
rou,sex_t,age_10yrbands_y15_24,edu_isced11_1,2014,3.5583
rou,sex_t,age_10yrbands_y15_24,edu_isced11_1,2015,3.7177
rou,sex_t,age_10yrbands_y15_24,edu_isced11_1,2016,4.8793
rou,sex_t,age_10yrbands_y15_24,edu_isced11_1,2017,5.2186
rou,sex_t,age_10yrbands_y15_24,edu_isced11_1,2018,3.8688
rou,sex_t,age_10yrbands_y15_24,edu_isced11_1,2019,2.9385
rou,sex_t,age_10yrbands_y15_24,edu_isced11_2,2014,30.5109
rou,sex_t,age_10yrbands_y15_24,edu_isced11_2,2015,28.2617
rou,sex_t,age_10yrbands_y15_24,edu_isced11_2,2016,28.2615
rou,sex_t,age_10yrbands_y15_24,edu_isced11_2,2017,27.2165
rou,sex_t,age_10yrbands_y15_24,edu_isced11_2,2018,25.2483
rou,sex_t,age_10yrbands_y15_24,edu_isced11_2,2019,24.0739
rou,sex_t,age_10yrbands_y15_24,edu_isced11_3,2014,55.5114
rou,sex_t,age_10yrbands_y15_24,edu_isced11_3,2015,57.4744
rou,sex_t,age_10yrbands_y15_24,edu_isced11_3,2016,58.2285
rou,sex_t,age_10yrbands_y15_24,edu_isced11_3,2017,56.9145
rou,sex_t,age_10yrbands_y15_24,edu_isced11_3,2018,61.4016
rou,sex_t,age_10yrbands_y15_24,edu_isced11_3,2019,62.8081
rou,sex_t,age_10yrbands_y15_24,edu_isced11_4,2014,1.3911
rou,sex_t,age_10yrbands_y15_24,edu_isced11_4,2015,1.6013
rou,sex_t,age_10yrbands_y15_24,edu_isced11_4,2016,1.4268
rou,sex_t,age_10yrbands_y15_24,edu_isced11_4,2017,1.3972
rou,sex_t,age_10yrbands_y15_24,edu_isced11_4,2018,1.2695
rou,sex_t,age_10yrbands_y15_24,edu_isced11_4,2019,1.7077
rou,sex_t,age_10yrbands_y15_24,edu_isced11_6,2014,6.4284
rou,sex_t,age_10yrbands_y15_24,edu_isced11_6,2015,7.1801
rou,sex_t,age_10yrbands_y15_24,edu_isced11_6,2016,5.5891
rou,sex_t,age_10yrbands_y15_24,edu_isced11_6,2017,7.9468
rou,sex_t,age_10yrbands_y15_24,edu_isced11_6,2018,7.2174
rou,sex_t,age_10yrbands_y15_24,edu_isced11_6,2019,6.6732
rou,sex_t,age_10yrbands_y15_24,edu_isced11_7,2014,2.3049
rou,sex_t,age_10yrbands_y15_24,edu_isced11_7,2015,0.9018
rou,sex_t,age_10yrbands_y15_24,edu_isced11_7,2016,0.8885
rou,sex_t,age_10yrbands_y15_24,edu_isced11_7,2017,0.7955
rou,sex_t,age_10yrbands_y15_24,edu_isced11_total,2014,100
rou,sex_t,age_10yrbands_y15_24,edu_isced11_total,2015,100
rou,sex_t,age_10yrbands_y15_24,edu_isced11_total,2016,100
rou,sex_t,age_10yrbands_y15_24,edu_isced11_total,2017,100
rou,sex_t,age_10yrbands_y15_24,edu_isced11_total,2018,100
rou,sex_t,age_10yrbands_y15_24,edu_isced11_total,2019,100
rou,sex_t,age_10yrbands_y15_24,edu_isced97_0,2001,1.4619
rou,sex_t,age_10yrbands_y15_24,edu_isced97_0,2002,0.4226
rou,sex_t,age_10yrbands_y15_24,edu_isced97_0,2003,1.6157
rou,sex_t,age_10yrbands_y15_24,edu_isced97_0,2004,1.8043
rou,sex_t,age_10yrbands_y15_24,edu_isced97_0,2005,1.4316
rou,sex_t,age_10yrbands_y15_24,edu_isced97_0,2006,1.0196
rou,sex_t,age_10yrbands_y15_24,edu_isced97_0,2007,1.0698
rou,sex_t,age_10yrbands_y15_24,edu_isced97_0,2008,1.3258
rou,sex_t,age_10yrbands_y15_24,edu_isced97_0,2009,1.0244
rou,sex_t,age_10yrbands_y15_24,edu_isced97_0,2011,0.8398
rou,sex_t,age_10yrbands_y15_24,edu_isced97_0,2012,0.5792
rou,sex_t,age_10yrbands_y15_24,edu_isced97_0,2013,0.6304
rou,sex_t,age_10yrbands_y15_24,edu_isced97_1,1998,5.2191
rou,sex_t,age_10yrbands_y15_24,edu_isced97_1,1999,5.913
rou,sex_t,age_10yrbands_y15_24,edu_isced97_1,2000,6.8366
rou,sex_t,age_10yrbands_y15_24,edu_isced97_1,2001,5.7431
rou,sex_t,age_10yrbands_y15_24,edu_isced97_1,2002,6.0157
rou,sex_t,age_10yrbands_y15_24,edu_isced97_1,2003,5.8819
rou,sex_t,age_10yrbands_y15_24,edu_isced97_1,2004,5.4616
rou,sex_t,age_10yrbands_y15_24,edu_isced97_1,2005,4.9114
rou,sex_t,age_10yrbands_y15_24,edu_isced97_1,2006,4.1999
rou,sex_t,age_10yrbands_y15_24,edu_isced97_1,2007,5.204
rou,sex_t,age_10yrbands_y15_24,edu_isced97_1,2008,4.6261
rou,sex_t,age_10yrbands_y15_24,edu_isced97_1,2009,4.613
rou,sex_t,age_10yrbands_y15_24,edu_isced97_1,2010,5.4894
rou,sex_t,age_10yrbands_y15_24,edu_isced97_1,2011,3.6183
rou,sex_t,age_10yrbands_y15_24,edu_isced97_1,2012,3.6186
rou,sex_t,age_10yrbands_y15_24,edu_isced97_1,2013,3.3477
rou,sex_t,age_10yrbands_y15_24,edu_isced97_2,1998,26.6619
rou,sex_t,age_10yrbands_y15_24,edu_isced97_2,1999,31.3095
rou,sex_t,age_10yrbands_y15_24,edu_isced97_2,2000,33.1149
rou,sex_t,age_10yrbands_y15_24,edu_isced97_2,2001,32.0525
rou,sex_t,age_10yrbands_y15_24,edu_isced97_2,2002,33.7663
rou,sex_t,age_10yrbands_y15_24,edu_isced97_2,2003,34.6972
rou,sex_t,age_10yrbands_y15_24,edu_isced97_2,2004,30.6941
rou,sex_t,age_10yrbands_y15_24,edu_isced97_2,2005,30.9025
rou,sex_t,age_10yrbands_y15_24,edu_isced97_2,2006,30.9594
rou,sex_t,age_10yrbands_y15_24,edu_isced97_2,2007,29.4097
rou,sex_t,age_10yrbands_y15_24,edu_isced97_2,2008,26.807
rou,sex_t,age_10yrbands_y15_24,edu_isced97_2,2009,27.3788
rou,sex_t,age_10yrbands_y15_24,edu_isced97_2,2010,30.0045
rou,sex_t,age_10yrbands_y15_24,edu_isced97_2,2011,29.0041
rou,sex_t,age_10yrbands_y15_24,edu_isced97_2,2012,30.2327
rou,sex_t,age_10yrbands_y15_24,edu_isced97_2,2013,29.9224
rou,sex_t,age_10yrbands_y15_24,edu_isced97_3,1998,65.887
rou,sex_t,age_10yrbands_y15_24,edu_isced97_3,1999,60.239
rou,sex_t,age_10yrbands_y15_24,edu_isced97_3,2000,57.4055
rou,sex_t,age_10yrbands_y15_24,edu_isced97_3,2001,58.1346
rou,sex_t,age_10yrbands_y15_24,edu_isced97_3,2002,54.4938
rou,sex_t,age_10yrbands_y15_24,edu_isced97_3,2003,51.8785
rou,sex_t,age_10yrbands_y15_24,edu_isced97_3,2004,53.7579
rou,sex_t,age_10yrbands_y15_24,edu_isced97_3,2005,55.3398
rou,sex_t,age_10yrbands_y15_24,edu_isced97_3,2006,57.0823
rou,sex_t,age_10yrbands_y15_24,edu_isced97_3,2007,57.1564
rou,sex_t,age_10yrbands_y15_24,edu_isced97_3,2008,59.4416
rou,sex_t,age_10yrbands_y15_24,edu_isced97_3,2009,57.2006
rou,sex_t,age_10yrbands_y15_24,edu_isced97_3,2010,54.4251
rou,sex_t,age_10yrbands_y15_24,edu_isced97_3,2011,55.6492
rou,sex_t,age_10yrbands_y15_24,edu_isced97_3,2012,54.7634
rou,sex_t,age_10yrbands_y15_24,edu_isced97_3,2013,55.8285
rou,sex_t,age_10yrbands_y15_24,edu_isced97_4,2002,2.0354
rou,sex_t,age_10yrbands_y15_24,edu_isced97_4,2003,2.0308
rou,sex_t,age_10yrbands_y15_24,edu_isced97_4,2004,2.7858
rou,sex_t,age_10yrbands_y15_24,edu_isced97_4,2005,2.6342
rou,sex_t,age_10yrbands_y15_24,edu_isced97_4,2006,2.0703
rou,sex_t,age_10yrbands_y15_24,edu_isced97_4,2007,1.658
rou,sex_t,age_10yrbands_y15_24,edu_isced97_4,2008,1.5044
rou,sex_t,age_10yrbands_y15_24,edu_isced97_4,2009,1.9241
rou,sex_t,age_10yrbands_y15_24,edu_isced97_4,2010,1.389
rou,sex_t,age_10yrbands_y15_24,edu_isced97_4,2011,1.5978
rou,sex_t,age_10yrbands_y15_24,edu_isced97_4,2012,1.3944
rou,sex_t,age_10yrbands_y15_24,edu_isced97_4,2013,1.1342
rou,sex_t,age_10yrbands_y15_24,edu_isced97_5,1998,2.232
rou,sex_t,age_10yrbands_y15_24,edu_isced97_5,1999,2.5385
rou,sex_t,age_10yrbands_y15_24,edu_isced97_5,2000,2.643
rou,sex_t,age_10yrbands_y15_24,edu_isced97_5,2001,2.608
rou,sex_t,age_10yrbands_y15_24,edu_isced97_5,2002,3.2663
rou,sex_t,age_10yrbands_y15_24,edu_isced97_5,2003,3.8959
rou,sex_t,age_10yrbands_y15_24,edu_isced97_5,2004,5.4963
rou,sex_t,age_10yrbands_y15_24,edu_isced97_5,2005,4.7805
rou,sex_t,age_10yrbands_y15_24,edu_isced97_5,2006,4.6683
rou,sex_t,age_10yrbands_y15_24,edu_isced97_5,2007,5.5021
rou,sex_t,age_10yrbands_y15_24,edu_isced97_5,2008,6.2951
rou,sex_t,age_10yrbands_y15_24,edu_isced97_5,2009,7.859
rou,sex_t,age_10yrbands_y15_24,edu_isced97_5,2010,7.8403
rou,sex_t,age_10yrbands_y15_24,edu_isced97_5,2011,9.291
rou,sex_t,age_10yrbands_y15_24,edu_isced97_5,2012,9.4115
rou,sex_t,age_10yrbands_y15_24,edu_isced97_5,2013,9.1368
rou,sex_t,age_10yrbands_y15_24,edu_isced97_total,1998,100
rou,sex_t,age_10yrbands_y15_24,edu_isced97_total,1999,100
rou,sex_t,age_10yrbands_y15_24,edu_isced97_total,2000,100
rou,sex_t,age_10yrbands_y15_24,edu_isced97_total,2001,100
rou,sex_t,age_10yrbands_y15_24,edu_isced97_total,2002,100
rou,sex_t,age_10yrbands_y15_24,edu_isced97_total,2003,100
rou,sex_t,age_10yrbands_y15_24,edu_isced97_total,2004,100
rou,sex_t,age_10yrbands_y15_24,edu_isced97_total,2005,100
rou,sex_t,age_10yrbands_y15_24,edu_isced97_total,2006,100
rou,sex_t,age_10yrbands_y15_24,edu_isced97_total,2007,100
rou,sex_t,age_10yrbands_y15_24,edu_isced97_total,2008,100
rou,sex_t,age_10yrbands_y15_24,edu_isced97_total,2009,100
rou,sex_t,age_10yrbands_y15_24,edu_isced97_total,2010,100
rou,sex_t,age_10yrbands_y15_24,edu_isced97_total,2011,100
rou,sex_t,age_10yrbands_y15_24,edu_isced97_total,2012,100
rou,sex_t,age_10yrbands_y15_24,edu_isced97_total,2013,100
rou,sex_t,age_10yrbands_y25_34,edu_aggregate_adv,1997,12.9592
rou,sex_t,age_10yrbands_y25_34,edu_aggregate_adv,1998,9.5838
rou,sex_t,age_10yrbands_y25_34,edu_aggregate_adv,1999,9.9596
rou,sex_t,age_10yrbands_y25_34,edu_aggregate_adv,2000,9.9093
rou,sex_t,age_10yrbands_y25_34,edu_aggregate_adv,2001,10.7038
rou,sex_t,age_10yrbands_y25_34,edu_aggregate_adv,2002,12.3562
rou,sex_t,age_10yrbands_y25_34,edu_aggregate_adv,2003,12.9707
rou,sex_t,age_10yrbands_y25_34,edu_aggregate_adv,2004,14.6608
rou,sex_t,age_10yrbands_y25_34,edu_aggregate_adv,2005,16.3341
rou,sex_t,age_10yrbands_y25_34,edu_aggregate_adv,2006,18.0139
rou,sex_t,age_10yrbands_y25_34,edu_aggregate_adv,2007,20.464
rou,sex_t,age_10yrbands_y25_34,edu_aggregate_adv,2008,22.882
rou,sex_t,age_10yrbands_y25_34,edu_aggregate_adv,2009,23.7005
rou,sex_t,age_10yrbands_y25_34,edu_aggregate_adv,2010,24.0668
rou,sex_t,age_10yrbands_y25_34,edu_aggregate_adv,2011,26.5528
rou,sex_t,age_10yrbands_y25_34,edu_aggregate_adv,2012,27.3918
rou,sex_t,age_10yrbands_y25_34,edu_aggregate_adv,2013,28.4188
rou,sex_t,age_10yrbands_y25_34,edu_aggregate_adv,2014,28.8686
rou,sex_t,age_10yrbands_y25_34,edu_aggregate_adv,2015,29.6634
rou,sex_t,age_10yrbands_y25_34,edu_aggregate_adv,2016,29.3273
rou,sex_t,age_10yrbands_y25_34,edu_aggregate_adv,2017,29.9448
rou,sex_t,age_10yrbands_y25_34,edu_aggregate_adv,2018,29.0106
rou,sex_t,age_10yrbands_y25_34,edu_aggregate_adv,2019,29.5571
rou,sex_t,age_10yrbands_y25_34,edu_aggregate_bas,1997,9.9187
rou,sex_t,age_10yrbands_y25_34,edu_aggregate_bas,1998,9.8508
rou,sex_t,age_10yrbands_y25_34,edu_aggregate_bas,1999,10.7791
rou,sex_t,age_10yrbands_y25_34,edu_aggregate_bas,2000,12.0457
rou,sex_t,age_10yrbands_y25_34,edu_aggregate_bas,2001,11.9897
rou,sex_t,age_10yrbands_y25_34,edu_aggregate_bas,2002,12.7538
rou,sex_t,age_10yrbands_y25_34,edu_aggregate_bas,2003,15.4471
rou,sex_t,age_10yrbands_y25_34,edu_aggregate_bas,2004,15.6451
rou,sex_t,age_10yrbands_y25_34,edu_aggregate_bas,2005,15.9391
rou,sex_t,age_10yrbands_y25_34,edu_aggregate_bas,2006,16.644
rou,sex_t,age_10yrbands_y25_34,edu_aggregate_bas,2007,16.4321
rou,sex_t,age_10yrbands_y25_34,edu_aggregate_bas,2008,16.8899
rou,sex_t,age_10yrbands_y25_34,edu_aggregate_bas,2009,18.2084
rou,sex_t,age_10yrbands_y25_34,edu_aggregate_bas,2010,18.9779
rou,sex_t,age_10yrbands_y25_34,edu_aggregate_bas,2011,18.1509
rou,sex_t,age_10yrbands_y25_34,edu_aggregate_bas,2012,17.6433
rou,sex_t,age_10yrbands_y25_34,edu_aggregate_bas,2013,17.228
rou,sex_t,age_10yrbands_y25_34,edu_aggregate_bas,2014,19.0479
rou,sex_t,age_10yrbands_y25_34,edu_aggregate_bas,2015,18.535
rou,sex_t,age_10yrbands_y25_34,edu_aggregate_bas,2016,17.9485
rou,sex_t,age_10yrbands_y25_34,edu_aggregate_bas,2017,18.0642
rou,sex_t,age_10yrbands_y25_34,edu_aggregate_bas,2018,17.568
rou,sex_t,age_10yrbands_y25_34,edu_aggregate_bas,2019,16.4635
rou,sex_t,age_10yrbands_y25_34,edu_aggregate_int,1997,77.1221
rou,sex_t,age_10yrbands_y25_34,edu_aggregate_int,1998,80.5654
rou,sex_t,age_10yrbands_y25_34,edu_aggregate_int,1999,79.2612
rou,sex_t,age_10yrbands_y25_34,edu_aggregate_int,2000,78.045
rou,sex_t,age_10yrbands_y25_34,edu_aggregate_int,2001,77.0156
rou,sex_t,age_10yrbands_y25_34,edu_aggregate_int,2002,74.59
rou,sex_t,age_10yrbands_y25_34,edu_aggregate_int,2003,71.3458
rou,sex_t,age_10yrbands_y25_34,edu_aggregate_int,2004,69.1455
rou,sex_t,age_10yrbands_y25_34,edu_aggregate_int,2005,67.1553
rou,sex_t,age_10yrbands_y25_34,edu_aggregate_int,2006,64.9421
rou,sex_t,age_10yrbands_y25_34,edu_aggregate_int,2007,62.63
rou,sex_t,age_10yrbands_y25_34,edu_aggregate_int,2008,59.6694
rou,sex_t,age_10yrbands_y25_34,edu_aggregate_int,2009,57.5443
rou,sex_t,age_10yrbands_y25_34,edu_aggregate_int,2010,56.5033
rou,sex_t,age_10yrbands_y25_34,edu_aggregate_int,2011,55.0079
rou,sex_t,age_10yrbands_y25_34,edu_aggregate_int,2012,54.6535
rou,sex_t,age_10yrbands_y25_34,edu_aggregate_int,2013,53.9722
rou,sex_t,age_10yrbands_y25_34,edu_aggregate_int,2014,51.7026
rou,sex_t,age_10yrbands_y25_34,edu_aggregate_int,2015,51.4408
rou,sex_t,age_10yrbands_y25_34,edu_aggregate_int,2016,52.4823
rou,sex_t,age_10yrbands_y25_34,edu_aggregate_int,2017,51.626
rou,sex_t,age_10yrbands_y25_34,edu_aggregate_int,2018,53.0372
rou,sex_t,age_10yrbands_y25_34,edu_aggregate_int,2019,53.6549
rou,sex_t,age_10yrbands_y25_34,edu_aggregate_ltb,2001,0.2909
rou,sex_t,age_10yrbands_y25_34,edu_aggregate_ltb,2002,0.3001
rou,sex_t,age_10yrbands_y25_34,edu_aggregate_ltb,2003,0.2365
rou,sex_t,age_10yrbands_y25_34,edu_aggregate_ltb,2004,0.5486
rou,sex_t,age_10yrbands_y25_34,edu_aggregate_ltb,2005,0.5715
rou,sex_t,age_10yrbands_y25_34,edu_aggregate_ltb,2006,0.3999
rou,sex_t,age_10yrbands_y25_34,edu_aggregate_ltb,2007,0.474
rou,sex_t,age_10yrbands_y25_34,edu_aggregate_ltb,2008,0.5587
rou,sex_t,age_10yrbands_y25_34,edu_aggregate_ltb,2009,0.5468
rou,sex_t,age_10yrbands_y25_34,edu_aggregate_ltb,2010,0.452
rou,sex_t,age_10yrbands_y25_34,edu_aggregate_ltb,2012,0.3115
rou,sex_t,age_10yrbands_y25_34,edu_aggregate_ltb,2013,0.381
rou,sex_t,age_10yrbands_y25_34,edu_aggregate_ltb,2014,0.381
rou,sex_t,age_10yrbands_y25_34,edu_aggregate_ltb,2015,0.3608
rou,sex_t,age_10yrbands_y25_34,edu_aggregate_ltb,2017,0.365
rou,sex_t,age_10yrbands_y25_34,edu_aggregate_ltb,2018,0.3842
rou,sex_t,age_10yrbands_y25_34,edu_aggregate_total,1997,100
rou,sex_t,age_10yrbands_y25_34,edu_aggregate_total,1998,100
rou,sex_t,age_10yrbands_y25_34,edu_aggregate_total,1999,100
rou,sex_t,age_10yrbands_y25_34,edu_aggregate_total,2000,100
rou,sex_t,age_10yrbands_y25_34,edu_aggregate_total,2001,100
rou,sex_t,age_10yrbands_y25_34,edu_aggregate_total,2002,100
rou,sex_t,age_10yrbands_y25_34,edu_aggregate_total,2003,100
rou,sex_t,age_10yrbands_y25_34,edu_aggregate_total,2004,100
rou,sex_t,age_10yrbands_y25_34,edu_aggregate_total,2005,100
rou,sex_t,age_10yrbands_y25_34,edu_aggregate_total,2006,100
rou,sex_t,age_10yrbands_y25_34,edu_aggregate_total,2007,100
rou,sex_t,age_10yrbands_y25_34,edu_aggregate_total,2008,100
rou,sex_t,age_10yrbands_y25_34,edu_aggregate_total,2009,100
rou,sex_t,age_10yrbands_y25_34,edu_aggregate_total,2010,100
rou,sex_t,age_10yrbands_y25_34,edu_aggregate_total,2011,100
rou,sex_t,age_10yrbands_y25_34,edu_aggregate_total,2012,100
rou,sex_t,age_10yrbands_y25_34,edu_aggregate_total,2013,100
rou,sex_t,age_10yrbands_y25_34,edu_aggregate_total,2014,100
rou,sex_t,age_10yrbands_y25_34,edu_aggregate_total,2015,100
rou,sex_t,age_10yrbands_y25_34,edu_aggregate_total,2016,100
rou,sex_t,age_10yrbands_y25_34,edu_aggregate_total,2017,100
rou,sex_t,age_10yrbands_y25_34,edu_aggregate_total,2018,100
rou,sex_t,age_10yrbands_y25_34,edu_aggregate_total,2019,100
rou,sex_t,age_10yrbands_y25_34,edu_isced11_0,2014,0.381
rou,sex_t,age_10yrbands_y25_34,edu_isced11_0,2015,0.3608
rou,sex_t,age_10yrbands_y25_34,edu_isced11_0,2016,0.2419
rou,sex_t,age_10yrbands_y25_34,edu_isced11_0,2017,0.365
rou,sex_t,age_10yrbands_y25_34,edu_isced11_0,2018,0.3842
rou,sex_t,age_10yrbands_y25_34,edu_isced11_1,2014,1.5641
rou,sex_t,age_10yrbands_y25_34,edu_isced11_1,2015,2.0373
rou,sex_t,age_10yrbands_y25_34,edu_isced11_1,2016,1.6337
rou,sex_t,age_10yrbands_y25_34,edu_isced11_1,2017,1.7088
rou,sex_t,age_10yrbands_y25_34,edu_isced11_1,2018,1.7007
rou,sex_t,age_10yrbands_y25_34,edu_isced11_1,2019,1.9058
rou,sex_t,age_10yrbands_y25_34,edu_isced11_2,2014,17.4838
rou,sex_t,age_10yrbands_y25_34,edu_isced11_2,2015,16.4977
rou,sex_t,age_10yrbands_y25_34,edu_isced11_2,2016,16.3148
rou,sex_t,age_10yrbands_y25_34,edu_isced11_2,2017,16.3553
rou,sex_t,age_10yrbands_y25_34,edu_isced11_2,2018,15.8673
rou,sex_t,age_10yrbands_y25_34,edu_isced11_2,2019,14.5577
rou,sex_t,age_10yrbands_y25_34,edu_isced11_3,2014,48.778
rou,sex_t,age_10yrbands_y25_34,edu_isced11_3,2015,48.145
rou,sex_t,age_10yrbands_y25_34,edu_isced11_3,2016,49.5634
rou,sex_t,age_10yrbands_y25_34,edu_isced11_3,2017,48.8659
rou,sex_t,age_10yrbands_y25_34,edu_isced11_3,2018,50.1068
rou,sex_t,age_10yrbands_y25_34,edu_isced11_3,2019,50.7984
rou,sex_t,age_10yrbands_y25_34,edu_isced11_4,2014,2.9246
rou,sex_t,age_10yrbands_y25_34,edu_isced11_4,2015,3.2959
rou,sex_t,age_10yrbands_y25_34,edu_isced11_4,2016,2.9189
rou,sex_t,age_10yrbands_y25_34,edu_isced11_4,2017,2.7602
rou,sex_t,age_10yrbands_y25_34,edu_isced11_4,2018,2.9303
rou,sex_t,age_10yrbands_y25_34,edu_isced11_4,2019,2.8565
rou,sex_t,age_10yrbands_y25_34,edu_isced11_5,2014,0.8479
rou,sex_t,age_10yrbands_y25_34,edu_isced11_5,2015,0.3895
rou,sex_t,age_10yrbands_y25_34,edu_isced11_5,2016,0.2724
rou,sex_t,age_10yrbands_y25_34,edu_isced11_5,2017,0.236
rou,sex_t,age_10yrbands_y25_34,edu_isced11_5,2019,0.5025
rou,sex_t,age_10yrbands_y25_34,edu_isced11_6,2014,12.3484
rou,sex_t,age_10yrbands_y25_34,edu_isced11_6,2015,13.5856
rou,sex_t,age_10yrbands_y25_34,edu_isced11_6,2016,14.9239
rou,sex_t,age_10yrbands_y25_34,edu_isced11_6,2017,16.364
rou,sex_t,age_10yrbands_y25_34,edu_isced11_6,2018,17.6947
rou,sex_t,age_10yrbands_y25_34,edu_isced11_6,2019,18.5605
rou,sex_t,age_10yrbands_y25_34,edu_isced11_7,2014,15.544
rou,sex_t,age_10yrbands_y25_34,edu_isced11_7,2015,15.6458
rou,sex_t,age_10yrbands_y25_34,edu_isced11_7,2016,14.075
rou,sex_t,age_10yrbands_y25_34,edu_isced11_7,2017,13.2506
rou,sex_t,age_10yrbands_y25_34,edu_isced11_7,2018,10.9757
rou,sex_t,age_10yrbands_y25_34,edu_isced11_7,2019,10.3866
rou,sex_t,age_10yrbands_y25_34,edu_isced11_8,2015,0.0426
rou,sex_t,age_10yrbands_y25_34,edu_isced11_8,2016,0.056
rou,sex_t,age_10yrbands_y25_34,edu_isced11_8,2017,0.0941
rou,sex_t,age_10yrbands_y25_34,edu_isced11_total,2014,100
rou,sex_t,age_10yrbands_y25_34,edu_isced11_total,2015,100
rou,sex_t,age_10yrbands_y25_34,edu_isced11_total,2016,100
rou,sex_t,age_10yrbands_y25_34,edu_isced11_total,2017,100
rou,sex_t,age_10yrbands_y25_34,edu_isced11_total,2018,100
rou,sex_t,age_10yrbands_y25_34,edu_isced11_total,2019,100
rou,sex_t,age_10yrbands_y25_34,edu_isced97_0,2001,0.2909
rou,sex_t,age_10yrbands_y25_34,edu_isced97_0,2002,0.3001
rou,sex_t,age_10yrbands_y25_34,edu_isced97_0,2003,0.2365
rou,sex_t,age_10yrbands_y25_34,edu_isced97_0,2004,0.5486
rou,sex_t,age_10yrbands_y25_34,edu_isced97_0,2005,0.5715
rou,sex_t,age_10yrbands_y25_34,edu_isced97_0,2006,0.3999
rou,sex_t,age_10yrbands_y25_34,edu_isced97_0,2007,0.474
rou,sex_t,age_10yrbands_y25_34,edu_isced97_0,2008,0.5587
rou,sex_t,age_10yrbands_y25_34,edu_isced97_0,2009,0.5468
rou,sex_t,age_10yrbands_y25_34,edu_isced97_0,2010,0.452
rou,sex_t,age_10yrbands_y25_34,edu_isced97_0,2011,0.2883
rou,sex_t,age_10yrbands_y25_34,edu_isced97_0,2012,0.3115
rou,sex_t,age_10yrbands_y25_34,edu_isced97_0,2013,0.381
rou,sex_t,age_10yrbands_y25_34,edu_isced97_1,1998,1.4928
rou,sex_t,age_10yrbands_y25_34,edu_isced97_1,1999,1.6038
rou,sex_t,age_10yrbands_y25_34,edu_isced97_1,2000,1.9706
rou,sex_t,age_10yrbands_y25_34,edu_isced97_1,2001,1.5512
rou,sex_t,age_10yrbands_y25_34,edu_isced97_1,2002,1.359
rou,sex_t,age_10yrbands_y25_34,edu_isced97_1,2003,1.6193
rou,sex_t,age_10yrbands_y25_34,edu_isced97_1,2004,1.5716
rou,sex_t,age_10yrbands_y25_34,edu_isced97_1,2005,1.7382
rou,sex_t,age_10yrbands_y25_34,edu_isced97_1,2006,1.8929
rou,sex_t,age_10yrbands_y25_34,edu_isced97_1,2007,1.6704
rou,sex_t,age_10yrbands_y25_34,edu_isced97_1,2008,1.8747
rou,sex_t,age_10yrbands_y25_34,edu_isced97_1,2009,2.15
rou,sex_t,age_10yrbands_y25_34,edu_isced97_1,2010,2.0153
rou,sex_t,age_10yrbands_y25_34,edu_isced97_1,2011,1.7431
rou,sex_t,age_10yrbands_y25_34,edu_isced97_1,2012,1.6176
rou,sex_t,age_10yrbands_y25_34,edu_isced97_1,2013,1.7572
rou,sex_t,age_10yrbands_y25_34,edu_isced97_2,1998,8.358
rou,sex_t,age_10yrbands_y25_34,edu_isced97_2,1999,9.1753
rou,sex_t,age_10yrbands_y25_34,edu_isced97_2,2000,10.0751
rou,sex_t,age_10yrbands_y25_34,edu_isced97_2,2001,10.4385
rou,sex_t,age_10yrbands_y25_34,edu_isced97_2,2002,11.3947
rou,sex_t,age_10yrbands_y25_34,edu_isced97_2,2003,13.8278
rou,sex_t,age_10yrbands_y25_34,edu_isced97_2,2004,14.0735
rou,sex_t,age_10yrbands_y25_34,edu_isced97_2,2005,14.2009
rou,sex_t,age_10yrbands_y25_34,edu_isced97_2,2006,14.7511
rou,sex_t,age_10yrbands_y25_34,edu_isced97_2,2007,14.7617
rou,sex_t,age_10yrbands_y25_34,edu_isced97_2,2008,15.0152
rou,sex_t,age_10yrbands_y25_34,edu_isced97_2,2009,16.0584
rou,sex_t,age_10yrbands_y25_34,edu_isced97_2,2010,16.9626
rou,sex_t,age_10yrbands_y25_34,edu_isced97_2,2011,16.4078
rou,sex_t,age_10yrbands_y25_34,edu_isced97_2,2012,16.0257
rou,sex_t,age_10yrbands_y25_34,edu_isced97_2,2013,15.4708
rou,sex_t,age_10yrbands_y25_34,edu_isced97_3,1998,80.5654
rou,sex_t,age_10yrbands_y25_34,edu_isced97_3,1999,79.2612
rou,sex_t,age_10yrbands_y25_34,edu_isced97_3,2000,78.045
rou,sex_t,age_10yrbands_y25_34,edu_isced97_3,2001,77.0156
rou,sex_t,age_10yrbands_y25_34,edu_isced97_3,2002,69.9203
rou,sex_t,age_10yrbands_y25_34,edu_isced97_3,2003,66.8705
rou,sex_t,age_10yrbands_y25_34,edu_isced97_3,2004,63.3535
rou,sex_t,age_10yrbands_y25_34,edu_isced97_3,2005,62.003
rou,sex_t,age_10yrbands_y25_34,edu_isced97_3,2006,59.6076
rou,sex_t,age_10yrbands_y25_34,edu_isced97_3,2007,57.4974
rou,sex_t,age_10yrbands_y25_34,edu_isced97_3,2008,54.6252
rou,sex_t,age_10yrbands_y25_34,edu_isced97_3,2009,52.575
rou,sex_t,age_10yrbands_y25_34,edu_isced97_3,2010,51.6412
rou,sex_t,age_10yrbands_y25_34,edu_isced97_3,2011,50.2358
rou,sex_t,age_10yrbands_y25_34,edu_isced97_3,2012,50.5055
rou,sex_t,age_10yrbands_y25_34,edu_isced97_3,2013,50.7248
rou,sex_t,age_10yrbands_y25_34,edu_isced97_4,2002,4.6697
rou,sex_t,age_10yrbands_y25_34,edu_isced97_4,2003,4.4752
rou,sex_t,age_10yrbands_y25_34,edu_isced97_4,2004,5.7919
rou,sex_t,age_10yrbands_y25_34,edu_isced97_4,2005,5.1523
rou,sex_t,age_10yrbands_y25_34,edu_isced97_4,2006,5.3346
rou,sex_t,age_10yrbands_y25_34,edu_isced97_4,2007,5.1326
rou,sex_t,age_10yrbands_y25_34,edu_isced97_4,2008,5.0442
rou,sex_t,age_10yrbands_y25_34,edu_isced97_4,2009,4.9693
rou,sex_t,age_10yrbands_y25_34,edu_isced97_4,2010,4.8621
rou,sex_t,age_10yrbands_y25_34,edu_isced97_4,2011,4.7722
rou,sex_t,age_10yrbands_y25_34,edu_isced97_4,2012,4.148
rou,sex_t,age_10yrbands_y25_34,edu_isced97_4,2013,3.2474
rou,sex_t,age_10yrbands_y25_34,edu_isced97_5,1998,9.5838
rou,sex_t,age_10yrbands_y25_34,edu_isced97_5,1999,9.9596
rou,sex_t,age_10yrbands_y25_34,edu_isced97_5,2000,9.9093
rou,sex_t,age_10yrbands_y25_34,edu_isced97_5,2001,10.7038
rou,sex_t,age_10yrbands_y25_34,edu_isced97_5,2002,12.3231
rou,sex_t,age_10yrbands_y25_34,edu_isced97_5,2003,12.9465
rou,sex_t,age_10yrbands_y25_34,edu_isced97_5,2004,14.5188
rou,sex_t,age_10yrbands_y25_34,edu_isced97_5,2005,16.2645
rou,sex_t,age_10yrbands_y25_34,edu_isced97_5,2006,17.9576
rou,sex_t,age_10yrbands_y25_34,edu_isced97_5,2007,20.4124
rou,sex_t,age_10yrbands_y25_34,edu_isced97_5,2008,22.8092
rou,sex_t,age_10yrbands_y25_34,edu_isced97_5,2009,23.5937
rou,sex_t,age_10yrbands_y25_34,edu_isced97_5,2010,23.987
rou,sex_t,age_10yrbands_y25_34,edu_isced97_5,2011,26.4909
rou,sex_t,age_10yrbands_y25_34,edu_isced97_5,2012,27.2993
rou,sex_t,age_10yrbands_y25_34,edu_isced97_5,2013,28.3131
rou,sex_t,age_10yrbands_y25_34,edu_isced97_6,2004,0.142
rou,sex_t,age_10yrbands_y25_34,edu_isced97_6,2006,0.0563
rou,sex_t,age_10yrbands_y25_34,edu_isced97_6,2007,0.0516
rou,sex_t,age_10yrbands_y25_34,edu_isced97_6,2008,0.0729
rou,sex_t,age_10yrbands_y25_34,edu_isced97_6,2009,0.1068
rou,sex_t,age_10yrbands_y25_34,edu_isced97_6,2011,0.0619
rou,sex_t,age_10yrbands_y25_34,edu_isced97_6,2012,0.0924
rou,sex_t,age_10yrbands_y25_34,edu_isced97_6,2013,0.1056
rou,sex_t,age_10yrbands_y25_34,edu_isced97_total,1998,100
rou,sex_t,age_10yrbands_y25_34,edu_isced97_total,1999,100
rou,sex_t,age_10yrbands_y25_34,edu_isced97_total,2000,100
rou,sex_t,age_10yrbands_y25_34,edu_isced97_total,2001,100
rou,sex_t,age_10yrbands_y25_34,edu_isced97_total,2002,100
rou,sex_t,age_10yrbands_y25_34,edu_isced97_total,2003,100
rou,sex_t,age_10yrbands_y25_34,edu_isced97_total,2004,100
rou,sex_t,age_10yrbands_y25_34,edu_isced97_total,2005,100
rou,sex_t,age_10yrbands_y25_34,edu_isced97_total,2006,100
rou,sex_t,age_10yrbands_y25_34,edu_isced97_total,2007,100
rou,sex_t,age_10yrbands_y25_34,edu_isced97_total,2008,100
rou,sex_t,age_10yrbands_y25_34,edu_isced97_total,2009,100
rou,sex_t,age_10yrbands_y25_34,edu_isced97_total,2010,100
rou,sex_t,age_10yrbands_y25_34,edu_isced97_total,2011,100
rou,sex_t,age_10yrbands_y25_34,edu_isced97_total,2012,100
rou,sex_t,age_10yrbands_y25_34,edu_isced97_total,2013,100
rou,sex_t,age_10yrbands_y35_44,edu_aggregate_adv,1997,17.3364
rou,sex_t,age_10yrbands_y35_44,edu_aggregate_adv,1998,11.2921
rou,sex_t,age_10yrbands_y35_44,edu_aggregate_adv,1999,10.4425
rou,sex_t,age_10yrbands_y35_44,edu_aggregate_adv,2000,11.5985
rou,sex_t,age_10yrbands_y35_44,edu_aggregate_adv,2001,12.6439
rou,sex_t,age_10yrbands_y35_44,edu_aggregate_adv,2002,11.7076
rou,sex_t,age_10yrbands_y35_44,edu_aggregate_adv,2003,10.4729
rou,sex_t,age_10yrbands_y35_44,edu_aggregate_adv,2004,12.2122
rou,sex_t,age_10yrbands_y35_44,edu_aggregate_adv,2005,12.8891
rou,sex_t,age_10yrbands_y35_44,edu_aggregate_adv,2006,12.8691
rou,sex_t,age_10yrbands_y35_44,edu_aggregate_adv,2007,12.2253
rou,sex_t,age_10yrbands_y35_44,edu_aggregate_adv,2008,13.6947
rou,sex_t,age_10yrbands_y35_44,edu_aggregate_adv,2009,15.0723
rou,sex_t,age_10yrbands_y35_44,edu_aggregate_adv,2010,16.0985
rou,sex_t,age_10yrbands_y35_44,edu_aggregate_adv,2011,17.5639
rou,sex_t,age_10yrbands_y35_44,edu_aggregate_adv,2012,18.3444
rou,sex_t,age_10yrbands_y35_44,edu_aggregate_adv,2013,19.2247
rou,sex_t,age_10yrbands_y35_44,edu_aggregate_adv,2014,20.1492
rou,sex_t,age_10yrbands_y35_44,edu_aggregate_adv,2015,23.1312
rou,sex_t,age_10yrbands_y35_44,edu_aggregate_adv,2016,24.1712
rou,sex_t,age_10yrbands_y35_44,edu_aggregate_adv,2017,24.0709
rou,sex_t,age_10yrbands_y35_44,edu_aggregate_adv,2018,25.886
rou,sex_t,age_10yrbands_y35_44,edu_aggregate_adv,2019,27.4496
rou,sex_t,age_10yrbands_y35_44,edu_aggregate_bas,1997,20.9917
rou,sex_t,age_10yrbands_y35_44,edu_aggregate_bas,1998,19.2382
rou,sex_t,age_10yrbands_y35_44,edu_aggregate_bas,1999,18.8543
rou,sex_t,age_10yrbands_y35_44,edu_aggregate_bas,2000,17.349
rou,sex_t,age_10yrbands_y35_44,edu_aggregate_bas,2001,15.1623
rou,sex_t,age_10yrbands_y35_44,edu_aggregate_bas,2002,14.9321
rou,sex_t,age_10yrbands_y35_44,edu_aggregate_bas,2003,14.6088
rou,sex_t,age_10yrbands_y35_44,edu_aggregate_bas,2004,12.2782
rou,sex_t,age_10yrbands_y35_44,edu_aggregate_bas,2005,11.3049
rou,sex_t,age_10yrbands_y35_44,edu_aggregate_bas,2006,10.7369
rou,sex_t,age_10yrbands_y35_44,edu_aggregate_bas,2007,11.1809
rou,sex_t,age_10yrbands_y35_44,edu_aggregate_bas,2008,11.1193
rou,sex_t,age_10yrbands_y35_44,edu_aggregate_bas,2009,12.715
rou,sex_t,age_10yrbands_y35_44,edu_aggregate_bas,2010,14.238
rou,sex_t,age_10yrbands_y35_44,edu_aggregate_bas,2011,13.5121
rou,sex_t,age_10yrbands_y35_44,edu_aggregate_bas,2012,14.4327
rou,sex_t,age_10yrbands_y35_44,edu_aggregate_bas,2013,15.716
rou,sex_t,age_10yrbands_y35_44,edu_aggregate_bas,2014,18.7896
rou,sex_t,age_10yrbands_y35_44,edu_aggregate_bas,2015,18.3209
rou,sex_t,age_10yrbands_y35_44,edu_aggregate_bas,2016,16.9803
rou,sex_t,age_10yrbands_y35_44,edu_aggregate_bas,2017,16.1844
rou,sex_t,age_10yrbands_y35_44,edu_aggregate_bas,2018,15.9676
rou,sex_t,age_10yrbands_y35_44,edu_aggregate_bas,2019,16.2115
rou,sex_t,age_10yrbands_y35_44,edu_aggregate_int,1997,61.6683
rou,sex_t,age_10yrbands_y35_44,edu_aggregate_int,1998,69.4697
rou,sex_t,age_10yrbands_y35_44,edu_aggregate_int,1999,70.7032
rou,sex_t,age_10yrbands_y35_44,edu_aggregate_int,2000,71.0525
rou,sex_t,age_10yrbands_y35_44,edu_aggregate_int,2001,71.558
rou,sex_t,age_10yrbands_y35_44,edu_aggregate_int,2002,73.0466
rou,sex_t,age_10yrbands_y35_44,edu_aggregate_int,2003,74.4917
rou,sex_t,age_10yrbands_y35_44,edu_aggregate_int,2004,75.1205
rou,sex_t,age_10yrbands_y35_44,edu_aggregate_int,2005,75.486
rou,sex_t,age_10yrbands_y35_44,edu_aggregate_int,2006,76.0506
rou,sex_t,age_10yrbands_y35_44,edu_aggregate_int,2007,76.2434
rou,sex_t,age_10yrbands_y35_44,edu_aggregate_int,2008,74.8435
rou,sex_t,age_10yrbands_y35_44,edu_aggregate_int,2009,71.937
rou,sex_t,age_10yrbands_y35_44,edu_aggregate_int,2010,69.4503
rou,sex_t,age_10yrbands_y35_44,edu_aggregate_int,2011,68.7945
rou,sex_t,age_10yrbands_y35_44,edu_aggregate_int,2012,67.0196
rou,sex_t,age_10yrbands_y35_44,edu_aggregate_int,2013,64.8966
rou,sex_t,age_10yrbands_y35_44,edu_aggregate_int,2014,60.9038
rou,sex_t,age_10yrbands_y35_44,edu_aggregate_int,2015,58.2112
rou,sex_t,age_10yrbands_y35_44,edu_aggregate_int,2016,58.5585
rou,sex_t,age_10yrbands_y35_44,edu_aggregate_int,2017,59.4514
rou,sex_t,age_10yrbands_y35_44,edu_aggregate_int,2018,57.7963
rou,sex_t,age_10yrbands_y35_44,edu_aggregate_int,2019,56.0696
rou,sex_t,age_10yrbands_y35_44,edu_aggregate_ltb,2001,0.6358
rou,sex_t,age_10yrbands_y35_44,edu_aggregate_ltb,2002,0.3137
rou,sex_t,age_10yrbands_y35_44,edu_aggregate_ltb,2003,0.4265
rou,sex_t,age_10yrbands_y35_44,edu_aggregate_ltb,2004,0.3892
rou,sex_t,age_10yrbands_y35_44,edu_aggregate_ltb,2005,0.32
rou,sex_t,age_10yrbands_y35_44,edu_aggregate_ltb,2006,0.3434
rou,sex_t,age_10yrbands_y35_44,edu_aggregate_ltb,2007,0.3504
rou,sex_t,age_10yrbands_y35_44,edu_aggregate_ltb,2008,0.3424
rou,sex_t,age_10yrbands_y35_44,edu_aggregate_ltb,2009,0.2758
rou,sex_t,age_10yrbands_y35_44,edu_aggregate_ltb,2015,0.3368
rou,sex_t,age_10yrbands_y35_44,edu_aggregate_ltb,2016,0.2899
rou,sex_t,age_10yrbands_y35_44,edu_aggregate_ltb,2017,0.2933
rou,sex_t,age_10yrbands_y35_44,edu_aggregate_ltb,2018,0.35
rou,sex_t,age_10yrbands_y35_44,edu_aggregate_ltb,2019,0.2694
rou,sex_t,age_10yrbands_y35_44,edu_aggregate_total,1997,100
rou,sex_t,age_10yrbands_y35_44,edu_aggregate_total,1998,100
rou,sex_t,age_10yrbands_y35_44,edu_aggregate_total,1999,100
rou,sex_t,age_10yrbands_y35_44,edu_aggregate_total,2000,100
rou,sex_t,age_10yrbands_y35_44,edu_aggregate_total,2001,100
rou,sex_t,age_10yrbands_y35_44,edu_aggregate_total,2002,100
rou,sex_t,age_10yrbands_y35_44,edu_aggregate_total,2003,100
rou,sex_t,age_10yrbands_y35_44,edu_aggregate_total,2004,100
rou,sex_t,age_10yrbands_y35_44,edu_aggregate_total,2005,100
rou,sex_t,age_10yrbands_y35_44,edu_aggregate_total,2006,100
rou,sex_t,age_10yrbands_y35_44,edu_aggregate_total,2007,100
rou,sex_t,age_10yrbands_y35_44,edu_aggregate_total,2008,100
rou,sex_t,age_10yrbands_y35_44,edu_aggregate_total,2009,100
rou,sex_t,age_10yrbands_y35_44,edu_aggregate_total,2010,100
rou,sex_t,age_10yrbands_y35_44,edu_aggregate_total,2011,100
rou,sex_t,age_10yrbands_y35_44,edu_aggregate_total,2012,100
rou,sex_t,age_10yrbands_y35_44,edu_aggregate_total,2013,100
rou,sex_t,age_10yrbands_y35_44,edu_aggregate_total,2014,100
rou,sex_t,age_10yrbands_y35_44,edu_aggregate_total,2015,100
rou,sex_t,age_10yrbands_y35_44,edu_aggregate_total,2016,100
rou,sex_t,age_10yrbands_y35_44,edu_aggregate_total,2017,100
rou,sex_t,age_10yrbands_y35_44,edu_aggregate_total,2018,100
rou,sex_t,age_10yrbands_y35_44,edu_aggregate_total,2019,100
rou,sex_t,age_10yrbands_y35_44,edu_isced11_0,2015,0.3368
rou,sex_t,age_10yrbands_y35_44,edu_isced11_0,2016,0.2899
rou,sex_t,age_10yrbands_y35_44,edu_isced11_0,2017,0.2933
rou,sex_t,age_10yrbands_y35_44,edu_isced11_0,2018,0.35
rou,sex_t,age_10yrbands_y35_44,edu_isced11_0,2019,0.2694
rou,sex_t,age_10yrbands_y35_44,edu_isced11_1,2014,1.2798
rou,sex_t,age_10yrbands_y35_44,edu_isced11_1,2015,1.7256
rou,sex_t,age_10yrbands_y35_44,edu_isced11_1,2016,1.7406
rou,sex_t,age_10yrbands_y35_44,edu_isced11_1,2017,1.7114
rou,sex_t,age_10yrbands_y35_44,edu_isced11_1,2018,1.7158
rou,sex_t,age_10yrbands_y35_44,edu_isced11_1,2019,1.7724
rou,sex_t,age_10yrbands_y35_44,edu_isced11_2,2014,17.5098
rou,sex_t,age_10yrbands_y35_44,edu_isced11_2,2015,16.5952
rou,sex_t,age_10yrbands_y35_44,edu_isced11_2,2016,15.2397
rou,sex_t,age_10yrbands_y35_44,edu_isced11_2,2017,14.473
rou,sex_t,age_10yrbands_y35_44,edu_isced11_2,2018,14.2518
rou,sex_t,age_10yrbands_y35_44,edu_isced11_2,2019,14.4391
rou,sex_t,age_10yrbands_y35_44,edu_isced11_3,2014,56.2869
rou,sex_t,age_10yrbands_y35_44,edu_isced11_3,2015,54.1829
rou,sex_t,age_10yrbands_y35_44,edu_isced11_3,2016,54.8897
rou,sex_t,age_10yrbands_y35_44,edu_isced11_3,2017,55.5451
rou,sex_t,age_10yrbands_y35_44,edu_isced11_3,2018,53.971
rou,sex_t,age_10yrbands_y35_44,edu_isced11_3,2019,52.4871
rou,sex_t,age_10yrbands_y35_44,edu_isced11_4,2014,4.617
rou,sex_t,age_10yrbands_y35_44,edu_isced11_4,2015,4.0283
rou,sex_t,age_10yrbands_y35_44,edu_isced11_4,2016,3.6688
rou,sex_t,age_10yrbands_y35_44,edu_isced11_4,2017,3.9062
rou,sex_t,age_10yrbands_y35_44,edu_isced11_4,2018,3.8253
rou,sex_t,age_10yrbands_y35_44,edu_isced11_4,2019,3.5825
rou,sex_t,age_10yrbands_y35_44,edu_isced11_5,2014,0.7558
rou,sex_t,age_10yrbands_y35_44,edu_isced11_5,2015,0.6122
rou,sex_t,age_10yrbands_y35_44,edu_isced11_5,2016,0.6006
rou,sex_t,age_10yrbands_y35_44,edu_isced11_5,2017,0.6232
rou,sex_t,age_10yrbands_y35_44,edu_isced11_5,2018,0.546
rou,sex_t,age_10yrbands_y35_44,edu_isced11_5,2019,1.0293
rou,sex_t,age_10yrbands_y35_44,edu_isced11_6,2014,4.6142
rou,sex_t,age_10yrbands_y35_44,edu_isced11_6,2015,2.9643
rou,sex_t,age_10yrbands_y35_44,edu_isced11_6,2016,2.0753
rou,sex_t,age_10yrbands_y35_44,edu_isced11_6,2017,1.7833
rou,sex_t,age_10yrbands_y35_44,edu_isced11_6,2018,1.6586
rou,sex_t,age_10yrbands_y35_44,edu_isced11_6,2019,2.2499
rou,sex_t,age_10yrbands_y35_44,edu_isced11_7,2014,14.6839
rou,sex_t,age_10yrbands_y35_44,edu_isced11_7,2015,19.3635
rou,sex_t,age_10yrbands_y35_44,edu_isced11_7,2016,21.3034
rou,sex_t,age_10yrbands_y35_44,edu_isced11_7,2017,21.5399
rou,sex_t,age_10yrbands_y35_44,edu_isced11_7,2018,23.5183
rou,sex_t,age_10yrbands_y35_44,edu_isced11_7,2019,24.0003
rou,sex_t,age_10yrbands_y35_44,edu_isced11_8,2015,0.1911
rou,sex_t,age_10yrbands_y35_44,edu_isced11_8,2016,0.192
rou,sex_t,age_10yrbands_y35_44,edu_isced11_8,2017,0.1245
rou,sex_t,age_10yrbands_y35_44,edu_isced11_total,2014,100
rou,sex_t,age_10yrbands_y35_44,edu_isced11_total,2015,100
rou,sex_t,age_10yrbands_y35_44,edu_isced11_total,2016,100
rou,sex_t,age_10yrbands_y35_44,edu_isced11_total,2017,100
rou,sex_t,age_10yrbands_y35_44,edu_isced11_total,2018,100
rou,sex_t,age_10yrbands_y35_44,edu_isced11_total,2019,100
rou,sex_t,age_10yrbands_y35_44,edu_isced97_0,2001,0.6358
rou,sex_t,age_10yrbands_y35_44,edu_isced97_0,2002,0.3137
rou,sex_t,age_10yrbands_y35_44,edu_isced97_0,2003,0.4265
rou,sex_t,age_10yrbands_y35_44,edu_isced97_0,2004,0.3892
rou,sex_t,age_10yrbands_y35_44,edu_isced97_0,2005,0.32
rou,sex_t,age_10yrbands_y35_44,edu_isced97_0,2006,0.3434
rou,sex_t,age_10yrbands_y35_44,edu_isced97_0,2007,0.3504
rou,sex_t,age_10yrbands_y35_44,edu_isced97_0,2008,0.3424
rou,sex_t,age_10yrbands_y35_44,edu_isced97_0,2009,0.2758
rou,sex_t,age_10yrbands_y35_44,edu_isced97_0,2011,0.1295
rou,sex_t,age_10yrbands_y35_44,edu_isced97_0,2012,0.2033
rou,sex_t,age_10yrbands_y35_44,edu_isced97_0,2013,0.1627
rou,sex_t,age_10yrbands_y35_44,edu_isced97_1,1998,2.9443
rou,sex_t,age_10yrbands_y35_44,edu_isced97_1,1999,2.9963
rou,sex_t,age_10yrbands_y35_44,edu_isced97_1,2000,2.8323
rou,sex_t,age_10yrbands_y35_44,edu_isced97_1,2001,1.8389
rou,sex_t,age_10yrbands_y35_44,edu_isced97_1,2002,1.0403
rou,sex_t,age_10yrbands_y35_44,edu_isced97_1,2003,1.1636
rou,sex_t,age_10yrbands_y35_44,edu_isced97_1,2004,1.6414
rou,sex_t,age_10yrbands_y35_44,edu_isced97_1,2005,1.1918
rou,sex_t,age_10yrbands_y35_44,edu_isced97_1,2006,1.0701
rou,sex_t,age_10yrbands_y35_44,edu_isced97_1,2007,0.9653
rou,sex_t,age_10yrbands_y35_44,edu_isced97_1,2008,1.0324
rou,sex_t,age_10yrbands_y35_44,edu_isced97_1,2009,1.1707
rou,sex_t,age_10yrbands_y35_44,edu_isced97_1,2010,1.1693
rou,sex_t,age_10yrbands_y35_44,edu_isced97_1,2011,0.9215
rou,sex_t,age_10yrbands_y35_44,edu_isced97_1,2012,1.0811
rou,sex_t,age_10yrbands_y35_44,edu_isced97_1,2013,1.0418
rou,sex_t,age_10yrbands_y35_44,edu_isced97_2,1998,16.2939
rou,sex_t,age_10yrbands_y35_44,edu_isced97_2,1999,15.8581
rou,sex_t,age_10yrbands_y35_44,edu_isced97_2,2000,14.5167
rou,sex_t,age_10yrbands_y35_44,edu_isced97_2,2001,13.3233
rou,sex_t,age_10yrbands_y35_44,edu_isced97_2,2002,13.8917
rou,sex_t,age_10yrbands_y35_44,edu_isced97_2,2003,13.4452
rou,sex_t,age_10yrbands_y35_44,edu_isced97_2,2004,10.6367
rou,sex_t,age_10yrbands_y35_44,edu_isced97_2,2005,10.1131
rou,sex_t,age_10yrbands_y35_44,edu_isced97_2,2006,9.6668
rou,sex_t,age_10yrbands_y35_44,edu_isced97_2,2007,10.2156
rou,sex_t,age_10yrbands_y35_44,edu_isced97_2,2008,10.0869
rou,sex_t,age_10yrbands_y35_44,edu_isced97_2,2009,11.5443
rou,sex_t,age_10yrbands_y35_44,edu_isced97_2,2010,13.0687
rou,sex_t,age_10yrbands_y35_44,edu_isced97_2,2011,12.5906
rou,sex_t,age_10yrbands_y35_44,edu_isced97_2,2012,13.3516
rou,sex_t,age_10yrbands_y35_44,edu_isced97_2,2013,14.6742
rou,sex_t,age_10yrbands_y35_44,edu_isced97_3,1998,69.4697
rou,sex_t,age_10yrbands_y35_44,edu_isced97_3,1999,70.7032
rou,sex_t,age_10yrbands_y35_44,edu_isced97_3,2000,71.0525
rou,sex_t,age_10yrbands_y35_44,edu_isced97_3,2001,71.558
rou,sex_t,age_10yrbands_y35_44,edu_isced97_3,2002,68.3618
rou,sex_t,age_10yrbands_y35_44,edu_isced97_3,2003,70.9805
rou,sex_t,age_10yrbands_y35_44,edu_isced97_3,2004,71.5046
rou,sex_t,age_10yrbands_y35_44,edu_isced97_3,2005,71.4122
rou,sex_t,age_10yrbands_y35_44,edu_isced97_3,2006,72.0022
rou,sex_t,age_10yrbands_y35_44,edu_isced97_3,2007,72.2528
rou,sex_t,age_10yrbands_y35_44,edu_isced97_3,2008,70.8663
rou,sex_t,age_10yrbands_y35_44,edu_isced97_3,2009,67.9914
rou,sex_t,age_10yrbands_y35_44,edu_isced97_3,2010,65.3948
rou,sex_t,age_10yrbands_y35_44,edu_isced97_3,2011,64.7069
rou,sex_t,age_10yrbands_y35_44,edu_isced97_3,2012,62.7515
rou,sex_t,age_10yrbands_y35_44,edu_isced97_3,2013,60.5456
rou,sex_t,age_10yrbands_y35_44,edu_isced97_4,2002,4.6848
rou,sex_t,age_10yrbands_y35_44,edu_isced97_4,2003,3.5112
rou,sex_t,age_10yrbands_y35_44,edu_isced97_4,2004,3.6159
rou,sex_t,age_10yrbands_y35_44,edu_isced97_4,2005,4.0738
rou,sex_t,age_10yrbands_y35_44,edu_isced97_4,2006,4.0484
rou,sex_t,age_10yrbands_y35_44,edu_isced97_4,2007,3.9906
rou,sex_t,age_10yrbands_y35_44,edu_isced97_4,2008,3.9772
rou,sex_t,age_10yrbands_y35_44,edu_isced97_4,2009,3.9456
rou,sex_t,age_10yrbands_y35_44,edu_isced97_4,2010,4.0555
rou,sex_t,age_10yrbands_y35_44,edu_isced97_4,2011,4.0875
rou,sex_t,age_10yrbands_y35_44,edu_isced97_4,2012,4.2681
rou,sex_t,age_10yrbands_y35_44,edu_isced97_4,2013,4.3509
rou,sex_t,age_10yrbands_y35_44,edu_isced97_5,1998,11.2921
rou,sex_t,age_10yrbands_y35_44,edu_isced97_5,1999,10.4425
rou,sex_t,age_10yrbands_y35_44,edu_isced97_5,2000,11.5985
rou,sex_t,age_10yrbands_y35_44,edu_isced97_5,2001,12.6439
rou,sex_t,age_10yrbands_y35_44,edu_isced97_5,2002,11.6491
rou,sex_t,age_10yrbands_y35_44,edu_isced97_5,2003,10.4115
rou,sex_t,age_10yrbands_y35_44,edu_isced97_5,2004,12.0775
rou,sex_t,age_10yrbands_y35_44,edu_isced97_5,2005,12.7338
rou,sex_t,age_10yrbands_y35_44,edu_isced97_5,2006,12.7306
rou,sex_t,age_10yrbands_y35_44,edu_isced97_5,2007,12.1059
rou,sex_t,age_10yrbands_y35_44,edu_isced97_5,2008,13.5819
rou,sex_t,age_10yrbands_y35_44,edu_isced97_5,2009,14.9721
rou,sex_t,age_10yrbands_y35_44,edu_isced97_5,2010,16.0291
rou,sex_t,age_10yrbands_y35_44,edu_isced97_5,2011,17.5047
rou,sex_t,age_10yrbands_y35_44,edu_isced97_5,2012,18.2126
rou,sex_t,age_10yrbands_y35_44,edu_isced97_5,2013,19.1382
rou,sex_t,age_10yrbands_y35_44,edu_isced97_6,2004,0.1347
rou,sex_t,age_10yrbands_y35_44,edu_isced97_6,2006,0.1385
rou,sex_t,age_10yrbands_y35_44,edu_isced97_6,2007,0.1194
rou,sex_t,age_10yrbands_y35_44,edu_isced97_6,2008,0.1128
rou,sex_t,age_10yrbands_y35_44,edu_isced97_6,2009,0.1001
rou,sex_t,age_10yrbands_y35_44,edu_isced97_6,2011,0.0593
rou,sex_t,age_10yrbands_y35_44,edu_isced97_6,2012,0.1318
rou,sex_t,age_10yrbands_y35_44,edu_isced97_6,2013,0.0865
rou,sex_t,age_10yrbands_y35_44,edu_isced97_total,1998,100
rou,sex_t,age_10yrbands_y35_44,edu_isced97_total,1999,100
rou,sex_t,age_10yrbands_y35_44,edu_isced97_total,2000,100
rou,sex_t,age_10yrbands_y35_44,edu_isced97_total,2001,100
rou,sex_t,age_10yrbands_y35_44,edu_isced97_total,2002,100
rou,sex_t,age_10yrbands_y35_44,edu_isced97_total,2003,100
rou,sex_t,age_10yrbands_y35_44,edu_isced97_total,2004,100
rou,sex_t,age_10yrbands_y35_44,edu_isced97_total,2005,100
rou,sex_t,age_10yrbands_y35_44,edu_isced97_total,2006,100
rou,sex_t,age_10yrbands_y35_44,edu_isced97_total,2007,100
rou,sex_t,age_10yrbands_y35_44,edu_isced97_total,2008,100
rou,sex_t,age_10yrbands_y35_44,edu_isced97_total,2009,100
rou,sex_t,age_10yrbands_y35_44,edu_isced97_total,2010,100
rou,sex_t,age_10yrbands_y35_44,edu_isced97_total,2011,100
rou,sex_t,age_10yrbands_y35_44,edu_isced97_total,2012,100
rou,sex_t,age_10yrbands_y35_44,edu_isced97_total,2013,100
rou,sex_t,age_10yrbands_y45_54,edu_aggregate_adv,1997,20.8822
rou,sex_t,age_10yrbands_y45_54,edu_aggregate_adv,1998,12.063
rou,sex_t,age_10yrbands_y45_54,edu_aggregate_adv,1999,12.5621
rou,sex_t,age_10yrbands_y45_54,edu_aggregate_adv,2000,12.468
rou,sex_t,age_10yrbands_y45_54,edu_aggregate_adv,2001,13.4575
rou,sex_t,age_10yrbands_y45_54,edu_aggregate_adv,2002,14.5317
rou,sex_t,age_10yrbands_y45_54,edu_aggregate_adv,2003,13.2358
rou,sex_t,age_10yrbands_y45_54,edu_aggregate_adv,2004,13.8603
rou,sex_t,age_10yrbands_y45_54,edu_aggregate_adv,2005,13.9763
rou,sex_t,age_10yrbands_y45_54,edu_aggregate_adv,2006,14.4166
rou,sex_t,age_10yrbands_y45_54,edu_aggregate_adv,2007,14.0428
rou,sex_t,age_10yrbands_y45_54,edu_aggregate_adv,2008,13.8317
rou,sex_t,age_10yrbands_y45_54,edu_aggregate_adv,2009,13.7617
rou,sex_t,age_10yrbands_y45_54,edu_aggregate_adv,2010,13.9243
rou,sex_t,age_10yrbands_y45_54,edu_aggregate_adv,2011,14.5374
rou,sex_t,age_10yrbands_y45_54,edu_aggregate_adv,2012,14.8433
rou,sex_t,age_10yrbands_y45_54,edu_aggregate_adv,2013,15.0472
rou,sex_t,age_10yrbands_y45_54,edu_aggregate_adv,2014,14.5509
rou,sex_t,age_10yrbands_y45_54,edu_aggregate_adv,2015,16.3413
rou,sex_t,age_10yrbands_y45_54,edu_aggregate_adv,2016,17.0197
rou,sex_t,age_10yrbands_y45_54,edu_aggregate_adv,2017,16.6025
rou,sex_t,age_10yrbands_y45_54,edu_aggregate_adv,2018,16.2319
rou,sex_t,age_10yrbands_y45_54,edu_aggregate_adv,2019,16.8001
rou,sex_t,age_10yrbands_y45_54,edu_aggregate_bas,1997,42.9995
rou,sex_t,age_10yrbands_y45_54,edu_aggregate_bas,1998,38.4733
rou,sex_t,age_10yrbands_y45_54,edu_aggregate_bas,1999,36.8673
rou,sex_t,age_10yrbands_y45_54,edu_aggregate_bas,2000,36.5962
rou,sex_t,age_10yrbands_y45_54,edu_aggregate_bas,2001,33.1305
rou,sex_t,age_10yrbands_y45_54,edu_aggregate_bas,2002,29.1836
rou,sex_t,age_10yrbands_y45_54,edu_aggregate_bas,2003,29.0648
rou,sex_t,age_10yrbands_y45_54,edu_aggregate_bas,2004,25.6005
rou,sex_t,age_10yrbands_y45_54,edu_aggregate_bas,2005,23.3516
rou,sex_t,age_10yrbands_y45_54,edu_aggregate_bas,2006,21.1108
rou,sex_t,age_10yrbands_y45_54,edu_aggregate_bas,2007,19.9688
rou,sex_t,age_10yrbands_y45_54,edu_aggregate_bas,2008,19.4695
rou,sex_t,age_10yrbands_y45_54,edu_aggregate_bas,2009,19.6429
rou,sex_t,age_10yrbands_y45_54,edu_aggregate_bas,2010,20.2795
rou,sex_t,age_10yrbands_y45_54,edu_aggregate_bas,2011,17.6513
rou,sex_t,age_10yrbands_y45_54,edu_aggregate_bas,2012,16.0987
rou,sex_t,age_10yrbands_y45_54,edu_aggregate_bas,2013,15.4006
rou,sex_t,age_10yrbands_y45_54,edu_aggregate_bas,2014,18.9784
rou,sex_t,age_10yrbands_y45_54,edu_aggregate_bas,2015,14.7033
rou,sex_t,age_10yrbands_y45_54,edu_aggregate_bas,2016,13.0859
rou,sex_t,age_10yrbands_y45_54,edu_aggregate_bas,2017,12.743
rou,sex_t,age_10yrbands_y45_54,edu_aggregate_bas,2018,12.185
rou,sex_t,age_10yrbands_y45_54,edu_aggregate_bas,2019,12.4359
rou,sex_t,age_10yrbands_y45_54,edu_aggregate_int,1997,36.1183
rou,sex_t,age_10yrbands_y45_54,edu_aggregate_int,1998,49.4637
rou,sex_t,age_10yrbands_y45_54,edu_aggregate_int,1999,50.5706
rou,sex_t,age_10yrbands_y45_54,edu_aggregate_int,2000,50.9358
rou,sex_t,age_10yrbands_y45_54,edu_aggregate_int,2001,52.7505
rou,sex_t,age_10yrbands_y45_54,edu_aggregate_int,2002,55.8175
rou,sex_t,age_10yrbands_y45_54,edu_aggregate_int,2003,57.1579
rou,sex_t,age_10yrbands_y45_54,edu_aggregate_int,2004,59.9937
rou,sex_t,age_10yrbands_y45_54,edu_aggregate_int,2005,62.1776
rou,sex_t,age_10yrbands_y45_54,edu_aggregate_int,2006,64.0881
rou,sex_t,age_10yrbands_y45_54,edu_aggregate_int,2007,65.5364
rou,sex_t,age_10yrbands_y45_54,edu_aggregate_int,2008,66.2846
rou,sex_t,age_10yrbands_y45_54,edu_aggregate_int,2009,66.3173
rou,sex_t,age_10yrbands_y45_54,edu_aggregate_int,2010,65.4312
rou,sex_t,age_10yrbands_y45_54,edu_aggregate_int,2011,67.6308
rou,sex_t,age_10yrbands_y45_54,edu_aggregate_int,2012,68.8612
rou,sex_t,age_10yrbands_y45_54,edu_aggregate_int,2013,69.3099
rou,sex_t,age_10yrbands_y45_54,edu_aggregate_int,2014,66.319
rou,sex_t,age_10yrbands_y45_54,edu_aggregate_int,2015,68.7959
rou,sex_t,age_10yrbands_y45_54,edu_aggregate_int,2016,69.7413
rou,sex_t,age_10yrbands_y45_54,edu_aggregate_int,2017,70.5071
rou,sex_t,age_10yrbands_y45_54,edu_aggregate_int,2018,71.3489
rou,sex_t,age_10yrbands_y45_54,edu_aggregate_int,2019,70.5121
rou,sex_t,age_10yrbands_y45_54,edu_aggregate_ltb,2001,0.6615
rou,sex_t,age_10yrbands_y45_54,edu_aggregate_ltb,2002,0.4673
rou,sex_t,age_10yrbands_y45_54,edu_aggregate_ltb,2003,0.5414
rou,sex_t,age_10yrbands_y45_54,edu_aggregate_ltb,2004,0.5455
rou,sex_t,age_10yrbands_y45_54,edu_aggregate_ltb,2005,0.4944
rou,sex_t,age_10yrbands_y45_54,edu_aggregate_ltb,2006,0.3845
rou,sex_t,age_10yrbands_y45_54,edu_aggregate_ltb,2007,0.452
rou,sex_t,age_10yrbands_y45_54,edu_aggregate_ltb,2008,0.4142
rou,sex_t,age_10yrbands_y45_54,edu_aggregate_total,1997,100
rou,sex_t,age_10yrbands_y45_54,edu_aggregate_total,1998,100
rou,sex_t,age_10yrbands_y45_54,edu_aggregate_total,1999,100
rou,sex_t,age_10yrbands_y45_54,edu_aggregate_total,2000,100
rou,sex_t,age_10yrbands_y45_54,edu_aggregate_total,2001,100
rou,sex_t,age_10yrbands_y45_54,edu_aggregate_total,2002,100
rou,sex_t,age_10yrbands_y45_54,edu_aggregate_total,2003,100
rou,sex_t,age_10yrbands_y45_54,edu_aggregate_total,2004,100
rou,sex_t,age_10yrbands_y45_54,edu_aggregate_total,2005,100
rou,sex_t,age_10yrbands_y45_54,edu_aggregate_total,2006,100
rou,sex_t,age_10yrbands_y45_54,edu_aggregate_total,2007,100
rou,sex_t,age_10yrbands_y45_54,edu_aggregate_total,2008,100
rou,sex_t,age_10yrbands_y45_54,edu_aggregate_total,2009,100
rou,sex_t,age_10yrbands_y45_54,edu_aggregate_total,2010,100
rou,sex_t,age_10yrbands_y45_54,edu_aggregate_total,2011,100
rou,sex_t,age_10yrbands_y45_54,edu_aggregate_total,2012,100
rou,sex_t,age_10yrbands_y45_54,edu_aggregate_total,2013,100
rou,sex_t,age_10yrbands_y45_54,edu_aggregate_total,2014,100
rou,sex_t,age_10yrbands_y45_54,edu_aggregate_total,2015,100
rou,sex_t,age_10yrbands_y45_54,edu_aggregate_total,2016,100
rou,sex_t,age_10yrbands_y45_54,edu_aggregate_total,2017,100
rou,sex_t,age_10yrbands_y45_54,edu_aggregate_total,2018,100
rou,sex_t,age_10yrbands_y45_54,edu_aggregate_total,2019,100
rou,sex_t,age_10yrbands_y45_54,edu_isced11_0,2015,0.1594
rou,sex_t,age_10yrbands_y45_54,edu_isced11_0,2016,0.153
rou,sex_t,age_10yrbands_y45_54,edu_isced11_0,2017,0.1474
rou,sex_t,age_10yrbands_y45_54,edu_isced11_1,2014,1.563
rou,sex_t,age_10yrbands_y45_54,edu_isced11_1,2015,1.4685
rou,sex_t,age_10yrbands_y45_54,edu_isced11_1,2016,1.2341
rou,sex_t,age_10yrbands_y45_54,edu_isced11_1,2017,1.2274
rou,sex_t,age_10yrbands_y45_54,edu_isced11_1,2018,1.247
rou,sex_t,age_10yrbands_y45_54,edu_isced11_1,2019,1.3609
rou,sex_t,age_10yrbands_y45_54,edu_isced11_2,2014,17.4154
rou,sex_t,age_10yrbands_y45_54,edu_isced11_2,2015,13.2349
rou,sex_t,age_10yrbands_y45_54,edu_isced11_2,2016,11.8518
rou,sex_t,age_10yrbands_y45_54,edu_isced11_2,2017,11.5157
rou,sex_t,age_10yrbands_y45_54,edu_isced11_2,2018,10.938
rou,sex_t,age_10yrbands_y45_54,edu_isced11_2,2019,11.0749
rou,sex_t,age_10yrbands_y45_54,edu_isced11_3,2014,62.9455
rou,sex_t,age_10yrbands_y45_54,edu_isced11_3,2015,65.7436
rou,sex_t,age_10yrbands_y45_54,edu_isced11_3,2016,66.5461
rou,sex_t,age_10yrbands_y45_54,edu_isced11_3,2017,67.2904
rou,sex_t,age_10yrbands_y45_54,edu_isced11_3,2018,68.1173
rou,sex_t,age_10yrbands_y45_54,edu_isced11_3,2019,67.2666
rou,sex_t,age_10yrbands_y45_54,edu_isced11_4,2014,3.3735
rou,sex_t,age_10yrbands_y45_54,edu_isced11_4,2015,3.0523
rou,sex_t,age_10yrbands_y45_54,edu_isced11_4,2016,3.1952
rou,sex_t,age_10yrbands_y45_54,edu_isced11_4,2017,3.2167
rou,sex_t,age_10yrbands_y45_54,edu_isced11_4,2018,3.2316
rou,sex_t,age_10yrbands_y45_54,edu_isced11_4,2019,3.2454
rou,sex_t,age_10yrbands_y45_54,edu_isced11_5,2014,0.5287
rou,sex_t,age_10yrbands_y45_54,edu_isced11_5,2015,0.63
rou,sex_t,age_10yrbands_y45_54,edu_isced11_5,2016,0.5416
rou,sex_t,age_10yrbands_y45_54,edu_isced11_5,2017,0.4441
rou,sex_t,age_10yrbands_y45_54,edu_isced11_5,2018,0.4288
rou,sex_t,age_10yrbands_y45_54,edu_isced11_5,2019,0.66
rou,sex_t,age_10yrbands_y45_54,edu_isced11_6,2014,2.2272
rou,sex_t,age_10yrbands_y45_54,edu_isced11_6,2015,1.587
rou,sex_t,age_10yrbands_y45_54,edu_isced11_6,2016,1.2982
rou,sex_t,age_10yrbands_y45_54,edu_isced11_6,2017,1.1401
rou,sex_t,age_10yrbands_y45_54,edu_isced11_6,2018,1.0791
rou,sex_t,age_10yrbands_y45_54,edu_isced11_6,2019,1.2431
rou,sex_t,age_10yrbands_y45_54,edu_isced11_7,2014,11.6963
rou,sex_t,age_10yrbands_y45_54,edu_isced11_7,2015,14.0736
rou,sex_t,age_10yrbands_y45_54,edu_isced11_7,2016,15.0781
rou,sex_t,age_10yrbands_y45_54,edu_isced11_7,2017,14.8946
rou,sex_t,age_10yrbands_y45_54,edu_isced11_7,2018,14.5941
rou,sex_t,age_10yrbands_y45_54,edu_isced11_7,2019,14.7362
rou,sex_t,age_10yrbands_y45_54,edu_isced11_8,2015,0.0507
rou,sex_t,age_10yrbands_y45_54,edu_isced11_8,2016,0.1018
rou,sex_t,age_10yrbands_y45_54,edu_isced11_8,2017,0.1237
rou,sex_t,age_10yrbands_y45_54,edu_isced11_total,2014,100
rou,sex_t,age_10yrbands_y45_54,edu_isced11_total,2015,100
rou,sex_t,age_10yrbands_y45_54,edu_isced11_total,2016,100
rou,sex_t,age_10yrbands_y45_54,edu_isced11_total,2017,100
rou,sex_t,age_10yrbands_y45_54,edu_isced11_total,2018,100
rou,sex_t,age_10yrbands_y45_54,edu_isced11_total,2019,100
rou,sex_t,age_10yrbands_y45_54,edu_isced97_0,2001,0.6615
rou,sex_t,age_10yrbands_y45_54,edu_isced97_0,2002,0.4673
rou,sex_t,age_10yrbands_y45_54,edu_isced97_0,2003,0.5414
rou,sex_t,age_10yrbands_y45_54,edu_isced97_0,2004,0.5455
rou,sex_t,age_10yrbands_y45_54,edu_isced97_0,2005,0.4944
rou,sex_t,age_10yrbands_y45_54,edu_isced97_0,2006,0.3845
rou,sex_t,age_10yrbands_y45_54,edu_isced97_0,2007,0.452
rou,sex_t,age_10yrbands_y45_54,edu_isced97_0,2008,0.4142
rou,sex_t,age_10yrbands_y45_54,edu_isced97_0,2009,0.2781
rou,sex_t,age_10yrbands_y45_54,edu_isced97_0,2011,0.1805
rou,sex_t,age_10yrbands_y45_54,edu_isced97_0,2012,0.1968
rou,sex_t,age_10yrbands_y45_54,edu_isced97_0,2013,0.2423
rou,sex_t,age_10yrbands_y45_54,edu_isced97_1,1998,11.4199
rou,sex_t,age_10yrbands_y45_54,edu_isced97_1,1999,10.0521
rou,sex_t,age_10yrbands_y45_54,edu_isced97_1,2000,8.5527
rou,sex_t,age_10yrbands_y45_54,edu_isced97_1,2001,6.9336
rou,sex_t,age_10yrbands_y45_54,edu_isced97_1,2002,5.2142
rou,sex_t,age_10yrbands_y45_54,edu_isced97_1,2003,4.233
rou,sex_t,age_10yrbands_y45_54,edu_isced97_1,2004,3.7792
rou,sex_t,age_10yrbands_y45_54,edu_isced97_1,2005,3.3258
rou,sex_t,age_10yrbands_y45_54,edu_isced97_1,2006,2.7031
rou,sex_t,age_10yrbands_y45_54,edu_isced97_1,2007,2.3252
rou,sex_t,age_10yrbands_y45_54,edu_isced97_1,2008,2.1458
rou,sex_t,age_10yrbands_y45_54,edu_isced97_1,2009,2.3548
rou,sex_t,age_10yrbands_y45_54,edu_isced97_1,2010,2.1536
rou,sex_t,age_10yrbands_y45_54,edu_isced97_1,2011,1.7583
rou,sex_t,age_10yrbands_y45_54,edu_isced97_1,2012,1.4083
rou,sex_t,age_10yrbands_y45_54,edu_isced97_1,2013,1.5398
rou,sex_t,age_10yrbands_y45_54,edu_isced97_2,1998,27.0534
rou,sex_t,age_10yrbands_y45_54,edu_isced97_2,1999,26.8152
rou,sex_t,age_10yrbands_y45_54,edu_isced97_2,2000,28.0434
rou,sex_t,age_10yrbands_y45_54,edu_isced97_2,2001,26.1969
rou,sex_t,age_10yrbands_y45_54,edu_isced97_2,2002,23.9694
rou,sex_t,age_10yrbands_y45_54,edu_isced97_2,2003,24.8318
rou,sex_t,age_10yrbands_y45_54,edu_isced97_2,2004,21.8213
rou,sex_t,age_10yrbands_y45_54,edu_isced97_2,2005,20.0258
rou,sex_t,age_10yrbands_y45_54,edu_isced97_2,2006,18.4077
rou,sex_t,age_10yrbands_y45_54,edu_isced97_2,2007,17.6436
rou,sex_t,age_10yrbands_y45_54,edu_isced97_2,2008,17.3237
rou,sex_t,age_10yrbands_y45_54,edu_isced97_2,2009,17.2881
rou,sex_t,age_10yrbands_y45_54,edu_isced97_2,2010,18.1259
rou,sex_t,age_10yrbands_y45_54,edu_isced97_2,2011,15.893
rou,sex_t,age_10yrbands_y45_54,edu_isced97_2,2012,14.6904
rou,sex_t,age_10yrbands_y45_54,edu_isced97_2,2013,13.8607
rou,sex_t,age_10yrbands_y45_54,edu_isced97_3,1998,49.4637
rou,sex_t,age_10yrbands_y45_54,edu_isced97_3,1999,50.5706
rou,sex_t,age_10yrbands_y45_54,edu_isced97_3,2000,50.9358
rou,sex_t,age_10yrbands_y45_54,edu_isced97_3,2001,52.7505
rou,sex_t,age_10yrbands_y45_54,edu_isced97_3,2002,47.6715
rou,sex_t,age_10yrbands_y45_54,edu_isced97_3,2003,50.6673
rou,sex_t,age_10yrbands_y45_54,edu_isced97_3,2004,53.706
rou,sex_t,age_10yrbands_y45_54,edu_isced97_3,2005,55.9401
rou,sex_t,age_10yrbands_y45_54,edu_isced97_3,2006,57.9306
rou,sex_t,age_10yrbands_y45_54,edu_isced97_3,2007,60.1353
rou,sex_t,age_10yrbands_y45_54,edu_isced97_3,2008,61.3259
rou,sex_t,age_10yrbands_y45_54,edu_isced97_3,2009,61.5378
rou,sex_t,age_10yrbands_y45_54,edu_isced97_3,2010,61.2698
rou,sex_t,age_10yrbands_y45_54,edu_isced97_3,2011,63.6987
rou,sex_t,age_10yrbands_y45_54,edu_isced97_3,2012,65.1403
rou,sex_t,age_10yrbands_y45_54,edu_isced97_3,2013,65.5459
rou,sex_t,age_10yrbands_y45_54,edu_isced97_4,2002,8.146
rou,sex_t,age_10yrbands_y45_54,edu_isced97_4,2003,6.4907
rou,sex_t,age_10yrbands_y45_54,edu_isced97_4,2004,6.2876
rou,sex_t,age_10yrbands_y45_54,edu_isced97_4,2005,6.2375
rou,sex_t,age_10yrbands_y45_54,edu_isced97_4,2006,6.1576
rou,sex_t,age_10yrbands_y45_54,edu_isced97_4,2007,5.4011
rou,sex_t,age_10yrbands_y45_54,edu_isced97_4,2008,4.9587
rou,sex_t,age_10yrbands_y45_54,edu_isced97_4,2009,4.7795
rou,sex_t,age_10yrbands_y45_54,edu_isced97_4,2010,4.1614
rou,sex_t,age_10yrbands_y45_54,edu_isced97_4,2011,3.9321
rou,sex_t,age_10yrbands_y45_54,edu_isced97_4,2012,3.721
rou,sex_t,age_10yrbands_y45_54,edu_isced97_4,2013,3.7641
rou,sex_t,age_10yrbands_y45_54,edu_isced97_5,1998,12.063
rou,sex_t,age_10yrbands_y45_54,edu_isced97_5,1999,12.5621
rou,sex_t,age_10yrbands_y45_54,edu_isced97_5,2000,12.468
rou,sex_t,age_10yrbands_y45_54,edu_isced97_5,2001,13.4575
rou,sex_t,age_10yrbands_y45_54,edu_isced97_5,2002,14.3674
rou,sex_t,age_10yrbands_y45_54,edu_isced97_5,2003,13.1179
rou,sex_t,age_10yrbands_y45_54,edu_isced97_5,2004,13.7534
rou,sex_t,age_10yrbands_y45_54,edu_isced97_5,2005,13.7254
rou,sex_t,age_10yrbands_y45_54,edu_isced97_5,2006,14.2485
rou,sex_t,age_10yrbands_y45_54,edu_isced97_5,2007,13.8991
rou,sex_t,age_10yrbands_y45_54,edu_isced97_5,2008,13.7169
rou,sex_t,age_10yrbands_y45_54,edu_isced97_5,2009,13.656
rou,sex_t,age_10yrbands_y45_54,edu_isced97_5,2010,13.8151
rou,sex_t,age_10yrbands_y45_54,edu_isced97_5,2011,14.5054
rou,sex_t,age_10yrbands_y45_54,edu_isced97_5,2012,14.7588
rou,sex_t,age_10yrbands_y45_54,edu_isced97_5,2013,14.9195
rou,sex_t,age_10yrbands_y45_54,edu_isced97_6,2002,0.1643
rou,sex_t,age_10yrbands_y45_54,edu_isced97_6,2003,0.1179
rou,sex_t,age_10yrbands_y45_54,edu_isced97_6,2004,0.1069
rou,sex_t,age_10yrbands_y45_54,edu_isced97_6,2006,0.1681
rou,sex_t,age_10yrbands_y45_54,edu_isced97_6,2007,0.1437
rou,sex_t,age_10yrbands_y45_54,edu_isced97_6,2008,0.1147
rou,sex_t,age_10yrbands_y45_54,edu_isced97_6,2009,0.1056
rou,sex_t,age_10yrbands_y45_54,edu_isced97_6,2011,0.0321
rou,sex_t,age_10yrbands_y45_54,edu_isced97_6,2012,0.0845
rou,sex_t,age_10yrbands_y45_54,edu_isced97_6,2013,0.1277
rou,sex_t,age_10yrbands_y45_54,edu_isced97_total,1998,100
rou,sex_t,age_10yrbands_y45_54,edu_isced97_total,1999,100
rou,sex_t,age_10yrbands_y45_54,edu_isced97_total,2000,100
rou,sex_t,age_10yrbands_y45_54,edu_isced97_total,2001,100
rou,sex_t,age_10yrbands_y45_54,edu_isced97_total,2002,100
rou,sex_t,age_10yrbands_y45_54,edu_isced97_total,2003,100
rou,sex_t,age_10yrbands_y45_54,edu_isced97_total,2004,100
rou,sex_t,age_10yrbands_y45_54,edu_isced97_total,2005,100
rou,sex_t,age_10yrbands_y45_54,edu_isced97_total,2006,100
rou,sex_t,age_10yrbands_y45_54,edu_isced97_total,2007,100
rou,sex_t,age_10yrbands_y45_54,edu_isced97_total,2008,100
rou,sex_t,age_10yrbands_y45_54,edu_isced97_total,2009,100
rou,sex_t,age_10yrbands_y45_54,edu_isced97_total,2010,100
rou,sex_t,age_10yrbands_y45_54,edu_isced97_total,2011,100
rou,sex_t,age_10yrbands_y45_54,edu_isced97_total,2012,100
rou,sex_t,age_10yrbands_y45_54,edu_isced97_total,2013,100
rou,sex_t,age_10yrbands_y55_64,edu_aggregate_adv,1997,9.8031
rou,sex_t,age_10yrbands_y55_64,edu_aggregate_adv,1998,6.5906
rou,sex_t,age_10yrbands_y55_64,edu_aggregate_adv,1999,6.6224
rou,sex_t,age_10yrbands_y55_64,edu_aggregate_adv,2000,6.8354
rou,sex_t,age_10yrbands_y55_64,edu_aggregate_adv,2001,6.9693
rou,sex_t,age_10yrbands_y55_64,edu_aggregate_adv,2002,8.2425
rou,sex_t,age_10yrbands_y55_64,edu_aggregate_adv,2003,8.9514
rou,sex_t,age_10yrbands_y55_64,edu_aggregate_adv,2004,10.1999
rou,sex_t,age_10yrbands_y55_64,edu_aggregate_adv,2005,11.1138
rou,sex_t,age_10yrbands_y55_64,edu_aggregate_adv,2006,13.2097
rou,sex_t,age_10yrbands_y55_64,edu_aggregate_adv,2007,12.5886
rou,sex_t,age_10yrbands_y55_64,edu_aggregate_adv,2008,12.2154
rou,sex_t,age_10yrbands_y55_64,edu_aggregate_adv,2009,11.314
rou,sex_t,age_10yrbands_y55_64,edu_aggregate_adv,2010,11.245
rou,sex_t,age_10yrbands_y55_64,edu_aggregate_adv,2011,12.7281
rou,sex_t,age_10yrbands_y55_64,edu_aggregate_adv,2012,12.6789
rou,sex_t,age_10yrbands_y55_64,edu_aggregate_adv,2013,12.5714
rou,sex_t,age_10yrbands_y55_64,edu_aggregate_adv,2014,12.0527
rou,sex_t,age_10yrbands_y55_64,edu_aggregate_adv,2015,13.6429
rou,sex_t,age_10yrbands_y55_64,edu_aggregate_adv,2016,13.8738
rou,sex_t,age_10yrbands_y55_64,edu_aggregate_adv,2017,13.6568
rou,sex_t,age_10yrbands_y55_64,edu_aggregate_adv,2018,13.0685
rou,sex_t,age_10yrbands_y55_64,edu_aggregate_adv,2019,12.6041
rou,sex_t,age_10yrbands_y55_64,edu_aggregate_bas,1997,77.4544
rou,sex_t,age_10yrbands_y55_64,edu_aggregate_bas,1998,76.5105
rou,sex_t,age_10yrbands_y55_64,edu_aggregate_bas,1999,77.8737
rou,sex_t,age_10yrbands_y55_64,edu_aggregate_bas,2000,76.75
rou,sex_t,age_10yrbands_y55_64,edu_aggregate_bas,2001,72.0239
rou,sex_t,age_10yrbands_y55_64,edu_aggregate_bas,2002,68.7751
rou,sex_t,age_10yrbands_y55_64,edu_aggregate_bas,2003,67.2311
rou,sex_t,age_10yrbands_y55_64,edu_aggregate_bas,2004,58.9241
rou,sex_t,age_10yrbands_y55_64,edu_aggregate_bas,2005,54.8306
rou,sex_t,age_10yrbands_y55_64,edu_aggregate_bas,2006,47.8519
rou,sex_t,age_10yrbands_y55_64,edu_aggregate_bas,2007,46.4293
rou,sex_t,age_10yrbands_y55_64,edu_aggregate_bas,2008,44.7768
rou,sex_t,age_10yrbands_y55_64,edu_aggregate_bas,2009,43.77
rou,sex_t,age_10yrbands_y55_64,edu_aggregate_bas,2010,42.7432
rou,sex_t,age_10yrbands_y55_64,edu_aggregate_bas,2011,39.5772
rou,sex_t,age_10yrbands_y55_64,edu_aggregate_bas,2012,37.483
rou,sex_t,age_10yrbands_y55_64,edu_aggregate_bas,2013,35.6596
rou,sex_t,age_10yrbands_y55_64,edu_aggregate_bas,2014,37.0413
rou,sex_t,age_10yrbands_y55_64,edu_aggregate_bas,2015,30.8766
rou,sex_t,age_10yrbands_y55_64,edu_aggregate_bas,2016,25.7412
rou,sex_t,age_10yrbands_y55_64,edu_aggregate_bas,2017,22.6341
rou,sex_t,age_10yrbands_y55_64,edu_aggregate_bas,2018,21.7966
rou,sex_t,age_10yrbands_y55_64,edu_aggregate_bas,2019,21.456
rou,sex_t,age_10yrbands_y55_64,edu_aggregate_int,1997,12.7353
rou,sex_t,age_10yrbands_y55_64,edu_aggregate_int,1998,16.8989
rou,sex_t,age_10yrbands_y55_64,edu_aggregate_int,1999,15.5038
rou,sex_t,age_10yrbands_y55_64,edu_aggregate_int,2000,16.4146
rou,sex_t,age_10yrbands_y55_64,edu_aggregate_int,2001,18.4295
rou,sex_t,age_10yrbands_y55_64,edu_aggregate_int,2002,20.0367
rou,sex_t,age_10yrbands_y55_64,edu_aggregate_int,2003,21.7671
rou,sex_t,age_10yrbands_y55_64,edu_aggregate_int,2004,29.1342
rou,sex_t,age_10yrbands_y55_64,edu_aggregate_int,2005,32.759
rou,sex_t,age_10yrbands_y55_64,edu_aggregate_int,2006,38.0406
rou,sex_t,age_10yrbands_y55_64,edu_aggregate_int,2007,40.1295
rou,sex_t,age_10yrbands_y55_64,edu_aggregate_int,2008,42.3204
rou,sex_t,age_10yrbands_y55_64,edu_aggregate_int,2009,44.2618
rou,sex_t,age_10yrbands_y55_64,edu_aggregate_int,2010,45.4508
rou,sex_t,age_10yrbands_y55_64,edu_aggregate_int,2011,47.3785
rou,sex_t,age_10yrbands_y55_64,edu_aggregate_int,2012,49.6065
rou,sex_t,age_10yrbands_y55_64,edu_aggregate_int,2013,51.4379
rou,sex_t,age_10yrbands_y55_64,edu_aggregate_int,2014,50.522
rou,sex_t,age_10yrbands_y55_64,edu_aggregate_int,2015,55.1141
rou,sex_t,age_10yrbands_y55_64,edu_aggregate_int,2016,60.0442
rou,sex_t,age_10yrbands_y55_64,edu_aggregate_int,2017,63.3031
rou,sex_t,age_10yrbands_y55_64,edu_aggregate_int,2018,64.6716
rou,sex_t,age_10yrbands_y55_64,edu_aggregate_int,2019,65.4698
rou,sex_t,age_10yrbands_y55_64,edu_aggregate_ltb,2001,2.5773
rou,sex_t,age_10yrbands_y55_64,edu_aggregate_ltb,2002,2.9456
rou,sex_t,age_10yrbands_y55_64,edu_aggregate_ltb,2003,2.0503
rou,sex_t,age_10yrbands_y55_64,edu_aggregate_ltb,2004,1.7418
rou,sex_t,age_10yrbands_y55_64,edu_aggregate_ltb,2005,1.2965
rou,sex_t,age_10yrbands_y55_64,edu_aggregate_ltb,2006,0.8979
rou,sex_t,age_10yrbands_y55_64,edu_aggregate_ltb,2007,0.8526
rou,sex_t,age_10yrbands_y55_64,edu_aggregate_ltb,2008,0.6873
rou,sex_t,age_10yrbands_y55_64,edu_aggregate_ltb,2009,0.6542
rou,sex_t,age_10yrbands_y55_64,edu_aggregate_total,1997,100
rou,sex_t,age_10yrbands_y55_64,edu_aggregate_total,1998,100
rou,sex_t,age_10yrbands_y55_64,edu_aggregate_total,1999,100
rou,sex_t,age_10yrbands_y55_64,edu_aggregate_total,2000,100
rou,sex_t,age_10yrbands_y55_64,edu_aggregate_total,2001,100
rou,sex_t,age_10yrbands_y55_64,edu_aggregate_total,2002,100
rou,sex_t,age_10yrbands_y55_64,edu_aggregate_total,2003,100
rou,sex_t,age_10yrbands_y55_64,edu_aggregate_total,2004,100
rou,sex_t,age_10yrbands_y55_64,edu_aggregate_total,2005,100
rou,sex_t,age_10yrbands_y55_64,edu_aggregate_total,2006,100
rou,sex_t,age_10yrbands_y55_64,edu_aggregate_total,2007,100
rou,sex_t,age_10yrbands_y55_64,edu_aggregate_total,2008,100
rou,sex_t,age_10yrbands_y55_64,edu_aggregate_total,2009,100
rou,sex_t,age_10yrbands_y55_64,edu_aggregate_total,2010,100
rou,sex_t,age_10yrbands_y55_64,edu_aggregate_total,2011,100
rou,sex_t,age_10yrbands_y55_64,edu_aggregate_total,2012,100
rou,sex_t,age_10yrbands_y55_64,edu_aggregate_total,2013,100
rou,sex_t,age_10yrbands_y55_64,edu_aggregate_total,2014,100
rou,sex_t,age_10yrbands_y55_64,edu_aggregate_total,2015,100
rou,sex_t,age_10yrbands_y55_64,edu_aggregate_total,2016,100
rou,sex_t,age_10yrbands_y55_64,edu_aggregate_total,2017,100
rou,sex_t,age_10yrbands_y55_64,edu_aggregate_total,2018,100
rou,sex_t,age_10yrbands_y55_64,edu_aggregate_total,2019,100
rou,sex_t,age_10yrbands_y55_64,edu_isced11_0,2015,0.3664
rou,sex_t,age_10yrbands_y55_64,edu_isced11_0,2016,0.3408
rou,sex_t,age_10yrbands_y55_64,edu_isced11_0,2017,0.406
rou,sex_t,age_10yrbands_y55_64,edu_isced11_1,2014,4.4091
rou,sex_t,age_10yrbands_y55_64,edu_isced11_1,2015,4.3591
rou,sex_t,age_10yrbands_y55_64,edu_isced11_1,2016,3.582
rou,sex_t,age_10yrbands_y55_64,edu_isced11_1,2017,2.6195
rou,sex_t,age_10yrbands_y55_64,edu_isced11_1,2018,2.4186
rou,sex_t,age_10yrbands_y55_64,edu_isced11_1,2019,2.5628
rou,sex_t,age_10yrbands_y55_64,edu_isced11_2,2014,32.6321
rou,sex_t,age_10yrbands_y55_64,edu_isced11_2,2015,26.5174
rou,sex_t,age_10yrbands_y55_64,edu_isced11_2,2016,22.1592
rou,sex_t,age_10yrbands_y55_64,edu_isced11_2,2017,20.0147
rou,sex_t,age_10yrbands_y55_64,edu_isced11_2,2018,19.378
rou,sex_t,age_10yrbands_y55_64,edu_isced11_2,2019,18.8932
rou,sex_t,age_10yrbands_y55_64,edu_isced11_3,2014,45.9828
rou,sex_t,age_10yrbands_y55_64,edu_isced11_3,2015,51.8166
rou,sex_t,age_10yrbands_y55_64,edu_isced11_3,2016,56.8542
rou,sex_t,age_10yrbands_y55_64,edu_isced11_3,2017,60.4306
rou,sex_t,age_10yrbands_y55_64,edu_isced11_3,2018,61.863
rou,sex_t,age_10yrbands_y55_64,edu_isced11_3,2019,62.8061
rou,sex_t,age_10yrbands_y55_64,edu_isced11_4,2014,4.5392
rou,sex_t,age_10yrbands_y55_64,edu_isced11_4,2015,3.2976
rou,sex_t,age_10yrbands_y55_64,edu_isced11_4,2016,3.1901
rou,sex_t,age_10yrbands_y55_64,edu_isced11_4,2017,2.8725
rou,sex_t,age_10yrbands_y55_64,edu_isced11_4,2018,2.8087
rou,sex_t,age_10yrbands_y55_64,edu_isced11_4,2019,2.6637
rou,sex_t,age_10yrbands_y55_64,edu_isced11_5,2014,0.6317
rou,sex_t,age_10yrbands_y55_64,edu_isced11_5,2015,0.5366
rou,sex_t,age_10yrbands_y55_64,edu_isced11_5,2016,0.5173
rou,sex_t,age_10yrbands_y55_64,edu_isced11_5,2017,0.4399
rou,sex_t,age_10yrbands_y55_64,edu_isced11_5,2019,0.6546
rou,sex_t,age_10yrbands_y55_64,edu_isced11_6,2014,1.7537
rou,sex_t,age_10yrbands_y55_64,edu_isced11_6,2015,0.7326
rou,sex_t,age_10yrbands_y55_64,edu_isced11_6,2016,0.4786
rou,sex_t,age_10yrbands_y55_64,edu_isced11_6,2017,0.5477
rou,sex_t,age_10yrbands_y55_64,edu_isced11_7,2014,9.4832
rou,sex_t,age_10yrbands_y55_64,edu_isced11_7,2015,12.2444
rou,sex_t,age_10yrbands_y55_64,edu_isced11_7,2016,12.7423
rou,sex_t,age_10yrbands_y55_64,edu_isced11_7,2017,12.459
rou,sex_t,age_10yrbands_y55_64,edu_isced11_7,2018,12.0103
rou,sex_t,age_10yrbands_y55_64,edu_isced11_7,2019,11.4388
rou,sex_t,age_10yrbands_y55_64,edu_isced11_8,2015,0.1293
rou,sex_t,age_10yrbands_y55_64,edu_isced11_8,2016,0.1357
rou,sex_t,age_10yrbands_y55_64,edu_isced11_8,2017,0.2102
rou,sex_t,age_10yrbands_y55_64,edu_isced11_total,2014,100
rou,sex_t,age_10yrbands_y55_64,edu_isced11_total,2015,100
rou,sex_t,age_10yrbands_y55_64,edu_isced11_total,2016,100
rou,sex_t,age_10yrbands_y55_64,edu_isced11_total,2017,100
rou,sex_t,age_10yrbands_y55_64,edu_isced11_total,2018,100
rou,sex_t,age_10yrbands_y55_64,edu_isced11_total,2019,100
rou,sex_t,age_10yrbands_y55_64,edu_isced97_0,2001,2.5773
rou,sex_t,age_10yrbands_y55_64,edu_isced97_0,2002,2.9456
rou,sex_t,age_10yrbands_y55_64,edu_isced97_0,2003,2.0503
rou,sex_t,age_10yrbands_y55_64,edu_isced97_0,2004,1.7418
rou,sex_t,age_10yrbands_y55_64,edu_isced97_0,2005,1.2965
rou,sex_t,age_10yrbands_y55_64,edu_isced97_0,2006,0.8979
rou,sex_t,age_10yrbands_y55_64,edu_isced97_0,2007,0.8526
rou,sex_t,age_10yrbands_y55_64,edu_isced97_0,2008,0.6873
rou,sex_t,age_10yrbands_y55_64,edu_isced97_0,2009,0.6542
rou,sex_t,age_10yrbands_y55_64,edu_isced97_0,2011,0.3161
rou,sex_t,age_10yrbands_y55_64,edu_isced97_0,2012,0.2316
rou,sex_t,age_10yrbands_y55_64,edu_isced97_0,2013,0.3311
rou,sex_t,age_10yrbands_y55_64,edu_isced97_1,1998,45.2531
rou,sex_t,age_10yrbands_y55_64,edu_isced97_1,1999,45.6173
rou,sex_t,age_10yrbands_y55_64,edu_isced97_1,2000,41.8388
rou,sex_t,age_10yrbands_y55_64,edu_isced97_1,2001,36.0909
rou,sex_t,age_10yrbands_y55_64,edu_isced97_1,2002,34.8482
rou,sex_t,age_10yrbands_y55_64,edu_isced97_1,2003,30.8393
rou,sex_t,age_10yrbands_y55_64,edu_isced97_1,2004,25.1383
rou,sex_t,age_10yrbands_y55_64,edu_isced97_1,2005,21.6823
rou,sex_t,age_10yrbands_y55_64,edu_isced97_1,2006,16.7397
rou,sex_t,age_10yrbands_y55_64,edu_isced97_1,2007,14.5784
rou,sex_t,age_10yrbands_y55_64,edu_isced97_1,2008,11.4481
rou,sex_t,age_10yrbands_y55_64,edu_isced97_1,2009,9.4124
rou,sex_t,age_10yrbands_y55_64,edu_isced97_1,2010,8.8283
rou,sex_t,age_10yrbands_y55_64,edu_isced97_1,2011,6.8917
rou,sex_t,age_10yrbands_y55_64,edu_isced97_1,2012,5.6304
rou,sex_t,age_10yrbands_y55_64,edu_isced97_1,2013,5.0323
rou,sex_t,age_10yrbands_y55_64,edu_isced97_2,1998,31.2574
rou,sex_t,age_10yrbands_y55_64,edu_isced97_2,1999,32.2564
rou,sex_t,age_10yrbands_y55_64,edu_isced97_2,2000,34.9112
rou,sex_t,age_10yrbands_y55_64,edu_isced97_2,2001,35.9331
rou,sex_t,age_10yrbands_y55_64,edu_isced97_2,2002,33.9269
rou,sex_t,age_10yrbands_y55_64,edu_isced97_2,2003,36.3918
rou,sex_t,age_10yrbands_y55_64,edu_isced97_2,2004,33.7858
rou,sex_t,age_10yrbands_y55_64,edu_isced97_2,2005,33.1483
rou,sex_t,age_10yrbands_y55_64,edu_isced97_2,2006,31.1121
rou,sex_t,age_10yrbands_y55_64,edu_isced97_2,2007,31.8509
rou,sex_t,age_10yrbands_y55_64,edu_isced97_2,2008,33.3287
rou,sex_t,age_10yrbands_y55_64,edu_isced97_2,2009,34.3576
rou,sex_t,age_10yrbands_y55_64,edu_isced97_2,2010,33.915
rou,sex_t,age_10yrbands_y55_64,edu_isced97_2,2011,32.6855
rou,sex_t,age_10yrbands_y55_64,edu_isced97_2,2012,31.8527
rou,sex_t,age_10yrbands_y55_64,edu_isced97_2,2013,30.6272
rou,sex_t,age_10yrbands_y55_64,edu_isced97_3,1998,16.8989
rou,sex_t,age_10yrbands_y55_64,edu_isced97_3,1999,15.5038
rou,sex_t,age_10yrbands_y55_64,edu_isced97_3,2000,16.4146
rou,sex_t,age_10yrbands_y55_64,edu_isced97_3,2001,18.4295
rou,sex_t,age_10yrbands_y55_64,edu_isced97_3,2002,16.5203
rou,sex_t,age_10yrbands_y55_64,edu_isced97_3,2003,18.1647
rou,sex_t,age_10yrbands_y55_64,edu_isced97_3,2004,22.881
rou,sex_t,age_10yrbands_y55_64,edu_isced97_3,2005,26.6949
rou,sex_t,age_10yrbands_y55_64,edu_isced97_3,2006,30.946
rou,sex_t,age_10yrbands_y55_64,edu_isced97_3,2007,34.101
rou,sex_t,age_10yrbands_y55_64,edu_isced97_3,2008,36.6581
rou,sex_t,age_10yrbands_y55_64,edu_isced97_3,2009,38.3527
rou,sex_t,age_10yrbands_y55_64,edu_isced97_3,2010,39.6184
rou,sex_t,age_10yrbands_y55_64,edu_isced97_3,2011,42.1521
rou,sex_t,age_10yrbands_y55_64,edu_isced97_3,2012,44.7934
rou,sex_t,age_10yrbands_y55_64,edu_isced97_3,2013,46.6398
rou,sex_t,age_10yrbands_y55_64,edu_isced97_4,2002,3.5164
rou,sex_t,age_10yrbands_y55_64,edu_isced97_4,2003,3.6024
rou,sex_t,age_10yrbands_y55_64,edu_isced97_4,2004,6.2532
rou,sex_t,age_10yrbands_y55_64,edu_isced97_4,2005,6.0642
rou,sex_t,age_10yrbands_y55_64,edu_isced97_4,2006,7.0946
rou,sex_t,age_10yrbands_y55_64,edu_isced97_4,2007,6.0284
rou,sex_t,age_10yrbands_y55_64,edu_isced97_4,2008,5.6623
rou,sex_t,age_10yrbands_y55_64,edu_isced97_4,2009,5.9091
rou,sex_t,age_10yrbands_y55_64,edu_isced97_4,2010,5.8324
rou,sex_t,age_10yrbands_y55_64,edu_isced97_4,2011,5.2264
rou,sex_t,age_10yrbands_y55_64,edu_isced97_4,2012,4.8132
rou,sex_t,age_10yrbands_y55_64,edu_isced97_4,2013,4.7981
rou,sex_t,age_10yrbands_y55_64,edu_isced97_5,1998,6.5906
rou,sex_t,age_10yrbands_y55_64,edu_isced97_5,1999,6.6224
rou,sex_t,age_10yrbands_y55_64,edu_isced97_5,2000,6.8354
rou,sex_t,age_10yrbands_y55_64,edu_isced97_5,2001,6.9693
rou,sex_t,age_10yrbands_y55_64,edu_isced97_5,2002,8.1022
rou,sex_t,age_10yrbands_y55_64,edu_isced97_5,2003,8.8184
rou,sex_t,age_10yrbands_y55_64,edu_isced97_5,2004,9.9254
rou,sex_t,age_10yrbands_y55_64,edu_isced97_5,2005,10.903
rou,sex_t,age_10yrbands_y55_64,edu_isced97_5,2006,12.9802
rou,sex_t,age_10yrbands_y55_64,edu_isced97_5,2007,12.3703
rou,sex_t,age_10yrbands_y55_64,edu_isced97_5,2008,12.0428
rou,sex_t,age_10yrbands_y55_64,edu_isced97_5,2009,11.1858
rou,sex_t,age_10yrbands_y55_64,edu_isced97_5,2010,11.2066
rou,sex_t,age_10yrbands_y55_64,edu_isced97_5,2011,12.6554
rou,sex_t,age_10yrbands_y55_64,edu_isced97_5,2012,12.5719
rou,sex_t,age_10yrbands_y55_64,edu_isced97_5,2013,12.3985
rou,sex_t,age_10yrbands_y55_64,edu_isced97_6,2004,0.2745
rou,sex_t,age_10yrbands_y55_64,edu_isced97_6,2006,0.2295
rou,sex_t,age_10yrbands_y55_64,edu_isced97_6,2007,0.2184
rou,sex_t,age_10yrbands_y55_64,edu_isced97_6,2008,0.1726
rou,sex_t,age_10yrbands_y55_64,edu_isced97_6,2009,0.1282
rou,sex_t,age_10yrbands_y55_64,edu_isced97_6,2011,0.0727
rou,sex_t,age_10yrbands_y55_64,edu_isced97_6,2012,0.1069
rou,sex_t,age_10yrbands_y55_64,edu_isced97_6,2013,0.1729
rou,sex_t,age_10yrbands_y55_64,edu_isced97_total,1998,100
rou,sex_t,age_10yrbands_y55_64,edu_isced97_total,1999,100
rou,sex_t,age_10yrbands_y55_64,edu_isced97_total,2000,100
rou,sex_t,age_10yrbands_y55_64,edu_isced97_total,2001,100
rou,sex_t,age_10yrbands_y55_64,edu_isced97_total,2002,100
rou,sex_t,age_10yrbands_y55_64,edu_isced97_total,2003,100
rou,sex_t,age_10yrbands_y55_64,edu_isced97_total,2004,100
rou,sex_t,age_10yrbands_y55_64,edu_isced97_total,2005,100
rou,sex_t,age_10yrbands_y55_64,edu_isced97_total,2006,100
rou,sex_t,age_10yrbands_y55_64,edu_isced97_total,2007,100
rou,sex_t,age_10yrbands_y55_64,edu_isced97_total,2008,100
rou,sex_t,age_10yrbands_y55_64,edu_isced97_total,2009,100
rou,sex_t,age_10yrbands_y55_64,edu_isced97_total,2010,100
rou,sex_t,age_10yrbands_y55_64,edu_isced97_total,2011,100
rou,sex_t,age_10yrbands_y55_64,edu_isced97_total,2012,100
rou,sex_t,age_10yrbands_y55_64,edu_isced97_total,2013,100
rou,sex_t,age_10yrbands_yge65,edu_aggregate_adv,1998,0.857
rou,sex_t,age_10yrbands_yge65,edu_aggregate_adv,1999,1.0185
rou,sex_t,age_10yrbands_yge65,edu_aggregate_adv,2000,0.9368
rou,sex_t,age_10yrbands_yge65,edu_aggregate_adv,2001,0.5115
rou,sex_t,age_10yrbands_yge65,edu_aggregate_adv,2002,0.6517
rou,sex_t,age_10yrbands_yge65,edu_aggregate_adv,2003,1.216
rou,sex_t,age_10yrbands_yge65,edu_aggregate_adv,2004,1.5492
rou,sex_t,age_10yrbands_yge65,edu_aggregate_adv,2005,1.7099
rou,sex_t,age_10yrbands_yge65,edu_aggregate_adv,2006,2.6006
rou,sex_t,age_10yrbands_yge65,edu_aggregate_adv,2007,2.1865
rou,sex_t,age_10yrbands_yge65,edu_aggregate_adv,2008,1.7894
rou,sex_t,age_10yrbands_yge65,edu_aggregate_adv,2009,1.6719
rou,sex_t,age_10yrbands_yge65,edu_aggregate_adv,2010,1.6675
rou,sex_t,age_10yrbands_yge65,edu_aggregate_adv,2011,1.8747
rou,sex_t,age_10yrbands_yge65,edu_aggregate_adv,2012,1.9372
rou,sex_t,age_10yrbands_yge65,edu_aggregate_adv,2013,2.2257
rou,sex_t,age_10yrbands_yge65,edu_aggregate_adv,2014,2.2843
rou,sex_t,age_10yrbands_yge65,edu_aggregate_adv,2015,2.7501
rou,sex_t,age_10yrbands_yge65,edu_aggregate_adv,2016,3.8595
rou,sex_t,age_10yrbands_yge65,edu_aggregate_adv,2017,4.4062
rou,sex_t,age_10yrbands_yge65,edu_aggregate_adv,2018,4.2107
rou,sex_t,age_10yrbands_yge65,edu_aggregate_adv,2019,4.5187
rou,sex_t,age_10yrbands_yge65,edu_aggregate_bas,1998,95.0737
rou,sex_t,age_10yrbands_yge65,edu_aggregate_bas,1999,94.7117
rou,sex_t,age_10yrbands_yge65,edu_aggregate_bas,2000,94.5331
rou,sex_t,age_10yrbands_yge65,edu_aggregate_bas,2001,86.61
rou,sex_t,age_10yrbands_yge65,edu_aggregate_bas,2002,86.148
rou,sex_t,age_10yrbands_yge65,edu_aggregate_bas,2003,85.7959
rou,sex_t,age_10yrbands_yge65,edu_aggregate_bas,2004,83.791
rou,sex_t,age_10yrbands_yge65,edu_aggregate_bas,2005,84.3454
rou,sex_t,age_10yrbands_yge65,edu_aggregate_bas,2006,83.3355
rou,sex_t,age_10yrbands_yge65,edu_aggregate_bas,2007,83.5834
rou,sex_t,age_10yrbands_yge65,edu_aggregate_bas,2008,86.255
rou,sex_t,age_10yrbands_yge65,edu_aggregate_bas,2009,87.2381
rou,sex_t,age_10yrbands_yge65,edu_aggregate_bas,2010,85.4327
rou,sex_t,age_10yrbands_yge65,edu_aggregate_bas,2011,85.5337
rou,sex_t,age_10yrbands_yge65,edu_aggregate_bas,2012,83.7218
rou,sex_t,age_10yrbands_yge65,edu_aggregate_bas,2013,83.0921
rou,sex_t,age_10yrbands_yge65,edu_aggregate_bas,2014,82.6188
rou,sex_t,age_10yrbands_yge65,edu_aggregate_bas,2015,77.1762
rou,sex_t,age_10yrbands_yge65,edu_aggregate_bas,2016,71.6533
rou,sex_t,age_10yrbands_yge65,edu_aggregate_bas,2017,66.9016
rou,sex_t,age_10yrbands_yge65,edu_aggregate_bas,2018,64.9188
rou,sex_t,age_10yrbands_yge65,edu_aggregate_bas,2019,61.0326
rou,sex_t,age_10yrbands_yge65,edu_aggregate_int,1998,4.0693
rou,sex_t,age_10yrbands_yge65,edu_aggregate_int,1999,4.2698
rou,sex_t,age_10yrbands_yge65,edu_aggregate_int,2000,4.5301
rou,sex_t,age_10yrbands_yge65,edu_aggregate_int,2001,4.415
rou,sex_t,age_10yrbands_yge65,edu_aggregate_int,2002,3.6959
rou,sex_t,age_10yrbands_yge65,edu_aggregate_int,2003,5.6668
rou,sex_t,age_10yrbands_yge65,edu_aggregate_int,2004,7.4106
rou,sex_t,age_10yrbands_yge65,edu_aggregate_int,2005,7.3586
rou,sex_t,age_10yrbands_yge65,edu_aggregate_int,2006,8.6654
rou,sex_t,age_10yrbands_yge65,edu_aggregate_int,2007,9.6897
rou,sex_t,age_10yrbands_yge65,edu_aggregate_int,2008,8.1012
rou,sex_t,age_10yrbands_yge65,edu_aggregate_int,2009,8.2578
rou,sex_t,age_10yrbands_yge65,edu_aggregate_int,2010,9.789
rou,sex_t,age_10yrbands_yge65,edu_aggregate_int,2011,9.9187
rou,sex_t,age_10yrbands_yge65,edu_aggregate_int,2012,12.4953
rou,sex_t,age_10yrbands_yge65,edu_aggregate_int,2013,13.1947
rou,sex_t,age_10yrbands_yge65,edu_aggregate_int,2014,13.9753
rou,sex_t,age_10yrbands_yge65,edu_aggregate_int,2015,19.3159
rou,sex_t,age_10yrbands_yge65,edu_aggregate_int,2016,23.8548
rou,sex_t,age_10yrbands_yge65,edu_aggregate_int,2017,28.2577
rou,sex_t,age_10yrbands_yge65,edu_aggregate_int,2018,30.2433
rou,sex_t,age_10yrbands_yge65,edu_aggregate_int,2019,33.7841
rou,sex_t,age_10yrbands_yge65,edu_aggregate_ltb,2001,8.4635
rou,sex_t,age_10yrbands_yge65,edu_aggregate_ltb,2002,9.5044
rou,sex_t,age_10yrbands_yge65,edu_aggregate_ltb,2003,7.3213
rou,sex_t,age_10yrbands_yge65,edu_aggregate_ltb,2004,7.2492
rou,sex_t,age_10yrbands_yge65,edu_aggregate_ltb,2005,6.5861
rou,sex_t,age_10yrbands_yge65,edu_aggregate_ltb,2006,5.3985
rou,sex_t,age_10yrbands_yge65,edu_aggregate_ltb,2007,4.5404
rou,sex_t,age_10yrbands_yge65,edu_aggregate_ltb,2008,3.8544
rou,sex_t,age_10yrbands_yge65,edu_aggregate_ltb,2009,2.8321
rou,sex_t,age_10yrbands_yge65,edu_aggregate_ltb,2010,3.1108
rou,sex_t,age_10yrbands_yge65,edu_aggregate_ltb,2011,2.6729
rou,sex_t,age_10yrbands_yge65,edu_aggregate_ltb,2012,1.8457
rou,sex_t,age_10yrbands_yge65,edu_aggregate_total,1998,100
rou,sex_t,age_10yrbands_yge65,edu_aggregate_total,1999,100
rou,sex_t,age_10yrbands_yge65,edu_aggregate_total,2000,100
rou,sex_t,age_10yrbands_yge65,edu_aggregate_total,2001,100
rou,sex_t,age_10yrbands_yge65,edu_aggregate_total,2002,100
rou,sex_t,age_10yrbands_yge65,edu_aggregate_total,2003,100
rou,sex_t,age_10yrbands_yge65,edu_aggregate_total,2004,100
rou,sex_t,age_10yrbands_yge65,edu_aggregate_total,2005,100
rou,sex_t,age_10yrbands_yge65,edu_aggregate_total,2006,100
rou,sex_t,age_10yrbands_yge65,edu_aggregate_total,2007,100
rou,sex_t,age_10yrbands_yge65,edu_aggregate_total,2008,100
rou,sex_t,age_10yrbands_yge65,edu_aggregate_total,2009,100
rou,sex_t,age_10yrbands_yge65,edu_aggregate_total,2010,100
rou,sex_t,age_10yrbands_yge65,edu_aggregate_total,2011,100
rou,sex_t,age_10yrbands_yge65,edu_aggregate_total,2012,100
rou,sex_t,age_10yrbands_yge65,edu_aggregate_total,2013,100
rou,sex_t,age_10yrbands_yge65,edu_aggregate_total,2014,100
rou,sex_t,age_10yrbands_yge65,edu_aggregate_total,2015,100
rou,sex_t,age_10yrbands_yge65,edu_aggregate_total,2016,100
rou,sex_t,age_10yrbands_yge65,edu_aggregate_total,2017,100
rou,sex_t,age_10yrbands_yge65,edu_aggregate_total,2018,100
rou,sex_t,age_10yrbands_yge65,edu_aggregate_total,2019,100
rou,sex_t,age_10yrbands_yge65,edu_isced11_0,2015,0.7578
rou,sex_t,age_10yrbands_yge65,edu_isced11_0,2016,0.6325
rou,sex_t,age_10yrbands_yge65,edu_isced11_0,2017,0.4345
rou,sex_t,age_10yrbands_yge65,edu_isced11_1,2014,31.9625
rou,sex_t,age_10yrbands_yge65,edu_isced11_1,2015,27.0521
rou,sex_t,age_10yrbands_yge65,edu_isced11_1,2016,21.8898
rou,sex_t,age_10yrbands_yge65,edu_isced11_1,2017,17.646
rou,sex_t,age_10yrbands_yge65,edu_isced11_1,2018,17.1319
rou,sex_t,age_10yrbands_yge65,edu_isced11_1,2019,15.5668
rou,sex_t,age_10yrbands_yge65,edu_isced11_2,2014,50.6562
rou,sex_t,age_10yrbands_yge65,edu_isced11_2,2015,50.1241
rou,sex_t,age_10yrbands_yge65,edu_isced11_2,2016,49.7635
rou,sex_t,age_10yrbands_yge65,edu_isced11_2,2017,49.2556
rou,sex_t,age_10yrbands_yge65,edu_isced11_2,2018,47.7869
rou,sex_t,age_10yrbands_yge65,edu_isced11_2,2019,45.4658
rou,sex_t,age_10yrbands_yge65,edu_isced11_3,2014,12.5463
rou,sex_t,age_10yrbands_yge65,edu_isced11_3,2015,17.733
rou,sex_t,age_10yrbands_yge65,edu_isced11_3,2016,22.2382
rou,sex_t,age_10yrbands_yge65,edu_isced11_3,2017,26.4583
rou,sex_t,age_10yrbands_yge65,edu_isced11_3,2018,28.2444
rou,sex_t,age_10yrbands_yge65,edu_isced11_3,2019,31.7577
rou,sex_t,age_10yrbands_yge65,edu_isced11_4,2015,1.583
rou,sex_t,age_10yrbands_yge65,edu_isced11_4,2016,1.6166
rou,sex_t,age_10yrbands_yge65,edu_isced11_4,2017,1.7994
rou,sex_t,age_10yrbands_yge65,edu_isced11_5,2015,0.1567
rou,sex_t,age_10yrbands_yge65,edu_isced11_5,2016,0.537
rou,sex_t,age_10yrbands_yge65,edu_isced11_5,2017,0.3618
rou,sex_t,age_10yrbands_yge65,edu_isced11_6,2015,0.1065
rou,sex_t,age_10yrbands_yge65,edu_isced11_6,2016,0.193
rou,sex_t,age_10yrbands_yge65,edu_isced11_7,2015,2.3573
rou,sex_t,age_10yrbands_yge65,edu_isced11_7,2016,3.0021
rou,sex_t,age_10yrbands_yge65,edu_isced11_7,2017,3.885
rou,sex_t,age_10yrbands_yge65,edu_isced11_7,2018,3.7497
rou,sex_t,age_10yrbands_yge65,edu_isced11_7,2019,4.1298
rou,sex_t,age_10yrbands_yge65,edu_isced11_8,2015,0.1295
rou,sex_t,age_10yrbands_yge65,edu_isced11_8,2016,0.1275
rou,sex_t,age_10yrbands_yge65,edu_isced11_8,2017,0.1593
rou,sex_t,age_10yrbands_yge65,edu_isced11_total,2014,100
rou,sex_t,age_10yrbands_yge65,edu_isced11_total,2015,100
rou,sex_t,age_10yrbands_yge65,edu_isced11_total,2016,100
rou,sex_t,age_10yrbands_yge65,edu_isced11_total,2017,100
rou,sex_t,age_10yrbands_yge65,edu_isced11_total,2018,100
rou,sex_t,age_10yrbands_yge65,edu_isced11_total,2019,100
rou,sex_t,age_10yrbands_yge65,edu_isced97_0,2001,8.4635
rou,sex_t,age_10yrbands_yge65,edu_isced97_0,2002,9.5044
rou,sex_t,age_10yrbands_yge65,edu_isced97_0,2003,7.3213
rou,sex_t,age_10yrbands_yge65,edu_isced97_0,2004,7.2492
rou,sex_t,age_10yrbands_yge65,edu_isced97_0,2005,6.5861
rou,sex_t,age_10yrbands_yge65,edu_isced97_0,2006,5.3985
rou,sex_t,age_10yrbands_yge65,edu_isced97_0,2007,4.5404
rou,sex_t,age_10yrbands_yge65,edu_isced97_0,2008,3.8544
rou,sex_t,age_10yrbands_yge65,edu_isced97_0,2009,2.8321
rou,sex_t,age_10yrbands_yge65,edu_isced97_0,2010,3.1108
rou,sex_t,age_10yrbands_yge65,edu_isced97_0,2011,2.6729
rou,sex_t,age_10yrbands_yge65,edu_isced97_0,2012,1.8457
rou,sex_t,age_10yrbands_yge65,edu_isced97_0,2013,1.4875
rou,sex_t,age_10yrbands_yge65,edu_isced97_1,1998,68.2847
rou,sex_t,age_10yrbands_yge65,edu_isced97_1,1999,66.83
rou,sex_t,age_10yrbands_yge65,edu_isced97_1,2000,66.5053
rou,sex_t,age_10yrbands_yge65,edu_isced97_1,2001,58.5082
rou,sex_t,age_10yrbands_yge65,edu_isced97_1,2002,58.3857
rou,sex_t,age_10yrbands_yge65,edu_isced97_1,2003,55.2116
rou,sex_t,age_10yrbands_yge65,edu_isced97_1,2004,56.5609
rou,sex_t,age_10yrbands_yge65,edu_isced97_1,2005,54.7065
rou,sex_t,age_10yrbands_yge65,edu_isced97_1,2006,51.5254
rou,sex_t,age_10yrbands_yge65,edu_isced97_1,2007,49.6602
rou,sex_t,age_10yrbands_yge65,edu_isced97_1,2008,51.0847
rou,sex_t,age_10yrbands_yge65,edu_isced97_1,2009,50.1336
rou,sex_t,age_10yrbands_yge65,edu_isced97_1,2010,46.4453
rou,sex_t,age_10yrbands_yge65,edu_isced97_1,2011,44.7273
rou,sex_t,age_10yrbands_yge65,edu_isced97_1,2012,41.8228
rou,sex_t,age_10yrbands_yge65,edu_isced97_1,2013,37.8904
rou,sex_t,age_10yrbands_yge65,edu_isced97_2,1998,26.789
rou,sex_t,age_10yrbands_yge65,edu_isced97_2,1999,27.8817
rou,sex_t,age_10yrbands_yge65,edu_isced97_2,2000,28.0278
rou,sex_t,age_10yrbands_yge65,edu_isced97_2,2001,28.1018
rou,sex_t,age_10yrbands_yge65,edu_isced97_2,2002,27.7623
rou,sex_t,age_10yrbands_yge65,edu_isced97_2,2003,30.5843
rou,sex_t,age_10yrbands_yge65,edu_isced97_2,2004,27.2301
rou,sex_t,age_10yrbands_yge65,edu_isced97_2,2005,29.6389
rou,sex_t,age_10yrbands_yge65,edu_isced97_2,2006,31.8101
rou,sex_t,age_10yrbands_yge65,edu_isced97_2,2007,33.9232
rou,sex_t,age_10yrbands_yge65,edu_isced97_2,2008,35.1702
rou,sex_t,age_10yrbands_yge65,edu_isced97_2,2009,37.1045
rou,sex_t,age_10yrbands_yge65,edu_isced97_2,2010,38.9875
rou,sex_t,age_10yrbands_yge65,edu_isced97_2,2011,40.8064
rou,sex_t,age_10yrbands_yge65,edu_isced97_2,2012,41.8991
rou,sex_t,age_10yrbands_yge65,edu_isced97_2,2013,45.2017
rou,sex_t,age_10yrbands_yge65,edu_isced97_3,1998,4.0693
rou,sex_t,age_10yrbands_yge65,edu_isced97_3,1999,4.2698
rou,sex_t,age_10yrbands_yge65,edu_isced97_3,2000,4.5301
rou,sex_t,age_10yrbands_yge65,edu_isced97_3,2001,4.415
rou,sex_t,age_10yrbands_yge65,edu_isced97_3,2002,3.3695
rou,sex_t,age_10yrbands_yge65,edu_isced97_3,2003,5.0657
rou,sex_t,age_10yrbands_yge65,edu_isced97_3,2004,6.5838
rou,sex_t,age_10yrbands_yge65,edu_isced97_3,2005,6.486
rou,sex_t,age_10yrbands_yge65,edu_isced97_3,2006,7.539
rou,sex_t,age_10yrbands_yge65,edu_isced97_3,2007,8.3338
rou,sex_t,age_10yrbands_yge65,edu_isced97_3,2008,7.3402
rou,sex_t,age_10yrbands_yge65,edu_isced97_3,2009,7.3924
rou,sex_t,age_10yrbands_yge65,edu_isced97_3,2010,8.758
rou,sex_t,age_10yrbands_yge65,edu_isced97_3,2011,8.9001
rou,sex_t,age_10yrbands_yge65,edu_isced97_3,2012,10.9262
rou,sex_t,age_10yrbands_yge65,edu_isced97_3,2013,11.593
rou,sex_t,age_10yrbands_yge65,edu_isced97_4,2002,0.3264
rou,sex_t,age_10yrbands_yge65,edu_isced97_4,2003,0.6011
rou,sex_t,age_10yrbands_yge65,edu_isced97_4,2004,0.8267
rou,sex_t,age_10yrbands_yge65,edu_isced97_4,2006,1.1264
rou,sex_t,age_10yrbands_yge65,edu_isced97_4,2007,1.3559
rou,sex_t,age_10yrbands_yge65,edu_isced97_4,2008,0.761
rou,sex_t,age_10yrbands_yge65,edu_isced97_4,2009,0.8654
rou,sex_t,age_10yrbands_yge65,edu_isced97_4,2011,1.0186
rou,sex_t,age_10yrbands_yge65,edu_isced97_4,2012,1.5691
rou,sex_t,age_10yrbands_yge65,edu_isced97_4,2013,1.6018
rou,sex_t,age_10yrbands_yge65,edu_isced97_5,1998,0.857
rou,sex_t,age_10yrbands_yge65,edu_isced97_5,1999,1.0185
rou,sex_t,age_10yrbands_yge65,edu_isced97_5,2000,0.9368
rou,sex_t,age_10yrbands_yge65,edu_isced97_5,2001,0.5115
rou,sex_t,age_10yrbands_yge65,edu_isced97_5,2002,0.493
rou,sex_t,age_10yrbands_yge65,edu_isced97_5,2003,1.216
rou,sex_t,age_10yrbands_yge65,edu_isced97_5,2004,1.3301
rou,sex_t,age_10yrbands_yge65,edu_isced97_5,2005,1.6007
rou,sex_t,age_10yrbands_yge65,edu_isced97_5,2006,2.5273
rou,sex_t,age_10yrbands_yge65,edu_isced97_5,2007,2.0894
rou,sex_t,age_10yrbands_yge65,edu_isced97_5,2008,1.7554
rou,sex_t,age_10yrbands_yge65,edu_isced97_5,2009,1.5511
rou,sex_t,age_10yrbands_yge65,edu_isced97_5,2010,1.6331
rou,sex_t,age_10yrbands_yge65,edu_isced97_5,2011,1.8385
rou,sex_t,age_10yrbands_yge65,edu_isced97_5,2012,1.8536
rou,sex_t,age_10yrbands_yge65,edu_isced97_5,2013,2.1704
rou,sex_t,age_10yrbands_yge65,edu_isced97_6,2004,0.2191
rou,sex_t,age_10yrbands_yge65,edu_isced97_6,2007,0.0971
rou,sex_t,age_10yrbands_yge65,edu_isced97_6,2009,0.1209
rou,sex_t,age_10yrbands_yge65,edu_isced97_6,2012,0.0836
rou,sex_t,age_10yrbands_yge65,edu_isced97_total,1998,100
rou,sex_t,age_10yrbands_yge65,edu_isced97_total,1999,100
rou,sex_t,age_10yrbands_yge65,edu_isced97_total,2000,100
rou,sex_t,age_10yrbands_yge65,edu_isced97_total,2001,100
rou,sex_t,age_10yrbands_yge65,edu_isced97_total,2002,100
rou,sex_t,age_10yrbands_yge65,edu_isced97_total,2003,100
rou,sex_t,age_10yrbands_yge65,edu_isced97_total,2004,100
rou,sex_t,age_10yrbands_yge65,edu_isced97_total,2005,100
rou,sex_t,age_10yrbands_yge65,edu_isced97_total,2006,100
rou,sex_t,age_10yrbands_yge65,edu_isced97_total,2007,100
rou,sex_t,age_10yrbands_yge65,edu_isced97_total,2008,100
rou,sex_t,age_10yrbands_yge65,edu_isced97_total,2009,100
rou,sex_t,age_10yrbands_yge65,edu_isced97_total,2010,100
rou,sex_t,age_10yrbands_yge65,edu_isced97_total,2011,100
rou,sex_t,age_10yrbands_yge65,edu_isced97_total,2012,100
rou,sex_t,age_10yrbands_yge65,edu_isced97_total,2013,100
rou,sex_t,age_aggregate_total,edu_aggregate_adv,1997,13.1935
rou,sex_t,age_aggregate_total,edu_aggregate_adv,1998,8.3352
rou,sex_t,age_aggregate_total,edu_aggregate_adv,1999,8.4027
rou,sex_t,age_aggregate_total,edu_aggregate_adv,2000,8.7126
rou,sex_t,age_aggregate_total,edu_aggregate_adv,2001,9.357
rou,sex_t,age_aggregate_total,edu_aggregate_adv,2002,10.4294
rou,sex_t,age_aggregate_total,edu_aggregate_adv,2003,10.4365
rou,sex_t,age_aggregate_total,edu_aggregate_adv,2004,11.8621
rou,sex_t,age_aggregate_total,edu_aggregate_adv,2005,12.6187
rou,sex_t,age_aggregate_total,edu_aggregate_adv,2006,13.4771
rou,sex_t,age_aggregate_total,edu_aggregate_adv,2007,13.7932
rou,sex_t,age_aggregate_total,edu_aggregate_adv,2008,14.7946
rou,sex_t,age_aggregate_total,edu_aggregate_adv,2009,15.4503
rou,sex_t,age_aggregate_total,edu_aggregate_adv,2010,15.7689
rou,sex_t,age_aggregate_total,edu_aggregate_adv,2011,17.3049
rou,sex_t,age_aggregate_total,edu_aggregate_adv,2012,17.7502
rou,sex_t,age_aggregate_total,edu_aggregate_adv,2013,18.2505
rou,sex_t,age_aggregate_total,edu_aggregate_adv,2014,18.4425
rou,sex_t,age_aggregate_total,edu_aggregate_adv,2015,20.202
rou,sex_t,age_aggregate_total,edu_aggregate_adv,2016,20.5461
rou,sex_t,age_aggregate_total,edu_aggregate_adv,2017,20.507
rou,sex_t,age_aggregate_total,edu_aggregate_adv,2018,20.5112
rou,sex_t,age_aggregate_total,edu_aggregate_adv,2019,21.1949
rou,sex_t,age_aggregate_total,edu_aggregate_bas,1997,36.5596
rou,sex_t,age_aggregate_total,edu_aggregate_bas,1998,36.4624
rou,sex_t,age_aggregate_total,edu_aggregate_bas,1999,37.1267
rou,sex_t,age_aggregate_total,edu_aggregate_bas,2000,36.8422
rou,sex_t,age_aggregate_total,edu_aggregate_bas,2001,33.8095
rou,sex_t,age_aggregate_total,edu_aggregate_bas,2002,30.3737
rou,sex_t,age_aggregate_total,edu_aggregate_bas,2003,30.0757
rou,sex_t,age_aggregate_total,edu_aggregate_bas,2004,26.5343
rou,sex_t,age_aggregate_total,edu_aggregate_bas,2005,25.4612
rou,sex_t,age_aggregate_total,edu_aggregate_bas,2006,24.1273
rou,sex_t,age_aggregate_total,edu_aggregate_bas,2007,24.1133
rou,sex_t,age_aggregate_total,edu_aggregate_bas,2008,23.7928
rou,sex_t,age_aggregate_total,edu_aggregate_bas,2009,24.3012
rou,sex_t,age_aggregate_total,edu_aggregate_bas,2010,25.0366
rou,sex_t,age_aggregate_total,edu_aggregate_bas,2011,23.3765
rou,sex_t,age_aggregate_total,edu_aggregate_bas,2012,22.9706
rou,sex_t,age_aggregate_total,edu_aggregate_bas,2013,22.7171
rou,sex_t,age_aggregate_total,edu_aggregate_bas,2014,24.982
rou,sex_t,age_aggregate_total,edu_aggregate_bas,2015,22.0849
rou,sex_t,age_aggregate_total,edu_aggregate_bas,2016,20.1752
rou,sex_t,age_aggregate_total,edu_aggregate_bas,2017,19.3737
rou,sex_t,age_aggregate_total,edu_aggregate_bas,2018,18.6372
rou,sex_t,age_aggregate_total,edu_aggregate_bas,2019,17.995
rou,sex_t,age_aggregate_total,edu_aggregate_int,1997,50.2478
rou,sex_t,age_aggregate_total,edu_aggregate_int,1998,55.2024
rou,sex_t,age_aggregate_total,edu_aggregate_int,1999,54.4706
rou,sex_t,age_aggregate_total,edu_aggregate_int,2000,54.4453
rou,sex_t,age_aggregate_total,edu_aggregate_int,2001,55.1723
rou,sex_t,age_aggregate_total,edu_aggregate_int,2002,57.8668
rou,sex_t,age_aggregate_total,edu_aggregate_int,2003,58.3804
rou,sex_t,age_aggregate_total,edu_aggregate_int,2004,60.5092
rou,sex_t,age_aggregate_total,edu_aggregate_int,2005,60.9776
rou,sex_t,age_aggregate_total,edu_aggregate_int,2006,61.6672
rou,sex_t,age_aggregate_total,edu_aggregate_int,2007,61.3462
rou,sex_t,age_aggregate_total,edu_aggregate_int,2008,60.6944
rou,sex_t,age_aggregate_total,edu_aggregate_int,2009,59.6744
rou,sex_t,age_aggregate_total,edu_aggregate_int,2010,58.6677
rou,sex_t,age_aggregate_total,edu_aggregate_int,2011,58.9516
rou,sex_t,age_aggregate_total,edu_aggregate_int,2012,58.9489
rou,sex_t,age_aggregate_total,edu_aggregate_int,2013,58.6903
rou,sex_t,age_aggregate_total,edu_aggregate_int,2014,56.2871
rou,sex_t,age_aggregate_total,edu_aggregate_int,2015,57.362
rou,sex_t,age_aggregate_total,edu_aggregate_int,2016,58.9914
rou,sex_t,age_aggregate_total,edu_aggregate_int,2017,59.8157
rou,sex_t,age_aggregate_total,edu_aggregate_int,2018,60.4965
rou,sex_t,age_aggregate_total,edu_aggregate_int,2019,60.476
rou,sex_t,age_aggregate_total,edu_aggregate_ltb,2001,1.6612
rou,sex_t,age_aggregate_total,edu_aggregate_ltb,2002,1.3301
rou,sex_t,age_aggregate_total,edu_aggregate_ltb,2003,1.1074
rou,sex_t,age_aggregate_total,edu_aggregate_ltb,2004,1.0944
rou,sex_t,age_aggregate_total,edu_aggregate_ltb,2005,0.9426
rou,sex_t,age_aggregate_total,edu_aggregate_ltb,2006,0.7285
rou,sex_t,age_aggregate_total,edu_aggregate_ltb,2007,0.7472
rou,sex_t,age_aggregate_total,edu_aggregate_ltb,2008,0.7182
rou,sex_t,age_aggregate_total,edu_aggregate_ltb,2009,0.5741
rou,sex_t,age_aggregate_total,edu_aggregate_ltb,2010,0.5268
rou,sex_t,age_aggregate_total,edu_aggregate_ltb,2011,0.3671
rou,sex_t,age_aggregate_total,edu_aggregate_ltb,2012,0.3303
rou,sex_t,age_aggregate_total,edu_aggregate_ltb,2013,0.3421
rou,sex_t,age_aggregate_total,edu_aggregate_ltb,2014,0.2884
rou,sex_t,age_aggregate_total,edu_aggregate_ltb,2015,0.3511
rou,sex_t,age_aggregate_total,edu_aggregate_ltb,2016,0.2873
rou,sex_t,age_aggregate_total,edu_aggregate_ltb,2017,0.3036
rou,sex_t,age_aggregate_total,edu_aggregate_ltb,2018,0.355
rou,sex_t,age_aggregate_total,edu_aggregate_ltb,2019,0.3341
rou,sex_t,age_aggregate_total,edu_aggregate_total,1997,100
rou,sex_t,age_aggregate_total,edu_aggregate_total,1998,100
rou,sex_t,age_aggregate_total,edu_aggregate_total,1999,100
rou,sex_t,age_aggregate_total,edu_aggregate_total,2000,100
rou,sex_t,age_aggregate_total,edu_aggregate_total,2001,100
rou,sex_t,age_aggregate_total,edu_aggregate_total,2002,100
rou,sex_t,age_aggregate_total,edu_aggregate_total,2003,100
rou,sex_t,age_aggregate_total,edu_aggregate_total,2004,100
rou,sex_t,age_aggregate_total,edu_aggregate_total,2005,100
rou,sex_t,age_aggregate_total,edu_aggregate_total,2006,100
rou,sex_t,age_aggregate_total,edu_aggregate_total,2007,100
rou,sex_t,age_aggregate_total,edu_aggregate_total,2008,100
rou,sex_t,age_aggregate_total,edu_aggregate_total,2009,100
rou,sex_t,age_aggregate_total,edu_aggregate_total,2010,100
rou,sex_t,age_aggregate_total,edu_aggregate_total,2011,100
rou,sex_t,age_aggregate_total,edu_aggregate_total,2012,100
rou,sex_t,age_aggregate_total,edu_aggregate_total,2013,100
rou,sex_t,age_aggregate_total,edu_aggregate_total,2014,100
rou,sex_t,age_aggregate_total,edu_aggregate_total,2015,100
rou,sex_t,age_aggregate_total,edu_aggregate_total,2016,100
rou,sex_t,age_aggregate_total,edu_aggregate_total,2017,100
rou,sex_t,age_aggregate_total,edu_aggregate_total,2018,100
rou,sex_t,age_aggregate_total,edu_aggregate_total,2019,100
rou,sex_t,age_aggregate_total,edu_isced11_0,2014,0.2884
rou,sex_t,age_aggregate_total,edu_isced11_0,2015,0.3511
rou,sex_t,age_aggregate_total,edu_isced11_0,2016,0.2873
rou,sex_t,age_aggregate_total,edu_isced11_0,2017,0.3036
rou,sex_t,age_aggregate_total,edu_isced11_0,2018,0.355
rou,sex_t,age_aggregate_total,edu_isced11_0,2019,0.3341
rou,sex_t,age_aggregate_total,edu_isced11_1,2014,3.2601
rou,sex_t,age_aggregate_total,edu_isced11_1,2015,3.1006
rou,sex_t,age_aggregate_total,edu_isced11_1,2016,2.691
rou,sex_t,age_aggregate_total,edu_isced11_1,2017,2.4847
rou,sex_t,age_aggregate_total,edu_isced11_1,2018,2.3574
rou,sex_t,age_aggregate_total,edu_isced11_1,2019,2.2988
rou,sex_t,age_aggregate_total,edu_isced11_2,2014,21.7219
rou,sex_t,age_aggregate_total,edu_isced11_2,2015,18.9843
rou,sex_t,age_aggregate_total,edu_isced11_2,2016,17.4842
rou,sex_t,age_aggregate_total,edu_isced11_2,2017,16.889
rou,sex_t,age_aggregate_total,edu_isced11_2,2018,16.2798
rou,sex_t,age_aggregate_total,edu_isced11_2,2019,15.6962
rou,sex_t,age_aggregate_total,edu_isced11_3,2014,52.6971
rou,sex_t,age_aggregate_total,edu_isced11_3,2015,54.0753
rou,sex_t,age_aggregate_total,edu_isced11_3,2016,55.8775
rou,sex_t,age_aggregate_total,edu_isced11_3,2017,56.7098
rou,sex_t,age_aggregate_total,edu_isced11_3,2018,57.3808
rou,sex_t,age_aggregate_total,edu_isced11_3,2019,57.4289
rou,sex_t,age_aggregate_total,edu_isced11_4,2014,3.5901
rou,sex_t,age_aggregate_total,edu_isced11_4,2015,3.2867
rou,sex_t,age_aggregate_total,edu_isced11_4,2016,3.1139
rou,sex_t,age_aggregate_total,edu_isced11_4,2017,3.1059
rou,sex_t,age_aggregate_total,edu_isced11_4,2018,3.1158
rou,sex_t,age_aggregate_total,edu_isced11_4,2019,3.0471
rou,sex_t,age_aggregate_total,edu_isced11_5,2014,0.6402
rou,sex_t,age_aggregate_total,edu_isced11_5,2015,0.4995
rou,sex_t,age_aggregate_total,edu_isced11_5,2016,0.4616
rou,sex_t,age_aggregate_total,edu_isced11_5,2017,0.4201
rou,sex_t,age_aggregate_total,edu_isced11_5,2018,0.3995
rou,sex_t,age_aggregate_total,edu_isced11_5,2019,0.6806
rou,sex_t,age_aggregate_total,edu_isced11_6,2014,5.4805
rou,sex_t,age_aggregate_total,edu_isced11_6,2015,5.0754
rou,sex_t,age_aggregate_total,edu_isced11_6,2016,4.8365
rou,sex_t,age_aggregate_total,edu_isced11_6,2017,5.0902
rou,sex_t,age_aggregate_total,edu_isced11_6,2018,5.2351
rou,sex_t,age_aggregate_total,edu_isced11_6,2019,5.569
rou,sex_t,age_aggregate_total,edu_isced11_7,2014,12.213
rou,sex_t,age_aggregate_total,edu_isced11_7,2015,14.5273
rou,sex_t,age_aggregate_total,edu_isced11_7,2016,15.131
rou,sex_t,age_aggregate_total,edu_isced11_7,2017,14.8741
rou,sex_t,age_aggregate_total,edu_isced11_7,2018,14.7558
rou,sex_t,age_aggregate_total,edu_isced11_7,2019,14.8054
rou,sex_t,age_aggregate_total,edu_isced11_8,2014,0.1087
rou,sex_t,age_aggregate_total,edu_isced11_8,2015,0.0998
rou,sex_t,age_aggregate_total,edu_isced11_8,2016,0.1169
rou,sex_t,age_aggregate_total,edu_isced11_8,2017,0.1225
rou,sex_t,age_aggregate_total,edu_isced11_8,2018,0.1208
rou,sex_t,age_aggregate_total,edu_isced11_8,2019,0.1399
rou,sex_t,age_aggregate_total,edu_isced11_total,2014,100
rou,sex_t,age_aggregate_total,edu_isced11_total,2015,100
rou,sex_t,age_aggregate_total,edu_isced11_total,2016,100
rou,sex_t,age_aggregate_total,edu_isced11_total,2017,100
rou,sex_t,age_aggregate_total,edu_isced11_total,2018,100
rou,sex_t,age_aggregate_total,edu_isced11_total,2019,100
rou,sex_t,age_aggregate_total,edu_isced97_0,2001,1.6612
rou,sex_t,age_aggregate_total,edu_isced97_0,2002,1.3301
rou,sex_t,age_aggregate_total,edu_isced97_0,2003,1.1074
rou,sex_t,age_aggregate_total,edu_isced97_0,2004,1.0944
rou,sex_t,age_aggregate_total,edu_isced97_0,2005,0.9426
rou,sex_t,age_aggregate_total,edu_isced97_0,2006,0.7285
rou,sex_t,age_aggregate_total,edu_isced97_0,2007,0.7472
rou,sex_t,age_aggregate_total,edu_isced97_0,2008,0.7182
rou,sex_t,age_aggregate_total,edu_isced97_0,2009,0.5741
rou,sex_t,age_aggregate_total,edu_isced97_0,2010,0.5268
rou,sex_t,age_aggregate_total,edu_isced97_0,2011,0.3671
rou,sex_t,age_aggregate_total,edu_isced97_0,2012,0.3303
rou,sex_t,age_aggregate_total,edu_isced97_0,2013,0.3421
rou,sex_t,age_aggregate_total,edu_isced97_1,1998,15.9307
rou,sex_t,age_aggregate_total,edu_isced97_1,1999,15.8836
rou,sex_t,age_aggregate_total,edu_isced97_1,2000,15.1038
rou,sex_t,age_aggregate_total,edu_isced97_1,2001,12.7488
rou,sex_t,age_aggregate_total,edu_isced97_1,2002,10.1527
rou,sex_t,age_aggregate_total,edu_isced97_1,2003,8.6617
rou,sex_t,age_aggregate_total,edu_isced97_1,2004,7.4502
rou,sex_t,age_aggregate_total,edu_isced97_1,2005,6.8492
rou,sex_t,age_aggregate_total,edu_isced97_1,2006,5.9947
rou,sex_t,age_aggregate_total,edu_isced97_1,2007,5.8762
rou,sex_t,age_aggregate_total,edu_isced97_1,2008,5.5511
rou,sex_t,age_aggregate_total,edu_isced97_1,2009,5.2274
rou,sex_t,age_aggregate_total,edu_isced97_1,2010,4.9565
rou,sex_t,age_aggregate_total,edu_isced97_1,2011,4.2291
rou,sex_t,age_aggregate_total,edu_isced97_1,2012,3.8618
rou,sex_t,age_aggregate_total,edu_isced97_1,2013,3.601
rou,sex_t,age_aggregate_total,edu_isced97_2,1998,20.5317
rou,sex_t,age_aggregate_total,edu_isced97_2,1999,21.2431
rou,sex_t,age_aggregate_total,edu_isced97_2,2000,21.7383
rou,sex_t,age_aggregate_total,edu_isced97_2,2001,21.0606
rou,sex_t,age_aggregate_total,edu_isced97_2,2002,20.2209
rou,sex_t,age_aggregate_total,edu_isced97_2,2003,21.414
rou,sex_t,age_aggregate_total,edu_isced97_2,2004,19.0841
rou,sex_t,age_aggregate_total,edu_isced97_2,2005,18.612
rou,sex_t,age_aggregate_total,edu_isced97_2,2006,18.1326
rou,sex_t,age_aggregate_total,edu_isced97_2,2007,18.2371
rou,sex_t,age_aggregate_total,edu_isced97_2,2008,18.2417
rou,sex_t,age_aggregate_total,edu_isced97_2,2009,19.0737
rou,sex_t,age_aggregate_total,edu_isced97_2,2010,20.0801
rou,sex_t,age_aggregate_total,edu_isced97_2,2011,19.1473
rou,sex_t,age_aggregate_total,edu_isced97_2,2012,19.1088
rou,sex_t,age_aggregate_total,edu_isced97_2,2013,19.1161
rou,sex_t,age_aggregate_total,edu_isced97_3,1998,55.2024
rou,sex_t,age_aggregate_total,edu_isced97_3,1999,54.4706
rou,sex_t,age_aggregate_total,edu_isced97_3,2000,54.4453
rou,sex_t,age_aggregate_total,edu_isced97_3,2001,55.1723
rou,sex_t,age_aggregate_total,edu_isced97_3,2002,53.1801
rou,sex_t,age_aggregate_total,edu_isced97_3,2003,54.242
rou,sex_t,age_aggregate_total,edu_isced97_3,2004,55.6707
rou,sex_t,age_aggregate_total,edu_isced97_3,2005,56.2096
rou,sex_t,age_aggregate_total,edu_isced97_3,2006,56.7783
rou,sex_t,age_aggregate_total,edu_isced97_3,2007,56.8582
rou,sex_t,age_aggregate_total,edu_isced97_3,2008,56.4031
rou,sex_t,age_aggregate_total,edu_isced97_3,2009,55.3645
rou,sex_t,age_aggregate_total,edu_isced97_3,2010,54.4946
rou,sex_t,age_aggregate_total,edu_isced97_3,2011,54.8898
rou,sex_t,age_aggregate_total,edu_isced97_3,2012,55.0642
rou,sex_t,age_aggregate_total,edu_isced97_3,2013,54.9943
rou,sex_t,age_aggregate_total,edu_isced97_4,2002,4.6867
rou,sex_t,age_aggregate_total,edu_isced97_4,2003,4.1384
rou,sex_t,age_aggregate_total,edu_isced97_4,2004,4.8385
rou,sex_t,age_aggregate_total,edu_isced97_4,2005,4.768
rou,sex_t,age_aggregate_total,edu_isced97_4,2006,4.8889
rou,sex_t,age_aggregate_total,edu_isced97_4,2007,4.488
rou,sex_t,age_aggregate_total,edu_isced97_4,2008,4.2913
rou,sex_t,age_aggregate_total,edu_isced97_4,2009,4.3099
rou,sex_t,age_aggregate_total,edu_isced97_4,2010,4.1732
rou,sex_t,age_aggregate_total,edu_isced97_4,2011,4.0618
rou,sex_t,age_aggregate_total,edu_isced97_4,2012,3.8847
rou,sex_t,age_aggregate_total,edu_isced97_4,2013,3.696
rou,sex_t,age_aggregate_total,edu_isced97_5,1998,8.3352
rou,sex_t,age_aggregate_total,edu_isced97_5,1999,8.4027
rou,sex_t,age_aggregate_total,edu_isced97_5,2000,8.7126
rou,sex_t,age_aggregate_total,edu_isced97_5,2001,9.357
rou,sex_t,age_aggregate_total,edu_isced97_5,2002,10.3468
rou,sex_t,age_aggregate_total,edu_isced97_5,2003,10.3762
rou,sex_t,age_aggregate_total,edu_isced97_5,2004,11.7288
rou,sex_t,age_aggregate_total,edu_isced97_5,2005,12.4761
rou,sex_t,age_aggregate_total,edu_isced97_5,2006,13.3597
rou,sex_t,age_aggregate_total,edu_isced97_5,2007,13.6877
rou,sex_t,age_aggregate_total,edu_isced97_5,2008,14.6989
rou,sex_t,age_aggregate_total,edu_isced97_5,2009,15.3512
rou,sex_t,age_aggregate_total,edu_isced97_5,2010,15.6992
rou,sex_t,age_aggregate_total,edu_isced97_5,2011,17.2538
rou,sex_t,age_aggregate_total,edu_isced97_5,2012,17.652
rou,sex_t,age_aggregate_total,edu_isced97_5,2013,18.1455
rou,sex_t,age_aggregate_total,edu_isced97_6,2002,0.0826
rou,sex_t,age_aggregate_total,edu_isced97_6,2003,0.0603
rou,sex_t,age_aggregate_total,edu_isced97_6,2004,0.1332
rou,sex_t,age_aggregate_total,edu_isced97_6,2005,0.1425
rou,sex_t,age_aggregate_total,edu_isced97_6,2006,0.1173
rou,sex_t,age_aggregate_total,edu_isced97_6,2007,0.1055
rou,sex_t,age_aggregate_total,edu_isced97_6,2008,0.0957
rou,sex_t,age_aggregate_total,edu_isced97_6,2009,0.0991
rou,sex_t,age_aggregate_total,edu_isced97_6,2011,0.0511
rou,sex_t,age_aggregate_total,edu_isced97_6,2012,0.0982
rou,sex_t,age_aggregate_total,edu_isced97_6,2013,0.105
rou,sex_t,age_aggregate_total,edu_isced97_total,1998,100
rou,sex_t,age_aggregate_total,edu_isced97_total,1999,100
rou,sex_t,age_aggregate_total,edu_isced97_total,2000,100
rou,sex_t,age_aggregate_total,edu_isced97_total,2001,100
rou,sex_t,age_aggregate_total,edu_isced97_total,2002,100
rou,sex_t,age_aggregate_total,edu_isced97_total,2003,100
rou,sex_t,age_aggregate_total,edu_isced97_total,2004,100
rou,sex_t,age_aggregate_total,edu_isced97_total,2005,100
rou,sex_t,age_aggregate_total,edu_isced97_total,2006,100
rou,sex_t,age_aggregate_total,edu_isced97_total,2007,100
rou,sex_t,age_aggregate_total,edu_isced97_total,2008,100
rou,sex_t,age_aggregate_total,edu_isced97_total,2009,100
rou,sex_t,age_aggregate_total,edu_isced97_total,2010,100
rou,sex_t,age_aggregate_total,edu_isced97_total,2011,100
rou,sex_t,age_aggregate_total,edu_isced97_total,2012,100
rou,sex_t,age_aggregate_total,edu_isced97_total,2013,100
rou,sex_t,age_aggregate_y15_24,edu_aggregate_adv,1997,3.9315
rou,sex_t,age_aggregate_y15_24,edu_aggregate_adv,1998,2.232
rou,sex_t,age_aggregate_y15_24,edu_aggregate_adv,1999,2.5385
rou,sex_t,age_aggregate_y15_24,edu_aggregate_adv,2000,2.643
rou,sex_t,age_aggregate_y15_24,edu_aggregate_adv,2001,2.608
rou,sex_t,age_aggregate_y15_24,edu_aggregate_adv,2002,3.2663
rou,sex_t,age_aggregate_y15_24,edu_aggregate_adv,2003,3.8959
rou,sex_t,age_aggregate_y15_24,edu_aggregate_adv,2004,5.4963
rou,sex_t,age_aggregate_y15_24,edu_aggregate_adv,2005,4.7805
rou,sex_t,age_aggregate_y15_24,edu_aggregate_adv,2006,4.6683
rou,sex_t,age_aggregate_y15_24,edu_aggregate_adv,2007,5.5021
rou,sex_t,age_aggregate_y15_24,edu_aggregate_adv,2008,6.2951
rou,sex_t,age_aggregate_y15_24,edu_aggregate_adv,2009,7.859
rou,sex_t,age_aggregate_y15_24,edu_aggregate_adv,2010,7.8403
rou,sex_t,age_aggregate_y15_24,edu_aggregate_adv,2011,9.291
rou,sex_t,age_aggregate_y15_24,edu_aggregate_adv,2012,9.4115
rou,sex_t,age_aggregate_y15_24,edu_aggregate_adv,2013,9.1368
rou,sex_t,age_aggregate_y15_24,edu_aggregate_adv,2014,8.7575
rou,sex_t,age_aggregate_y15_24,edu_aggregate_adv,2015,8.1013
rou,sex_t,age_aggregate_y15_24,edu_aggregate_adv,2016,6.4888
rou,sex_t,age_aggregate_y15_24,edu_aggregate_adv,2017,8.776
rou,sex_t,age_aggregate_y15_24,edu_aggregate_adv,2018,7.819
rou,sex_t,age_aggregate_y15_24,edu_aggregate_adv,2019,7.8999
rou,sex_t,age_aggregate_y15_24,edu_aggregate_bas,1997,32.0807
rou,sex_t,age_aggregate_y15_24,edu_aggregate_bas,1998,31.881
rou,sex_t,age_aggregate_y15_24,edu_aggregate_bas,1999,37.2225
rou,sex_t,age_aggregate_y15_24,edu_aggregate_bas,2000,39.9515
rou,sex_t,age_aggregate_y15_24,edu_aggregate_bas,2001,37.7955
rou,sex_t,age_aggregate_y15_24,edu_aggregate_bas,2002,39.782
rou,sex_t,age_aggregate_y15_24,edu_aggregate_bas,2003,40.5791
rou,sex_t,age_aggregate_y15_24,edu_aggregate_bas,2004,36.1557
rou,sex_t,age_aggregate_y15_24,edu_aggregate_bas,2005,35.8138
rou,sex_t,age_aggregate_y15_24,edu_aggregate_bas,2006,35.1593
rou,sex_t,age_aggregate_y15_24,edu_aggregate_bas,2007,34.6137
rou,sex_t,age_aggregate_y15_24,edu_aggregate_bas,2008,31.4331
rou,sex_t,age_aggregate_y15_24,edu_aggregate_bas,2009,31.9918
rou,sex_t,age_aggregate_y15_24,edu_aggregate_bas,2010,35.4939
rou,sex_t,age_aggregate_y15_24,edu_aggregate_bas,2011,32.6224
rou,sex_t,age_aggregate_y15_24,edu_aggregate_bas,2012,33.8513
rou,sex_t,age_aggregate_y15_24,edu_aggregate_bas,2013,33.2701
rou,sex_t,age_aggregate_y15_24,edu_aggregate_bas,2014,34.0691
rou,sex_t,age_aggregate_y15_24,edu_aggregate_bas,2015,31.9794
rou,sex_t,age_aggregate_y15_24,edu_aggregate_bas,2016,33.1408
rou,sex_t,age_aggregate_y15_24,edu_aggregate_bas,2017,32.4352
rou,sex_t,age_aggregate_y15_24,edu_aggregate_bas,2018,29.1171
rou,sex_t,age_aggregate_y15_24,edu_aggregate_bas,2019,27.0124
rou,sex_t,age_aggregate_y15_24,edu_aggregate_int,1997,63.9879
rou,sex_t,age_aggregate_y15_24,edu_aggregate_int,1998,65.887
rou,sex_t,age_aggregate_y15_24,edu_aggregate_int,1999,60.239
rou,sex_t,age_aggregate_y15_24,edu_aggregate_int,2000,57.4055
rou,sex_t,age_aggregate_y15_24,edu_aggregate_int,2001,58.1346
rou,sex_t,age_aggregate_y15_24,edu_aggregate_int,2002,56.5291
rou,sex_t,age_aggregate_y15_24,edu_aggregate_int,2003,53.9093
rou,sex_t,age_aggregate_y15_24,edu_aggregate_int,2004,56.5437
rou,sex_t,age_aggregate_y15_24,edu_aggregate_int,2005,57.974
rou,sex_t,age_aggregate_y15_24,edu_aggregate_int,2006,59.1527
rou,sex_t,age_aggregate_y15_24,edu_aggregate_int,2007,58.8145
rou,sex_t,age_aggregate_y15_24,edu_aggregate_int,2008,60.946
rou,sex_t,age_aggregate_y15_24,edu_aggregate_int,2009,59.1247
rou,sex_t,age_aggregate_y15_24,edu_aggregate_int,2010,55.8141
rou,sex_t,age_aggregate_y15_24,edu_aggregate_int,2011,57.2469
rou,sex_t,age_aggregate_y15_24,edu_aggregate_int,2012,56.1579
rou,sex_t,age_aggregate_y15_24,edu_aggregate_int,2013,56.9627
rou,sex_t,age_aggregate_y15_24,edu_aggregate_int,2014,56.9025
rou,sex_t,age_aggregate_y15_24,edu_aggregate_int,2015,59.0757
rou,sex_t,age_aggregate_y15_24,edu_aggregate_int,2016,59.6553
rou,sex_t,age_aggregate_y15_24,edu_aggregate_int,2017,58.3117
rou,sex_t,age_aggregate_y15_24,edu_aggregate_int,2018,62.6712
rou,sex_t,age_aggregate_y15_24,edu_aggregate_int,2019,64.5158
rou,sex_t,age_aggregate_y15_24,edu_aggregate_ltb,2001,1.4619
rou,sex_t,age_aggregate_y15_24,edu_aggregate_ltb,2002,0.4226
rou,sex_t,age_aggregate_y15_24,edu_aggregate_ltb,2003,1.6157
rou,sex_t,age_aggregate_y15_24,edu_aggregate_ltb,2004,1.8043
rou,sex_t,age_aggregate_y15_24,edu_aggregate_ltb,2005,1.4316
rou,sex_t,age_aggregate_y15_24,edu_aggregate_ltb,2006,1.0196
rou,sex_t,age_aggregate_y15_24,edu_aggregate_ltb,2007,1.0698
rou,sex_t,age_aggregate_y15_24,edu_aggregate_ltb,2008,1.3258
rou,sex_t,age_aggregate_y15_24,edu_aggregate_ltb,2009,1.0244
rou,sex_t,age_aggregate_y15_24,edu_aggregate_total,1997,100
rou,sex_t,age_aggregate_y15_24,edu_aggregate_total,1998,100
rou,sex_t,age_aggregate_y15_24,edu_aggregate_total,1999,100
rou,sex_t,age_aggregate_y15_24,edu_aggregate_total,2000,100
rou,sex_t,age_aggregate_y15_24,edu_aggregate_total,2001,100
rou,sex_t,age_aggregate_y15_24,edu_aggregate_total,2002,100
rou,sex_t,age_aggregate_y15_24,edu_aggregate_total,2003,100
rou,sex_t,age_aggregate_y15_24,edu_aggregate_total,2004,100
rou,sex_t,age_aggregate_y15_24,edu_aggregate_total,2005,100
rou,sex_t,age_aggregate_y15_24,edu_aggregate_total,2006,100
rou,sex_t,age_aggregate_y15_24,edu_aggregate_total,2007,100
rou,sex_t,age_aggregate_y15_24,edu_aggregate_total,2008,100
rou,sex_t,age_aggregate_y15_24,edu_aggregate_total,2009,100
rou,sex_t,age_aggregate_y15_24,edu_aggregate_total,2010,100
rou,sex_t,age_aggregate_y15_24,edu_aggregate_total,2011,100
rou,sex_t,age_aggregate_y15_24,edu_aggregate_total,2012,100
rou,sex_t,age_aggregate_y15_24,edu_aggregate_total,2013,100
rou,sex_t,age_aggregate_y15_24,edu_aggregate_total,2014,100
rou,sex_t,age_aggregate_y15_24,edu_aggregate_total,2015,100
rou,sex_t,age_aggregate_y15_24,edu_aggregate_total,2016,100
rou,sex_t,age_aggregate_y15_24,edu_aggregate_total,2017,100
rou,sex_t,age_aggregate_y15_24,edu_aggregate_total,2018,100
rou,sex_t,age_aggregate_y15_24,edu_aggregate_total,2019,100
rou,sex_t,age_aggregate_y15_24,edu_isced11_0,2015,0.8436
rou,sex_t,age_aggregate_y15_24,edu_isced11_0,2016,0.7151
rou,sex_t,age_aggregate_y15_24,edu_isced11_0,2017,0.4771
rou,sex_t,age_aggregate_y15_24,edu_isced11_1,2014,3.5583
rou,sex_t,age_aggregate_y15_24,edu_isced11_1,2015,3.7177
rou,sex_t,age_aggregate_y15_24,edu_isced11_1,2016,4.8793
rou,sex_t,age_aggregate_y15_24,edu_isced11_1,2017,5.2186
rou,sex_t,age_aggregate_y15_24,edu_isced11_1,2018,3.8688
rou,sex_t,age_aggregate_y15_24,edu_isced11_1,2019,2.9385
rou,sex_t,age_aggregate_y15_24,edu_isced11_2,2014,30.5109
rou,sex_t,age_aggregate_y15_24,edu_isced11_2,2015,28.2617
rou,sex_t,age_aggregate_y15_24,edu_isced11_2,2016,28.2615
rou,sex_t,age_aggregate_y15_24,edu_isced11_2,2017,27.2165
rou,sex_t,age_aggregate_y15_24,edu_isced11_2,2018,25.2483
rou,sex_t,age_aggregate_y15_24,edu_isced11_2,2019,24.0739
rou,sex_t,age_aggregate_y15_24,edu_isced11_3,2014,55.5114
rou,sex_t,age_aggregate_y15_24,edu_isced11_3,2015,57.4744
rou,sex_t,age_aggregate_y15_24,edu_isced11_3,2016,58.2285
rou,sex_t,age_aggregate_y15_24,edu_isced11_3,2017,56.9145
rou,sex_t,age_aggregate_y15_24,edu_isced11_3,2018,61.4016
rou,sex_t,age_aggregate_y15_24,edu_isced11_3,2019,62.8081
rou,sex_t,age_aggregate_y15_24,edu_isced11_4,2014,1.3911
rou,sex_t,age_aggregate_y15_24,edu_isced11_4,2015,1.6013
rou,sex_t,age_aggregate_y15_24,edu_isced11_4,2016,1.4268
rou,sex_t,age_aggregate_y15_24,edu_isced11_4,2017,1.3972
rou,sex_t,age_aggregate_y15_24,edu_isced11_4,2018,1.2695
rou,sex_t,age_aggregate_y15_24,edu_isced11_4,2019,1.7077
rou,sex_t,age_aggregate_y15_24,edu_isced11_6,2014,6.4284
rou,sex_t,age_aggregate_y15_24,edu_isced11_6,2015,7.1801
rou,sex_t,age_aggregate_y15_24,edu_isced11_6,2016,5.5891
rou,sex_t,age_aggregate_y15_24,edu_isced11_6,2017,7.9468
rou,sex_t,age_aggregate_y15_24,edu_isced11_6,2018,7.2174
rou,sex_t,age_aggregate_y15_24,edu_isced11_6,2019,6.6732
rou,sex_t,age_aggregate_y15_24,edu_isced11_7,2014,2.3049
rou,sex_t,age_aggregate_y15_24,edu_isced11_7,2015,0.9018
rou,sex_t,age_aggregate_y15_24,edu_isced11_7,2016,0.8885
rou,sex_t,age_aggregate_y15_24,edu_isced11_7,2017,0.7955
rou,sex_t,age_aggregate_y15_24,edu_isced11_total,2014,100
rou,sex_t,age_aggregate_y15_24,edu_isced11_total,2015,100
rou,sex_t,age_aggregate_y15_24,edu_isced11_total,2016,100
rou,sex_t,age_aggregate_y15_24,edu_isced11_total,2017,100
rou,sex_t,age_aggregate_y15_24,edu_isced11_total,2018,100
rou,sex_t,age_aggregate_y15_24,edu_isced11_total,2019,100
rou,sex_t,age_aggregate_y15_24,edu_isced97_0,2001,1.4619
rou,sex_t,age_aggregate_y15_24,edu_isced97_0,2002,0.4226
rou,sex_t,age_aggregate_y15_24,edu_isced97_0,2003,1.6157
rou,sex_t,age_aggregate_y15_24,edu_isced97_0,2004,1.8043
rou,sex_t,age_aggregate_y15_24,edu_isced97_0,2005,1.4316
rou,sex_t,age_aggregate_y15_24,edu_isced97_0,2006,1.0196
rou,sex_t,age_aggregate_y15_24,edu_isced97_0,2007,1.0698
rou,sex_t,age_aggregate_y15_24,edu_isced97_0,2008,1.3258
rou,sex_t,age_aggregate_y15_24,edu_isced97_0,2009,1.0244
rou,sex_t,age_aggregate_y15_24,edu_isced97_0,2011,0.8398
rou,sex_t,age_aggregate_y15_24,edu_isced97_0,2012,0.5792
rou,sex_t,age_aggregate_y15_24,edu_isced97_0,2013,0.6304
rou,sex_t,age_aggregate_y15_24,edu_isced97_1,1998,5.2191
rou,sex_t,age_aggregate_y15_24,edu_isced97_1,1999,5.913
rou,sex_t,age_aggregate_y15_24,edu_isced97_1,2000,6.8366
rou,sex_t,age_aggregate_y15_24,edu_isced97_1,2001,5.7431
rou,sex_t,age_aggregate_y15_24,edu_isced97_1,2002,6.0157
rou,sex_t,age_aggregate_y15_24,edu_isced97_1,2003,5.8819
rou,sex_t,age_aggregate_y15_24,edu_isced97_1,2004,5.4616
rou,sex_t,age_aggregate_y15_24,edu_isced97_1,2005,4.9114
rou,sex_t,age_aggregate_y15_24,edu_isced97_1,2006,4.1999
rou,sex_t,age_aggregate_y15_24,edu_isced97_1,2007,5.204
rou,sex_t,age_aggregate_y15_24,edu_isced97_1,2008,4.6261
rou,sex_t,age_aggregate_y15_24,edu_isced97_1,2009,4.613
rou,sex_t,age_aggregate_y15_24,edu_isced97_1,2010,5.4894
rou,sex_t,age_aggregate_y15_24,edu_isced97_1,2011,3.6183
rou,sex_t,age_aggregate_y15_24,edu_isced97_1,2012,3.6186
rou,sex_t,age_aggregate_y15_24,edu_isced97_1,2013,3.3477
rou,sex_t,age_aggregate_y15_24,edu_isced97_2,1998,26.6619
rou,sex_t,age_aggregate_y15_24,edu_isced97_2,1999,31.3095
rou,sex_t,age_aggregate_y15_24,edu_isced97_2,2000,33.1149
rou,sex_t,age_aggregate_y15_24,edu_isced97_2,2001,32.0525
rou,sex_t,age_aggregate_y15_24,edu_isced97_2,2002,33.7663
rou,sex_t,age_aggregate_y15_24,edu_isced97_2,2003,34.6972
rou,sex_t,age_aggregate_y15_24,edu_isced97_2,2004,30.6941
rou,sex_t,age_aggregate_y15_24,edu_isced97_2,2005,30.9025
rou,sex_t,age_aggregate_y15_24,edu_isced97_2,2006,30.9594
rou,sex_t,age_aggregate_y15_24,edu_isced97_2,2007,29.4097
rou,sex_t,age_aggregate_y15_24,edu_isced97_2,2008,26.807
rou,sex_t,age_aggregate_y15_24,edu_isced97_2,2009,27.3788
rou,sex_t,age_aggregate_y15_24,edu_isced97_2,2010,30.0045
rou,sex_t,age_aggregate_y15_24,edu_isced97_2,2011,29.0041
rou,sex_t,age_aggregate_y15_24,edu_isced97_2,2012,30.2327
rou,sex_t,age_aggregate_y15_24,edu_isced97_2,2013,29.9224
rou,sex_t,age_aggregate_y15_24,edu_isced97_3,1998,65.887
rou,sex_t,age_aggregate_y15_24,edu_isced97_3,1999,60.239
rou,sex_t,age_aggregate_y15_24,edu_isced97_3,2000,57.4055
rou,sex_t,age_aggregate_y15_24,edu_isced97_3,2001,58.1346
rou,sex_t,age_aggregate_y15_24,edu_isced97_3,2002,54.4938
rou,sex_t,age_aggregate_y15_24,edu_isced97_3,2003,51.8785
rou,sex_t,age_aggregate_y15_24,edu_isced97_3,2004,53.7579
rou,sex_t,age_aggregate_y15_24,edu_isced97_3,2005,55.3398
rou,sex_t,age_aggregate_y15_24,edu_isced97_3,2006,57.0823
rou,sex_t,age_aggregate_y15_24,edu_isced97_3,2007,57.1564
rou,sex_t,age_aggregate_y15_24,edu_isced97_3,2008,59.4416
rou,sex_t,age_aggregate_y15_24,edu_isced97_3,2009,57.2006
rou,sex_t,age_aggregate_y15_24,edu_isced97_3,2010,54.4251
rou,sex_t,age_aggregate_y15_24,edu_isced97_3,2011,55.6492
rou,sex_t,age_aggregate_y15_24,edu_isced97_3,2012,54.7634
rou,sex_t,age_aggregate_y15_24,edu_isced97_3,2013,55.8285
rou,sex_t,age_aggregate_y15_24,edu_isced97_4,2002,2.0354
rou,sex_t,age_aggregate_y15_24,edu_isced97_4,2003,2.0308
rou,sex_t,age_aggregate_y15_24,edu_isced97_4,2004,2.7858
rou,sex_t,age_aggregate_y15_24,edu_isced97_4,2005,2.6342
rou,sex_t,age_aggregate_y15_24,edu_isced97_4,2006,2.0703
rou,sex_t,age_aggregate_y15_24,edu_isced97_4,2007,1.658
rou,sex_t,age_aggregate_y15_24,edu_isced97_4,2008,1.5044
rou,sex_t,age_aggregate_y15_24,edu_isced97_4,2009,1.9241
rou,sex_t,age_aggregate_y15_24,edu_isced97_4,2010,1.389
rou,sex_t,age_aggregate_y15_24,edu_isced97_4,2011,1.5978
rou,sex_t,age_aggregate_y15_24,edu_isced97_4,2012,1.3944
rou,sex_t,age_aggregate_y15_24,edu_isced97_4,2013,1.1342
rou,sex_t,age_aggregate_y15_24,edu_isced97_5,1998,2.232
rou,sex_t,age_aggregate_y15_24,edu_isced97_5,1999,2.5385
rou,sex_t,age_aggregate_y15_24,edu_isced97_5,2000,2.643
rou,sex_t,age_aggregate_y15_24,edu_isced97_5,2001,2.608
rou,sex_t,age_aggregate_y15_24,edu_isced97_5,2002,3.2663
rou,sex_t,age_aggregate_y15_24,edu_isced97_5,2003,3.8959
rou,sex_t,age_aggregate_y15_24,edu_isced97_5,2004,5.4963
rou,sex_t,age_aggregate_y15_24,edu_isced97_5,2005,4.7805
rou,sex_t,age_aggregate_y15_24,edu_isced97_5,2006,4.6683
rou,sex_t,age_aggregate_y15_24,edu_isced97_5,2007,5.5021
rou,sex_t,age_aggregate_y15_24,edu_isced97_5,2008,6.2951
rou,sex_t,age_aggregate_y15_24,edu_isced97_5,2009,7.859
rou,sex_t,age_aggregate_y15_24,edu_isced97_5,2010,7.8403
rou,sex_t,age_aggregate_y15_24,edu_isced97_5,2011,9.291
rou,sex_t,age_aggregate_y15_24,edu_isced97_5,2012,9.4115
rou,sex_t,age_aggregate_y15_24,edu_isced97_5,2013,9.1368
rou,sex_t,age_aggregate_y15_24,edu_isced97_total,1998,100
rou,sex_t,age_aggregate_y15_24,edu_isced97_total,1999,100
rou,sex_t,age_aggregate_y15_24,edu_isced97_total,2000,100
rou,sex_t,age_aggregate_y15_24,edu_isced97_total,2001,100
rou,sex_t,age_aggregate_y15_24,edu_isced97_total,2002,100
rou,sex_t,age_aggregate_y15_24,edu_isced97_total,2003,100
rou,sex_t,age_aggregate_y15_24,edu_isced97_total,2004,100
rou,sex_t,age_aggregate_y15_24,edu_isced97_total,2005,100
rou,sex_t,age_aggregate_y15_24,edu_isced97_total,2006,100
rou,sex_t,age_aggregate_y15_24,edu_isced97_total,2007,100
rou,sex_t,age_aggregate_y15_24,edu_isced97_total,2008,100
rou,sex_t,age_aggregate_y15_24,edu_isced97_total,2009,100
rou,sex_t,age_aggregate_y15_24,edu_isced97_total,2010,100
rou,sex_t,age_aggregate_y15_24,edu_isced97_total,2011,100
rou,sex_t,age_aggregate_y15_24,edu_isced97_total,2012,100
rou,sex_t,age_aggregate_y15_24,edu_isced97_total,2013,100
rou,sex_t,age_aggregate_y25_54,edu_aggregate_adv,1997,16.8297
rou,sex_t,age_aggregate_y25_54,edu_aggregate_adv,1998,10.8982
rou,sex_t,age_aggregate_y25_54,edu_aggregate_adv,1999,10.8786
rou,sex_t,age_aggregate_y25_54,edu_aggregate_adv,2000,11.207
rou,sex_t,age_aggregate_y25_54,edu_aggregate_adv,2001,12.1249
rou,sex_t,age_aggregate_y25_54,edu_aggregate_adv,2002,12.7995
rou,sex_t,age_aggregate_y25_54,edu_aggregate_adv,2003,12.2658
rou,sex_t,age_aggregate_y25_54,edu_aggregate_adv,2004,13.6151
rou,sex_t,age_aggregate_y25_54,edu_aggregate_adv,2005,14.4675
rou,sex_t,age_aggregate_y25_54,edu_aggregate_adv,2006,15.1742
rou,sex_t,age_aggregate_y25_54,edu_aggregate_adv,2007,15.7023
rou,sex_t,age_aggregate_y25_54,edu_aggregate_adv,2008,17.0012
rou,sex_t,age_aggregate_y25_54,edu_aggregate_adv,2009,17.7509
rou,sex_t,age_aggregate_y25_54,edu_aggregate_adv,2010,18.1214
rou,sex_t,age_aggregate_y25_54,edu_aggregate_adv,2011,19.7054
rou,sex_t,age_aggregate_y25_54,edu_aggregate_adv,2012,20.2952
rou,sex_t,age_aggregate_y25_54,edu_aggregate_adv,2013,20.9268
rou,sex_t,age_aggregate_y25_54,edu_aggregate_adv,2014,21.2394
rou,sex_t,age_aggregate_y25_54,edu_aggregate_adv,2015,23.0926
rou,sex_t,age_aggregate_y25_54,edu_aggregate_adv,2016,23.4589
rou,sex_t,age_aggregate_y25_54,edu_aggregate_adv,2017,23.3464
rou,sex_t,age_aggregate_y25_54,edu_aggregate_adv,2018,23.5346
rou,sex_t,age_aggregate_y25_54,edu_aggregate_adv,2019,24.3602
rou,sex_t,age_aggregate_y25_54,edu_aggregate_bas,1997,23.3959
rou,sex_t,age_aggregate_y25_54,edu_aggregate_bas,1998,21.3494
rou,sex_t,age_aggregate_y25_54,edu_aggregate_bas,1999,21.1058
rou,sex_t,age_aggregate_y25_54,edu_aggregate_bas,2000,20.9262
rou,sex_t,age_aggregate_y25_54,edu_aggregate_bas,2001,19.2228
rou,sex_t,age_aggregate_y25_54,edu_aggregate_bas,2002,18.2008
rou,sex_t,age_aggregate_y25_54,edu_aggregate_bas,2003,19.3166
rou,sex_t,age_aggregate_y25_54,edu_aggregate_bas,2004,17.5876
rou,sex_t,age_aggregate_y25_54,edu_aggregate_bas,2005,16.6306
rou,sex_t,age_aggregate_y25_54,edu_aggregate_bas,2006,15.9809
rou,sex_t,age_aggregate_y25_54,edu_aggregate_bas,2007,15.654
rou,sex_t,age_aggregate_y25_54,edu_aggregate_bas,2008,15.5779
rou,sex_t,age_aggregate_y25_54,edu_aggregate_bas,2009,16.6039
rou,sex_t,age_aggregate_y25_54,edu_aggregate_bas,2010,17.4089
rou,sex_t,age_aggregate_y25_54,edu_aggregate_bas,2011,16.1333
rou,sex_t,age_aggregate_y25_54,edu_aggregate_bas,2012,15.9209
rou,sex_t,age_aggregate_y25_54,edu_aggregate_bas,2013,16.1033
rou,sex_t,age_aggregate_y25_54,edu_aggregate_bas,2014,18.9282
rou,sex_t,age_aggregate_y25_54,edu_aggregate_bas,2015,17.2784
rou,sex_t,age_aggregate_y25_54,edu_aggregate_bas,2016,16.0326
rou,sex_t,age_aggregate_y25_54,edu_aggregate_bas,2017,15.6059
rou,sex_t,age_aggregate_y25_54,edu_aggregate_bas,2018,15.156
rou,sex_t,age_aggregate_y25_54,edu_aggregate_bas,2019,14.9734
rou,sex_t,age_aggregate_y25_54,edu_aggregate_int,1997,59.7744
rou,sex_t,age_aggregate_y25_54,edu_aggregate_int,1998,67.7524
rou,sex_t,age_aggregate_y25_54,edu_aggregate_int,1999,68.0156
rou,sex_t,age_aggregate_y25_54,edu_aggregate_int,2000,67.8667
rou,sex_t,age_aggregate_y25_54,edu_aggregate_int,2001,68.1439
rou,sex_t,age_aggregate_y25_54,edu_aggregate_int,2002,68.6467
rou,sex_t,age_aggregate_y25_54,edu_aggregate_int,2003,68.0289
rou,sex_t,age_aggregate_y25_54,edu_aggregate_int,2004,68.3017
rou,sex_t,age_aggregate_y25_54,edu_aggregate_int,2005,68.438
rou,sex_t,age_aggregate_y25_54,edu_aggregate_int,2006,68.4689
rou,sex_t,age_aggregate_y25_54,edu_aggregate_int,2007,68.2191
rou,sex_t,age_aggregate_y25_54,edu_aggregate_int,2008,66.981
rou,sex_t,age_aggregate_y25_54,edu_aggregate_int,2009,65.273
rou,sex_t,age_aggregate_y25_54,edu_aggregate_int,2010,64.1376
rou,sex_t,age_aggregate_y25_54,edu_aggregate_int,2011,63.9662
rou,sex_t,age_aggregate_y25_54,edu_aggregate_int,2012,63.5476
rou,sex_t,age_aggregate_y25_54,edu_aggregate_int,2013,62.7151
rou,sex_t,age_aggregate_y25_54,edu_aggregate_int,2014,59.6057
rou,sex_t,age_aggregate_y25_54,edu_aggregate_int,2015,59.3391
rou,sex_t,age_aggregate_y25_54,edu_aggregate_int,2016,60.2769
rou,sex_t,age_aggregate_y25_54,edu_aggregate_int,2017,60.7813
rou,sex_t,age_aggregate_y25_54,edu_aggregate_int,2018,60.9886
rou,sex_t,age_aggregate_y25_54,edu_aggregate_int,2019,60.3872
rou,sex_t,age_aggregate_y25_54,edu_aggregate_ltb,2001,0.5084
rou,sex_t,age_aggregate_y25_54,edu_aggregate_ltb,2002,0.353
rou,sex_t,age_aggregate_y25_54,edu_aggregate_ltb,2003,0.3888
rou,sex_t,age_aggregate_y25_54,edu_aggregate_ltb,2004,0.4955
rou,sex_t,age_aggregate_y25_54,edu_aggregate_ltb,2005,0.464
rou,sex_t,age_aggregate_y25_54,edu_aggregate_ltb,2006,0.376
rou,sex_t,age_aggregate_y25_54,edu_aggregate_ltb,2007,0.4245
rou,sex_t,age_aggregate_y25_54,edu_aggregate_ltb,2008,0.44
rou,sex_t,age_aggregate_y25_54,edu_aggregate_ltb,2009,0.3722
rou,sex_t,age_aggregate_y25_54,edu_aggregate_ltb,2010,0.332
rou,sex_t,age_aggregate_y25_54,edu_aggregate_ltb,2011,0.1951
rou,sex_t,age_aggregate_y25_54,edu_aggregate_ltb,2012,0.2363
rou,sex_t,age_aggregate_y25_54,edu_aggregate_ltb,2013,0.2548
rou,sex_t,age_aggregate_y25_54,edu_aggregate_ltb,2014,0.2267
rou,sex_t,age_aggregate_y25_54,edu_aggregate_ltb,2015,0.2899
rou,sex_t,age_aggregate_y25_54,edu_aggregate_ltb,2016,0.2316
rou,sex_t,age_aggregate_y25_54,edu_aggregate_ltb,2017,0.2664
rou,sex_t,age_aggregate_y25_54,edu_aggregate_ltb,2018,0.3208
rou,sex_t,age_aggregate_y25_54,edu_aggregate_ltb,2019,0.2792
rou,sex_t,age_aggregate_y25_54,edu_aggregate_total,1997,100
rou,sex_t,age_aggregate_y25_54,edu_aggregate_total,1998,100
rou,sex_t,age_aggregate_y25_54,edu_aggregate_total,1999,100
rou,sex_t,age_aggregate_y25_54,edu_aggregate_total,2000,100
rou,sex_t,age_aggregate_y25_54,edu_aggregate_total,2001,100
rou,sex_t,age_aggregate_y25_54,edu_aggregate_total,2002,100
rou,sex_t,age_aggregate_y25_54,edu_aggregate_total,2003,100
rou,sex_t,age_aggregate_y25_54,edu_aggregate_total,2004,100
rou,sex_t,age_aggregate_y25_54,edu_aggregate_total,2005,100
rou,sex_t,age_aggregate_y25_54,edu_aggregate_total,2006,100
rou,sex_t,age_aggregate_y25_54,edu_aggregate_total,2007,100
rou,sex_t,age_aggregate_y25_54,edu_aggregate_total,2008,100
rou,sex_t,age_aggregate_y25_54,edu_aggregate_total,2009,100
rou,sex_t,age_aggregate_y25_54,edu_aggregate_total,2010,100
rou,sex_t,age_aggregate_y25_54,edu_aggregate_total,2011,100
rou,sex_t,age_aggregate_y25_54,edu_aggregate_total,2012,100
rou,sex_t,age_aggregate_y25_54,edu_aggregate_total,2013,100
rou,sex_t,age_aggregate_y25_54,edu_aggregate_total,2014,100
rou,sex_t,age_aggregate_y25_54,edu_aggregate_total,2015,100
rou,sex_t,age_aggregate_y25_54,edu_aggregate_total,2016,100
rou,sex_t,age_aggregate_y25_54,edu_aggregate_total,2017,100
rou,sex_t,age_aggregate_y25_54,edu_aggregate_total,2018,100
rou,sex_t,age_aggregate_y25_54,edu_aggregate_total,2019,100
rou,sex_t,age_aggregate_y25_54,edu_isced11_0,2014,0.2267
rou,sex_t,age_aggregate_y25_54,edu_isced11_0,2015,0.2899
rou,sex_t,age_aggregate_y25_54,edu_isced11_0,2016,0.2316
rou,sex_t,age_aggregate_y25_54,edu_isced11_0,2017,0.2664
rou,sex_t,age_aggregate_y25_54,edu_isced11_0,2018,0.3208
rou,sex_t,age_aggregate_y25_54,edu_isced11_0,2019,0.2792
rou,sex_t,age_aggregate_y25_54,edu_isced11_1,2014,1.455
rou,sex_t,age_aggregate_y25_54,edu_isced11_1,2015,1.7443
rou,sex_t,age_aggregate_y25_54,edu_isced11_1,2016,1.5465
rou,sex_t,age_aggregate_y25_54,edu_isced11_1,2017,1.551
rou,sex_t,age_aggregate_y25_54,edu_isced11_1,2018,1.553
rou,sex_t,age_aggregate_y25_54,edu_isced11_1,2019,1.668
rou,sex_t,age_aggregate_y25_54,edu_isced11_2,2014,17.4732
rou,sex_t,age_aggregate_y25_54,edu_isced11_2,2015,15.5341
rou,sex_t,age_aggregate_y25_54,edu_isced11_2,2016,14.4861
rou,sex_t,age_aggregate_y25_54,edu_isced11_2,2017,14.0549
rou,sex_t,age_aggregate_y25_54,edu_isced11_2,2018,13.6031
rou,sex_t,age_aggregate_y25_54,edu_isced11_2,2019,13.3053
rou,sex_t,age_aggregate_y25_54,edu_isced11_3,2014,55.8991
rou,sex_t,age_aggregate_y25_54,edu_isced11_3,2015,55.8393
rou,sex_t,age_aggregate_y25_54,edu_isced11_3,2016,56.9874
rou,sex_t,age_aggregate_y25_54,edu_isced11_3,2017,57.4416
rou,sex_t,age_aggregate_y25_54,edu_isced11_3,2018,57.6251
rou,sex_t,age_aggregate_y25_54,edu_isced11_3,2019,57.1311
rou,sex_t,age_aggregate_y25_54,edu_isced11_4,2014,3.7066
rou,sex_t,age_aggregate_y25_54,edu_isced11_4,2015,3.4998
rou,sex_t,age_aggregate_y25_54,edu_isced11_4,2016,3.2895
rou,sex_t,age_aggregate_y25_54,edu_isced11_4,2017,3.3397
rou,sex_t,age_aggregate_y25_54,edu_isced11_4,2018,3.3635
rou,sex_t,age_aggregate_y25_54,edu_isced11_4,2019,3.256
rou,sex_t,age_aggregate_y25_54,edu_isced11_5,2014,0.717
rou,sex_t,age_aggregate_y25_54,edu_isced11_5,2015,0.548
rou,sex_t,age_aggregate_y25_54,edu_isced11_5,2016,0.4819
rou,sex_t,age_aggregate_y25_54,edu_isced11_5,2017,0.4496
rou,sex_t,age_aggregate_y25_54,edu_isced11_5,2018,0.4319
rou,sex_t,age_aggregate_y25_54,edu_isced11_5,2019,0.7491
rou,sex_t,age_aggregate_y25_54,edu_isced11_6,2014,6.3545
rou,sex_t,age_aggregate_y25_54,edu_isced11_6,2015,5.8651
rou,sex_t,age_aggregate_y25_54,edu_isced11_6,2016,5.7377
rou,sex_t,age_aggregate_y25_54,edu_isced11_6,2017,5.8859
rou,sex_t,age_aggregate_y25_54,edu_isced11_6,2018,6.1413
rou,sex_t,age_aggregate_y25_54,edu_isced11_6,2019,6.6052
rou,sex_t,age_aggregate_y25_54,edu_isced11_7,2014,14.0612
rou,sex_t,age_aggregate_y25_54,edu_isced11_7,2015,16.5779
rou,sex_t,age_aggregate_y25_54,edu_isced11_7,2016,17.1175
rou,sex_t,age_aggregate_y25_54,edu_isced11_7,2017,16.8957
rou,sex_t,age_aggregate_y25_54,edu_isced11_7,2018,16.8426
rou,sex_t,age_aggregate_y25_54,edu_isced11_7,2019,16.8571
rou,sex_t,age_aggregate_y25_54,edu_isced11_8,2014,0.1068
rou,sex_t,age_aggregate_y25_54,edu_isced11_8,2015,0.1016
rou,sex_t,age_aggregate_y25_54,edu_isced11_8,2016,0.1218
rou,sex_t,age_aggregate_y25_54,edu_isced11_8,2017,0.1152
rou,sex_t,age_aggregate_y25_54,edu_isced11_8,2018,0.1188
rou,sex_t,age_aggregate_y25_54,edu_isced11_8,2019,0.1488
rou,sex_t,age_aggregate_y25_54,edu_isced11_total,2014,100
rou,sex_t,age_aggregate_y25_54,edu_isced11_total,2015,100
rou,sex_t,age_aggregate_y25_54,edu_isced11_total,2016,100
rou,sex_t,age_aggregate_y25_54,edu_isced11_total,2017,100
rou,sex_t,age_aggregate_y25_54,edu_isced11_total,2018,100
rou,sex_t,age_aggregate_y25_54,edu_isced11_total,2019,100
rou,sex_t,age_aggregate_y25_54,edu_isced97_0,2001,0.5084
rou,sex_t,age_aggregate_y25_54,edu_isced97_0,2002,0.353
rou,sex_t,age_aggregate_y25_54,edu_isced97_0,2003,0.3888
rou,sex_t,age_aggregate_y25_54,edu_isced97_0,2004,0.4955
rou,sex_t,age_aggregate_y25_54,edu_isced97_0,2005,0.464
rou,sex_t,age_aggregate_y25_54,edu_isced97_0,2006,0.376
rou,sex_t,age_aggregate_y25_54,edu_isced97_0,2007,0.4245
rou,sex_t,age_aggregate_y25_54,edu_isced97_0,2008,0.44
rou,sex_t,age_aggregate_y25_54,edu_isced97_0,2009,0.3722
rou,sex_t,age_aggregate_y25_54,edu_isced97_0,2010,0.332
rou,sex_t,age_aggregate_y25_54,edu_isced97_0,2011,0.1951
rou,sex_t,age_aggregate_y25_54,edu_isced97_0,2012,0.2363
rou,sex_t,age_aggregate_y25_54,edu_isced97_0,2013,0.2548
rou,sex_t,age_aggregate_y25_54,edu_isced97_1,1998,4.8389
rou,sex_t,age_aggregate_y25_54,edu_isced97_1,1999,4.5267
rou,sex_t,age_aggregate_y25_54,edu_isced97_1,2000,4.1681
rou,sex_t,age_aggregate_y25_54,edu_isced97_1,2001,3.2296
rou,sex_t,age_aggregate_y25_54,edu_isced97_1,2002,2.391
rou,sex_t,age_aggregate_y25_54,edu_isced97_1,2003,2.2693
rou,sex_t,age_aggregate_y25_54,edu_isced97_1,2004,2.2694
rou,sex_t,age_aggregate_y25_54,edu_isced97_1,2005,2.0357
rou,sex_t,age_aggregate_y25_54,edu_isced97_1,2006,1.8574
rou,sex_t,age_aggregate_y25_54,edu_isced97_1,2007,1.6192
rou,sex_t,age_aggregate_y25_54,edu_isced97_1,2008,1.6528
rou,sex_t,age_aggregate_y25_54,edu_isced97_1,2009,1.8496
rou,sex_t,age_aggregate_y25_54,edu_isced97_1,2010,1.71
rou,sex_t,age_aggregate_y25_54,edu_isced97_1,2011,1.4133
rou,sex_t,age_aggregate_y25_54,edu_isced97_1,2012,1.3431
rou,sex_t,age_aggregate_y25_54,edu_isced97_1,2013,1.4122
rou,sex_t,age_aggregate_y25_54,edu_isced97_2,1998,16.5105
rou,sex_t,age_aggregate_y25_54,edu_isced97_2,1999,16.5791
rou,sex_t,age_aggregate_y25_54,edu_isced97_2,2000,16.7581
rou,sex_t,age_aggregate_y25_54,edu_isced97_2,2001,15.9932
rou,sex_t,age_aggregate_y25_54,edu_isced97_2,2002,15.8098
rou,sex_t,age_aggregate_y25_54,edu_isced97_2,2003,17.0473
rou,sex_t,age_aggregate_y25_54,edu_isced97_2,2004,15.3182
rou,sex_t,age_aggregate_y25_54,edu_isced97_2,2005,14.5949
rou,sex_t,age_aggregate_y25_54,edu_isced97_2,2006,14.1235
rou,sex_t,age_aggregate_y25_54,edu_isced97_2,2007,14.0349
rou,sex_t,age_aggregate_y25_54,edu_isced97_2,2008,13.925
rou,sex_t,age_aggregate_y25_54,edu_isced97_2,2009,14.7543
rou,sex_t,age_aggregate_y25_54,edu_isced97_2,2010,15.6989
rou,sex_t,age_aggregate_y25_54,edu_isced97_2,2011,14.72
rou,sex_t,age_aggregate_y25_54,edu_isced97_2,2012,14.5778
rou,sex_t,age_aggregate_y25_54,edu_isced97_2,2013,14.6912
rou,sex_t,age_aggregate_y25_54,edu_isced97_3,1998,67.7524
rou,sex_t,age_aggregate_y25_54,edu_isced97_3,1999,68.0156
rou,sex_t,age_aggregate_y25_54,edu_isced97_3,2000,67.8667
rou,sex_t,age_aggregate_y25_54,edu_isced97_3,2001,68.1439
rou,sex_t,age_aggregate_y25_54,edu_isced97_3,2002,62.9567
rou,sex_t,age_aggregate_y25_54,edu_isced97_3,2003,63.245
rou,sex_t,age_aggregate_y25_54,edu_isced97_3,2004,63.07
rou,sex_t,age_aggregate_y25_54,edu_isced97_3,2005,63.3184
rou,sex_t,age_aggregate_y25_54,edu_isced97_3,2006,63.3239
rou,sex_t,age_aggregate_y25_54,edu_isced97_3,2007,63.4038
rou,sex_t,age_aggregate_y25_54,edu_isced97_3,2008,62.3414
rou,sex_t,age_aggregate_y25_54,edu_isced97_3,2009,60.7313
rou,sex_t,age_aggregate_y25_54,edu_isced97_3,2010,59.7899
rou,sex_t,age_aggregate_y25_54,edu_isced97_3,2011,59.6956
rou,sex_t,age_aggregate_y25_54,edu_isced97_3,2012,59.4679
rou,sex_t,age_aggregate_y25_54,edu_isced97_3,2013,58.883
rou,sex_t,age_aggregate_y25_54,edu_isced97_4,2002,5.69
rou,sex_t,age_aggregate_y25_54,edu_isced97_4,2003,4.7838
rou,sex_t,age_aggregate_y25_54,edu_isced97_4,2004,5.2317
rou,sex_t,age_aggregate_y25_54,edu_isced97_4,2005,5.1196
rou,sex_t,age_aggregate_y25_54,edu_isced97_4,2006,5.145
rou,sex_t,age_aggregate_y25_54,edu_isced97_4,2007,4.8153
rou,sex_t,age_aggregate_y25_54,edu_isced97_4,2008,4.6395
rou,sex_t,age_aggregate_y25_54,edu_isced97_4,2009,4.5417
rou,sex_t,age_aggregate_y25_54,edu_isced97_4,2010,4.3477
rou,sex_t,age_aggregate_y25_54,edu_isced97_4,2011,4.2706
rou,sex_t,age_aggregate_y25_54,edu_isced97_4,2012,4.0798
rou,sex_t,age_aggregate_y25_54,edu_isced97_4,2013,3.832
rou,sex_t,age_aggregate_y25_54,edu_isced97_5,1998,10.8982
rou,sex_t,age_aggregate_y25_54,edu_isced97_5,1999,10.8786
rou,sex_t,age_aggregate_y25_54,edu_isced97_5,2000,11.207
rou,sex_t,age_aggregate_y25_54,edu_isced97_5,2001,12.1249
rou,sex_t,age_aggregate_y25_54,edu_isced97_5,2002,12.7206
rou,sex_t,age_aggregate_y25_54,edu_isced97_5,2003,12.2015
rou,sex_t,age_aggregate_y25_54,edu_isced97_5,2004,13.4862
rou,sex_t,age_aggregate_y25_54,edu_isced97_5,2005,14.3143
rou,sex_t,age_aggregate_y25_54,edu_isced97_5,2006,15.0561
rou,sex_t,age_aggregate_y25_54,edu_isced97_5,2007,15.5999
rou,sex_t,age_aggregate_y25_54,edu_isced97_5,2008,16.902
rou,sex_t,age_aggregate_y25_54,edu_isced97_5,2009,17.6469
rou,sex_t,age_aggregate_y25_54,edu_isced97_5,2010,18.0379
rou,sex_t,age_aggregate_y25_54,edu_isced97_5,2011,19.6525
rou,sex_t,age_aggregate_y25_54,edu_isced97_5,2012,20.189
rou,sex_t,age_aggregate_y25_54,edu_isced97_5,2013,20.8223
rou,sex_t,age_aggregate_y25_54,edu_isced97_6,2002,0.0789
rou,sex_t,age_aggregate_y25_54,edu_isced97_6,2003,0.0644
rou,sex_t,age_aggregate_y25_54,edu_isced97_6,2004,0.1289
rou,sex_t,age_aggregate_y25_54,edu_isced97_6,2005,0.1532
rou,sex_t,age_aggregate_y25_54,edu_isced97_6,2006,0.1181
rou,sex_t,age_aggregate_y25_54,edu_isced97_6,2007,0.1024
rou,sex_t,age_aggregate_y25_54,edu_isced97_6,2008,0.0991
rou,sex_t,age_aggregate_y25_54,edu_isced97_6,2009,0.104
rou,sex_t,age_aggregate_y25_54,edu_isced97_6,2011,0.0529
rou,sex_t,age_aggregate_y25_54,edu_isced97_6,2012,0.1062
rou,sex_t,age_aggregate_y25_54,edu_isced97_6,2013,0.1045
rou,sex_t,age_aggregate_y25_54,edu_isced97_total,1998,100
rou,sex_t,age_aggregate_y25_54,edu_isced97_total,1999,100
rou,sex_t,age_aggregate_y25_54,edu_isced97_total,2000,100
rou,sex_t,age_aggregate_y25_54,edu_isced97_total,2001,100
rou,sex_t,age_aggregate_y25_54,edu_isced97_total,2002,100
rou,sex_t,age_aggregate_y25_54,edu_isced97_total,2003,100
rou,sex_t,age_aggregate_y25_54,edu_isced97_total,2004,100
rou,sex_t,age_aggregate_y25_54,edu_isced97_total,2005,100
rou,sex_t,age_aggregate_y25_54,edu_isced97_total,2006,100
rou,sex_t,age_aggregate_y25_54,edu_isced97_total,2007,100
rou,sex_t,age_aggregate_y25_54,edu_isced97_total,2008,100
rou,sex_t,age_aggregate_y25_54,edu_isced97_total,2009,100
rou,sex_t,age_aggregate_y25_54,edu_isced97_total,2010,100
rou,sex_t,age_aggregate_y25_54,edu_isced97_total,2011,100
rou,sex_t,age_aggregate_y25_54,edu_isced97_total,2012,100
rou,sex_t,age_aggregate_y25_54,edu_isced97_total,2013,100
rou,sex_t,age_aggregate_y55_64,edu_aggregate_adv,1997,9.8031
rou,sex_t,age_aggregate_y55_64,edu_aggregate_adv,1998,6.5906
rou,sex_t,age_aggregate_y55_64,edu_aggregate_adv,1999,6.6224
rou,sex_t,age_aggregate_y55_64,edu_aggregate_adv,2000,6.8354
rou,sex_t,age_aggregate_y55_64,edu_aggregate_adv,2001,6.9693
rou,sex_t,age_aggregate_y55_64,edu_aggregate_adv,2002,8.2425
rou,sex_t,age_aggregate_y55_64,edu_aggregate_adv,2003,8.9514
rou,sex_t,age_aggregate_y55_64,edu_aggregate_adv,2004,10.1999
rou,sex_t,age_aggregate_y55_64,edu_aggregate_adv,2005,11.1138
rou,sex_t,age_aggregate_y55_64,edu_aggregate_adv,2006,13.2097
rou,sex_t,age_aggregate_y55_64,edu_aggregate_adv,2007,12.5886
rou,sex_t,age_aggregate_y55_64,edu_aggregate_adv,2008,12.2154
rou,sex_t,age_aggregate_y55_64,edu_aggregate_adv,2009,11.314
rou,sex_t,age_aggregate_y55_64,edu_aggregate_adv,2010,11.245
rou,sex_t,age_aggregate_y55_64,edu_aggregate_adv,2011,12.7281
rou,sex_t,age_aggregate_y55_64,edu_aggregate_adv,2012,12.6789
rou,sex_t,age_aggregate_y55_64,edu_aggregate_adv,2013,12.5714
rou,sex_t,age_aggregate_y55_64,edu_aggregate_adv,2014,12.0527
rou,sex_t,age_aggregate_y55_64,edu_aggregate_adv,2015,13.6429
rou,sex_t,age_aggregate_y55_64,edu_aggregate_adv,2016,13.8738
rou,sex_t,age_aggregate_y55_64,edu_aggregate_adv,2017,13.6568
rou,sex_t,age_aggregate_y55_64,edu_aggregate_adv,2018,13.0685
rou,sex_t,age_aggregate_y55_64,edu_aggregate_adv,2019,12.6041
rou,sex_t,age_aggregate_y55_64,edu_aggregate_bas,1997,77.4544
rou,sex_t,age_aggregate_y55_64,edu_aggregate_bas,1998,76.5105
rou,sex_t,age_aggregate_y55_64,edu_aggregate_bas,1999,77.8737
rou,sex_t,age_aggregate_y55_64,edu_aggregate_bas,2000,76.75
rou,sex_t,age_aggregate_y55_64,edu_aggregate_bas,2001,72.0239
rou,sex_t,age_aggregate_y55_64,edu_aggregate_bas,2002,68.7751
rou,sex_t,age_aggregate_y55_64,edu_aggregate_bas,2003,67.2311
rou,sex_t,age_aggregate_y55_64,edu_aggregate_bas,2004,58.9241
rou,sex_t,age_aggregate_y55_64,edu_aggregate_bas,2005,54.8306
rou,sex_t,age_aggregate_y55_64,edu_aggregate_bas,2006,47.8519
rou,sex_t,age_aggregate_y55_64,edu_aggregate_bas,2007,46.4293
rou,sex_t,age_aggregate_y55_64,edu_aggregate_bas,2008,44.7768
rou,sex_t,age_aggregate_y55_64,edu_aggregate_bas,2009,43.77
rou,sex_t,age_aggregate_y55_64,edu_aggregate_bas,2010,42.7432
rou,sex_t,age_aggregate_y55_64,edu_aggregate_bas,2011,39.5772
rou,sex_t,age_aggregate_y55_64,edu_aggregate_bas,2012,37.483
rou,sex_t,age_aggregate_y55_64,edu_aggregate_bas,2013,35.6596
rou,sex_t,age_aggregate_y55_64,edu_aggregate_bas,2014,37.0413
rou,sex_t,age_aggregate_y55_64,edu_aggregate_bas,2015,30.8766
rou,sex_t,age_aggregate_y55_64,edu_aggregate_bas,2016,25.7412
rou,sex_t,age_aggregate_y55_64,edu_aggregate_bas,2017,22.6341
rou,sex_t,age_aggregate_y55_64,edu_aggregate_bas,2018,21.7966
rou,sex_t,age_aggregate_y55_64,edu_aggregate_bas,2019,21.456
rou,sex_t,age_aggregate_y55_64,edu_aggregate_int,1997,12.7353
rou,sex_t,age_aggregate_y55_64,edu_aggregate_int,1998,16.8989
rou,sex_t,age_aggregate_y55_64,edu_aggregate_int,1999,15.5038
rou,sex_t,age_aggregate_y55_64,edu_aggregate_int,2000,16.4146
rou,sex_t,age_aggregate_y55_64,edu_aggregate_int,2001,18.4295
rou,sex_t,age_aggregate_y55_64,edu_aggregate_int,2002,20.0367
rou,sex_t,age_aggregate_y55_64,edu_aggregate_int,2003,21.7671
rou,sex_t,age_aggregate_y55_64,edu_aggregate_int,2004,29.1342
rou,sex_t,age_aggregate_y55_64,edu_aggregate_int,2005,32.759
rou,sex_t,age_aggregate_y55_64,edu_aggregate_int,2006,38.0406
rou,sex_t,age_aggregate_y55_64,edu_aggregate_int,2007,40.1295
rou,sex_t,age_aggregate_y55_64,edu_aggregate_int,2008,42.3204
rou,sex_t,age_aggregate_y55_64,edu_aggregate_int,2009,44.2618
rou,sex_t,age_aggregate_y55_64,edu_aggregate_int,2010,45.4508
rou,sex_t,age_aggregate_y55_64,edu_aggregate_int,2011,47.3785
rou,sex_t,age_aggregate_y55_64,edu_aggregate_int,2012,49.6065
rou,sex_t,age_aggregate_y55_64,edu_aggregate_int,2013,51.4379
rou,sex_t,age_aggregate_y55_64,edu_aggregate_int,2014,50.522
rou,sex_t,age_aggregate_y55_64,edu_aggregate_int,2015,55.1141
rou,sex_t,age_aggregate_y55_64,edu_aggregate_int,2016,60.0442
rou,sex_t,age_aggregate_y55_64,edu_aggregate_int,2017,63.3031
rou,sex_t,age_aggregate_y55_64,edu_aggregate_int,2018,64.6716
rou,sex_t,age_aggregate_y55_64,edu_aggregate_int,2019,65.4698
rou,sex_t,age_aggregate_y55_64,edu_aggregate_ltb,2001,2.5773
rou,sex_t,age_aggregate_y55_64,edu_aggregate_ltb,2002,2.9456
rou,sex_t,age_aggregate_y55_64,edu_aggregate_ltb,2003,2.0503
rou,sex_t,age_aggregate_y55_64,edu_aggregate_ltb,2004,1.7418
rou,sex_t,age_aggregate_y55_64,edu_aggregate_ltb,2005,1.2965
rou,sex_t,age_aggregate_y55_64,edu_aggregate_ltb,2006,0.8979
rou,sex_t,age_aggregate_y55_64,edu_aggregate_ltb,2007,0.8526
rou,sex_t,age_aggregate_y55_64,edu_aggregate_ltb,2008,0.6873
rou,sex_t,age_aggregate_y55_64,edu_aggregate_ltb,2009,0.6542
rou,sex_t,age_aggregate_y55_64,edu_aggregate_total,1997,100
rou,sex_t,age_aggregate_y55_64,edu_aggregate_total,1998,100
rou,sex_t,age_aggregate_y55_64,edu_aggregate_total,1999,100
rou,sex_t,age_aggregate_y55_64,edu_aggregate_total,2000,100
rou,sex_t,age_aggregate_y55_64,edu_aggregate_total,2001,100
rou,sex_t,age_aggregate_y55_64,edu_aggregate_total,2002,100
rou,sex_t,age_aggregate_y55_64,edu_aggregate_total,2003,100
rou,sex_t,age_aggregate_y55_64,edu_aggregate_total,2004,100
rou,sex_t,age_aggregate_y55_64,edu_aggregate_total,2005,100
rou,sex_t,age_aggregate_y55_64,edu_aggregate_total,2006,100
rou,sex_t,age_aggregate_y55_64,edu_aggregate_total,2007,100
rou,sex_t,age_aggregate_y55_64,edu_aggregate_total,2008,100
rou,sex_t,age_aggregate_y55_64,edu_aggregate_total,2009,100
rou,sex_t,age_aggregate_y55_64,edu_aggregate_total,2010,100
rou,sex_t,age_aggregate_y55_64,edu_aggregate_total,2011,100
rou,sex_t,age_aggregate_y55_64,edu_aggregate_total,2012,100
rou,sex_t,age_aggregate_y55_64,edu_aggregate_total,2013,100
rou,sex_t,age_aggregate_y55_64,edu_aggregate_total,2014,100
rou,sex_t,age_aggregate_y55_64,edu_aggregate_total,2015,100
rou,sex_t,age_aggregate_y55_64,edu_aggregate_total,2016,100
rou,sex_t,age_aggregate_y55_64,edu_aggregate_total,2017,100
rou,sex_t,age_aggregate_y55_64,edu_aggregate_total,2018,100
rou,sex_t,age_aggregate_y55_64,edu_aggregate_total,2019,100
rou,sex_t,age_aggregate_y55_64,edu_isced11_0,2015,0.3664
rou,sex_t,age_aggregate_y55_64,edu_isced11_0,2016,0.3408
rou,sex_t,age_aggregate_y55_64,edu_isced11_0,2017,0.406
rou,sex_t,age_aggregate_y55_64,edu_isced11_1,2014,4.4091
rou,sex_t,age_aggregate_y55_64,edu_isced11_1,2015,4.3591
rou,sex_t,age_aggregate_y55_64,edu_isced11_1,2016,3.582
rou,sex_t,age_aggregate_y55_64,edu_isced11_1,2017,2.6195
rou,sex_t,age_aggregate_y55_64,edu_isced11_1,2018,2.4186
rou,sex_t,age_aggregate_y55_64,edu_isced11_1,2019,2.5628
rou,sex_t,age_aggregate_y55_64,edu_isced11_2,2014,32.6321
rou,sex_t,age_aggregate_y55_64,edu_isced11_2,2015,26.5174
rou,sex_t,age_aggregate_y55_64,edu_isced11_2,2016,22.1592
rou,sex_t,age_aggregate_y55_64,edu_isced11_2,2017,20.0147
rou,sex_t,age_aggregate_y55_64,edu_isced11_2,2018,19.378
rou,sex_t,age_aggregate_y55_64,edu_isced11_2,2019,18.8932
rou,sex_t,age_aggregate_y55_64,edu_isced11_3,2014,45.9828
rou,sex_t,age_aggregate_y55_64,edu_isced11_3,2015,51.8166
rou,sex_t,age_aggregate_y55_64,edu_isced11_3,2016,56.8542
rou,sex_t,age_aggregate_y55_64,edu_isced11_3,2017,60.4306
rou,sex_t,age_aggregate_y55_64,edu_isced11_3,2018,61.863
rou,sex_t,age_aggregate_y55_64,edu_isced11_3,2019,62.8061
rou,sex_t,age_aggregate_y55_64,edu_isced11_4,2014,4.5392
rou,sex_t,age_aggregate_y55_64,edu_isced11_4,2015,3.2976
rou,sex_t,age_aggregate_y55_64,edu_isced11_4,2016,3.1901
rou,sex_t,age_aggregate_y55_64,edu_isced11_4,2017,2.8725
rou,sex_t,age_aggregate_y55_64,edu_isced11_4,2018,2.8087
rou,sex_t,age_aggregate_y55_64,edu_isced11_4,2019,2.6637
rou,sex_t,age_aggregate_y55_64,edu_isced11_5,2014,0.6317
rou,sex_t,age_aggregate_y55_64,edu_isced11_5,2015,0.5366
rou,sex_t,age_aggregate_y55_64,edu_isced11_5,2016,0.5173
rou,sex_t,age_aggregate_y55_64,edu_isced11_5,2017,0.4399
rou,sex_t,age_aggregate_y55_64,edu_isced11_5,2019,0.6546
rou,sex_t,age_aggregate_y55_64,edu_isced11_6,2014,1.7537
rou,sex_t,age_aggregate_y55_64,edu_isced11_6,2015,0.7326
rou,sex_t,age_aggregate_y55_64,edu_isced11_6,2016,0.4786
rou,sex_t,age_aggregate_y55_64,edu_isced11_6,2017,0.5477
rou,sex_t,age_aggregate_y55_64,edu_isced11_7,2014,9.4832
rou,sex_t,age_aggregate_y55_64,edu_isced11_7,2015,12.2444
rou,sex_t,age_aggregate_y55_64,edu_isced11_7,2016,12.7423
rou,sex_t,age_aggregate_y55_64,edu_isced11_7,2017,12.459
rou,sex_t,age_aggregate_y55_64,edu_isced11_7,2018,12.0103
rou,sex_t,age_aggregate_y55_64,edu_isced11_7,2019,11.4388
rou,sex_t,age_aggregate_y55_64,edu_isced11_8,2015,0.1293
rou,sex_t,age_aggregate_y55_64,edu_isced11_8,2016,0.1357
rou,sex_t,age_aggregate_y55_64,edu_isced11_8,2017,0.2102
rou,sex_t,age_aggregate_y55_64,edu_isced11_total,2014,100
rou,sex_t,age_aggregate_y55_64,edu_isced11_total,2015,100
rou,sex_t,age_aggregate_y55_64,edu_isced11_total,2016,100
rou,sex_t,age_aggregate_y55_64,edu_isced11_total,2017,100
rou,sex_t,age_aggregate_y55_64,edu_isced11_total,2018,100
rou,sex_t,age_aggregate_y55_64,edu_isced11_total,2019,100
rou,sex_t,age_aggregate_y55_64,edu_isced97_0,2001,2.5773
rou,sex_t,age_aggregate_y55_64,edu_isced97_0,2002,2.9456
rou,sex_t,age_aggregate_y55_64,edu_isced97_0,2003,2.0503
rou,sex_t,age_aggregate_y55_64,edu_isced97_0,2004,1.7418
rou,sex_t,age_aggregate_y55_64,edu_isced97_0,2005,1.2965
rou,sex_t,age_aggregate_y55_64,edu_isced97_0,2006,0.8979
rou,sex_t,age_aggregate_y55_64,edu_isced97_0,2007,0.8526
rou,sex_t,age_aggregate_y55_64,edu_isced97_0,2008,0.6873
rou,sex_t,age_aggregate_y55_64,edu_isced97_0,2009,0.6542
rou,sex_t,age_aggregate_y55_64,edu_isced97_0,2011,0.3161
rou,sex_t,age_aggregate_y55_64,edu_isced97_0,2012,0.2316
rou,sex_t,age_aggregate_y55_64,edu_isced97_0,2013,0.3311
rou,sex_t,age_aggregate_y55_64,edu_isced97_1,1998,45.2531
rou,sex_t,age_aggregate_y55_64,edu_isced97_1,1999,45.6173
rou,sex_t,age_aggregate_y55_64,edu_isced97_1,2000,41.8388
rou,sex_t,age_aggregate_y55_64,edu_isced97_1,2001,36.0909
rou,sex_t,age_aggregate_y55_64,edu_isced97_1,2002,34.8482
rou,sex_t,age_aggregate_y55_64,edu_isced97_1,2003,30.8393
rou,sex_t,age_aggregate_y55_64,edu_isced97_1,2004,25.1383
rou,sex_t,age_aggregate_y55_64,edu_isced97_1,2005,21.6823
rou,sex_t,age_aggregate_y55_64,edu_isced97_1,2006,16.7397
rou,sex_t,age_aggregate_y55_64,edu_isced97_1,2007,14.5784
rou,sex_t,age_aggregate_y55_64,edu_isced97_1,2008,11.4481
rou,sex_t,age_aggregate_y55_64,edu_isced97_1,2009,9.4124
rou,sex_t,age_aggregate_y55_64,edu_isced97_1,2010,8.8283
rou,sex_t,age_aggregate_y55_64,edu_isced97_1,2011,6.8917
rou,sex_t,age_aggregate_y55_64,edu_isced97_1,2012,5.6304
rou,sex_t,age_aggregate_y55_64,edu_isced97_1,2013,5.0323
rou,sex_t,age_aggregate_y55_64,edu_isced97_2,1998,31.2574
rou,sex_t,age_aggregate_y55_64,edu_isced97_2,1999,32.2564
rou,sex_t,age_aggregate_y55_64,edu_isced97_2,2000,34.9112
rou,sex_t,age_aggregate_y55_64,edu_isced97_2,2001,35.9331
rou,sex_t,age_aggregate_y55_64,edu_isced97_2,2002,33.9269
rou,sex_t,age_aggregate_y55_64,edu_isced97_2,2003,36.3918
rou,sex_t,age_aggregate_y55_64,edu_isced97_2,2004,33.7858
rou,sex_t,age_aggregate_y55_64,edu_isced97_2,2005,33.1483
rou,sex_t,age_aggregate_y55_64,edu_isced97_2,2006,31.1121
rou,sex_t,age_aggregate_y55_64,edu_isced97_2,2007,31.8509
rou,sex_t,age_aggregate_y55_64,edu_isced97_2,2008,33.3287
rou,sex_t,age_aggregate_y55_64,edu_isced97_2,2009,34.3576
rou,sex_t,age_aggregate_y55_64,edu_isced97_2,2010,33.915
rou,sex_t,age_aggregate_y55_64,edu_isced97_2,2011,32.6855
rou,sex_t,age_aggregate_y55_64,edu_isced97_2,2012,31.8527
rou,sex_t,age_aggregate_y55_64,edu_isced97_2,2013,30.6272
rou,sex_t,age_aggregate_y55_64,edu_isced97_3,1998,16.8989
rou,sex_t,age_aggregate_y55_64,edu_isced97_3,1999,15.5038
rou,sex_t,age_aggregate_y55_64,edu_isced97_3,2000,16.4146
rou,sex_t,age_aggregate_y55_64,edu_isced97_3,2001,18.4295
rou,sex_t,age_aggregate_y55_64,edu_isced97_3,2002,16.5203
rou,sex_t,age_aggregate_y55_64,edu_isced97_3,2003,18.1647
rou,sex_t,age_aggregate_y55_64,edu_isced97_3,2004,22.881
rou,sex_t,age_aggregate_y55_64,edu_isced97_3,2005,26.6949
rou,sex_t,age_aggregate_y55_64,edu_isced97_3,2006,30.946
rou,sex_t,age_aggregate_y55_64,edu_isced97_3,2007,34.101
rou,sex_t,age_aggregate_y55_64,edu_isced97_3,2008,36.6581
rou,sex_t,age_aggregate_y55_64,edu_isced97_3,2009,38.3527
rou,sex_t,age_aggregate_y55_64,edu_isced97_3,2010,39.6184
rou,sex_t,age_aggregate_y55_64,edu_isced97_3,2011,42.1521
rou,sex_t,age_aggregate_y55_64,edu_isced97_3,2012,44.7934
rou,sex_t,age_aggregate_y55_64,edu_isced97_3,2013,46.6398
rou,sex_t,age_aggregate_y55_64,edu_isced97_4,2002,3.5164
rou,sex_t,age_aggregate_y55_64,edu_isced97_4,2003,3.6024
rou,sex_t,age_aggregate_y55_64,edu_isced97_4,2004,6.2532
rou,sex_t,age_aggregate_y55_64,edu_isced97_4,2005,6.0642
rou,sex_t,age_aggregate_y55_64,edu_isced97_4,2006,7.0946
rou,sex_t,age_aggregate_y55_64,edu_isced97_4,2007,6.0284
rou,sex_t,age_aggregate_y55_64,edu_isced97_4,2008,5.6623
rou,sex_t,age_aggregate_y55_64,edu_isced97_4,2009,5.9091
rou,sex_t,age_aggregate_y55_64,edu_isced97_4,2010,5.8324
rou,sex_t,age_aggregate_y55_64,edu_isced97_4,2011,5.2264
rou,sex_t,age_aggregate_y55_64,edu_isced97_4,2012,4.8132
rou,sex_t,age_aggregate_y55_64,edu_isced97_4,2013,4.7981
rou,sex_t,age_aggregate_y55_64,edu_isced97_5,1998,6.5906
rou,sex_t,age_aggregate_y55_64,edu_isced97_5,1999,6.6224
rou,sex_t,age_aggregate_y55_64,edu_isced97_5,2000,6.8354
rou,sex_t,age_aggregate_y55_64,edu_isced97_5,2001,6.9693
rou,sex_t,age_aggregate_y55_64,edu_isced97_5,2002,8.1022
rou,sex_t,age_aggregate_y55_64,edu_isced97_5,2003,8.8184
rou,sex_t,age_aggregate_y55_64,edu_isced97_5,2004,9.9254
rou,sex_t,age_aggregate_y55_64,edu_isced97_5,2005,10.903
rou,sex_t,age_aggregate_y55_64,edu_isced97_5,2006,12.9802
rou,sex_t,age_aggregate_y55_64,edu_isced97_5,2007,12.3703
rou,sex_t,age_aggregate_y55_64,edu_isced97_5,2008,12.0428
rou,sex_t,age_aggregate_y55_64,edu_isced97_5,2009,11.1858
rou,sex_t,age_aggregate_y55_64,edu_isced97_5,2010,11.2066
rou,sex_t,age_aggregate_y55_64,edu_isced97_5,2011,12.6554
rou,sex_t,age_aggregate_y55_64,edu_isced97_5,2012,12.5719
rou,sex_t,age_aggregate_y55_64,edu_isced97_5,2013,12.3985
rou,sex_t,age_aggregate_y55_64,edu_isced97_6,2004,0.2745
rou,sex_t,age_aggregate_y55_64,edu_isced97_6,2006,0.2295
rou,sex_t,age_aggregate_y55_64,edu_isced97_6,2007,0.2184
rou,sex_t,age_aggregate_y55_64,edu_isced97_6,2008,0.1726
rou,sex_t,age_aggregate_y55_64,edu_isced97_6,2009,0.1282
rou,sex_t,age_aggregate_y55_64,edu_isced97_6,2011,0.0727
rou,sex_t,age_aggregate_y55_64,edu_isced97_6,2012,0.1069
rou,sex_t,age_aggregate_y55_64,edu_isced97_6,2013,0.1729
rou,sex_t,age_aggregate_y55_64,edu_isced97_total,1998,100
rou,sex_t,age_aggregate_y55_64,edu_isced97_total,1999,100
rou,sex_t,age_aggregate_y55_64,edu_isced97_total,2000,100
rou,sex_t,age_aggregate_y55_64,edu_isced97_total,2001,100
rou,sex_t,age_aggregate_y55_64,edu_isced97_total,2002,100
rou,sex_t,age_aggregate_y55_64,edu_isced97_total,2003,100
rou,sex_t,age_aggregate_y55_64,edu_isced97_total,2004,100
rou,sex_t,age_aggregate_y55_64,edu_isced97_total,2005,100
rou,sex_t,age_aggregate_y55_64,edu_isced97_total,2006,100
rou,sex_t,age_aggregate_y55_64,edu_isced97_total,2007,100
rou,sex_t,age_aggregate_y55_64,edu_isced97_total,2008,100
rou,sex_t,age_aggregate_y55_64,edu_isced97_total,2009,100
rou,sex_t,age_aggregate_y55_64,edu_isced97_total,2010,100
rou,sex_t,age_aggregate_y55_64,edu_isced97_total,2011,100
rou,sex_t,age_aggregate_y55_64,edu_isced97_total,2012,100
rou,sex_t,age_aggregate_y55_64,edu_isced97_total,2013,100
rou,sex_t,age_aggregate_yge65,edu_aggregate_adv,1998,0.857
rou,sex_t,age_aggregate_yge65,edu_aggregate_adv,1999,1.0185
rou,sex_t,age_aggregate_yge65,edu_aggregate_adv,2000,0.9368
rou,sex_t,age_aggregate_yge65,edu_aggregate_adv,2001,0.5115
rou,sex_t,age_aggregate_yge65,edu_aggregate_adv,2002,0.6517
rou,sex_t,age_aggregate_yge65,edu_aggregate_adv,2003,1.216
rou,sex_t,age_aggregate_yge65,edu_aggregate_adv,2004,1.5492
rou,sex_t,age_aggregate_yge65,edu_aggregate_adv,2005,1.7099
rou,sex_t,age_aggregate_yge65,edu_aggregate_adv,2006,2.6006
rou,sex_t,age_aggregate_yge65,edu_aggregate_adv,2007,2.1865
rou,sex_t,age_aggregate_yge65,edu_aggregate_adv,2008,1.7894
rou,sex_t,age_aggregate_yge65,edu_aggregate_adv,2009,1.6719
rou,sex_t,age_aggregate_yge65,edu_aggregate_adv,2010,1.6675
rou,sex_t,age_aggregate_yge65,edu_aggregate_adv,2011,1.8747
rou,sex_t,age_aggregate_yge65,edu_aggregate_adv,2012,1.9372
rou,sex_t,age_aggregate_yge65,edu_aggregate_adv,2013,2.2257
rou,sex_t,age_aggregate_yge65,edu_aggregate_adv,2014,2.2843
rou,sex_t,age_aggregate_yge65,edu_aggregate_adv,2015,2.7501
rou,sex_t,age_aggregate_yge65,edu_aggregate_adv,2016,3.8595
rou,sex_t,age_aggregate_yge65,edu_aggregate_adv,2017,4.4062
rou,sex_t,age_aggregate_yge65,edu_aggregate_adv,2018,4.2107
rou,sex_t,age_aggregate_yge65,edu_aggregate_adv,2019,4.5187
rou,sex_t,age_aggregate_yge65,edu_aggregate_bas,1998,95.0737
rou,sex_t,age_aggregate_yge65,edu_aggregate_bas,1999,94.7117
rou,sex_t,age_aggregate_yge65,edu_aggregate_bas,2000,94.5331
rou,sex_t,age_aggregate_yge65,edu_aggregate_bas,2001,86.61
rou,sex_t,age_aggregate_yge65,edu_aggregate_bas,2002,86.148
rou,sex_t,age_aggregate_yge65,edu_aggregate_bas,2003,85.7959
rou,sex_t,age_aggregate_yge65,edu_aggregate_bas,2004,83.791
rou,sex_t,age_aggregate_yge65,edu_aggregate_bas,2005,84.3454
rou,sex_t,age_aggregate_yge65,edu_aggregate_bas,2006,83.3355
rou,sex_t,age_aggregate_yge65,edu_aggregate_bas,2007,83.5834
rou,sex_t,age_aggregate_yge65,edu_aggregate_bas,2008,86.255
rou,sex_t,age_aggregate_yge65,edu_aggregate_bas,2009,87.2381
rou,sex_t,age_aggregate_yge65,edu_aggregate_bas,2010,85.4327
rou,sex_t,age_aggregate_yge65,edu_aggregate_bas,2011,85.5337
rou,sex_t,age_aggregate_yge65,edu_aggregate_bas,2012,83.7218
rou,sex_t,age_aggregate_yge65,edu_aggregate_bas,2013,83.0921
rou,sex_t,age_aggregate_yge65,edu_aggregate_bas,2014,82.6188
rou,sex_t,age_aggregate_yge65,edu_aggregate_bas,2015,77.1762
rou,sex_t,age_aggregate_yge65,edu_aggregate_bas,2016,71.6533
rou,sex_t,age_aggregate_yge65,edu_aggregate_bas,2017,66.9016
rou,sex_t,age_aggregate_yge65,edu_aggregate_bas,2018,64.9188
rou,sex_t,age_aggregate_yge65,edu_aggregate_bas,2019,61.0326
rou,sex_t,age_aggregate_yge65,edu_aggregate_int,1998,4.0693
rou,sex_t,age_aggregate_yge65,edu_aggregate_int,1999,4.2698
rou,sex_t,age_aggregate_yge65,edu_aggregate_int,2000,4.5301
rou,sex_t,age_aggregate_yge65,edu_aggregate_int,2001,4.415
rou,sex_t,age_aggregate_yge65,edu_aggregate_int,2002,3.6959
rou,sex_t,age_aggregate_yge65,edu_aggregate_int,2003,5.6668
rou,sex_t,age_aggregate_yge65,edu_aggregate_int,2004,7.4106
rou,sex_t,age_aggregate_yge65,edu_aggregate_int,2005,7.3586
rou,sex_t,age_aggregate_yge65,edu_aggregate_int,2006,8.6654
rou,sex_t,age_aggregate_yge65,edu_aggregate_int,2007,9.6897
rou,sex_t,age_aggregate_yge65,edu_aggregate_int,2008,8.1012
rou,sex_t,age_aggregate_yge65,edu_aggregate_int,2009,8.2578
rou,sex_t,age_aggregate_yge65,edu_aggregate_int,2010,9.789
rou,sex_t,age_aggregate_yge65,edu_aggregate_int,2011,9.9187
rou,sex_t,age_aggregate_yge65,edu_aggregate_int,2012,12.4953
rou,sex_t,age_aggregate_yge65,edu_aggregate_int,2013,13.1947
rou,sex_t,age_aggregate_yge65,edu_aggregate_int,2014,13.9753
rou,sex_t,age_aggregate_yge65,edu_aggregate_int,2015,19.3159
rou,sex_t,age_aggregate_yge65,edu_aggregate_int,2016,23.8548
rou,sex_t,age_aggregate_yge65,edu_aggregate_int,2017,28.2577
rou,sex_t,age_aggregate_yge65,edu_aggregate_int,2018,30.2433
rou,sex_t,age_aggregate_yge65,edu_aggregate_int,2019,33.7841
rou,sex_t,age_aggregate_yge65,edu_aggregate_ltb,2001,8.4635
rou,sex_t,age_aggregate_yge65,edu_aggregate_ltb,2002,9.5044
rou,sex_t,age_aggregate_yge65,edu_aggregate_ltb,2003,7.3213
rou,sex_t,age_aggregate_yge65,edu_aggregate_ltb,2004,7.2492
rou,sex_t,age_aggregate_yge65,edu_aggregate_ltb,2005,6.5861
rou,sex_t,age_aggregate_yge65,edu_aggregate_ltb,2006,5.3985
rou,sex_t,age_aggregate_yge65,edu_aggregate_ltb,2007,4.5404
rou,sex_t,age_aggregate_yge65,edu_aggregate_ltb,2008,3.8544
rou,sex_t,age_aggregate_yge65,edu_aggregate_ltb,2009,2.8321
rou,sex_t,age_aggregate_yge65,edu_aggregate_ltb,2010,3.1108
rou,sex_t,age_aggregate_yge65,edu_aggregate_ltb,2011,2.6729
rou,sex_t,age_aggregate_yge65,edu_aggregate_ltb,2012,1.8457
rou,sex_t,age_aggregate_yge65,edu_aggregate_total,1998,100
rou,sex_t,age_aggregate_yge65,edu_aggregate_total,1999,100
rou,sex_t,age_aggregate_yge65,edu_aggregate_total,2000,100
rou,sex_t,age_aggregate_yge65,edu_aggregate_total,2001,100
rou,sex_t,age_aggregate_yge65,edu_aggregate_total,2002,100
rou,sex_t,age_aggregate_yge65,edu_aggregate_total,2003,100
rou,sex_t,age_aggregate_yge65,edu_aggregate_total,2004,100
rou,sex_t,age_aggregate_yge65,edu_aggregate_total,2005,100
rou,sex_t,age_aggregate_yge65,edu_aggregate_total,2006,100
rou,sex_t,age_aggregate_yge65,edu_aggregate_total,2007,100
rou,sex_t,age_aggregate_yge65,edu_aggregate_total,2008,100
rou,sex_t,age_aggregate_yge65,edu_aggregate_total,2009,100
rou,sex_t,age_aggregate_yge65,edu_aggregate_total,2010,100
rou,sex_t,age_aggregate_yge65,edu_aggregate_total,2011,100
rou,sex_t,age_aggregate_yge65,edu_aggregate_total,2012,100
rou,sex_t,age_aggregate_yge65,edu_aggregate_total,2013,100
rou,sex_t,age_aggregate_yge65,edu_aggregate_total,2014,100
rou,sex_t,age_aggregate_yge65,edu_aggregate_total,2015,100
rou,sex_t,age_aggregate_yge65,edu_aggregate_total,2016,100
rou,sex_t,age_aggregate_yge65,edu_aggregate_total,2017,100
rou,sex_t,age_aggregate_yge65,edu_aggregate_total,2018,100
rou,sex_t,age_aggregate_yge65,edu_aggregate_total,2019,100
rou,sex_t,age_aggregate_yge65,edu_isced11_0,2015,0.7578
rou,sex_t,age_aggregate_yge65,edu_isced11_0,2016,0.6325
rou,sex_t,age_aggregate_yge65,edu_isced11_0,2017,0.4345
rou,sex_t,age_aggregate_yge65,edu_isced11_1,2014,31.9625
rou,sex_t,age_aggregate_yge65,edu_isced11_1,2015,27.0521
rou,sex_t,age_aggregate_yge65,edu_isced11_1,2016,21.8898
rou,sex_t,age_aggregate_yge65,edu_isced11_1,2017,17.646
rou,sex_t,age_aggregate_yge65,edu_isced11_1,2018,17.1319
rou,sex_t,age_aggregate_yge65,edu_isced11_1,2019,15.5668
rou,sex_t,age_aggregate_yge65,edu_isced11_2,2014,50.6562
rou,sex_t,age_aggregate_yge65,edu_isced11_2,2015,50.1241
rou,sex_t,age_aggregate_yge65,edu_isced11_2,2016,49.7635
rou,sex_t,age_aggregate_yge65,edu_isced11_2,2017,49.2556
rou,sex_t,age_aggregate_yge65,edu_isced11_2,2018,47.7869
rou,sex_t,age_aggregate_yge65,edu_isced11_2,2019,45.4658
rou,sex_t,age_aggregate_yge65,edu_isced11_3,2014,12.5463
rou,sex_t,age_aggregate_yge65,edu_isced11_3,2015,17.733
rou,sex_t,age_aggregate_yge65,edu_isced11_3,2016,22.2382
rou,sex_t,age_aggregate_yge65,edu_isced11_3,2017,26.4583
rou,sex_t,age_aggregate_yge65,edu_isced11_3,2018,28.2444
rou,sex_t,age_aggregate_yge65,edu_isced11_3,2019,31.7577
rou,sex_t,age_aggregate_yge65,edu_isced11_4,2015,1.583
rou,sex_t,age_aggregate_yge65,edu_isced11_4,2016,1.6166
rou,sex_t,age_aggregate_yge65,edu_isced11_4,2017,1.7994
rou,sex_t,age_aggregate_yge65,edu_isced11_5,2015,0.1567
rou,sex_t,age_aggregate_yge65,edu_isced11_5,2016,0.537
rou,sex_t,age_aggregate_yge65,edu_isced11_5,2017,0.3618
rou,sex_t,age_aggregate_yge65,edu_isced11_6,2015,0.1065
rou,sex_t,age_aggregate_yge65,edu_isced11_6,2016,0.193
rou,sex_t,age_aggregate_yge65,edu_isced11_7,2015,2.3573
rou,sex_t,age_aggregate_yge65,edu_isced11_7,2016,3.0021
rou,sex_t,age_aggregate_yge65,edu_isced11_7,2017,3.885
rou,sex_t,age_aggregate_yge65,edu_isced11_7,2018,3.7497
rou,sex_t,age_aggregate_yge65,edu_isced11_7,2019,4.1298
rou,sex_t,age_aggregate_yge65,edu_isced11_8,2015,0.1295
rou,sex_t,age_aggregate_yge65,edu_isced11_8,2016,0.1275
rou,sex_t,age_aggregate_yge65,edu_isced11_8,2017,0.1593
rou,sex_t,age_aggregate_yge65,edu_isced11_total,2014,100
rou,sex_t,age_aggregate_yge65,edu_isced11_total,2015,100
rou,sex_t,age_aggregate_yge65,edu_isced11_total,2016,100
rou,sex_t,age_aggregate_yge65,edu_isced11_total,2017,100
rou,sex_t,age_aggregate_yge65,edu_isced11_total,2018,100
rou,sex_t,age_aggregate_yge65,edu_isced11_total,2019,100
rou,sex_t,age_aggregate_yge65,edu_isced97_0,2001,8.4635
rou,sex_t,age_aggregate_yge65,edu_isced97_0,2002,9.5044
rou,sex_t,age_aggregate_yge65,edu_isced97_0,2003,7.3213
rou,sex_t,age_aggregate_yge65,edu_isced97_0,2004,7.2492
rou,sex_t,age_aggregate_yge65,edu_isced97_0,2005,6.5861
rou,sex_t,age_aggregate_yge65,edu_isced97_0,2006,5.3985
rou,sex_t,age_aggregate_yge65,edu_isced97_0,2007,4.5404
rou,sex_t,age_aggregate_yge65,edu_isced97_0,2008,3.8544
rou,sex_t,age_aggregate_yge65,edu_isced97_0,2009,2.8321
rou,sex_t,age_aggregate_yge65,edu_isced97_0,2010,3.1108
rou,sex_t,age_aggregate_yge65,edu_isced97_0,2011,2.6729
rou,sex_t,age_aggregate_yge65,edu_isced97_0,2012,1.8457
rou,sex_t,age_aggregate_yge65,edu_isced97_0,2013,1.4875
rou,sex_t,age_aggregate_yge65,edu_isced97_1,1998,68.2847
rou,sex_t,age_aggregate_yge65,edu_isced97_1,1999,66.83
rou,sex_t,age_aggregate_yge65,edu_isced97_1,2000,66.5053
rou,sex_t,age_aggregate_yge65,edu_isced97_1,2001,58.5082
rou,sex_t,age_aggregate_yge65,edu_isced97_1,2002,58.3857
rou,sex_t,age_aggregate_yge65,edu_isced97_1,2003,55.2116
rou,sex_t,age_aggregate_yge65,edu_isced97_1,2004,56.5609
rou,sex_t,age_aggregate_yge65,edu_isced97_1,2005,54.7065
rou,sex_t,age_aggregate_yge65,edu_isced97_1,2006,51.5254
rou,sex_t,age_aggregate_yge65,edu_isced97_1,2007,49.6602
rou,sex_t,age_aggregate_yge65,edu_isced97_1,2008,51.0847
rou,sex_t,age_aggregate_yge65,edu_isced97_1,2009,50.1336
rou,sex_t,age_aggregate_yge65,edu_isced97_1,2010,46.4453
rou,sex_t,age_aggregate_yge65,edu_isced97_1,2011,44.7273
rou,sex_t,age_aggregate_yge65,edu_isced97_1,2012,41.8228
rou,sex_t,age_aggregate_yge65,edu_isced97_1,2013,37.8904
rou,sex_t,age_aggregate_yge65,edu_isced97_2,1998,26.789
rou,sex_t,age_aggregate_yge65,edu_isced97_2,1999,27.8817
rou,sex_t,age_aggregate_yge65,edu_isced97_2,2000,28.0278
rou,sex_t,age_aggregate_yge65,edu_isced97_2,2001,28.1018
rou,sex_t,age_aggregate_yge65,edu_isced97_2,2002,27.7623
rou,sex_t,age_aggregate_yge65,edu_isced97_2,2003,30.5843
rou,sex_t,age_aggregate_yge65,edu_isced97_2,2004,27.2301
rou,sex_t,age_aggregate_yge65,edu_isced97_2,2005,29.6389
rou,sex_t,age_aggregate_yge65,edu_isced97_2,2006,31.8101
rou,sex_t,age_aggregate_yge65,edu_isced97_2,2007,33.9232
rou,sex_t,age_aggregate_yge65,edu_isced97_2,2008,35.1702
rou,sex_t,age_aggregate_yge65,edu_isced97_2,2009,37.1045
rou,sex_t,age_aggregate_yge65,edu_isced97_2,2010,38.9875
rou,sex_t,age_aggregate_yge65,edu_isced97_2,2011,40.8064
rou,sex_t,age_aggregate_yge65,edu_isced97_2,2012,41.8991
rou,sex_t,age_aggregate_yge65,edu_isced97_2,2013,45.2017
rou,sex_t,age_aggregate_yge65,edu_isced97_3,1998,4.0693
rou,sex_t,age_aggregate_yge65,edu_isced97_3,1999,4.2698
rou,sex_t,age_aggregate_yge65,edu_isced97_3,2000,4.5301
rou,sex_t,age_aggregate_yge65,edu_isced97_3,2001,4.415
rou,sex_t,age_aggregate_yge65,edu_isced97_3,2002,3.3695
rou,sex_t,age_aggregate_yge65,edu_isced97_3,2003,5.0657
rou,sex_t,age_aggregate_yge65,edu_isced97_3,2004,6.5838
rou,sex_t,age_aggregate_yge65,edu_isced97_3,2005,6.486
rou,sex_t,age_aggregate_yge65,edu_isced97_3,2006,7.539
rou,sex_t,age_aggregate_yge65,edu_isced97_3,2007,8.3338
rou,sex_t,age_aggregate_yge65,edu_isced97_3,2008,7.3402
rou,sex_t,age_aggregate_yge65,edu_isced97_3,2009,7.3924
rou,sex_t,age_aggregate_yge65,edu_isced97_3,2010,8.758
rou,sex_t,age_aggregate_yge65,edu_isced97_3,2011,8.9001
rou,sex_t,age_aggregate_yge65,edu_isced97_3,2012,10.9262
rou,sex_t,age_aggregate_yge65,edu_isced97_3,2013,11.593
rou,sex_t,age_aggregate_yge65,edu_isced97_4,2002,0.3264
rou,sex_t,age_aggregate_yge65,edu_isced97_4,2003,0.6011
rou,sex_t,age_aggregate_yge65,edu_isced97_4,2004,0.8267
rou,sex_t,age_aggregate_yge65,edu_isced97_4,2006,1.1264
rou,sex_t,age_aggregate_yge65,edu_isced97_4,2007,1.3559
rou,sex_t,age_aggregate_yge65,edu_isced97_4,2008,0.761
rou,sex_t,age_aggregate_yge65,edu_isced97_4,2009,0.8654
rou,sex_t,age_aggregate_yge65,edu_isced97_4,2011,1.0186
rou,sex_t,age_aggregate_yge65,edu_isced97_4,2012,1.5691
rou,sex_t,age_aggregate_yge65,edu_isced97_4,2013,1.6018
rou,sex_t,age_aggregate_yge65,edu_isced97_5,1998,0.857
rou,sex_t,age_aggregate_yge65,edu_isced97_5,1999,1.0185
rou,sex_t,age_aggregate_yge65,edu_isced97_5,2000,0.9368
rou,sex_t,age_aggregate_yge65,edu_isced97_5,2001,0.5115
rou,sex_t,age_aggregate_yge65,edu_isced97_5,2002,0.493
rou,sex_t,age_aggregate_yge65,edu_isced97_5,2003,1.216
rou,sex_t,age_aggregate_yge65,edu_isced97_5,2004,1.3301
rou,sex_t,age_aggregate_yge65,edu_isced97_5,2005,1.6007
rou,sex_t,age_aggregate_yge65,edu_isced97_5,2006,2.5273
rou,sex_t,age_aggregate_yge65,edu_isced97_5,2007,2.0894
rou,sex_t,age_aggregate_yge65,edu_isced97_5,2008,1.7554
rou,sex_t,age_aggregate_yge65,edu_isced97_5,2009,1.5511
rou,sex_t,age_aggregate_yge65,edu_isced97_5,2010,1.6331
rou,sex_t,age_aggregate_yge65,edu_isced97_5,2011,1.8385
rou,sex_t,age_aggregate_yge65,edu_isced97_5,2012,1.8536
rou,sex_t,age_aggregate_yge65,edu_isced97_5,2013,2.1704
rou,sex_t,age_aggregate_yge65,edu_isced97_6,2004,0.2191
rou,sex_t,age_aggregate_yge65,edu_isced97_6,2007,0.0971
rou,sex_t,age_aggregate_yge65,edu_isced97_6,2009,0.1209
rou,sex_t,age_aggregate_yge65,edu_isced97_6,2012,0.0836
rou,sex_t,age_aggregate_yge65,edu_isced97_total,1998,100
rou,sex_t,age_aggregate_yge65,edu_isced97_total,1999,100
rou,sex_t,age_aggregate_yge65,edu_isced97_total,2000,100
rou,sex_t,age_aggregate_yge65,edu_isced97_total,2001,100
rou,sex_t,age_aggregate_yge65,edu_isced97_total,2002,100
rou,sex_t,age_aggregate_yge65,edu_isced97_total,2003,100
rou,sex_t,age_aggregate_yge65,edu_isced97_total,2004,100
rou,sex_t,age_aggregate_yge65,edu_isced97_total,2005,100
rou,sex_t,age_aggregate_yge65,edu_isced97_total,2006,100
rou,sex_t,age_aggregate_yge65,edu_isced97_total,2007,100
rou,sex_t,age_aggregate_yge65,edu_isced97_total,2008,100
rou,sex_t,age_aggregate_yge65,edu_isced97_total,2009,100
rou,sex_t,age_aggregate_yge65,edu_isced97_total,2010,100
rou,sex_t,age_aggregate_yge65,edu_isced97_total,2011,100
rou,sex_t,age_aggregate_yge65,edu_isced97_total,2012,100
rou,sex_t,age_aggregate_yge65,edu_isced97_total,2013,100
rou,sex_t,age_ythadult_y15_24,edu_aggregate_adv,1997,3.9315
rou,sex_t,age_ythadult_y15_24,edu_aggregate_adv,1998,2.232
rou,sex_t,age_ythadult_y15_24,edu_aggregate_adv,1999,2.5385
rou,sex_t,age_ythadult_y15_24,edu_aggregate_adv,2000,2.643
rou,sex_t,age_ythadult_y15_24,edu_aggregate_adv,2001,2.608
rou,sex_t,age_ythadult_y15_24,edu_aggregate_adv,2002,3.2663
rou,sex_t,age_ythadult_y15_24,edu_aggregate_adv,2003,3.8959
rou,sex_t,age_ythadult_y15_24,edu_aggregate_adv,2004,5.4963
rou,sex_t,age_ythadult_y15_24,edu_aggregate_adv,2005,4.7805
rou,sex_t,age_ythadult_y15_24,edu_aggregate_adv,2006,4.6683
rou,sex_t,age_ythadult_y15_24,edu_aggregate_adv,2007,5.5021
rou,sex_t,age_ythadult_y15_24,edu_aggregate_adv,2008,6.2951
rou,sex_t,age_ythadult_y15_24,edu_aggregate_adv,2009,7.859
rou,sex_t,age_ythadult_y15_24,edu_aggregate_adv,2010,7.8403
rou,sex_t,age_ythadult_y15_24,edu_aggregate_adv,2011,9.291
rou,sex_t,age_ythadult_y15_24,edu_aggregate_adv,2012,9.4115
rou,sex_t,age_ythadult_y15_24,edu_aggregate_adv,2013,9.1368
rou,sex_t,age_ythadult_y15_24,edu_aggregate_adv,2014,8.7575
rou,sex_t,age_ythadult_y15_24,edu_aggregate_adv,2015,8.1013
rou,sex_t,age_ythadult_y15_24,edu_aggregate_adv,2016,6.4888
rou,sex_t,age_ythadult_y15_24,edu_aggregate_adv,2017,8.776
rou,sex_t,age_ythadult_y15_24,edu_aggregate_adv,2018,7.819
rou,sex_t,age_ythadult_y15_24,edu_aggregate_adv,2019,7.8999
rou,sex_t,age_ythadult_y15_24,edu_aggregate_bas,1997,32.0807
rou,sex_t,age_ythadult_y15_24,edu_aggregate_bas,1998,31.881
rou,sex_t,age_ythadult_y15_24,edu_aggregate_bas,1999,37.2225
rou,sex_t,age_ythadult_y15_24,edu_aggregate_bas,2000,39.9515
rou,sex_t,age_ythadult_y15_24,edu_aggregate_bas,2001,37.7955
rou,sex_t,age_ythadult_y15_24,edu_aggregate_bas,2002,39.782
rou,sex_t,age_ythadult_y15_24,edu_aggregate_bas,2003,40.5791
rou,sex_t,age_ythadult_y15_24,edu_aggregate_bas,2004,36.1557
rou,sex_t,age_ythadult_y15_24,edu_aggregate_bas,2005,35.8138
rou,sex_t,age_ythadult_y15_24,edu_aggregate_bas,2006,35.1593
rou,sex_t,age_ythadult_y15_24,edu_aggregate_bas,2007,34.6137
rou,sex_t,age_ythadult_y15_24,edu_aggregate_bas,2008,31.4331
rou,sex_t,age_ythadult_y15_24,edu_aggregate_bas,2009,31.9918
rou,sex_t,age_ythadult_y15_24,edu_aggregate_bas,2010,35.4939
rou,sex_t,age_ythadult_y15_24,edu_aggregate_bas,2011,32.6224
rou,sex_t,age_ythadult_y15_24,edu_aggregate_bas,2012,33.8513
rou,sex_t,age_ythadult_y15_24,edu_aggregate_bas,2013,33.2701
rou,sex_t,age_ythadult_y15_24,edu_aggregate_bas,2014,34.0691
rou,sex_t,age_ythadult_y15_24,edu_aggregate_bas,2015,31.9794
rou,sex_t,age_ythadult_y15_24,edu_aggregate_bas,2016,33.1408
rou,sex_t,age_ythadult_y15_24,edu_aggregate_bas,2017,32.4352
rou,sex_t,age_ythadult_y15_24,edu_aggregate_bas,2018,29.1171
rou,sex_t,age_ythadult_y15_24,edu_aggregate_bas,2019,27.0124
rou,sex_t,age_ythadult_y15_24,edu_aggregate_int,1997,63.9879
rou,sex_t,age_ythadult_y15_24,edu_aggregate_int,1998,65.887
rou,sex_t,age_ythadult_y15_24,edu_aggregate_int,1999,60.239
rou,sex_t,age_ythadult_y15_24,edu_aggregate_int,2000,57.4055
rou,sex_t,age_ythadult_y15_24,edu_aggregate_int,2001,58.1346
rou,sex_t,age_ythadult_y15_24,edu_aggregate_int,2002,56.5291
rou,sex_t,age_ythadult_y15_24,edu_aggregate_int,2003,53.9093
rou,sex_t,age_ythadult_y15_24,edu_aggregate_int,2004,56.5437
rou,sex_t,age_ythadult_y15_24,edu_aggregate_int,2005,57.974
rou,sex_t,age_ythadult_y15_24,edu_aggregate_int,2006,59.1527
rou,sex_t,age_ythadult_y15_24,edu_aggregate_int,2007,58.8145
rou,sex_t,age_ythadult_y15_24,edu_aggregate_int,2008,60.946
rou,sex_t,age_ythadult_y15_24,edu_aggregate_int,2009,59.1247
rou,sex_t,age_ythadult_y15_24,edu_aggregate_int,2010,55.8141
rou,sex_t,age_ythadult_y15_24,edu_aggregate_int,2011,57.2469
rou,sex_t,age_ythadult_y15_24,edu_aggregate_int,2012,56.1579
rou,sex_t,age_ythadult_y15_24,edu_aggregate_int,2013,56.9627
rou,sex_t,age_ythadult_y15_24,edu_aggregate_int,2014,56.9025
rou,sex_t,age_ythadult_y15_24,edu_aggregate_int,2015,59.0757
rou,sex_t,age_ythadult_y15_24,edu_aggregate_int,2016,59.6553
rou,sex_t,age_ythadult_y15_24,edu_aggregate_int,2017,58.3117
rou,sex_t,age_ythadult_y15_24,edu_aggregate_int,2018,62.6712
rou,sex_t,age_ythadult_y15_24,edu_aggregate_int,2019,64.5158
rou,sex_t,age_ythadult_y15_24,edu_aggregate_ltb,2001,1.4619
rou,sex_t,age_ythadult_y15_24,edu_aggregate_ltb,2002,0.4226
rou,sex_t,age_ythadult_y15_24,edu_aggregate_ltb,2003,1.6157
rou,sex_t,age_ythadult_y15_24,edu_aggregate_ltb,2004,1.8043
rou,sex_t,age_ythadult_y15_24,edu_aggregate_ltb,2005,1.4316
rou,sex_t,age_ythadult_y15_24,edu_aggregate_ltb,2006,1.0196
rou,sex_t,age_ythadult_y15_24,edu_aggregate_ltb,2007,1.0698
rou,sex_t,age_ythadult_y15_24,edu_aggregate_ltb,2008,1.3258
rou,sex_t,age_ythadult_y15_24,edu_aggregate_ltb,2009,1.0244
rou,sex_t,age_ythadult_y15_24,edu_aggregate_total,1997,100
rou,sex_t,age_ythadult_y15_24,edu_aggregate_total,1998,100
rou,sex_t,age_ythadult_y15_24,edu_aggregate_total,1999,100
rou,sex_t,age_ythadult_y15_24,edu_aggregate_total,2000,100
rou,sex_t,age_ythadult_y15_24,edu_aggregate_total,2001,100
rou,sex_t,age_ythadult_y15_24,edu_aggregate_total,2002,100
rou,sex_t,age_ythadult_y15_24,edu_aggregate_total,2003,100
rou,sex_t,age_ythadult_y15_24,edu_aggregate_total,2004,100
rou,sex_t,age_ythadult_y15_24,edu_aggregate_total,2005,100
rou,sex_t,age_ythadult_y15_24,edu_aggregate_total,2006,100
rou,sex_t,age_ythadult_y15_24,edu_aggregate_total,2007,100
rou,sex_t,age_ythadult_y15_24,edu_aggregate_total,2008,100
rou,sex_t,age_ythadult_y15_24,edu_aggregate_total,2009,100
rou,sex_t,age_ythadult_y15_24,edu_aggregate_total,2010,100
rou,sex_t,age_ythadult_y15_24,edu_aggregate_total,2011,100
rou,sex_t,age_ythadult_y15_24,edu_aggregate_total,2012,100
rou,sex_t,age_ythadult_y15_24,edu_aggregate_total,2013,100
rou,sex_t,age_ythadult_y15_24,edu_aggregate_total,2014,100
rou,sex_t,age_ythadult_y15_24,edu_aggregate_total,2015,100
rou,sex_t,age_ythadult_y15_24,edu_aggregate_total,2016,100
rou,sex_t,age_ythadult_y15_24,edu_aggregate_total,2017,100
rou,sex_t,age_ythadult_y15_24,edu_aggregate_total,2018,100
rou,sex_t,age_ythadult_y15_24,edu_aggregate_total,2019,100
rou,sex_t,age_ythadult_y15_24,edu_isced11_0,2015,0.8436
rou,sex_t,age_ythadult_y15_24,edu_isced11_0,2016,0.7151
rou,sex_t,age_ythadult_y15_24,edu_isced11_0,2017,0.4771
rou,sex_t,age_ythadult_y15_24,edu_isced11_1,2014,3.5583
rou,sex_t,age_ythadult_y15_24,edu_isced11_1,2015,3.7177
rou,sex_t,age_ythadult_y15_24,edu_isced11_1,2016,4.8793
rou,sex_t,age_ythadult_y15_24,edu_isced11_1,2017,5.2186
rou,sex_t,age_ythadult_y15_24,edu_isced11_1,2018,3.8688
rou,sex_t,age_ythadult_y15_24,edu_isced11_1,2019,2.9385
rou,sex_t,age_ythadult_y15_24,edu_isced11_2,2014,30.5109
rou,sex_t,age_ythadult_y15_24,edu_isced11_2,2015,28.2617
rou,sex_t,age_ythadult_y15_24,edu_isced11_2,2016,28.2615
rou,sex_t,age_ythadult_y15_24,edu_isced11_2,2017,27.2165
rou,sex_t,age_ythadult_y15_24,edu_isced11_2,2018,25.2483
rou,sex_t,age_ythadult_y15_24,edu_isced11_2,2019,24.0739
rou,sex_t,age_ythadult_y15_24,edu_isced11_3,2014,55.5114
rou,sex_t,age_ythadult_y15_24,edu_isced11_3,2015,57.4744
rou,sex_t,age_ythadult_y15_24,edu_isced11_3,2016,58.2285
rou,sex_t,age_ythadult_y15_24,edu_isced11_3,2017,56.9145
rou,sex_t,age_ythadult_y15_24,edu_isced11_3,2018,61.4016
rou,sex_t,age_ythadult_y15_24,edu_isced11_3,2019,62.8081
rou,sex_t,age_ythadult_y15_24,edu_isced11_4,2014,1.3911
rou,sex_t,age_ythadult_y15_24,edu_isced11_4,2015,1.6013
rou,sex_t,age_ythadult_y15_24,edu_isced11_4,2016,1.4268
rou,sex_t,age_ythadult_y15_24,edu_isced11_4,2017,1.3972
rou,sex_t,age_ythadult_y15_24,edu_isced11_4,2018,1.2695
rou,sex_t,age_ythadult_y15_24,edu_isced11_4,2019,1.7077
rou,sex_t,age_ythadult_y15_24,edu_isced11_6,2014,6.4284
rou,sex_t,age_ythadult_y15_24,edu_isced11_6,2015,7.1801
rou,sex_t,age_ythadult_y15_24,edu_isced11_6,2016,5.5891
rou,sex_t,age_ythadult_y15_24,edu_isced11_6,2017,7.9468
rou,sex_t,age_ythadult_y15_24,edu_isced11_6,2018,7.2174
rou,sex_t,age_ythadult_y15_24,edu_isced11_6,2019,6.6732
rou,sex_t,age_ythadult_y15_24,edu_isced11_7,2014,2.3049
rou,sex_t,age_ythadult_y15_24,edu_isced11_7,2015,0.9018
rou,sex_t,age_ythadult_y15_24,edu_isced11_7,2016,0.8885
rou,sex_t,age_ythadult_y15_24,edu_isced11_7,2017,0.7955
rou,sex_t,age_ythadult_y15_24,edu_isced11_total,2014,100
rou,sex_t,age_ythadult_y15_24,edu_isced11_total,2015,100
rou,sex_t,age_ythadult_y15_24,edu_isced11_total,2016,100
rou,sex_t,age_ythadult_y15_24,edu_isced11_total,2017,100
rou,sex_t,age_ythadult_y15_24,edu_isced11_total,2018,100
rou,sex_t,age_ythadult_y15_24,edu_isced11_total,2019,100
rou,sex_t,age_ythadult_y15_24,edu_isced97_0,2001,1.4619
rou,sex_t,age_ythadult_y15_24,edu_isced97_0,2002,0.4226
rou,sex_t,age_ythadult_y15_24,edu_isced97_0,2003,1.6157
rou,sex_t,age_ythadult_y15_24,edu_isced97_0,2004,1.8043
rou,sex_t,age_ythadult_y15_24,edu_isced97_0,2005,1.4316
rou,sex_t,age_ythadult_y15_24,edu_isced97_0,2006,1.0196
rou,sex_t,age_ythadult_y15_24,edu_isced97_0,2007,1.0698
rou,sex_t,age_ythadult_y15_24,edu_isced97_0,2008,1.3258
rou,sex_t,age_ythadult_y15_24,edu_isced97_0,2009,1.0244
rou,sex_t,age_ythadult_y15_24,edu_isced97_0,2011,0.8398
rou,sex_t,age_ythadult_y15_24,edu_isced97_0,2012,0.5792
rou,sex_t,age_ythadult_y15_24,edu_isced97_0,2013,0.6304
rou,sex_t,age_ythadult_y15_24,edu_isced97_1,1998,5.2191
rou,sex_t,age_ythadult_y15_24,edu_isced97_1,1999,5.913
rou,sex_t,age_ythadult_y15_24,edu_isced97_1,2000,6.8366
rou,sex_t,age_ythadult_y15_24,edu_isced97_1,2001,5.7431
rou,sex_t,age_ythadult_y15_24,edu_isced97_1,2002,6.0157
rou,sex_t,age_ythadult_y15_24,edu_isced97_1,2003,5.8819
rou,sex_t,age_ythadult_y15_24,edu_isced97_1,2004,5.4616
rou,sex_t,age_ythadult_y15_24,edu_isced97_1,2005,4.9114
rou,sex_t,age_ythadult_y15_24,edu_isced97_1,2006,4.1999
rou,sex_t,age_ythadult_y15_24,edu_isced97_1,2007,5.204
rou,sex_t,age_ythadult_y15_24,edu_isced97_1,2008,4.6261
rou,sex_t,age_ythadult_y15_24,edu_isced97_1,2009,4.613
rou,sex_t,age_ythadult_y15_24,edu_isced97_1,2010,5.4894
rou,sex_t,age_ythadult_y15_24,edu_isced97_1,2011,3.6183
rou,sex_t,age_ythadult_y15_24,edu_isced97_1,2012,3.6186
rou,sex_t,age_ythadult_y15_24,edu_isced97_1,2013,3.3477
rou,sex_t,age_ythadult_y15_24,edu_isced97_2,1998,26.6619
rou,sex_t,age_ythadult_y15_24,edu_isced97_2,1999,31.3095
rou,sex_t,age_ythadult_y15_24,edu_isced97_2,2000,33.1149
rou,sex_t,age_ythadult_y15_24,edu_isced97_2,2001,32.0525
rou,sex_t,age_ythadult_y15_24,edu_isced97_2,2002,33.7663
rou,sex_t,age_ythadult_y15_24,edu_isced97_2,2003,34.6972
rou,sex_t,age_ythadult_y15_24,edu_isced97_2,2004,30.6941
rou,sex_t,age_ythadult_y15_24,edu_isced97_2,2005,30.9025
rou,sex_t,age_ythadult_y15_24,edu_isced97_2,2006,30.9594
rou,sex_t,age_ythadult_y15_24,edu_isced97_2,2007,29.4097
rou,sex_t,age_ythadult_y15_24,edu_isced97_2,2008,26.807
rou,sex_t,age_ythadult_y15_24,edu_isced97_2,2009,27.3788
rou,sex_t,age_ythadult_y15_24,edu_isced97_2,2010,30.0045
rou,sex_t,age_ythadult_y15_24,edu_isced97_2,2011,29.0041
rou,sex_t,age_ythadult_y15_24,edu_isced97_2,2012,30.2327
rou,sex_t,age_ythadult_y15_24,edu_isced97_2,2013,29.9224
rou,sex_t,age_ythadult_y15_24,edu_isced97_3,1998,65.887
rou,sex_t,age_ythadult_y15_24,edu_isced97_3,1999,60.239
rou,sex_t,age_ythadult_y15_24,edu_isced97_3,2000,57.4055
rou,sex_t,age_ythadult_y15_24,edu_isced97_3,2001,58.1346
rou,sex_t,age_ythadult_y15_24,edu_isced97_3,2002,54.4938
rou,sex_t,age_ythadult_y15_24,edu_isced97_3,2003,51.8785
rou,sex_t,age_ythadult_y15_24,edu_isced97_3,2004,53.7579
rou,sex_t,age_ythadult_y15_24,edu_isced97_3,2005,55.3398
rou,sex_t,age_ythadult_y15_24,edu_isced97_3,2006,57.0823
rou,sex_t,age_ythadult_y15_24,edu_isced97_3,2007,57.1564
rou,sex_t,age_ythadult_y15_24,edu_isced97_3,2008,59.4416
rou,sex_t,age_ythadult_y15_24,edu_isced97_3,2009,57.2006
rou,sex_t,age_ythadult_y15_24,edu_isced97_3,2010,54.4251
rou,sex_t,age_ythadult_y15_24,edu_isced97_3,2011,55.6492
rou,sex_t,age_ythadult_y15_24,edu_isced97_3,2012,54.7634
rou,sex_t,age_ythadult_y15_24,edu_isced97_3,2013,55.8285
rou,sex_t,age_ythadult_y15_24,edu_isced97_4,2002,2.0354
rou,sex_t,age_ythadult_y15_24,edu_isced97_4,2003,2.0308
rou,sex_t,age_ythadult_y15_24,edu_isced97_4,2004,2.7858
rou,sex_t,age_ythadult_y15_24,edu_isced97_4,2005,2.6342
rou,sex_t,age_ythadult_y15_24,edu_isced97_4,2006,2.0703
rou,sex_t,age_ythadult_y15_24,edu_isced97_4,2007,1.658
rou,sex_t,age_ythadult_y15_24,edu_isced97_4,2008,1.5044
rou,sex_t,age_ythadult_y15_24,edu_isced97_4,2009,1.9241
rou,sex_t,age_ythadult_y15_24,edu_isced97_4,2010,1.389
rou,sex_t,age_ythadult_y15_24,edu_isced97_4,2011,1.5978
rou,sex_t,age_ythadult_y15_24,edu_isced97_4,2012,1.3944
rou,sex_t,age_ythadult_y15_24,edu_isced97_4,2013,1.1342
rou,sex_t,age_ythadult_y15_24,edu_isced97_5,1998,2.232
rou,sex_t,age_ythadult_y15_24,edu_isced97_5,1999,2.5385
rou,sex_t,age_ythadult_y15_24,edu_isced97_5,2000,2.643
rou,sex_t,age_ythadult_y15_24,edu_isced97_5,2001,2.608
rou,sex_t,age_ythadult_y15_24,edu_isced97_5,2002,3.2663
rou,sex_t,age_ythadult_y15_24,edu_isced97_5,2003,3.8959
rou,sex_t,age_ythadult_y15_24,edu_isced97_5,2004,5.4963
rou,sex_t,age_ythadult_y15_24,edu_isced97_5,2005,4.7805
rou,sex_t,age_ythadult_y15_24,edu_isced97_5,2006,4.6683
rou,sex_t,age_ythadult_y15_24,edu_isced97_5,2007,5.5021
rou,sex_t,age_ythadult_y15_24,edu_isced97_5,2008,6.2951
rou,sex_t,age_ythadult_y15_24,edu_isced97_5,2009,7.859
rou,sex_t,age_ythadult_y15_24,edu_isced97_5,2010,7.8403
rou,sex_t,age_ythadult_y15_24,edu_isced97_5,2011,9.291
rou,sex_t,age_ythadult_y15_24,edu_isced97_5,2012,9.4115
rou,sex_t,age_ythadult_y15_24,edu_isced97_5,2013,9.1368
rou,sex_t,age_ythadult_y15_24,edu_isced97_total,1998,100
rou,sex_t,age_ythadult_y15_24,edu_isced97_total,1999,100
rou,sex_t,age_ythadult_y15_24,edu_isced97_total,2000,100
rou,sex_t,age_ythadult_y15_24,edu_isced97_total,2001,100
rou,sex_t,age_ythadult_y15_24,edu_isced97_total,2002,100
rou,sex_t,age_ythadult_y15_24,edu_isced97_total,2003,100
rou,sex_t,age_ythadult_y15_24,edu_isced97_total,2004,100
rou,sex_t,age_ythadult_y15_24,edu_isced97_total,2005,100
rou,sex_t,age_ythadult_y15_24,edu_isced97_total,2006,100
rou,sex_t,age_ythadult_y15_24,edu_isced97_total,2007,100
rou,sex_t,age_ythadult_y15_24,edu_isced97_total,2008,100
rou,sex_t,age_ythadult_y15_24,edu_isced97_total,2009,100
rou,sex_t,age_ythadult_y15_24,edu_isced97_total,2010,100
rou,sex_t,age_ythadult_y15_24,edu_isced97_total,2011,100
rou,sex_t,age_ythadult_y15_24,edu_isced97_total,2012,100
rou,sex_t,age_ythadult_y15_24,edu_isced97_total,2013,100
rou,sex_t,age_ythadult_y15_64,edu_aggregate_adv,1997,14.122
rou,sex_t,age_ythadult_y15_64,edu_aggregate_adv,1998,9.1446
rou,sex_t,age_ythadult_y15_64,edu_aggregate_adv,1999,9.2649
rou,sex_t,age_ythadult_y15_64,edu_aggregate_adv,2000,9.6145
rou,sex_t,age_ythadult_y15_64,edu_aggregate_adv,2001,10.3933
rou,sex_t,age_ythadult_y15_64,edu_aggregate_adv,2002,11.2935
rou,sex_t,age_ythadult_y15_64,edu_aggregate_adv,2003,11.0713
rou,sex_t,age_ythadult_y15_64,edu_aggregate_adv,2004,12.4435
rou,sex_t,age_ythadult_y15_64,edu_aggregate_adv,2005,13.2029
rou,sex_t,age_ythadult_y15_64,edu_aggregate_adv,2006,14.0353
rou,sex_t,age_ythadult_y15_64,edu_aggregate_adv,2007,14.4638
rou,sex_t,age_ythadult_y15_64,edu_aggregate_adv,2008,15.5075
rou,sex_t,age_ythadult_y15_64,edu_aggregate_adv,2009,16.137
rou,sex_t,age_ythadult_y15_64,edu_aggregate_adv,2010,16.4584
rou,sex_t,age_ythadult_y15_64,edu_aggregate_adv,2011,18.0417
rou,sex_t,age_ythadult_y15_64,edu_aggregate_adv,2012,18.4877
rou,sex_t,age_ythadult_y15_64,edu_aggregate_adv,2013,18.9759
rou,sex_t,age_ythadult_y15_64,edu_aggregate_adv,2014,19.146
rou,sex_t,age_ythadult_y15_64,edu_aggregate_adv,2015,20.839
rou,sex_t,age_ythadult_y15_64,edu_aggregate_adv,2016,21.1238
rou,sex_t,age_ythadult_y15_64,edu_aggregate_adv,2017,21.0987
rou,sex_t,age_ythadult_y15_64,edu_aggregate_adv,2018,21.1078
rou,sex_t,age_ythadult_y15_64,edu_aggregate_adv,2019,21.7353
rou,sex_t,age_ythadult_y15_64,edu_aggregate_bas,1997,31.9156
rou,sex_t,age_ythadult_y15_64,edu_aggregate_bas,1998,30.1184
rou,sex_t,age_ythadult_y15_64,edu_aggregate_bas,1999,30.4032
rou,sex_t,age_ythadult_y15_64,edu_aggregate_bas,2000,30.1507
rou,sex_t,age_ythadult_y15_64,edu_aggregate_bas,2001,27.6236
rou,sex_t,age_ythadult_y15_64,edu_aggregate_bas,2002,25.4446
rou,sex_t,age_ythadult_y15_64,edu_aggregate_bas,2003,26.2395
rou,sex_t,age_ythadult_y15_64,edu_aggregate_bas,2004,23.3064
rou,sex_t,age_ythadult_y15_64,edu_aggregate_bas,2005,22.3076
rou,sex_t,age_ythadult_y15_64,edu_aggregate_bas,2006,21.0885
rou,sex_t,age_ythadult_y15_64,edu_aggregate_bas,2007,20.6775
rou,sex_t,age_ythadult_y15_64,edu_aggregate_bas,2008,20.3687
rou,sex_t,age_ythadult_y15_64,edu_aggregate_bas,2009,21.1646
rou,sex_t,age_ythadult_y15_64,edu_aggregate_bas,2010,22.0836
rou,sex_t,age_ythadult_y15_64,edu_aggregate_bas,2011,20.4081
rou,sex_t,age_ythadult_y15_64,edu_aggregate_bas,2012,20.1371
rou,sex_t,age_ythadult_y15_64,edu_aggregate_bas,2013,19.9843
rou,sex_t,age_ythadult_y15_64,edu_aggregate_bas,2014,22.4727
rou,sex_t,age_ythadult_y15_64,edu_aggregate_bas,2015,20.074
rou,sex_t,age_ythadult_y15_64,edu_aggregate_bas,2016,18.3931
rou,sex_t,age_ythadult_y15_64,edu_aggregate_bas,2017,17.6271
rou,sex_t,age_ythadult_y15_64,edu_aggregate_bas,2018,16.9434
rou,sex_t,age_ythadult_y15_64,edu_aggregate_bas,2019,16.6004
rou,sex_t,age_ythadult_y15_64,edu_aggregate_int,1997,53.9624
rou,sex_t,age_ythadult_y15_64,edu_aggregate_int,1998,60.737
rou,sex_t,age_ythadult_y15_64,edu_aggregate_int,1999,60.332
rou,sex_t,age_ythadult_y15_64,edu_aggregate_int,2000,60.2349
rou,sex_t,age_ythadult_y15_64,edu_aggregate_int,2001,61.1188
rou,sex_t,age_ythadult_y15_64,edu_aggregate_int,2002,62.6541
rou,sex_t,age_ythadult_y15_64,edu_aggregate_int,2003,62.0095
rou,sex_t,age_ythadult_y15_64,edu_aggregate_int,2004,63.5026
rou,sex_t,age_ythadult_y15_64,edu_aggregate_int,2005,63.8492
rou,sex_t,age_ythadult_y15_64,edu_aggregate_int,2006,64.3875
rou,sex_t,age_ythadult_y15_64,edu_aggregate_int,2007,64.3306
rou,sex_t,age_ythadult_y15_64,edu_aggregate_int,2008,63.5775
rou,sex_t,age_ythadult_y15_64,edu_aggregate_int,2009,62.2369
rou,sex_t,age_ythadult_y15_64,edu_aggregate_int,2010,61.0576
rou,sex_t,age_ythadult_y15_64,edu_aggregate_int,2011,61.2932
rou,sex_t,age_ythadult_y15_64,edu_aggregate_int,2012,61.1155
rou,sex_t,age_ythadult_y15_64,edu_aggregate_int,2013,60.7496
rou,sex_t,age_ythadult_y15_64,edu_aggregate_int,2014,58.1292
rou,sex_t,age_ythadult_y15_64,edu_aggregate_int,2015,58.7507
rou,sex_t,age_ythadult_y15_64,edu_aggregate_int,2016,60.2078
rou,sex_t,age_ythadult_y15_64,edu_aggregate_int,2017,60.9754
rou,sex_t,age_ythadult_y15_64,edu_aggregate_int,2018,61.6038
rou,sex_t,age_ythadult_y15_64,edu_aggregate_int,2019,61.341
rou,sex_t,age_ythadult_y15_64,edu_aggregate_ltb,2001,0.8643
rou,sex_t,age_ythadult_y15_64,edu_aggregate_ltb,2002,0.6077
rou,sex_t,age_ythadult_y15_64,edu_aggregate_ltb,2003,0.6796
rou,sex_t,age_ythadult_y15_64,edu_aggregate_ltb,2004,0.7475
rou,sex_t,age_ythadult_y15_64,edu_aggregate_ltb,2005,0.6403
rou,sex_t,age_ythadult_y15_64,edu_aggregate_ltb,2006,0.4888
rou,sex_t,age_ythadult_y15_64,edu_aggregate_ltb,2007,0.5281
rou,sex_t,age_ythadult_y15_64,edu_aggregate_ltb,2008,0.5463
rou,sex_t,age_ythadult_y15_64,edu_aggregate_ltb,2009,0.4616
rou,sex_t,age_ythadult_y15_64,edu_aggregate_ltb,2010,0.4004
rou,sex_t,age_ythadult_y15_64,edu_aggregate_ltb,2011,0.257
rou,sex_t,age_ythadult_y15_64,edu_aggregate_ltb,2012,0.2596
rou,sex_t,age_ythadult_y15_64,edu_aggregate_ltb,2013,0.2902
rou,sex_t,age_ythadult_y15_64,edu_aggregate_ltb,2014,0.2521
rou,sex_t,age_ythadult_y15_64,edu_aggregate_ltb,2015,0.3363
rou,sex_t,age_ythadult_y15_64,edu_aggregate_ltb,2016,0.2754
rou,sex_t,age_ythadult_y15_64,edu_aggregate_ltb,2017,0.2988
rou,sex_t,age_ythadult_y15_64,edu_aggregate_ltb,2018,0.3451
rou,sex_t,age_ythadult_y15_64,edu_aggregate_ltb,2019,0.3234
rou,sex_t,age_ythadult_y15_64,edu_aggregate_total,1997,100
rou,sex_t,age_ythadult_y15_64,edu_aggregate_total,1998,100
rou,sex_t,age_ythadult_y15_64,edu_aggregate_total,1999,100
rou,sex_t,age_ythadult_y15_64,edu_aggregate_total,2000,100
rou,sex_t,age_ythadult_y15_64,edu_aggregate_total,2001,100
rou,sex_t,age_ythadult_y15_64,edu_aggregate_total,2002,100
rou,sex_t,age_ythadult_y15_64,edu_aggregate_total,2003,100
rou,sex_t,age_ythadult_y15_64,edu_aggregate_total,2004,100
rou,sex_t,age_ythadult_y15_64,edu_aggregate_total,2005,100
rou,sex_t,age_ythadult_y15_64,edu_aggregate_total,2006,100
rou,sex_t,age_ythadult_y15_64,edu_aggregate_total,2007,100
rou,sex_t,age_ythadult_y15_64,edu_aggregate_total,2008,100
rou,sex_t,age_ythadult_y15_64,edu_aggregate_total,2009,100
rou,sex_t,age_ythadult_y15_64,edu_aggregate_total,2010,100
rou,sex_t,age_ythadult_y15_64,edu_aggregate_total,2011,100
rou,sex_t,age_ythadult_y15_64,edu_aggregate_total,2012,100
rou,sex_t,age_ythadult_y15_64,edu_aggregate_total,2013,100
rou,sex_t,age_ythadult_y15_64,edu_aggregate_total,2014,100
rou,sex_t,age_ythadult_y15_64,edu_aggregate_total,2015,100
rou,sex_t,age_ythadult_y15_64,edu_aggregate_total,2016,100
rou,sex_t,age_ythadult_y15_64,edu_aggregate_total,2017,100
rou,sex_t,age_ythadult_y15_64,edu_aggregate_total,2018,100
rou,sex_t,age_ythadult_y15_64,edu_aggregate_total,2019,100
rou,sex_t,age_ythadult_y15_64,edu_isced11_0,2014,0.2521
rou,sex_t,age_ythadult_y15_64,edu_isced11_0,2015,0.3363
rou,sex_t,age_ythadult_y15_64,edu_isced11_0,2016,0.2754
rou,sex_t,age_ythadult_y15_64,edu_isced11_0,2017,0.2988
rou,sex_t,age_ythadult_y15_64,edu_isced11_0,2018,0.3451
rou,sex_t,age_ythadult_y15_64,edu_isced11_0,2019,0.3234
rou,sex_t,age_ythadult_y15_64,edu_isced11_1,2014,2.0105
rou,sex_t,age_ythadult_y15_64,edu_isced11_1,2015,2.2263
rou,sex_t,age_ythadult_y15_64,edu_isced11_1,2016,2.0264
rou,sex_t,age_ythadult_y15_64,edu_isced11_1,2017,1.9275
rou,sex_t,age_ythadult_y15_64,edu_isced11_1,2018,1.8167
rou,sex_t,age_ythadult_y15_64,edu_isced11_1,2019,1.8689
rou,sex_t,age_ythadult_y15_64,edu_isced11_2,2014,20.4622
rou,sex_t,age_ythadult_y15_64,edu_isced11_2,2015,17.8477
rou,sex_t,age_ythadult_y15_64,edu_isced11_2,2016,16.3667
rou,sex_t,age_ythadult_y15_64,edu_isced11_2,2017,15.6995
rou,sex_t,age_ythadult_y15_64,edu_isced11_2,2018,15.1267
rou,sex_t,age_ythadult_y15_64,edu_isced11_2,2019,14.7315
rou,sex_t,age_ythadult_y15_64,edu_isced11_3,2014,54.4451
rou,sex_t,age_ythadult_y15_64,edu_isced11_3,2015,55.4018
rou,sex_t,age_ythadult_y15_64,edu_isced11_3,2016,57.0421
rou,sex_t,age_ythadult_y15_64,edu_isced11_3,2017,57.8215
rou,sex_t,age_ythadult_y15_64,edu_isced11_3,2018,58.4471
rou,sex_t,age_ythadult_y15_64,edu_isced11_3,2019,58.2608
rou,sex_t,age_ythadult_y15_64,edu_isced11_4,2014,3.6841
rou,sex_t,age_ythadult_y15_64,edu_isced11_4,2015,3.3489
rou,sex_t,age_ythadult_y15_64,edu_isced11_4,2016,3.1657
rou,sex_t,age_ythadult_y15_64,edu_isced11_4,2017,3.1539
rou,sex_t,age_ythadult_y15_64,edu_isced11_4,2018,3.1566
rou,sex_t,age_ythadult_y15_64,edu_isced11_4,2019,3.0802
rou,sex_t,age_ythadult_y15_64,edu_isced11_5,2014,0.662
rou,sex_t,age_ythadult_y15_64,edu_isced11_5,2015,0.512
rou,sex_t,age_ythadult_y15_64,edu_isced11_5,2016,0.459
rou,sex_t,age_ythadult_y15_64,edu_isced11_5,2017,0.4223
rou,sex_t,age_ythadult_y15_64,edu_isced11_5,2018,0.4081
rou,sex_t,age_ythadult_y15_64,edu_isced11_5,2019,0.6991
rou,sex_t,age_ythadult_y15_64,edu_isced11_6,2014,5.6955
rou,sex_t,age_ythadult_y15_64,edu_isced11_6,2015,5.2568
rou,sex_t,age_ythadult_y15_64,edu_isced11_6,2016,4.9973
rou,sex_t,age_ythadult_y15_64,edu_isced11_6,2017,5.2773
rou,sex_t,age_ythadult_y15_64,edu_isced11_6,2018,5.4257
rou,sex_t,age_ythadult_y15_64,edu_isced11_6,2019,5.7469
rou,sex_t,age_ythadult_y15_64,edu_isced11_7,2014,12.6771
rou,sex_t,age_ythadult_y15_64,edu_isced11_7,2015,14.9715
rou,sex_t,age_ythadult_y15_64,edu_isced11_7,2016,15.5509
rou,sex_t,age_ythadult_y15_64,edu_isced11_7,2017,15.2779
rou,sex_t,age_ythadult_y15_64,edu_isced11_7,2018,15.1586
rou,sex_t,age_ythadult_y15_64,edu_isced11_7,2019,15.1513
rou,sex_t,age_ythadult_y15_64,edu_isced11_8,2014,0.1114
rou,sex_t,age_ythadult_y15_64,edu_isced11_8,2015,0.0987
rou,sex_t,age_ythadult_y15_64,edu_isced11_8,2016,0.1166
rou,sex_t,age_ythadult_y15_64,edu_isced11_8,2017,0.1212
rou,sex_t,age_ythadult_y15_64,edu_isced11_8,2018,0.1155
rou,sex_t,age_ythadult_y15_64,edu_isced11_8,2019,0.138
rou,sex_t,age_ythadult_y15_64,edu_isced11_total,2014,100
rou,sex_t,age_ythadult_y15_64,edu_isced11_total,2015,100
rou,sex_t,age_ythadult_y15_64,edu_isced11_total,2016,100
rou,sex_t,age_ythadult_y15_64,edu_isced11_total,2017,100
rou,sex_t,age_ythadult_y15_64,edu_isced11_total,2018,100
rou,sex_t,age_ythadult_y15_64,edu_isced11_total,2019,100
rou,sex_t,age_ythadult_y15_64,edu_isced97_0,2001,0.8643
rou,sex_t,age_ythadult_y15_64,edu_isced97_0,2002,0.6077
rou,sex_t,age_ythadult_y15_64,edu_isced97_0,2003,0.6796
rou,sex_t,age_ythadult_y15_64,edu_isced97_0,2004,0.7475
rou,sex_t,age_ythadult_y15_64,edu_isced97_0,2005,0.6403
rou,sex_t,age_ythadult_y15_64,edu_isced97_0,2006,0.4888
rou,sex_t,age_ythadult_y15_64,edu_isced97_0,2007,0.5281
rou,sex_t,age_ythadult_y15_64,edu_isced97_0,2008,0.5463
rou,sex_t,age_ythadult_y15_64,edu_isced97_0,2009,0.4616
rou,sex_t,age_ythadult_y15_64,edu_isced97_0,2010,0.4004
rou,sex_t,age_ythadult_y15_64,edu_isced97_0,2011,0.257
rou,sex_t,age_ythadult_y15_64,edu_isced97_0,2012,0.2596
rou,sex_t,age_ythadult_y15_64,edu_isced97_0,2013,0.2902
rou,sex_t,age_ythadult_y15_64,edu_isced97_1,1998,10.264
rou,sex_t,age_ythadult_y15_64,edu_isced97_1,1999,9.9352
rou,sex_t,age_ythadult_y15_64,edu_isced97_1,2000,9.1419
rou,sex_t,age_ythadult_y15_64,edu_isced97_1,2001,7.3879
rou,sex_t,age_ythadult_y15_64,edu_isced97_1,2002,5.8901
rou,sex_t,age_ythadult_y15_64,edu_isced97_1,2003,5.4569
rou,sex_t,age_ythadult_y15_64,edu_isced97_1,2004,4.6815
rou,sex_t,age_ythadult_y15_64,edu_isced97_1,2005,4.2862
rou,sex_t,age_ythadult_y15_64,edu_isced97_1,2006,3.6579
rou,sex_t,age_ythadult_y15_64,edu_isced97_1,2007,3.3466
rou,sex_t,age_ythadult_y15_64,edu_isced97_1,2008,3.055
rou,sex_t,age_ythadult_y15_64,edu_isced97_1,2009,2.9894
rou,sex_t,age_ythadult_y15_64,edu_isced97_1,2010,2.928
rou,sex_t,age_ythadult_y15_64,edu_isced97_1,2011,2.2951
rou,sex_t,age_ythadult_y15_64,edu_isced97_1,2012,2.0913
rou,sex_t,age_ythadult_y15_64,edu_isced97_1,2013,2.049
rou,sex_t,age_ythadult_y15_64,edu_isced97_2,1998,19.8545
rou,sex_t,age_ythadult_y15_64,edu_isced97_2,1999,20.468
rou,sex_t,age_ythadult_y15_64,edu_isced97_2,2000,21.0088
rou,sex_t,age_ythadult_y15_64,edu_isced97_2,2001,20.2357
rou,sex_t,age_ythadult_y15_64,edu_isced97_2,2002,19.5545
rou,sex_t,age_ythadult_y15_64,edu_isced97_2,2003,20.7826
rou,sex_t,age_ythadult_y15_64,edu_isced97_2,2004,18.6249
rou,sex_t,age_ythadult_y15_64,edu_isced97_2,2005,18.0215
rou,sex_t,age_ythadult_y15_64,edu_isced97_2,2006,17.4306
rou,sex_t,age_ythadult_y15_64,edu_isced97_2,2007,17.3309
rou,sex_t,age_ythadult_y15_64,edu_isced97_2,2008,17.3137
rou,sex_t,age_ythadult_y15_64,edu_isced97_2,2009,18.1751
rou,sex_t,age_ythadult_y15_64,edu_isced97_2,2010,19.1556
rou,sex_t,age_ythadult_y15_64,edu_isced97_2,2011,18.113
rou,sex_t,age_ythadult_y15_64,edu_isced97_2,2012,18.0459
rou,sex_t,age_ythadult_y15_64,edu_isced97_2,2013,17.9353
rou,sex_t,age_ythadult_y15_64,edu_isced97_3,1998,60.737
rou,sex_t,age_ythadult_y15_64,edu_isced97_3,1999,60.332
rou,sex_t,age_ythadult_y15_64,edu_isced97_3,2000,60.2349
rou,sex_t,age_ythadult_y15_64,edu_isced97_3,2001,61.1188
rou,sex_t,age_ythadult_y15_64,edu_isced97_3,2002,57.5821
rou,sex_t,age_ythadult_y15_64,edu_isced97_3,2003,57.6276
rou,sex_t,age_ythadult_y15_64,edu_isced97_3,2004,58.438
rou,sex_t,age_ythadult_y15_64,edu_isced97_3,2005,58.8726
rou,sex_t,age_ythadult_y15_64,edu_isced97_3,2006,59.3055
rou,sex_t,age_ythadult_y15_64,edu_isced97_3,2007,59.6616
rou,sex_t,age_ythadult_y15_64,edu_isced97_3,2008,59.0927
rou,sex_t,age_ythadult_y15_64,edu_isced97_3,2009,57.7553
rou,sex_t,age_ythadult_y15_64,edu_isced97_3,2010,56.7308
rou,sex_t,age_ythadult_y15_64,edu_isced97_3,2011,57.086
rou,sex_t,age_ythadult_y15_64,edu_isced97_3,2012,57.1228
rou,sex_t,age_ythadult_y15_64,edu_isced97_3,2013,56.9588
rou,sex_t,age_ythadult_y15_64,edu_isced97_4,2002,5.072
rou,sex_t,age_ythadult_y15_64,edu_isced97_4,2003,4.3819
rou,sex_t,age_ythadult_y15_64,edu_isced97_4,2004,5.0646
rou,sex_t,age_ythadult_y15_64,edu_isced97_4,2005,4.9766
rou,sex_t,age_ythadult_y15_64,edu_isced97_4,2006,5.082
rou,sex_t,age_ythadult_y15_64,edu_isced97_4,2007,4.669
rou,sex_t,age_ythadult_y15_64,edu_isced97_4,2008,4.4848
rou,sex_t,age_ythadult_y15_64,edu_isced97_4,2009,4.4816
rou,sex_t,age_ythadult_y15_64,edu_isced97_4,2010,4.3268
rou,sex_t,age_ythadult_y15_64,edu_isced97_4,2011,4.2071
rou,sex_t,age_ythadult_y15_64,edu_isced97_4,2012,3.9927
rou,sex_t,age_ythadult_y15_64,edu_isced97_4,2013,3.7908
rou,sex_t,age_ythadult_y15_64,edu_isced97_5,1998,9.1446
rou,sex_t,age_ythadult_y15_64,edu_isced97_5,1999,9.2649
rou,sex_t,age_ythadult_y15_64,edu_isced97_5,2000,9.6145
rou,sex_t,age_ythadult_y15_64,edu_isced97_5,2001,10.3933
rou,sex_t,age_ythadult_y15_64,edu_isced97_5,2002,11.2176
rou,sex_t,age_ythadult_y15_64,edu_isced97_5,2003,11.0069
rou,sex_t,age_ythadult_y15_64,edu_isced97_5,2004,12.3151
rou,sex_t,age_ythadult_y15_64,edu_isced97_5,2005,13.0586
rou,sex_t,age_ythadult_y15_64,edu_isced97_5,2006,13.9157
rou,sex_t,age_ythadult_y15_64,edu_isced97_5,2007,14.3578
rou,sex_t,age_ythadult_y15_64,edu_isced97_5,2008,15.4085
rou,sex_t,age_ythadult_y15_64,edu_isced97_5,2009,16.0389
rou,sex_t,age_ythadult_y15_64,edu_isced97_5,2010,16.387
rou,sex_t,age_ythadult_y15_64,edu_isced97_5,2011,17.99
rou,sex_t,age_ythadult_y15_64,edu_isced97_5,2012,18.3888
rou,sex_t,age_ythadult_y15_64,edu_isced97_5,2013,18.8686
rou,sex_t,age_ythadult_y15_64,edu_isced97_6,2002,0.0759
rou,sex_t,age_ythadult_y15_64,edu_isced97_6,2003,0.0644
rou,sex_t,age_ythadult_y15_64,edu_isced97_6,2004,0.1284
rou,sex_t,age_ythadult_y15_64,edu_isced97_6,2005,0.1443
rou,sex_t,age_ythadult_y15_64,edu_isced97_6,2006,0.1196
rou,sex_t,age_ythadult_y15_64,edu_isced97_6,2007,0.106
rou,sex_t,age_ythadult_y15_64,edu_isced97_6,2008,0.099
rou,sex_t,age_ythadult_y15_64,edu_isced97_6,2009,0.098
rou,sex_t,age_ythadult_y15_64,edu_isced97_6,2011,0.0518
rou,sex_t,age_ythadult_y15_64,edu_isced97_6,2012,0.0989
rou,sex_t,age_ythadult_y15_64,edu_isced97_6,2013,0.1073
rou,sex_t,age_ythadult_y15_64,edu_isced97_total,1998,100
rou,sex_t,age_ythadult_y15_64,edu_isced97_total,1999,100
rou,sex_t,age_ythadult_y15_64,edu_isced97_total,2000,100
rou,sex_t,age_ythadult_y15_64,edu_isced97_total,2001,100
rou,sex_t,age_ythadult_y15_64,edu_isced97_total,2002,100
rou,sex_t,age_ythadult_y15_64,edu_isced97_total,2003,100
rou,sex_t,age_ythadult_y15_64,edu_isced97_total,2004,100
rou,sex_t,age_ythadult_y15_64,edu_isced97_total,2005,100
rou,sex_t,age_ythadult_y15_64,edu_isced97_total,2006,100
rou,sex_t,age_ythadult_y15_64,edu_isced97_total,2007,100
rou,sex_t,age_ythadult_y15_64,edu_isced97_total,2008,100
rou,sex_t,age_ythadult_y15_64,edu_isced97_total,2009,100
rou,sex_t,age_ythadult_y15_64,edu_isced97_total,2010,100
rou,sex_t,age_ythadult_y15_64,edu_isced97_total,2011,100
rou,sex_t,age_ythadult_y15_64,edu_isced97_total,2012,100
rou,sex_t,age_ythadult_y15_64,edu_isced97_total,2013,100
rou,sex_t,age_ythadult_yge15,edu_aggregate_adv,1997,13.1935
rou,sex_t,age_ythadult_yge15,edu_aggregate_adv,1998,8.3352
rou,sex_t,age_ythadult_yge15,edu_aggregate_adv,1999,8.4027
rou,sex_t,age_ythadult_yge15,edu_aggregate_adv,2000,8.7126
rou,sex_t,age_ythadult_yge15,edu_aggregate_adv,2001,9.357
rou,sex_t,age_ythadult_yge15,edu_aggregate_adv,2002,10.4294
rou,sex_t,age_ythadult_yge15,edu_aggregate_adv,2003,10.4365
rou,sex_t,age_ythadult_yge15,edu_aggregate_adv,2004,11.8621
rou,sex_t,age_ythadult_yge15,edu_aggregate_adv,2005,12.6187
rou,sex_t,age_ythadult_yge15,edu_aggregate_adv,2006,13.4771
rou,sex_t,age_ythadult_yge15,edu_aggregate_adv,2007,13.7932
rou,sex_t,age_ythadult_yge15,edu_aggregate_adv,2008,14.7946
rou,sex_t,age_ythadult_yge15,edu_aggregate_adv,2009,15.4503
rou,sex_t,age_ythadult_yge15,edu_aggregate_adv,2010,15.7689
rou,sex_t,age_ythadult_yge15,edu_aggregate_adv,2011,17.3049
rou,sex_t,age_ythadult_yge15,edu_aggregate_adv,2012,17.7502
rou,sex_t,age_ythadult_yge15,edu_aggregate_adv,2013,18.2505
rou,sex_t,age_ythadult_yge15,edu_aggregate_adv,2014,18.4425
rou,sex_t,age_ythadult_yge15,edu_aggregate_adv,2015,20.202
rou,sex_t,age_ythadult_yge15,edu_aggregate_adv,2016,20.5461
rou,sex_t,age_ythadult_yge15,edu_aggregate_adv,2017,20.507
rou,sex_t,age_ythadult_yge15,edu_aggregate_adv,2018,20.5112
rou,sex_t,age_ythadult_yge15,edu_aggregate_adv,2019,21.1949
rou,sex_t,age_ythadult_yge15,edu_aggregate_bas,1997,36.5596
rou,sex_t,age_ythadult_yge15,edu_aggregate_bas,1998,36.4624
rou,sex_t,age_ythadult_yge15,edu_aggregate_bas,1999,37.1267
rou,sex_t,age_ythadult_yge15,edu_aggregate_bas,2000,36.8422
rou,sex_t,age_ythadult_yge15,edu_aggregate_bas,2001,33.8095
rou,sex_t,age_ythadult_yge15,edu_aggregate_bas,2002,30.3737
rou,sex_t,age_ythadult_yge15,edu_aggregate_bas,2003,30.0757
rou,sex_t,age_ythadult_yge15,edu_aggregate_bas,2004,26.5343
rou,sex_t,age_ythadult_yge15,edu_aggregate_bas,2005,25.4612
rou,sex_t,age_ythadult_yge15,edu_aggregate_bas,2006,24.1273
rou,sex_t,age_ythadult_yge15,edu_aggregate_bas,2007,24.1133
rou,sex_t,age_ythadult_yge15,edu_aggregate_bas,2008,23.7928
rou,sex_t,age_ythadult_yge15,edu_aggregate_bas,2009,24.3012
rou,sex_t,age_ythadult_yge15,edu_aggregate_bas,2010,25.0366
rou,sex_t,age_ythadult_yge15,edu_aggregate_bas,2011,23.3765
rou,sex_t,age_ythadult_yge15,edu_aggregate_bas,2012,22.9706
rou,sex_t,age_ythadult_yge15,edu_aggregate_bas,2013,22.7171
rou,sex_t,age_ythadult_yge15,edu_aggregate_bas,2014,24.982
rou,sex_t,age_ythadult_yge15,edu_aggregate_bas,2015,22.0849
rou,sex_t,age_ythadult_yge15,edu_aggregate_bas,2016,20.1752
rou,sex_t,age_ythadult_yge15,edu_aggregate_bas,2017,19.3737
rou,sex_t,age_ythadult_yge15,edu_aggregate_bas,2018,18.6372
rou,sex_t,age_ythadult_yge15,edu_aggregate_bas,2019,17.995
rou,sex_t,age_ythadult_yge15,edu_aggregate_int,1997,50.2478
rou,sex_t,age_ythadult_yge15,edu_aggregate_int,1998,55.2024
rou,sex_t,age_ythadult_yge15,edu_aggregate_int,1999,54.4706
rou,sex_t,age_ythadult_yge15,edu_aggregate_int,2000,54.4453
rou,sex_t,age_ythadult_yge15,edu_aggregate_int,2001,55.1723
rou,sex_t,age_ythadult_yge15,edu_aggregate_int,2002,57.8668
rou,sex_t,age_ythadult_yge15,edu_aggregate_int,2003,58.3804
rou,sex_t,age_ythadult_yge15,edu_aggregate_int,2004,60.5092
rou,sex_t,age_ythadult_yge15,edu_aggregate_int,2005,60.9776
rou,sex_t,age_ythadult_yge15,edu_aggregate_int,2006,61.6672
rou,sex_t,age_ythadult_yge15,edu_aggregate_int,2007,61.3462
rou,sex_t,age_ythadult_yge15,edu_aggregate_int,2008,60.6944
rou,sex_t,age_ythadult_yge15,edu_aggregate_int,2009,59.6744
rou,sex_t,age_ythadult_yge15,edu_aggregate_int,2010,58.6677
rou,sex_t,age_ythadult_yge15,edu_aggregate_int,2011,58.9516
rou,sex_t,age_ythadult_yge15,edu_aggregate_int,2012,58.9489
rou,sex_t,age_ythadult_yge15,edu_aggregate_int,2013,58.6903
rou,sex_t,age_ythadult_yge15,edu_aggregate_int,2014,56.2871
rou,sex_t,age_ythadult_yge15,edu_aggregate_int,2015,57.362
rou,sex_t,age_ythadult_yge15,edu_aggregate_int,2016,58.9914
rou,sex_t,age_ythadult_yge15,edu_aggregate_int,2017,59.8157
rou,sex_t,age_ythadult_yge15,edu_aggregate_int,2018,60.4965
rou,sex_t,age_ythadult_yge15,edu_aggregate_int,2019,60.476
rou,sex_t,age_ythadult_yge15,edu_aggregate_ltb,2001,1.6612
rou,sex_t,age_ythadult_yge15,edu_aggregate_ltb,2002,1.3301
rou,sex_t,age_ythadult_yge15,edu_aggregate_ltb,2003,1.1074
rou,sex_t,age_ythadult_yge15,edu_aggregate_ltb,2004,1.0944
rou,sex_t,age_ythadult_yge15,edu_aggregate_ltb,2005,0.9426
rou,sex_t,age_ythadult_yge15,edu_aggregate_ltb,2006,0.7285
rou,sex_t,age_ythadult_yge15,edu_aggregate_ltb,2007,0.7472
rou,sex_t,age_ythadult_yge15,edu_aggregate_ltb,2008,0.7182
rou,sex_t,age_ythadult_yge15,edu_aggregate_ltb,2009,0.5741
rou,sex_t,age_ythadult_yge15,edu_aggregate_ltb,2010,0.5268
rou,sex_t,age_ythadult_yge15,edu_aggregate_ltb,2011,0.3671
rou,sex_t,age_ythadult_yge15,edu_aggregate_ltb,2012,0.3303
rou,sex_t,age_ythadult_yge15,edu_aggregate_ltb,2013,0.3421
rou,sex_t,age_ythadult_yge15,edu_aggregate_ltb,2014,0.2884
rou,sex_t,age_ythadult_yge15,edu_aggregate_ltb,2015,0.3511
rou,sex_t,age_ythadult_yge15,edu_aggregate_ltb,2016,0.2873
rou,sex_t,age_ythadult_yge15,edu_aggregate_ltb,2017,0.3036
rou,sex_t,age_ythadult_yge15,edu_aggregate_ltb,2018,0.355
rou,sex_t,age_ythadult_yge15,edu_aggregate_ltb,2019,0.3341
rou,sex_t,age_ythadult_yge15,edu_aggregate_total,1997,100
rou,sex_t,age_ythadult_yge15,edu_aggregate_total,1998,100
rou,sex_t,age_ythadult_yge15,edu_aggregate_total,1999,100
rou,sex_t,age_ythadult_yge15,edu_aggregate_total,2000,100
rou,sex_t,age_ythadult_yge15,edu_aggregate_total,2001,100
rou,sex_t,age_ythadult_yge15,edu_aggregate_total,2002,100
rou,sex_t,age_ythadult_yge15,edu_aggregate_total,2003,100
rou,sex_t,age_ythadult_yge15,edu_aggregate_total,2004,100
rou,sex_t,age_ythadult_yge15,edu_aggregate_total,2005,100
rou,sex_t,age_ythadult_yge15,edu_aggregate_total,2006,100
rou,sex_t,age_ythadult_yge15,edu_aggregate_total,2007,100
rou,sex_t,age_ythadult_yge15,edu_aggregate_total,2008,100
rou,sex_t,age_ythadult_yge15,edu_aggregate_total,2009,100
rou,sex_t,age_ythadult_yge15,edu_aggregate_total,2010,100
rou,sex_t,age_ythadult_yge15,edu_aggregate_total,2011,100
rou,sex_t,age_ythadult_yge15,edu_aggregate_total,2012,100
rou,sex_t,age_ythadult_yge15,edu_aggregate_total,2013,100
rou,sex_t,age_ythadult_yge15,edu_aggregate_total,2014,100
rou,sex_t,age_ythadult_yge15,edu_aggregate_total,2015,100
rou,sex_t,age_ythadult_yge15,edu_aggregate_total,2016,100
rou,sex_t,age_ythadult_yge15,edu_aggregate_total,2017,100
rou,sex_t,age_ythadult_yge15,edu_aggregate_total,2018,100
rou,sex_t,age_ythadult_yge15,edu_aggregate_total,2019,100
rou,sex_t,age_ythadult_yge15,edu_isced11_0,2014,0.2884
rou,sex_t,age_ythadult_yge15,edu_isced11_0,2015,0.3511
rou,sex_t,age_ythadult_yge15,edu_isced11_0,2016,0.2873
rou,sex_t,age_ythadult_yge15,edu_isced11_0,2017,0.3036
rou,sex_t,age_ythadult_yge15,edu_isced11_0,2018,0.355
rou,sex_t,age_ythadult_yge15,edu_isced11_0,2019,0.3341
rou,sex_t,age_ythadult_yge15,edu_isced11_1,2014,3.2601
rou,sex_t,age_ythadult_yge15,edu_isced11_1,2015,3.1006
rou,sex_t,age_ythadult_yge15,edu_isced11_1,2016,2.691
rou,sex_t,age_ythadult_yge15,edu_isced11_1,2017,2.4847
rou,sex_t,age_ythadult_yge15,edu_isced11_1,2018,2.3574
rou,sex_t,age_ythadult_yge15,edu_isced11_1,2019,2.2988
rou,sex_t,age_ythadult_yge15,edu_isced11_2,2014,21.7219
rou,sex_t,age_ythadult_yge15,edu_isced11_2,2015,18.9843
rou,sex_t,age_ythadult_yge15,edu_isced11_2,2016,17.4842
rou,sex_t,age_ythadult_yge15,edu_isced11_2,2017,16.889
rou,sex_t,age_ythadult_yge15,edu_isced11_2,2018,16.2798
rou,sex_t,age_ythadult_yge15,edu_isced11_2,2019,15.6962
rou,sex_t,age_ythadult_yge15,edu_isced11_3,2014,52.6971
rou,sex_t,age_ythadult_yge15,edu_isced11_3,2015,54.0753
rou,sex_t,age_ythadult_yge15,edu_isced11_3,2016,55.8775
rou,sex_t,age_ythadult_yge15,edu_isced11_3,2017,56.7098
rou,sex_t,age_ythadult_yge15,edu_isced11_3,2018,57.3808
rou,sex_t,age_ythadult_yge15,edu_isced11_3,2019,57.4289
rou,sex_t,age_ythadult_yge15,edu_isced11_4,2014,3.5901
rou,sex_t,age_ythadult_yge15,edu_isced11_4,2015,3.2867
rou,sex_t,age_ythadult_yge15,edu_isced11_4,2016,3.1139
rou,sex_t,age_ythadult_yge15,edu_isced11_4,2017,3.1059
rou,sex_t,age_ythadult_yge15,edu_isced11_4,2018,3.1158
rou,sex_t,age_ythadult_yge15,edu_isced11_4,2019,3.0471
rou,sex_t,age_ythadult_yge15,edu_isced11_5,2014,0.6402
rou,sex_t,age_ythadult_yge15,edu_isced11_5,2015,0.4995
rou,sex_t,age_ythadult_yge15,edu_isced11_5,2016,0.4616
rou,sex_t,age_ythadult_yge15,edu_isced11_5,2017,0.4201
rou,sex_t,age_ythadult_yge15,edu_isced11_5,2018,0.3995
rou,sex_t,age_ythadult_yge15,edu_isced11_5,2019,0.6806
rou,sex_t,age_ythadult_yge15,edu_isced11_6,2014,5.4805
rou,sex_t,age_ythadult_yge15,edu_isced11_6,2015,5.0754
rou,sex_t,age_ythadult_yge15,edu_isced11_6,2016,4.8365
rou,sex_t,age_ythadult_yge15,edu_isced11_6,2017,5.0902
rou,sex_t,age_ythadult_yge15,edu_isced11_6,2018,5.2351
rou,sex_t,age_ythadult_yge15,edu_isced11_6,2019,5.569
rou,sex_t,age_ythadult_yge15,edu_isced11_7,2014,12.213
rou,sex_t,age_ythadult_yge15,edu_isced11_7,2015,14.5273
rou,sex_t,age_ythadult_yge15,edu_isced11_7,2016,15.131
rou,sex_t,age_ythadult_yge15,edu_isced11_7,2017,14.8741
rou,sex_t,age_ythadult_yge15,edu_isced11_7,2018,14.7558
rou,sex_t,age_ythadult_yge15,edu_isced11_7,2019,14.8054
rou,sex_t,age_ythadult_yge15,edu_isced11_8,2014,0.1087
rou,sex_t,age_ythadult_yge15,edu_isced11_8,2015,0.0998
rou,sex_t,age_ythadult_yge15,edu_isced11_8,2016,0.1169
rou,sex_t,age_ythadult_yge15,edu_isced11_8,2017,0.1225
rou,sex_t,age_ythadult_yge15,edu_isced11_8,2018,0.1208
rou,sex_t,age_ythadult_yge15,edu_isced11_8,2019,0.1399
rou,sex_t,age_ythadult_yge15,edu_isced11_total,2014,100
rou,sex_t,age_ythadult_yge15,edu_isced11_total,2015,100
rou,sex_t,age_ythadult_yge15,edu_isced11_total,2016,100
rou,sex_t,age_ythadult_yge15,edu_isced11_total,2017,100
rou,sex_t,age_ythadult_yge15,edu_isced11_total,2018,100
rou,sex_t,age_ythadult_yge15,edu_isced11_total,2019,100
rou,sex_t,age_ythadult_yge15,edu_isced97_0,2001,1.6612
rou,sex_t,age_ythadult_yge15,edu_isced97_0,2002,1.3301
rou,sex_t,age_ythadult_yge15,edu_isced97_0,2003,1.1074
rou,sex_t,age_ythadult_yge15,edu_isced97_0,2004,1.0944
rou,sex_t,age_ythadult_yge15,edu_isced97_0,2005,0.9426
rou,sex_t,age_ythadult_yge15,edu_isced97_0,2006,0.7285
rou,sex_t,age_ythadult_yge15,edu_isced97_0,2007,0.7472
rou,sex_t,age_ythadult_yge15,edu_isced97_0,2008,0.7182
rou,sex_t,age_ythadult_yge15,edu_isced97_0,2009,0.5741
rou,sex_t,age_ythadult_yge15,edu_isced97_0,2010,0.5268
rou,sex_t,age_ythadult_yge15,edu_isced97_0,2011,0.3671
rou,sex_t,age_ythadult_yge15,edu_isced97_0,2012,0.3303
rou,sex_t,age_ythadult_yge15,edu_isced97_0,2013,0.3421
rou,sex_t,age_ythadult_yge15,edu_isced97_1,1998,15.9307
rou,sex_t,age_ythadult_yge15,edu_isced97_1,1999,15.8836
rou,sex_t,age_ythadult_yge15,edu_isced97_1,2000,15.1038
rou,sex_t,age_ythadult_yge15,edu_isced97_1,2001,12.7488
rou,sex_t,age_ythadult_yge15,edu_isced97_1,2002,10.1527
rou,sex_t,age_ythadult_yge15,edu_isced97_1,2003,8.6617
rou,sex_t,age_ythadult_yge15,edu_isced97_1,2004,7.4502
rou,sex_t,age_ythadult_yge15,edu_isced97_1,2005,6.8492
rou,sex_t,age_ythadult_yge15,edu_isced97_1,2006,5.9947
rou,sex_t,age_ythadult_yge15,edu_isced97_1,2007,5.8762
rou,sex_t,age_ythadult_yge15,edu_isced97_1,2008,5.5511
rou,sex_t,age_ythadult_yge15,edu_isced97_1,2009,5.2274
rou,sex_t,age_ythadult_yge15,edu_isced97_1,2010,4.9565
rou,sex_t,age_ythadult_yge15,edu_isced97_1,2011,4.2291
rou,sex_t,age_ythadult_yge15,edu_isced97_1,2012,3.8618
rou,sex_t,age_ythadult_yge15,edu_isced97_1,2013,3.601
rou,sex_t,age_ythadult_yge15,edu_isced97_2,1998,20.5317
rou,sex_t,age_ythadult_yge15,edu_isced97_2,1999,21.2431
rou,sex_t,age_ythadult_yge15,edu_isced97_2,2000,21.7383
rou,sex_t,age_ythadult_yge15,edu_isced97_2,2001,21.0606
rou,sex_t,age_ythadult_yge15,edu_isced97_2,2002,20.2209
rou,sex_t,age_ythadult_yge15,edu_isced97_2,2003,21.414
rou,sex_t,age_ythadult_yge15,edu_isced97_2,2004,19.0841
rou,sex_t,age_ythadult_yge15,edu_isced97_2,2005,18.612
rou,sex_t,age_ythadult_yge15,edu_isced97_2,2006,18.1326
rou,sex_t,age_ythadult_yge15,edu_isced97_2,2007,18.2371
rou,sex_t,age_ythadult_yge15,edu_isced97_2,2008,18.2417
rou,sex_t,age_ythadult_yge15,edu_isced97_2,2009,19.0737
rou,sex_t,age_ythadult_yge15,edu_isced97_2,2010,20.0801
rou,sex_t,age_ythadult_yge15,edu_isced97_2,2011,19.1473
rou,sex_t,age_ythadult_yge15,edu_isced97_2,2012,19.1088
rou,sex_t,age_ythadult_yge15,edu_isced97_2,2013,19.1161
rou,sex_t,age_ythadult_yge15,edu_isced97_3,1998,55.2024
rou,sex_t,age_ythadult_yge15,edu_isced97_3,1999,54.4706
rou,sex_t,age_ythadult_yge15,edu_isced97_3,2000,54.4453
rou,sex_t,age_ythadult_yge15,edu_isced97_3,2001,55.1723
rou,sex_t,age_ythadult_yge15,edu_isced97_3,2002,53.1801
rou,sex_t,age_ythadult_yge15,edu_isced97_3,2003,54.242
rou,sex_t,age_ythadult_yge15,edu_isced97_3,2004,55.6707
rou,sex_t,age_ythadult_yge15,edu_isced97_3,2005,56.2096
rou,sex_t,age_ythadult_yge15,edu_isced97_3,2006,56.7783
rou,sex_t,age_ythadult_yge15,edu_isced97_3,2007,56.8582
rou,sex_t,age_ythadult_yge15,edu_isced97_3,2008,56.4031
rou,sex_t,age_ythadult_yge15,edu_isced97_3,2009,55.3645
rou,sex_t,age_ythadult_yge15,edu_isced97_3,2010,54.4946
rou,sex_t,age_ythadult_yge15,edu_isced97_3,2011,54.8898
rou,sex_t,age_ythadult_yge15,edu_isced97_3,2012,55.0642
rou,sex_t,age_ythadult_yge15,edu_isced97_3,2013,54.9943
rou,sex_t,age_ythadult_yge15,edu_isced97_4,2002,4.6867
rou,sex_t,age_ythadult_yge15,edu_isced97_4,2003,4.1384
rou,sex_t,age_ythadult_yge15,edu_isced97_4,2004,4.8385
rou,sex_t,age_ythadult_yge15,edu_isced97_4,2005,4.768
rou,sex_t,age_ythadult_yge15,edu_isced97_4,2006,4.8889
rou,sex_t,age_ythadult_yge15,edu_isced97_4,2007,4.488
rou,sex_t,age_ythadult_yge15,edu_isced97_4,2008,4.2913
rou,sex_t,age_ythadult_yge15,edu_isced97_4,2009,4.3099
rou,sex_t,age_ythadult_yge15,edu_isced97_4,2010,4.1732
rou,sex_t,age_ythadult_yge15,edu_isced97_4,2011,4.0618
rou,sex_t,age_ythadult_yge15,edu_isced97_4,2012,3.8847
rou,sex_t,age_ythadult_yge15,edu_isced97_4,2013,3.696
rou,sex_t,age_ythadult_yge15,edu_isced97_5,1998,8.3352
rou,sex_t,age_ythadult_yge15,edu_isced97_5,1999,8.4027
rou,sex_t,age_ythadult_yge15,edu_isced97_5,2000,8.7126
rou,sex_t,age_ythadult_yge15,edu_isced97_5,2001,9.357
rou,sex_t,age_ythadult_yge15,edu_isced97_5,2002,10.3468
rou,sex_t,age_ythadult_yge15,edu_isced97_5,2003,10.3762
rou,sex_t,age_ythadult_yge15,edu_isced97_5,2004,11.7288
rou,sex_t,age_ythadult_yge15,edu_isced97_5,2005,12.4761
rou,sex_t,age_ythadult_yge15,edu_isced97_5,2006,13.3597
rou,sex_t,age_ythadult_yge15,edu_isced97_5,2007,13.6877
rou,sex_t,age_ythadult_yge15,edu_isced97_5,2008,14.6989
rou,sex_t,age_ythadult_yge15,edu_isced97_5,2009,15.3512
rou,sex_t,age_ythadult_yge15,edu_isced97_5,2010,15.6992
rou,sex_t,age_ythadult_yge15,edu_isced97_5,2011,17.2538
rou,sex_t,age_ythadult_yge15,edu_isced97_5,2012,17.652
rou,sex_t,age_ythadult_yge15,edu_isced97_5,2013,18.1455
rou,sex_t,age_ythadult_yge15,edu_isced97_6,2002,0.0826
rou,sex_t,age_ythadult_yge15,edu_isced97_6,2003,0.0603
rou,sex_t,age_ythadult_yge15,edu_isced97_6,2004,0.1332
rou,sex_t,age_ythadult_yge15,edu_isced97_6,2005,0.1425
rou,sex_t,age_ythadult_yge15,edu_isced97_6,2006,0.1173
rou,sex_t,age_ythadult_yge15,edu_isced97_6,2007,0.1055
rou,sex_t,age_ythadult_yge15,edu_isced97_6,2008,0.0957
rou,sex_t,age_ythadult_yge15,edu_isced97_6,2009,0.0991
rou,sex_t,age_ythadult_yge15,edu_isced97_6,2011,0.0511
rou,sex_t,age_ythadult_yge15,edu_isced97_6,2012,0.0982
rou,sex_t,age_ythadult_yge15,edu_isced97_6,2013,0.105
rou,sex_t,age_ythadult_yge15,edu_isced97_total,1998,100
rou,sex_t,age_ythadult_yge15,edu_isced97_total,1999,100
rou,sex_t,age_ythadult_yge15,edu_isced97_total,2000,100
rou,sex_t,age_ythadult_yge15,edu_isced97_total,2001,100
rou,sex_t,age_ythadult_yge15,edu_isced97_total,2002,100
rou,sex_t,age_ythadult_yge15,edu_isced97_total,2003,100
rou,sex_t,age_ythadult_yge15,edu_isced97_total,2004,100
rou,sex_t,age_ythadult_yge15,edu_isced97_total,2005,100
rou,sex_t,age_ythadult_yge15,edu_isced97_total,2006,100
rou,sex_t,age_ythadult_yge15,edu_isced97_total,2007,100
rou,sex_t,age_ythadult_yge15,edu_isced97_total,2008,100
rou,sex_t,age_ythadult_yge15,edu_isced97_total,2009,100
rou,sex_t,age_ythadult_yge15,edu_isced97_total,2010,100
rou,sex_t,age_ythadult_yge15,edu_isced97_total,2011,100
rou,sex_t,age_ythadult_yge15,edu_isced97_total,2012,100
rou,sex_t,age_ythadult_yge15,edu_isced97_total,2013,100
rou,sex_t,age_ythadult_yge25,edu_aggregate_adv,1997,14.5257
rou,sex_t,age_ythadult_yge25,edu_aggregate_adv,1998,9.1908
rou,sex_t,age_ythadult_yge25,edu_aggregate_adv,1999,9.1654
rou,sex_t,age_ythadult_yge25,edu_aggregate_adv,2000,9.4644
rou,sex_t,age_ythadult_yge25,edu_aggregate_adv,2001,10.1563
rou,sex_t,age_ythadult_yge25,edu_aggregate_adv,2002,11.2547
rou,sex_t,age_ythadult_yge25,edu_aggregate_adv,2003,11.1395
rou,sex_t,age_ythadult_yge25,edu_aggregate_adv,2004,12.5734
rou,sex_t,age_ythadult_yge25,edu_aggregate_adv,2005,13.4021
rou,sex_t,age_ythadult_yge25,edu_aggregate_adv,2006,14.2856
rou,sex_t,age_ythadult_yge25,edu_aggregate_adv,2007,14.5473
rou,sex_t,age_ythadult_yge25,edu_aggregate_adv,2008,15.5623
rou,sex_t,age_ythadult_yge25,edu_aggregate_adv,2009,16.1224
rou,sex_t,age_ythadult_yge25,edu_aggregate_adv,2010,16.3653
rou,sex_t,age_ythadult_yge25,edu_aggregate_adv,2011,17.888
rou,sex_t,age_ythadult_yge25,edu_aggregate_adv,2012,18.3472
rou,sex_t,age_ythadult_yge25,edu_aggregate_adv,2013,18.8619
rou,sex_t,age_ythadult_yge25,edu_aggregate_adv,2014,19.0497
rou,sex_t,age_ythadult_yge25,edu_aggregate_adv,2015,21.0129
rou,sex_t,age_ythadult_yge25,edu_aggregate_adv,2016,21.3966
rou,sex_t,age_ythadult_yge25,edu_aggregate_adv,2017,21.2586
rou,sex_t,age_ythadult_yge25,edu_aggregate_adv,2018,21.3196
rou,sex_t,age_ythadult_yge25,edu_aggregate_adv,2019,22.024
rou,sex_t,age_ythadult_yge25,edu_aggregate_bas,1997,37.2033
rou,sex_t,age_ythadult_yge25,edu_aggregate_bas,1998,37.1047
rou,sex_t,age_ythadult_yge25,edu_aggregate_bas,1999,37.1142
rou,sex_t,age_ythadult_yge25,edu_aggregate_bas,2000,36.457
rou,sex_t,age_ythadult_yge25,edu_aggregate_bas,2001,33.3374
rou,sex_t,age_ythadult_yge25,edu_aggregate_bas,2002,29.2897
rou,sex_t,age_ythadult_yge25,edu_aggregate_bas,2003,28.9468
rou,sex_t,age_ythadult_yge25,edu_aggregate_bas,2004,25.4592
rou,sex_t,age_ythadult_yge25,edu_aggregate_bas,2005,24.4264
rou,sex_t,age_ythadult_yge25,edu_aggregate_bas,2006,23.1147
rou,sex_t,age_ythadult_yge25,edu_aggregate_bas,2007,23.1584
rou,sex_t,age_ythadult_yge25,edu_aggregate_bas,2008,23.1027
rou,sex_t,age_ythadult_yge25,edu_aggregate_bas,2009,23.6203
rou,sex_t,age_ythadult_yge25,edu_aggregate_bas,2010,24.25
rou,sex_t,age_ythadult_yge25,edu_aggregate_bas,2011,22.7037
rou,sex_t,age_ythadult_yge25,edu_aggregate_bas,2012,22.1916
rou,sex_t,age_ythadult_yge25,edu_aggregate_bas,2013,22.0092
rou,sex_t,age_ythadult_yge25,edu_aggregate_bas,2014,24.4122
rou,sex_t,age_ythadult_yge25,edu_aggregate_bas,2015,21.4218
rou,sex_t,age_ythadult_yge25,edu_aggregate_bas,2016,19.3908
rou,sex_t,age_ythadult_yge25,edu_aggregate_bas,2017,18.5369
rou,sex_t,age_ythadult_yge25,edu_aggregate_bas,2018,17.9698
rou,sex_t,age_ythadult_yge25,edu_aggregate_bas,2019,17.4326
rou,sex_t,age_ythadult_yge25,edu_aggregate_int,1997,48.27
rou,sex_t,age_ythadult_yge25,edu_aggregate_int,1998,53.7045
rou,sex_t,age_ythadult_yge25,edu_aggregate_int,1999,53.7203
rou,sex_t,age_ythadult_yge25,edu_aggregate_int,2000,54.0786
rou,sex_t,age_ythadult_yge25,edu_aggregate_int,2001,54.8215
rou,sex_t,age_ythadult_yge25,edu_aggregate_int,2002,58.0209
rou,sex_t,age_ythadult_yge25,edu_aggregate_int,2003,58.8609
rou,sex_t,age_ythadult_yge25,edu_aggregate_int,2004,60.9523
rou,sex_t,age_ythadult_yge25,edu_aggregate_int,2005,61.2778
rou,sex_t,age_ythadult_yge25,edu_aggregate_int,2006,61.898
rou,sex_t,age_ythadult_yge25,edu_aggregate_int,2007,61.5765
rou,sex_t,age_ythadult_yge25,edu_aggregate_int,2008,60.6717
rou,sex_t,age_ythadult_yge25,edu_aggregate_int,2009,59.7231
rou,sex_t,age_ythadult_yge25,edu_aggregate_int,2010,58.8824
rou,sex_t,age_ythadult_yge25,edu_aggregate_int,2011,59.0756
rou,sex_t,age_ythadult_yge25,edu_aggregate_int,2012,59.1488
rou,sex_t,age_ythadult_yge25,edu_aggregate_int,2013,58.8062
rou,sex_t,age_ythadult_yge25,edu_aggregate_int,2014,56.2485
rou,sex_t,age_ythadult_yge25,edu_aggregate_int,2015,57.2471
rou,sex_t,age_ythadult_yge25,edu_aggregate_int,2016,58.9512
rou,sex_t,age_ythadult_yge25,edu_aggregate_int,2017,59.912
rou,sex_t,age_ythadult_yge25,edu_aggregate_int,2018,60.358
rou,sex_t,age_ythadult_yge25,edu_aggregate_int,2019,60.224
rou,sex_t,age_ythadult_yge25,edu_aggregate_ltb,2001,1.6848
rou,sex_t,age_ythadult_yge25,edu_aggregate_ltb,2002,1.4347
rou,sex_t,age_ythadult_yge25,edu_aggregate_ltb,2003,1.0528
rou,sex_t,age_ythadult_yge25,edu_aggregate_ltb,2004,1.0151
rou,sex_t,age_ythadult_yge25,edu_aggregate_ltb,2005,0.8937
rou,sex_t,age_ythadult_yge25,edu_aggregate_ltb,2006,0.7017
rou,sex_t,age_ythadult_yge25,edu_aggregate_ltb,2007,0.7179
rou,sex_t,age_ythadult_yge25,edu_aggregate_ltb,2008,0.6633
rou,sex_t,age_ythadult_yge25,edu_aggregate_ltb,2009,0.5342
rou,sex_t,age_ythadult_yge25,edu_aggregate_ltb,2010,0.5023
rou,sex_t,age_ythadult_yge25,edu_aggregate_ltb,2011,0.3327
rou,sex_t,age_ythadult_yge25,edu_aggregate_ltb,2012,0.3125
rou,sex_t,age_ythadult_yge25,edu_aggregate_ltb,2013,0.3227
rou,sex_t,age_ythadult_yge25,edu_aggregate_ltb,2014,0.2895
rou,sex_t,age_ythadult_yge25,edu_aggregate_ltb,2015,0.3181
rou,sex_t,age_ythadult_yge25,edu_aggregate_ltb,2016,0.2614
rou,sex_t,age_ythadult_yge25,edu_aggregate_ltb,2017,0.2925
rou,sex_t,age_ythadult_yge25,edu_aggregate_ltb,2018,0.3526
rou,sex_t,age_ythadult_yge25,edu_aggregate_ltb,2019,0.3193
rou,sex_t,age_ythadult_yge25,edu_aggregate_total,1997,100
rou,sex_t,age_ythadult_yge25,edu_aggregate_total,1998,100
rou,sex_t,age_ythadult_yge25,edu_aggregate_total,1999,100
rou,sex_t,age_ythadult_yge25,edu_aggregate_total,2000,100
rou,sex_t,age_ythadult_yge25,edu_aggregate_total,2001,100
rou,sex_t,age_ythadult_yge25,edu_aggregate_total,2002,100
rou,sex_t,age_ythadult_yge25,edu_aggregate_total,2003,100
rou,sex_t,age_ythadult_yge25,edu_aggregate_total,2004,100
rou,sex_t,age_ythadult_yge25,edu_aggregate_total,2005,100
rou,sex_t,age_ythadult_yge25,edu_aggregate_total,2006,100
rou,sex_t,age_ythadult_yge25,edu_aggregate_total,2007,100
rou,sex_t,age_ythadult_yge25,edu_aggregate_total,2008,100
rou,sex_t,age_ythadult_yge25,edu_aggregate_total,2009,100
rou,sex_t,age_ythadult_yge25,edu_aggregate_total,2010,100
rou,sex_t,age_ythadult_yge25,edu_aggregate_total,2011,100
rou,sex_t,age_ythadult_yge25,edu_aggregate_total,2012,100
rou,sex_t,age_ythadult_yge25,edu_aggregate_total,2013,100
rou,sex_t,age_ythadult_yge25,edu_aggregate_total,2014,100
rou,sex_t,age_ythadult_yge25,edu_aggregate_total,2015,100
rou,sex_t,age_ythadult_yge25,edu_aggregate_total,2016,100
rou,sex_t,age_ythadult_yge25,edu_aggregate_total,2017,100
rou,sex_t,age_ythadult_yge25,edu_aggregate_total,2018,100
rou,sex_t,age_ythadult_yge25,edu_aggregate_total,2019,100
rou,sex_t,age_ythadult_yge25,edu_isced11_0,2014,0.2895
rou,sex_t,age_ythadult_yge25,edu_isced11_0,2015,0.3181
rou,sex_t,age_ythadult_yge25,edu_isced11_0,2016,0.2614
rou,sex_t,age_ythadult_yge25,edu_isced11_0,2017,0.2925
rou,sex_t,age_ythadult_yge25,edu_isced11_0,2018,0.3526
rou,sex_t,age_ythadult_yge25,edu_isced11_0,2019,0.3193
rou,sex_t,age_ythadult_yge25,edu_isced11_1,2014,3.2414
rou,sex_t,age_ythadult_yge25,edu_isced11_1,2015,3.0592
rou,sex_t,age_ythadult_yge25,edu_isced11_1,2016,2.5586
rou,sex_t,age_ythadult_yge25,edu_isced11_1,2017,2.3095
rou,sex_t,age_ythadult_yge25,edu_isced11_1,2018,2.2612
rou,sex_t,age_ythadult_yge25,edu_isced11_1,2019,2.259
rou,sex_t,age_ythadult_yge25,edu_isced11_2,2014,21.1708
rou,sex_t,age_ythadult_yge25,edu_isced11_2,2015,18.3626
rou,sex_t,age_ythadult_yge25,edu_isced11_2,2016,16.8322
rou,sex_t,age_ythadult_yge25,edu_isced11_2,2017,16.2273
rou,sex_t,age_ythadult_yge25,edu_isced11_2,2018,15.7086
rou,sex_t,age_ythadult_yge25,edu_isced11_2,2019,15.1737
rou,sex_t,age_ythadult_yge25,edu_isced11_3,2014,52.5206
rou,sex_t,age_ythadult_yge25,edu_isced11_3,2015,53.8475
rou,sex_t,age_ythadult_yge25,edu_isced11_3,2016,55.7353
rou,sex_t,age_ythadult_yge25,edu_isced11_3,2017,56.6966
rou,sex_t,age_ythadult_yge25,edu_isced11_3,2018,57.1247
rou,sex_t,age_ythadult_yge25,edu_isced11_3,2019,57.0934
rou,sex_t,age_ythadult_yge25,edu_isced11_4,2014,3.7279
rou,sex_t,age_ythadult_yge25,edu_isced11_4,2015,3.3996
rou,sex_t,age_ythadult_yge25,edu_isced11_4,2016,3.216
rou,sex_t,age_ythadult_yge25,edu_isced11_4,2017,3.2154
rou,sex_t,age_ythadult_yge25,edu_isced11_4,2018,3.2333
rou,sex_t,age_ythadult_yge25,edu_isced11_4,2019,3.1307
rou,sex_t,age_ythadult_yge25,edu_isced11_5,2014,0.6789
rou,sex_t,age_ythadult_yge25,edu_isced11_5,2015,0.5317
rou,sex_t,age_ythadult_yge25,edu_isced11_5,2016,0.4889
rou,sex_t,age_ythadult_yge25,edu_isced11_5,2017,0.4449
rou,sex_t,age_ythadult_yge25,edu_isced11_5,2018,0.4189
rou,sex_t,age_ythadult_yge25,edu_isced11_5,2019,0.7144
rou,sex_t,age_ythadult_yge25,edu_isced11_6,2014,5.4211
rou,sex_t,age_ythadult_yge25,edu_isced11_6,2015,4.9344
rou,sex_t,age_ythadult_yge25,edu_isced11_6,2016,4.791
rou,sex_t,age_ythadult_yge25,edu_isced11_6,2017,4.9072
rou,sex_t,age_ythadult_yge25,edu_isced11_6,2018,5.1089
rou,sex_t,age_ythadult_yge25,edu_isced11_6,2019,5.5001
rou,sex_t,age_ythadult_yge25,edu_isced11_7,2014,12.8342
rou,sex_t,age_ythadult_yge25,edu_isced11_7,2015,15.4404
rou,sex_t,age_ythadult_yge25,edu_isced11_7,2016,15.9927
rou,sex_t,age_ythadult_yge25,edu_isced11_7,2017,15.7761
rou,sex_t,age_ythadult_yge25,edu_isced11_7,2018,15.6633
rou,sex_t,age_ythadult_yge25,edu_isced11_7,2019,15.6609
rou,sex_t,age_ythadult_yge25,edu_isced11_8,2014,0.1156
rou,sex_t,age_ythadult_yge25,edu_isced11_8,2015,0.1065
rou,sex_t,age_ythadult_yge25,edu_isced11_8,2016,0.124
rou,sex_t,age_ythadult_yge25,edu_isced11_8,2017,0.1304
rou,sex_t,age_ythadult_yge25,edu_isced11_8,2018,0.1285
rou,sex_t,age_ythadult_yge25,edu_isced11_8,2019,0.1486
rou,sex_t,age_ythadult_yge25,edu_isced11_total,2014,100
rou,sex_t,age_ythadult_yge25,edu_isced11_total,2015,100
rou,sex_t,age_ythadult_yge25,edu_isced11_total,2016,100
rou,sex_t,age_ythadult_yge25,edu_isced11_total,2017,100
rou,sex_t,age_ythadult_yge25,edu_isced11_total,2018,100
rou,sex_t,age_ythadult_yge25,edu_isced11_total,2019,100
rou,sex_t,age_ythadult_yge25,edu_isced97_0,2001,1.6848
rou,sex_t,age_ythadult_yge25,edu_isced97_0,2002,1.4347
rou,sex_t,age_ythadult_yge25,edu_isced97_0,2003,1.0528
rou,sex_t,age_ythadult_yge25,edu_isced97_0,2004,1.0151
rou,sex_t,age_ythadult_yge25,edu_isced97_0,2005,0.8937
rou,sex_t,age_ythadult_yge25,edu_isced97_0,2006,0.7017
rou,sex_t,age_ythadult_yge25,edu_isced97_0,2007,0.7179
rou,sex_t,age_ythadult_yge25,edu_isced97_0,2008,0.6633
rou,sex_t,age_ythadult_yge25,edu_isced97_0,2009,0.5342
rou,sex_t,age_ythadult_yge25,edu_isced97_0,2010,0.5023
rou,sex_t,age_ythadult_yge25,edu_isced97_0,2011,0.3327
rou,sex_t,age_ythadult_yge25,edu_isced97_0,2012,0.3125
rou,sex_t,age_ythadult_yge25,edu_isced97_0,2013,0.3227
rou,sex_t,age_ythadult_yge25,edu_isced97_1,1998,17.4324
rou,sex_t,age_ythadult_yge25,edu_isced97_1,1999,17.1804
rou,sex_t,age_ythadult_yge25,edu_isced97_1,2000,16.128
rou,sex_t,age_ythadult_yge25,edu_isced97_1,2001,13.5785
rou,sex_t,age_ythadult_yge25,edu_isced97_1,2002,10.6294
rou,sex_t,age_ythadult_yge25,edu_isced97_1,2003,8.9605
rou,sex_t,age_ythadult_yge25,edu_isced97_1,2004,7.6724
rou,sex_t,age_ythadult_yge25,edu_isced97_1,2005,7.0429
rou,sex_t,age_ythadult_yge25,edu_isced97_1,2006,6.1595
rou,sex_t,age_ythadult_yge25,edu_isced97_1,2007,5.9373
rou,sex_t,age_ythadult_yge25,edu_isced97_1,2008,5.6347
rou,sex_t,age_ythadult_yge25,edu_isced97_1,2009,5.2818
rou,sex_t,age_ythadult_yge25,edu_isced97_1,2010,4.9165
rou,sex_t,age_ythadult_yge25,edu_isced97_1,2011,4.2736
rou,sex_t,age_ythadult_yge25,edu_isced97_1,2012,3.8792
rou,sex_t,age_ythadult_yge25,edu_isced97_1,2013,3.618
rou,sex_t,age_ythadult_yge25,edu_isced97_2,1998,19.6723
rou,sex_t,age_ythadult_yge25,edu_isced97_2,1999,19.9338
rou,sex_t,age_ythadult_yge25,edu_isced97_2,2000,20.329
rou,sex_t,age_ythadult_yge25,edu_isced97_2,2001,19.7588
rou,sex_t,age_ythadult_yge25,edu_isced97_2,2002,18.6603
rou,sex_t,age_ythadult_yge25,edu_isced97_2,2003,19.9863
rou,sex_t,age_ythadult_yge25,edu_isced97_2,2004,17.7869
rou,sex_t,age_ythadult_yge25,edu_isced97_2,2005,17.3835
rou,sex_t,age_ythadult_yge25,edu_isced97_2,2006,16.9552
rou,sex_t,age_ythadult_yge25,edu_isced97_2,2007,17.2211
rou,sex_t,age_ythadult_yge25,edu_isced97_2,2008,17.4681
rou,sex_t,age_ythadult_yge25,edu_isced97_2,2009,18.3384
rou,sex_t,age_ythadult_yge25,edu_isced97_2,2010,19.3336
rou,sex_t,age_ythadult_yge25,edu_isced97_2,2011,18.4301
rou,sex_t,age_ythadult_yge25,edu_isced97_2,2012,18.3124
rou,sex_t,age_ythadult_yge25,edu_isced97_2,2013,18.3912
rou,sex_t,age_ythadult_yge25,edu_isced97_3,1998,53.7045
rou,sex_t,age_ythadult_yge25,edu_isced97_3,1999,53.7203
rou,sex_t,age_ythadult_yge25,edu_isced97_3,2000,54.0786
rou,sex_t,age_ythadult_yge25,edu_isced97_3,2001,54.8215
rou,sex_t,age_ythadult_yge25,edu_isced97_3,2002,53.0287
rou,sex_t,age_ythadult_yge25,edu_isced97_3,2003,54.496
rou,sex_t,age_ythadult_yge25,edu_isced97_3,2004,55.8844
rou,sex_t,age_ythadult_yge25,edu_isced97_3,2005,56.2965
rou,sex_t,age_ythadult_yge25,edu_isced97_3,2006,56.7504
rou,sex_t,age_ythadult_yge25,edu_isced97_3,2007,56.8311
rou,sex_t,age_ythadult_yge25,edu_isced97_3,2008,56.1287
rou,sex_t,age_ythadult_yge25,edu_isced97_3,2009,55.2019
rou,sex_t,age_ythadult_yge25,edu_isced97_3,2010,54.4998
rou,sex_t,age_ythadult_yge25,edu_isced97_3,2011,54.8345
rou,sex_t,age_ythadult_yge25,edu_isced97_3,2012,55.0857
rou,sex_t,age_ythadult_yge25,edu_isced97_3,2013,54.9384
rou,sex_t,age_ythadult_yge25,edu_isced97_4,2002,4.9921
rou,sex_t,age_ythadult_yge25,edu_isced97_4,2003,4.3649
rou,sex_t,age_ythadult_yge25,edu_isced97_4,2004,5.0678
rou,sex_t,age_ythadult_yge25,edu_isced97_4,2005,4.9813
rou,sex_t,age_ythadult_yge25,edu_isced97_4,2006,5.1476
rou,sex_t,age_ythadult_yge25,edu_isced97_4,2007,4.7454
rou,sex_t,age_ythadult_yge25,edu_isced97_4,2008,4.543
rou,sex_t,age_ythadult_yge25,edu_isced97_4,2009,4.5212
rou,sex_t,age_ythadult_yge25,edu_isced97_4,2010,4.3826
rou,sex_t,age_ythadult_yge25,edu_isced97_4,2011,4.2411
rou,sex_t,age_ythadult_yge25,edu_isced97_4,2012,4.063
rou,sex_t,age_ythadult_yge25,edu_isced97_4,2013,3.8678
rou,sex_t,age_ythadult_yge25,edu_isced97_5,1998,9.1908
rou,sex_t,age_ythadult_yge25,edu_isced97_5,1999,9.1654
rou,sex_t,age_ythadult_yge25,edu_isced97_5,2000,9.4644
rou,sex_t,age_ythadult_yge25,edu_isced97_5,2001,10.1563
rou,sex_t,age_ythadult_yge25,edu_isced97_5,2002,11.1626
rou,sex_t,age_ythadult_yge25,edu_isced97_5,2003,11.0727
rou,sex_t,age_ythadult_yge25,edu_isced97_5,2004,12.4253
rou,sex_t,age_ythadult_yge25,edu_isced97_5,2005,13.2454
rou,sex_t,age_ythadult_yge25,edu_isced97_5,2006,14.1575
rou,sex_t,age_ythadult_yge25,edu_isced97_5,2007,14.4321
rou,sex_t,age_ythadult_yge25,edu_isced97_5,2008,15.458
rou,sex_t,age_ythadult_yge25,edu_isced97_5,2009,16.0145
rou,sex_t,age_ythadult_yge25,edu_isced97_5,2010,16.2904
rou,sex_t,age_ythadult_yge25,edu_isced97_5,2011,17.8333
rou,sex_t,age_ythadult_yge25,edu_isced97_5,2012,18.242
rou,sex_t,age_ythadult_yge25,edu_isced97_5,2013,18.7498
rou,sex_t,age_ythadult_yge25,edu_isced97_6,2002,0.0922
rou,sex_t,age_ythadult_yge25,edu_isced97_6,2003,0.0668
rou,sex_t,age_ythadult_yge25,edu_isced97_6,2004,0.1481
rou,sex_t,age_ythadult_yge25,edu_isced97_6,2005,0.1568
rou,sex_t,age_ythadult_yge25,edu_isced97_6,2006,0.1281
rou,sex_t,age_ythadult_yge25,edu_isced97_6,2007,0.1151
rou,sex_t,age_ythadult_yge25,edu_isced97_6,2008,0.1043
rou,sex_t,age_ythadult_yge25,edu_isced97_6,2009,0.1079
rou,sex_t,age_ythadult_yge25,edu_isced97_6,2011,0.0548
rou,sex_t,age_ythadult_yge25,edu_isced97_6,2012,0.1052
rou,sex_t,age_ythadult_yge25,edu_isced97_6,2013,0.112
rou,sex_t,age_ythadult_yge25,edu_isced97_total,1998,100
rou,sex_t,age_ythadult_yge25,edu_isced97_total,1999,100
rou,sex_t,age_ythadult_yge25,edu_isced97_total,2000,100
rou,sex_t,age_ythadult_yge25,edu_isced97_total,2001,100
rou,sex_t,age_ythadult_yge25,edu_isced97_total,2002,100
rou,sex_t,age_ythadult_yge25,edu_isced97_total,2003,100
rou,sex_t,age_ythadult_yge25,edu_isced97_total,2004,100
rou,sex_t,age_ythadult_yge25,edu_isced97_total,2005,100
rou,sex_t,age_ythadult_yge25,edu_isced97_total,2006,100
rou,sex_t,age_ythadult_yge25,edu_isced97_total,2007,100
rou,sex_t,age_ythadult_yge25,edu_isced97_total,2008,100
rou,sex_t,age_ythadult_yge25,edu_isced97_total,2009,100
rou,sex_t,age_ythadult_yge25,edu_isced97_total,2010,100
rou,sex_t,age_ythadult_yge25,edu_isced97_total,2011,100
rou,sex_t,age_ythadult_yge25,edu_isced97_total,2012,100
rou,sex_t,age_ythadult_yge25,edu_isced97_total,2013,100
